time trade_count trade_volume trade_first trade_last trade_high trade_low bid_price bid_size ask_price ask_size hid_vol buy_vol sell_vol unsided_vol vwap
09:00:00 nan 664.0 242.52 242.72 242.75 242.41 242.52 3.0 242.75 61.0 664.0 0.0 664.0 0.0 242.4963
09:01:00 30.0 312.0 242.52 242.73 242.85 242.52 242.52 37.0 242.9 8.0 312.0 105.0 207.0 0.0 242.6626
09:02:00 10.0 50.0 242.52 242.79 242.8 242.52 242.65 6.0 242.9 45.0 50.0 46.0 4.0 0.0 242.7728
09:03:00 54.0 887.0 242.52 242.7 242.73 242.5 242.57 6.0 242.6 100.0 887.0 587.0 300.0 0.0 242.5381
09:04:00 47.0 635.0 242.52 242.7 242.72 242.41 242.6 159.0 242.89 1.0 635.0 514.0 121.0 0.0 242.6072
09:05:00 32.0 285.0 242.52 242.8 242.88 242.41 242.51 60.0 242.89 2.0 285.0 46.0 239.0 0.0 242.5651
09:06:00 24.0 36.0 242.52 242.89 242.965 242.53 242.73 3.0 242.89 3.0 36.0 21.0 15.0 0.0 242.7978
09:07:00 14.0 135.0 242.52 242.73 242.85 242.73 242.7 1.0 242.8 200.0 135.0 102.0 33.0 0.0 242.7961
09:08:00 50.0 375.0 242.52 242.89 242.98 242.66 242.88 1.0 242.99 302.0 375.0 314.0 61.0 0.0 242.8508
09:09:00 28.0 244.0 242.52 242.72 242.98 242.7 242.66 5.0 242.97 5.0 244.0 210.0 34.0 0.0 242.7319
09:10:00 10.0 8.0 242.52 242.65 242.92 242.65 242.63 3.0 242.92 45.0 8.0 0.0 8.0 0.0 242.7163
09:11:00 25.0 284.0 242.52 242.79 242.92 242.63 242.63 4.0 242.85 12.0 284.0 59.0 225.0 0.0 242.8115
09:12:00 35.0 251.0 242.52 242.84 242.87 242.6 242.7 6.0 242.85 12.0 251.0 103.0 148.0 0.0 242.6273
09:13:00 22.0 44.0 242.52 242.7 242.82 242.6 242.6 80.0 242.7 5.0 44.0 0.0 44.0 0.0 242.6455
09:14:00 48.0 438.0 242.52 242.65 242.7 242.5 242.51 5.0 242.66 1.0 438.0 3.0 435.0 0.0 242.5768
09:15:00 94.0 1673.0 242.52 242.3 242.65 242.21 242.25 102.0 242.46 100.0 1673.0 0.0 1673.0 0.0 242.4019
09:16:00 72.0 1130.0 242.52 242.48 242.48 242.25 242.3 4.0 242.5 38.0 1130.0 1002.0 128.0 0.0 242.2984
09:17:00 30.0 214.0 242.52 242.44 242.54 242.28 242.3 3.0 242.5 30.0 214.0 8.0 206.0 0.0 242.4392
09:18:00 47.0 1184.0 242.52 242.38 242.44 242.08 242.15 2.0 242.5 3.0 1184.0 5.0 1179.0 0.0 242.2702
09:19:00 12.0 3.0 242.52 242.4 242.45 242.28 242.2 53.0 242.48 50.0 3.0 0.0 3.0 0.0 242.35
09:20:00 41.0 249.0 242.52 242.15 242.45 242.15 242.14 402.0 242.29 707.0 249.0 74.0 175.0 0.0 242.1915
09:21:00 44.0 612.0 242.52 242.29 242.29 242.15 242.23 78.0 242.48 50.0 612.0 459.0 153.0 0.0 242.2767
09:22:00 24.0 588.0 242.52 242.6 242.6 242.4 242.54 246.0 242.6 28.0 588.0 588.0 0.0 0.0 242.5699
09:23:00 41.0 510.0 242.52 242.6 242.71 242.56 242.6 79.0 242.73 10.0 510.0 51.0 459.0 0.0 242.6204
09:24:00 26.0 392.0 242.52 242.67 242.75 242.58 242.6 28.0 242.68 200.0 392.0 110.0 282.0 0.0 242.7001
09:25:00 53.0 600.0 242.52 242.5 242.68 242.49 242.5 475.0 242.62 45.0 600.0 321.0 279.0 0.0 242.6031
09:26:00 141.0 4074.0 242.52 242.4 242.61 242.12 242.4 2.0 242.52 31.0 4074.0 1202.0 2872.0 0.0 242.3708
09:27:00 37.0 1168.0 242.52 242.53 242.56 242.23 242.39 3.0 242.61 10.0 1168.0 32.0 1136.0 0.0 242.5008
09:28:00 192.0 3802.0 242.52 242.71 242.72 242.12 242.51 200.0 242.72 1715.0 3802.0 1747.0 2055.0 0.0 242.5239
09:29:00 95.0 4821.0 242.52 242.83 242.98 242.72 242.86 10.0 242.96 50.0 4821.0 4251.0 570.0 0.0 242.7527
09:30:00 106.0 2152.0 242.52 242.92 243.32 242.81 242.86 9.0 242.99 3658.0 2152.0 1827.0 325.0 0.0 243.0509
09:31:00 2591.0 46029.0 242.52 242.23 243.32 241.54 242.09 50.0 242.25 153.0 46029.0 16878.0 29151.0 0.0 242.3465
09:32:00 1479.0 39384.0 242.52 241.99 242.62 241.32 241.91 1.0 242.02 100.0 39384.0 18920.0 20464.0 0.0 241.8892
09:33:00 1696.0 46894.0 242.52 241.02 241.91 240.3 240.95 100.0 241.04 200.0 46894.0 14597.0 32297.0 0.0 241.0276
09:34:00 1056.0 31555.0 242.52 240.8 241.06 240.16 240.63 8.0 240.73 50.0 31555.0 12071.0 19484.0 0.0 240.6594
09:35:00 1820.0 47712.0 242.52 242.1 242.28 240.5 242.02 50.0 242.15 10.0 47712.0 30001.0 17711.0 0.0 241.5072
09:36:00 1622.0 40599.0 242.52 242.02 242.91 241.23 242.0 436.0 242.09 25.0 40599.0 14103.0 26496.0 0.0 242.0856
09:37:00 1114.0 34706.0 242.52 242.5 242.56 241.6 242.43 15.0 242.53 25.0 34706.0 19117.0 15589.0 0.0 242.1305
09:38:00 2143.0 71118.0 242.52 242.88 243.07 242.31 242.82 25.0 242.92 1.0 71118.0 31251.0 39867.0 0.0 242.8053
09:39:00 1914.0 82058.0 242.52 242.81 243.76 242.76 242.8 293.0 242.91 6.0 82058.0 28102.0 53956.0 0.0 243.2969
09:40:00 1299.0 64567.0 242.52 242.97 243.11 242.57 242.92 100.0 242.98 100.0 64567.0 16409.0 48158.0 0.0 242.8813
09:41:00 1704.0 58125.0 242.52 242.05 243.12 241.76 241.99 106.0 242.1 47.0 58125.0 11359.0 46766.0 0.0 242.4786
09:42:00 1269.0 40377.0 242.52 241.6 242.02 241.28 241.57 326.0 241.68 25.0 40377.0 15857.0 24520.0 0.0 241.6209
09:43:00 816.0 65431.0 242.52 242.0 242.02 241.4 241.98 100.0 242.07 4.0 65431.0 33799.0 31632.0 0.0 241.7942
09:44:00 783.0 26855.0 242.52 241.76 242.18 241.59 241.74 129.0 241.8 8.0 26855.0 12303.0 14552.0 0.0 241.8296
09:45:00 1452.0 60223.0 242.52 241.31 241.91 240.79 241.16 25.0 241.26 19.0 60223.0 15274.0 44949.0 0.0 241.3557
09:46:00 1467.0 56761.0 242.52 241.32 241.63 240.83 241.31 101.0 241.4 22.0 56761.0 24368.0 32393.0 0.0 241.232
09:47:00 1281.0 53124.0 242.52 241.25 241.75 241.1 241.23 300.0 241.38 25.0 53124.0 12878.0 40246.0 0.0 241.4998
09:48:00 1105.0 43731.0 242.52 241.98 242.5 241.26 241.96 25.0 242.04 343.0 43731.0 34647.0 9084.0 0.0 242.0204
09:49:00 1002.0 42541.0 242.52 241.68 242.39 241.61 241.65 22.0 241.74 180.0 42541.0 12344.0 30197.0 0.0 241.9902
09:50:00 903.0 37796.0 242.52 242.09 242.21 241.35 242.09 187.0 242.14 325.0 37796.0 16611.0 21185.0 0.0 241.6895
09:51:00 1287.0 34670.0 242.52 242.41 242.66 241.92 242.36 100.0 242.43 100.0 34670.0 19743.0 14927.0 0.0 242.2219
09:52:00 1459.0 49710.0 242.52 241.62 242.65 241.29 241.6 50.0 241.68 120.0 49710.0 17338.0 32372.0 0.0 241.8221
09:53:00 1471.0 39242.0 242.52 241.7 241.92 241.11 241.58 163.0 241.68 25.0 39242.0 16544.0 22698.0 0.0 241.3939
09:54:00 1165.0 34951.0 242.52 241.86 242.32 241.67 241.83 25.0 241.92 25.0 34951.0 18522.0 16429.0 0.0 241.8915
09:55:00 631.0 16644.0 242.52 242.11 242.37 241.76 242.02 16.0 242.11 200.0 16644.0 11190.0 5454.0 0.0 242.0803
09:56:00 802.0 32344.0 242.52 241.58 242.31 241.48 241.57 122.0 241.67 97.0 32344.0 7857.0 24487.0 0.0 241.6963
09:57:00 799.0 28194.0 242.52 242.29 242.3 241.34 242.18 24.0 242.3 4437.0 28194.0 20684.0 7510.0 0.0 241.9291
09:58:00 772.0 20359.0 242.52 242.06 242.29 241.5 242.02 25.0 242.13 100.0 20359.0 13308.0 7051.0 0.0 241.9071
09:59:00 498.0 19523.0 242.52 241.8 242.07 241.66 241.73 22.0 241.8 300.0 19523.0 10994.0 8529.0 0.0 241.8603
10:00:00 1448.0 37806.0 242.52 242.02 242.3 241.6 241.94 100.0 242.06 150.0 37806.0 19188.0 18618.0 0.0 241.8998
10:01:00 2250.0 73975.0 242.52 242.67 243.7 242.04 242.63 1.0 242.82 322.0 73975.0 50203.0 23772.0 0.0 242.9203
10:02:00 1689.0 39073.0 242.52 242.12 242.65 241.5 241.92 1.0 242.07 21.0 39073.0 13447.0 25626.0 0.0 241.9715
10:03:00 1518.0 61247.0 242.52 241.13 242.23 240.95 241.05 25.0 241.21 723.0 61247.0 12306.0 48941.0 0.0 241.4271
10:04:00 984.0 29931.0 242.52 240.78 241.47 240.59 240.71 6.0 240.82 21.0 29931.0 15195.0 14736.0 0.0 241.0155
10:05:00 1297.0 33965.0 242.52 240.5 241.3 240.44 240.45 50.0 240.51 22.0 33965.0 16398.0 17567.0 0.0 240.8145
10:06:00 1411.0 41264.0 242.52 240.92 241.25 240.27 240.84 25.0 240.95 200.0 41264.0 28142.0 13122.0 0.0 240.819
10:07:00 1198.0 22910.0 242.52 240.89 241.29 240.68 240.88 202.0 240.92 11.0 22910.0 11253.0 11657.0 0.0 241.0287
10:08:00 938.0 24071.0 242.52 241.2 241.38 240.7 241.12 69.0 241.25 310.0 24071.0 16312.0 7759.0 0.0 241.0115
10:09:00 718.0 16279.0 242.52 240.96 241.33 240.8 240.88 25.0 240.98 47.0 16279.0 6811.0 9468.0 0.0 241.052
10:10:00 1330.0 44923.0 242.52 240.39 241.03 240.33 240.37 1.0 240.45 25.0 44923.0 15314.0 29609.0 0.0 240.6201
10:11:00 4292.0 102787.0 242.52 239.275 240.37 239.23 239.27 20.0 239.35 100.0 102787.0 23500.0 79287.0 0.0 239.7801
10:12:00 2110.0 62637.0 242.52 238.96 239.87 238.89 238.92 237.0 238.97 85.0 62637.0 33609.0 29028.0 0.0 239.2713
10:13:00 1408.0 39643.0 242.52 238.96 239.27 238.61 238.92 48.0 238.98 125.0 39643.0 24072.0 15571.0 0.0 238.9203
10:14:00 1518.0 46299.0 242.52 239.51 239.63 238.92 239.45 22.0 239.55 77.0 46299.0 23914.0 22385.0 0.0 239.1168
10:15:00 907.0 21777.0 242.52 239.58 239.77 239.13 239.57 16.0 239.64 72.0 21777.0 15733.0 6044.0 0.0 239.5
10:16:00 995.0 34916.0 242.52 239.78 240.14 239.45 239.76 1.0 239.82 125.0 34916.0 23898.0 11018.0 0.0 239.8696
10:17:00 1239.0 49062.0 242.52 239.79 240.25 239.28 239.78 3.0 239.87 1.0 49062.0 35775.0 13287.0 0.0 239.7888
10:18:00 1250.0 22321.0 242.52 240.45 240.76 239.87 240.44 60.0 240.49 261.0 22321.0 14241.0 8080.0 0.0 240.4768
10:19:00 1382.0 35899.0 242.52 240.86 241.17 240.35 240.85 100.0 240.91 5.0 35899.0 21474.0 14425.0 0.0 240.8898
10:20:00 969.0 26580.0 242.52 241.14 241.23 240.74 241.13 1.0 241.18 155.0 26580.0 15321.0 11259.0 0.0 241.0019
10:21:00 1717.0 61094.0 242.52 241.62 241.84 241.17 241.55 200.0 241.63 28.0 61094.0 24531.0 36563.0 0.0 241.5858
10:22:00 1443.0 47962.0 242.52 242.27 242.38 241.4 242.24 800.0 242.3 25.0 47962.0 36055.0 11907.0 0.0 241.9971
10:23:00 1645.0 31425.0 242.52 241.92 242.52 241.5 241.86 48.0 241.96 200.0 31425.0 14893.0 16532.0 0.0 242.0558
10:24:00 727.0 15462.0 242.52 242.17 242.17 241.68 242.12 22.0 242.19 320.0 15462.0 9776.0 5686.0 0.0 241.9377
10:25:00 1016.0 29043.0 242.52 242.45 242.62 241.75 242.41 2.0 242.48 118.0 29043.0 20626.0 8417.0 0.0 242.3223
10:26:00 915.0 21683.0 242.52 242.36 242.89 242.23 242.34 1.0 242.4 125.0 21683.0 13195.0 8488.0 0.0 242.5784
10:27:00 830.0 29108.0 242.52 242.43 242.7 242.3 242.38 51.0 242.49 22.0 29108.0 11924.0 17184.0 0.0 242.4388
10:28:00 760.0 19754.0 242.52 242.4 242.58 242.09 242.37 22.0 242.47 125.0 19754.0 10539.0 9215.0 0.0 242.3563
10:29:00 989.0 19289.0 242.52 242.12 242.75 241.55 242.09 26.0 242.16 113.0 19289.0 8266.0 11023.0 0.0 242.0741
10:30:00 692.0 17226.0 242.52 241.99 242.11 241.54 241.99 42.0 242.06 120.0 17226.0 11034.0 6192.0 0.0 241.8362
10:31:00 519.0 10645.0 242.52 241.96 242.19 241.69 241.95 3.0 242.02 500.0 10645.0 6751.0 3894.0 0.0 241.908
10:32:00 1053.0 31027.0 242.52 242.22 242.57 241.66 242.21 25.0 242.31 125.0 31027.0 21290.0 9737.0 0.0 242.187
10:33:00 1154.0 42137.0 242.52 243.12 243.21 242.13 243.11 10.0 243.17 25.0 42137.0 30216.0 11921.0 0.0 242.8259
10:34:00 1073.0 39767.0 242.52 242.73 243.325 242.55 242.73 92.0 242.8 141.0 39767.0 26654.0 13113.0 0.0 242.8328
10:35:00 1200.0 25508.0 242.52 242.19 242.74 241.92 242.1 25.0 242.21 401.0 25508.0 10445.0 15063.0 0.0 242.1407
10:36:00 778.0 25410.0 242.52 242.07 242.51 241.79 242.04 1.0 242.17 50.0 25410.0 10394.0 15016.0 0.0 242.1257
10:37:00 727.0 18664.0 242.52 242.14 242.39 241.89 242.08 25.0 242.21 3.0 18664.0 11074.0 7590.0 0.0 242.2108
10:38:00 903.0 27754.0 242.52 241.6 242.23 241.26 241.56 13.0 241.63 200.0 27754.0 9064.0 18690.0 0.0 241.6545
10:39:00 565.0 16193.0 242.52 242.02 242.3 241.55 241.98 25.0 242.1 25.0 16193.0 11792.0 4401.0 0.0 241.9645
10:40:00 495.0 10131.0 242.52 241.65 242.01 241.55 241.61 27.0 241.68 230.0 10131.0 4373.0 5758.0 0.0 241.7656
10:41:00 884.0 28144.0 242.52 241.01 241.62 240.9 240.97 1.0 241.03 35.0 28144.0 7477.0 20667.0 0.0 241.1969
10:42:00 1459.0 41125.0 242.52 240.37 240.99 240.24 240.33 25.0 240.42 110.0 41125.0 20183.0 20942.0 0.0 240.5687
10:43:00 1059.0 30387.0 242.52 239.98 240.48 239.85 239.95 1.0 240.0 25.0 30387.0 10278.0 20109.0 0.0 240.0898
10:44:00 896.0 20642.0 242.52 239.91 239.97 239.57 239.85 100.0 239.92 110.0 20642.0 9067.0 11575.0 0.0 239.8064
10:45:00 807.0 32046.0 242.52 239.38 239.88 239.22 239.27 70.0 239.39 325.0 32046.0 8814.0 23232.0 0.0 239.5788
10:46:00 780.0 16920.0 242.52 239.46 239.71 239.21 239.41 102.0 239.49 25.0 16920.0 8273.0 8647.0 0.0 239.4622
10:47:00 952.0 23513.0 242.52 239.71 239.8 239.1 239.68 125.0 239.78 25.0 23513.0 13582.0 9931.0 0.0 239.4031
10:48:00 946.0 43383.0 242.52 239.47 239.83 239.33 239.43 15.0 239.5 151.0 43383.0 8359.0 35024.0 0.0 239.5961
10:49:00 760.0 18249.0 242.52 239.43 239.63 239.25 239.34 376.0 239.47 47.0 18249.0 8847.0 9402.0 0.0 239.4572
10:50:00 887.0 22017.0 242.52 239.39 239.7 239.24 239.35 45.0 239.4 99.0 22017.0 10033.0 11984.0 0.0 239.4475
10:51:00 1657.0 55121.0 242.52 239.66 239.89 238.89 239.6 424.0 239.69 25.0 55121.0 25140.0 29981.0 0.0 239.1943
10:52:00 658.0 19585.0 242.52 239.33 239.87 239.32 239.29 664.0 239.36 25.0 19585.0 8066.0 11519.0 0.0 239.6889
10:53:00 864.0 28469.0 242.52 239.29 239.58 238.77 239.25 25.0 239.34 75.0 28469.0 11680.0 16789.0 0.0 239.048
10:54:00 626.0 13844.0 242.52 239.42 239.79 239.22 239.37 51.0 239.49 50.0 13844.0 8120.0 5724.0 0.0 239.5022
10:55:00 585.0 11857.0 242.52 239.52 239.61 239.29 239.45 151.0 239.53 101.0 11857.0 4211.0 7646.0 0.0 239.4301
10:56:00 934.0 43185.0 242.52 239.41 239.51 238.77 239.34 21.0 239.42 25.0 43185.0 20811.0 22374.0 0.0 239.054
10:57:00 1311.0 37444.0 242.52 238.74 239.36 238.33 238.69 125.0 238.76 15.0 37444.0 11805.0 25639.0 0.0 238.675
10:58:00 694.0 15151.0 242.52 238.25 238.88 238.17 238.2 865.0 238.26 2.0 15151.0 5212.0 9939.0 0.0 238.4208
10:59:00 1003.0 24058.0 242.52 238.41 238.63 238.1 238.36 4.0 238.42 48.0 24058.0 15834.0 8224.0 0.0 238.3925
11:00:00 890.0 29211.0 242.52 238.37 238.6 238.08 238.33 294.0 238.41 153.0 29211.0 8981.0 20230.0 0.0 238.2798
11:01:00 837.0 18083.0 242.52 238.75 238.999 238.22 238.68 25.0 238.76 43.0 18083.0 11833.0 6250.0 0.0 238.6376
11:02:00 713.0 18467.0 242.52 238.36 238.71 238.1 238.31 373.0 238.4 96.0 18467.0 7455.0 11012.0 0.0 238.3945
11:03:00 690.0 14803.0 242.52 238.51 238.81 238.08 238.51 43.0 238.6 347.0 14803.0 8480.0 6323.0 0.0 238.4257
11:04:00 1058.0 26101.0 242.52 239.0 239.19 238.62 238.99 4.0 239.05 200.0 26101.0 18273.0 7828.0 0.0 238.9815
11:05:00 883.0 27225.0 242.52 239.16 239.55 238.89 239.1 5.0 239.17 25.0 27225.0 12538.0 14687.0 0.0 239.1202
11:06:00 650.0 21657.0 242.52 238.89 239.34 238.71 238.83 25.0 238.91 1.0 21657.0 8857.0 12800.0 0.0 239.0743
11:07:00 623.0 10289.0 242.52 238.96 239.1 238.75 238.89 26.0 238.98 25.0 10289.0 4352.0 5937.0 0.0 238.8548
11:08:00 817.0 18823.0 242.52 239.24 239.4 238.75 239.23 701.0 239.29 47.0 18823.0 11889.0 6934.0 0.0 239.2098
11:09:00 1034.0 27372.0 242.52 239.75 239.76 239.18 239.71 25.0 239.77 106.0 27372.0 15724.0 11648.0 0.0 239.4956
11:10:00 602.0 17445.0 242.52 239.18 239.85 239.12 239.14 46.0 239.25 46.0 17445.0 6237.0 11208.0 0.0 239.4608
11:11:00 482.0 19796.0 242.52 239.43 239.54 238.9 239.4 47.0 239.47 3.0 19796.0 8500.0 11296.0 0.0 239.2257
11:12:00 362.0 10312.0 242.52 239.16 239.58 239.16 239.15 125.0 239.24 25.0 10312.0 3034.0 7278.0 0.0 239.382
11:13:00 409.0 7411.0 242.52 239.5 239.53 239.07 239.47 436.0 239.55 200.0 7411.0 4140.0 3271.0 0.0 239.3663
11:14:00 933.0 27154.0 242.52 239.63 239.9 239.46 239.61 255.0 239.69 350.0 27154.0 13358.0 13796.0 0.0 239.7087
11:15:00 711.0 19410.0 242.52 240.02 240.24 239.57 239.99 1.0 240.05 25.0 19410.0 13278.0 6132.0 0.0 239.9377
11:16:00 548.0 14183.0 242.52 239.88 240.21 239.78 239.81 133.0 239.87 25.0 14183.0 6962.0 7221.0 0.0 240.0167
11:17:00 548.0 13665.0 242.52 239.5 239.9 239.4 239.5 20.0 239.57 47.0 13665.0 6295.0 7370.0 0.0 239.6751
11:18:00 517.0 12806.0 242.52 239.55 239.84 239.29 239.54 1000.0 239.61 5.0 12806.0 5182.0 7624.0 0.0 239.55
11:19:00 404.0 9150.0 242.52 239.62 239.92 239.49 239.63 63.0 239.69 2.0 9150.0 5584.0 3566.0 0.0 239.7564
11:20:00 755.0 23072.0 242.52 239.119 239.65 238.94 239.05 24.0 239.12 147.0 23072.0 6667.0 16405.0 0.0 239.1321
11:21:00 745.0 16001.0 242.52 239.2 239.36 238.85 239.19 15.0 239.25 50.0 16001.0 9916.0 6085.0 0.0 239.1156
11:22:00 422.0 11313.0 242.52 239.14 239.55 239.04 239.09 37.0 239.15 28.0 11313.0 4690.0 6623.0 0.0 239.337
11:23:00 605.0 11080.0 242.52 238.97 239.42 238.89 238.93 25.0 239.0 139.0 11080.0 4111.0 6969.0 0.0 239.16
11:24:00 539.0 16317.0 242.52 239.64 239.79 238.99 239.56 125.0 239.63 92.0 16317.0 10611.0 5706.0 0.0 239.5105
11:25:00 635.0 14088.0 242.52 239.45 239.91 239.23 239.45 1.0 239.52 44.0 14088.0 5927.0 8161.0 0.0 239.5712
11:26:00 607.0 15785.0 242.52 239.29 239.49 239.18 239.25 101.0 239.33 25.0 15785.0 4309.0 11476.0 0.0 239.2882
11:27:00 390.0 11908.0 242.52 239.13 239.41 239.1 239.13 453.0 239.17 193.0 11908.0 3245.0 8663.0 0.0 239.2066
11:28:00 643.0 19402.0 242.52 239.24 239.36 238.89 239.19 25.0 239.27 100.0 19402.0 6265.0 13137.0 0.0 239.0735
11:29:00 1055.0 28242.0 242.52 238.51 239.35 238.46 238.5 64.0 238.55 22.0 28242.0 8991.0 19251.0 0.0 238.8014
11:30:00 902.0 28491.0 242.52 238.3 238.55 238.01 238.27 143.0 238.32 200.0 28491.0 9291.0 19200.0 0.0 238.2078
11:31:00 2591.0 77062.0 242.52 237.85 238.39 237.59 237.81 25.0 237.86 100.0 77062.0 15783.0 61279.0 0.0 237.9448
11:32:00 1102.0 28780.0 242.52 237.45 237.97 237.41 237.4 2343.0 237.47 25.0 28780.0 8462.0 20318.0 0.0 237.6932
11:33:00 1101.0 24679.0 242.52 237.25 237.55 237.18 237.21 22.0 237.26 426.0 24679.0 9115.0 15564.0 0.0 237.3258
11:34:00 2626.0 117256.0 242.52 236.46 237.44 236.31 236.44 59.0 236.49 250.0 117256.0 31837.0 85419.0 0.0 236.8403
11:35:00 1804.0 82519.0 242.52 236.28 236.67 236.0 236.26 79.0 236.29 300.0 82519.0 53236.0 29283.0 0.0 236.3038
11:36:00 1611.0 43669.0 242.52 235.88 236.47 235.76 235.83 151.0 235.9 402.0 43669.0 18131.0 25538.0 0.0 235.9729
11:37:00 966.0 28367.0 242.52 236.2 236.42 235.82 236.19 50.0 236.26 250.0 28367.0 15793.0 12574.0 0.0 236.0638
11:38:00 841.0 24651.0 242.52 236.0 236.43 235.79 235.95 174.0 236.04 515.0 24651.0 9291.0 15360.0 0.0 236.1346
11:39:00 797.0 20080.0 242.52 235.95 236.29 235.9 235.91 18.0 235.97 103.0 20080.0 7040.0 13040.0 0.0 236.0955
11:40:00 956.0 27104.0 242.52 236.16 236.48 235.93 236.15 48.0 236.17 100.0 27104.0 17057.0 10047.0 0.0 236.2413
11:41:00 757.0 23973.0 242.52 236.43 236.49 236.03 236.41 50.0 236.44 151.0 23973.0 14006.0 9967.0 0.0 236.3096
11:42:00 903.0 28280.0 242.52 236.28 236.45 235.92 236.25 46.0 236.33 100.0 28280.0 12314.0 15966.0 0.0 236.1404
11:43:00 629.0 14258.0 242.52 236.07 236.42 236.07 236.06 240.0 236.1 45.0 14258.0 6532.0 7726.0 0.0 236.2662
11:44:00 1200.0 38656.0 242.52 235.78 236.1 235.5 235.78 381.0 235.8 163.0 38656.0 12295.0 26361.0 0.0 235.7812
11:45:00 859.0 28068.0 242.52 236.51 236.55 235.8 236.5 22.0 236.55 175.0 28068.0 20036.0 8032.0 0.0 236.2901
11:46:00 996.0 28141.0 242.52 235.88 236.55 235.8 235.88 199.0 235.94 150.0 28141.0 7882.0 20259.0 0.0 236.2275
11:47:00 751.0 14605.0 242.52 235.62 236.01 235.5 235.57 5.0 235.62 100.0 14605.0 5197.0 9408.0 0.0 235.6852
11:48:00 696.0 18189.0 242.52 235.7 235.84 235.49 235.69 225.0 235.77 25.0 18189.0 7149.0 11040.0 0.0 235.6676
11:49:00 781.0 16357.0 242.52 236.13 236.38 235.72 236.07 64.0 236.16 172.0 16357.0 11628.0 4729.0 0.0 236.0769
11:50:00 734.0 16003.0 242.52 236.28 236.35 235.81 236.24 22.0 236.29 110.0 16003.0 9627.0 6376.0 0.0 236.1263
11:51:00 874.0 27213.0 242.52 235.57 236.5 235.49 235.53 315.0 235.58 44.0 27213.0 9042.0 18171.0 0.0 235.9107
11:52:00 825.0 25580.0 242.52 235.59 235.89 235.52 235.61 25.0 235.68 325.0 25580.0 17118.0 8462.0 0.0 235.6884
11:53:00 792.0 22997.0 242.52 235.5 236.01 235.44 235.47 125.0 235.55 201.0 22997.0 12252.0 10745.0 0.0 235.7761
11:54:00 747.0 20223.0 242.52 235.62 236.01 235.45 235.64 21.0 235.7 10.0 20223.0 13357.0 6866.0 0.0 235.7062
11:55:00 1262.0 33710.0 242.52 235.8 235.96 235.22 235.75 25.0 235.82 2.0 33710.0 17276.0 16434.0 0.0 235.4791
11:56:00 1002.0 24432.0 242.52 235.1 235.85 235.07 235.1 32.0 235.18 36.0 24432.0 7604.0 16828.0 0.0 235.3046
11:57:00 3622.0 84147.0 242.52 234.93 235.15 234.69 234.92 31.0 234.98 35.0 84147.0 20899.0 63248.0 0.0 234.9543
11:58:00 1313.0 26065.0 242.52 235.44 235.52 234.98 235.38 15.0 235.45 31.0 26065.0 19188.0 6877.0 0.0 235.2689
11:59:00 707.0 19443.0 242.52 235.27 235.46 235.14 235.24 200.0 235.31 445.0 19443.0 9103.0 10340.0 0.0 235.2733
12:00:00 807.0 12190.0 242.52 234.99 235.32 234.93 234.92 4.0 234.98 43.0 12190.0 5885.0 6305.0 0.0 235.1022
12:01:00 1172.0 22809.0 242.52 234.99 235.19 234.73 234.93 175.0 235.01 250.0 22809.0 9171.0 13638.0 0.0 234.9222
12:02:00 1017.0 20365.0 242.52 235.19 235.48 234.97 235.17 25.0 235.23 10.0 20365.0 12171.0 8194.0 0.0 235.2601
12:03:00 884.0 22277.0 242.52 234.81 235.25 234.77 234.79 4.0 234.88 104.0 22277.0 5090.0 17187.0 0.0 235.0029
12:04:00 879.0 18072.0 242.52 234.79 235.1 234.78 234.78 87.0 234.83 189.0 18072.0 11894.0 6178.0 0.0 234.9617
12:05:00 1354.0 30041.0 242.52 234.78 234.94 234.63 234.74 54.0 234.79 1.0 30041.0 9584.0 20457.0 0.0 234.7468
12:06:00 808.0 21226.0 242.52 234.81 235.23 234.66 234.79 43.0 234.87 25.0 21226.0 11071.0 10155.0 0.0 234.9054
12:07:00 896.0 18090.0 242.52 234.77 235.09 234.61 234.78 21.0 234.84 25.0 18090.0 7832.0 10258.0 0.0 234.8453
12:08:00 1220.0 33850.0 242.52 234.26 234.94 234.25 234.26 10.0 234.29 51.0 33850.0 8310.0 25540.0 0.0 234.5918
12:09:00 1660.0 44052.0 242.52 233.94 234.6 233.86 233.9 15.0 233.95 225.0 44052.0 11844.0 32208.0 0.0 234.1395
12:10:00 551.0 14766.0 242.52 234.08 234.31 233.94 234.07 573.0 234.12 25.0 14766.0 10208.0 4558.0 0.0 234.1156
12:11:00 1062.0 24729.0 242.52 233.82 234.43 233.69 233.82 1.0 233.88 35.0 24729.0 11728.0 13001.0 0.0 233.9809
12:12:00 518.0 11926.0 242.52 234.01 234.14 233.76 233.96 5.0 234.0 22.0 11926.0 7264.0 4662.0 0.0 233.9494
12:13:00 642.0 25578.0 242.52 234.16 234.2 233.75 234.14 150.0 234.21 25.0 25578.0 13530.0 12048.0 0.0 233.9134
12:14:00 1024.0 23461.0 242.52 234.43 234.84 234.17 234.41 130.0 234.48 249.0 23461.0 16364.0 7097.0 0.0 234.5311
12:15:00 1240.0 34104.0 242.52 235.13 235.24 234.45 235.14 25.0 235.18 22.0 34104.0 22059.0 12045.0 0.0 234.9558
12:16:00 889.0 24484.0 242.52 235.1 235.39 234.82 235.09 11.0 235.13 110.0 24484.0 11892.0 12592.0 0.0 235.1058
12:17:00 889.0 21069.0 242.52 235.6 235.63 235.04 235.57 213.0 235.62 132.0 21069.0 14386.0 6683.0 0.0 235.3851
12:18:00 1116.0 26309.0 242.52 235.5 235.82 235.35 235.48 158.0 235.53 25.0 26309.0 11929.0 14380.0 0.0 235.567
12:19:00 1139.0 26790.0 242.52 235.86 235.97 235.48 235.75 136.0 235.79 8.0 26790.0 19030.0 7760.0 0.0 235.665
12:20:00 770.0 23982.0 242.52 235.7 235.91 235.59 235.67 11.0 235.71 250.0 23982.0 8027.0 15955.0 0.0 235.788
12:21:00 518.0 14920.0 242.52 235.61 235.92 235.43 235.56 25.0 235.63 146.0 14920.0 7308.0 7612.0 0.0 235.6657
12:22:00 519.0 19946.0 242.52 235.4 235.97 235.39 235.38 276.0 235.45 119.0 19946.0 10400.0 9546.0 0.0 235.6824
12:23:00 627.0 11797.0 242.52 235.51 235.69 235.2 235.45 532.0 235.54 22.0 11797.0 5951.0 5846.0 0.0 235.4799
12:24:00 839.0 22151.0 242.52 234.96 235.59 234.92 234.95 150.0 235.0 200.0 22151.0 4662.0 17489.0 0.0 235.1783
12:25:00 669.0 16868.0 242.52 235.13 235.16 234.74 235.09 34.0 235.15 25.0 16868.0 8640.0 8228.0 0.0 234.9432
12:26:00 691.0 19422.0 242.52 234.7 235.41 234.69 234.68 10.0 234.73 25.0 19422.0 9064.0 10358.0 0.0 235.003
12:27:00 538.0 11305.0 242.52 234.7 234.93 234.47 234.68 372.0 234.72 1.0 11305.0 5732.0 5573.0 0.0 234.7265
12:28:00 527.0 18398.0 242.52 235.35 235.35 234.61 235.29 90.0 235.35 25.0 18398.0 14201.0 4197.0 0.0 234.998
12:29:00 435.0 12098.0 242.52 235.42 235.42 235.0 235.38 66.0 235.42 444.0 12098.0 7517.0 4581.0 0.0 235.2146
12:30:00 731.0 17752.0 242.52 235.1 235.65 235.06 235.08 2.0 235.13 14.0 17752.0 9478.0 8274.0 0.0 235.4621
12:31:00 587.0 16256.0 242.52 234.61 235.15 234.5 234.59 151.0 234.64 202.0 16256.0 6622.0 9634.0 0.0 234.7539
12:32:00 708.0 17537.0 242.52 234.77 235.14 234.34 234.76 22.0 234.82 300.0 17537.0 9389.0 8148.0 0.0 234.7434
12:33:00 764.0 16598.0 242.52 234.49 234.82 234.23 234.44 43.0 234.5 15.0 16598.0 6645.0 9953.0 0.0 234.4421
12:34:00 930.0 13468.0 242.52 234.79 235.04 234.5 234.77 22.0 234.8 110.0 13468.0 7774.0 5694.0 0.0 234.7918
12:35:00 727.0 23263.0 242.52 234.21 234.8 234.15 234.17 69.0 234.22 225.0 23263.0 8161.0 15102.0 0.0 234.4271
12:36:00 1189.0 28287.0 242.52 234.17 234.52 233.95 234.13 25.0 234.17 94.0 28287.0 11354.0 16933.0 0.0 234.1296
12:37:00 798.0 16802.0 242.52 233.85 234.43 233.78 233.81 25.0 233.85 5.0 16802.0 7320.0 9482.0 0.0 233.9953
12:38:00 538.0 12286.0 242.52 233.98 234.06 233.75 233.96 25.0 234.03 200.0 12286.0 6506.0 5780.0 0.0 233.8999
12:39:00 829.0 15962.0 242.52 233.68 234.25 233.6 233.66 130.0 233.71 25.0 15962.0 5209.0 10753.0 0.0 233.8339
12:40:00 502.0 9392.0 242.52 233.76 234.0 233.72 233.72 25.0 233.79 100.0 9392.0 4674.0 4718.0 0.0 233.8719
12:41:00 1228.0 22649.0 242.52 234.06 234.43 233.75 234.02 47.0 234.08 7.0 22649.0 11705.0 10944.0 0.0 234.1105
12:42:00 522.0 13267.0 242.52 234.31 234.48 233.96 234.31 195.0 234.38 100.0 13267.0 8250.0 5017.0 0.0 234.2518
12:43:00 483.0 11177.0 242.52 234.39 234.6 234.17 234.35 41.0 234.4 400.0 11177.0 6118.0 5059.0 0.0 234.3389
12:44:00 626.0 15690.0 242.52 234.62 234.63 234.05 234.58 22.0 234.62 7.0 15690.0 8330.0 7360.0 0.0 234.2815
12:45:00 629.0 15585.0 242.52 234.66 234.7 234.39 234.66 33.0 234.7 22.0 15585.0 7653.0 7932.0 0.0 234.5862
12:46:00 595.0 11857.0 242.52 234.55 234.86 234.31 234.52 104.0 234.58 25.0 11857.0 5290.0 6567.0 0.0 234.5429
12:47:00 527.0 14232.0 242.52 234.24 234.52 234.1 234.19 22.0 234.24 100.0 14232.0 5403.0 8829.0 0.0 234.2725
12:48:00 547.0 15801.0 242.52 234.14 234.45 234.0 234.1 42.0 234.15 5.0 15801.0 8049.0 7752.0 0.0 234.2227
12:49:00 900.0 25712.0 242.52 235.1 235.3 234.07 235.08 100.0 235.13 22.0 25712.0 18013.0 7699.0 0.0 234.733
12:50:00 846.0 25105.0 242.52 234.75 235.12 234.69 234.7 2038.0 234.76 143.0 25105.0 7642.0 17463.0 0.0 234.8704
12:51:00 582.0 15838.0 242.52 235.13 235.32 234.58 235.12 294.0 235.18 25.0 15838.0 7361.0 8477.0 0.0 234.9582
12:52:00 492.0 11649.0 242.52 234.99 235.21 234.86 234.98 26.0 235.05 144.0 11649.0 5320.0 6329.0 0.0 235.0261
12:53:00 352.0 12072.0 242.52 234.72 235.05 234.64 234.67 50.0 234.74 25.0 12072.0 4142.0 7930.0 0.0 234.8095
12:54:00 691.0 18096.0 242.52 234.38 234.74 234.34 234.37 47.0 234.42 268.0 18096.0 7723.0 10373.0 0.0 234.5297
12:55:00 374.0 10304.0 242.52 234.62 234.65 234.33 234.58 112.0 234.65 26.0 10304.0 7009.0 3295.0 0.0 234.4576
12:56:00 451.0 13282.0 242.52 234.29 234.85 234.24 234.22 47.0 234.28 25.0 13282.0 4438.0 8844.0 0.0 234.5334
12:57:00 1027.0 24383.0 242.52 233.94 234.48 233.82 233.88 353.0 233.97 19.0 24383.0 8779.0 15604.0 0.0 234.1214
12:58:00 515.0 13923.0 242.52 234.16 234.32 233.83 234.18 9.0 234.23 2.0 13923.0 8890.0 5033.0 0.0 234.0763
12:59:00 466.0 11324.0 242.52 234.36 234.68 234.17 234.31 50.0 234.4 25.0 11324.0 5595.0 5729.0 0.0 234.4846
13:00:00 856.0 17912.0 242.52 234.7 234.95 234.33 234.63 424.0 234.71 49.0 17912.0 10049.0 7863.0 0.0 234.7291
13:01:00 601.0 8608.0 242.52 234.42 234.64 234.19 234.41 315.0 234.47 56.0 8608.0 4565.0 4043.0 0.0 234.3943
13:02:00 1050.0 26716.0 242.52 234.71 235.4 234.44 234.7 27.0 234.76 120.0 26716.0 17006.0 9710.0 0.0 235.1114
13:03:00 893.0 22401.0 242.52 234.65 234.91 234.16 234.61 25.0 234.69 66.0 22401.0 14589.0 7812.0 0.0 234.5841
13:04:00 878.0 20761.0 242.52 234.82 234.97 234.5 234.76 25.0 234.82 124.0 20761.0 8044.0 12717.0 0.0 234.7541
13:05:00 949.0 20563.0 242.52 234.92 235.2 234.64 234.91 400.0 234.96 146.0 20563.0 10918.0 9645.0 0.0 234.9226
13:06:00 747.0 21392.0 242.52 234.7 235.11 234.6 234.67 200.0 234.7 100.0 21392.0 6781.0 14611.0 0.0 234.8511
13:07:00 673.0 21035.0 242.52 234.07 234.78 234.04 234.06 25.0 234.13 48.0 21035.0 7454.0 13581.0 0.0 234.3664
13:08:00 1517.0 41089.0 242.52 233.555 234.18 233.45 233.51 30.0 233.56 5.0 41089.0 10274.0 30815.0 0.0 233.7547
13:09:00 729.0 23822.0 242.52 233.43 233.76 233.36 233.41 44.0 233.45 14.0 23822.0 13856.0 9966.0 0.0 233.5414
13:10:00 641.0 25402.0 242.52 233.5 233.7 233.27 233.45 138.0 233.53 42.0 25402.0 10431.0 14971.0 0.0 233.4662
13:11:00 769.0 23257.0 242.52 233.17 233.65 233.07 233.13 46.0 233.19 34.0 23257.0 8741.0 14516.0 0.0 233.3425
13:12:00 1438.0 32569.0 242.52 232.96 233.25 232.86 232.91 109.0 232.97 125.0 32569.0 7889.0 24680.0 0.0 233.0057
13:13:00 946.0 16640.0 242.52 232.93 233.32 232.85 232.93 17.0 232.95 106.0 16640.0 9443.0 7197.0 0.0 233.0682
13:14:00 616.0 15756.0 242.52 233.03 233.25 232.87 233.01 649.0 233.05 100.0 15756.0 7547.0 8209.0 0.0 233.108
13:15:00 1058.0 24090.0 242.52 232.86 233.17 232.52 232.82 20.0 232.89 25.0 24090.0 6450.0 17640.0 0.0 232.8253
13:16:00 930.0 20548.0 242.52 232.5 232.91 232.3 232.44 71.0 232.51 1.0 20548.0 7305.0 13243.0 0.0 232.5151
13:17:00 774.0 15794.0 242.52 232.85 232.9 232.43 232.79 316.0 232.86 125.0 15794.0 8712.0 7082.0 0.0 232.6714
13:18:00 458.0 11906.0 242.52 232.8 232.95 232.6 232.79 1431.0 232.87 27.0 11906.0 7229.0 4677.0 0.0 232.8231
13:19:00 558.0 12902.0 242.52 232.84 233.13 232.66 232.8 22.0 232.84 69.0 12902.0 7175.0 5727.0 0.0 232.8785
13:20:00 408.0 13807.0 242.52 232.71 232.86 232.5 232.7 1.0 232.77 25.0 13807.0 4647.0 9160.0 0.0 232.6935
13:21:00 722.0 14131.0 242.52 232.87 233.28 232.63 232.9 2.0 232.95 52.0 14131.0 7426.0 6705.0 0.0 233.0728
13:22:00 525.0 10639.0 242.52 233.03 233.03 232.73 232.96 5.0 233.02 25.0 10639.0 4521.0 6118.0 0.0 232.8805
13:23:00 675.0 12887.0 242.52 232.85 233.2 232.5 232.84 143.0 232.89 125.0 12887.0 5798.0 7089.0 0.0 232.7645
13:24:00 728.0 17748.0 242.52 232.73 232.93 232.61 232.69 21.0 232.75 25.0 17748.0 8797.0 8951.0 0.0 232.8023
13:25:00 439.0 14538.0 242.52 232.46 232.9 232.38 232.44 46.0 232.5 1062.0 14538.0 5017.0 9521.0 0.0 232.5792
13:26:00 492.0 14787.0 242.52 232.41 232.74 232.37 232.41 1.0 232.46 25.0 14787.0 7872.0 6915.0 0.0 232.536
13:27:00 628.0 16982.0 242.52 232.55 232.65 232.17 232.53 22.0 232.57 22.0 16982.0 4687.0 12295.0 0.0 232.4085
13:28:00 790.0 19519.0 242.52 232.74 232.94 232.22 232.69 301.0 232.79 2.0 19519.0 13514.0 6005.0 0.0 232.6578
13:29:00 750.0 15606.0 242.52 232.12 232.86 232.03 232.08 99.0 232.13 55.0 15606.0 4972.0 10634.0 0.0 232.2428
13:30:00 2017.0 54287.0 242.52 231.86 232.3 231.7 231.82 3.0 231.87 40.0 54287.0 20083.0 34204.0 0.0 231.9608
13:31:00 1059.0 20321.0 242.52 231.93 232.37 231.76 231.9 325.0 231.99 21.0 20321.0 11655.0 8666.0 0.0 232.1174
13:32:00 909.0 26647.0 242.52 232.0 232.34 231.57 231.98 17.0 232.06 25.0 26647.0 12467.0 14180.0 0.0 231.8852
13:33:00 429.0 10853.0 242.52 232.27 232.4 231.83 232.2 125.0 232.29 21.0 10853.0 8352.0 2501.0 0.0 232.0608
13:34:00 908.0 16297.0 242.52 232.65 232.65 232.03 232.62 37.0 232.69 71.0 16297.0 9704.0 6593.0 0.0 232.2609
13:35:00 535.0 8016.0 242.52 232.25 232.77 232.11 232.23 6.0 232.3 26.0 8016.0 3364.0 4652.0 0.0 232.3802
13:36:00 764.0 10112.0 242.52 232.44 232.51 231.93 232.46 100.0 232.53 260.0 10112.0 5686.0 4426.0 0.0 232.1977
13:37:00 818.0 21608.0 242.52 232.49 232.82 232.28 232.46 67.0 232.56 31.0 21608.0 8061.0 13547.0 0.0 232.5995
13:38:00 590.0 12198.0 242.52 232.7 232.8 232.36 232.65 53.0 232.71 50.0 12198.0 5189.0 7009.0 0.0 232.5665
13:39:00 583.0 13508.0 242.52 232.75 232.93 232.54 232.7 19.0 232.79 121.0 13508.0 9873.0 3635.0 0.0 232.7914
13:40:00 390.0 9887.0 242.52 232.7 232.88 232.54 232.68 26.0 232.75 19.0 9887.0 5525.0 4362.0 0.0 232.7337
13:41:00 642.0 13869.0 242.52 232.44 232.84 232.42 232.42 2047.0 232.52 25.0 13869.0 4679.0 9190.0 0.0 232.6159
13:42:00 741.0 12921.0 242.52 232.41 232.64 232.28 232.37 2.0 232.43 19.0 12921.0 4190.0 8731.0 0.0 232.4386
13:43:00 742.0 19254.0 242.52 231.74 232.37 231.73 231.73 46.0 231.78 10.0 19254.0 4530.0 14724.0 0.0 231.9959
13:44:00 940.0 23365.0 242.52 231.89 231.93 231.57 231.85 21.0 231.92 2.0 23365.0 14615.0 8750.0 0.0 231.7698
13:45:00 360.0 6900.0 242.52 231.89 232.14 231.8 231.85 27.0 231.9 200.0 6900.0 3942.0 2958.0 0.0 231.985
13:46:00 616.0 19268.0 242.52 232.28 232.63 231.78 232.23 1.0 232.29 100.0 19268.0 14997.0 4271.0 0.0 232.3513
13:47:00 646.0 16654.0 242.52 232.15 232.31 231.95 232.14 126.0 232.21 42.0 16654.0 9939.0 6715.0 0.0 232.1163
13:48:00 483.0 10142.0 242.52 231.95 232.33 231.8 231.9 2.0 231.96 325.0 10142.0 3886.0 6256.0 0.0 232.0117
13:49:00 1263.0 33840.0 242.52 231.38 232.2 231.33 231.36 25.0 231.43 25.0 33840.0 12513.0 21327.0 0.0 231.6219
13:50:00 897.0 22718.0 242.52 231.52 231.75 231.33 231.52 100.0 231.56 325.0 22718.0 13622.0 9096.0 0.0 231.5639
13:51:00 595.0 20619.0 242.52 232.11 232.11 231.46 232.07 25.0 232.13 19.0 20619.0 12992.0 7627.0 0.0 231.7031
13:52:00 610.0 16317.0 242.52 231.67 232.37 231.67 231.65 28.0 231.73 100.0 16317.0 9361.0 6956.0 0.0 231.9797
13:53:00 532.0 18277.0 242.52 231.55 231.91 231.5 231.56 25.0 231.61 100.0 18277.0 7959.0 10318.0 0.0 231.6705
13:54:00 476.0 17137.0 242.52 232.2 232.22 231.58 232.15 26.0 232.22 10.0 17137.0 12947.0 4190.0 0.0 231.8952
13:55:00 638.0 18137.0 242.52 232.35 232.66 231.99 232.31 1.0 232.38 46.0 18137.0 10540.0 7597.0 0.0 232.428
13:56:00 402.0 11128.0 242.52 232.19 232.32 232.01 232.17 21.0 232.24 25.0 11128.0 5488.0 5640.0 0.0 232.1935
13:57:00 482.0 15745.0 242.52 232.42 232.6 231.97 232.39 381.0 232.49 23.0 15745.0 5735.0 10010.0 0.0 232.2408
13:58:00 590.0 20523.0 242.52 232.55 232.81 232.3 232.55 442.0 232.64 25.0 20523.0 12071.0 8452.0 0.0 232.5713
13:59:00 525.0 9977.0 242.52 232.75 232.87 232.37 232.71 25.0 232.79 44.0 9977.0 5344.0 4633.0 0.0 232.633
14:00:00 677.0 16673.0 242.52 232.535 232.81 232.27 232.5 43.0 232.59 23.0 16673.0 7118.0 9555.0 0.0 232.5337
14:01:00 410.0 7936.0 242.52 232.46 232.75 232.37 232.42 328.0 232.49 21.0 7936.0 3313.0 4623.0 0.0 232.6047
14:02:00 984.0 20087.0 242.52 232.21 232.43 231.92 232.15 53.0 232.24 25.0 20087.0 5662.0 14425.0 0.0 232.1681
14:03:00 684.0 12304.0 242.52 232.12 232.3 231.98 232.12 100.0 232.16 25.0 12304.0 5163.0 7141.0 0.0 232.1204
14:04:00 554.0 21586.0 242.52 232.56 232.6 231.93 232.52 9.0 232.62 35.0 21586.0 10883.0 10703.0 0.0 232.2741
14:05:00 509.0 14119.0 242.52 232.66 232.88 232.44 232.61 25.0 232.66 220.0 14119.0 9739.0 4380.0 0.0 232.6902
14:06:00 538.0 15449.0 242.52 232.7 232.83 232.38 232.67 25.0 232.74 326.0 15449.0 5903.0 9546.0 0.0 232.6487
14:07:00 539.0 15322.0 242.52 232.56 232.98 232.56 232.55 250.0 232.63 346.0 15322.0 7167.0 8155.0 0.0 232.8111
14:08:00 518.0 9043.0 242.52 232.7 232.72 232.33 232.66 375.0 232.73 25.0 9043.0 4747.0 4296.0 0.0 232.4947
14:09:00 363.0 7419.0 242.52 232.65 232.95 232.57 232.59 27.0 232.65 100.0 7419.0 4632.0 2787.0 0.0 232.7548
14:10:00 356.0 12360.0 242.52 232.48 232.7 232.39 232.48 25.0 232.56 193.0 12360.0 3493.0 8867.0 0.0 232.5227
14:11:00 333.0 8345.0 242.52 232.38 232.63 232.3 232.39 24.0 232.48 325.0 8345.0 3253.0 5092.0 0.0 232.4598
14:12:00 1018.0 35312.0 242.52 231.89 232.41 231.73 231.88 112.0 231.95 725.0 35312.0 13219.0 22093.0 0.0 231.9443
14:13:00 508.0 10449.0 242.52 232.11 232.29 231.74 232.11 4.0 232.17 172.0 10449.0 4898.0 5551.0 0.0 232.071
14:14:00 649.0 16603.0 242.52 231.87 232.17 231.72 231.86 28.0 231.92 325.0 16603.0 4011.0 12592.0 0.0 231.9324
14:15:00 831.0 14945.0 242.52 231.81 231.95 231.7 231.77 1.0 231.83 532.0 14945.0 7423.0 7522.0 0.0 231.8029
14:16:00 1039.0 26866.0 242.52 232.28 232.4 231.77 232.28 194.0 232.31 33.0 26866.0 16687.0 10179.0 0.0 232.0737
14:17:00 756.0 22509.0 242.52 231.86 232.29 231.58 231.86 50.0 231.9 1.0 22509.0 8151.0 14358.0 0.0 231.7736
14:18:00 1787.0 37186.0 242.52 232.78 232.85 231.57 232.74 25.0 232.83 25.0 37186.0 20722.0 16464.0 0.0 232.2734
14:19:00 1000.0 21886.0 242.52 232.37 233.04 232.3 232.32 46.0 232.41 648.0 21886.0 10298.0 11588.0 0.0 232.593
14:20:00 435.0 17981.0 242.52 232.67 232.82 232.4 232.68 50.0 232.75 463.0 17981.0 13112.0 4869.0 0.0 232.6938
14:21:00 756.0 20797.0 242.52 232.52 232.94 232.22 232.46 25.0 232.56 23.0 20797.0 7441.0 13356.0 0.0 232.5908
14:22:00 307.0 9357.0 242.52 232.58 232.62 232.3 232.55 2.0 232.62 25.0 9357.0 6449.0 2908.0 0.0 232.5242
14:23:00 712.0 27707.0 242.52 233.32 233.4 232.39 233.25 166.0 233.34 25.0 27707.0 18834.0 8873.0 0.0 232.957
14:24:00 715.0 30404.0 242.52 233.52 233.72 233.23 233.51 117.0 233.57 47.0 30404.0 16546.0 13858.0 0.0 233.4844
14:25:00 785.0 21602.0 242.52 233.35 233.61 233.13 233.3 50.0 233.38 47.0 21602.0 8044.0 13558.0 0.0 233.3653
14:26:00 339.0 13459.0 242.52 233.3 233.58 233.25 233.27 25.0 233.34 24.0 13459.0 4937.0 8522.0 0.0 233.3796
14:27:00 379.0 11426.0 242.52 233.06 233.49 233.04 233.06 67.0 233.14 25.0 11426.0 4235.0 7191.0 0.0 233.2587
14:28:00 573.0 23051.0 242.52 233.26 233.37 232.95 233.24 92.0 233.31 125.0 23051.0 7937.0 15114.0 0.0 233.0946
14:29:00 714.0 16489.0 242.52 233.47 233.72 233.13 233.47 80.0 233.55 24.0 16489.0 10470.0 6019.0 0.0 233.4429
14:30:00 497.0 14731.0 242.52 233.28 233.5 233.06 233.22 30.0 233.32 25.0 14731.0 7718.0 7013.0 0.0 233.2472
14:31:00 584.0 14026.0 242.52 233.2 233.45 232.93 233.17 101.0 233.23 123.0 14026.0 5379.0 8647.0 0.0 233.0773
14:32:00 433.0 14311.0 242.52 232.84 233.325 232.81 232.81 600.0 232.87 71.0 14311.0 4566.0 9745.0 0.0 233.0998
14:33:00 984.0 46878.0 242.52 232.76 233.12 232.43 232.74 318.0 232.78 54.0 46878.0 28419.0 18459.0 0.0 232.6725
14:34:00 848.0 15295.0 242.52 232.76 232.86 232.5 232.7 123.0 232.79 24.0 15295.0 6565.0 8730.0 0.0 232.7076
14:35:00 512.0 12328.0 242.52 232.56 232.77 232.48 232.54 225.0 232.64 25.0 12328.0 6207.0 6121.0 0.0 232.6261
14:36:00 956.0 23839.0 242.52 233.22 233.25 232.63 233.18 25.0 233.25 520.0 23839.0 16109.0 7730.0 0.0 233.008
14:37:00 644.0 14155.0 242.52 233.08 233.3 232.82 233.04 30.0 233.11 70.0 14155.0 7056.0 7099.0 0.0 233.0723
14:38:00 294.0 9931.0 242.52 232.78 233.13 232.78 232.79 123.0 232.85 1.0 9931.0 2577.0 7354.0 0.0 232.9826
14:39:00 1160.0 48382.0 242.52 233.8 233.8 232.81 233.77 47.0 233.8 446.0 48382.0 42264.0 6118.0 0.0 233.4417
14:40:00 1648.0 43906.0 242.52 234.21 234.28 233.69 234.17 125.0 234.23 125.0 43906.0 28911.0 14995.0 0.0 233.9717
14:41:00 1003.0 24195.0 242.52 234.13 234.39 233.95 234.03 50.0 234.13 25.0 24195.0 8648.0 15547.0 0.0 234.1609
14:42:00 878.0 26599.0 242.52 234.2 234.34 234.04 234.22 4.0 234.24 24.0 26599.0 12281.0 14318.0 0.0 234.1812
14:43:00 1161.0 40951.0 242.52 234.66 234.74 234.21 234.64 400.0 234.68 1.0 40951.0 16654.0 24297.0 0.0 234.5306
14:44:00 826.0 26522.0 242.52 234.4 234.73 234.23 234.35 251.0 234.4 50.0 26522.0 9208.0 17314.0 0.0 234.453
14:45:00 592.0 20522.0 242.52 234.29 234.58 234.15 234.29 25.0 234.35 750.0 20522.0 8691.0 11831.0 0.0 234.366
14:46:00 723.0 21534.0 242.52 234.15 234.39 234.13 234.11 2.0 234.17 163.0 21534.0 6474.0 15060.0 0.0 234.2396
14:47:00 830.0 29610.0 242.52 234.28 234.49 233.96 234.25 25.0 234.32 50.0 29610.0 12763.0 16847.0 0.0 234.2323
14:48:00 799.0 19137.0 242.52 234.11 234.43 234.04 234.08 150.0 234.15 49.0 19137.0 5982.0 13155.0 0.0 234.2547
14:49:00 1379.0 35514.0 242.52 234.14 234.18 233.7 234.12 250.0 234.18 1675.0 35514.0 13274.0 22240.0 0.0 233.9076
14:50:00 686.0 17723.0 242.52 234.06 234.36 233.86 234.03 465.0 234.09 100.0 17723.0 8523.0 9200.0 0.0 234.1452
14:51:00 773.0 27025.0 242.52 233.66 234.14 233.51 233.59 25.0 233.66 137.0 27025.0 10507.0 16518.0 0.0 233.8164
14:52:00 716.0 20884.0 242.52 233.41 233.73 233.36 233.41 84.0 233.44 100.0 20884.0 10451.0 10433.0 0.0 233.5322
14:53:00 514.0 13883.0 242.52 233.56 233.64 233.3 233.52 447.0 233.6 12.0 13883.0 8448.0 5435.0 0.0 233.4587
14:54:00 544.0 12682.0 242.52 233.49 233.71 233.39 233.43 326.0 233.5 300.0 12682.0 6145.0 6537.0 0.0 233.5784
14:55:00 644.0 14909.0 242.52 233.4 233.62 233.28 233.4 25.0 233.46 225.0 14909.0 5821.0 9088.0 0.0 233.4406
14:56:00 840.0 18636.0 242.52 233.26 233.55 233.11 233.24 24.0 233.29 242.0 18636.0 7341.0 11295.0 0.0 233.3327
14:57:00 671.0 18361.0 242.52 233.43 233.68 233.2 233.4 2.0 233.46 25.0 18361.0 8634.0 9727.0 0.0 233.4347
14:58:00 456.0 12605.0 242.52 233.19 233.58 233.13 233.13 25.0 233.2 467.0 12605.0 5529.0 7076.0 0.0 233.3538
14:59:00 793.0 26227.0 242.52 233.13 233.29 232.91 233.11 25.0 233.2 23.0 26227.0 16698.0 9529.0 0.0 233.128
15:00:00 530.0 13102.0 242.52 233.31 233.44 233.13 233.28 59.0 233.33 24.0 13102.0 8056.0 5046.0 0.0 233.3075
15:01:00 745.0 26492.0 242.52 233.77 233.92 233.05 233.69 25.0 233.82 150.0 26492.0 18161.0 8331.0 0.0 233.5001
15:02:00 609.0 15759.0 242.52 233.79 233.98 233.46 233.73 151.0 233.8 825.0 15759.0 7997.0 7762.0 0.0 233.7014
15:03:00 1005.0 26506.0 242.52 234.15 234.21 233.58 234.12 25.0 234.18 200.0 26506.0 12576.0 13930.0 0.0 233.8972
15:04:00 669.0 24685.0 242.52 234.38 234.59 234.12 234.39 10.0 234.45 29.0 24685.0 15680.0 9005.0 0.0 234.4343
15:05:00 958.0 43005.0 242.52 235.16 235.21 234.27 235.13 23.0 235.2 49.0 43005.0 34101.0 8904.0 0.0 234.8269
15:06:00 2516.0 84077.0 242.52 235.53 236.12 235.19 235.45 696.0 235.57 1127.0 84077.0 52901.0 31176.0 0.0 235.7074
15:07:00 1002.0 28552.0 242.52 235.9 236.06 235.47 235.9 100.0 235.96 25.0 28552.0 19064.0 9488.0 0.0 235.8992
15:08:00 1698.0 47574.0 242.52 235.94 236.28 235.62 235.9 10.0 235.96 130.0 47574.0 24219.0 23355.0 0.0 235.9394
15:09:00 1225.0 40222.0 242.52 235.84 236.41 235.83 235.84 25.0 235.93 46.0 40222.0 22378.0 17844.0 0.0 236.1918
15:10:00 890.0 27699.0 242.52 236.42 236.42 235.89 236.39 754.0 236.44 481.0 27699.0 17824.0 9875.0 0.0 236.1843
15:11:00 1683.0 59273.0 242.52 236.0 236.7 235.77 235.97 404.0 236.02 34.0 59273.0 18719.0 40554.0 0.0 236.1757
15:12:00 1219.0 55485.0 242.52 235.73 236.13 235.59 235.69 59.0 235.77 750.0 55485.0 33620.0 21865.0 0.0 235.8105
15:13:00 745.0 21028.0 242.52 235.45 235.77 235.39 235.42 290.0 235.46 200.0 21028.0 7206.0 13822.0 0.0 235.5874
15:14:00 876.0 41502.0 242.52 235.28 235.52 235.06 235.27 50.0 235.37 300.0 41502.0 26887.0 14615.0 0.0 235.2206
15:15:00 825.0 18810.0 242.52 235.56 235.92 235.2 235.54 25.0 235.56 400.0 18810.0 9938.0 8872.0 0.0 235.6364
15:16:00 673.0 22697.0 242.52 235.78 235.87 235.44 235.73 150.0 235.8 25.0 22697.0 9565.0 13132.0 0.0 235.6715
15:17:00 1301.0 33838.0 242.52 235.25 235.74 235.0 235.21 101.0 235.27 200.0 33838.0 13915.0 19923.0 0.0 235.2323
15:18:00 1075.0 29853.0 242.52 234.81 235.55 234.7 234.78 226.0 234.85 102.0 29853.0 13805.0 16048.0 0.0 235.1556
15:19:00 870.0 30533.0 242.52 234.94 235.05 234.72 234.92 23.0 234.99 25.0 30533.0 14581.0 15952.0 0.0 234.9292
15:20:00 983.0 41455.0 242.52 234.92 235.13 234.68 234.89 22.0 234.95 225.0 41455.0 11117.0 30338.0 0.0 234.9392
15:21:00 1132.0 26667.0 242.52 234.62 235.25 234.62 234.62 6.0 234.66 84.0 26667.0 10021.0 16646.0 0.0 235.0257
15:22:00 832.0 24788.0 242.52 234.24 234.71 234.21 234.2 413.0 234.25 240.0 24788.0 10823.0 13965.0 0.0 234.4847
15:23:00 719.0 24261.0 242.52 234.07 234.23 234.02 234.07 79.0 234.09 114.0 24261.0 11209.0 13052.0 0.0 234.1195
15:24:00 979.0 28909.0 242.52 234.51 234.67 233.94 234.47 250.0 234.53 100.0 28909.0 16121.0 12788.0 0.0 234.297
15:25:00 650.0 16067.0 242.52 234.42 234.62 234.15 234.4 160.0 234.47 24.0 16067.0 8553.0 7514.0 0.0 234.3841
15:26:00 581.0 13205.0 242.52 233.93 234.48 233.83 233.91 50.0 233.95 400.0 13205.0 4658.0 8547.0 0.0 234.1161
15:27:00 566.0 18921.0 242.52 234.03 234.35 233.87 234.03 1.0 234.08 171.0 18921.0 10913.0 8008.0 0.0 234.0542
15:28:00 557.0 20909.0 242.52 233.87 234.09 233.65 233.83 23.0 233.87 200.0 20909.0 11908.0 9001.0 0.0 233.8534
15:29:00 509.0 15524.0 242.52 233.7 234.11 233.56 233.64 150.0 233.71 23.0 15524.0 9225.0 6299.0 0.0 233.8194
15:30:00 693.0 20540.0 242.52 233.28 233.78 233.2 233.27 300.0 233.31 72.0 20540.0 7240.0 13300.0 0.0 233.482
15:31:00 1586.0 41723.0 242.52 233.05 233.31 232.73 233.01 501.0 233.08 49.0 41723.0 20722.0 21001.0 0.0 233.0048
15:32:00 585.0 20221.0 242.52 233.09 233.39 232.97 233.08 23.0 233.13 50.0 20221.0 10951.0 9270.0 0.0 233.1998
15:33:00 700.0 30297.0 242.52 233.5 233.66 232.95 233.45 201.0 233.54 222.0 30297.0 15775.0 14522.0 0.0 233.2993
15:34:00 897.0 27440.0 242.52 233.87 233.93 233.16 233.84 25.0 233.91 147.0 27440.0 16595.0 10845.0 0.0 233.4799
15:35:00 1008.0 27031.0 242.52 233.7 233.9 233.51 233.63 324.0 233.75 25.0 27031.0 9793.0 17238.0 0.0 233.6709
15:36:00 603.0 23017.0 242.52 233.75 234.05 233.47 233.7 3.0 233.77 25.0 23017.0 10549.0 12468.0 0.0 233.8272
15:37:00 903.0 31513.0 242.52 233.43 233.79 233.18 233.4 100.0 233.45 760.0 31513.0 10764.0 20749.0 0.0 233.4174
15:38:00 485.0 14225.0 242.52 233.47 233.74 233.4 233.46 50.0 233.52 188.0 14225.0 6874.0 7351.0 0.0 233.5433
15:39:00 622.0 23968.0 242.52 233.86 233.96 233.3 233.86 25.0 233.94 25.0 23968.0 15704.0 8264.0 0.0 233.6302
15:40:00 490.0 16869.0 242.52 233.68 234.05 233.67 233.67 2.0 233.72 25.0 16869.0 7530.0 9339.0 0.0 233.8115
15:41:00 555.0 18546.0 242.52 233.47 233.79 233.44 233.46 316.0 233.49 2.0 18546.0 9707.0 8839.0 0.0 233.6312
15:42:00 775.0 31319.0 242.52 233.76 233.89 233.3 233.77 31.0 233.8 300.0 31319.0 14940.0 16379.0 0.0 233.6699
15:43:00 624.0 21604.0 242.52 233.65 234.04 233.63 233.65 30.0 233.72 25.0 21604.0 9961.0 11643.0 0.0 233.8269
15:44:00 705.0 25722.0 242.52 233.1 233.68 233.01 233.05 150.0 233.11 254.0 25722.0 9863.0 15859.0 0.0 233.3483
15:45:00 1210.0 35324.0 242.52 232.57 233.19 232.55 232.55 180.0 232.59 154.0 35324.0 15199.0 20125.0 0.0 232.8692
15:46:00 1378.0 42010.0 242.52 232.38 232.63 232.33 232.36 2931.0 232.41 350.0 42010.0 20945.0 21065.0 0.0 232.4842
15:47:00 1161.0 48122.0 242.52 232.32 232.61 232.01 232.27 1.0 232.34 20.0 48122.0 18299.0 29823.0 0.0 232.3466
15:48:00 1621.0 43686.0 242.52 231.99 232.33 231.94 231.99 40.0 232.04 74.0 43686.0 16340.0 27346.0 0.0 232.0914
15:49:00 1356.0 38939.0 242.52 231.8 232.19 231.7 231.77 100.0 231.83 425.0 38939.0 18392.0 20547.0 0.0 231.9897
15:50:00 1327.0 39485.0 242.52 231.63 232.02 231.5 231.56 50.0 231.65 25.0 39485.0 11851.0 27634.0 0.0 231.7334
15:51:00 2221.0 53625.0 242.52 231.84 232.08 231.43 231.77 250.0 231.83 25.0 53625.0 28384.0 25241.0 0.0 231.8475
15:52:00 2042.0 48330.0 242.52 232.17 232.26 231.66 232.17 25.0 232.22 250.0 48330.0 21343.0 26987.0 0.0 231.9576
15:53:00 1558.0 36011.0 242.52 232.0 232.4 231.83 231.94 174.0 232.01 201.0 36011.0 13270.0 22741.0 0.0 232.1249
15:54:00 1696.0 41662.0 242.52 231.785 232.44 231.76 231.79 31.0 231.84 22.0 41662.0 18254.0 23408.0 0.0 232.0445
15:55:00 2839.0 70680.0 242.52 233.45 233.77 231.84 233.48 178.0 233.6 612.0 70680.0 39394.0 31286.0 0.0 232.6039
15:56:00 2619.0 80760.0 242.52 233.63 233.92 233.18 233.61 252.0 233.69 184.0 80760.0 31190.0 49570.0 0.0 233.5274
15:57:00 1682.0 56547.0 242.52 233.76 233.83 233.51 233.75 24.0 233.79 1043.0 56547.0 23962.0 32585.0 0.0 233.6775
15:58:00 2253.0 74901.0 242.52 233.87 234.0 233.44 233.87 96.0 233.89 232.0 74901.0 37154.0 37747.0 0.0 233.7521
15:59:00 2182.0 109434.0 242.52 234.44 234.46 233.78 234.44 1.0 234.47 50.0 109434.0 46353.0 63081.0 0.0 234.1296
16:00:00 3933.0 226120.0 242.52 234.82 235.11 234.09 234.82 5515.0 234.92 44269.0 226120.0 107750.0 118370.0 0.0 234.6039
16:01:00 109.0 9120.0 242.52 234.61 234.96 234.51 234.78 100.0 234.77 85.0 9120.0 6569.0 2551.0 0.0 234.7642
16:02:00 142.0 3268.0 242.52 234.63 234.79 234.58 234.78 100.0 234.7 5.0 3268.0 634.0 2634.0 0.0 234.7108
16:03:00 99.0 2214.0 242.52 234.45 234.6 234.2 234.78 100.0 234.48 500.0 2214.0 660.0 1554.0 0.0 234.4641
16:04:00 56.0 2173.0 242.52 234.46 234.55 234.35 234.78 100.0 234.5 400.0 2173.0 2085.0 88.0 0.0 234.5029
16:05:00 78.0 1482.0 242.52 234.59 234.63 234.41 234.78 100.0 234.62 86.0 1482.0 1472.0 10.0 0.0 234.5583
16:06:00 174.0 6954.0 242.52 234.56 234.81 234.56 234.78 100.0 234.7 369.0 6954.0 4388.0 2566.0 0.0 234.6866
16:07:00 93.0 419.0 242.52 234.59 234.65 234.4 234.78 100.0 234.6 20.0 419.0 36.0 383.0 0.0 234.5386
16:08:00 66.0 749.0 242.52 234.56 234.58 234.41 234.78 100.0 234.59 700.0 749.0 528.0 221.0 0.0 234.5259
16:09:00 32.0 212.0 242.52 234.58 234.58 234.5 234.78 100.0 234.59 700.0 212.0 128.0 84.0 0.0 234.5569
16:10:00 57.0 385.0 242.52 234.55 234.59 234.42 234.78 100.0 234.59 498.0 385.0 320.0 65.0 0.0 234.5596
16:11:00 85.0 2113.0 242.52 234.23 234.58 234.2 234.78 100.0 234.55 50.0 2113.0 5.0 2108.0 0.0 234.3617
16:12:00 38.0 27.0 242.52 234.5 234.55 234.21 234.78 100.0 234.53 40.0 27.0 27.0 0.0 0.0 234.5063
16:13:00 69.0 4700.0 242.52 234.72 234.72 234.38 234.78 100.0 234.7 14.0 4700.0 4519.0 181.0 0.0 234.638
16:14:00 38.0 1069.0 242.52 234.99 234.99 234.58 234.84 1.0 235.0 1988.0 1069.0 864.0 205.0 0.0 234.7742
16:15:00 78.0 4092.0 242.52 235.2 235.2 234.9 235.2 63.0 235.28 10.0 4092.0 3871.0 221.0 0.0 235.0443
16:16:00 40.0 99.0 242.52 235.2 235.28 235.02 235.01 201.0 235.23 1.0 99.0 9.0 90.0 0.0 235.2008
16:17:00 59.0 255.0 242.52 235.21 235.28 235.01 235.02 1.0 235.25 2.0 255.0 16.0 239.0 0.0 235.0975
16:18:00 34.0 195.0 242.52 235.02 235.2 235.02 235.01 116.0 235.17 11.0 195.0 173.0 22.0 0.0 235.1738
16:19:00 46.0 184.0 242.52 235.12 235.19 235.0 235.01 116.0 235.1 61.0 184.0 29.0 155.0 0.0 235.0745
16:20:00 52.0 748.0 242.52 235.18 235.19 235.0 235.03 75.0 235.2 552.0 748.0 145.0 603.0 0.0 235.0284
16:21:00 29.0 368.0 242.52 235.15 235.18 235.01 235.01 91.0 235.19 10.0 368.0 210.0 158.0 0.0 235.0724
16:22:00 29.0 188.0 242.52 235.14 235.15 235.0 235.05 20.0 235.15 74.0 188.0 26.0 162.0 0.0 235.0309
16:23:00 42.0 753.0 242.52 235.21 235.21 234.96 235.02 2.0 235.21 10.0 753.0 705.0 48.0 0.0 235.1808
16:24:00 45.0 1966.0 242.52 235.22 235.35 235.16 235.25 1.0 235.36 50.0 1966.0 276.0 1690.0 0.0 235.2509
16:25:00 46.0 1722.0 242.52 235.25 235.3 235.1 235.06 200.0 235.3 200.0 1722.0 0.0 1722.0 0.0 235.2571
16:26:00 39.0 841.0 242.52 235.37 235.39 235.1 235.23 10.0 235.4 185.0 841.0 841.0 0.0 0.0 235.2806
16:27:00 11.0 1.0 242.52 235.37 235.37 235.23 235.3 10.0 235.37 24.0 1.0 1.0 0.0 0.0 235.37
16:28:00 38.0 406.0 242.52 235.46 235.46 235.25 235.35 2.0 235.46 31.0 406.0 391.0 15.0 0.0 235.3875
16:29:00 54.0 1830.0 242.52 235.5 235.64 235.36 235.47 100.0 235.58 41.0 1830.0 1828.0 2.0 0.0 235.5362
16:30:00 58.0 1745.0 242.52 235.21 235.55 235.21 235.21 165.0 235.45 220.0 1745.0 401.0 1344.0 0.0 235.407
16:31:00 17.0 257.0 242.52 235.31 235.43 235.21 235.33 1.0 235.35 40.0 257.0 254.0 3.0 0.0 235.338
16:32:00 9.0 23.0 242.52 235.24 235.35 235.24 235.3 44.0 235.35 38.0 23.0 2.0 21.0 0.0 235.3091
16:33:00 18.0 251.0 242.52 235.34 235.35 235.2 235.25 110.0 235.35 33.0 251.0 5.0 246.0 0.0 235.261
16:34:00 24.0 230.0 242.52 235.25 235.27 235.13 235.13 2.0 235.2 200.0 230.0 17.0 213.0 0.0 235.2297
16:35:00 16.0 35.0 242.52 235.1 235.24 235.03 235.1 30.0 235.18 7.0 35.0 0.0 35.0 0.0 235.1169
16:36:00 70.0 897.0 242.52 235.0 235.1 234.9 234.91 300.0 235.05 50.0 897.0 55.0 842.0 0.0 234.9824
16:37:00 23.0 55.0 242.52 235.03 235.16 234.93 235.02 2.0 235.18 9.0 55.0 55.0 0.0 0.0 235.0509
16:38:00 27.0 31.0 242.52 234.94 235.1 234.94 234.95 1.0 235.0 1000.0 31.0 0.0 31.0 0.0 235.0097
16:39:00 21.0 1036.0 242.52 235.09 235.1 234.93 235.0 10.0 235.1 31.0 1036.0 1005.0 31.0 0.0 234.9995
16:40:00 13.0 404.0 242.52 235.08 235.1 234.99 234.99 7.0 235.1 27.0 404.0 394.0 10.0 0.0 235.001
16:41:00 19.0 99.0 242.52 235.05 235.09 234.96 235.01 100.0 235.05 36.0 99.0 1.0 98.0 0.0 234.9648
16:42:00 61.0 1710.0 242.52 235.1 235.24 235.02 235.0 13.0 235.24 10.0 1710.0 880.0 830.0 0.0 235.1858
16:43:00 8.0 0.0 242.52 235.11 235.23 235.11 235.0 10.0 235.24 10.0 nan 0.0 0.0 0.0 nan
16:44:00 23.0 575.0 242.52 235.09 235.33 235.01 235.09 1.0 235.35 178.0 575.0 13.0 562.0 0.0 235.2277
16:45:00 12.0 25.0 242.52 235.2 235.27 235.11 235.08 1.0 235.2 185.0 25.0 15.0 10.0 0.0 235.168
16:46:00 15.0 270.0 242.52 235.2 235.2 235.1 235.1 1.0 235.19 60.0 270.0 263.0 7.0 0.0 235.1695
16:47:00 76.0 82.0 242.52 235.05 235.19 235.05 235.0 39.0 235.19 54.0 82.0 74.0 8.0 0.0 235.1146
16:48:00 11.0 54.0 242.52 235.18 235.2 235.08 235.15 6.0 235.19 52.0 54.0 3.0 51.0 0.0 235.1528
16:49:00 33.0 157.0 242.52 235.15 235.19 235.0 235.04 11.0 235.19 44.0 157.0 128.0 29.0 0.0 235.023
16:50:00 13.0 128.0 242.52 235.03 235.15 235.01 235.01 2.0 235.1 10.0 128.0 99.0 29.0 0.0 235.0421
16:51:00 25.0 22.0 242.52 235.03 235.13 235.0 235.05 2.0 235.15 178.0 22.0 0.0 22.0 0.0 235.0045
16:52:00 8.0 0.0 242.52 235.14 235.14 235.03 235.05 2.0 235.15 178.0 nan 0.0 0.0 0.0 nan
16:53:00 26.0 130.0 242.52 235.04 235.15 235.01 235.01 30.0 235.13 149.0 130.0 128.0 2.0 0.0 235.1301
16:54:00 15.0 42.0 242.52 235.03 235.13 235.01 235.01 1.0 235.1 100.0 42.0 6.0 36.0 0.0 235.0462
16:55:00 31.0 79.0 242.52 235.09 235.1 234.98 235.0 102.0 235.09 66.0 79.0 34.0 45.0 0.0 235.0251
16:56:00 28.0 107.0 242.52 235.05 235.07 234.98 234.98 3.0 235.07 66.0 107.0 0.0 107.0 0.0 235.0005
16:57:00 6.0 42.0 242.52 235.07 235.07 235.06 235.0 53.0 235.07 489.0 42.0 42.0 0.0 0.0 235.07
16:58:00 23.0 160.0 242.52 235.0 235.07 234.96 234.96 68.0 235.07 451.0 160.0 65.0 95.0 0.0 235.0168
16:59:00 10.0 111.0 242.52 235.06 235.07 235.0 235.01 82.0 235.07 441.0 111.0 110.0 1.0 0.0 235.0064
17:00:00 17.0 241.0 242.52 235.04 235.05 235.0 235.01 31.0 235.07 441.0 241.0 0.0 241.0 0.0 235.0041
