time trade_count trade_volume trade_first trade_last trade_high trade_low bid_price bid_size ask_price ask_size hid_vol buy_vol sell_vol unsided_vol vwap
09:00:00 nan 8503.0 281.79 281.98 282.25 281.79 281.93 147.0 282.04 101.0 8503.0 6832.0 1671.0 0.0 281.9988
09:01:00 155.0 3843.0 281.79 281.85 282.09 281.68 281.75 3.0 281.81 84.0 3843.0 616.0 3227.0 0.0 281.8233
09:02:00 122.0 1699.0 281.79 281.9 281.9 281.61 281.85 3.0 281.99 1.0 1699.0 1347.0 352.0 0.0 281.7862
09:03:00 278.0 4247.0 281.79 282.08 282.15 281.85 282.03 3.0 282.1 20.0 4247.0 3653.0 594.0 0.0 282.0642
09:04:00 201.0 2447.0 281.79 282.0 282.13 281.9 281.97 19.0 282.05 399.0 2447.0 1371.0 1076.0 0.0 282.0381
09:05:00 233.0 11454.0 281.79 282.2 282.35 282.01 282.2 743.0 282.28 5.0 11454.0 9608.0 1846.0 0.0 282.1978
09:06:00 217.0 4923.0 281.79 282.19 282.35 281.95 282.15 3.0 282.19 28.0 4923.0 403.0 4520.0 0.0 282.1376
09:07:00 187.0 1401.0 281.79 282.0 282.24 281.99 282.0 1.0 282.04 44.0 1401.0 113.0 1288.0 0.0 282.0298
09:08:00 200.0 4355.0 281.79 281.8 282.03 281.77 281.79 17.0 281.84 1.0 4355.0 1108.0 3247.0 0.0 281.8812
09:09:00 176.0 1565.0 281.79 282.15 282.15 281.73 282.01 6.0 282.15 241.0 1565.0 1136.0 429.0 0.0 281.9502
09:10:00 85.0 639.0 281.79 282.2 282.2 282.02 282.12 18.0 282.2 189.0 639.0 603.0 36.0 0.0 282.1397
09:11:00 188.0 2934.0 281.79 282.02 282.25 281.91 281.9 524.0 282.03 20.0 2934.0 385.0 2549.0 0.0 282.1276
09:12:00 179.0 2433.0 281.79 281.52 282.02 281.52 281.51 40.0 281.7 49.0 2433.0 147.0 2286.0 0.0 281.7855
09:13:00 187.0 5181.0 281.79 281.64 281.87 281.5 281.63 1.0 281.75 45.0 5181.0 1400.0 3781.0 0.0 281.6953
09:14:00 231.0 5016.0 281.79 281.56 281.75 281.32 281.45 206.0 281.49 4.0 5016.0 761.0 4255.0 0.0 281.5116
09:15:00 101.0 4718.0 281.79 281.68 281.72 281.35 281.53 3.0 281.75 30.0 4718.0 4042.0 676.0 0.0 281.4563
09:16:00 110.0 1213.0 281.79 281.69 281.74 281.4 281.5 202.0 281.69 26.0 1213.0 76.0 1137.0 0.0 281.496
09:17:00 130.0 4077.0 281.79 281.5 281.69 281.3 281.4 60.0 281.6 50.0 4077.0 644.0 3433.0 0.0 281.4147
09:18:00 106.0 2038.0 281.79 281.77 281.8 281.44 281.76 4217.0 281.8 130.0 2038.0 1273.0 765.0 0.0 281.6932
09:19:00 282.0 6585.0 281.79 281.68 282.0 281.42 281.6 25.0 281.7 3.0 6585.0 1801.0 4784.0 0.0 281.7396
09:20:00 309.0 6034.0 281.79 281.94 282.1 281.55 281.67 106.0 281.94 77.0 6034.0 4364.0 1670.0 0.0 281.8653
09:21:00 76.0 705.0 281.79 281.84 281.99 281.63 281.8 25.0 281.88 300.0 705.0 109.0 596.0 0.0 281.8148
09:22:00 103.0 565.0 281.79 281.72 281.91 281.66 281.71 78.0 281.79 1.0 565.0 303.0 262.0 0.0 281.7603
09:23:00 124.0 3103.0 281.79 281.84 281.93 281.71 281.81 52.0 281.85 115.0 3103.0 2828.0 275.0 0.0 281.7897
09:24:00 161.0 2907.0 281.79 282.11 282.2 281.79 282.11 1368.0 282.13 50.0 2907.0 1886.0 1021.0 0.0 282.0233
09:25:00 221.0 5907.0 281.79 282.24 282.38 282.01 282.2 206.0 282.29 100.0 5907.0 3116.0 2791.0 0.0 282.2692
09:26:00 322.0 7305.0 281.79 281.7 282.2 281.26 281.47 10.0 281.79 28.0 7305.0 3389.0 3916.0 0.0 281.4927
09:27:00 178.0 7368.0 281.79 281.46 281.73 281.25 281.45 106.0 281.5 11.0 7368.0 144.0 7224.0 0.0 281.2936
09:28:00 248.0 11910.0 281.79 281.11 281.64 281.1 281.17 30.0 281.25 100.0 11910.0 1875.0 10035.0 0.0 281.2261
09:29:00 622.0 17662.0 281.79 280.6 281.17 280.26 280.63 300.0 280.65 5.0 17662.0 1965.0 15697.0 0.0 280.7882
09:30:00 213.0 7645.0 281.79 280.65 280.75 280.4 280.65 677.0 280.68 265.0 7645.0 6082.0 1563.0 0.0 280.5329
09:31:00 4309.0 119159.0 281.79 282.69 283.1 280.64 282.55 79.0 282.69 185.0 119159.0 72542.0 46617.0 0.0 282.3039
09:32:00 3934.0 102691.0 281.79 283.435 284.2 282.67 283.35 205.0 283.51 352.0 102691.0 67327.0 35364.0 0.0 283.5655
09:33:00 2495.0 66397.0 281.79 283.55 284.56 283.27 283.47 286.0 283.57 100.0 66397.0 38099.0 28298.0 0.0 283.9943
09:34:00 2001.0 48543.0 281.79 283.55 283.83 282.95 283.46 25.0 283.59 4.0 48543.0 24219.0 24324.0 0.0 283.3251
09:35:00 2029.0 49506.0 281.79 282.91 283.65 282.15 282.8 100.0 282.95 125.0 49506.0 16130.0 33376.0 0.0 282.8784
09:36:00 2208.0 62709.0 281.79 281.2 282.98 280.94 281.15 225.0 281.25 12.0 62709.0 19867.0 42842.0 0.0 281.6083
09:37:00 1704.0 41210.0 281.79 282.08 282.1 280.81 282.02 11.0 282.1 211.0 41210.0 25331.0 15879.0 0.0 281.4663
09:38:00 2231.0 63203.0 281.79 283.39 283.79 282.08 283.35 138.0 283.49 25.0 63203.0 48356.0 14847.0 0.0 283.2198
09:39:00 1512.0 49845.0 281.79 282.86 283.72 282.75 282.86 10.0 282.99 50.0 49845.0 24442.0 25403.0 0.0 283.2617
09:40:00 2170.0 63473.0 281.79 283.71 283.86 282.4 283.68 200.0 283.77 100.0 63473.0 42561.0 20912.0 0.0 283.3265
09:41:00 2292.0 76576.0 281.79 282.4 284.14 282.31 282.38 150.0 282.46 14.0 76576.0 34105.0 42471.0 0.0 283.195
09:42:00 2106.0 49140.0 281.79 281.63 282.76 281.58 281.61 20.0 281.73 50.0 49140.0 17868.0 31272.0 0.0 282.1156
09:43:00 1434.0 46007.0 281.79 282.38 282.5 281.56 282.33 5.0 282.46 260.0 46007.0 31487.0 14520.0 0.0 282.0934
09:44:00 1356.0 37439.0 281.79 281.81 282.79 281.62 281.79 20.0 281.87 266.0 37439.0 13032.0 24407.0 0.0 282.1197
09:45:00 1649.0 38646.0 281.79 281.76 282.39 281.09 281.67 25.0 281.77 1.0 38646.0 13388.0 25258.0 0.0 281.6184
09:46:00 1661.0 38618.0 281.79 281.28 282.24 281.15 281.17 25.0 281.3 200.0 38618.0 21747.0 16871.0 0.0 281.7693
09:47:00 2298.0 54279.0 281.79 280.65 281.6 280.25 280.51 179.0 280.67 300.0 54279.0 12522.0 41757.0 0.0 280.824
09:48:00 2784.0 74676.0 281.79 280.08 280.84 279.89 280.09 10.0 280.16 313.0 74676.0 15664.0 59012.0 0.0 280.1267
09:49:00 1399.0 24742.0 281.79 280.74 280.93 280.01 280.64 118.0 280.73 311.0 24742.0 14514.0 10228.0 0.0 280.4395
09:50:00 1373.0 36756.0 281.79 281.26 281.26 280.33 281.18 206.0 281.28 300.0 36756.0 26718.0 10038.0 0.0 280.8709
09:51:00 1492.0 54727.0 281.79 280.95 281.39 280.47 280.85 25.0 280.96 100.0 54727.0 36198.0 18529.0 0.0 280.8545
09:52:00 1231.0 37543.0 281.79 280.91 281.27 280.47 280.85 17.0 280.95 25.0 37543.0 22393.0 15150.0 0.0 280.9408
09:53:00 1794.0 73462.0 281.79 281.3 281.54 280.58 281.29 12.0 281.35 143.0 73462.0 53479.0 19983.0 0.0 281.0093
09:54:00 1917.0 56167.0 281.79 281.75 281.94 281.3 281.67 115.0 281.76 200.0 56167.0 41037.0 15130.0 0.0 281.7428
09:55:00 1348.0 52518.0 281.79 281.32 281.9 280.97 281.29 90.0 281.37 25.0 52518.0 11142.0 41376.0 0.0 281.4166
09:56:00 1304.0 26034.0 281.79 280.98 281.41 280.45 280.88 40.0 280.99 100.0 26034.0 10963.0 15071.0 0.0 280.9977
09:57:00 953.0 24027.0 281.79 281.27 281.68 280.95 281.23 25.0 281.34 56.0 24027.0 13296.0 10731.0 0.0 281.3313
09:58:00 1026.0 26471.0 281.79 281.46 281.57 280.75 281.4 50.0 281.49 25.0 26471.0 11193.0 15278.0 0.0 281.1578
09:59:00 1638.0 50172.0 281.79 282.17 282.25 281.31 282.15 100.0 282.22 829.0 50172.0 41142.0 9030.0 0.0 281.9473
10:00:00 1365.0 50104.0 281.79 282.62 282.75 282.03 282.61 13.0 282.68 4.0 50104.0 34661.0 15443.0 0.0 282.492
10:01:00 2176.0 78782.0 281.79 282.71 283.44 282.35 282.65 11.0 282.69 19.0 78782.0 50675.0 28107.0 0.0 282.8473
10:02:00 1243.0 24555.0 281.79 282.3 282.91 282.18 282.25 11.0 282.37 50.0 24555.0 5988.0 18567.0 0.0 282.459
10:03:00 1604.0 39207.0 281.79 282.58 282.91 282.16 282.61 162.0 282.69 25.0 39207.0 24364.0 14843.0 0.0 282.584
10:04:00 1312.0 37382.0 281.79 282.32 283.12 282.26 282.26 29.0 282.34 35.0 37382.0 19910.0 17472.0 0.0 282.7748
10:05:00 750.0 23613.0 281.79 282.33 282.41 282.0 282.3 31.0 282.34 47.0 23613.0 6153.0 17460.0 0.0 282.1343
10:06:00 1416.0 32014.0 281.79 281.89 282.35 281.4 281.88 10.0 281.96 200.0 32014.0 10645.0 21369.0 0.0 281.8451
10:07:00 1151.0 23943.0 281.79 281.23 282.12 281.06 281.19 242.0 281.26 303.0 23943.0 7958.0 15985.0 0.0 281.4537
10:08:00 1492.0 45438.0 281.79 282.07 282.18 280.88 282.06 50.0 282.14 150.0 45438.0 22715.0 22723.0 0.0 281.5116
10:09:00 968.0 32934.0 281.79 282.75 282.87 282.08 282.74 384.0 282.81 142.0 32934.0 19283.0 13651.0 0.0 282.5254
10:10:00 1599.0 69135.0 281.79 283.45 283.77 282.81 283.41 25.0 283.46 401.0 69135.0 53957.0 15178.0 0.0 283.3596
10:11:00 1542.0 43668.0 281.79 283.73 283.8 283.3 283.71 35.0 283.77 200.0 43668.0 25993.0 17675.0 0.0 283.5853
10:12:00 1605.0 40453.0 281.79 283.85 284.0 283.52 283.84 379.0 283.91 25.0 40453.0 27890.0 12563.0 0.0 283.7938
10:13:00 1575.0 51449.0 281.79 283.71 284.02 283.47 283.68 7.0 283.75 1503.0 51449.0 30975.0 20474.0 0.0 283.8548
10:14:00 830.0 30410.0 281.79 283.78 283.83 283.45 283.74 66.0 283.8 246.0 30410.0 17526.0 12884.0 0.0 283.6795
10:15:00 1742.0 50654.0 281.79 283.94 284.43 283.59 283.9 25.0 283.96 125.0 50654.0 33775.0 16879.0 0.0 284.0796
10:16:00 1325.0 40395.0 281.79 283.44 284.1 283.22 283.42 24.0 283.47 88.0 40395.0 12206.0 28189.0 0.0 283.7771
10:17:00 1336.0 37790.0 281.79 283.29 283.5 282.76 283.29 165.0 283.34 103.0 37790.0 12884.0 24906.0 0.0 283.0582
10:18:00 1045.0 15888.0 281.79 283.28 283.53 283.14 283.23 225.0 283.28 58.0 15888.0 9664.0 6224.0 0.0 283.3314
10:19:00 895.0 18584.0 281.79 283.69 283.9 283.14 283.57 62.0 283.66 25.0 18584.0 11668.0 6916.0 0.0 283.6266
10:20:00 1149.0 45179.0 281.79 283.88 284.12 283.52 283.84 266.0 283.89 25.0 45179.0 38224.0 6955.0 0.0 283.9259
10:21:00 1045.0 27932.0 281.79 284.13 284.31 283.69 284.08 25.0 284.15 10.0 27932.0 15899.0 12033.0 0.0 284.1403
10:22:00 969.0 29095.0 281.79 283.38 284.27 283.3 283.34 150.0 283.42 50.0 29095.0 6790.0 22305.0 0.0 283.7039
10:23:00 1419.0 39416.0 281.79 283.08 283.66 283.0 283.07 256.0 283.14 25.0 39416.0 13094.0 26322.0 0.0 283.3209
10:24:00 846.0 15247.0 281.79 283.47 283.64 283.08 283.44 10.0 283.49 330.0 15247.0 7845.0 7402.0 0.0 283.4257
10:25:00 964.0 19047.0 281.79 283.71 284.0 283.47 283.7 18.0 283.77 25.0 19047.0 14014.0 5033.0 0.0 283.8177
10:26:00 2107.0 65086.0 281.79 284.67 284.68 283.4 284.63 40.0 284.68 400.0 65086.0 48682.0 16404.0 0.0 284.1172
10:27:00 4622.0 233926.0 281.79 284.76 285.95 284.67 284.74 101.0 284.79 286.0 233926.0 195444.0 38482.0 0.0 285.0826
10:28:00 1681.0 48106.0 281.79 284.84 285.32 284.5 284.8 29.0 284.86 188.0 48106.0 28727.0 19379.0 0.0 284.8929
10:29:00 1067.0 21267.0 281.79 284.29 284.99 284.19 284.23 200.0 284.29 100.0 21267.0 8914.0 12353.0 0.0 284.6231
10:30:00 948.0 29790.0 281.79 283.97 284.5 283.92 283.95 35.0 284.0 304.0 29790.0 8071.0 21719.0 0.0 284.2302
10:31:00 1141.0 34595.0 281.79 283.61 284.34 283.49 283.61 48.0 283.65 223.0 34595.0 12376.0 22219.0 0.0 283.7992
10:32:00 1267.0 28969.0 281.79 283.43 283.85 283.33 283.39 147.0 283.45 140.0 28969.0 9740.0 19229.0 0.0 283.6073
10:33:00 1676.0 47546.0 281.79 283.59 283.61 283.23 283.52 270.0 283.61 114.0 47546.0 19947.0 27599.0 0.0 283.3803
10:34:00 1076.0 21902.0 281.79 283.35 283.74 283.22 283.31 25.0 283.38 25.0 21902.0 12561.0 9341.0 0.0 283.5141
10:35:00 1383.0 41218.0 281.79 283.34 283.62 282.83 283.31 50.0 283.41 25.0 41218.0 13314.0 27904.0 0.0 283.1648
10:36:00 706.0 24958.0 281.79 283.34 283.55 282.97 283.36 11.0 283.4 350.0 24958.0 8976.0 15982.0 0.0 283.2098
10:37:00 582.0 9855.0 281.79 283.16 283.4 283.01 283.14 10.0 283.2 125.0 9855.0 3774.0 6081.0 0.0 283.2168
10:38:00 1550.0 65929.0 281.79 282.37 283.17 282.18 282.31 50.0 282.38 29.0 65929.0 8939.0 56990.0 0.0 282.6109
10:39:00 1662.0 50656.0 281.79 281.83 282.43 281.63 281.79 151.0 281.86 125.0 50656.0 14919.0 35737.0 0.0 281.932
10:40:00 1472.0 35399.0 281.79 281.5 281.87 281.36 281.46 64.0 281.54 25.0 35399.0 17071.0 18328.0 0.0 281.5469
10:41:00 844.0 23911.0 281.79 281.81 281.97 281.49 281.79 31.0 281.86 25.0 23911.0 11135.0 12776.0 0.0 281.7421
10:42:00 1608.0 46785.0 281.79 281.11 281.86 281.04 281.09 25.0 281.14 50.0 46785.0 14345.0 32440.0 0.0 281.3289
10:43:00 2035.0 78759.0 281.79 280.82 281.91 280.76 280.78 100.0 280.83 7.0 78759.0 16319.0 62440.0 0.0 281.1851
10:44:00 983.0 22501.0 281.79 280.88 281.04 280.62 280.83 130.0 280.89 221.0 22501.0 10396.0 12105.0 0.0 280.8487
10:45:00 1301.0 28582.0 281.79 281.5 281.58 280.72 281.44 11.0 281.5 108.0 28582.0 18729.0 9853.0 0.0 281.2966
10:46:00 1280.0 27249.0 281.79 281.43 281.55 280.92 281.39 80.0 281.44 10.0 27249.0 12263.0 14986.0 0.0 281.2821
10:47:00 1492.0 50818.0 281.79 281.9 282.09 281.44 281.9 1.0 281.95 25.0 50818.0 38699.0 12119.0 0.0 281.9237
10:48:00 969.0 14443.0 281.79 281.8 282.06 281.56 281.8 51.0 281.87 125.0 14443.0 6786.0 7657.0 0.0 281.7977
10:49:00 909.0 35100.0 281.79 280.91 281.84 280.91 280.91 16.0 280.95 25.0 35100.0 5013.0 30087.0 0.0 281.3198
10:50:00 1131.0 30786.0 281.79 280.6 281.38 280.58 280.59 1.0 280.65 25.0 30786.0 9667.0 21119.0 0.0 280.9553
10:51:00 3056.0 91824.0 281.79 279.89 280.68 279.71 279.85 145.0 279.93 25.0 91824.0 21182.0 70642.0 0.0 280.1814
10:52:00 1024.0 28150.0 281.79 280.27 280.62 279.81 280.23 252.0 280.31 140.0 28150.0 17178.0 10972.0 0.0 280.3244
10:53:00 1424.0 69871.0 281.79 279.45 280.53 279.38 279.43 127.0 279.48 303.0 69871.0 11375.0 58496.0 0.0 279.8878
10:54:00 2195.0 62464.0 281.79 279.15 279.67 278.93 279.13 6.0 279.22 27.0 62464.0 32075.0 30389.0 0.0 279.1505
10:55:00 923.0 23632.0 281.79 279.25 279.29 278.79 279.19 25.0 279.25 133.0 23632.0 12683.0 10949.0 0.0 279.0058
10:56:00 1092.0 28410.0 281.79 279.18 279.4 278.75 279.12 25.0 279.2 147.0 28410.0 12138.0 16272.0 0.0 279.0443
10:57:00 892.0 20551.0 281.79 279.3 279.67 278.88 279.27 20.0 279.33 139.0 20551.0 11744.0 8807.0 0.0 279.3644
10:58:00 919.0 25394.0 281.79 279.72 279.83 278.91 279.71 35.0 279.77 100.0 25394.0 18219.0 7175.0 0.0 279.4476
10:59:00 1255.0 38939.0 281.79 279.76 280.23 279.64 279.75 25.0 279.82 25.0 38939.0 19778.0 19161.0 0.0 279.9821
11:00:00 1594.0 35737.0 281.79 279.4 279.86 279.36 279.37 101.0 279.42 300.0 35737.0 20294.0 15443.0 0.0 279.6281
11:01:00 1363.0 37329.0 281.79 279.9 280.09 279.02 279.86 10.0 279.91 5.0 37329.0 24161.0 13168.0 0.0 279.6935
11:02:00 1277.0 32435.0 281.79 280.35 280.46 279.84 280.29 325.0 280.35 325.0 32435.0 22131.0 10304.0 0.0 280.1612
11:03:00 885.0 21901.0 281.79 280.13 280.44 279.86 280.09 26.0 280.15 20.0 21901.0 11089.0 10812.0 0.0 280.1373
11:04:00 801.0 16713.0 281.79 279.78 280.19 279.62 279.75 225.0 279.82 25.0 16713.0 6363.0 10350.0 0.0 279.8647
11:05:00 933.0 32401.0 281.79 279.35 280.26 279.26 279.31 7.0 279.38 203.0 32401.0 10600.0 21801.0 0.0 279.7205
11:06:00 2066.0 74244.0 281.79 278.34 279.71 278.3 278.32 25.0 278.41 825.0 74244.0 14307.0 59937.0 0.0 278.9269
11:07:00 4660.0 134432.0 281.79 277.46 278.41 276.86 277.39 441.0 277.47 939.0 134432.0 34074.0 100358.0 0.0 277.6899
11:08:00 1155.0 29202.0 281.79 277.38 277.45 276.84 277.32 125.0 277.4 830.0 29202.0 16826.0 12376.0 0.0 277.0916
11:09:00 1154.0 25664.0 281.79 277.7 278.0 277.07 277.63 105.0 277.74 25.0 25664.0 14566.0 11098.0 0.0 277.6316
11:10:00 973.0 21228.0 281.79 277.95 277.95 277.48 277.88 1.0 277.95 145.0 21228.0 13030.0 8198.0 0.0 277.7541
11:11:00 1208.0 21805.0 281.79 278.04 278.43 277.72 277.97 25.0 278.04 475.0 21805.0 12895.0 8910.0 0.0 278.0674
11:12:00 1183.0 32943.0 281.79 277.85 278.46 277.79 277.84 1.0 277.9 38.0 32943.0 17280.0 15663.0 0.0 278.163
11:13:00 830.0 17897.0 281.79 277.39 278.05 277.35 277.38 66.0 277.43 43.0 17897.0 6591.0 11306.0 0.0 277.667
11:14:00 1039.0 27828.0 281.79 277.25 277.95 277.12 277.23 29.0 277.32 141.0 27828.0 10034.0 17794.0 0.0 277.5123
11:15:00 1148.0 27567.0 281.79 277.12 277.3 276.94 277.09 101.0 277.18 196.0 27567.0 9771.0 17796.0 0.0 277.0934
11:16:00 1910.0 60516.0 281.79 276.29 277.59 276.23 276.28 21.0 276.33 25.0 60516.0 21699.0 38817.0 0.0 276.8192
11:17:00 1120.0 31299.0 281.79 276.8 277.09 276.27 276.73 300.0 276.8 209.0 31299.0 23510.0 7789.0 0.0 276.7168
11:18:00 1128.0 30801.0 281.79 276.54 276.8 276.08 276.46 50.0 276.56 229.0 30801.0 14984.0 15817.0 0.0 276.4035
11:19:00 1404.0 37171.0 281.79 277.79 277.8 276.47 277.73 125.0 277.8 15.0 37171.0 26053.0 11118.0 0.0 277.1777
11:20:00 1403.0 45474.0 281.79 277.58 278.09 277.52 277.59 25.0 277.65 174.0 45474.0 29498.0 15976.0 0.0 277.8164
11:21:00 1111.0 33718.0 281.79 278.09 278.25 277.38 278.08 38.0 278.14 25.0 33718.0 17353.0 16365.0 0.0 277.7851
11:22:00 823.0 20307.0 281.79 278.19 278.31 277.69 278.18 51.0 278.25 427.0 20307.0 8921.0 11386.0 0.0 278.0829
11:23:00 893.0 21566.0 281.79 277.79 278.32 277.64 277.76 5.0 277.83 25.0 21566.0 7630.0 13936.0 0.0 278.0724
11:24:00 675.0 16869.0 281.79 277.95 278.06 277.59 277.89 100.0 277.97 125.0 16869.0 6119.0 10750.0 0.0 277.8306
11:25:00 886.0 24787.0 281.79 278.42 278.69 277.88 278.42 9.0 278.49 42.0 24787.0 16856.0 7931.0 0.0 278.2649
11:26:00 940.0 31074.0 281.79 279.0 279.1 278.11 278.96 15.0 279.03 100.0 31074.0 21535.0 9539.0 0.0 278.6628
11:27:00 1039.0 25870.0 281.79 278.82 279.08 278.67 278.77 25.0 278.86 85.0 25870.0 10750.0 15120.0 0.0 278.8944
11:28:00 929.0 25463.0 281.79 279.17 279.24 278.77 279.14 314.0 279.2 32.0 25463.0 17873.0 7590.0 0.0 279.013
11:29:00 1063.0 26612.0 281.79 278.74 279.16 278.74 278.74 143.0 278.78 25.0 26612.0 7131.0 19481.0 0.0 278.9844
11:30:00 885.0 17814.0 281.79 279.16 279.19 278.6 279.11 9.0 279.17 8.0 17814.0 10609.0 7205.0 0.0 278.8606
11:31:00 890.0 20107.0 281.79 279.29 279.43 279.05 279.24 20.0 279.3 1.0 20107.0 11748.0 8359.0 0.0 279.2686
11:32:00 782.0 24805.0 281.79 279.81 279.87 279.04 279.8 300.0 279.84 25.0 24805.0 18424.0 6381.0 0.0 279.5486
11:33:00 1099.0 47144.0 281.79 280.04 280.2 279.69 280.0 799.0 280.05 25.0 47144.0 29995.0 17149.0 0.0 279.9911
11:34:00 757.0 26012.0 281.79 279.68 280.19 279.59 279.62 50.0 279.67 200.0 26012.0 13706.0 12306.0 0.0 279.871
11:35:00 756.0 15327.0 281.79 279.43 279.84 279.41 279.4 107.0 279.46 24.0 15327.0 3570.0 11757.0 0.0 279.5497
11:36:00 709.0 17411.0 281.79 279.59 279.8 279.42 279.56 30.0 279.62 60.0 17411.0 10673.0 6738.0 0.0 279.6554
11:37:00 702.0 21547.0 281.79 280.25 280.28 279.36 280.23 200.0 280.28 326.0 21547.0 14820.0 6727.0 0.0 279.8934
11:38:00 617.0 20902.0 281.79 279.74 280.29 279.69 279.71 428.0 279.77 250.0 20902.0 8479.0 12423.0 0.0 279.9495
11:39:00 458.0 12299.0 281.79 279.74 280.01 279.64 279.69 165.0 279.75 123.0 12299.0 3786.0 8513.0 0.0 279.821
11:40:00 446.0 11689.0 281.79 279.84 279.9 279.64 279.8 62.0 279.85 529.0 11689.0 4935.0 6754.0 0.0 279.7694
11:41:00 498.0 13132.0 281.79 279.81 279.99 279.7 279.76 150.0 279.81 25.0 13132.0 5216.0 7916.0 0.0 279.8411
11:42:00 729.0 14773.0 281.79 279.97 280.14 279.78 279.92 50.0 279.99 61.0 14773.0 9892.0 4881.0 0.0 279.9791
11:43:00 912.0 28615.0 281.79 280.45 280.7 279.92 280.43 800.0 280.49 350.0 28615.0 20794.0 7821.0 0.0 280.4651
11:44:00 494.0 17352.0 281.79 280.48 280.52 280.25 280.42 31.0 280.47 153.0 17352.0 6336.0 11016.0 0.0 280.3682
11:45:00 1047.0 27889.0 281.79 279.66 280.42 279.37 279.61 225.0 279.66 1.0 27889.0 6760.0 21129.0 0.0 279.7791
11:46:00 922.0 26608.0 281.79 279.69 279.8 279.17 279.69 207.0 279.77 175.0 26608.0 12670.0 13938.0 0.0 279.3886
11:47:00 472.0 11144.0 281.79 279.94 280.07 279.65 279.95 100.0 280.0 500.0 11144.0 4769.0 6375.0 0.0 279.9163
11:48:00 542.0 8879.0 281.79 279.98 280.15 279.89 279.93 15.0 279.99 201.0 8879.0 4736.0 4143.0 0.0 280.0416
11:49:00 546.0 12405.0 281.79 279.71 280.08 279.58 279.68 37.0 279.77 25.0 12405.0 5181.0 7224.0 0.0 279.8517
11:50:00 511.0 11907.0 281.79 279.43 279.8 279.38 279.4 10.0 279.46 25.0 11907.0 4854.0 7053.0 0.0 279.5331
11:51:00 526.0 11168.0 281.79 279.82 279.9 279.31 279.8 130.0 279.87 153.0 11168.0 6819.0 4349.0 0.0 279.6081
11:52:00 478.0 8003.0 281.79 279.72 279.93 279.68 279.67 120.0 279.75 501.0 8003.0 3516.0 4487.0 0.0 279.7968
11:53:00 437.0 9425.0 281.79 279.99 280.06 279.66 279.97 14.0 280.0 20.0 9425.0 6800.0 2625.0 0.0 279.9169
11:54:00 380.0 13167.0 281.79 280.16 280.26 279.94 280.12 90.0 280.17 111.0 13167.0 7698.0 5469.0 0.0 280.1262
11:55:00 892.0 21535.0 281.79 280.6 280.8 280.16 280.6 25.0 280.65 27.0 21535.0 16205.0 5330.0 0.0 280.5516
11:56:00 561.0 13171.0 281.79 280.35 280.75 280.3 280.34 11.0 280.39 400.0 13171.0 4718.0 8453.0 0.0 280.528
11:57:00 937.0 25329.0 281.79 280.31 280.5 280.13 280.3 264.0 280.35 81.0 25329.0 6216.0 19113.0 0.0 280.32
11:58:00 613.0 20582.0 281.79 279.77 280.325 279.58 279.75 119.0 279.82 936.0 20582.0 5706.0 14876.0 0.0 279.9742
11:59:00 568.0 13488.0 281.79 280.09 280.14 279.51 280.05 225.0 280.11 225.0 13488.0 8080.0 5408.0 0.0 279.8647
12:00:00 389.0 13182.0 281.79 280.17 280.41 279.91 280.14 200.0 280.19 289.0 13182.0 10965.0 2217.0 0.0 280.2116
12:01:00 362.0 10503.0 281.79 280.09 280.29 279.92 280.02 25.0 280.11 103.0 10503.0 3731.0 6772.0 0.0 280.0922
12:02:00 368.0 14483.0 281.79 280.36 280.39 279.97 280.33 44.0 280.39 25.0 14483.0 10652.0 3831.0 0.0 280.1914
12:03:00 378.0 12399.0 281.79 280.66 280.72 280.25 280.62 2.0 280.67 25.0 12399.0 8623.0 3776.0 0.0 280.5268
12:04:00 309.0 7577.0 281.79 280.46 280.68 280.4 280.45 1.0 280.49 11.0 7577.0 3517.0 4060.0 0.0 280.5475
12:05:00 258.0 8336.0 281.79 280.56 280.64 280.31 280.53 5.0 280.59 1.0 8336.0 5260.0 3076.0 0.0 280.515
12:06:00 492.0 17392.0 281.79 279.88 280.56 279.77 279.82 100.0 279.88 250.0 17392.0 3717.0 13675.0 0.0 280.0316
12:07:00 626.0 21042.0 281.79 279.67 280.18 279.62 279.65 1551.0 279.71 150.0 21042.0 12617.0 8425.0 0.0 279.8268
12:08:00 943.0 53472.0 281.79 279.26 279.92 279.16 279.25 200.0 279.32 1.0 53472.0 8004.0 45468.0 0.0 279.5724
12:09:00 560.0 13906.0 281.79 279.53 279.61 279.13 279.51 300.0 279.56 50.0 13906.0 7722.0 6184.0 0.0 279.3953
12:10:00 411.0 10666.0 281.79 279.58 279.67 279.33 279.56 319.0 279.62 550.0 10666.0 5784.0 4882.0 0.0 279.5277
12:11:00 430.0 10312.0 281.79 279.5 279.85 279.47 279.5 2.0 279.53 2.0 10312.0 5092.0 5220.0 0.0 279.66
12:12:00 369.0 6177.0 281.79 279.36 279.6 279.28 279.36 180.0 279.41 70.0 6177.0 3172.0 3005.0 0.0 279.4506
12:13:00 1354.0 55551.0 281.79 278.44 279.41 278.42 278.42 42.0 278.47 243.0 55551.0 13543.0 42008.0 0.0 278.7523
12:14:00 704.0 24000.0 281.79 278.6 278.66 278.23 278.55 51.0 278.64 200.0 24000.0 14556.0 9444.0 0.0 278.4004
12:15:00 381.0 12552.0 281.79 278.69 278.8 278.46 278.69 227.0 278.75 3.0 12552.0 6840.0 5712.0 0.0 278.6354
12:16:00 530.0 10829.0 281.79 278.95 279.08 278.68 278.88 27.0 278.96 20.0 10829.0 8024.0 2805.0 0.0 278.8508
12:17:00 369.0 9119.0 281.79 279.16 279.27 278.91 279.18 5.0 279.23 1.0 9119.0 5060.0 4059.0 0.0 279.167
12:18:00 331.0 7688.0 281.79 279.3 279.3 279.12 279.25 10.0 279.28 10.0 7688.0 4324.0 3364.0 0.0 279.2036
12:19:00 414.0 14557.0 281.79 278.91 279.29 278.91 278.91 102.0 278.96 120.0 14557.0 4503.0 10054.0 0.0 279.0643
12:20:00 836.0 22775.0 281.79 279.59 279.92 278.9 279.59 100.0 279.65 25.0 22775.0 16721.0 6054.0 0.0 279.5345
12:21:00 1151.0 33953.0 281.79 280.23 280.36 279.55 280.17 600.0 280.23 308.0 33953.0 22014.0 11939.0 0.0 279.9261
12:22:00 475.0 13328.0 281.79 280.11 280.3 279.95 280.08 50.0 280.18 100.0 13328.0 6047.0 7281.0 0.0 280.1029
12:23:00 363.0 8819.0 281.79 280.13 280.19 279.87 280.08 200.0 280.14 110.0 8819.0 3125.0 5694.0 0.0 280.0439
12:24:00 236.0 6148.0 281.79 280.1 280.13 279.88 280.05 103.0 280.1 19.0 6148.0 2353.0 3795.0 0.0 280.0158
12:25:00 450.0 15674.0 281.79 280.32 280.52 280.1 280.32 45.0 280.39 24.0 15674.0 11335.0 4339.0 0.0 280.3114
12:26:00 715.0 22334.0 281.79 280.34 280.7 280.3 280.32 100.0 280.39 50.0 22334.0 12511.0 9823.0 0.0 280.5073
12:27:00 286.0 11489.0 281.79 280.52 280.52 280.3 280.45 450.0 280.53 200.0 11489.0 3679.0 7810.0 0.0 280.3568
12:28:00 255.0 8994.0 281.79 280.54 280.56 280.31 280.48 50.0 280.55 100.0 8994.0 4282.0 4712.0 0.0 280.4288
12:29:00 284.0 13331.0 281.79 280.35 280.58 280.35 280.33 16.0 280.4 150.0 13331.0 8159.0 5172.0 0.0 280.4901
12:30:00 384.0 8446.0 281.79 280.39 280.51 280.29 280.37 25.0 280.4 121.0 8446.0 4219.0 4227.0 0.0 280.3873
12:31:00 484.0 19697.0 281.79 280.73 280.73 280.36 280.71 50.0 280.75 1580.0 19697.0 14972.0 4725.0 0.0 280.5463
12:32:00 1149.0 35327.0 281.79 280.785 281.06 280.59 280.77 102.0 280.81 418.0 35327.0 26676.0 8651.0 0.0 280.8879
12:33:00 556.0 21227.0 281.79 280.77 280.96 280.7 280.75 1.0 280.83 50.0 21227.0 7114.0 14113.0 0.0 280.8372
12:34:00 217.0 6800.0 281.79 280.65 280.85 280.63 280.65 88.0 280.68 359.0 6800.0 2441.0 4359.0 0.0 280.7402
12:35:00 396.0 15548.0 281.79 280.75 280.82 280.57 280.75 250.0 280.8 107.0 15548.0 9201.0 6347.0 0.0 280.7552
12:36:00 920.0 28090.0 281.79 281.38 281.49 280.79 281.38 4.0 281.43 50.0 28090.0 18200.0 9890.0 0.0 281.1975
12:37:00 992.0 26873.0 281.79 281.51 281.76 281.3 281.49 204.0 281.55 2.0 26873.0 16159.0 10714.0 0.0 281.5293
12:38:00 598.0 14456.0 281.79 281.67 281.76 281.35 281.66 52.0 281.71 7.0 14456.0 7384.0 7072.0 0.0 281.5637
12:39:00 722.0 23821.0 281.79 281.66 281.89 281.53 281.65 251.0 281.69 50.0 23821.0 14043.0 9778.0 0.0 281.7047
12:40:00 493.0 19468.0 281.79 281.26 281.78 281.26 281.25 461.0 281.29 50.0 19468.0 6053.0 13415.0 0.0 281.515
12:41:00 496.0 13893.0 281.79 281.01 281.46 280.96 281.01 400.0 281.07 150.0 13893.0 6203.0 7690.0 0.0 281.2401
12:42:00 435.0 11466.0 281.79 281.27 281.27 281.05 281.21 4.0 281.26 178.0 11466.0 7075.0 4391.0 0.0 281.1605
12:43:00 469.0 18581.0 281.79 281.33 281.64 281.21 281.27 50.0 281.36 100.0 18581.0 14072.0 4509.0 0.0 281.4657
12:44:00 414.0 7923.0 281.79 281.26 281.35 281.03 281.21 150.0 281.27 71.0 7923.0 4518.0 3405.0 0.0 281.169
12:45:00 392.0 7294.0 281.79 281.24 281.48 281.08 281.23 300.0 281.29 100.0 7294.0 3801.0 3493.0 0.0 281.2655
12:46:00 561.0 13522.0 281.79 281.33 281.51 281.22 281.31 26.0 281.37 50.0 13522.0 7769.0 5753.0 0.0 281.372
12:47:00 1100.0 26667.0 281.79 280.65 281.4 280.43 280.65 2.0 280.69 54.0 26667.0 8288.0 18379.0 0.0 280.7614
12:48:00 477.0 11304.0 281.79 280.51 280.74 280.37 280.5 25.0 280.55 25.0 11304.0 5893.0 5411.0 0.0 280.5165
12:49:00 280.0 6935.0 281.79 280.62 280.7 280.48 280.59 50.0 280.66 125.0 6935.0 4289.0 2646.0 0.0 280.5945
12:50:00 398.0 8602.0 281.79 281.055 281.11 280.55 281.0 52.0 281.05 250.0 8602.0 6077.0 2525.0 0.0 280.8506
12:51:00 741.0 20067.0 281.79 281.53 281.63 280.8 281.52 25.0 281.56 10.0 20067.0 11644.0 8423.0 0.0 281.2281
12:52:00 722.0 22297.0 281.79 281.57 281.7 281.45 281.56 17.0 281.6 136.0 22297.0 7705.0 14592.0 0.0 281.5811
12:53:00 449.0 20145.0 281.79 281.86 281.87 281.34 281.78 250.0 281.84 50.0 20145.0 16150.0 3995.0 0.0 281.6304
12:54:00 493.0 10840.0 281.79 281.5 281.83 281.48 281.47 158.0 281.53 150.0 10840.0 4054.0 6786.0 0.0 281.6671
12:55:00 229.0 6712.0 281.79 281.53 281.57 281.37 281.49 8.0 281.54 447.0 6712.0 3835.0 2877.0 0.0 281.4624
12:56:00 435.0 13303.0 281.79 281.83 281.9 281.45 281.8 62.0 281.86 201.0 13303.0 10176.0 3127.0 0.0 281.739
12:57:00 696.0 27845.0 281.79 281.88 282.12 281.77 281.85 105.0 281.91 396.0 27845.0 22238.0 5607.0 0.0 281.9629
12:58:00 327.0 6632.0 281.79 281.78 281.94 281.72 281.79 4.0 281.83 54.0 6632.0 3623.0 3009.0 0.0 281.829
12:59:00 368.0 16992.0 281.79 281.83 281.9 281.68 281.82 15.0 281.85 10.0 16992.0 4224.0 12768.0 0.0 281.7461
13:00:00 305.0 5389.0 281.79 281.52 281.82 281.46 281.47 1.0 281.52 225.0 5389.0 910.0 4479.0 0.0 281.5689
13:01:00 530.0 8715.0 281.79 281.4 281.58 281.36 281.4 92.0 281.43 14.0 8715.0 3739.0 4976.0 0.0 281.4689
13:02:00 764.0 18646.0 281.79 281.16 281.53 280.96 281.14 40.0 281.18 25.0 18646.0 5099.0 13547.0 0.0 281.2058
13:03:00 718.0 15240.0 281.79 280.76 281.34 280.65 280.71 125.0 280.78 1.0 15240.0 6462.0 8778.0 0.0 280.9884
13:04:00 536.0 23688.0 281.79 281.0 281.03 280.61 280.96 100.0 281.01 150.0 23688.0 14440.0 9248.0 0.0 280.7949
13:05:00 286.0 6031.0 281.79 281.0 281.16 280.85 281.0 1.0 281.06 1.0 6031.0 2485.0 3546.0 0.0 280.9955
13:06:00 278.0 7038.0 281.79 280.79 281.0 280.65 280.75 13.0 280.81 201.0 7038.0 3069.0 3969.0 0.0 280.808
13:07:00 275.0 4599.0 281.79 280.94 280.94 280.67 280.91 25.0 280.98 115.0 4599.0 2684.0 1915.0 0.0 280.7836
13:08:00 315.0 9717.0 281.79 280.85 281.04 280.77 280.84 1.0 280.88 100.0 9717.0 2837.0 6880.0 0.0 280.8815
13:09:00 451.0 12397.0 281.79 280.6 280.89 280.52 280.59 221.0 280.63 50.0 12397.0 3229.0 9168.0 0.0 280.6655
13:10:00 231.0 5711.0 281.79 280.88 280.88 280.61 280.82 25.0 280.88 50.0 5711.0 4036.0 1675.0 0.0 280.7059
13:11:00 438.0 13897.0 281.79 281.03 281.33 280.77 281.02 200.0 281.07 150.0 13897.0 5739.0 8158.0 0.0 281.0609
13:12:00 361.0 12587.0 281.79 280.7 281.03 280.61 280.66 44.0 280.72 950.0 12587.0 3931.0 8656.0 0.0 280.7592
13:13:00 1347.0 32181.0 281.79 280.15 280.67 279.9 280.12 36.0 280.2 150.0 32181.0 10752.0 21429.0 0.0 280.1686
13:14:00 577.0 16833.0 281.79 280.13 280.21 279.86 280.11 3.0 280.18 50.0 16833.0 4350.0 12483.0 0.0 280.0016
13:15:00 341.0 9297.0 281.79 280.36 280.54 280.05 280.33 160.0 280.38 10.0 9297.0 4935.0 4362.0 0.0 280.3733
13:16:00 487.0 10257.0 281.79 280.11 280.48 280.0 280.07 50.0 280.14 26.0 10257.0 4322.0 5935.0 0.0 280.1416
13:17:00 337.0 5208.0 281.79 280.33 280.35 280.12 280.26 25.0 280.34 122.0 5208.0 3612.0 1596.0 0.0 280.2483
13:18:00 326.0 6801.0 281.79 280.1 280.33 280.1 280.11 200.0 280.16 234.0 6801.0 3040.0 3761.0 0.0 280.1996
13:19:00 521.0 11775.0 281.79 279.96 280.31 279.94 279.95 321.0 280.01 57.0 11775.0 3740.0 8035.0 0.0 280.1271
13:20:00 880.0 23331.0 281.79 280.6 280.65 279.81 280.57 62.0 280.64 181.0 23331.0 12607.0 10724.0 0.0 280.1496
13:21:00 435.0 10935.0 281.79 280.53 280.61 280.3 280.5 230.0 280.53 50.0 10935.0 3542.0 7393.0 0.0 280.485
13:22:00 413.0 13917.0 281.79 280.29 280.55 279.9 280.26 2.0 280.32 132.0 13917.0 4310.0 9607.0 0.0 280.1743
13:23:00 286.0 7026.0 281.79 280.17 280.3 279.96 280.12 26.0 280.21 25.0 7026.0 3667.0 3359.0 0.0 280.1057
13:24:00 363.0 11000.0 281.79 280.08 280.27 279.85 280.04 51.0 280.09 24.0 11000.0 3876.0 7124.0 0.0 279.9911
13:25:00 242.0 10337.0 281.79 280.25 280.27 280.0 280.22 200.0 280.28 200.0 10337.0 3018.0 7319.0 0.0 280.0878
13:26:00 475.0 11124.0 281.79 280.41 280.73 280.15 280.4 4.0 280.45 151.0 11124.0 6420.0 4704.0 0.0 280.4502
13:27:00 333.0 8730.0 281.79 280.39 280.44 280.22 280.35 50.0 280.41 10.0 8730.0 3474.0 5256.0 0.0 280.3099
13:28:00 564.0 12119.0 281.79 280.66 280.79 280.38 280.62 150.0 280.69 50.0 12119.0 7842.0 4277.0 0.0 280.6703
13:29:00 389.0 11421.0 281.79 280.54 280.89 280.44 280.45 235.0 280.52 16.0 11421.0 7945.0 3476.0 0.0 280.69
13:30:00 691.0 12832.0 281.79 280.32 280.58 279.94 280.28 55.0 280.34 5.0 12832.0 5052.0 7780.0 0.0 280.1562
13:31:00 476.0 7503.0 281.79 280.19 280.34 279.83 280.17 1.0 280.23 153.0 7503.0 2442.0 5061.0 0.0 280.072
13:32:00 320.0 6718.0 281.79 280.5 280.58 280.12 280.48 25.0 280.57 150.0 6718.0 4718.0 2000.0 0.0 280.3692
13:33:00 434.0 5975.0 281.79 280.71 280.83 280.44 280.64 325.0 280.71 110.0 5975.0 4139.0 1836.0 0.0 280.6729
13:34:00 247.0 6888.0 281.79 280.81 280.83 280.64 280.78 100.0 280.83 4.0 6888.0 5903.0 985.0 0.0 280.7331
13:35:00 220.0 5848.0 281.79 280.69 280.81 280.54 280.64 308.0 280.7 136.0 5848.0 1987.0 3861.0 0.0 280.6481
13:36:00 319.0 8514.0 281.79 280.46 280.77 280.39 280.45 18.0 280.51 25.0 8514.0 3109.0 5405.0 0.0 280.5852
13:37:00 263.0 7112.0 281.79 280.36 280.62 280.17 280.33 125.0 280.41 136.0 7112.0 2344.0 4768.0 0.0 280.3304
13:38:00 370.0 5769.0 281.79 280.39 280.51 280.13 280.37 10.0 280.42 31.0 5769.0 2697.0 3072.0 0.0 280.2903
13:39:00 248.0 5810.0 281.79 280.49 280.63 280.31 280.45 13.0 280.5 28.0 5810.0 3563.0 2247.0 0.0 280.4164
13:40:00 349.0 10078.0 281.79 280.76 280.81 280.47 280.71 260.0 280.77 300.0 10078.0 7035.0 3043.0 0.0 280.6632
13:41:00 354.0 7106.0 281.79 280.63 280.84 280.51 280.61 112.0 280.64 100.0 7106.0 4030.0 3076.0 0.0 280.6534
13:42:00 284.0 6130.0 281.79 280.89 280.94 280.61 280.85 60.0 280.92 9.0 6130.0 3994.0 2136.0 0.0 280.7756
13:43:00 521.0 18319.0 281.79 281.12 281.25 280.78 281.09 50.0 281.14 3.0 18319.0 13652.0 4667.0 0.0 281.0241
13:44:00 346.0 8156.0 281.79 280.85 281.13 280.74 280.8 2.0 280.85 5.0 8156.0 3188.0 4968.0 0.0 280.9692
13:45:00 322.0 6682.0 281.79 280.86 281.04 280.71 280.81 150.0 280.85 300.0 6682.0 3541.0 3141.0 0.0 280.8606
13:46:00 766.0 17735.0 281.79 280.82 280.92 280.38 280.81 29.0 280.85 20.0 17735.0 5274.0 12461.0 0.0 280.6305
13:47:00 607.0 16256.0 281.79 281.19 281.3 280.81 281.15 42.0 281.19 50.0 16256.0 11744.0 4512.0 0.0 281.0264
13:48:00 284.0 8586.0 281.79 281.25 281.31 281.13 281.2 250.0 281.26 205.0 8586.0 4885.0 3701.0 0.0 281.2301
13:49:00 330.0 5908.0 281.79 281.07 281.28 280.97 281.06 50.0 281.11 166.0 5908.0 1981.0 3927.0 0.0 281.1184
13:50:00 361.0 9155.0 281.79 280.92 281.3 280.92 280.91 111.0 280.95 9.0 9155.0 5312.0 3843.0 0.0 281.1642
13:51:00 753.0 18619.0 281.79 280.27 281.02 280.12 280.25 379.0 280.33 97.0 18619.0 4938.0 13681.0 0.0 280.5408
13:52:00 577.0 12026.0 281.79 280.07 280.47 280.03 280.05 10.0 280.11 14.0 12026.0 4090.0 7936.0 0.0 280.2388
13:53:00 1013.0 22440.0 281.79 279.83 280.12 279.5 279.79 5.0 279.87 25.0 22440.0 6583.0 15857.0 0.0 279.7928
13:54:00 632.0 14696.0 281.79 279.84 280.07 279.75 279.81 125.0 279.89 125.0 14696.0 9769.0 4927.0 0.0 279.9287
13:55:00 370.0 8915.0 281.79 279.94 280.05 279.8 279.93 25.0 279.98 1.0 8915.0 3191.0 5724.0 0.0 279.9314
13:56:00 425.0 13132.0 281.79 279.96 280.02 279.71 279.89 69.0 279.94 15.0 13132.0 4701.0 8431.0 0.0 279.9105
13:57:00 405.0 10430.0 281.79 280.12 280.31 279.94 280.09 3.0 280.13 1.0 10430.0 6765.0 3665.0 0.0 280.1455
13:58:00 544.0 21190.0 281.79 280.19 280.19 279.93 280.15 51.0 280.19 55.0 21190.0 10820.0 10370.0 0.0 280.0654
13:59:00 398.0 13834.0 281.79 280.03 280.2 279.81 280.02 25.0 280.1 25.0 13834.0 4129.0 9705.0 0.0 280.0016
14:00:00 340.0 4941.0 281.79 279.94 280.26 279.93 279.95 25.0 279.98 131.0 4941.0 2398.0 2543.0 0.0 280.0953
14:01:00 590.0 11615.0 281.79 279.83 279.95 279.55 279.82 200.0 279.9 150.0 11615.0 2846.0 8769.0 0.0 279.7724
14:02:00 323.0 6877.0 281.79 279.98 280.07 279.78 279.93 101.0 279.99 25.0 6877.0 3615.0 3262.0 0.0 279.924
14:03:00 507.0 15023.0 281.79 279.68 279.94 279.45 279.63 100.0 279.69 299.0 15023.0 3010.0 12013.0 0.0 279.6975
14:04:00 913.0 29358.0 281.79 279.14 279.83 279.06 279.1 2446.0 279.17 650.0 29358.0 9805.0 19553.0 0.0 279.4143
14:05:00 694.0 14753.0 281.79 279.43 279.63 279.1 279.4 240.0 279.46 825.0 14753.0 7462.0 7291.0 0.0 279.4034
14:06:00 583.0 15292.0 281.79 279.66 280.0 279.34 279.61 131.0 279.68 150.0 15292.0 9981.0 5311.0 0.0 279.6806
14:07:00 317.0 5669.0 281.79 279.67 279.86 279.5 279.62 125.0 279.7 25.0 5669.0 2193.0 3476.0 0.0 279.7201
14:08:00 370.0 7664.0 281.79 279.59 279.65 279.41 279.58 25.0 279.65 525.0 7664.0 3587.0 4077.0 0.0 279.5101
14:09:00 387.0 9675.0 281.79 279.59 279.86 279.4 279.57 1.0 279.61 3.0 9675.0 2695.0 6980.0 0.0 279.6485
14:10:00 462.0 9817.0 281.79 279.56 280.07 279.52 279.52 26.0 279.57 125.0 9817.0 6770.0 3047.0 0.0 279.841
14:11:00 474.0 11291.0 281.79 279.59 279.65 279.33 279.52 78.0 279.6 398.0 11291.0 6655.0 4636.0 0.0 279.5058
14:12:00 538.0 15072.0 281.79 279.69 279.83 279.48 279.65 230.0 279.7 208.0 15072.0 7496.0 7576.0 0.0 279.5874
14:13:00 659.0 18100.0 281.79 280.18 280.4 279.7 280.15 121.0 280.21 25.0 18100.0 12655.0 5445.0 0.0 280.0817
14:14:00 229.0 6362.0 281.79 279.93 280.2 279.92 279.93 3.0 279.98 31.0 6362.0 2933.0 3429.0 0.0 280.04
14:15:00 271.0 7400.0 281.79 280.23 280.25 279.85 280.19 25.0 280.25 221.0 7400.0 3477.0 3923.0 0.0 280.0175
14:16:00 287.0 6867.0 281.79 280.2 280.32 280.09 280.2 30.0 280.25 25.0 6867.0 3301.0 3566.0 0.0 280.222
14:17:00 611.0 16211.0 281.79 280.01 280.42 279.94 279.99 20.0 280.03 1.0 16211.0 6691.0 9520.0 0.0 280.1496
14:18:00 224.0 6384.0 281.79 279.98 280.15 279.91 279.96 60.0 280.0 8.0 6384.0 2660.0 3724.0 0.0 280.0277
14:19:00 294.0 10221.0 281.79 280.05 280.08 279.83 280.0 9.0 280.05 1.0 10221.0 4089.0 6132.0 0.0 279.9382
14:20:00 326.0 7669.0 281.79 279.82 280.06 279.71 279.79 18.0 279.85 129.0 7669.0 3430.0 4239.0 0.0 279.9018
14:21:00 361.0 8170.0 281.79 280.36 280.36 279.73 280.3 213.0 280.36 200.0 8170.0 5917.0 2253.0 0.0 280.0412
14:22:00 377.0 10725.0 281.79 280.37 280.45 280.1 280.37 7.0 280.41 200.0 10725.0 6308.0 4417.0 0.0 280.2573
14:23:00 327.0 10062.0 281.79 280.63 280.74 280.1 280.59 380.0 280.66 150.0 10062.0 6705.0 3357.0 0.0 280.4452
14:24:00 268.0 6724.0 281.79 280.59 280.75 280.5 280.55 50.0 280.59 48.0 6724.0 3085.0 3639.0 0.0 280.6239
14:25:00 119.0 3886.0 281.79 280.63 280.65 280.45 280.61 147.0 280.65 315.0 3886.0 2564.0 1322.0 0.0 280.5692
14:26:00 271.0 8235.0 281.79 280.73 280.81 280.54 280.67 27.0 280.74 1.0 8235.0 4519.0 3716.0 0.0 280.716
14:27:00 232.0 8912.0 281.79 280.66 280.78 280.55 280.65 150.0 280.71 913.0 8912.0 2238.0 6674.0 0.0 280.6473
14:28:00 373.0 12497.0 281.79 280.59 280.75 280.53 280.59 61.0 280.63 475.0 12497.0 8847.0 3650.0 0.0 280.6334
14:29:00 253.0 9249.0 281.79 280.57 280.66 280.45 280.53 51.0 280.58 138.0 9249.0 4537.0 4712.0 0.0 280.5435
14:30:00 405.0 14806.0 281.79 280.63 280.75 280.57 280.61 104.0 280.65 37.0 14806.0 8983.0 5823.0 0.0 280.6745
14:31:00 367.0 10642.0 281.79 280.45 280.72 280.42 280.44 10.0 280.49 51.0 10642.0 3616.0 7026.0 0.0 280.5344
14:32:00 732.0 21035.0 281.79 280.13 280.49 279.94 280.1 20.0 280.17 250.0 21035.0 10354.0 10681.0 0.0 280.1711
14:33:00 2712.0 68128.0 281.79 279.49 280.22 279.3 279.45 50.0 279.52 150.0 68128.0 26875.0 41253.0 0.0 279.6544
14:34:00 943.0 32386.0 281.79 279.25 279.66 278.92 279.17 25.0 279.25 113.0 32386.0 9196.0 23190.0 0.0 279.1592
14:35:00 1018.0 20265.0 281.79 279.29 279.44 279.19 279.28 110.0 279.32 101.0 20265.0 14321.0 5944.0 0.0 279.3036
14:36:00 1004.0 32340.0 281.79 279.56 279.67 279.2 279.55 50.0 279.6 420.0 32340.0 15511.0 16829.0 0.0 279.4134
14:37:00 526.0 7900.0 281.79 279.57 279.7 279.45 279.56 200.0 279.62 457.0 7900.0 4602.0 3298.0 0.0 279.6015
14:38:00 353.0 8855.0 281.79 279.56 279.81 279.52 279.56 150.0 279.61 100.0 8855.0 5179.0 3676.0 0.0 279.6799
14:39:00 219.0 6541.0 281.79 279.89 279.94 279.61 279.85 210.0 279.91 250.0 6541.0 5048.0 1493.0 0.0 279.808
14:40:00 492.0 15243.0 281.79 279.9 280.06 279.78 279.9 1.0 279.92 305.0 15243.0 4551.0 10692.0 0.0 279.9495
14:41:00 494.0 10692.0 281.79 279.7 279.95 279.58 279.66 765.0 279.72 80.0 10692.0 3390.0 7302.0 0.0 279.7303
14:42:00 265.0 7258.0 281.79 279.64 279.84 279.56 279.63 424.0 279.67 80.0 7258.0 2316.0 4942.0 0.0 279.7001
14:43:00 899.0 25737.0 281.79 279.53 279.76 279.16 279.5 50.0 279.55 12.0 25737.0 13121.0 12616.0 0.0 279.4047
14:44:00 351.0 10424.0 281.79 279.6 279.92 279.46 279.58 10.0 279.63 250.0 10424.0 5867.0 4557.0 0.0 279.7288
14:45:00 376.0 8962.0 281.79 279.57 279.83 279.48 279.52 700.0 279.6 119.0 8962.0 2442.0 6520.0 0.0 279.6125
14:46:00 394.0 8743.0 281.79 279.66 279.84 279.56 279.68 50.0 279.75 150.0 8743.0 5223.0 3520.0 0.0 279.7208
14:47:00 311.0 8402.0 281.79 279.71 279.78 279.43 279.65 235.0 279.72 319.0 8402.0 2937.0 5465.0 0.0 279.6007
14:48:00 412.0 13584.0 281.79 279.93 280.02 279.66 279.89 101.0 279.95 389.0 13584.0 10110.0 3474.0 0.0 279.9175
14:49:00 435.0 11153.0 281.79 280.05 280.16 279.84 280.03 150.0 280.1 236.0 11153.0 5696.0 5457.0 0.0 280.0146
14:50:00 307.0 6966.0 281.79 280.06 280.11 279.93 280.05 150.0 280.1 318.0 6966.0 4525.0 2441.0 0.0 280.037
14:51:00 451.0 12522.0 281.79 280.22 280.31 279.89 280.21 5.0 280.27 100.0 12522.0 6177.0 6345.0 0.0 280.106
14:52:00 348.0 12624.0 281.79 280.24 280.38 280.12 280.21 200.0 280.26 1151.0 12624.0 7248.0 5376.0 0.0 280.2903
14:53:00 403.0 7924.0 281.79 280.04 280.21 279.93 280.01 398.0 280.06 30.0 7924.0 2516.0 5408.0 0.0 280.0378
14:54:00 269.0 8342.0 281.79 279.95 280.13 279.88 279.95 23.0 279.98 3.0 8342.0 2279.0 6063.0 0.0 280.0076
14:55:00 361.0 14979.0 281.79 280.17 280.17 279.68 280.12 277.0 280.18 300.0 14979.0 5513.0 9466.0 0.0 279.8774
14:56:00 331.0 14953.0 281.79 280.12 280.25 280.0 280.07 317.0 280.13 500.0 14953.0 10754.0 4199.0 0.0 280.1012
14:57:00 501.0 19989.0 281.79 280.45 280.46 280.11 280.42 170.0 280.47 100.0 19989.0 15968.0 4021.0 0.0 280.274
14:58:00 527.0 22095.0 281.79 280.51 280.65 280.41 280.5 122.0 280.51 1.0 22095.0 12486.0 9609.0 0.0 280.5355
14:59:00 297.0 9193.0 281.79 280.4 280.54 280.37 280.37 325.0 280.41 300.0 9193.0 4703.0 4490.0 0.0 280.4484
15:00:00 459.0 11630.0 281.79 280.18 280.46 280.13 280.14 1.0 280.18 26.0 11630.0 5855.0 5775.0 0.0 280.2751
15:01:00 1119.0 27666.0 281.79 279.97 280.46 279.6 279.95 175.0 280.0 318.0 27666.0 11888.0 15778.0 0.0 280.0245
15:02:00 859.0 21160.0 281.79 279.77 279.99 279.21 279.71 625.0 279.78 5.0 21160.0 6022.0 15138.0 0.0 279.5567
15:03:00 555.0 12103.0 281.79 279.72 280.03 279.63 279.69 307.0 279.75 125.0 12103.0 5210.0 6893.0 0.0 279.818
15:04:00 1070.0 25097.0 281.79 279.55 279.71 279.16 279.55 200.0 279.61 48.0 25097.0 6166.0 18931.0 0.0 279.3586
15:05:00 643.0 12185.0 281.79 279.7 279.93 279.44 279.68 125.0 279.71 100.0 12185.0 6700.0 5485.0 0.0 279.7169
15:06:00 817.0 15742.0 281.79 279.22 279.75 279.16 279.19 25.0 279.24 100.0 15742.0 6952.0 8790.0 0.0 279.4004
15:07:00 887.0 15556.0 281.79 279.43 279.64 279.14 279.39 11.0 279.44 3.0 15556.0 10894.0 4662.0 0.0 279.3627
15:08:00 349.0 8150.0 281.79 279.69 279.77 279.42 279.68 105.0 279.73 100.0 8150.0 5674.0 2476.0 0.0 279.5972
15:09:00 306.0 6803.0 281.79 279.62 279.75 279.53 279.59 9.0 279.63 235.0 6803.0 4337.0 2466.0 0.0 279.6449
15:10:00 445.0 9627.0 281.79 279.49 279.68 279.33 279.44 150.0 279.51 152.0 9627.0 3674.0 5953.0 0.0 279.462
15:11:00 406.0 11854.0 281.79 279.57 279.69 279.41 279.56 200.0 279.62 151.0 11854.0 6250.0 5604.0 0.0 279.5733
15:12:00 262.0 9873.0 281.79 279.72 279.79 279.52 279.69 162.0 279.74 101.0 9873.0 5485.0 4388.0 0.0 279.6628
15:13:00 318.0 7677.0 281.79 279.67 279.73 279.44 279.62 33.0 279.68 104.0 7677.0 2297.0 5380.0 0.0 279.5899
15:14:00 435.0 8595.0 281.79 279.88 279.9 279.5 279.84 11.0 279.88 199.0 8595.0 4412.0 4183.0 0.0 279.7105
15:15:00 442.0 23705.0 281.79 280.0 280.02 279.8 279.98 166.0 280.02 103.0 23705.0 18602.0 5103.0 0.0 279.959
15:16:00 665.0 26295.0 281.79 280.29 280.36 279.89 280.27 123.0 280.31 284.0 26295.0 16624.0 9671.0 0.0 280.1837
15:17:00 532.0 11840.0 281.79 280.03 280.27 279.9 280.0 275.0 280.07 150.0 11840.0 3505.0 8335.0 0.0 280.0125
15:18:00 395.0 13726.0 281.79 279.89 280.1 279.79 279.85 50.0 279.94 50.0 13726.0 4506.0 9220.0 0.0 279.9479
15:19:00 404.0 6458.0 281.79 279.9 280.07 279.83 279.89 117.0 279.92 50.0 6458.0 3642.0 2816.0 0.0 279.9628
15:20:00 486.0 10108.0 281.79 279.66 279.89 279.6 279.64 450.0 279.68 1.0 10108.0 3914.0 6194.0 0.0 279.7216
15:21:00 1019.0 21762.0 281.79 279.91 280.0 279.52 279.89 50.0 279.92 1.0 21762.0 11394.0 10368.0 0.0 279.6997
15:22:00 338.0 10374.0 281.79 279.92 280.04 279.84 279.88 102.0 279.93 104.0 10374.0 7219.0 3155.0 0.0 279.9596
15:23:00 546.0 11230.0 281.79 279.94 280.07 279.8 279.93 91.0 279.96 222.0 11230.0 6015.0 5215.0 0.0 279.9141
15:24:00 332.0 6779.0 281.79 279.75 279.99 279.73 279.74 15.0 279.78 10.0 6779.0 2974.0 3805.0 0.0 279.8857
15:25:00 530.0 15777.0 281.79 279.63 279.85 279.42 279.59 272.0 279.64 7.0 15777.0 4906.0 10871.0 0.0 279.5997
15:26:00 950.0 28618.0 281.79 279.28 279.65 278.98 279.22 10.0 279.29 345.0 28618.0 8182.0 20436.0 0.0 279.2482
15:27:00 372.0 11281.0 281.79 279.4 279.57 279.25 279.4 51.0 279.47 50.0 11281.0 5487.0 5794.0 0.0 279.4449
15:28:00 244.0 6377.0 281.79 279.39 279.5 279.32 279.39 13.0 279.42 358.0 6377.0 4284.0 2093.0 0.0 279.4269
15:29:00 299.0 6539.0 281.79 279.37 279.45 279.12 279.33 1152.0 279.42 950.0 6539.0 3409.0 3130.0 0.0 279.2839
15:30:00 169.0 4269.0 281.79 279.4 279.47 279.23 279.38 33.0 279.42 240.0 4269.0 2957.0 1312.0 0.0 279.3715
15:31:00 543.0 15565.0 281.79 279.6 279.7 279.37 279.56 150.0 279.6 1.0 15565.0 9082.0 6483.0 0.0 279.5307
15:32:00 323.0 7300.0 281.79 279.65 279.79 279.52 279.65 100.0 279.69 11.0 7300.0 3876.0 3424.0 0.0 279.6404
15:33:00 291.0 5985.0 281.79 279.64 279.74 279.57 279.62 603.0 279.67 231.0 5985.0 2302.0 3683.0 0.0 279.6482
15:34:00 737.0 20127.0 281.79 279.44 279.93 279.36 279.39 400.0 279.46 31.0 20127.0 9056.0 11071.0 0.0 279.7217
15:35:00 423.0 10099.0 281.79 279.36 279.57 279.27 279.34 125.0 279.37 63.0 10099.0 5558.0 4541.0 0.0 279.4071
15:36:00 612.0 11553.0 281.79 279.63 279.67 279.24 279.62 36.0 279.68 150.0 11553.0 6106.0 5447.0 0.0 279.4502
15:37:00 226.0 5324.0 281.79 279.53 279.68 279.48 279.48 250.0 279.54 160.0 5324.0 1637.0 3687.0 0.0 279.5878
15:38:00 564.0 12122.0 281.79 279.22 279.59 279.11 279.2 210.0 279.25 150.0 12122.0 4566.0 7556.0 0.0 279.3109
15:39:00 608.0 19964.0 281.79 279.15 279.3 279.08 279.11 3.0 279.16 150.0 19964.0 8406.0 11558.0 0.0 279.2118
15:40:00 409.0 10378.0 281.79 279.23 279.41 279.1 279.21 28.0 279.24 30.0 10378.0 6660.0 3718.0 0.0 279.2499
15:41:00 630.0 16025.0 281.79 279.23 279.39 279.11 279.22 200.0 279.25 3.0 16025.0 6988.0 9037.0 0.0 279.2403
15:42:00 1544.0 56393.0 281.79 279.07 279.27 278.64 279.05 204.0 279.1 100.0 56393.0 21687.0 34706.0 0.0 278.9668
15:43:00 609.0 22639.0 281.79 279.28 279.29 278.9 279.26 50.0 279.29 58.0 22639.0 14961.0 7678.0 0.0 279.1113
15:44:00 565.0 17396.0 281.79 279.58 279.66 279.28 279.54 750.0 279.6 150.0 17396.0 11281.0 6115.0 0.0 279.5288
15:45:00 1025.0 38773.0 281.79 279.87 280.04 279.48 279.85 300.0 279.91 101.0 38773.0 31056.0 7717.0 0.0 279.875
15:46:00 1057.0 27113.0 281.79 280.33 280.46 279.81 280.33 27.0 280.35 1.0 27113.0 18785.0 8328.0 0.0 280.1497
15:47:00 1191.0 29935.0 281.79 280.22 280.42 280.11 280.21 854.0 280.27 151.0 29935.0 14949.0 14986.0 0.0 280.2978
15:48:00 1010.0 21896.0 281.79 280.04 280.35 279.88 280.03 10.0 280.05 25.0 21896.0 12575.0 9321.0 0.0 280.0885
15:49:00 1045.0 22535.0 281.79 280.0 280.12 279.58 279.97 170.0 280.0 200.0 22535.0 11024.0 11511.0 0.0 279.8629
15:50:00 741.0 13721.0 281.79 279.95 280.08 279.75 279.92 150.0 279.97 50.0 13721.0 6761.0 6960.0 0.0 279.9497
15:51:00 916.0 24550.0 281.79 280.14 280.25 279.65 280.13 50.0 280.18 450.0 24550.0 15942.0 8608.0 0.0 280.0327
15:52:00 899.0 19425.0 281.79 279.98 280.21 279.95 279.98 50.0 280.0 3.0 19425.0 7579.0 11846.0 0.0 280.0728
15:53:00 978.0 20268.0 281.79 279.94 280.09 279.74 279.92 51.0 279.96 50.0 20268.0 9844.0 10424.0 0.0 279.9525
15:54:00 941.0 23463.0 281.79 280.09 280.2 279.97 280.07 4.0 280.11 200.0 23463.0 14891.0 8572.0 0.0 280.101
15:55:00 1789.0 52737.0 281.79 279.97 280.24 279.72 279.91 1.0 279.97 65.0 52737.0 24120.0 28617.0 0.0 280.0218
15:56:00 834.0 21282.0 281.79 279.89 280.05 279.8 279.88 9.0 279.91 200.0 21282.0 10927.0 10355.0 0.0 279.9177
15:57:00 1082.0 22897.0 281.79 279.8 280.0 279.78 279.79 50.0 279.83 129.0 22897.0 11937.0 10960.0 0.0 279.8903
15:58:00 1252.0 39650.0 281.79 279.81 279.88 279.38 279.78 41.0 279.81 200.0 39650.0 14247.0 25403.0 0.0 279.6531
15:59:00 1387.0 34234.0 281.79 279.85 279.91 279.65 279.83 1.0 279.85 240.0 34234.0 19877.0 14357.0 0.0 279.8012
16:00:00 2991.0 148398.0 281.79 280.0 280.0 279.65 279.99 13800.0 280.0 70332.0 148398.0 96838.0 51560.0 0.0 279.887
16:01:00 51.0 2391.0 281.79 279.99 280.0 279.82 279.96 1.0 279.99 2043.0 2391.0 1315.0 1076.0 0.0 279.9666
16:02:00 89.0 5111.0 281.79 280.02 280.05 279.93 280.0 100.0 280.0 100.0 5111.0 4851.0 260.0 0.0 280.0018
16:03:00 40.0 682.0 281.79 280.06 280.08 280.0 280.02 1.0 280.0 100.0 682.0 671.0 11.0 0.0 280.04
16:04:00 66.0 900.0 281.79 279.94 280.05 279.9 279.9 450.0 280.0 290.0 900.0 524.0 376.0 0.0 279.9995
16:05:00 31.0 537.0 281.79 280.05 280.05 279.9 279.99 10.0 280.0 100.0 537.0 312.0 225.0 0.0 279.9611
16:06:00 36.0 2132.0 281.79 280.1 280.1 280.03 280.02 47.0 280.0 100.0 2132.0 2132.0 0.0 0.0 280.0511
16:07:00 71.0 1500.0 281.79 280.13 280.25 280.0 280.06 35.0 280.0 100.0 1500.0 308.0 1192.0 0.0 280.1247
16:08:00 17.0 838.0 281.79 280.22 280.22 280.2 280.2 126.0 280.0 100.0 838.0 16.0 822.0 0.0 280.2004
16:09:00 26.0 324.0 281.79 280.23 280.28 280.18 280.23 46.0 280.0 100.0 324.0 33.0 291.0 0.0 280.2255
16:10:00 24.0 441.0 281.79 280.18 280.25 280.06 280.1 15.0 280.0 100.0 441.0 211.0 230.0 0.0 280.1632
16:11:00 28.0 229.0 281.79 280.15 280.27 280.13 280.14 10.0 280.0 100.0 229.0 209.0 20.0 0.0 280.1511
16:12:00 32.0 147.0 281.79 280.14 280.16 280.06 280.1 5.0 280.0 100.0 147.0 60.0 87.0 0.0 280.0916
16:13:00 36.0 103.0 281.79 280.2 280.25 280.06 280.09 100.0 280.0 100.0 103.0 88.0 15.0 0.0 280.169
16:14:00 25.0 203.0 281.79 280.25 280.25 280.14 280.15 2.0 280.0 100.0 203.0 203.0 0.0 0.0 280.2475
16:15:00 61.0 3080.0 281.79 280.3 280.34 280.25 280.25 5.0 280.0 100.0 3080.0 2137.0 943.0 0.0 280.3087
16:16:00 51.0 613.0 281.79 280.13 280.3 280.06 280.06 64.0 280.0 100.0 613.0 31.0 582.0 0.0 280.134
16:17:00 4.0 0.0 281.79 280.2 280.21 280.14 280.1 6.0 280.0 100.0 nan 0.0 0.0 0.0 nan
16:18:00 17.0 5.0 281.79 280.19 280.24 280.1 280.1 1.0 280.0 100.0 5.0 0.0 5.0 0.0 280.15
16:19:00 23.0 733.0 281.79 280.24 280.24 280.14 280.15 10.0 280.0 100.0 733.0 328.0 405.0 0.0 280.1761
16:20:00 35.0 406.0 281.79 280.25 280.34 280.2 280.2 1.0 280.0 100.0 406.0 399.0 7.0 0.0 280.2605
16:21:00 43.0 866.0 281.79 280.34 280.34 280.17 280.33 160.0 280.0 100.0 866.0 476.0 390.0 0.0 280.2735
16:22:00 19.0 357.0 281.79 280.33 280.34 280.22 280.22 2.0 280.0 100.0 357.0 96.0 261.0 0.0 280.324
16:23:00 6.0 0.0 281.79 280.27 280.32 280.27 280.25 100.0 280.0 100.0 nan 0.0 0.0 0.0 nan
16:24:00 9.0 115.0 281.79 280.29 280.3 280.25 280.2 5.0 280.0 100.0 115.0 5.0 110.0 0.0 280.2526
16:25:00 38.0 2290.0 281.79 280.4 280.45 280.22 280.25 11.0 280.0 100.0 2290.0 2178.0 112.0 0.0 280.3538
16:26:00 25.0 1222.0 281.79 280.45 280.47 280.37 280.34 1.0 280.0 100.0 1222.0 11.0 1211.0 0.0 280.4109
16:27:00 31.0 49.0 281.79 280.25 280.45 280.23 280.22 32.0 280.0 100.0 49.0 3.0 46.0 0.0 280.3359
16:28:00 14.0 129.0 281.79 280.24 280.34 280.23 280.22 42.0 280.0 100.0 129.0 128.0 1.0 0.0 280.2709
16:29:00 5.0 1.0 281.79 280.25 280.33 280.25 280.22 28.0 280.0 100.0 1.0 1.0 0.0 0.0 280.33
16:30:00 42.0 443.0 281.79 280.43 280.48 280.25 280.32 1.0 280.0 100.0 443.0 211.0 232.0 0.0 280.4617
16:31:00 14.0 202.0 281.79 280.32 280.42 280.32 280.3 10.0 280.0 100.0 202.0 180.0 22.0 0.0 280.3514
16:32:00 5.0 0.0 281.79 280.4 280.4 280.31 280.3 20.0 280.0 100.0 nan 0.0 0.0 0.0 nan
16:33:00 14.0 19.0 281.79 280.34 280.4 280.3 280.34 7.0 280.0 100.0 19.0 2.0 17.0 0.0 280.3126
16:34:00 15.0 139.0 281.79 280.3 280.39 280.3 280.26 35.0 280.0 100.0 139.0 0.0 139.0 0.0 280.3062
16:35:00 37.0 449.0 281.79 280.21 280.36 280.21 280.21 97.0 280.0 100.0 449.0 199.0 250.0 0.0 280.2694
16:36:00 19.0 211.0 281.79 280.26 280.28 280.2 280.21 10.0 280.0 100.0 211.0 55.0 156.0 0.0 280.2259
16:37:00 15.0 138.0 281.79 280.15 280.27 280.14 280.14 611.0 280.0 100.0 138.0 70.0 68.0 0.0 280.205
16:38:00 9.0 111.0 281.79 280.17 280.22 280.15 280.14 611.0 280.0 100.0 111.0 0.0 111.0 0.0 280.1727
16:39:00 17.0 101.0 281.79 280.08 280.18 280.08 280.07 5.0 280.0 100.0 101.0 8.0 93.0 0.0 280.1378
16:40:00 12.0 95.0 281.79 280.08 280.14 280.08 280.08 5.0 280.0 100.0 95.0 95.0 0.0 0.0 280.0802
16:41:00 18.0 7.0 281.79 280.19 280.19 280.08 280.07 6.0 280.0 100.0 7.0 4.0 3.0 0.0 280.1243
16:42:00 18.0 46.0 281.79 280.16 280.19 280.08 280.12 3.0 280.0 100.0 46.0 46.0 0.0 0.0 280.13
16:43:00 20.0 19.0 281.79 280.09 280.18 280.07 280.07 6.0 280.0 100.0 19.0 15.0 4.0 0.0 280.1411
16:44:00 14.0 58.0 281.79 280.06 280.17 280.06 280.05 172.0 280.0 100.0 58.0 51.0 7.0 0.0 280.079
16:45:00 12.0 23.0 281.79 280.15 280.15 280.05 280.05 172.0 280.0 100.0 23.0 10.0 13.0 0.0 280.097
16:46:00 26.0 31.0 281.79 280.07 280.19 280.05 280.05 165.0 280.0 100.0 31.0 22.0 9.0 0.0 280.1232
16:47:00 8.0 53.0 281.79 280.05 280.08 280.05 280.05 152.0 280.0 100.0 53.0 0.0 53.0 0.0 280.0698
16:48:00 14.0 202.0 281.79 280.06 280.14 280.06 280.05 152.0 280.0 100.0 202.0 1.0 201.0 0.0 280.1
16:49:00 5.0 9.0 281.79 280.06 280.1 280.05 280.05 173.0 280.0 100.0 9.0 7.0 2.0 0.0 280.08
16:50:00 19.0 265.0 281.79 280.12 280.13 280.02 280.02 255.0 280.0 100.0 265.0 252.0 13.0 0.0 280.0504
16:51:00 23.0 211.0 281.79 280.14 280.15 280.02 280.05 7.0 280.0 100.0 211.0 24.0 187.0 0.0 280.0732
16:52:00 53.0 2179.0 281.79 280.21 280.21 280.06 280.17 350.0 280.0 100.0 2179.0 1029.0 1150.0 0.0 280.1701
16:53:00 14.0 481.0 281.79 280.17 280.22 280.17 280.17 300.0 280.0 100.0 481.0 29.0 452.0 0.0 280.1724
16:54:00 14.0 35.0 281.79 280.2 280.2 280.17 280.17 299.0 280.0 100.0 35.0 34.0 1.0 0.0 280.1991
16:55:00 9.0 294.0 281.79 280.17 280.19 280.17 280.17 210.0 280.0 100.0 294.0 0.0 294.0 0.0 280.17
16:56:00 32.0 230.0 281.79 280.15 280.2 280.09 280.1 1.0 280.0 100.0 230.0 20.0 210.0 0.0 280.1726
16:57:00 170.0 4942.0 281.79 279.9 280.15 279.9 279.9 91.0 280.0 545.0 4942.0 409.0 4533.0 0.0 280.0046
16:58:00 80.0 1064.0 281.79 279.77 279.99 279.71 279.86 37.0 279.79 938.0 1064.0 776.0 288.0 0.0 279.805
16:59:00 37.0 694.0 281.79 279.7 280.0 279.62 279.86 37.0 279.7 614.0 694.0 632.0 62.0 0.0 279.7599
17:00:00 25.0 937.0 281.79 279.6 279.71 279.56 279.86 37.0 279.99 11.0 937.0 914.0 23.0 0.0 279.6708
