time trade_count trade_volume trade_first trade_last trade_high trade_low bid_price bid_size ask_price ask_size hid_vol buy_vol sell_vol unsided_vol vwap
09:00:00 nan 452.0 215.2 215.21 215.3 215.2 215.2 3.0 215.35 100.0 452.0 6.0 446.0 0.0 215.2013
09:01:00 68.0 1926.0 215.2 215.38 215.38 215.2 215.2 61.0 215.38 284.0 1926.0 1911.0 15.0 0.0 215.3376
09:02:00 41.0 384.0 215.2 215.22 215.36 215.15 215.15 19.0 215.22 9.0 384.0 1.0 383.0 0.0 215.2241
09:03:00 45.0 90.0 215.2 215.15 215.33 215.13 215.15 9.0 215.3 24.0 90.0 28.0 62.0 0.0 215.2036
09:04:00 26.0 231.0 215.2 215.29 215.32 215.15 215.2 3.0 215.3 24.0 231.0 25.0 206.0 0.0 215.203
09:05:00 150.0 2069.0 215.2 215.19 215.29 214.91 215.0 23.0 215.2 20.0 2069.0 345.0 1724.0 0.0 215.0237
09:06:00 49.0 487.0 215.2 215.25 215.31 215.02 215.22 76.0 215.3 32.0 487.0 316.0 171.0 0.0 215.2235
09:07:00 49.0 483.0 215.2 215.37 215.37 215.17 215.25 217.0 215.38 289.0 483.0 128.0 355.0 0.0 215.234
09:08:00 80.0 771.0 215.2 215.34 215.44 215.3 215.3 269.0 215.38 571.0 771.0 527.0 244.0 0.0 215.3664
09:09:00 207.0 6401.0 215.2 215.48 215.48 215.21 215.46 213.0 215.48 497.0 6401.0 5458.0 943.0 0.0 215.3818
09:10:00 80.0 1077.0 215.2 215.37 215.48 215.26 215.26 2.0 215.37 45.0 1077.0 197.0 880.0 0.0 215.4126
09:11:00 142.0 650.0 215.2 215.39 215.48 215.24 215.3 15.0 215.42 184.0 650.0 225.0 425.0 0.0 215.3278
09:12:00 184.0 6367.0 215.2 215.43 215.48 215.38 215.38 2.0 215.39 1.0 6367.0 5314.0 1053.0 0.0 215.47
09:13:00 65.0 1167.0 215.2 215.36 215.5 215.36 215.3 5.0 215.39 165.0 1167.0 875.0 292.0 0.0 215.44
09:14:00 63.0 1454.0 215.2 215.35 215.38 215.28 215.32 50.0 215.37 100.0 1454.0 664.0 790.0 0.0 215.299
09:15:00 98.0 1636.0 215.2 215.49 215.53 215.3 215.35 1.0 215.5 132.0 1636.0 1379.0 257.0 0.0 215.4212
09:16:00 53.0 540.0 215.2 215.5 215.6 215.42 215.43 1.0 215.5 127.0 540.0 463.0 77.0 0.0 215.4937
09:17:00 106.0 1397.0 215.2 215.7 215.75 215.44 215.6 4.0 215.7 88.0 1397.0 1366.0 31.0 0.0 215.5998
09:18:00 109.0 1689.0 215.2 215.6 215.789 215.5 215.51 1.0 215.7 2.0 1689.0 151.0 1538.0 0.0 215.5959
09:19:00 55.0 176.0 215.2 215.74 215.76 215.54 215.56 50.0 215.69 30.0 176.0 8.0 168.0 0.0 215.6694
09:20:00 60.0 774.0 215.2 215.52 215.72 215.45 215.46 50.0 215.55 169.0 774.0 38.0 736.0 0.0 215.5575
09:21:00 112.0 1277.0 215.2 215.73 215.74 215.42 215.67 12.0 215.74 185.0 1277.0 526.0 751.0 0.0 215.5792
09:22:00 73.0 793.0 215.2 215.7 215.74 215.6 215.63 50.0 215.73 6.0 793.0 109.0 684.0 0.0 215.6146
09:23:00 189.0 3813.0 215.2 215.5 215.87 215.4 215.51 1.0 215.55 25.0 3813.0 1870.0 1943.0 0.0 215.7175
09:24:00 110.0 901.0 215.2 215.06 215.51 215.0 215.03 30.0 215.2 132.0 901.0 0.0 901.0 0.0 215.2353
09:25:00 137.0 1475.0 215.2 215.2 215.74 215.01 215.01 235.0 215.2 70.0 1475.0 974.0 501.0 0.0 215.2621
09:26:00 183.0 3560.0 215.2 214.76 215.2 214.55 214.66 6.0 214.9 47.0 3560.0 166.0 3394.0 0.0 214.8583
09:27:00 101.0 1657.0 215.2 214.57 214.94 214.52 214.55 5.0 214.58 230.0 1657.0 306.0 1351.0 0.0 214.6231
09:28:00 121.0 3784.0 215.2 214.5 215.0 214.5 214.51 25.0 214.72 100.0 3784.0 1021.0 2763.0 0.0 214.6721
09:29:00 109.0 2690.0 215.2 215.21 215.27 214.66 215.2 25.0 215.32 8.0 2690.0 1661.0 1029.0 0.0 215.0185
09:30:00 67.0 965.0 215.2 215.3 215.31 215.05 215.02 3.0 215.28 40.0 965.0 726.0 239.0 0.0 215.2085
09:31:00 3646.0 111202.0 215.2 216.3 216.48 214.57 216.26 25.0 216.36 260.0 111202.0 64010.0 47192.0 0.0 215.7352
09:32:00 1715.0 49747.0 215.2 215.585 216.55 215.5 215.52 20.0 215.62 187.0 49747.0 25943.0 23804.0 0.0 216.0733
09:33:00 1525.0 49531.0 215.2 216.18 216.64 214.45 216.08 101.0 216.2 200.0 49531.0 30896.0 18635.0 0.0 215.6436
09:34:00 1771.0 57064.0 215.2 216.24 216.72 215.74 216.2 101.0 216.3 165.0 57064.0 31579.0 25485.0 0.0 216.3124
09:35:00 2126.0 69315.0 215.2 215.9 216.65 215.61 215.79 50.0 215.93 320.0 69315.0 22382.0 46933.0 0.0 216.0519
09:36:00 1773.0 62467.0 215.2 216.29 216.89 215.7 216.26 75.0 216.32 470.0 62467.0 27521.0 34946.0 0.0 216.4176
09:37:00 1910.0 75415.0 215.2 215.89 216.64 215.23 215.81 125.0 215.93 34.0 75415.0 23155.0 52260.0 0.0 215.7955
09:38:00 1949.0 64712.0 215.2 214.92 216.2 214.6 214.8 25.0 214.93 100.0 64712.0 16073.0 48639.0 0.0 215.2346
09:39:00 1468.0 37574.0 215.2 215.04 215.43 214.65 215.0 215.0 215.06 1.0 37574.0 16512.0 21062.0 0.0 215.0775
09:40:00 1503.0 43512.0 215.2 215.47 215.48 214.83 215.38 25.0 215.5 4249.0 43512.0 19968.0 23544.0 0.0 215.1216
09:41:00 2075.0 70359.0 215.2 214.98 215.95 214.67 214.96 40.0 215.06 25.0 70359.0 34890.0 35469.0 0.0 215.2138
09:42:00 1063.0 41860.0 215.2 214.41 215.02 214.25 214.33 30.0 214.44 125.0 41860.0 14422.0 27438.0 0.0 214.5262
09:43:00 1941.0 65208.0 215.2 213.8 214.38 213.63 213.78 28.0 213.87 208.0 65208.0 21803.0 43405.0 0.0 214.001
09:44:00 1325.0 44335.0 215.2 213.65 214.1 213.65 213.67 25.0 213.77 25.0 44335.0 17372.0 26963.0 0.0 213.8538
09:45:00 1302.0 39847.0 215.2 214.4 214.4 213.6 214.36 100.0 214.42 10.0 39847.0 20617.0 19230.0 0.0 214.0425
09:46:00 2354.0 53266.0 215.2 214.2 215.09 214.07 214.18 25.0 214.24 2.0 53266.0 25386.0 27880.0 0.0 214.5654
09:47:00 1160.0 34615.0 215.2 213.55 214.31 213.36 213.54 5.0 213.6 100.0 34615.0 9949.0 24666.0 0.0 213.7656
09:48:00 1510.0 37391.0 215.2 213.8 213.96 213.27 213.78 1.0 213.88 25.0 37391.0 15987.0 21404.0 0.0 213.5219
09:49:00 963.0 25411.0 215.2 213.53 213.84 213.21 213.5 30.0 213.58 142.0 25411.0 9373.0 16038.0 0.0 213.4213
09:50:00 1378.0 35122.0 215.2 214.24 214.27 213.37 214.19 25.0 214.25 106.0 35122.0 21147.0 13975.0 0.0 213.8083
09:51:00 1330.0 36544.0 215.2 214.19 214.95 214.04 214.18 25.0 214.26 200.0 36544.0 16324.0 20220.0 0.0 214.5138
09:52:00 1110.0 38329.0 215.2 215.44 215.68 214.12 215.38 25.0 215.48 402.0 38329.0 27103.0 11226.0 0.0 215.1214
09:53:00 1224.0 34570.0 215.2 215.73 216.03 215.48 215.65 125.0 215.74 125.0 34570.0 23123.0 11447.0 0.0 215.8181
09:54:00 866.0 24449.0 215.2 215.96 215.97 215.67 215.88 150.0 215.97 200.0 24449.0 14582.0 9867.0 0.0 215.8354
09:55:00 1811.0 67202.0 215.2 215.77 216.42 215.58 215.74 45.0 215.86 25.0 67202.0 40712.0 26490.0 0.0 216.0422
09:56:00 1217.0 29574.0 215.2 216.45 216.5 215.85 216.42 45.0 216.48 279.0 29574.0 22399.0 7175.0 0.0 216.3007
09:57:00 1485.0 58948.0 215.2 217.34 217.34 216.3 217.31 25.0 217.36 94.0 58948.0 43604.0 15344.0 0.0 216.8724
09:58:00 1437.0 42745.0 215.2 217.53 217.91 217.33 217.54 10.0 217.58 25.0 42745.0 19726.0 23019.0 0.0 217.6377
09:59:00 1753.0 52822.0 215.2 218.18 218.48 217.46 218.14 245.0 218.22 103.0 52822.0 35652.0 17170.0 0.0 217.9719
10:00:00 1383.0 37226.0 215.2 217.6 218.21 217.51 217.56 105.0 217.61 28.0 37226.0 13964.0 23262.0 0.0 217.8801
10:01:00 1447.0 48012.0 215.2 218.33 218.49 217.34 218.26 230.0 218.33 145.0 48012.0 33168.0 14844.0 0.0 217.8837
10:02:00 1455.0 35861.0 215.2 217.81 218.43 217.61 217.79 45.0 217.84 104.0 35861.0 12750.0 23111.0 0.0 218.071
10:03:00 1175.0 28641.0 215.2 217.78 217.89 217.51 217.7 300.0 217.77 25.0 28641.0 13896.0 14745.0 0.0 217.6703
10:04:00 1604.0 60443.0 215.2 218.83 218.83 217.66 218.77 50.0 218.84 187.0 60443.0 44715.0 15728.0 0.0 218.3117
10:05:00 2222.0 76027.0 215.2 219.45 219.67 218.79 219.45 514.0 219.52 150.0 76027.0 49754.0 26273.0 0.0 219.2933
10:06:00 1244.0 34740.0 215.2 219.44 219.77 219.19 219.39 150.0 219.45 188.0 34740.0 16456.0 18284.0 0.0 219.4713
10:07:00 1141.0 34156.0 215.2 219.44 219.58 219.15 219.36 36.0 219.45 1328.0 34156.0 15731.0 18425.0 0.0 219.3677
10:08:00 939.0 28260.0 215.2 219.06 219.45 218.95 219.05 100.0 219.09 10.0 28260.0 8402.0 19858.0 0.0 219.155
10:09:00 1135.0 34021.0 215.2 218.94 219.46 218.89 218.94 215.0 219.0 17.0 34021.0 15059.0 18962.0 0.0 219.1372
10:10:00 1308.0 26524.0 215.2 218.9 219.0 218.58 218.85 228.0 218.94 250.0 26524.0 13184.0 13340.0 0.0 218.8051
10:11:00 1732.0 45027.0 215.2 218.84 219.7 218.59 218.79 200.0 218.85 50.0 45027.0 26863.0 18164.0 0.0 219.1017
10:12:00 1238.0 46550.0 215.2 218.64 218.91 218.35 218.6 150.0 218.66 2.0 46550.0 24004.0 22546.0 0.0 218.5949
10:13:00 1319.0 53968.0 215.2 218.455 219.11 218.445 218.42 252.0 218.49 564.0 53968.0 20408.0 33560.0 0.0 218.7394
10:14:00 869.0 29854.0 215.2 218.9 219.2 218.4 218.87 100.0 218.93 150.0 29854.0 16246.0 13608.0 0.0 218.8075
10:15:00 554.0 17116.0 215.2 218.68 218.94 218.6 218.65 70.0 218.68 236.0 17116.0 7266.0 9850.0 0.0 218.7233
10:16:00 1000.0 28936.0 215.2 218.47 218.73 218.28 218.43 300.0 218.51 187.0 28936.0 12468.0 16468.0 0.0 218.4736
10:17:00 932.0 30398.0 215.2 218.89 219.1 218.38 218.88 45.0 218.93 10.0 30398.0 15970.0 14428.0 0.0 218.8197
10:18:00 845.0 22999.0 215.2 218.91 219.15 218.63 218.89 652.0 218.95 112.0 22999.0 11734.0 11265.0 0.0 218.9575
10:19:00 1076.0 31040.0 215.2 219.59 219.66 218.95 219.58 166.0 219.64 200.0 31040.0 21812.0 9228.0 0.0 219.4
10:20:00 1969.0 73959.0 215.2 220.07 220.24 219.6 220.02 50.0 220.07 30.0 73959.0 56805.0 17154.0 0.0 219.9416
10:21:00 1421.0 51115.0 215.2 220.48 220.65 219.85 220.47 116.0 220.51 200.0 51115.0 33648.0 17467.0 0.0 220.2848
10:22:00 1778.0 58511.0 215.2 221.16 221.42 220.51 221.12 206.0 221.17 266.0 58511.0 32613.0 25898.0 0.0 220.9915
10:23:00 1607.0 48215.0 215.2 221.34 221.49 220.93 221.31 250.0 221.35 161.0 48215.0 27982.0 20233.0 0.0 221.2078
10:24:00 1173.0 42820.0 215.2 221.39 221.52 221.02 221.33 45.0 221.39 234.0 42820.0 17905.0 24915.0 0.0 221.3146
10:25:00 1820.0 59820.0 215.2 221.84 222.01 221.21 221.83 55.0 221.89 54.0 59820.0 41269.0 18551.0 0.0 221.7822
10:26:00 1153.0 33032.0 215.2 221.5 221.87 221.36 221.47 302.0 221.53 250.0 33032.0 11769.0 21263.0 0.0 221.5511
10:27:00 1275.0 37184.0 215.2 221.32 221.54 221.05 221.26 408.0 221.32 46.0 37184.0 14044.0 23140.0 0.0 221.204
10:28:00 1143.0 32345.0 215.2 222.0 222.03 221.3 221.96 10.0 222.0 20.0 32345.0 18919.0 13426.0 0.0 221.7304
10:29:00 1784.0 44542.0 215.2 222.09 222.29 221.92 222.03 202.0 222.11 59.0 44542.0 20988.0 23554.0 0.0 222.1148
10:30:00 1127.0 35476.0 215.2 222.33 222.45 221.86 222.29 145.0 222.35 50.0 35476.0 18607.0 16869.0 0.0 222.1296
10:31:00 2105.0 65580.0 215.2 222.98 223.0 222.25 222.95 350.0 223.0 400.0 65580.0 46326.0 19254.0 0.0 222.6954
10:32:00 1682.0 49787.0 215.2 223.27 223.35 222.84 223.23 2.0 223.28 222.0 49787.0 29982.0 19805.0 0.0 223.1094
10:33:00 1704.0 48966.0 215.2 222.89 223.39 222.85 222.86 65.0 222.91 100.0 48966.0 21000.0 27966.0 0.0 223.1556
10:34:00 1087.0 34157.0 215.2 223.17 223.17 222.72 223.15 69.0 223.18 44.0 34157.0 17936.0 16221.0 0.0 222.9232
10:35:00 1103.0 29751.0 215.2 222.89 223.25 222.77 222.86 18.0 222.92 137.0 29751.0 11468.0 18283.0 0.0 222.9578
10:36:00 1670.0 55823.0 215.2 223.44 223.44 222.74 223.41 92.0 223.45 452.0 55823.0 40532.0 15291.0 0.0 223.0856
10:37:00 1387.0 45189.0 215.2 223.58 223.84 223.4 223.53 207.0 223.59 10.0 45189.0 23369.0 21820.0 0.0 223.6347
10:38:00 1041.0 27544.0 215.2 223.91 224.0 223.37 223.88 101.0 223.92 200.0 27544.0 12367.0 15177.0 0.0 223.7167
10:39:00 1310.0 53002.0 215.2 224.18 224.4 223.86 224.15 350.0 224.2 200.0 53002.0 26781.0 26221.0 0.0 224.1818
10:40:00 1083.0 36534.0 215.2 224.24 224.49 224.08 224.22 100.0 224.26 36.0 36534.0 17326.0 19208.0 0.0 224.3005
10:41:00 1714.0 47712.0 215.2 224.38 224.85 224.23 224.33 400.0 224.39 100.0 47712.0 23808.0 23904.0 0.0 224.5318
10:42:00 1338.0 49274.0 215.2 223.96 224.43 223.73 223.95 100.0 223.98 100.0 49274.0 15745.0 33529.0 0.0 224.0915
10:43:00 1119.0 32310.0 215.2 224.24 224.6 223.91 224.24 150.0 224.3 50.0 32310.0 18024.0 14286.0 0.0 224.2983
10:44:00 1139.0 39307.0 215.2 224.72 224.94 224.24 224.7 30.0 224.76 212.0 39307.0 21131.0 18176.0 0.0 224.7567
10:45:00 1546.0 57372.0 215.2 224.92 225.0 224.67 224.88 151.0 224.94 195.0 57372.0 42702.0 14670.0 0.0 224.8996
10:46:00 1430.0 55342.0 215.2 225.03 225.33 224.91 225.0 791.0 225.04 300.0 55342.0 27167.0 28175.0 0.0 225.134
10:47:00 979.0 30219.0 215.2 225.3 225.3 224.82 225.25 13.0 225.29 150.0 30219.0 13785.0 16434.0 0.0 225.0568
10:48:00 1411.0 47853.0 215.2 225.0 225.52 224.97 225.0 209.0 225.05 250.0 47853.0 17305.0 30548.0 0.0 225.2471
10:49:00 1851.0 64966.0 215.2 225.49 225.82 224.97 225.49 100.0 225.53 200.0 64966.0 37484.0 27482.0 0.0 225.4236
10:50:00 987.0 37156.0 215.2 225.84 225.87 225.53 225.82 86.0 225.85 150.0 37156.0 21790.0 15366.0 0.0 225.7428
10:51:00 1270.0 37968.0 215.2 225.16 225.87 225.02 225.16 1.0 225.2 258.0 37968.0 11954.0 26014.0 0.0 225.3932
10:52:00 1414.0 47739.0 215.2 224.81 225.34 224.77 224.82 4.0 224.85 94.0 47739.0 17727.0 30012.0 0.0 224.9257
10:53:00 1508.0 43157.0 215.2 224.52 224.95 224.4 224.49 150.0 224.55 310.0 43157.0 19310.0 23847.0 0.0 224.6058
10:54:00 1548.0 46382.0 215.2 224.79 225.21 224.54 224.77 85.0 224.8 10.0 46382.0 28362.0 18020.0 0.0 224.9218
10:55:00 1076.0 28531.0 215.2 225.31 225.49 224.75 225.26 210.0 225.31 150.0 28531.0 16748.0 11783.0 0.0 225.2292
10:56:00 689.0 21879.0 215.2 224.97 225.33 224.89 224.94 44.0 224.98 118.0 21879.0 10762.0 11117.0 0.0 225.0977
10:57:00 1108.0 28574.0 215.2 224.81 225.16 224.6 224.77 250.0 224.84 100.0 28574.0 12730.0 15844.0 0.0 224.8674
10:58:00 852.0 36224.0 215.2 224.42 225.05 224.37 224.41 239.0 224.46 164.0 36224.0 12407.0 23817.0 0.0 224.6195
10:59:00 1820.0 88355.0 215.2 223.96 224.37 223.8 223.92 200.0 223.98 228.0 88355.0 28299.0 60056.0 0.0 224.0283
11:00:00 1185.0 41992.0 215.2 224.53 224.59 223.93 224.48 250.0 224.54 200.0 41992.0 27618.0 14374.0 0.0 224.2621
11:01:00 723.0 17010.0 215.2 224.42 224.88 224.26 224.4 1621.0 224.45 320.0 17010.0 8059.0 8951.0 0.0 224.5991
11:02:00 741.0 21976.0 215.2 224.65 224.83 224.15 224.64 1.0 224.69 153.0 21976.0 10009.0 11967.0 0.0 224.5564
11:03:00 723.0 23695.0 215.2 224.63 224.94 224.44 224.62 250.0 224.67 12.0 23695.0 11659.0 12036.0 0.0 224.7229
11:04:00 593.0 17491.0 215.2 224.9 224.96 224.48 224.88 137.0 224.93 110.0 17491.0 8908.0 8583.0 0.0 224.7275
11:05:00 972.0 30840.0 215.2 225.42 225.42 224.9 225.41 50.0 225.43 41.0 30840.0 17268.0 13572.0 0.0 225.1017
11:06:00 1348.0 54571.0 215.2 225.5 225.96 225.42 225.5 11.0 225.53 100.0 54571.0 37055.0 17516.0 0.0 225.639
11:07:00 753.0 36023.0 215.2 225.4 225.64 225.09 225.39 1.0 225.41 47.0 36023.0 17565.0 18458.0 0.0 225.358
11:08:00 617.0 40360.0 215.2 225.08 225.49 224.95 225.1 1.0 225.15 150.0 40360.0 12930.0 27430.0 0.0 225.1608
11:09:00 570.0 21918.0 215.2 225.25 225.28 225.0 225.22 51.0 225.28 750.0 21918.0 7611.0 14307.0 0.0 225.1667
11:10:00 836.0 25628.0 215.2 225.61 225.65 225.1 225.58 3.0 225.64 294.0 25628.0 15199.0 10429.0 0.0 225.3436
11:11:00 1658.0 57894.0 215.2 225.41 226.17 225.41 225.4 110.0 225.45 45.0 57894.0 36067.0 21827.0 0.0 225.9374
11:12:00 2859.0 98206.0 215.2 225.82 225.9 224.9 225.82 78.0 225.85 300.0 98206.0 53335.0 44871.0 0.0 225.2541
11:13:00 888.0 30072.0 215.2 225.81 226.03 225.77 225.8 260.0 225.84 109.0 30072.0 12325.0 17747.0 0.0 225.8828
11:14:00 937.0 40721.0 215.2 225.78 226.08 225.7 225.79 250.0 225.86 254.0 40721.0 20890.0 19831.0 0.0 225.8698
11:15:00 1000.0 32674.0 215.2 226.04 226.36 225.71 226.0 50.0 226.05 43.0 32674.0 20073.0 12601.0 0.0 226.037
11:16:00 755.0 24318.0 215.2 226.01 226.34 225.89 226.01 87.0 226.07 100.0 24318.0 8772.0 15546.0 0.0 226.1234
11:17:00 703.0 26231.0 215.2 225.59 226.1 225.32 225.55 72.0 225.59 300.0 26231.0 7536.0 18695.0 0.0 225.6491
11:18:00 474.0 13982.0 215.2 225.8 225.83 225.41 225.79 301.0 225.83 245.0 13982.0 6582.0 7400.0 0.0 225.5674
11:19:00 906.0 34450.0 215.2 226.26 226.3 225.76 226.21 150.0 226.26 150.0 34450.0 20629.0 13821.0 0.0 226.0817
11:20:00 782.0 25106.0 215.2 226.0 226.22 225.85 225.95 434.0 226.02 50.0 25106.0 9032.0 16074.0 0.0 226.0957
11:21:00 662.0 23850.0 215.2 225.8 226.17 225.63 225.78 151.0 225.82 69.0 23850.0 7974.0 15876.0 0.0 225.8854
11:22:00 1065.0 33480.0 215.2 225.5 225.82 225.37 225.51 951.0 225.56 100.0 33480.0 11549.0 21931.0 0.0 225.5623
11:23:00 1073.0 31898.0 215.2 225.66 225.74 225.32 225.65 200.0 225.69 77.0 31898.0 13530.0 18368.0 0.0 225.5247
11:24:00 672.0 25419.0 215.2 225.6 225.65 225.43 225.6 550.0 225.65 376.0 25419.0 8691.0 16728.0 0.0 225.5347
11:25:00 748.0 23406.0 215.2 225.69 225.79 225.52 225.66 10.0 225.7 50.0 23406.0 7663.0 15743.0 0.0 225.6551
11:26:00 1764.0 52929.0 215.2 226.29 226.5 225.55 226.28 200.0 226.33 94.0 52929.0 35430.0 17499.0 0.0 226.1369
11:27:00 1056.0 42271.0 215.2 226.47 226.52 226.21 226.45 50.0 226.5 45.0 42271.0 21763.0 20508.0 0.0 226.3604
11:28:00 729.0 19855.0 215.2 226.37 226.45 226.06 226.35 26.0 226.38 204.0 19855.0 7597.0 12258.0 0.0 226.2752
11:29:00 973.0 37240.0 215.2 226.83 226.86 226.38 226.82 200.0 226.85 61.0 37240.0 23818.0 13422.0 0.0 226.6372
11:30:00 1439.0 45556.0 215.2 227.04 227.1 226.68 227.03 234.0 227.04 50.0 45556.0 31151.0 14405.0 0.0 226.9179
11:31:00 1152.0 34414.0 215.2 226.92 227.26 226.8 226.9 212.0 226.96 50.0 34414.0 14961.0 19453.0 0.0 227.0215
11:32:00 864.0 29312.0 215.2 227.44 227.49 226.95 227.43 100.0 227.45 70.0 29312.0 20816.0 8496.0 0.0 227.2468
11:33:00 1214.0 35151.0 215.2 227.57 227.74 227.4 227.57 229.0 227.6 159.0 35151.0 18472.0 16679.0 0.0 227.564
11:34:00 960.0 40062.0 215.2 227.91 227.98 227.58 227.87 50.0 227.92 259.0 40062.0 26250.0 13812.0 0.0 227.7865
11:35:00 682.0 25672.0 215.2 227.77 227.97 227.67 227.74 513.0 227.79 42.0 25672.0 7749.0 17923.0 0.0 227.7939
11:36:00 1529.0 42592.0 215.2 227.97 228.08 227.74 227.94 50.0 228.0 218.0 42592.0 28861.0 13731.0 0.0 227.9594
11:37:00 1295.0 29340.0 215.2 227.91 228.03 227.51 227.88 602.0 227.93 44.0 29340.0 10876.0 18464.0 0.0 227.7946
11:38:00 935.0 31625.0 215.2 227.71 227.99 227.61 227.65 200.0 227.69 200.0 31625.0 10145.0 21480.0 0.0 227.7686
11:39:00 806.0 30174.0 215.2 227.72 227.8 227.26 227.69 131.0 227.74 2.0 30174.0 13550.0 16624.0 0.0 227.4731
11:40:00 797.0 25121.0 215.2 227.44 227.92 227.34 227.39 50.0 227.44 154.0 25121.0 9284.0 15837.0 0.0 227.6679
11:41:00 767.0 19984.0 215.2 227.34 227.52 227.12 227.31 278.0 227.36 25.0 19984.0 11490.0 8494.0 0.0 227.2944
11:42:00 636.0 18189.0 215.2 227.47 227.5 227.18 227.43 63.0 227.47 289.0 18189.0 9578.0 8611.0 0.0 227.327
11:43:00 688.0 20173.0 215.2 227.42 227.62 227.34 227.41 191.0 227.45 39.0 20173.0 9613.0 10560.0 0.0 227.4922
11:44:00 961.0 35041.0 215.2 227.23 227.65 227.14 227.21 150.0 227.26 42.0 35041.0 18743.0 16298.0 0.0 227.3639
11:45:00 1050.0 40066.0 215.2 226.85 227.35 226.65 226.8 174.0 226.86 964.0 40066.0 18660.0 21406.0 0.0 226.9758
11:46:00 799.0 26898.0 215.2 226.3 226.87 226.2 226.27 72.0 226.31 500.0 26898.0 11865.0 15033.0 0.0 226.4757
11:47:00 648.0 22697.0 215.2 226.5 226.59 226.13 226.48 87.0 226.53 200.0 22697.0 12775.0 9922.0 0.0 226.39
11:48:00 788.0 19501.0 215.2 226.55 226.74 226.42 226.52 130.0 226.56 150.0 19501.0 8549.0 10952.0 0.0 226.5618
11:49:00 1320.0 35644.0 215.2 226.48 226.53 225.9 226.47 50.0 226.52 183.0 35644.0 14102.0 21542.0 0.0 226.1934
11:50:00 708.0 22653.0 215.2 226.59 226.7 226.4 226.58 500.0 226.63 150.0 22653.0 10841.0 11812.0 0.0 226.5497
11:51:00 1227.0 40375.0 215.2 226.67 226.94 226.28 226.64 350.0 226.68 42.0 40375.0 17466.0 22909.0 0.0 226.5999
11:52:00 946.0 27860.0 215.2 226.41 226.85 226.24 226.4 332.0 226.44 100.0 27860.0 12575.0 15285.0 0.0 226.4868
11:53:00 520.0 18303.0 215.2 226.53 226.75 226.33 226.52 50.0 226.57 155.0 18303.0 9560.0 8743.0 0.0 226.4674
11:54:00 567.0 13434.0 215.2 226.41 226.67 226.41 226.4 300.0 226.45 108.0 13434.0 5767.0 7667.0 0.0 226.5512
11:55:00 2031.0 61782.0 215.2 225.74 226.66 225.45 225.72 25.0 225.78 2.0 61782.0 18365.0 43417.0 0.0 225.8715
11:56:00 2150.0 78182.0 215.2 224.92 225.84 224.45 224.9 100.0 224.95 42.0 78182.0 30402.0 47780.0 0.0 224.9546
11:57:00 2003.0 48549.0 215.2 225.33 225.41 224.45 225.3 136.0 225.41 125.0 48549.0 24812.0 23737.0 0.0 224.841
11:58:00 830.0 18357.0 215.2 225.06 225.31 224.9 224.97 54.0 225.02 10.0 18357.0 7947.0 10410.0 0.0 225.0686
11:59:00 794.0 20491.0 215.2 225.16 225.28 224.74 225.14 300.0 225.2 104.0 20491.0 11331.0 9160.0 0.0 224.9289
12:00:00 927.0 20232.0 215.2 225.46 225.62 225.04 225.41 25.0 225.49 40.0 20232.0 10820.0 9412.0 0.0 225.297
12:01:00 1126.0 29657.0 215.2 225.33 225.89 225.27 225.33 98.0 225.38 399.0 29657.0 11581.0 18076.0 0.0 225.5625
12:02:00 966.0 30520.0 215.2 225.09 225.57 225.03 225.03 47.0 225.09 225.0 30520.0 14259.0 16261.0 0.0 225.2907
12:03:00 1271.0 47518.0 215.2 224.86 225.03 224.54 224.84 420.0 224.89 33.0 47518.0 17348.0 30170.0 0.0 224.7687
12:04:00 967.0 32708.0 215.2 225.31 225.45 224.73 225.27 143.0 225.34 147.0 32708.0 17620.0 15088.0 0.0 225.179
12:05:00 709.0 28152.0 215.2 225.56 225.79 225.31 225.53 274.0 225.58 100.0 28152.0 16172.0 11980.0 0.0 225.5783
12:06:00 908.0 32434.0 215.2 226.02 226.06 225.17 225.95 180.0 226.02 292.0 32434.0 19898.0 12536.0 0.0 225.615
12:07:00 1192.0 35864.0 215.2 226.75 226.9 225.98 226.73 100.0 226.78 291.0 35864.0 22931.0 12933.0 0.0 226.4425
12:08:00 928.0 29445.0 215.2 226.65 226.81 226.36 226.58 100.0 226.65 559.0 29445.0 11086.0 18359.0 0.0 226.5333
12:09:00 871.0 33112.0 215.2 226.9 227.08 226.53 226.87 152.0 226.9 226.0 33112.0 19836.0 13276.0 0.0 226.8912
12:10:00 692.0 22370.0 215.2 227.08 227.42 226.76 227.07 12.0 227.13 200.0 22370.0 11077.0 11293.0 0.0 227.0742
12:11:00 704.0 24017.0 215.2 226.85 227.14 226.61 226.82 78.0 226.89 90.0 24017.0 11688.0 12329.0 0.0 226.8528
12:12:00 308.0 9609.0 215.2 226.84 226.9 226.69 226.83 238.0 226.87 56.0 9609.0 4219.0 5390.0 0.0 226.7952
12:13:00 664.0 22641.0 215.2 227.07 227.31 226.82 227.06 5.0 227.11 450.0 22641.0 15134.0 7507.0 0.0 227.1144
12:14:00 751.0 25467.0 215.2 227.62 227.65 226.99 227.61 1050.0 227.66 527.0 25467.0 16393.0 9074.0 0.0 227.3611
12:15:00 931.0 44300.0 215.2 227.46 227.73 227.41 227.45 109.0 227.51 136.0 44300.0 15413.0 28887.0 0.0 227.5317
12:16:00 599.0 20322.0 215.2 227.48 227.72 227.24 227.46 600.0 227.5 200.0 20322.0 11966.0 8356.0 0.0 227.4419
12:17:00 588.0 17352.0 215.2 227.34 227.47 227.14 227.29 150.0 227.35 200.0 17352.0 5264.0 12088.0 0.0 227.3146
12:18:00 531.0 16939.0 215.2 227.34 227.53 227.26 227.32 150.0 227.39 50.0 16939.0 8089.0 8850.0 0.0 227.3815
12:19:00 476.0 15381.0 215.2 227.37 227.53 227.1 227.36 201.0 227.4 233.0 15381.0 7225.0 8156.0 0.0 227.3104
12:20:00 776.0 32726.0 215.2 227.59 227.8 227.4 227.56 254.0 227.6 50.0 32726.0 19989.0 12737.0 0.0 227.6259
12:21:00 563.0 16764.0 215.2 227.72 227.78 227.39 227.7 550.0 227.76 319.0 16764.0 10224.0 6540.0 0.0 227.5798
12:22:00 1344.0 70905.0 215.2 227.29 228.02 227.24 227.25 1.0 227.31 498.0 70905.0 53317.0 17588.0 0.0 227.886
12:23:00 783.0 26769.0 215.2 226.88 227.51 226.88 226.87 210.0 226.91 19.0 26769.0 9117.0 17652.0 0.0 227.1681
12:24:00 628.0 16217.0 215.2 227.46 227.54 226.83 227.4 396.0 227.45 350.0 16217.0 9110.0 7107.0 0.0 227.228
12:25:00 554.0 22223.0 215.2 227.79 227.83 227.31 227.77 48.0 227.82 238.0 22223.0 10516.0 11707.0 0.0 227.5885
12:26:00 666.0 24286.0 215.2 227.99 228.05 227.64 227.96 186.0 228.02 54.0 24286.0 13364.0 10922.0 0.0 227.9128
12:27:00 1035.0 35975.0 215.2 228.07 228.27 227.85 228.07 34.0 228.12 1551.0 35975.0 22467.0 13508.0 0.0 228.1327
12:28:00 759.0 33775.0 215.2 227.69 228.13 227.64 227.66 50.0 227.72 121.0 33775.0 14638.0 19137.0 0.0 227.9009
12:29:00 429.0 11728.0 215.2 227.8 227.99 227.68 227.79 20.0 227.82 156.0 11728.0 6687.0 5041.0 0.0 227.8278
12:30:00 702.0 36019.0 215.2 227.81 228.07 227.63 227.78 150.0 227.83 50.0 36019.0 23005.0 13014.0 0.0 227.9108
12:31:00 562.0 18808.0 215.2 227.59 228.0 227.57 227.57 10.0 227.61 90.0 18808.0 7075.0 11733.0 0.0 227.7688
12:32:00 608.0 18345.0 215.2 227.42 227.79 227.38 227.42 50.0 227.47 765.0 18345.0 9438.0 8907.0 0.0 227.5282
12:33:00 704.0 25502.0 215.2 227.12 227.52 227.08 227.09 389.0 227.13 150.0 25502.0 12661.0 12841.0 0.0 227.2512
12:34:00 640.0 21971.0 215.2 227.06 227.22 226.97 227.04 1037.0 227.1 242.0 21971.0 9932.0 12039.0 0.0 227.081
12:35:00 614.0 20173.0 215.2 227.1 227.44 227.02 227.07 250.0 227.13 5.0 20173.0 9553.0 10620.0 0.0 227.2156
12:36:00 453.0 14296.0 215.2 227.54 227.54 227.09 227.52 50.0 227.55 156.0 14296.0 8755.0 5541.0 0.0 227.4167
12:37:00 574.0 22390.0 215.2 227.57 227.8 227.5 227.57 2.0 227.61 150.0 22390.0 10006.0 12384.0 0.0 227.6761
12:38:00 599.0 17644.0 215.2 227.11 227.63 227.05 227.11 97.0 227.13 32.0 17644.0 8509.0 9135.0 0.0 227.2585
12:39:00 1062.0 39180.0 215.2 226.92 227.12 226.57 226.88 251.0 226.92 18.0 39180.0 11225.0 27955.0 0.0 226.8424
12:40:00 608.0 15757.0 215.2 227.25 227.25 226.83 227.18 150.0 227.26 208.0 15757.0 7107.0 8650.0 0.0 227.0742
12:41:00 604.0 23755.0 215.2 227.15 227.33 226.93 227.11 250.0 227.17 522.0 23755.0 11652.0 12103.0 0.0 227.1212
12:42:00 604.0 29722.0 215.2 226.89 227.2 226.73 226.83 270.0 226.89 50.0 29722.0 10799.0 18923.0 0.0 226.954
12:43:00 376.0 12422.0 215.2 226.94 227.04 226.83 226.89 228.0 226.96 202.0 12422.0 7574.0 4848.0 0.0 226.9548
12:44:00 663.0 23222.0 215.2 226.55 226.94 226.45 226.54 100.0 226.57 370.0 23222.0 7087.0 16135.0 0.0 226.6249
12:45:00 514.0 19445.0 215.2 226.35 226.7 226.35 226.33 120.0 226.36 87.0 19445.0 8489.0 10956.0 0.0 226.5276
12:46:00 579.0 16238.0 215.2 226.41 226.61 226.3 226.38 19.0 226.42 38.0 16238.0 8979.0 7259.0 0.0 226.4558
12:47:00 462.0 15945.0 215.2 226.75 226.85 226.37 226.73 36.0 226.75 100.0 15945.0 11214.0 4731.0 0.0 226.6113
12:48:00 462.0 13784.0 215.2 226.67 226.81 226.61 226.66 50.0 226.72 50.0 13784.0 6370.0 7414.0 0.0 226.6925
12:49:00 594.0 26681.0 215.2 226.45 226.72 226.31 226.42 150.0 226.44 100.0 26681.0 7790.0 18891.0 0.0 226.5347
12:50:00 751.0 23475.0 215.2 226.12 226.46 226.02 226.1 100.0 226.13 100.0 23475.0 10554.0 12921.0 0.0 226.1627
12:51:00 776.0 65990.0 215.2 226.07 226.29 225.91 226.04 150.0 226.08 81.0 65990.0 31303.0 34687.0 0.0 226.0319
12:52:00 959.0 27167.0 215.2 225.81 226.08 225.64 225.77 150.0 225.83 177.0 27167.0 10345.0 16822.0 0.0 225.7924
12:53:00 1468.0 45120.0 215.2 226.145 226.2 225.8 226.12 250.0 226.17 100.0 45120.0 17308.0 27812.0 0.0 225.9145
12:54:00 1037.0 32469.0 215.2 226.21 226.29 225.85 226.18 10.0 226.22 110.0 32469.0 16591.0 15878.0 0.0 226.1084
12:55:00 728.0 27143.0 215.2 226.71 226.72 226.16 226.69 50.0 226.74 156.0 27143.0 16672.0 10471.0 0.0 226.5217
12:56:00 369.0 17628.0 215.2 226.72 226.78 226.46 226.73 38.0 226.78 252.0 17628.0 7552.0 10076.0 0.0 226.6281
12:57:00 871.0 39256.0 215.2 226.98 227.09 226.68 226.97 300.0 227.0 153.0 39256.0 27438.0 11818.0 0.0 226.9114
12:58:00 792.0 21199.0 215.2 227.15 227.23 226.85 227.09 254.0 227.16 389.0 21199.0 11832.0 9367.0 0.0 227.0304
12:59:00 671.0 21784.0 215.2 227.06 227.13 226.75 227.05 101.0 227.1 200.0 21784.0 8749.0 13035.0 0.0 226.9506
13:00:00 513.0 18509.0 215.2 227.33 227.42 226.98 227.31 526.0 227.35 403.0 18509.0 11681.0 6828.0 0.0 227.1685
13:01:00 547.0 21252.0 215.2 227.45 227.51 227.14 227.43 200.0 227.49 232.0 21252.0 11702.0 9550.0 0.0 227.3501
13:02:00 529.0 28544.0 215.2 227.43 227.68 227.42 227.43 48.0 227.47 150.0 28544.0 18534.0 10010.0 0.0 227.5303
13:03:00 497.0 16808.0 215.2 227.61 227.66 227.46 227.59 143.0 227.64 202.0 16808.0 11462.0 5346.0 0.0 227.5436
13:04:00 1063.0 47716.0 215.2 228.14 228.2 227.57 228.15 100.0 228.19 130.0 47716.0 29574.0 18142.0 0.0 227.95
13:05:00 1018.0 30930.0 215.2 228.22 228.34 228.07 228.21 150.0 228.24 61.0 30930.0 21160.0 9770.0 0.0 228.215
13:06:00 745.0 27908.0 215.2 228.19 228.34 227.96 228.18 300.0 228.21 150.0 27908.0 13900.0 14008.0 0.0 228.1887
13:07:00 601.0 21174.0 215.2 227.81 228.3 227.77 227.79 50.0 227.84 300.0 21174.0 8452.0 12722.0 0.0 228.0201
13:08:00 639.0 22361.0 215.2 227.76 228.06 227.69 227.74 350.0 227.78 153.0 22361.0 8241.0 14120.0 0.0 227.8421
13:09:00 650.0 25045.0 215.2 228.05 228.11 227.58 228.03 284.0 228.08 247.0 25045.0 15471.0 9574.0 0.0 227.8226
13:10:00 363.0 19330.0 215.2 227.63 228.09 227.63 227.61 150.0 227.67 293.0 19330.0 4906.0 14424.0 0.0 227.8678
13:11:00 724.0 24596.0 215.2 227.6 227.65 227.33 227.63 100.0 227.65 238.0 24596.0 10527.0 14069.0 0.0 227.5224
13:12:00 284.0 12734.0 215.2 227.49 227.64 227.43 227.44 200.0 227.48 50.0 12734.0 3605.0 9129.0 0.0 227.5107
13:13:00 408.0 10689.0 215.2 227.63 227.64 227.37 227.61 184.0 227.65 4.0 10689.0 5573.0 5116.0 0.0 227.5031
13:14:00 634.0 18980.0 215.2 227.23 227.73 227.23 227.21 518.0 227.26 150.0 18980.0 5653.0 13327.0 0.0 227.4993
13:15:00 610.0 15788.0 215.2 227.13 227.39 227.08 227.11 400.0 227.17 403.0 15788.0 4998.0 10790.0 0.0 227.2221
13:16:00 334.0 12067.0 215.2 227.25 227.42 227.09 227.25 133.0 227.3 150.0 12067.0 6148.0 5919.0 0.0 227.2513
13:17:00 501.0 20375.0 215.2 227.09 227.25 226.8 227.09 150.0 227.13 10.0 20375.0 8429.0 11946.0 0.0 227.0113
13:18:00 680.0 25327.0 215.2 226.77 227.37 226.75 226.77 250.0 226.82 158.0 25327.0 9736.0 15591.0 0.0 227.0078
13:19:00 687.0 20787.0 215.2 226.6 226.88 226.55 226.58 50.0 226.62 200.0 20787.0 7474.0 13313.0 0.0 226.7034
13:20:00 709.0 26747.0 215.2 226.44 226.67 226.4 226.41 198.0 226.45 250.0 26747.0 11628.0 15119.0 0.0 226.5166
13:21:00 428.0 14530.0 215.2 226.64 226.76 226.45 226.62 1.0 226.66 50.0 14530.0 8200.0 6330.0 0.0 226.6219
13:22:00 568.0 20222.0 215.2 226.67 226.74 226.53 226.63 50.0 226.67 47.0 20222.0 10723.0 9499.0 0.0 226.6308
13:23:00 525.0 13171.0 215.2 226.7 226.72 226.38 226.69 3.0 226.72 20.0 13171.0 5485.0 7686.0 0.0 226.5725
13:24:00 628.0 20212.0 215.2 227.02 227.13 226.67 227.0 674.0 227.05 25.0 20212.0 9941.0 10271.0 0.0 226.9585
13:25:00 337.0 11695.0 215.2 227.0 227.27 226.97 226.96 300.0 227.01 37.0 11695.0 4414.0 7281.0 0.0 227.1139
13:26:00 428.0 12198.0 215.2 227.34 227.4 226.97 227.33 100.0 227.36 150.0 12198.0 7980.0 4218.0 0.0 227.2081
13:27:00 498.0 15346.0 215.2 227.41 227.54 227.3 227.41 50.0 227.44 100.0 15346.0 6329.0 9017.0 0.0 227.4222
13:28:00 449.0 12007.0 215.2 227.34 227.41 227.13 227.31 250.0 227.36 265.0 12007.0 5016.0 6991.0 0.0 227.2709
13:29:00 731.0 24703.0 215.2 226.91 227.37 226.88 226.91 43.0 226.96 153.0 24703.0 7729.0 16974.0 0.0 227.172
13:30:00 687.0 20240.0 215.2 226.5 227.09 226.48 226.47 23.0 226.51 250.0 20240.0 6784.0 13456.0 0.0 226.641
13:31:00 794.0 26824.0 215.2 226.62 226.7 226.24 226.61 50.0 226.65 200.0 26824.0 10853.0 15971.0 0.0 226.485
13:32:00 497.0 18653.0 215.2 226.91 226.98 226.55 226.88 40.0 226.92 218.0 18653.0 8330.0 10323.0 0.0 226.7593
13:33:00 315.0 8924.0 215.2 227.0 227.04 226.65 227.0 50.0 227.04 75.0 8924.0 3278.0 5646.0 0.0 226.8297
13:34:00 514.0 17731.0 215.2 227.08 227.18 226.83 227.06 50.0 227.11 161.0 17731.0 5795.0 11936.0 0.0 226.964
13:35:00 547.0 16482.0 215.2 227.14 227.23 227.0 227.11 50.0 227.14 300.0 16482.0 7816.0 8666.0 0.0 227.1022
13:36:00 536.0 20410.0 215.2 227.51 227.53 227.08 227.47 87.0 227.52 315.0 20410.0 13833.0 6577.0 0.0 227.2865
13:37:00 502.0 18416.0 215.2 227.48 227.6 227.31 227.46 50.0 227.5 60.0 18416.0 9554.0 8862.0 0.0 227.458
13:38:00 443.0 15323.0 215.2 227.37 227.54 227.3 227.31 480.0 227.36 93.0 15323.0 4181.0 11142.0 0.0 227.3796
13:39:00 475.0 19722.0 215.2 227.25 227.31 226.98 227.25 50.0 227.28 110.0 19722.0 7305.0 12417.0 0.0 227.1668
13:40:00 487.0 21431.0 215.2 227.12 227.28 226.85 227.07 251.0 227.13 193.0 21431.0 8293.0 13138.0 0.0 227.0628
13:41:00 460.0 15889.0 215.2 227.25 227.29 226.75 227.22 110.0 227.26 29.0 15889.0 7570.0 8319.0 0.0 227.0623
13:42:00 608.0 20295.0 215.2 226.97 227.46 226.97 226.95 37.0 226.98 50.0 20295.0 7464.0 12831.0 0.0 227.2656
13:43:00 400.0 13336.0 215.2 227.17 227.3 226.81 227.18 84.0 227.21 102.0 13336.0 5193.0 8143.0 0.0 227.0201
13:44:00 869.0 27194.0 215.2 227.22 227.37 227.09 227.15 44.0 227.2 250.0 27194.0 16143.0 11051.0 0.0 227.2233
13:45:00 401.0 12997.0 215.2 226.98 227.21 226.92 226.95 1.0 227.0 143.0 12997.0 3257.0 9740.0 0.0 227.0281
13:46:00 684.0 23150.0 215.2 226.79 227.01 226.56 226.74 570.0 226.81 293.0 23150.0 8944.0 14206.0 0.0 226.7807
13:47:00 482.0 12155.0 215.2 226.76 226.82 226.39 226.71 384.0 226.77 50.0 12155.0 4443.0 7712.0 0.0 226.551
13:48:00 471.0 14185.0 215.2 226.53 226.92 226.51 226.51 108.0 226.57 396.0 14185.0 3687.0 10498.0 0.0 226.729
13:49:00 306.0 11412.0 215.2 226.61 226.77 226.49 226.59 101.0 226.63 250.0 11412.0 3508.0 7904.0 0.0 226.5946
13:50:00 338.0 14391.0 215.2 226.22 226.59 226.22 226.24 144.0 226.28 130.0 14391.0 4462.0 9929.0 0.0 226.3518
13:51:00 633.0 20433.0 215.2 226.74 226.79 226.28 226.72 250.0 226.77 144.0 20433.0 10740.0 9693.0 0.0 226.4954
13:52:00 321.0 13232.0 215.2 226.91 226.96 226.72 226.89 51.0 226.94 50.0 13232.0 6271.0 6961.0 0.0 226.837
13:53:00 452.0 16027.0 215.2 227.03 227.08 226.79 226.99 154.0 227.05 150.0 16027.0 8889.0 7138.0 0.0 226.9611
13:54:00 350.0 18857.0 215.2 227.15 227.17 226.83 227.15 100.0 227.19 41.0 18857.0 14671.0 4186.0 0.0 226.9916
13:55:00 356.0 16249.0 215.2 227.14 227.3 227.07 227.12 122.0 227.18 278.0 16249.0 6587.0 9662.0 0.0 227.1804
13:56:00 826.0 24631.0 215.2 227.61 227.71 226.97 227.6 4.0 227.64 3.0 24631.0 14358.0 10273.0 0.0 227.3998
13:57:00 422.0 19651.0 215.2 227.59 227.68 227.42 227.58 220.0 227.64 339.0 19651.0 8778.0 10873.0 0.0 227.5498
13:58:00 555.0 19147.0 215.2 227.69 227.86 227.49 227.67 150.0 227.72 429.0 19147.0 9432.0 9715.0 0.0 227.682
13:59:00 625.0 23893.0 215.2 227.84 227.99 227.69 227.8 200.0 227.86 50.0 23893.0 13470.0 10423.0 0.0 227.8699
14:00:00 1323.0 61035.0 215.2 227.86 228.09 227.8 227.83 600.0 227.86 100.0 61035.0 50918.0 10117.0 0.0 227.9781
14:01:00 843.0 24092.0 215.2 227.94 228.09 227.63 227.91 135.0 227.95 205.0 24092.0 13313.0 10779.0 0.0 227.883
14:02:00 582.0 14781.0 215.2 227.94 228.05 227.81 227.94 200.0 227.98 152.0 14781.0 5853.0 8928.0 0.0 227.9123
14:03:00 418.0 15869.0 215.2 228.02 228.08 227.76 228.0 149.0 228.02 400.0 15869.0 6413.0 9456.0 0.0 227.93
14:04:00 365.0 17405.0 215.2 227.95 228.1 227.75 227.9 150.0 227.94 154.0 17405.0 5597.0 11808.0 0.0 227.9318
14:05:00 1901.0 77304.0 215.2 226.46 228.03 226.4 226.46 54.0 226.5 350.0 77304.0 27186.0 50118.0 0.0 227.0521
14:06:00 1180.0 27116.0 215.2 226.98 227.06 226.48 226.93 222.0 227.0 350.0 27116.0 13729.0 13387.0 0.0 226.7495
14:07:00 756.0 22308.0 215.2 226.85 227.13 226.72 226.79 91.0 226.86 392.0 22308.0 8907.0 13401.0 0.0 226.9407
14:08:00 647.0 18205.0 215.2 227.24 227.49 226.85 227.24 291.0 227.29 3.0 18205.0 9182.0 9023.0 0.0 227.2429
14:09:00 551.0 19073.0 215.2 227.53 227.62 227.2 227.52 42.0 227.56 233.0 19073.0 9543.0 9530.0 0.0 227.4717
14:10:00 350.0 14260.0 215.2 227.4 227.6 227.31 227.34 408.0 227.41 150.0 14260.0 2997.0 11263.0 0.0 227.4279
14:11:00 561.0 20526.0 215.2 226.95 227.44 226.95 226.93 161.0 226.96 48.0 20526.0 7669.0 12857.0 0.0 227.1809
14:12:00 391.0 11646.0 215.2 226.93 227.0 226.72 226.91 50.0 226.96 200.0 11646.0 4316.0 7330.0 0.0 226.8633
14:13:00 374.0 15590.0 215.2 226.98 227.26 226.89 226.99 10.0 227.02 50.0 15590.0 6746.0 8844.0 0.0 227.0987
14:14:00 328.0 11778.0 215.2 227.015 227.16 226.86 227.01 38.0 227.05 539.0 11778.0 5240.0 6538.0 0.0 226.9731
14:15:00 361.0 13094.0 215.2 227.11 227.25 227.01 227.09 16.0 227.13 44.0 13094.0 7263.0 5831.0 0.0 227.1705
14:16:00 581.0 23529.0 215.2 226.8 227.23 226.7 226.77 200.0 226.84 498.0 23529.0 8977.0 14552.0 0.0 226.9517
14:17:00 549.0 17434.0 215.2 226.69 226.89 226.6 226.64 120.0 226.69 146.0 17434.0 7461.0 9973.0 0.0 226.7122
14:18:00 495.0 17445.0 215.2 226.39 226.73 226.34 226.36 100.0 226.42 103.0 17445.0 4285.0 13160.0 0.0 226.5246
14:19:00 1064.0 31464.0 215.2 226.01 226.44 225.87 225.97 605.0 226.0 660.0 31464.0 11250.0 20214.0 0.0 226.0827
14:20:00 1347.0 42922.0 215.2 225.8 226.0 225.54 225.74 94.0 225.81 450.0 42922.0 15252.0 27670.0 0.0 225.7788
14:21:00 523.0 21279.0 215.2 226.0 226.07 225.64 225.96 94.0 226.02 348.0 21279.0 12823.0 8456.0 0.0 225.8964
14:22:00 778.0 22085.0 215.2 226.1 226.29 225.73 226.08 153.0 226.14 679.0 22085.0 12590.0 9495.0 0.0 226.0467
14:23:00 766.0 16940.0 215.2 225.99 226.23 225.8 225.94 100.0 226.0 150.0 16940.0 7855.0 9085.0 0.0 226.0251
14:24:00 806.0 22106.0 215.2 226.6 226.69 225.87 226.55 38.0 226.61 41.0 22106.0 13789.0 8317.0 0.0 226.3492
14:25:00 769.0 17801.0 215.2 226.64 226.68 226.36 226.59 50.0 226.64 262.0 17801.0 8257.0 9544.0 0.0 226.4995
14:26:00 467.0 22732.0 215.2 226.93 226.98 226.52 226.93 400.0 226.98 300.0 22732.0 16489.0 6243.0 0.0 226.7626
14:27:00 597.0 17907.0 215.2 226.94 227.06 226.76 226.93 100.0 226.95 200.0 17907.0 6171.0 11736.0 0.0 226.9291
14:28:00 574.0 42685.0 215.2 226.82 227.1 226.74 226.78 81.0 226.83 274.0 42685.0 6445.0 36240.0 0.0 226.9099
14:29:00 494.0 18074.0 215.2 227.02 227.17 226.65 226.99 129.0 227.04 204.0 18074.0 12064.0 6010.0 0.0 226.917
14:30:00 174.0 7797.0 215.2 226.98 227.09 226.86 226.93 105.0 226.97 203.0 7797.0 2449.0 5348.0 0.0 226.9614
14:31:00 859.0 30098.0 215.2 226.52 226.95 226.36 226.48 145.0 226.53 150.0 30098.0 12086.0 18012.0 0.0 226.5429
14:32:00 435.0 12927.0 215.2 226.54 226.57 226.36 226.52 50.0 226.57 58.0 12927.0 5890.0 7037.0 0.0 226.4792
14:33:00 602.0 17231.0 215.2 226.71 227.03 226.55 226.7 40.0 226.75 48.0 17231.0 7714.0 9517.0 0.0 226.8388
14:34:00 458.0 16592.0 215.2 227.0 227.06 226.79 226.98 150.0 227.03 13.0 16592.0 9997.0 6595.0 0.0 226.9419
14:35:00 870.0 37517.0 215.2 227.33 227.6 227.01 227.3 924.0 227.33 100.0 37517.0 24942.0 12575.0 0.0 227.3641
14:36:00 526.0 17148.0 215.2 227.34 227.58 227.28 227.34 48.0 227.37 50.0 17148.0 5626.0 11522.0 0.0 227.4098
14:37:00 542.0 13700.0 215.2 227.26 227.34 227.05 227.25 50.0 227.28 15.0 13700.0 5295.0 8405.0 0.0 227.1877
14:38:00 365.0 13890.0 215.2 227.2 227.45 227.16 227.18 250.0 227.24 230.0 13890.0 5044.0 8846.0 0.0 227.2773
14:39:00 779.0 23478.0 215.2 227.0 227.23 226.83 226.98 358.0 227.03 99.0 23478.0 9863.0 13615.0 0.0 227.0172
14:40:00 310.0 17419.0 215.2 227.14 227.2 226.97 227.16 401.0 227.2 170.0 17419.0 5340.0 12079.0 0.0 227.0946
14:41:00 363.0 15963.0 215.2 227.21 227.35 227.06 227.17 270.0 227.22 252.0 15963.0 7508.0 8455.0 0.0 227.2091
14:42:00 544.0 23745.0 215.2 227.12 227.38 227.05 227.08 50.0 227.15 185.0 23745.0 14944.0 8801.0 0.0 227.2621
14:43:00 537.0 11577.0 215.2 227.12 227.4 227.05 227.12 357.0 227.16 6.0 11577.0 6353.0 5224.0 0.0 227.2266
14:44:00 712.0 20194.0 215.2 226.97 227.21 226.71 226.96 50.0 226.98 65.0 20194.0 8819.0 11375.0 0.0 226.9346
14:45:00 554.0 20946.0 215.2 227.41 227.45 226.92 227.38 153.0 227.43 908.0 20946.0 12577.0 8369.0 0.0 227.2205
14:46:00 1815.0 54209.0 215.2 227.94 228.03 227.34 227.92 10.0 227.96 178.0 54209.0 39269.0 14940.0 0.0 227.8136
14:47:00 764.0 25807.0 215.2 228.0 228.16 227.9 228.0 400.0 228.03 169.0 25807.0 14992.0 10815.0 0.0 228.0309
14:48:00 492.0 18753.0 215.2 228.04 228.12 227.93 228.01 120.0 228.06 247.0 18753.0 9351.0 9402.0 0.0 228.0206
14:49:00 491.0 17735.0 215.2 227.95 228.02 227.8 227.94 200.0 227.98 527.0 17735.0 6204.0 11531.0 0.0 227.9396
14:50:00 600.0 19278.0 215.2 228.05 228.1 227.88 228.04 161.0 228.06 192.0 19278.0 10703.0 8575.0 0.0 227.9805
14:51:00 945.0 31176.0 215.2 228.12 228.29 228.0 228.1 307.0 228.13 18.0 31176.0 18506.0 12670.0 0.0 228.1398
14:52:00 613.0 34060.0 215.2 228.05 228.2 227.96 228.04 50.0 228.08 445.0 34060.0 21603.0 12457.0 0.0 228.0938
14:53:00 615.0 18971.0 215.2 227.95 228.24 227.86 227.93 29.0 227.96 191.0 18971.0 9298.0 9673.0 0.0 228.0437
14:54:00 728.0 26410.0 215.2 227.94 228.02 227.71 227.93 250.0 227.97 103.0 26410.0 11645.0 14765.0 0.0 227.8688
14:55:00 839.0 24897.0 215.2 228.01 228.18 227.9 228.0 200.0 228.04 200.0 24897.0 11731.0 13166.0 0.0 228.0562
14:56:00 993.0 31122.0 215.2 228.31 228.32 228.04 228.28 100.0 228.33 171.0 31122.0 21496.0 9626.0 0.0 228.2019
14:57:00 1151.0 39906.0 215.2 228.15 228.54 228.09 228.12 103.0 228.18 392.0 39906.0 26045.0 13861.0 0.0 228.3598
14:58:00 465.0 22053.0 215.2 228.08 228.17 227.96 228.03 150.0 228.06 100.0 22053.0 10227.0 11826.0 0.0 228.0579
14:59:00 391.0 16470.0 215.2 228.25 228.3 228.06 228.22 626.0 228.25 99.0 16470.0 8360.0 8110.0 0.0 228.2253
15:00:00 1004.0 42706.0 215.2 228.49 228.69 228.25 228.48 500.0 228.49 245.0 42706.0 27260.0 15446.0 0.0 228.5017
15:01:00 815.0 25697.0 215.2 228.41 228.55 228.24 228.4 50.0 228.44 277.0 25697.0 13773.0 11924.0 0.0 228.4359
15:02:00 1056.0 29425.0 215.2 228.65 228.71 228.18 228.64 100.0 228.67 495.0 29425.0 17286.0 12139.0 0.0 228.4703
15:03:00 1047.0 28617.0 215.2 228.62 228.84 228.56 228.6 613.0 228.64 3.0 28617.0 14579.0 14038.0 0.0 228.6977
15:04:00 780.0 23574.0 215.2 228.36 228.67 228.32 228.32 429.0 228.37 479.0 23574.0 10373.0 13201.0 0.0 228.5055
15:05:00 527.0 19787.0 215.2 228.29 228.5 228.27 228.26 443.0 228.3 350.0 19787.0 10897.0 8890.0 0.0 228.3735
15:06:00 910.0 41691.0 215.2 228.27 228.31 227.9 228.26 68.0 228.3 721.0 41691.0 20363.0 21328.0 0.0 228.1156
15:07:00 541.0 24692.0 215.2 228.385 228.46 228.2 228.36 343.0 228.41 434.0 24692.0 12836.0 11856.0 0.0 228.3387
15:08:00 565.0 23922.0 215.2 228.49 228.59 228.22 228.47 3.0 228.5 700.0 23922.0 11648.0 12274.0 0.0 228.4243
15:09:00 558.0 49264.0 215.2 228.78 228.78 228.47 228.78 50.0 228.8 567.0 49264.0 38920.0 10344.0 0.0 228.5732
15:10:00 526.0 19328.0 215.2 228.76 228.78 228.43 228.73 82.0 228.79 245.0 19328.0 7634.0 11694.0 0.0 228.5929
15:11:00 761.0 27537.0 215.2 228.89 228.92 228.57 228.87 103.0 228.9 295.0 27537.0 16494.0 11043.0 0.0 228.7814
15:12:00 1019.0 46929.0 215.2 228.83 229.08 228.83 228.83 110.0 228.86 360.0 46929.0 30877.0 16052.0 0.0 228.9702
15:13:00 963.0 33211.0 215.2 229.06 229.15 228.82 229.05 150.0 229.08 100.0 33211.0 21197.0 12014.0 0.0 228.9775
15:14:00 932.0 32649.0 215.2 228.65 229.22 228.58 228.64 250.0 228.69 81.0 32649.0 13714.0 18935.0 0.0 228.9661
15:15:00 950.0 31526.0 215.2 228.75 228.78 228.38 228.75 81.0 228.78 424.0 31526.0 13736.0 17790.0 0.0 228.5992
15:16:00 821.0 26779.0 215.2 228.93 228.97 228.57 228.9 150.0 228.95 5.0 26779.0 12633.0 14146.0 0.0 228.778
15:17:00 1014.0 44107.0 215.2 229.3 229.31 228.87 229.27 396.0 229.31 177.0 44107.0 30116.0 13991.0 0.0 229.1467
15:18:00 660.0 26678.0 215.2 229.31 229.39 229.18 229.3 564.0 229.32 77.0 26678.0 10509.0 16169.0 0.0 229.2983
15:19:00 900.0 44169.0 215.2 229.53 229.56 229.29 229.5 700.0 229.54 55.0 44169.0 22426.0 21743.0 0.0 229.4547
15:20:00 1182.0 38858.0 215.2 229.62 229.67 229.36 229.6 1593.0 229.65 257.0 38858.0 21540.0 17318.0 0.0 229.5177
15:21:00 1441.0 58878.0 215.2 229.67 229.78 229.47 229.65 150.0 229.69 502.0 58878.0 25907.0 32971.0 0.0 229.6177
15:22:00 1294.0 50633.0 215.2 229.82 229.9 229.64 229.79 121.0 229.82 50.0 50633.0 30517.0 20116.0 0.0 229.7979
15:23:00 1372.0 58043.0 215.2 229.8 229.97 229.72 229.79 280.0 229.82 373.0 58043.0 31578.0 26465.0 0.0 229.8664
15:24:00 963.0 34063.0 215.2 229.87 229.92 229.67 229.85 150.0 229.88 23.0 34063.0 16405.0 17658.0 0.0 229.8317
15:25:00 1357.0 51239.0 215.2 229.9 230.0 229.79 229.89 150.0 229.91 3.0 51239.0 32953.0 18286.0 0.0 229.9346
15:26:00 2812.0 127188.0 215.2 229.73 230.02 229.7 229.72 206.0 229.74 50.0 127188.0 97117.0 30071.0 0.0 229.9654
15:27:00 1653.0 54707.0 215.2 229.8 229.98 229.68 229.79 200.0 229.8 150.0 54707.0 24578.0 30129.0 0.0 229.8487
15:28:00 1620.0 55411.0 215.2 229.54 229.87 229.46 229.52 20.0 229.53 165.0 55411.0 23606.0 31805.0 0.0 229.6545
15:29:00 1642.0 58229.0 215.2 229.33 229.68 229.17 229.33 50.0 229.34 267.0 58229.0 26320.0 31909.0 0.0 229.4378
15:30:00 1432.0 46701.0 215.2 229.61 229.67 229.3 229.6 250.0 229.61 39.0 46701.0 21257.0 25444.0 0.0 229.4743
15:31:00 1523.0 50816.0 215.2 229.98 230.0 229.62 229.96 151.0 229.97 4.0 50816.0 26701.0 24115.0 0.0 229.9063
15:32:00 1941.0 61097.0 215.2 230.06 230.2 229.97 230.07 14.0 230.09 358.0 61097.0 32018.0 29079.0 0.0 230.0637
15:33:00 1250.0 49115.0 215.2 230.22 230.27 230.05 230.21 144.0 230.23 410.0 49115.0 27334.0 21781.0 0.0 230.1956
15:34:00 1746.0 57272.0 215.2 230.18 230.39 230.09 230.17 323.0 230.19 88.0 57272.0 29899.0 27373.0 0.0 230.2513
15:35:00 1698.0 54923.0 215.2 230.03 230.26 229.91 230.02 155.0 230.05 378.0 54923.0 26367.0 28556.0 0.0 230.0497
15:36:00 1785.0 57481.0 215.2 230.04 230.23 229.76 230.03 64.0 230.03 44.0 57481.0 25465.0 32016.0 0.0 229.9914
15:37:00 2288.0 67036.0 215.2 229.91 230.25 229.9 229.9 100.0 229.92 200.0 67036.0 30976.0 36060.0 0.0 230.0981
15:38:00 1464.0 45292.0 215.2 229.9 230.0 229.81 229.89 1191.0 229.9 5.0 45292.0 22589.0 22703.0 0.0 229.8931
15:39:00 1404.0 49134.0 215.2 229.95 230.12 229.88 229.94 200.0 229.95 41.0 49134.0 23949.0 25185.0 0.0 229.9983
15:40:00 1655.0 58981.0 215.2 230.04 230.13 229.93 230.03 200.0 230.05 100.0 58981.0 28064.0 30917.0 0.0 230.0165
15:41:00 2897.0 89754.0 215.2 229.78 230.27 229.6 229.79 100.0 229.81 4.0 89754.0 42210.0 47544.0 0.0 229.897
15:42:00 1743.0 59258.0 215.2 229.72 229.95 229.565 229.72 20.0 229.74 381.0 59258.0 27242.0 32016.0 0.0 229.7621
15:43:00 1837.0 58637.0 215.2 229.85 230.01 229.57 229.83 288.0 229.85 587.0 58637.0 32452.0 26185.0 0.0 229.8453
15:44:00 1897.0 66114.0 215.2 229.43 229.86 229.41 229.44 28.0 229.46 315.0 66114.0 29669.0 36445.0 0.0 229.6409
15:45:00 2653.0 79807.0 215.2 229.68 229.68 229.35 229.67 93.0 229.68 5.0 79807.0 42036.0 37771.0 0.0 229.5098
15:46:00 2453.0 72144.0 215.2 229.41 229.77 229.16 229.4 138.0 229.42 335.0 72144.0 32714.0 39430.0 0.0 229.4296
15:47:00 1636.0 50277.0 215.2 229.59 229.84 229.31 229.59 150.0 229.6 10.0 50277.0 26512.0 23765.0 0.0 229.5847
15:48:00 2755.0 85758.0 215.2 229.29 229.65 228.96 229.27 88.0 229.28 50.0 85758.0 43468.0 42290.0 0.0 229.3169
15:49:00 2431.0 88308.0 215.2 228.97 229.32 228.85 228.96 50.0 228.97 112.0 88308.0 48362.0 39946.0 0.0 229.0138
15:50:00 1989.0 59174.0 215.2 229.12 229.37 228.85 229.16 50.0 229.23 137.0 59174.0 33140.0 26034.0 0.0 229.0959
15:51:00 3011.0 84326.0 215.2 229.69 229.73 229.11 229.66 100.0 229.7 275.0 84326.0 46977.0 37349.0 0.0 229.5061
15:52:00 1891.0 83728.0 215.2 230.0 230.0 229.59 229.97 244.0 230.0 1263.0 83728.0 54664.0 29064.0 0.0 229.8161
15:53:00 1393.0 46430.0 215.2 229.97 230.05 229.77 229.96 1359.0 229.98 103.0 46430.0 21329.0 25101.0 0.0 229.9381
15:54:00 1872.0 68307.0 215.2 230.0 230.05 229.71 230.0 23.0 230.03 105.0 68307.0 39074.0 29233.0 0.0 229.9397
15:55:00 2375.0 71472.0 215.2 229.89 230.21 229.83 229.83 542.0 229.9 44.0 71472.0 41361.0 30111.0 0.0 230.0741
15:56:00 2231.0 79221.0 215.2 229.6 229.87 229.48 229.59 350.0 229.63 974.0 79221.0 39517.0 39704.0 0.0 229.6846
15:57:00 2282.0 98850.0 215.2 229.86 230.09 229.39 229.84 156.0 229.86 66.0 98850.0 49228.0 49622.0 0.0 229.8042
15:58:00 2441.0 91392.0 215.2 229.74 229.85 229.52 229.74 10.0 229.75 208.0 91392.0 39605.0 51787.0 0.0 229.6816
15:59:00 2660.0 87633.0 215.2 229.63 229.78 229.45 229.62 151.0 229.65 320.0 87633.0 43936.0 43697.0 0.0 229.6295
16:00:00 3745.0 186355.0 215.2 229.63 229.88 229.31 229.63 12146.0 229.77 27.0 186355.0 106142.0 80213.0 0.0 229.5452
16:01:00 125.0 2489.0 215.2 229.5 229.89 229.28 229.53 15.0 229.5 225.0 2489.0 926.0 1563.0 0.0 229.5881
16:02:00 81.0 1925.0 215.2 229.44 229.72 229.43 229.53 15.0 229.48 1.0 1925.0 1162.0 763.0 0.0 229.5485
16:03:00 82.0 1205.0 215.2 229.49 229.65 229.4 229.53 15.0 229.65 4494.0 1205.0 774.0 431.0 0.0 229.5826
16:04:00 42.0 1544.0 215.2 229.48 229.63 229.48 229.53 15.0 229.57 196.0 1544.0 510.0 1034.0 0.0 229.5224
16:05:00 44.0 1427.0 215.2 229.5 229.61 229.4 229.53 15.0 229.5 6.0 1427.0 515.0 912.0 0.0 229.5544
16:06:00 22.0 655.0 215.2 229.52 229.59 229.5 229.53 15.0 229.55 45.0 655.0 646.0 9.0 0.0 229.5733
16:07:00 45.0 2326.0 215.2 229.35 229.6 229.35 229.53 15.0 229.49 10.0 2326.0 160.0 2166.0 0.0 229.4517
16:08:00 11.0 71.0 215.2 229.35 229.38 229.25 229.53 15.0 229.4 11.0 71.0 61.0 10.0 0.0 229.3511
16:09:00 14.0 301.0 215.2 229.34 229.35 229.25 229.53 15.0 229.4 7.0 301.0 0.0 301.0 0.0 229.2998
16:10:00 31.0 61.0 215.2 229.26 229.38 229.05 229.53 15.0 229.32 17.0 61.0 6.0 55.0 0.0 229.2182
16:11:00 18.0 446.0 215.2 229.38 229.38 229.26 229.53 15.0 229.4 453.0 446.0 446.0 0.0 0.0 229.3322
16:12:00 44.0 567.0 215.2 229.3 229.42 229.26 229.53 15.0 229.44 11.0 567.0 553.0 14.0 0.0 229.3703
16:13:00 33.0 3855.0 215.2 229.4 229.43 229.3 229.53 15.0 229.42 1.0 3855.0 3808.0 47.0 0.0 229.3016
16:14:00 23.0 483.0 215.2 229.37 229.4 229.29 229.53 15.0 229.38 115.0 483.0 0.0 483.0 0.0 229.3981
16:15:00 96.0 2740.0 215.2 228.94 229.34 228.93 229.53 15.0 229.01 100.0 2740.0 10.0 2730.0 0.0 229.1386
16:16:00 34.0 1613.0 215.2 228.93 229.0 228.81 229.53 15.0 229.0 83.0 1613.0 200.0 1413.0 0.0 228.9347
16:17:00 51.0 654.0 215.2 229.19 229.2 228.99 229.53 15.0 229.2 20.0 654.0 629.0 25.0 0.0 229.1667
16:18:00 29.0 91.0 215.2 229.04 229.23 229.04 229.53 15.0 229.2 790.0 91.0 66.0 25.0 0.0 229.1856
16:19:00 59.0 1595.0 215.2 229.2 229.3 229.02 229.53 15.0 229.2 2.0 1595.0 1212.0 383.0 0.0 229.2213
16:20:00 9.0 52.0 215.2 229.05 229.2 229.05 229.53 15.0 229.22 1.0 52.0 2.0 50.0 0.0 229.1231
16:21:00 7.0 5.0 215.2 229.06 229.11 229.05 229.53 15.0 229.15 5.0 5.0 0.0 5.0 0.0 229.05
16:22:00 26.0 646.0 215.2 229.25 229.29 229.14 229.53 15.0 229.3 634.0 646.0 110.0 536.0 0.0 229.2523
16:23:00 14.0 265.0 215.2 229.25 229.3 229.21 229.53 15.0 229.29 11.0 265.0 143.0 122.0 0.0 229.2769
16:24:00 16.0 479.0 215.2 229.27 229.3 229.18 229.53 15.0 229.28 1.0 479.0 16.0 463.0 0.0 229.2506
16:25:00 16.0 327.0 215.2 229.17 229.25 229.16 229.53 15.0 229.24 10.0 327.0 0.0 327.0 0.0 229.2442
16:26:00 17.0 381.0 215.2 229.16 229.23 229.15 229.53 15.0 229.23 8.0 381.0 2.0 379.0 0.0 229.1517
16:27:00 21.0 206.0 215.2 229.14 229.21 229.12 229.53 15.0 229.2 32.0 206.0 27.0 179.0 0.0 229.1559
16:28:00 7.0 0.0 215.2 229.14 229.15 229.12 229.53 15.0 229.2 627.0 nan 0.0 0.0 0.0 nan
16:29:00 7.0 15.0 215.2 229.15 229.15 229.12 229.53 15.0 229.2 717.0 15.0 4.0 11.0 0.0 229.136
16:30:00 25.0 259.0 215.2 229.13 229.15 228.76 229.53 15.0 229.15 10.0 259.0 90.0 169.0 0.0 229.0725
16:31:00 16.0 33.0 215.2 229.13 229.13 229.1 229.53 15.0 229.15 21.0 33.0 0.0 33.0 0.0 229.1021
16:32:00 46.0 906.0 215.2 229.08 229.2 229.06 229.53 15.0 229.2 74.0 906.0 895.0 11.0 0.0 229.1937
16:33:00 3.0 0.0 215.2 229.19 229.19 229.12 229.53 15.0 229.2 87.0 nan 0.0 0.0 0.0 nan
16:34:00 13.0 35.0 215.2 229.13 229.2 229.1 229.53 15.0 229.2 55.0 35.0 35.0 0.0 0.0 229.198
16:35:00 9.0 78.0 215.2 229.15 229.21 229.15 229.53 15.0 229.23 10.0 78.0 58.0 20.0 0.0 229.1871
16:36:00 10.0 606.0 215.2 229.23 229.24 229.13 229.53 15.0 229.25 553.0 606.0 25.0 581.0 0.0 229.23
16:37:00 9.0 96.0 215.2 229.23 229.23 229.2 229.53 15.0 229.25 747.0 96.0 0.0 96.0 0.0 229.2144
16:38:00 6.0 46.0 215.2 229.22 229.25 229.22 229.53 15.0 229.25 747.0 46.0 6.0 40.0 0.0 229.232
16:39:00 6.0 12.0 215.2 229.18 229.23 229.18 229.53 15.0 229.24 20.0 12.0 8.0 4.0 0.0 229.21
16:40:00 57.0 1990.0 215.2 229.25 229.35 229.11 229.53 15.0 229.35 4458.0 1990.0 1942.0 48.0 0.0 229.2905
16:41:00 13.0 4673.0 215.2 229.34 229.42 229.34 229.53 15.0 229.37 1.0 4673.0 4673.0 0.0 0.0 229.3531
16:42:00 10.0 5.0 215.2 229.32 229.4 229.3 229.53 15.0 229.42 130.0 5.0 2.0 3.0 0.0 229.364
16:43:00 36.0 522.0 215.2 229.5 229.5 229.32 229.53 15.0 229.52 10.0 522.0 501.0 21.0 0.0 229.4654
16:44:00 36.0 111.0 215.2 229.6 229.71 229.52 229.6 55.0 229.63 14.0 111.0 96.0 15.0 0.0 229.5861
16:45:00 17.0 49.0 215.2 229.51 229.67 229.51 229.53 15.0 229.6 5.0 49.0 24.0 25.0 0.0 229.6086
16:46:00 10.0 35.0 215.2 229.52 229.6 229.52 229.53 15.0 229.6 9.0 35.0 6.0 29.0 0.0 229.542
16:47:00 7.0 13.0 215.2 229.6 229.68 229.52 229.53 15.0 229.6 11.0 13.0 13.0 0.0 0.0 229.6369
16:48:00 7.0 23.0 215.2 229.51 229.6 229.51 229.53 15.0 229.55 1.0 23.0 18.0 5.0 0.0 229.553
16:49:00 10.0 15.0 215.2 229.66 229.66 229.55 229.6 1.0 229.68 104.0 15.0 9.0 6.0 0.0 229.576
16:50:00 25.0 33.0 215.2 229.6 229.67 229.5 229.59 20.0 229.6 99.0 33.0 2.0 31.0 0.0 229.5348
16:51:00 5.0 45.0 215.2 229.6 229.6 229.52 229.53 15.0 229.59 40.0 45.0 25.0 20.0 0.0 229.5956
16:52:00 41.0 282.0 215.2 229.7 229.7 229.51 229.53 15.0 229.72 8.0 282.0 210.0 72.0 0.0 229.6413
16:53:00 46.0 807.0 215.2 229.38 229.6 229.33 229.53 15.0 229.58 10.0 807.0 135.0 672.0 0.0 229.5257
16:54:00 17.0 20.0 215.2 229.42 229.58 229.39 229.53 15.0 229.59 21.0 20.0 20.0 0.0 0.0 229.5
16:55:00 22.0 334.0 215.2 229.36 229.51 229.33 229.53 15.0 229.5 10.0 334.0 0.0 334.0 0.0 229.4993
16:56:00 60.0 480.0 215.2 229.3 229.35 229.25 229.53 15.0 229.33 8.0 480.0 0.0 480.0 0.0 229.3192
16:57:00 19.0 299.0 215.2 229.31 229.49 229.22 229.53 15.0 229.41 6.0 299.0 25.0 274.0 0.0 229.4242
16:58:00 25.0 649.0 215.2 229.4 229.41 229.3 229.53 15.0 229.48 1.0 649.0 192.0 457.0 0.0 229.3643
16:59:00 26.0 704.0 215.2 229.4 229.44 229.27 229.53 15.0 229.35 90.0 704.0 104.0 600.0 0.0 229.3072
17:00:00 27.0 250.0 215.2 229.35 229.44 229.3 229.53 15.0 229.45 88.0 250.0 190.0 60.0 0.0 229.3616
