time trade_count trade_volume trade_first trade_last trade_high trade_low bid_price bid_size ask_price ask_size hid_vol buy_vol sell_vol unsided_vol vwap
09:00:00 nan 4842.0 260.44 260.01 260.44 260.01 260.02 5.0 260.11 202.0 4842.0 61.0 4781.0 0.0 260.2467
09:01:00 465.0 8561.0 260.44 259.65 260.03 259.5 259.65 73.0 259.84 40.0 8561.0 948.0 7613.0 0.0 259.7365
09:02:00 446.0 9562.0 260.44 259.22 259.86 259.1 259.16 7.0 259.22 100.0 9562.0 2160.0 7402.0 0.0 259.4986
09:03:00 600.0 18933.0 260.44 258.89 259.38 258.88 258.89 40.0 258.93 215.0 18933.0 4257.0 14676.0 0.0 259.0214
09:04:00 482.0 9481.0 260.44 258.84 258.99 258.6 258.77 30.0 258.85 143.0 9481.0 5532.0 3949.0 0.0 258.7861
09:05:00 366.0 13163.0 260.44 258.63 258.86 258.52 258.62 459.0 258.68 42.0 13163.0 3605.0 9558.0 0.0 258.6836
09:06:00 624.0 12531.0 260.44 259.0 259.2 258.62 259.0 616.0 259.09 150.0 12531.0 8800.0 3731.0 0.0 258.8416
09:07:00 313.0 4291.0 260.44 258.81 259.01 258.6 258.75 5.0 258.83 12.0 4291.0 1602.0 2689.0 0.0 258.7806
09:08:00 251.0 3269.0 260.44 258.77 258.99 258.71 258.77 1784.0 258.93 110.0 3269.0 1376.0 1893.0 0.0 258.8213
09:09:00 328.0 6150.0 260.44 259.11 259.37 258.75 259.11 12.0 259.2 322.0 6150.0 3884.0 2266.0 0.0 259.0231
09:10:00 576.0 8548.0 260.44 258.6 259.27 258.52 258.53 200.0 258.61 90.0 8548.0 2992.0 5556.0 0.0 258.7503
09:11:00 369.0 6238.0 260.44 258.51 258.8 258.44 258.51 72.0 258.6 48.0 6238.0 1805.0 4433.0 0.0 258.6074
09:12:00 236.0 4117.0 260.44 258.81 258.82 258.5 258.75 100.0 258.83 4.0 4117.0 2453.0 1664.0 0.0 258.6763
09:13:00 231.0 3910.0 260.44 259.18 259.45 258.76 259.0 352.0 259.25 300.0 3910.0 2937.0 973.0 0.0 259.083
09:14:00 217.0 5977.0 260.44 259.09 259.24 258.8 258.84 102.0 259.01 23.0 5977.0 3323.0 2654.0 0.0 259.0348
09:15:00 402.0 4995.0 260.44 259.1 259.1 258.6 258.75 300.0 258.99 7.0 4995.0 2421.0 2574.0 0.0 258.7259
09:16:00 252.0 3899.0 260.44 259.35 259.62 258.92 259.33 10.0 259.6 580.0 3899.0 3295.0 604.0 0.0 259.3701
09:17:00 190.0 4121.0 260.44 259.74 259.74 259.34 259.7 158.0 259.75 202.0 4121.0 3501.0 620.0 0.0 259.6054
09:18:00 570.0 11831.0 260.44 259.69 259.75 258.5 259.55 107.0 259.74 39.0 11831.0 2148.0 9683.0 0.0 258.8888
09:19:00 209.0 8127.0 260.44 259.34 259.88 259.23 259.17 67.0 259.49 50.0 8127.0 3572.0 4555.0 0.0 259.6221
09:20:00 192.0 7528.0 260.44 259.5 259.6 259.17 259.5 100.0 259.62 2.0 7528.0 6665.0 863.0 0.0 259.4337
09:21:00 218.0 5339.0 260.44 259.34 259.62 258.8 259.25 20.0 259.49 39.0 5339.0 2594.0 2745.0 0.0 259.1072
09:22:00 268.0 2947.0 260.44 259.34 259.52 258.98 259.01 133.0 259.28 6.0 2947.0 631.0 2316.0 0.0 259.2249
09:23:00 125.0 2261.0 260.44 259.27 259.45 259.0 259.27 2.0 259.41 12.0 2261.0 352.0 1909.0 0.0 259.1787
09:24:00 109.0 432.0 260.44 259.29 259.43 259.07 259.26 2.0 259.35 1.0 432.0 254.0 178.0 0.0 259.2519
09:25:00 282.0 5064.0 260.44 259.1 259.35 259.0 259.05 57.0 259.1 21.0 5064.0 842.0 4222.0 0.0 259.0869
09:26:00 362.0 7011.0 260.44 259.3 259.8 259.05 259.25 21.0 259.5 1631.0 7011.0 4808.0 2203.0 0.0 259.541
09:27:00 127.0 2207.0 260.44 259.4 259.41 259.07 259.3 3.0 259.45 29.0 2207.0 1721.0 486.0 0.0 259.3406
09:28:00 479.0 13161.0 260.44 260.4 260.4 259.25 260.16 120.0 260.4 1891.0 13161.0 10503.0 2658.0 0.0 259.8417
09:29:00 192.0 4003.0 260.44 259.99 260.21 259.72 259.79 800.0 259.88 30.0 4003.0 1830.0 2173.0 0.0 259.9207
09:30:00 202.0 4105.0 260.44 259.95 260.0 259.65 259.9 110.0 259.96 8284.0 4105.0 2096.0 2009.0 0.0 259.843
09:31:00 5993.0 135231.0 260.44 260.16 261.22 259.45 260.11 50.0 260.24 200.0 135231.0 73765.0 61466.0 0.0 260.1547
09:32:00 3441.0 75772.0 260.44 261.1 261.32 260.03 261.09 234.0 261.15 100.0 75772.0 42784.0 32988.0 0.0 260.8216
09:33:00 2871.0 82153.0 260.44 261.34 261.34 260.26 261.28 184.0 261.34 228.0 82153.0 30321.0 51832.0 0.0 260.8369
09:34:00 2890.0 79698.0 260.44 260.98 261.37 260.36 260.89 25.0 261.0 36.0 79698.0 40375.0 39323.0 0.0 260.8674
09:35:00 3092.0 86779.0 260.44 261.92 262.11 260.54 261.9 75.0 262.0 25.0 86779.0 54498.0 32281.0 0.0 261.361
09:36:00 3606.0 79490.0 260.44 262.85 262.93 261.52 262.84 10.0 262.89 225.0 79490.0 36187.0 43303.0 0.0 262.2362
09:37:00 4045.0 116564.0 260.44 261.78 263.17 261.4 261.77 225.0 261.84 100.0 116564.0 56031.0 60533.0 0.0 262.3664
09:38:00 2772.0 71163.0 260.44 262.58 262.77 261.8 262.58 101.0 262.67 125.0 71163.0 30971.0 40192.0 0.0 262.3553
09:39:00 2919.0 76303.0 260.44 261.74 262.66 261.52 261.69 26.0 261.77 25.0 76303.0 24184.0 52119.0 0.0 261.912
09:40:00 3304.0 104443.0 260.44 262.81 263.12 261.57 262.78 75.0 262.86 240.0 104443.0 64284.0 40159.0 0.0 262.4823
09:41:00 4505.0 103046.0 260.44 262.65 263.37 262.39 262.65 56.0 262.68 26.0 103046.0 43690.0 59356.0 0.0 262.9568
09:42:00 2810.0 76000.0 260.44 261.745 262.75 261.53 261.71 125.0 261.78 404.0 76000.0 26350.0 49650.0 0.0 261.8657
09:43:00 3904.0 114458.0 260.44 261.9 262.31 260.63 261.9 170.0 261.94 12.0 114458.0 39641.0 74817.0 0.0 261.4265
09:44:00 2658.0 66741.0 260.44 261.68 262.61 261.41 261.65 25.0 261.76 30.0 66741.0 27216.0 39525.0 0.0 262.0757
09:45:00 2429.0 65215.0 260.44 261.61 261.79 261.33 261.59 25.0 261.69 1.0 65215.0 28411.0 36804.0 0.0 261.5585
09:46:00 1828.0 49326.0 260.44 262.09 262.66 261.65 262.02 3373.0 262.09 135.0 49326.0 30913.0 18413.0 0.0 262.1493
09:47:00 2102.0 53226.0 260.44 261.86 262.425 261.58 261.83 225.0 261.9 125.0 53226.0 24111.0 29115.0 0.0 261.9801
09:48:00 2147.0 69704.0 260.44 261.56 262.3 261.2 261.5 72.0 261.56 75.0 69704.0 22539.0 47165.0 0.0 261.561
09:49:00 2515.0 90125.0 260.44 260.76 261.76 260.51 260.74 50.0 260.8 149.0 90125.0 34458.0 55667.0 0.0 260.9751
09:50:00 1600.0 40268.0 260.44 261.39 261.68 260.72 261.39 57.0 261.47 376.0 40268.0 27085.0 13183.0 0.0 261.2442
09:51:00 3059.0 112117.0 260.44 262.95 263.2 261.3 262.91 50.0 262.95 50.0 112117.0 80124.0 31993.0 0.0 262.6053
09:52:00 2597.0 76593.0 260.44 263.04 263.25 262.6 263.04 182.0 263.1 50.0 76593.0 43552.0 33041.0 0.0 262.9913
09:53:00 2551.0 80239.0 260.44 264.02 264.19 262.99 264.0 53.0 264.06 150.0 80239.0 48869.0 31370.0 0.0 263.7169
09:54:00 1979.0 52409.0 260.44 264.26 264.26 263.77 264.24 100.0 264.26 75.0 52409.0 23107.0 29302.0 0.0 264.0027
09:55:00 1766.0 46178.0 260.44 264.54 264.6 264.17 264.51 50.0 264.56 52.0 46178.0 20340.0 25838.0 0.0 264.4299
09:56:00 2130.0 62775.0 260.44 264.84 264.9 264.08 264.8 8.0 264.85 153.0 62775.0 34621.0 28154.0 0.0 264.5601
09:57:00 2061.0 71689.0 260.44 264.34 265.19 264.33 264.34 1209.0 264.38 50.0 71689.0 32422.0 39267.0 0.0 264.8432
09:58:00 2294.0 63458.0 260.44 264.22 264.45 263.65 264.19 445.0 264.23 1.0 63458.0 20290.0 43168.0 0.0 264.1052
09:59:00 1602.0 48109.0 260.44 264.49 264.67 264.09 264.48 250.0 264.52 30.0 48109.0 22359.0 25750.0 0.0 264.4004
10:00:00 1907.0 57185.0 260.44 264.0 264.51 263.76 263.98 50.0 264.05 150.0 57185.0 25214.0 31971.0 0.0 264.1269
10:01:00 2047.0 63836.0 260.44 263.8 264.28 263.47 263.79 35.0 263.83 50.0 63836.0 28099.0 35737.0 0.0 263.7655
10:02:00 1889.0 57915.0 260.44 264.99 265.19 263.55 264.94 50.0 264.99 64.0 57915.0 36900.0 21015.0 0.0 264.4087
10:03:00 2455.0 65872.0 260.44 266.02 266.15 264.73 266.0 1.0 266.04 50.0 65872.0 43010.0 22862.0 0.0 265.6622
10:04:00 1517.0 35609.0 260.44 265.32 266.09 265.16 265.26 200.0 265.34 50.0 35609.0 15489.0 20120.0 0.0 265.7031
10:05:00 1520.0 41951.0 260.44 266.24 266.41 265.08 266.21 225.0 266.25 7.0 41951.0 22267.0 19684.0 0.0 265.7901
10:06:00 1787.0 36972.0 260.44 266.01 266.26 265.58 265.97 119.0 266.03 150.0 36972.0 16014.0 20958.0 0.0 265.8965
10:07:00 1948.0 57515.0 260.44 266.22 266.78 265.89 266.21 300.0 266.26 200.0 57515.0 32948.0 24567.0 0.0 266.3248
10:08:00 2032.0 54771.0 260.44 265.9 266.32 265.65 265.88 100.0 265.93 1.0 54771.0 19229.0 35542.0 0.0 265.9372
10:09:00 1135.0 38370.0 260.44 266.15 266.5 265.88 266.12 100.0 266.17 150.0 38370.0 20818.0 17552.0 0.0 266.159
10:10:00 2142.0 64768.0 260.44 266.82 266.83 265.96 266.8 50.0 266.83 50.0 64768.0 34418.0 30350.0 0.0 266.4187
10:11:00 1589.0 34618.0 260.44 266.25 266.95 266.22 266.25 254.0 266.29 70.0 34618.0 17458.0 17160.0 0.0 266.604
10:12:00 1669.0 40161.0 260.44 266.11 266.57 265.92 266.09 21.0 266.13 100.0 40161.0 14891.0 25270.0 0.0 266.2119
10:13:00 1568.0 51209.0 260.44 266.04 266.32 265.79 266.01 11.0 266.05 151.0 51209.0 18764.0 32445.0 0.0 265.9999
10:14:00 1292.0 40218.0 260.44 265.76 266.5 265.62 265.71 150.0 265.77 124.0 40218.0 18902.0 21316.0 0.0 266.0929
10:15:00 1480.0 46129.0 260.44 265.22 265.83 265.18 265.21 301.0 265.24 50.0 46129.0 15616.0 30513.0 0.0 265.4853
10:16:00 1692.0 48516.0 260.44 264.87 265.49 264.59 264.83 150.0 264.9 100.0 48516.0 20682.0 27834.0 0.0 264.9828
10:17:00 1216.0 30640.0 260.44 264.74 265.33 264.6 264.69 200.0 264.76 200.0 30640.0 16233.0 14407.0 0.0 264.9784
10:18:00 1430.0 45059.0 260.44 264.37 265.07 264.13 264.34 361.0 264.39 19.0 45059.0 17485.0 27574.0 0.0 264.5321
10:19:00 1857.0 37253.0 260.44 265.04 265.23 264.38 264.96 109.0 265.05 154.0 37253.0 19498.0 17755.0 0.0 264.7984
10:20:00 1245.0 28549.0 260.44 264.68 265.42 264.6 264.65 2.0 264.69 150.0 28549.0 13198.0 15351.0 0.0 265.031
10:21:00 1196.0 32737.0 260.44 264.54 264.85 264.25 264.5 60.0 264.56 200.0 32737.0 9048.0 23689.0 0.0 264.5139
10:22:00 1082.0 34090.0 260.44 264.7 265.23 264.51 264.67 103.0 264.74 50.0 34090.0 23544.0 10546.0 0.0 264.92
10:23:00 1185.0 33426.0 260.44 265.49 265.5 264.32 265.44 245.0 265.49 100.0 33426.0 18368.0 15058.0 0.0 264.9235
10:24:00 889.0 24639.0 260.44 265.4 265.69 265.22 265.39 50.0 265.45 150.0 24639.0 13336.0 11303.0 0.0 265.4989
10:25:00 806.0 23147.0 260.44 265.3 265.54 265.07 265.27 317.0 265.32 590.0 23147.0 8759.0 14388.0 0.0 265.2663
10:26:00 1282.0 47200.0 260.44 264.97 265.35 264.61 264.92 131.0 264.97 150.0 47200.0 15457.0 31743.0 0.0 264.9452
10:27:00 1125.0 23727.0 260.44 264.98 265.38 264.82 264.95 55.0 265.0 1.0 23727.0 14873.0 8854.0 0.0 265.055
10:28:00 1170.0 23669.0 260.44 264.97 265.4 264.65 264.94 50.0 264.98 300.0 23669.0 8970.0 14699.0 0.0 264.9512
10:29:00 1272.0 42071.0 260.44 264.91 265.32 264.75 264.91 73.0 264.95 50.0 42071.0 14448.0 27623.0 0.0 265.0347
10:30:00 1314.0 44139.0 260.44 265.53 265.66 264.92 265.5 100.0 265.57 100.0 44139.0 28987.0 15152.0 0.0 265.3547
10:31:00 1568.0 56581.0 260.44 266.12 266.18 265.28 266.08 50.0 266.15 734.0 56581.0 33758.0 22823.0 0.0 265.7423
10:32:00 1524.0 65167.0 260.44 266.44 266.65 265.97 266.43 50.0 266.47 1.0 65167.0 50380.0 14787.0 0.0 266.3397
10:33:00 2061.0 91243.0 260.44 266.87 267.1 266.34 266.86 8.0 266.9 150.0 91243.0 54981.0 36262.0 0.0 266.8472
10:34:00 1011.0 31978.0 260.44 266.54 266.92 266.41 266.52 8.0 266.55 20.0 31978.0 11637.0 20341.0 0.0 266.6638
10:35:00 1243.0 39333.0 260.44 266.56 266.99 266.25 266.54 150.0 266.58 100.0 39333.0 15359.0 23974.0 0.0 266.6295
10:36:00 1525.0 59069.0 260.44 267.11 267.15 266.19 267.07 100.0 267.13 176.0 59069.0 31600.0 27469.0 0.0 266.6431
10:37:00 1654.0 52703.0 260.44 266.75 267.43 266.71 266.72 245.0 266.75 50.0 52703.0 20994.0 31709.0 0.0 267.0475
10:38:00 1070.0 29975.0 260.44 266.94 267.12 266.53 266.93 50.0 266.98 250.0 29975.0 14510.0 15465.0 0.0 266.8226
10:39:00 2556.0 77917.0 260.44 267.69 268.08 266.82 267.67 109.0 267.75 150.0 77917.0 59577.0 18340.0 0.0 267.6828
10:40:00 1892.0 40440.0 260.44 268.35 268.4 267.51 268.33 150.0 268.37 220.0 40440.0 22601.0 17839.0 0.0 267.9423
10:41:00 1828.0 43896.0 260.44 268.54 268.65 267.88 268.52 100.0 268.55 82.0 43896.0 20039.0 23857.0 0.0 268.1692
10:42:00 2001.0 57443.0 260.44 268.76 269.07 268.44 268.75 220.0 268.78 19.0 57443.0 41323.0 16120.0 0.0 268.8016
10:43:00 1726.0 37792.0 260.44 268.83 269.26 268.52 268.83 78.0 268.89 50.0 37792.0 20152.0 17640.0 0.0 268.8554
10:44:00 1731.0 51086.0 260.44 268.35 268.86 268.2 268.31 200.0 268.36 100.0 51086.0 15542.0 35544.0 0.0 268.5321
10:45:00 2222.0 62841.0 260.44 268.07 268.41 267.64 268.06 35.0 268.08 52.0 62841.0 29503.0 33338.0 0.0 268.0224
10:46:00 1845.0 68328.0 260.44 267.29 268.09 267.05 267.26 81.0 267.28 10.0 68328.0 27015.0 41313.0 0.0 267.5493
10:47:00 1167.0 32266.0 260.44 267.4 267.65 267.28 267.39 200.0 267.42 262.0 32266.0 16107.0 16159.0 0.0 267.4251
10:48:00 1439.0 39153.0 260.44 267.47 267.73 267.05 267.45 300.0 267.49 17.0 39153.0 19957.0 19196.0 0.0 267.3788
10:49:00 1021.0 21450.0 260.44 267.57 267.63 267.3 267.54 102.0 267.59 70.0 21450.0 12394.0 9056.0 0.0 267.4575
10:50:00 1030.0 29726.0 260.44 268.08 268.3 267.48 268.04 150.0 268.09 50.0 29726.0 20838.0 8888.0 0.0 267.9469
10:51:00 2802.0 93628.0 260.44 266.52 268.1 266.45 266.5 324.0 266.56 704.0 93628.0 19773.0 73855.0 0.0 267.0994
10:52:00 1587.0 55102.0 260.44 266.34 266.94 266.34 266.33 30.0 266.37 150.0 55102.0 20601.0 34501.0 0.0 266.6888
10:53:00 2124.0 107055.0 260.44 265.89 266.72 265.65 265.88 150.0 265.94 60.0 107055.0 23642.0 83413.0 0.0 266.1904
10:54:00 2233.0 66275.0 260.44 265.33 265.88 264.85 265.31 75.0 265.37 100.0 66275.0 26314.0 39961.0 0.0 265.2018
10:55:00 1200.0 41738.0 260.44 265.03 265.42 264.92 265.0 1.0 265.03 30.0 41738.0 12664.0 29074.0 0.0 265.0891
10:56:00 2139.0 80222.0 260.44 265.38 265.39 264.36 265.37 13.0 265.39 112.0 80222.0 33059.0 47163.0 0.0 264.8171
10:57:00 2144.0 51511.0 260.44 265.21 265.6 264.53 265.17 130.0 265.24 159.0 51511.0 30583.0 20928.0 0.0 265.1945
10:58:00 2047.0 41678.0 260.44 264.81 265.37 264.59 264.76 1.0 264.8 208.0 41678.0 23291.0 18387.0 0.0 264.953
10:59:00 1390.0 45762.0 260.44 265.28 265.28 264.65 265.18 71.0 265.24 150.0 45762.0 25385.0 20377.0 0.0 264.9061
11:00:00 1336.0 28863.0 260.44 265.26 265.41 264.95 265.21 50.0 265.28 2.0 28863.0 12283.0 16580.0 0.0 265.2066
11:01:00 3146.0 89679.0 260.44 264.07 265.28 263.69 264.01 150.0 264.07 50.0 89679.0 25046.0 64633.0 0.0 264.2072
11:02:00 1276.0 37477.0 260.44 264.84 264.87 263.91 264.85 100.0 264.89 25.0 37477.0 22602.0 14875.0 0.0 264.3416
11:03:00 1570.0 43706.0 260.44 265.59 265.69 264.81 265.57 200.0 265.62 50.0 43706.0 25877.0 17829.0 0.0 265.2523
11:04:00 1908.0 55260.0 260.44 265.8 266.14 265.33 265.78 305.0 265.83 71.0 55260.0 31732.0 23528.0 0.0 265.8217
11:05:00 1514.0 33896.0 260.44 265.16 265.88 265.09 265.15 506.0 265.19 25.0 33896.0 9984.0 23912.0 0.0 265.4933
11:06:00 1114.0 28704.0 260.44 265.35 265.43 264.59 265.33 374.0 265.39 250.0 28704.0 14077.0 14627.0 0.0 265.0298
11:07:00 1326.0 33633.0 260.44 265.89 266.27 265.33 265.84 50.0 265.9 1.0 33633.0 20468.0 13165.0 0.0 265.9374
11:08:00 1184.0 27236.0 260.44 266.4 266.57 265.87 266.38 50.0 266.41 100.0 27236.0 13828.0 13408.0 0.0 266.2823
11:09:00 795.0 20237.0 260.44 266.05 266.64 265.94 266.04 68.0 266.08 50.0 20237.0 8558.0 11679.0 0.0 266.3213
11:10:00 715.0 18380.0 260.44 265.92 266.32 265.58 265.88 207.0 265.94 91.0 18380.0 7618.0 10762.0 0.0 265.9169
11:11:00 893.0 18212.0 260.44 265.34 266.1 265.34 265.33 8.0 265.38 150.0 18212.0 7184.0 11028.0 0.0 265.7269
11:12:00 1328.0 28791.0 260.44 265.23 265.59 265.19 265.22 150.0 265.29 100.0 28791.0 10144.0 18647.0 0.0 265.3425
11:13:00 1487.0 41019.0 260.44 265.02 265.51 264.77 265.0 250.0 265.05 108.0 41019.0 17038.0 23981.0 0.0 265.1006
11:14:00 1018.0 33982.0 260.44 265.55 265.84 264.95 265.5 200.0 265.55 66.0 33982.0 26291.0 7691.0 0.0 265.4682
11:15:00 872.0 28171.0 260.44 264.87 265.87 264.85 264.85 65.0 264.9 265.0 28171.0 7241.0 20930.0 0.0 265.2243
11:16:00 1612.0 45502.0 260.44 264.86 265.08 264.23 264.84 146.0 264.9 1.0 45502.0 19152.0 26350.0 0.0 264.6152
11:17:00 834.0 25189.0 260.44 265.45 265.45 264.6 265.43 62.0 265.48 258.0 25189.0 17009.0 8180.0 0.0 265.0363
11:18:00 1179.0 57740.0 260.44 265.5 265.74 265.23 265.48 1.0 265.57 150.0 57740.0 43977.0 13763.0 0.0 265.5003
11:19:00 809.0 22514.0 260.44 265.01 265.52 264.79 264.99 50.0 265.05 275.0 22514.0 7460.0 15054.0 0.0 265.0219
11:20:00 885.0 23578.0 260.44 265.3 265.56 264.69 265.27 76.0 265.34 200.0 23578.0 16664.0 6914.0 0.0 265.1931
11:21:00 861.0 20252.0 260.44 265.2 265.73 265.05 265.18 174.0 265.24 150.0 20252.0 10930.0 9322.0 0.0 265.4663
11:22:00 1249.0 51862.0 260.44 264.69 265.23 264.34 264.64 150.0 264.69 14.0 51862.0 13030.0 38832.0 0.0 264.6781
11:23:00 1341.0 49585.0 260.44 263.98 264.76 263.92 263.96 150.0 264.04 300.0 49585.0 14555.0 35030.0 0.0 264.188
11:24:00 819.0 18688.0 260.44 264.51 264.74 264.02 264.5 116.0 264.57 9.0 18688.0 10636.0 8052.0 0.0 264.4603
11:25:00 920.0 28460.0 260.44 265.08 265.4 264.55 265.07 51.0 265.11 23.0 28460.0 20643.0 7817.0 0.0 265.0324
11:26:00 615.0 21028.0 260.44 265.38 265.43 264.88 265.32 150.0 265.39 351.0 21028.0 7310.0 13718.0 0.0 265.0901
11:27:00 536.0 14062.0 260.44 264.89 265.47 264.89 264.88 16.0 264.92 100.0 14062.0 5530.0 8532.0 0.0 265.2494
11:28:00 590.0 12543.0 260.44 264.97 265.11 264.62 264.94 144.0 264.99 25.0 12543.0 5311.0 7232.0 0.0 264.8494
11:29:00 531.0 12556.0 260.44 265.28 265.4 264.69 265.32 150.0 265.39 636.0 12556.0 8168.0 4388.0 0.0 265.0922
11:30:00 1205.0 34820.0 260.44 264.92 265.5 264.51 264.87 200.0 264.95 258.0 34820.0 15457.0 19363.0 0.0 264.9857
11:31:00 682.0 18163.0 260.44 264.45 265.08 264.35 264.43 100.0 264.48 32.0 18163.0 6691.0 11472.0 0.0 264.6318
11:32:00 709.0 27877.0 260.44 264.35 264.43 264.05 264.32 157.0 264.39 25.0 27877.0 8277.0 19600.0 0.0 264.2074
11:33:00 1303.0 53087.0 260.44 263.7 264.58 263.68 263.67 852.0 263.73 1.0 53087.0 17268.0 35819.0 0.0 264.1184
11:34:00 1928.0 62470.0 260.44 263.39 263.92 263.23 263.43 50.0 263.47 500.0 62470.0 26896.0 35574.0 0.0 263.4823
11:35:00 1176.0 39416.0 260.44 263.73 263.85 263.43 263.7 238.0 263.71 604.0 39416.0 17897.0 21519.0 0.0 263.6284
11:36:00 938.0 22468.0 260.44 263.76 264.03 263.52 263.74 369.0 263.79 450.0 22468.0 13771.0 8697.0 0.0 263.7987
11:37:00 791.0 22839.0 260.44 263.14 263.96 263.12 263.11 200.0 263.16 450.0 22839.0 9606.0 13233.0 0.0 263.4975
11:38:00 965.0 24231.0 260.44 263.66 263.79 263.04 263.62 5.0 263.68 50.0 24231.0 11961.0 12270.0 0.0 263.3568
11:39:00 588.0 13641.0 260.44 263.69 263.82 263.27 263.65 105.0 263.7 1.0 13641.0 5414.0 8227.0 0.0 263.5529
11:40:00 841.0 21368.0 260.44 263.97 264.41 263.64 263.97 37.0 264.02 150.0 21368.0 13392.0 7976.0 0.0 264.1032
11:41:00 747.0 21192.0 260.44 264.17 264.58 263.96 264.15 1.0 264.2 150.0 21192.0 11574.0 9618.0 0.0 264.3989
11:42:00 630.0 23140.0 260.44 264.38 264.58 264.08 264.35 8.0 264.4 24.0 23140.0 17125.0 6015.0 0.0 264.3479
11:43:00 725.0 19367.0 260.44 264.71 264.72 264.13 264.7 150.0 264.74 34.0 19367.0 12225.0 7142.0 0.0 264.4494
11:44:00 1255.0 39275.0 260.44 265.13 265.21 264.73 265.09 222.0 265.16 724.0 39275.0 19327.0 19948.0 0.0 265.0173
11:45:00 925.0 39941.0 260.44 265.56 265.56 265.12 265.5 55.0 265.55 100.0 39941.0 31485.0 8456.0 0.0 265.3414
11:46:00 602.0 16466.0 260.44 265.5 265.57 265.3 265.47 355.0 265.52 200.0 16466.0 7612.0 8854.0 0.0 265.4329
11:47:00 1257.0 47940.0 260.44 266.28 266.44 265.52 266.24 100.0 266.3 4588.0 47940.0 37836.0 10104.0 0.0 266.0864
11:48:00 980.0 28266.0 260.44 266.36 266.56 266.2 266.33 100.0 266.4 251.0 28266.0 19801.0 8465.0 0.0 266.3783
11:49:00 448.0 10655.0 260.44 266.2 266.5 266.15 266.2 2.0 266.23 70.0 10655.0 4488.0 6167.0 0.0 266.289
11:50:00 353.0 9522.0 260.44 266.22 266.38 266.16 266.2 2.0 266.24 74.0 9522.0 6825.0 2697.0 0.0 266.2726
11:51:00 412.0 11881.0 260.44 266.37 266.43 266.12 266.34 5.0 266.39 150.0 11881.0 5848.0 6033.0 0.0 266.2765
11:52:00 939.0 26438.0 260.44 266.31 266.43 266.06 266.3 330.0 266.34 250.0 26438.0 11659.0 14779.0 0.0 266.2204
11:53:00 901.0 30749.0 260.44 266.45 266.8 266.33 266.45 550.0 266.52 150.0 30749.0 20746.0 10003.0 0.0 266.5709
11:54:00 846.0 35998.0 260.44 266.57 266.92 266.4 266.53 150.0 266.6 103.0 35998.0 9567.0 26431.0 0.0 266.6597
11:55:00 513.0 14774.0 260.44 266.22 266.69 266.05 266.2 1.0 266.25 141.0 14774.0 5875.0 8899.0 0.0 266.3515
11:56:00 667.0 21134.0 260.44 266.74 266.88 266.15 266.69 260.0 266.76 105.0 21134.0 14271.0 6863.0 0.0 266.5721
11:57:00 1083.0 28078.0 260.44 267.2 267.42 266.69 267.17 619.0 267.24 200.0 28078.0 16966.0 11112.0 0.0 267.1599
11:58:00 1214.0 54107.0 260.44 267.0 267.52 266.98 266.97 40.0 267.03 50.0 54107.0 20464.0 33643.0 0.0 267.1718
11:59:00 729.0 23669.0 260.44 267.15 267.35 266.99 267.13 57.0 267.17 300.0 23669.0 7863.0 15806.0 0.0 267.1815
12:00:00 848.0 20557.0 260.44 267.53 267.6 267.09 267.5 707.0 267.54 245.0 20557.0 14910.0 5647.0 0.0 267.3912
12:01:00 440.0 12350.0 260.44 267.18 267.63 267.1 267.13 150.0 267.19 67.0 12350.0 3874.0 8476.0 0.0 267.266
12:02:00 392.0 12026.0 260.44 267.38 267.48 267.02 267.37 51.0 267.41 1.0 12026.0 7861.0 4165.0 0.0 267.305
12:03:00 363.0 13424.0 260.44 267.1 267.51 267.1 267.1 1122.0 267.13 50.0 13424.0 4074.0 9350.0 0.0 267.3048
12:04:00 770.0 22519.0 260.44 266.75 267.12 266.61 266.73 150.0 266.77 49.0 22519.0 8461.0 14058.0 0.0 266.8245
12:05:00 726.0 18728.0 260.44 266.58 266.83 266.29 266.58 50.0 266.63 221.0 18728.0 6213.0 12515.0 0.0 266.5038
12:06:00 559.0 12433.0 260.44 266.82 266.92 266.38 266.78 105.0 266.83 200.0 12433.0 7477.0 4956.0 0.0 266.6706
12:07:00 590.0 16623.0 260.44 266.49 266.78 266.28 266.44 150.0 266.5 2.0 16623.0 5178.0 11445.0 0.0 266.5238
12:08:00 376.0 6610.0 260.44 266.64 266.79 266.44 266.57 5.0 266.64 24.0 6610.0 4372.0 2238.0 0.0 266.5672
12:09:00 817.0 21589.0 260.44 266.84 267.12 266.64 266.83 141.0 266.9 1.0 21589.0 14999.0 6590.0 0.0 266.9575
12:10:00 660.0 25460.0 260.44 266.67 266.91 266.52 266.62 50.0 266.69 100.0 25460.0 6765.0 18695.0 0.0 266.7489
12:11:00 374.0 16664.0 260.44 266.99 267.18 266.57 266.93 50.0 267.01 150.0 16664.0 12411.0 4253.0 0.0 266.9258
12:12:00 304.0 11786.0 260.44 266.96 267.22 266.81 266.92 24.0 267.0 150.0 11786.0 3806.0 7980.0 0.0 267.0277
12:13:00 494.0 11519.0 260.44 266.79 267.16 266.66 266.76 200.0 266.82 150.0 11519.0 4474.0 7045.0 0.0 266.9312
12:14:00 453.0 10527.0 260.44 266.85 266.95 266.62 266.75 27.0 266.85 224.0 10527.0 5734.0 4793.0 0.0 266.8109
12:15:00 559.0 15621.0 260.44 266.95 267.11 266.82 266.95 168.0 266.99 29.0 15621.0 9886.0 5735.0 0.0 266.96
12:16:00 561.0 14581.0 260.44 266.93 266.98 266.59 266.88 274.0 266.95 67.0 14581.0 6852.0 7729.0 0.0 266.8058
12:17:00 583.0 21134.0 260.44 266.43 267.03 266.25 266.37 408.0 266.44 150.0 21134.0 7638.0 13496.0 0.0 266.5845
12:18:00 352.0 11177.0 260.44 266.83 266.92 266.45 266.82 1.0 266.88 125.0 11177.0 7366.0 3811.0 0.0 266.6926
12:19:00 696.0 20941.0 260.44 267.49 267.59 266.8 267.49 5.0 267.55 278.0 20941.0 14428.0 6513.0 0.0 267.2651
12:20:00 993.0 36063.0 260.44 267.55 268.01 267.47 267.51 50.0 267.58 50.0 36063.0 27195.0 8868.0 0.0 267.8162
12:21:00 401.0 10219.0 260.44 267.89 267.89 267.51 267.87 50.0 267.91 1.0 10219.0 6374.0 3845.0 0.0 267.7459
12:22:00 342.0 7787.0 260.44 267.775 267.92 267.63 267.76 34.0 267.8 730.0 7787.0 3189.0 4598.0 0.0 267.7792
12:23:00 544.0 19281.0 260.44 267.99 268.03 267.7 267.95 251.0 267.99 808.0 19281.0 15630.0 3651.0 0.0 267.9362
12:24:00 537.0 14930.0 260.44 268.0 268.17 267.9 267.97 101.0 268.03 100.0 14930.0 8087.0 6843.0 0.0 268.0465
12:25:00 395.0 11812.0 260.44 267.89 268.15 267.79 267.88 250.0 267.95 156.0 11812.0 6644.0 5168.0 0.0 267.9647
12:26:00 353.0 10853.0 260.44 268.04 268.09 267.85 268.04 229.0 268.07 325.0 10853.0 7581.0 3272.0 0.0 267.9809
12:27:00 489.0 18063.0 260.44 268.25 268.25 267.92 268.22 50.0 268.25 6.0 18063.0 11903.0 6160.0 0.0 268.1066
12:28:00 378.0 13228.0 260.44 268.05 268.34 267.92 268.02 51.0 268.05 115.0 13228.0 5143.0 8085.0 0.0 268.1306
12:29:00 223.0 7035.0 260.44 267.89 268.1 267.81 267.84 200.0 267.89 649.0 7035.0 3108.0 3927.0 0.0 267.9691
12:30:00 444.0 11305.0 260.44 267.67 267.97 267.52 267.63 24.0 267.68 189.0 11305.0 3276.0 8029.0 0.0 267.7381
12:31:00 616.0 18940.0 260.44 268.18 268.4 267.64 268.13 150.0 268.18 208.0 18940.0 14918.0 4022.0 0.0 268.0923
12:32:00 495.0 14820.0 260.44 268.02 268.29 267.905 267.99 150.0 268.09 502.0 14820.0 6654.0 8166.0 0.0 268.1213
12:33:00 509.0 20716.0 260.44 267.48 268.02 267.37 267.44 255.0 267.49 50.0 20716.0 5318.0 15398.0 0.0 267.568
12:34:00 706.0 19250.0 260.44 266.97 267.61 266.9 266.94 16.0 266.98 100.0 19250.0 4749.0 14501.0 0.0 267.2208
12:35:00 438.0 15583.0 260.44 266.96 267.04 266.7 266.91 1.0 266.96 157.0 15583.0 7352.0 8231.0 0.0 266.891
12:36:00 465.0 19868.0 260.44 267.2 267.27 266.93 267.2 104.0 267.22 225.0 19868.0 16128.0 3740.0 0.0 267.1323
12:37:00 250.0 6855.0 260.44 267.07 267.45 267.03 267.04 100.0 267.08 433.0 6855.0 3660.0 3195.0 0.0 267.2245
12:38:00 337.0 9653.0 260.44 267.35 267.45 267.07 267.31 210.0 267.34 450.0 9653.0 5887.0 3766.0 0.0 267.2713
12:39:00 694.0 32124.0 260.44 267.77 267.91 267.32 267.75 1106.0 267.79 51.0 32124.0 25453.0 6671.0 0.0 267.6362
12:40:00 525.0 30015.0 260.44 268.05 268.24 267.75 268.02 45.0 268.08 647.0 30015.0 25292.0 4723.0 0.0 267.984
12:41:00 348.0 18249.0 260.44 268.21 268.25 267.82 268.19 100.0 268.23 172.0 18249.0 15601.0 2648.0 0.0 268.0878
12:42:00 331.0 12754.0 260.44 268.05 268.25 268.01 268.04 184.0 268.07 158.0 12754.0 7361.0 5393.0 0.0 268.1529
12:43:00 334.0 12467.0 260.44 268.11 268.2 268.0 268.08 1.0 268.14 225.0 12467.0 4370.0 8097.0 0.0 268.1213
12:44:00 337.0 8748.0 260.44 268.0 268.18 267.97 267.99 10.0 268.02 300.0 8748.0 4566.0 4182.0 0.0 268.0829
12:45:00 931.0 22664.0 260.44 267.73 267.99 267.45 267.72 4.0 267.75 150.0 22664.0 6541.0 16123.0 0.0 267.7377
12:46:00 4379.0 97421.0 260.44 265.31 267.96 265.31 265.3 121.0 265.34 11.0 97421.0 28637.0 68784.0 0.0 266.3951
12:47:00 1787.0 30799.0 260.44 265.07 266.0 265.07 265.08 52.0 265.17 50.0 30799.0 14830.0 15969.0 0.0 265.4484
12:48:00 1805.0 50965.0 260.44 264.3 265.36 264.25 264.3 25.0 264.4 87.0 50965.0 11807.0 39158.0 0.0 264.8822
12:49:00 1968.0 48812.0 260.44 264.0 264.48 263.85 264.0 20.0 264.04 54.0 48812.0 13731.0 35081.0 0.0 264.0984
12:50:00 2372.0 38868.0 260.44 264.55 264.84 263.57 264.51 26.0 264.59 1.0 38868.0 22807.0 16061.0 0.0 264.2292
12:51:00 1485.0 28992.0 260.44 264.0 264.59 263.6 263.96 75.0 264.06 25.0 28992.0 11486.0 17506.0 0.0 263.995
12:52:00 1554.0 48692.0 260.44 263.45 264.13 263.12 263.4 50.0 263.45 9.0 48692.0 16421.0 32271.0 0.0 263.4699
12:53:00 1420.0 36314.0 260.44 263.97 264.23 263.06 263.94 50.0 264.06 225.0 36314.0 18362.0 17952.0 0.0 263.5204
12:54:00 1482.0 37606.0 260.44 264.6 264.79 263.91 264.55 150.0 264.63 125.0 37606.0 25541.0 12065.0 0.0 264.3816
12:55:00 1297.0 42220.0 260.44 264.9 265.32 264.32 264.88 25.0 264.93 23.0 42220.0 21273.0 20947.0 0.0 264.9789
12:56:00 817.0 17115.0 260.44 264.95 265.14 264.62 264.92 101.0 265.01 125.0 17115.0 8538.0 8577.0 0.0 264.8985
12:57:00 849.0 24099.0 260.44 264.99 265.24 264.7 264.91 830.0 264.99 121.0 24099.0 14128.0 9971.0 0.0 264.9159
12:58:00 950.0 42016.0 260.44 265.46 265.58 264.82 265.4 25.0 265.47 32.0 42016.0 31462.0 10554.0 0.0 265.3198
12:59:00 517.0 17121.0 260.44 265.65 265.81 265.17 265.62 1.0 265.66 27.0 17121.0 9879.0 7242.0 0.0 265.5616
13:00:00 654.0 13770.0 260.44 265.52 265.66 265.41 265.48 111.0 265.56 399.0 13770.0 6879.0 6891.0 0.0 265.5409
13:01:00 902.0 48601.0 260.44 265.72 265.84 265.37 265.67 25.0 265.73 1.0 48601.0 8857.0 39744.0 0.0 265.6539
13:02:00 749.0 29229.0 260.44 266.12 266.43 265.49 266.05 50.0 266.15 25.0 29229.0 20511.0 8718.0 0.0 265.9752
13:03:00 1706.0 32171.0 260.44 265.79 266.13 265.06 265.79 236.0 265.83 100.0 32171.0 13845.0 18326.0 0.0 265.5702
13:04:00 612.0 12333.0 260.44 265.62 265.94 265.4 265.57 2.0 265.63 183.0 12333.0 5043.0 7290.0 0.0 265.6867
13:05:00 1026.0 34687.0 260.44 266.07 266.35 265.49 266.06 11.0 266.12 24.0 34687.0 22237.0 12450.0 0.0 265.8467
13:06:00 912.0 23469.0 260.44 265.87 266.53 265.78 265.82 100.0 265.88 26.0 23469.0 9716.0 13753.0 0.0 266.2735
13:07:00 927.0 22517.0 260.44 266.58 266.58 265.65 266.55 145.0 266.59 807.0 22517.0 14630.0 7887.0 0.0 266.1196
13:08:00 548.0 16826.0 260.44 266.14 266.73 266.04 266.08 50.0 266.14 25.0 16826.0 6918.0 9908.0 0.0 266.3277
13:09:00 606.0 15476.0 260.44 265.87 266.22 265.7 265.82 1.0 265.9 120.0 15476.0 7437.0 8039.0 0.0 265.985
13:10:00 408.0 9534.0 260.44 265.95 266.03 265.51 265.92 1.0 265.95 44.0 9534.0 5844.0 3690.0 0.0 265.8308
13:11:00 371.0 9938.0 260.44 266.1 266.27 265.73 266.08 25.0 266.17 125.0 9938.0 6332.0 3606.0 0.0 266.0272
13:12:00 424.0 8926.0 260.44 265.63 266.21 265.53 265.58 25.0 265.67 140.0 8926.0 2860.0 6066.0 0.0 265.8202
13:13:00 604.0 17828.0 260.44 265.5 265.79 265.2 265.43 200.0 265.5 673.0 17828.0 4894.0 12934.0 0.0 265.4473
13:14:00 675.0 17373.0 260.44 265.53 265.78 265.09 265.51 25.0 265.55 40.0 17373.0 10402.0 6971.0 0.0 265.4423
13:15:00 435.0 9425.0 260.44 265.24 265.7 265.09 265.22 26.0 265.29 4.0 9425.0 4641.0 4784.0 0.0 265.4407
13:16:00 1169.0 37652.0 260.44 264.26 265.3 264.16 264.19 200.0 264.27 290.0 37652.0 12473.0 25179.0 0.0 264.69
13:17:00 1149.0 40064.0 260.44 263.95 264.46 263.92 263.91 154.0 263.98 225.0 40064.0 7752.0 32312.0 0.0 264.0666
13:18:00 1096.0 29003.0 260.44 263.85 264.09 263.5 263.79 50.0 263.86 90.0 29003.0 12359.0 16644.0 0.0 263.713
13:19:00 1172.0 48044.0 260.44 263.09 263.94 263.05 263.07 30.0 263.13 860.0 48044.0 27307.0 20737.0 0.0 263.4636
13:20:00 1684.0 50308.0 260.44 262.67 263.09 262.62 262.63 52.0 262.67 115.0 50308.0 13745.0 36563.0 0.0 262.9238
13:21:00 1202.0 41437.0 260.44 262.93 263.1 262.35 262.89 105.0 262.97 348.0 41437.0 19881.0 21556.0 0.0 262.6415
13:22:00 631.0 20644.0 260.44 262.53 263.17 262.53 262.53 150.0 262.6 100.0 20644.0 7646.0 12998.0 0.0 262.9257
13:23:00 1367.0 47531.0 260.44 262.23 262.82 262.22 262.22 28.0 262.27 50.0 47531.0 19119.0 28412.0 0.0 262.5618
13:24:00 1168.0 31911.0 260.44 262.16 262.5 262.05 262.15 25.0 262.22 50.0 31911.0 20207.0 11704.0 0.0 262.2792
13:25:00 1084.0 42127.0 260.44 262.5 262.66 262.06 262.47 100.0 262.53 150.0 42127.0 29818.0 12309.0 0.0 262.4045
13:26:00 721.0 25143.0 260.44 262.35 262.64 262.27 262.35 100.0 262.41 50.0 25143.0 11370.0 13773.0 0.0 262.481
13:27:00 1700.0 52133.0 260.44 262.03 262.42 261.55 262.02 51.0 262.1 92.0 52133.0 9294.0 42839.0 0.0 261.9749
13:28:00 797.0 23816.0 260.44 262.01 262.22 261.85 261.97 302.0 262.02 450.0 23816.0 10372.0 13444.0 0.0 262.0372
13:29:00 824.0 37682.0 260.44 261.82 262.3 261.63 261.81 51.0 261.84 50.0 37682.0 27118.0 10564.0 0.0 261.9923
13:30:00 1356.0 37420.0 260.44 261.12 261.9 261.09 261.1 19.0 261.15 50.0 37420.0 11750.0 25670.0 0.0 261.4347
13:31:00 809.0 26029.0 260.44 261.44 261.57 261.04 261.34 500.0 261.43 15.0 26029.0 13530.0 12499.0 0.0 261.3884
13:32:00 855.0 32109.0 260.44 261.21 261.57 261.01 261.16 305.0 261.26 700.0 32109.0 18236.0 13873.0 0.0 261.3103
13:33:00 1487.0 53945.0 260.44 260.69 261.34 260.62 260.65 43.0 260.7 100.0 53945.0 12111.0 41834.0 0.0 260.9423
13:34:00 882.0 28866.0 260.44 260.95 261.1 260.65 260.93 31.0 260.98 150.0 28866.0 18545.0 10321.0 0.0 260.9256
13:35:00 853.0 26751.0 260.44 260.58 261.1 260.45 260.55 1.0 260.6 100.0 26751.0 10077.0 16674.0 0.0 260.7298
13:36:00 966.0 35164.0 260.44 260.31 260.68 260.18 260.31 50.0 260.4 750.0 35164.0 16603.0 18561.0 0.0 260.4265
13:37:00 748.0 21743.0 260.44 260.2 260.5 260.17 260.17 172.0 260.21 58.0 21743.0 10797.0 10946.0 0.0 260.3355
13:38:00 739.0 20583.0 260.44 260.12 260.42 260.1 260.1 268.0 260.16 200.0 20583.0 8460.0 12123.0 0.0 260.2191
13:39:00 3709.0 124673.0 260.44 260.54 260.59 259.61 260.48 24.0 260.54 3.0 124673.0 33076.0 91597.0 0.0 260.0539
13:40:00 1469.0 40707.0 260.44 261.06 261.2 260.46 261.03 150.0 261.08 150.0 40707.0 20148.0 20559.0 0.0 260.8924
13:41:00 1717.0 58612.0 260.44 261.46 261.67 261.0 261.41 650.0 261.47 650.0 58612.0 28190.0 30422.0 0.0 261.3128
13:42:00 1530.0 34290.0 260.44 261.86 262.06 261.46 261.85 320.0 261.91 650.0 34290.0 17681.0 16609.0 0.0 261.7382
13:43:00 891.0 23765.0 260.44 261.78 261.92 261.5 261.76 24.0 261.82 200.0 23765.0 10674.0 13091.0 0.0 261.6972
13:44:00 1074.0 35305.0 260.44 262.32 262.36 261.78 262.29 408.0 262.33 50.0 35305.0 23432.0 11873.0 0.0 262.0798
13:45:00 610.0 15349.0 260.44 262.02 262.36 261.93 261.97 50.0 262.04 1.0 15349.0 6236.0 9113.0 0.0 262.0984
13:46:00 443.0 12986.0 260.44 261.77 262.29 261.66 261.74 151.0 261.8 20.0 12986.0 5820.0 7166.0 0.0 261.9559
13:47:00 1374.0 52320.0 260.44 262.65 262.79 261.8 262.6 150.0 262.66 131.0 52320.0 28257.0 24063.0 0.0 262.4646
13:48:00 856.0 35141.0 260.44 262.4 262.98 262.4 262.39 209.0 262.45 281.0 35141.0 11330.0 23811.0 0.0 262.7456
13:49:00 606.0 22533.0 260.44 262.11 262.66 261.99 262.07 150.0 262.12 100.0 22533.0 8673.0 13860.0 0.0 262.3894
13:50:00 511.0 17204.0 260.44 262.35 262.38 262.03 262.32 101.0 262.38 100.0 17204.0 9850.0 7354.0 0.0 262.1847
13:51:00 1054.0 60551.0 260.44 262.74 263.2 262.32 262.71 274.0 262.77 17.0 60551.0 49891.0 10660.0 0.0 262.9399
13:52:00 421.0 11110.0 260.44 262.54 262.81 262.37 262.49 326.0 262.55 33.0 11110.0 3505.0 7605.0 0.0 262.5315
13:53:00 573.0 21927.0 260.44 262.35 262.7 262.1 262.29 95.0 262.36 12.0 21927.0 13165.0 8762.0 0.0 262.3181
13:54:00 422.0 25006.0 260.44 262.31 262.55 262.03 262.25 200.0 262.32 225.0 25006.0 19511.0 5495.0 0.0 262.3729
13:55:00 399.0 11106.0 260.44 262.37 262.66 262.19 262.32 50.0 262.4 450.0 11106.0 4726.0 6380.0 0.0 262.3989
13:56:00 757.0 26332.0 260.44 262.13 262.63 261.89 262.11 200.0 262.13 30.0 26332.0 6521.0 19811.0 0.0 262.1568
13:57:00 492.0 19616.0 260.44 262.15 262.4 262.11 262.1 5.0 262.12 100.0 19616.0 12893.0 6723.0 0.0 262.2848
13:58:00 596.0 30069.0 260.44 262.35 262.53 261.97 262.35 250.0 262.41 25.0 30069.0 21584.0 8485.0 0.0 262.3348
13:59:00 757.0 23651.0 260.44 262.84 263.0 262.42 262.83 125.0 262.9 204.0 23651.0 13221.0 10430.0 0.0 262.8207
14:00:00 1201.0 58210.0 260.44 263.49 263.52 262.79 263.49 15.0 263.55 665.0 58210.0 43686.0 14524.0 0.0 263.1597
14:01:00 834.0 27696.0 260.44 263.09 263.53 262.98 263.07 25.0 263.16 1.0 27696.0 8762.0 18934.0 0.0 263.2178
14:02:00 425.0 11140.0 260.44 262.67 263.18 262.6 262.6 136.0 262.68 150.0 11140.0 2290.0 8850.0 0.0 262.7822
14:03:00 441.0 14894.0 260.44 262.38 262.64 262.28 262.32 305.0 262.4 26.0 14894.0 3774.0 11120.0 0.0 262.4549
14:04:00 501.0 13760.0 260.44 262.25 262.72 262.24 262.23 34.0 262.25 94.0 13760.0 6663.0 7097.0 0.0 262.3734
14:05:00 896.0 28823.0 260.44 261.79 262.32 261.7 261.73 50.0 261.77 34.0 28823.0 8471.0 20352.0 0.0 261.9859
14:06:00 1050.0 31471.0 260.44 261.41 261.97 261.16 261.4 50.0 261.5 50.0 31471.0 10082.0 21389.0 0.0 261.4643
14:07:00 611.0 16579.0 260.44 261.68 262.13 261.44 261.67 143.0 261.74 50.0 16579.0 10212.0 6367.0 0.0 261.8475
14:08:00 542.0 12230.0 260.44 262.16 262.2 261.69 262.13 15.0 262.21 150.0 12230.0 6667.0 5563.0 0.0 261.9988
14:09:00 443.0 11183.0 260.44 261.92 262.16 261.68 261.91 5.0 261.99 75.0 11183.0 5344.0 5839.0 0.0 261.9486
14:10:00 460.0 13220.0 260.44 262.29 262.3 261.76 262.23 300.0 262.29 225.0 13220.0 8756.0 4464.0 0.0 262.0196
14:11:00 331.0 10402.0 260.44 261.85 262.38 261.83 261.83 226.0 261.9 150.0 10402.0 4326.0 6076.0 0.0 262.0655
14:12:00 474.0 13164.0 260.44 261.53 262.02 261.45 261.5 25.0 261.57 124.0 13164.0 6367.0 6797.0 0.0 261.7135
14:13:00 513.0 17653.0 260.44 261.36 261.6 261.11 261.34 50.0 261.39 100.0 17653.0 8112.0 9541.0 0.0 261.3551
14:14:00 311.0 11562.0 260.44 261.47 261.81 261.37 261.48 25.0 261.56 50.0 11562.0 8456.0 3106.0 0.0 261.5623
14:15:00 562.0 16820.0 260.44 261.16 261.5 261.04 261.11 8.0 261.17 74.0 16820.0 5739.0 11081.0 0.0 261.198
14:16:00 842.0 23736.0 260.44 260.72 261.25 260.62 260.73 100.0 260.78 50.0 23736.0 11469.0 12267.0 0.0 260.9052
14:17:00 517.0 20009.0 260.44 260.42 260.85 260.37 260.42 30.0 260.47 50.0 20009.0 5777.0 14232.0 0.0 260.5343
14:18:00 651.0 19116.0 260.44 261.02 261.24 260.45 261.01 50.0 261.07 250.0 19116.0 8727.0 10389.0 0.0 260.8325
14:19:00 789.0 24950.0 260.44 260.32 261.09 260.28 260.3 25.0 260.34 50.0 24950.0 7530.0 17420.0 0.0 260.5367
14:20:00 588.0 25009.0 260.44 260.16 260.46 260.13 260.18 374.0 260.25 175.0 25009.0 7676.0 17333.0 0.0 260.2421
14:21:00 991.0 28656.0 260.44 260.73 261.0 260.2 260.71 125.0 260.78 25.0 28656.0 19970.0 8686.0 0.0 260.6145
14:22:00 1578.0 41736.0 260.44 260.35 260.72 259.97 260.32 101.0 260.38 15.0 41736.0 9201.0 32535.0 0.0 260.1638
14:23:00 774.0 24245.0 260.44 260.38 260.56 260.04 260.37 150.0 260.46 150.0 24245.0 13549.0 10696.0 0.0 260.197
14:24:00 463.0 15783.0 260.44 260.84 260.87 260.32 260.8 270.0 260.86 4.0 15783.0 10969.0 4814.0 0.0 260.5701
14:25:00 839.0 21695.0 260.44 261.42 261.49 260.83 261.4 1.0 261.46 50.0 21695.0 10924.0 10771.0 0.0 261.2205
14:26:00 504.0 14428.0 260.44 261.38 261.63 261.2 261.35 175.0 261.41 50.0 14428.0 7240.0 7188.0 0.0 261.4589
14:27:00 1083.0 28573.0 260.44 262.09 262.17 261.38 262.06 25.0 262.12 150.0 28573.0 18935.0 9638.0 0.0 261.748
14:28:00 371.0 10875.0 260.44 261.59 262.13 261.57 261.54 54.0 261.61 25.0 10875.0 5667.0 5208.0 0.0 261.7633
14:29:00 380.0 11572.0 260.44 261.54 261.68 261.37 261.53 81.0 261.59 212.0 11572.0 6322.0 5250.0 0.0 261.5122
14:30:00 355.0 11658.0 260.44 261.41 261.71 261.36 261.4 1.0 261.47 25.0 11658.0 5244.0 6414.0 0.0 261.5309
14:31:00 749.0 23740.0 260.44 261.69 262.12 261.36 261.66 350.0 261.77 50.0 23740.0 14559.0 9181.0 0.0 261.8648
14:32:00 394.0 11370.0 260.44 261.68 261.99 261.68 261.65 373.0 261.71 100.0 11370.0 2184.0 9186.0 0.0 261.823
14:33:00 474.0 18320.0 260.44 261.6 262.03 261.45 261.58 100.0 261.64 183.0 18320.0 9934.0 8386.0 0.0 261.6777
14:34:00 295.0 10930.0 260.44 261.56 261.72 261.34 261.55 50.0 261.59 10.0 10930.0 4803.0 6127.0 0.0 261.517
14:35:00 289.0 10076.0 260.44 261.87 261.88 261.54 261.85 180.0 261.88 50.0 10076.0 6697.0 3379.0 0.0 261.7431
14:36:00 363.0 9275.0 260.44 261.69 262.06 261.49 261.65 17.0 261.72 25.0 9275.0 5042.0 4233.0 0.0 261.799
14:37:00 848.0 31483.0 260.44 262.51 262.69 261.7 262.5 125.0 262.57 100.0 31483.0 18801.0 12682.0 0.0 262.2275
14:38:00 718.0 15826.0 260.44 262.47 262.72 262.21 262.46 31.0 262.52 50.0 15826.0 8006.0 7820.0 0.0 262.4332
14:39:00 358.0 13053.0 260.44 262.39 262.65 262.27 262.38 200.0 262.45 250.0 13053.0 9348.0 3705.0 0.0 262.5006
14:40:00 441.0 18317.0 260.44 262.42 262.53 262.06 262.39 150.0 262.47 50.0 18317.0 10809.0 7508.0 0.0 262.3429
14:41:00 761.0 29238.0 260.44 262.91 263.02 262.37 262.89 25.0 262.94 200.0 29238.0 15338.0 13900.0 0.0 262.8097
14:42:00 761.0 20877.0 260.44 262.91 263.31 262.87 262.85 111.0 262.9 50.0 20877.0 9323.0 11554.0 0.0 263.118
14:43:00 592.0 19443.0 260.44 262.76 263.01 262.58 262.73 150.0 262.79 100.0 19443.0 6002.0 13441.0 0.0 262.8219
14:44:00 547.0 20348.0 260.44 262.67 263.11 262.55 262.65 50.0 262.7 150.0 20348.0 9200.0 11148.0 0.0 262.8523
14:45:00 615.0 18495.0 260.44 262.23 262.7 262.13 262.22 150.0 262.28 100.0 18495.0 6228.0 12267.0 0.0 262.3876
14:46:00 488.0 16320.0 260.44 262.32 262.57 262.23 262.3 354.0 262.36 250.0 16320.0 7331.0 8989.0 0.0 262.3903
14:47:00 398.0 9774.0 260.44 262.43 262.57 262.21 262.4 226.0 262.46 150.0 9774.0 4437.0 5337.0 0.0 262.4269
14:48:00 521.0 18997.0 260.44 262.56 262.8 262.33 262.54 100.0 262.59 74.0 18997.0 9226.0 9771.0 0.0 262.5726
14:49:00 425.0 11999.0 260.44 262.52 262.88 262.45 262.45 54.0 262.53 25.0 11999.0 4769.0 7230.0 0.0 262.6831
14:50:00 960.0 32185.0 260.44 261.63 262.52 261.55 261.6 50.0 261.67 100.0 32185.0 6288.0 25897.0 0.0 262.0261
14:51:00 369.0 10116.0 260.44 261.65 261.91 261.6 261.61 225.0 261.68 342.0 10116.0 3810.0 6306.0 0.0 261.7661
14:52:00 915.0 29122.0 260.44 261.72 261.78 261.39 261.7 300.0 261.76 125.0 29122.0 9772.0 19350.0 0.0 261.5962
14:53:00 693.0 17252.0 260.44 262.01 262.01 261.7 261.96 524.0 262.04 325.0 17252.0 9679.0 7573.0 0.0 261.9387
14:54:00 1238.0 46614.0 260.44 260.96 262.0 260.8 260.96 50.0 261.02 25.0 46614.0 8630.0 37984.0 0.0 261.2029
14:55:00 628.0 17545.0 260.44 260.79 261.05 260.69 260.76 78.0 260.85 150.0 17545.0 4716.0 12829.0 0.0 260.8281
14:56:00 621.0 18110.0 260.44 260.88 261.05 260.65 260.81 9.0 260.91 75.0 18110.0 6691.0 11419.0 0.0 260.7956
14:57:00 561.0 15392.0 260.44 261.2 261.21 260.52 261.15 123.0 261.2 100.0 15392.0 6059.0 9333.0 0.0 260.8254
14:58:00 719.0 33353.0 260.44 260.52 261.15 260.3 260.5 24.0 260.58 250.0 33353.0 8638.0 24715.0 0.0 260.5465
14:59:00 717.0 22177.0 260.44 260.28 260.71 260.15 260.27 480.0 260.32 470.0 22177.0 8532.0 13645.0 0.0 260.427
15:00:00 1695.0 57128.0 260.44 260.29 260.32 259.98 260.28 50.0 260.32 40.0 57128.0 15658.0 41470.0 0.0 260.0629
15:01:00 1028.0 39051.0 260.44 259.98 260.54 259.8 259.98 100.0 260.05 340.0 39051.0 14444.0 24607.0 0.0 260.0705
15:02:00 2066.0 60046.0 260.44 259.07 260.1 259.04 259.12 150.0 259.17 50.0 60046.0 14319.0 45727.0 0.0 259.3893
15:03:00 1650.0 56700.0 260.44 259.36 259.51 258.88 259.36 175.0 259.42 100.0 56700.0 9885.0 46815.0 0.0 259.0906
15:04:00 984.0 22106.0 260.44 259.64 259.79 259.23 259.58 150.0 259.66 100.0 22106.0 8291.0 13815.0 0.0 259.4895
15:05:00 1333.0 33215.0 260.44 260.27 260.39 259.46 260.25 20.0 260.28 105.0 33215.0 16428.0 16787.0 0.0 259.9001
15:06:00 1116.0 34382.0 260.44 260.41 260.56 259.86 260.41 200.0 260.48 125.0 34382.0 15296.0 19086.0 0.0 260.2278
15:07:00 815.0 23331.0 260.44 260.65 260.81 260.26 260.62 179.0 260.68 113.0 23331.0 9233.0 14098.0 0.0 260.5307
15:08:00 882.0 22284.0 260.44 260.07 260.74 260.04 260.03 100.0 260.08 75.0 22284.0 6742.0 15542.0 0.0 260.3545
15:09:00 785.0 23358.0 260.44 260.26 260.31 259.78 260.23 24.0 260.32 24.0 23358.0 12410.0 10948.0 0.0 260.0912
15:10:00 638.0 14622.0 260.44 260.68 260.69 260.27 260.62 175.0 260.69 123.0 14622.0 7805.0 6817.0 0.0 260.5153
15:11:00 484.0 16494.0 260.44 260.49 260.9 260.2 260.49 150.0 260.55 45.0 16494.0 8481.0 8013.0 0.0 260.5689
15:12:00 535.0 15915.0 260.44 260.6 260.87 260.44 260.54 25.0 260.62 39.0 15915.0 8771.0 7144.0 0.0 260.6966
15:13:00 762.0 27622.0 260.44 260.86 261.1 260.63 260.81 74.0 260.89 25.0 27622.0 15719.0 11903.0 0.0 260.9173
15:14:00 834.0 21783.0 260.44 260.66 261.07 260.61 260.65 24.0 260.71 225.0 21783.0 7246.0 14537.0 0.0 260.8513
15:15:00 744.0 22595.0 260.44 260.55 260.78 260.35 260.51 175.0 260.58 171.0 22595.0 13965.0 8630.0 0.0 260.5792
15:16:00 779.0 25633.0 260.44 260.72 261.0 260.25 260.68 5.0 260.76 45.0 25633.0 13950.0 11683.0 0.0 260.6978
15:17:00 706.0 20589.0 260.44 260.75 260.95 260.5 260.72 337.0 260.77 150.0 20589.0 10983.0 9606.0 0.0 260.7114
15:18:00 1232.0 32197.0 260.44 260.49 261.0 260.45 260.48 1000.0 260.54 150.0 32197.0 14615.0 17582.0 0.0 260.7588
15:19:00 1916.0 51884.0 260.44 259.9 260.68 259.54 259.89 150.0 259.94 203.0 51884.0 17887.0 33997.0 0.0 259.9511
15:20:00 1029.0 35452.0 260.44 259.51 260.07 259.32 259.52 200.0 259.56 200.0 35452.0 16139.0 19313.0 0.0 259.7019
15:21:00 750.0 30103.0 260.44 259.7 259.98 259.4 259.68 50.0 259.74 355.0 30103.0 16561.0 13542.0 0.0 259.6478
15:22:00 496.0 17550.0 260.44 259.36 259.8 259.33 259.37 1.0 259.41 50.0 17550.0 7201.0 10349.0 0.0 259.5327
15:23:00 773.0 26135.0 260.44 259.5 259.55 259.05 259.47 75.0 259.55 50.0 26135.0 7121.0 19014.0 0.0 259.2409
15:24:00 533.0 15504.0 260.44 259.14 259.7 259.08 259.11 40.0 259.14 1.0 15504.0 5863.0 9641.0 0.0 259.3476
15:25:00 991.0 30824.0 260.44 259.66 259.7 258.95 259.58 283.0 259.67 100.0 30824.0 12837.0 17987.0 0.0 259.1829
15:26:00 508.0 11766.0 260.44 259.74 259.74 259.29 259.67 100.0 259.73 325.0 11766.0 6256.0 5510.0 0.0 259.5144
15:27:00 605.0 15124.0 260.44 259.34 259.96 259.04 259.31 35.0 259.35 2.0 15124.0 6610.0 8514.0 0.0 259.4706
15:28:00 564.0 15895.0 260.44 259.85 259.87 259.25 259.78 585.0 259.85 207.0 15895.0 9354.0 6541.0 0.0 259.5621
15:29:00 546.0 13295.0 260.44 259.64 260.0 259.46 259.57 250.0 259.66 132.0 13295.0 5911.0 7384.0 0.0 259.704
15:30:00 753.0 19282.0 260.44 259.23 259.85 259.15 259.25 316.0 259.31 273.0 19282.0 7415.0 11867.0 0.0 259.3772
15:31:00 1017.0 27657.0 260.44 258.81 259.25 258.74 258.8 200.0 258.85 25.0 27657.0 8049.0 19608.0 0.0 258.9468
15:32:00 1331.0 40640.0 260.44 258.34 259.03 258.34 258.33 162.0 258.36 3.0 40640.0 10656.0 29984.0 0.0 258.6304
15:33:00 2898.0 86620.0 260.44 257.66 258.42 257.62 257.61 666.0 257.68 9.0 86620.0 15395.0 71225.0 0.0 257.9944
15:34:00 1926.0 49600.0 260.44 257.2 257.68 257.16 257.19 186.0 257.24 785.0 49600.0 26311.0 23289.0 0.0 257.3831
15:35:00 2211.0 69581.0 260.44 256.83 257.42 256.74 256.82 50.0 256.88 200.0 69581.0 25677.0 43904.0 0.0 257.1033
15:36:00 906.0 37648.0 260.44 256.7 256.95 256.66 256.68 50.0 256.71 1.0 37648.0 18177.0 19471.0 0.0 256.8083
15:37:00 1333.0 44563.0 260.44 256.64 257.09 256.59 256.62 50.0 256.67 275.0 44563.0 23367.0 21196.0 0.0 256.862
15:38:00 1425.0 47961.0 260.44 257.54 257.63 256.55 257.53 150.0 257.59 50.0 47961.0 30855.0 17106.0 0.0 257.1635
15:39:00 1411.0 44431.0 260.44 258.13 258.43 257.58 258.04 200.0 258.14 150.0 44431.0 23620.0 20811.0 0.0 258.0537
15:40:00 584.0 19000.0 260.44 258.16 258.17 257.84 258.14 150.0 258.18 100.0 19000.0 10493.0 8507.0 0.0 258.0272
15:41:00 849.0 28581.0 260.44 258.38 258.63 258.07 258.35 300.0 258.4 203.0 28581.0 13857.0 14724.0 0.0 258.3713
15:42:00 1029.0 40466.0 260.44 257.99 258.75 257.91 257.92 151.0 258.01 250.0 40466.0 14628.0 25838.0 0.0 258.3276
15:43:00 836.0 31716.0 260.44 257.5 258.0 257.48 257.48 400.0 257.53 175.0 31716.0 6320.0 25396.0 0.0 257.6429
15:44:00 803.0 27216.0 260.44 258.01 258.1 257.42 257.97 150.0 258.06 274.0 27216.0 14456.0 12760.0 0.0 257.7737
15:45:00 780.0 19621.0 260.44 257.92 258.39 257.79 257.92 156.0 257.95 365.0 19621.0 7954.0 11667.0 0.0 258.0221
15:46:00 943.0 25502.0 260.44 257.65 258.07 257.55 257.65 574.0 257.71 150.0 25502.0 10650.0 14852.0 0.0 257.8312
15:47:00 1024.0 33151.0 260.44 257.37 257.8 257.23 257.35 50.0 257.4 250.0 33151.0 14596.0 18555.0 0.0 257.4613
15:48:00 861.0 26856.0 260.44 257.35 257.48 257.11 257.36 151.0 257.42 100.0 26856.0 11045.0 15811.0 0.0 257.3103
15:49:00 1180.0 27621.0 260.44 256.93 257.51 256.86 256.95 152.0 257.0 250.0 27621.0 9580.0 18041.0 0.0 257.1915
15:50:00 874.0 21288.0 260.44 257.64 257.66 256.8 257.58 25.0 257.69 25.0 21288.0 11888.0 9400.0 0.0 257.2046
15:51:00 3387.0 77001.0 260.44 256.9 257.59 256.0 256.87 746.0 256.96 25.0 77001.0 34632.0 42369.0 0.0 256.6276
15:52:00 1587.0 37196.0 260.44 257.58 257.7 256.8 257.51 19.0 257.59 100.0 37196.0 19355.0 17841.0 0.0 257.1749
15:53:00 1612.0 43950.0 260.44 257.87 258.37 257.52 257.83 100.0 257.92 11.0 43950.0 23885.0 20065.0 0.0 257.9467
15:54:00 1471.0 35118.0 260.44 257.45 258.0 257.41 257.42 636.0 257.5 372.0 35118.0 11558.0 23560.0 0.0 257.6237
15:55:00 2611.0 77434.0 260.44 257.66 257.85 257.04 257.57 330.0 257.67 1284.0 77434.0 36630.0 40804.0 0.0 257.512
15:56:00 3255.0 140019.0 260.44 258.97 259.17 257.66 258.92 100.0 258.96 37.0 140019.0 101908.0 38111.0 0.0 258.5796
15:57:00 2001.0 67179.0 260.44 258.33 259.04 258.29 258.32 300.0 258.37 163.0 67179.0 33645.0 33534.0 0.0 258.7375
15:58:00 1761.0 55392.0 260.44 258.52 258.7 258.18 258.49 65.0 258.53 220.0 55392.0 29809.0 25583.0 0.0 258.4044
15:59:00 1938.0 60007.0 260.44 258.92 258.97 258.37 258.89 490.0 258.93 165.0 60007.0 41037.0 18970.0 0.0 258.6961
16:00:00 3837.0 156230.0 260.44 258.35 259.04 258.17 258.22 7438.0 258.38 1600.0 156230.0 73991.0 82239.0 0.0 258.5712
16:01:00 151.0 4604.0 260.44 258.3 258.6 258.14 258.24 102.0 258.3 129.0 4604.0 1317.0 3287.0 0.0 258.4123
16:02:00 82.0 1695.0 260.44 258.59 258.73 258.26 258.5 1.0 258.62 12.0 1695.0 753.0 942.0 0.0 258.3975
16:03:00 41.0 909.0 260.44 258.31 258.5 258.3 258.3 290.0 258.47 41.0 909.0 604.0 305.0 0.0 258.3462
16:04:00 99.0 1076.0 260.44 258.18 258.51 258.0 258.17 12.0 258.2 10.0 1076.0 32.0 1044.0 0.0 258.2693
16:05:00 137.0 1968.0 260.44 257.88 258.21 257.65 258.17 12.0 257.97 1.0 1968.0 592.0 1376.0 0.0 257.8775
16:06:00 63.0 2341.0 260.44 257.86 257.93 257.7 258.17 12.0 257.97 139.0 2341.0 1279.0 1062.0 0.0 257.7531
16:07:00 74.0 4502.0 260.44 258.09 258.16 257.85 258.17 12.0 258.16 39.0 4502.0 3773.0 729.0 0.0 257.9964
16:08:00 98.0 927.0 260.44 258.12 258.2 258.01 258.17 12.0 258.2 19.0 927.0 871.0 56.0 0.0 258.129
16:09:00 68.0 159.0 260.44 258.2 258.23 258.02 258.2 176.0 258.24 212.0 159.0 20.0 139.0 0.0 258.1819
16:10:00 57.0 836.0 260.44 258.22 258.24 258.12 258.17 12.0 258.24 456.0 836.0 650.0 186.0 0.0 258.23
16:11:00 53.0 1003.0 260.44 258.1 258.24 258.08 258.17 12.0 258.15 200.0 1003.0 692.0 311.0 0.0 258.1681
16:12:00 87.0 851.0 260.44 257.96 258.14 257.81 258.17 12.0 258.0 30.0 851.0 0.0 851.0 0.0 257.9979
16:13:00 43.0 487.0 260.44 257.75 257.95 257.75 258.17 12.0 257.75 337.0 487.0 142.0 345.0 0.0 257.7867
16:14:00 72.0 1430.0 260.44 257.75 257.91 257.56 258.17 12.0 257.98 10.0 1430.0 682.0 748.0 0.0 257.6581
16:15:00 83.0 997.0 260.44 257.7 257.9 257.55 258.17 12.0 257.9 10.0 997.0 10.0 987.0 0.0 257.5649
16:16:00 44.0 381.0 260.44 257.73 257.8 257.55 258.17 12.0 257.78 400.0 381.0 37.0 344.0 0.0 257.551
16:17:00 74.0 592.0 260.44 257.75 257.91 257.64 258.17 12.0 257.75 95.0 592.0 515.0 77.0 0.0 257.7664
16:18:00 39.0 269.0 260.44 257.65 257.9 257.55 258.17 12.0 257.77 7.0 269.0 198.0 71.0 0.0 257.6887
16:19:00 37.0 219.0 260.44 257.57 257.81 257.57 258.17 12.0 257.96 20.0 219.0 37.0 182.0 0.0 257.7063
16:20:00 30.0 174.0 260.44 257.62 257.8 257.57 258.17 12.0 257.75 33.0 174.0 167.0 7.0 0.0 257.6192
16:21:00 25.0 84.0 260.44 257.62 257.7 257.61 258.17 12.0 257.62 166.0 84.0 12.0 72.0 0.0 257.648
16:22:00 38.0 537.0 260.44 257.68 257.73 257.6 258.17 12.0 257.68 31.0 537.0 245.0 292.0 0.0 257.6339
16:23:00 133.0 3292.0 260.44 257.55 257.7 257.2 258.17 12.0 257.55 1.0 3292.0 272.0 3020.0 0.0 257.5071
16:24:00 53.0 2592.0 260.44 257.16 257.7 257.16 258.17 12.0 257.55 10.0 2592.0 369.0 2223.0 0.0 257.3999
16:25:00 39.0 512.0 260.44 257.33 257.63 257.2 258.17 12.0 257.75 53.0 512.0 490.0 22.0 0.0 257.3353
16:26:00 37.0 144.0 260.44 257.43 257.55 257.25 258.17 12.0 257.5 5.0 144.0 2.0 142.0 0.0 257.4367
16:27:00 79.0 2008.0 260.44 257.37 257.48 257.1 258.17 12.0 257.47 10.0 2008.0 1208.0 800.0 0.0 257.1566
16:28:00 31.0 240.0 260.44 257.3 257.4 257.11 258.17 12.0 257.37 10.0 240.0 3.0 237.0 0.0 257.2749
16:29:00 54.0 1130.0 260.44 257.6 257.62 257.27 258.17 12.0 257.64 20.0 1130.0 751.0 379.0 0.0 257.4522
16:30:00 18.0 96.0 260.44 257.6 257.7 257.51 258.17 12.0 257.74 350.0 96.0 87.0 9.0 0.0 257.6322
16:31:00 38.0 735.0 260.44 257.79 257.85 257.61 258.17 12.0 257.85 1.0 735.0 719.0 16.0 0.0 257.753
16:32:00 58.0 1177.0 260.44 257.4 257.74 257.4 258.17 12.0 257.5 2169.0 1177.0 0.0 1177.0 0.0 257.4938
16:33:00 26.0 208.0 260.44 257.31 257.48 257.27 258.17 12.0 257.5 2214.0 208.0 6.0 202.0 0.0 257.2811
16:34:00 15.0 0.0 260.44 257.49 257.49 257.31 258.17 12.0 257.5 2170.0 nan 0.0 0.0 0.0 nan
16:35:00 51.0 2529.0 260.44 257.5 257.64 257.35 258.17 12.0 257.64 1.0 2529.0 2383.0 146.0 0.0 257.4923
16:36:00 27.0 901.0 260.44 257.44 257.61 257.32 258.17 12.0 257.46 3.0 901.0 13.0 888.0 0.0 257.4935
16:37:00 50.0 1267.0 260.44 257.73 257.74 257.3 258.17 12.0 257.74 276.0 1267.0 1266.0 1.0 0.0 257.5471
16:38:00 45.0 1827.0 260.44 257.68 257.81 257.51 258.17 12.0 257.81 21.0 1827.0 795.0 1032.0 0.0 257.7427
16:39:00 12.0 51.0 260.44 257.76 257.8 257.62 258.17 12.0 257.81 21.0 51.0 0.0 51.0 0.0 257.7892
16:40:00 19.0 21.0 260.44 257.81 257.85 257.7 258.17 12.0 257.76 2.0 21.0 7.0 14.0 0.0 257.7343
16:41:00 33.0 312.0 260.44 257.7 257.81 257.53 258.17 12.0 257.81 15.0 312.0 2.0 310.0 0.0 257.6319
16:42:00 52.0 753.0 260.44 257.6 257.7 257.41 258.17 12.0 257.7 49.0 753.0 101.0 652.0 0.0 257.5017
16:43:00 36.0 556.0 260.44 257.73 257.75 257.5 258.17 12.0 257.75 235.0 556.0 428.0 128.0 0.0 257.6587
16:44:00 31.0 93.0 260.44 257.68 257.73 257.49 258.17 12.0 257.73 235.0 93.0 35.0 58.0 0.0 257.5546
16:45:00 80.0 533.0 260.44 257.4 257.73 257.2 258.17 12.0 257.69 20.0 533.0 17.0 516.0 0.0 257.4499
16:46:00 31.0 265.0 260.44 257.46 257.59 257.31 258.17 12.0 257.6 6.0 265.0 32.0 233.0 0.0 257.4592
16:47:00 41.0 941.0 260.44 257.5 257.75 257.5 258.17 12.0 257.79 366.0 941.0 298.0 643.0 0.0 257.7399
16:48:00 20.0 12.0 260.44 257.7 257.75 257.63 258.17 12.0 257.7 48.0 12.0 3.0 9.0 0.0 257.7342
16:49:00 13.0 55.0 260.44 257.77 257.77 257.56 258.17 12.0 257.78 1.0 55.0 53.0 2.0 0.0 257.6982
16:50:00 26.0 69.0 260.44 257.73 257.78 257.52 258.17 12.0 257.74 59.0 69.0 28.0 41.0 0.0 257.7165
16:51:00 29.0 363.0 260.44 257.75 257.78 257.62 258.17 12.0 257.75 3.0 363.0 232.0 131.0 0.0 257.7367
16:52:00 36.0 399.0 260.44 257.62 257.79 257.62 258.17 12.0 257.7 4574.0 399.0 25.0 374.0 0.0 257.7128
16:53:00 31.0 5226.0 260.44 257.74 257.79 257.61 258.17 12.0 257.76 10.0 5226.0 4819.0 407.0 0.0 257.7012
16:54:00 21.0 448.0 260.44 257.63 257.74 257.62 258.17 12.0 257.7 31.0 448.0 64.0 384.0 0.0 257.711
16:55:00 33.0 429.0 260.44 257.72 257.76 257.58 258.17 12.0 257.72 338.0 429.0 409.0 20.0 0.0 257.7124
16:56:00 49.0 503.0 260.44 257.77 257.77 257.61 258.17 12.0 257.77 10.0 503.0 459.0 44.0 0.0 257.7243
16:57:00 65.0 1217.0 260.44 257.77 257.88 257.64 258.17 12.0 257.88 128.0 1217.0 1096.0 121.0 0.0 257.794
16:58:00 22.0 211.0 260.44 257.7 258.14 257.66 258.17 12.0 257.8 175.0 211.0 3.0 208.0 0.0 257.7308
16:59:00 31.0 283.0 260.44 257.84 257.84 257.63 258.17 12.0 257.85 505.0 283.0 202.0 81.0 0.0 257.7729
17:00:00 29.0 747.0 260.44 257.85 258.14 257.71 258.17 12.0 257.86 20.0 747.0 551.0 196.0 0.0 257.8512
