time trade_count trade_volume trade_first trade_last trade_high trade_low bid_price bid_size ask_price ask_size hid_vol buy_vol sell_vol unsided_vol vwap
09:00:00 nan 54.0 265.24 265.03 265.28 264.94 265.0 67.0 265.25 10.0 54.0 2.0 52.0 0.0 264.9559
09:01:00 107.0 1550.0 265.24 264.97 265.26 264.51 264.97 6.0 265.2 10.0 1550.0 116.0 1434.0 0.0 264.7802
09:02:00 84.0 1050.0 265.24 265.04 265.28 264.69 265.0 29.0 265.23 3.0 1050.0 893.0 157.0 0.0 265.2335
09:03:00 120.0 2491.0 265.24 265.0 265.29 265.0 265.0 358.0 265.27 5.0 2491.0 380.0 2111.0 0.0 265.0785
09:04:00 128.0 810.0 265.24 264.89 265.27 264.82 264.88 3.0 265.25 3.0 810.0 311.0 499.0 0.0 265.0267
09:05:00 52.0 654.0 265.24 265.29 265.29 264.85 265.0 344.0 265.28 50.0 654.0 625.0 29.0 0.0 265.0527
09:06:00 70.0 1737.0 265.24 265.23 265.44 265.23 265.13 30.0 265.23 1019.0 1737.0 1626.0 111.0 0.0 265.3619
09:07:00 114.0 2681.0 265.24 264.84 265.23 264.84 264.8 89.0 265.03 10.0 2681.0 1152.0 1529.0 0.0 265.0075
09:08:00 151.0 4176.0 265.24 265.27 265.27 264.91 265.25 453.0 265.32 15.0 4176.0 1555.0 2621.0 0.0 265.0576
09:09:00 111.0 2305.0 265.24 265.4 265.47 265.09 265.33 1.0 265.47 235.0 2305.0 1701.0 604.0 0.0 265.3397
09:10:00 180.0 2943.0 265.24 265.77 265.85 265.4 265.7 205.0 265.8 200.0 2943.0 2203.0 740.0 0.0 265.6123
09:11:00 290.0 6096.0 265.24 266.4 266.4 265.64 266.3 31.0 266.41 290.0 6096.0 5652.0 444.0 0.0 266.0003
09:12:00 83.0 987.0 265.24 266.25 266.41 266.11 266.24 5.0 266.36 45.0 987.0 737.0 250.0 0.0 266.296
09:13:00 159.0 3519.0 265.24 265.68 266.28 265.52 265.53 42.0 265.75 753.0 3519.0 699.0 2820.0 0.0 265.9948
09:14:00 353.0 2838.0 265.24 265.11 265.69 265.05 265.04 10.0 265.43 10.0 2838.0 1018.0 1820.0 0.0 265.3656
09:15:00 231.0 3036.0 265.24 265.28 265.49 264.79 265.33 3.0 265.35 42.0 3036.0 797.0 2239.0 0.0 265.025
09:16:00 84.0 1418.0 265.24 265.24 265.5 265.06 265.08 30.0 265.33 10.0 1418.0 1125.0 293.0 0.0 265.4368
09:17:00 229.0 2496.0 265.24 264.61 265.35 264.5 264.5 950.0 264.93 10.0 2496.0 294.0 2202.0 0.0 264.8265
09:18:00 155.0 1686.0 265.24 264.7 264.8 264.36 264.51 30.0 264.7 59.0 1686.0 527.0 1159.0 0.0 264.5673
09:19:00 136.0 3759.0 265.24 264.57 264.92 264.41 264.41 9.0 264.57 232.0 3759.0 2860.0 899.0 0.0 264.4919
09:20:00 468.0 7949.0 265.24 264.28 264.58 263.83 264.08 30.0 264.33 10.0 7949.0 3943.0 4006.0 0.0 264.3084
09:21:00 46.0 253.0 265.24 264.28 264.35 264.0 264.2 84.0 264.26 10.0 253.0 71.0 182.0 0.0 264.2276
09:22:00 228.0 2807.0 265.24 264.54 264.75 264.13 264.51 6.0 264.66 28.0 2807.0 2744.0 63.0 0.0 264.4641
09:23:00 55.0 438.0 265.24 264.7 264.8 264.52 264.59 10.0 264.8 23.0 438.0 79.0 359.0 0.0 264.6814
09:24:00 80.0 387.0 265.24 264.73 264.77 264.28 264.58 3.0 264.73 9.0 387.0 116.0 271.0 0.0 264.5273
09:25:00 96.0 3693.0 265.24 264.4 264.63 264.4 264.4 896.0 264.49 50.0 3693.0 1839.0 1854.0 0.0 264.4732
09:26:00 373.0 8042.0 265.24 263.65 264.5 263.65 263.7 36.0 263.75 141.0 8042.0 2921.0 5121.0 0.0 263.956
09:27:00 332.0 5861.0 265.24 263.53 263.97 263.26 263.48 30.0 263.73 10.0 5861.0 2536.0 3325.0 0.0 263.5223
09:28:00 255.0 5779.0 265.24 263.29 263.63 263.01 263.08 3.0 263.29 2.0 5779.0 2345.0 3434.0 0.0 263.2481
09:29:00 524.0 8023.0 265.24 262.78 263.29 262.5 262.68 122.0 262.82 10.0 8023.0 2108.0 5915.0 0.0 262.7774
09:30:00 247.0 5861.0 265.24 262.63 263.02 262.6 262.62 697.0 262.82 310.0 5861.0 2698.0 3163.0 0.0 262.8008
09:31:00 8530.0 204491.0 265.24 260.96 263.04 260.5 260.78 75.0 261.0 200.0 204491.0 70700.0 133791.0 0.0 261.8044
09:32:00 8614.0 235809.0 265.24 260.265 261.51 259.75 260.23 22.0 260.29 36.0 235809.0 60296.0 175513.0 0.0 260.093
09:33:00 3196.0 89553.0 265.24 261.4 261.72 259.95 261.33 3.0 261.5 25.0 89553.0 51400.0 38153.0 0.0 260.6786
09:34:00 3050.0 75413.0 265.24 261.79 261.81 260.4 261.66 27.0 261.79 27.0 75413.0 38336.0 37077.0 0.0 261.225
09:35:00 2096.0 52246.0 265.24 260.48 261.86 260.35 260.42 35.0 260.53 321.0 52246.0 16434.0 35812.0 0.0 261.0127
09:36:00 2291.0 70112.0 265.24 260.43 261.3 259.9 260.33 25.0 260.44 120.0 70112.0 19531.0 50581.0 0.0 260.2306
09:37:00 2187.0 87896.0 265.24 260.28 260.88 259.85 260.21 79.0 260.29 532.0 87896.0 58877.0 29019.0 0.0 260.1663
09:38:00 2327.0 51654.0 265.24 261.34 261.5 260.28 261.28 27.0 261.4 50.0 51654.0 41336.0 10318.0 0.0 260.9448
09:39:00 2141.0 50477.0 265.24 261.09 261.58 260.67 261.05 225.0 261.16 185.0 50477.0 27256.0 23221.0 0.0 261.2043
09:40:00 1536.0 36198.0 265.24 260.48 261.58 260.37 260.44 25.0 260.53 500.0 36198.0 21670.0 14528.0 0.0 261.073
09:41:00 3617.0 95000.0 265.24 260.12 261.545 259.97 260.1 744.0 260.25 25.0 95000.0 41236.0 53764.0 0.0 260.4851
09:42:00 3807.0 112770.0 265.24 263.28 263.81 260.07 263.23 4.0 263.37 25.0 112770.0 87132.0 25638.0 0.0 262.4107
09:43:00 2252.0 48686.0 265.24 263.34 263.49 262.75 263.3 2.0 263.4 25.0 48686.0 28632.0 20054.0 0.0 263.1133
09:44:00 1758.0 51985.0 265.24 262.69 263.56 262.41 262.58 1.0 262.65 1.0 51985.0 26986.0 24999.0 0.0 263.0118
09:45:00 2342.0 63689.0 265.24 262.67 262.78 261.94 262.49 225.0 262.65 25.0 63689.0 35394.0 28295.0 0.0 262.3239
09:46:00 1699.0 42777.0 265.24 261.78 262.85 261.57 261.77 100.0 261.84 324.0 42777.0 18915.0 23862.0 0.0 262.3626
09:47:00 2062.0 64128.0 265.24 263.12 263.44 261.78 263.0 20.0 263.1 25.0 64128.0 47020.0 17108.0 0.0 262.8334
09:48:00 1776.0 43897.0 265.24 262.25 263.24 261.75 262.25 100.0 262.31 100.0 43897.0 16176.0 27721.0 0.0 262.4593
09:49:00 1669.0 54140.0 265.24 261.62 262.43 261.55 261.61 289.0 261.69 25.0 54140.0 21623.0 32517.0 0.0 261.9769
09:50:00 1512.0 43836.0 265.24 261.9 262.61 261.52 261.8 377.0 261.99 225.0 43836.0 22107.0 21729.0 0.0 262.0401
09:51:00 2401.0 58887.0 265.24 262.02 262.55 260.42 261.96 2.0 262.05 350.0 58887.0 23459.0 35428.0 0.0 262.0012
09:52:00 1825.0 46983.0 265.24 261.31 262.02 260.9 261.3 37.0 261.43 25.0 46983.0 15846.0 31137.0 0.0 261.3956
09:53:00 1284.0 27656.0 265.24 261.34 261.66 261.14 261.31 14.0 261.4 25.0 27656.0 11659.0 15997.0 0.0 261.438
09:54:00 1249.0 32492.0 265.24 262.12 262.38 261.03 262.06 24.0 262.15 3.0 32492.0 23468.0 9024.0 0.0 261.9438
09:55:00 1562.0 46991.0 265.24 261.82 262.6 261.72 261.77 25.0 261.89 25.0 46991.0 27241.0 19750.0 0.0 262.3125
09:56:00 1594.0 40152.0 265.24 260.97 262.06 260.82 260.96 14.0 261.06 25.0 40152.0 9875.0 30277.0 0.0 261.3113
09:57:00 1178.0 24002.0 265.24 261.0 261.76 260.8 260.96 23.0 261.0 29.0 24002.0 12594.0 11408.0 0.0 261.3616
09:58:00 1358.0 34848.0 265.24 261.18 261.32 260.68 261.13 106.0 261.19 25.0 34848.0 14844.0 20004.0 0.0 260.9858
09:59:00 1918.0 68060.0 265.24 262.32 262.42 260.99 262.32 100.0 262.39 25.0 68060.0 49542.0 18518.0 0.0 261.8023
10:00:00 2045.0 63994.0 265.24 262.78 263.22 262.28 262.75 12.0 262.82 25.0 63994.0 38659.0 25335.0 0.0 262.8433
10:01:00 1706.0 34147.0 265.24 262.48 263.16 261.81 262.4 25.0 262.55 26.0 34147.0 10690.0 23457.0 0.0 262.3785
10:02:00 1001.0 17787.0 265.24 262.06 262.62 261.91 262.02 25.0 262.13 111.0 17787.0 4747.0 13040.0 0.0 262.2295
10:03:00 1098.0 26235.0 265.24 261.87 262.16 261.71 261.89 15.0 261.97 4.0 26235.0 8213.0 18022.0 0.0 261.9132
10:04:00 947.0 25919.0 265.24 262.83 262.85 261.85 262.83 300.0 262.86 9.0 25919.0 11739.0 14180.0 0.0 262.42
10:05:00 1202.0 34282.0 265.24 262.85 263.42 262.68 262.84 56.0 262.91 21.0 34282.0 19419.0 14863.0 0.0 263.0793
10:06:00 1225.0 30422.0 265.24 263.42 263.97 262.79 263.4 10.0 263.49 45.0 30422.0 18219.0 12203.0 0.0 263.5084
10:07:00 1387.0 54463.0 265.24 264.81 264.93 263.35 264.77 103.0 264.87 200.0 54463.0 38505.0 15958.0 0.0 264.2131
10:08:00 1043.0 26044.0 265.24 264.33 264.9 263.95 264.29 11.0 264.35 4.0 26044.0 9061.0 16983.0 0.0 264.3572
10:09:00 1134.0 38259.0 265.24 265.04 265.2 264.07 265.03 100.0 265.12 163.0 38259.0 27531.0 10728.0 0.0 264.6896
10:10:00 1396.0 41658.0 265.24 265.18 265.74 265.0 265.1 25.0 265.2 25.0 41658.0 19155.0 22503.0 0.0 265.3645
10:11:00 1186.0 30642.0 265.24 265.36 265.43 264.8 265.33 25.0 265.43 259.0 30642.0 9238.0 21404.0 0.0 265.1424
10:12:00 1126.0 31396.0 265.24 265.44 265.5 264.85 265.36 1.0 265.44 200.0 31396.0 13174.0 18222.0 0.0 265.0994
10:13:00 1440.0 42611.0 265.24 264.92 265.68 264.91 264.91 25.0 265.0 25.0 42611.0 15524.0 27087.0 0.0 265.2704
10:14:00 2091.0 59505.0 265.24 263.93 265.07 263.77 263.86 210.0 263.95 350.0 59505.0 18097.0 41408.0 0.0 264.4738
10:15:00 1502.0 31636.0 265.24 264.6 264.85 263.875 264.53 57.0 264.62 650.0 31636.0 18733.0 12903.0 0.0 264.4514
10:16:00 2950.0 114753.0 265.24 265.98 266.38 264.52 265.9 25.0 266.01 125.0 114753.0 62362.0 52391.0 0.0 265.7721
10:17:00 1134.0 41529.0 265.24 266.0 266.18 265.68 265.98 25.0 266.08 25.0 41529.0 16182.0 25347.0 0.0 265.9139
10:18:00 1019.0 35565.0 265.24 265.81 266.27 265.7 265.81 747.0 265.88 135.0 35565.0 11369.0 24196.0 0.0 265.9443
10:19:00 1691.0 48819.0 265.24 265.2 265.85 265.07 265.18 141.0 265.26 153.0 48819.0 16846.0 31973.0 0.0 265.3876
10:20:00 1529.0 42000.0 265.24 265.17 265.67 264.89 265.13 410.0 265.21 175.0 42000.0 12248.0 29752.0 0.0 265.1823
10:21:00 1723.0 48758.0 265.24 265.16 265.34 264.67 265.1 1.0 265.17 35.0 48758.0 17377.0 31381.0 0.0 265.0472
10:22:00 842.0 16529.0 265.24 264.78 265.11 264.65 264.77 55.0 264.87 25.0 16529.0 5330.0 11199.0 0.0 264.8637
10:23:00 1180.0 35184.0 265.24 265.07 265.45 264.69 265.01 119.0 265.08 25.0 35184.0 21442.0 13742.0 0.0 265.0376
10:24:00 1132.0 36291.0 265.24 265.71 265.71 264.77 265.68 852.0 265.74 100.0 36291.0 22150.0 14141.0 0.0 265.1684
10:25:00 1414.0 39064.0 265.24 265.45 265.91 264.84 265.39 3.0 265.51 25.0 39064.0 16922.0 22142.0 0.0 265.4543
10:26:00 1407.0 40401.0 265.24 264.68 265.73 264.51 264.65 25.0 264.72 225.0 40401.0 13496.0 26905.0 0.0 265.0929
10:27:00 973.0 23579.0 265.24 264.82 264.98 264.52 264.81 107.0 264.88 225.0 23579.0 9827.0 13752.0 0.0 264.7488
10:28:00 930.0 20972.0 265.24 264.65 265.18 264.47 264.59 6.0 264.66 128.0 20972.0 7266.0 13706.0 0.0 264.7464
10:29:00 1053.0 21475.0 265.24 264.73 265.07 264.5 264.64 450.0 264.76 35.0 21475.0 12632.0 8843.0 0.0 264.7932
10:30:00 936.0 19396.0 265.24 265.16 265.25 264.68 265.12 25.0 265.21 100.0 19396.0 10872.0 8524.0 0.0 264.9522
10:31:00 1577.0 47663.0 265.24 263.62 265.2 263.62 263.62 122.0 263.69 25.0 47663.0 7778.0 39885.0 0.0 264.1612
10:32:00 892.0 20123.0 265.24 263.43 263.71 263.18 263.38 200.0 263.46 25.0 20123.0 9754.0 10369.0 0.0 263.4241
10:33:00 1017.0 24130.0 265.24 263.16 263.67 263.01 263.13 225.0 263.21 418.0 24130.0 9881.0 14249.0 0.0 263.318
10:34:00 1315.0 67440.0 265.24 262.85 263.25 262.54 262.81 25.0 262.89 5.0 67440.0 12881.0 54559.0 0.0 262.9414
10:35:00 836.0 31664.0 265.24 263.04 263.12 262.63 262.96 25.0 263.07 1.0 31664.0 15951.0 15713.0 0.0 262.8906
10:36:00 1025.0 36683.0 265.24 262.939 263.29 262.57 262.96 400.0 263.02 25.0 36683.0 15093.0 21590.0 0.0 262.9554
10:37:00 1147.0 42725.0 265.24 262.92 263.04 262.308 262.88 300.0 262.96 131.0 42725.0 10334.0 32391.0 0.0 262.6154
10:38:00 974.0 38158.0 265.24 262.55 262.98 262.07 262.5 325.0 262.57 8.0 38158.0 8548.0 29610.0 0.0 262.507
10:39:00 664.0 22675.0 265.24 262.3 262.56 262.25 262.25 822.0 262.32 28.0 22675.0 9854.0 12821.0 0.0 262.4095
10:40:00 1752.0 58881.0 265.24 261.72 262.31 261.19 261.71 172.0 261.77 150.0 58881.0 11222.0 47659.0 0.0 261.8442
10:41:00 1016.0 23248.0 265.24 261.9 262.04 261.52 261.86 125.0 261.91 101.0 23248.0 15371.0 7877.0 0.0 261.8359
10:42:00 797.0 19792.0 265.24 261.76 262.08 261.52 261.72 25.0 261.8 103.0 19792.0 6625.0 13167.0 0.0 261.8383
10:43:00 939.0 24724.0 265.24 262.11 262.26 261.39 262.08 748.0 262.15 25.0 24724.0 11630.0 13094.0 0.0 261.7456
10:44:00 952.0 25368.0 265.24 262.1 262.57 261.9 262.06 55.0 262.15 100.0 25368.0 14193.0 11175.0 0.0 262.2649
10:45:00 1162.0 40212.0 265.24 262.83 263.2 261.92 262.82 101.0 262.87 101.0 40212.0 28562.0 11650.0 0.0 262.7483
10:46:00 1068.0 24321.0 265.24 262.24 263.37 262.24 262.21 110.0 262.29 8.0 24321.0 9649.0 14672.0 0.0 262.8816
10:47:00 983.0 27252.0 265.24 262.55 262.56 261.96 262.48 43.0 262.54 25.0 27252.0 7572.0 19680.0 0.0 262.2014
10:48:00 773.0 32019.0 265.24 262.62 263.0 262.32 262.58 1.0 262.64 25.0 32019.0 13660.0 18359.0 0.0 262.6283
10:49:00 550.0 13536.0 265.24 262.8 262.89 262.55 262.73 19.0 262.81 189.0 13536.0 6043.0 7493.0 0.0 262.675
10:50:00 592.0 20490.0 265.24 262.86 263.09 262.66 262.8 113.0 262.87 271.0 20490.0 12242.0 8248.0 0.0 262.9083
10:51:00 1034.0 26194.0 265.24 262.61 262.99 262.29 262.59 105.0 262.68 100.0 26194.0 10841.0 15353.0 0.0 262.527
10:52:00 602.0 11962.0 265.24 262.47 262.82 262.15 262.4 31.0 262.48 25.0 11962.0 4918.0 7044.0 0.0 262.3866
10:53:00 1034.0 27850.0 265.24 262.02 262.57 261.94 261.97 5.0 262.05 17.0 27850.0 7342.0 20508.0 0.0 262.1079
10:54:00 1104.0 25926.0 265.24 261.87 262.2 261.56 261.83 261.0 261.89 25.0 25926.0 10806.0 15120.0 0.0 261.8199
10:55:00 722.0 22293.0 265.24 261.53 261.91 261.48 261.5 721.0 261.57 100.0 22293.0 10473.0 11820.0 0.0 261.6582
10:56:00 840.0 24738.0 265.24 261.69 261.84 261.3 261.64 4.0 261.72 154.0 24738.0 13202.0 11536.0 0.0 261.4812
10:57:00 1311.0 45059.0 265.24 261.76 261.95 261.5 261.75 12.0 261.78 17.0 45059.0 23291.0 21768.0 0.0 261.7566
10:58:00 798.0 22032.0 265.24 261.36 261.85 261.28 261.33 50.0 261.39 25.0 22032.0 8250.0 13782.0 0.0 261.5411
10:59:00 982.0 32921.0 265.24 261.2 261.49 261.08 261.15 12.0 261.21 200.0 32921.0 15819.0 17102.0 0.0 261.2387
11:00:00 2329.0 119406.0 265.24 261.61 261.88 260.95 261.57 142.0 261.64 15.0 119406.0 23312.0 96094.0 0.0 261.456
11:01:00 710.0 16491.0 265.24 261.67 261.77 261.45 261.63 37.0 261.69 10.0 16491.0 7101.0 9390.0 0.0 261.5893
11:02:00 845.0 42208.0 265.24 261.4 261.67 261.05 261.35 25.0 261.45 209.0 42208.0 4506.0 37702.0 0.0 261.2258
11:03:00 525.0 12188.0 265.24 261.43 261.43 261.1 261.37 5.0 261.43 29.0 12188.0 2676.0 9512.0 0.0 261.2182
11:04:00 1574.0 44862.0 265.24 261.98 262.04 261.12 261.96 25.0 262.05 48.0 44862.0 23687.0 21175.0 0.0 261.6302
11:05:00 756.0 16878.0 265.24 261.79 262.09 261.59 261.78 12.0 261.87 1.0 16878.0 7514.0 9364.0 0.0 261.8755
11:06:00 959.0 38106.0 265.24 261.75 262.15 261.68 261.72 26.0 261.79 25.0 38106.0 12335.0 25771.0 0.0 261.9866
11:07:00 931.0 25258.0 265.24 261.5 261.79 261.4 261.5 175.0 261.51 174.0 25258.0 4069.0 21189.0 0.0 261.503
11:08:00 1130.0 43063.0 265.24 261.01 261.66 261.0 261.01 104.0 261.09 50.0 43063.0 6494.0 36569.0 0.0 261.3386
11:09:00 956.0 30911.0 265.24 260.88 261.1 260.6 260.81 163.0 260.87 10.0 30911.0 10262.0 20649.0 0.0 260.8332
11:10:00 921.0 23158.0 265.24 261.05 261.16 260.48 260.99 14.0 261.05 157.0 23158.0 10170.0 12988.0 0.0 260.7134
11:11:00 931.0 24403.0 265.24 261.23 261.51 260.95 261.23 101.0 261.26 215.0 24403.0 8899.0 15504.0 0.0 261.2084
11:12:00 775.0 26741.0 265.24 261.4 261.4 261.21 261.32 27.0 261.39 443.0 26741.0 11681.0 15060.0 0.0 261.2953
11:13:00 813.0 27124.0 265.24 261.0 261.38 260.81 261.0 200.0 261.05 265.0 27124.0 6190.0 20934.0 0.0 261.1395
11:14:00 1306.0 53499.0 265.24 261.58 261.62 260.98 261.55 200.0 261.58 597.0 53499.0 23743.0 29756.0 0.0 261.2456
11:15:00 1506.0 58713.0 265.24 262.0 262.05 261.43 262.0 171.0 262.01 159.0 58713.0 36233.0 22480.0 0.0 261.7762
11:16:00 1222.0 27509.0 265.24 262.39 262.64 262.0 262.35 27.0 262.4 125.0 27509.0 16819.0 10690.0 0.0 262.3066
11:17:00 606.0 14867.0 265.24 262.24 262.6 262.2 262.2 218.0 262.25 30.0 14867.0 5701.0 9166.0 0.0 262.3195
11:18:00 570.0 11623.0 265.24 262.05 262.25 262.0 262.03 1.0 262.11 25.0 11623.0 4979.0 6644.0 0.0 262.0733
11:19:00 653.0 17768.0 265.24 262.28 262.71 262.05 262.26 35.0 262.36 143.0 17768.0 12333.0 5435.0 0.0 262.463
11:20:00 690.0 20026.0 265.24 262.02 262.42 262.0 262.01 11.0 262.06 25.0 20026.0 7166.0 12860.0 0.0 262.2167
11:21:00 1194.0 37116.0 265.24 262.13 262.15 261.91 262.07 150.0 262.12 43.0 37116.0 9855.0 27261.0 0.0 262.0069
11:22:00 551.0 14646.0 265.24 261.97 262.15 261.72 261.95 60.0 262.04 27.0 14646.0 9446.0 5200.0 0.0 261.9154
11:23:00 462.0 9083.0 265.24 262.1 262.27 261.83 262.05 226.0 262.12 26.0 9083.0 5482.0 3601.0 0.0 262.096
11:24:00 497.0 9832.0 265.24 262.33 262.42 262.0 262.26 1.0 262.34 122.0 9832.0 6566.0 3266.0 0.0 262.2142
11:25:00 570.0 19514.0 265.24 262.11 262.44 262.03 262.08 26.0 262.13 37.0 19514.0 6717.0 12797.0 0.0 262.2118
11:26:00 662.0 14859.0 265.24 261.86 262.15 261.71 261.87 25.0 261.94 112.0 14859.0 5640.0 9219.0 0.0 261.8962
11:27:00 859.0 18479.0 265.24 261.49 262.23 261.41 261.43 39.0 261.48 37.0 18479.0 7620.0 10859.0 0.0 261.7832
11:28:00 585.0 13384.0 265.24 261.61 261.8 261.2 261.62 624.0 261.68 25.0 13384.0 7270.0 6114.0 0.0 261.4272
11:29:00 575.0 10080.0 265.24 261.7 261.99 261.51 261.69 6.0 261.75 25.0 10080.0 5570.0 4510.0 0.0 261.6991
11:30:00 703.0 15192.0 265.24 261.73 261.89 261.5 261.72 145.0 261.82 125.0 15192.0 5908.0 9284.0 0.0 261.724
11:31:00 518.0 12959.0 265.24 261.63 261.86 261.51 261.63 26.0 261.69 26.0 12959.0 8058.0 4901.0 0.0 261.6695
11:32:00 1915.0 49629.0 265.24 261.0 261.75 260.88 260.98 49.0 261.0 3.0 49629.0 11699.0 37930.0 0.0 261.2092
11:33:00 576.0 15893.0 265.24 260.89 261.06 260.75 260.83 25.0 260.94 100.0 15893.0 9418.0 6475.0 0.0 260.8801
11:34:00 597.0 19006.0 265.24 261.01 261.18 260.78 260.95 50.0 261.0 100.0 19006.0 9656.0 9350.0 0.0 260.9619
11:35:00 1580.0 28031.0 265.24 261.67 261.68 260.92 261.64 100.0 261.68 10.0 28031.0 15602.0 12429.0 0.0 261.2656
11:36:00 1118.0 29265.0 265.24 262.05 262.47 261.6 261.99 25.0 262.06 25.0 29265.0 19747.0 9518.0 0.0 262.0037
11:37:00 634.0 17831.0 265.24 262.17 262.31 261.86 262.18 85.0 262.23 100.0 17831.0 9714.0 8117.0 0.0 262.1139
11:38:00 1743.0 62003.0 265.24 263.68 263.75 262.13 263.65 105.0 263.7 180.0 62003.0 49483.0 12520.0 0.0 263.0051
11:39:00 1465.0 31214.0 265.24 263.65 263.71 263.26 263.58 10.0 263.65 25.0 31214.0 12093.0 19121.0 0.0 263.5159
11:40:00 1188.0 37218.0 265.24 263.9 264.27 263.64 263.79 50.0 263.87 325.0 37218.0 20445.0 16773.0 0.0 264.0005
11:41:00 732.0 20020.0 265.24 263.77 264.12 263.7 263.75 500.0 263.78 48.0 20020.0 9740.0 10280.0 0.0 263.8915
11:42:00 632.0 15938.0 265.24 263.67 263.95 263.5 263.63 21.0 263.7 25.0 15938.0 7674.0 8264.0 0.0 263.7439
11:43:00 747.0 21221.0 265.24 263.89 263.95 263.4 263.89 199.0 263.96 18.0 21221.0 14086.0 7135.0 0.0 263.5925
11:44:00 579.0 15348.0 265.24 263.88 264.1 263.66 263.83 474.0 263.9 552.0 15348.0 10609.0 4739.0 0.0 263.8856
11:45:00 413.0 11874.0 265.24 263.76 264.03 263.7 263.7 101.0 263.76 100.0 11874.0 5881.0 5993.0 0.0 263.8491
11:46:00 555.0 15795.0 265.24 263.69 264.1 263.62 263.65 175.0 263.72 225.0 15795.0 10128.0 5667.0 0.0 263.8692
11:47:00 1095.0 24622.0 265.24 263.85 264.39 263.7 263.82 25.0 263.9 25.0 24622.0 14364.0 10258.0 0.0 264.0346
11:48:00 420.0 11644.0 265.24 263.89 264.03 263.76 263.85 189.0 263.92 25.0 11644.0 4662.0 6982.0 0.0 263.8812
11:49:00 635.0 18422.0 265.24 264.26 264.38 263.9 264.23 101.0 264.29 140.0 18422.0 11019.0 7403.0 0.0 264.1153
11:50:00 631.0 14013.0 265.24 264.24 264.43 263.96 264.24 220.0 264.3 176.0 14013.0 6048.0 7965.0 0.0 264.2022
11:51:00 1276.0 49414.0 265.24 264.97 265.08 264.13 264.92 125.0 265.0 245.0 49414.0 38107.0 11307.0 0.0 264.8626
11:52:00 742.0 23720.0 265.24 264.57 265.06 264.54 264.52 100.0 264.58 50.0 23720.0 7865.0 15855.0 0.0 264.8124
11:53:00 540.0 20560.0 265.24 264.58 264.755 264.32 264.54 58.0 264.6 28.0 20560.0 9889.0 10671.0 0.0 264.5098
11:54:00 403.0 8834.0 265.24 264.51 264.8 264.39 264.44 100.0 264.52 151.0 8834.0 3856.0 4978.0 0.0 264.5713
11:55:00 681.0 23365.0 265.24 264.28 264.69 264.06 264.21 125.0 264.28 295.0 23365.0 12119.0 11246.0 0.0 264.3353
11:56:00 919.0 24075.0 265.24 263.9 264.42 263.87 263.87 154.0 263.94 26.0 24075.0 8977.0 15098.0 0.0 264.1775
11:57:00 743.0 16289.0 265.24 264.0 264.08 263.66 263.96 200.0 264.03 25.0 16289.0 9880.0 6409.0 0.0 263.8871
11:58:00 549.0 15524.0 265.24 264.13 264.35 263.91 264.05 288.0 264.14 700.0 15524.0 9468.0 6056.0 0.0 264.1304
11:59:00 244.0 5841.0 265.24 264.069 264.1 263.9 264.01 50.0 264.07 201.0 5841.0 3571.0 2270.0 0.0 264.0079
12:00:00 307.0 7216.0 265.24 264.0 264.18 263.91 263.97 25.0 264.06 225.0 7216.0 3925.0 3291.0 0.0 264.0077
12:01:00 932.0 23053.0 265.24 263.66 264.59 263.51 263.63 25.0 263.68 300.0 23053.0 12558.0 10495.0 0.0 264.1729
12:02:00 1002.0 32970.0 265.24 263.31 263.73 263.17 263.31 29.0 263.41 125.0 32970.0 4921.0 28049.0 0.0 263.5022
12:03:00 420.0 14300.0 265.24 263.33 263.6 263.21 263.31 35.0 263.39 25.0 14300.0 5140.0 9160.0 0.0 263.3708
12:04:00 614.0 15618.0 265.24 262.73 263.41 262.73 262.72 600.0 262.77 34.0 15618.0 2940.0 12678.0 0.0 263.0599
12:05:00 655.0 22248.0 265.24 262.73 263.08 262.64 262.7 25.0 262.79 112.0 22248.0 13928.0 8320.0 0.0 262.8558
12:06:00 443.0 16542.0 265.24 262.74 262.85 262.53 262.66 215.0 262.74 25.0 16542.0 8137.0 8405.0 0.0 262.6746
12:07:00 371.0 10372.0 265.24 262.83 262.84 262.58 262.78 50.0 262.83 14.0 10372.0 6204.0 4168.0 0.0 262.6748
12:08:00 746.0 20091.0 265.24 262.85 263.0 262.72 262.83 644.0 262.9 300.0 20091.0 6895.0 13196.0 0.0 262.8388
12:09:00 480.0 16097.0 265.24 263.03 263.03 262.72 262.98 50.0 263.05 101.0 16097.0 8584.0 7513.0 0.0 262.8837
12:10:00 469.0 11503.0 265.24 263.16 263.46 262.94 263.16 8.0 263.21 202.0 11503.0 7118.0 4385.0 0.0 263.243
12:11:00 481.0 13178.0 265.24 263.45 263.71 263.15 263.39 10.0 263.48 5.0 13178.0 9820.0 3358.0 0.0 263.4296
12:12:00 354.0 9490.0 265.24 262.88 263.48 262.81 262.81 150.0 262.89 201.0 9490.0 2047.0 7443.0 0.0 263.1418
12:13:00 474.0 12453.0 265.24 263.06 263.13 262.76 263.04 300.0 263.1 39.0 12453.0 4086.0 8367.0 0.0 262.8956
12:14:00 413.0 15231.0 265.24 263.47 263.6 262.96 263.45 11.0 263.51 125.0 15231.0 11925.0 3306.0 0.0 263.3109
12:15:00 583.0 15207.0 265.24 263.32 263.57 263.18 263.29 25.0 263.32 359.0 15207.0 8039.0 7168.0 0.0 263.3572
12:16:00 593.0 16739.0 265.24 263.12 263.32 263.12 263.11 25.0 263.15 126.0 16739.0 10445.0 6294.0 0.0 263.2628
12:17:00 587.0 15226.0 265.24 263.04 263.32 263.01 263.01 31.0 263.06 25.0 15226.0 4249.0 10977.0 0.0 263.1088
12:18:00 778.0 36314.0 265.24 263.27 263.32 262.82 263.26 275.0 263.32 743.0 36314.0 23469.0 12845.0 0.0 263.0843
12:19:00 991.0 39428.0 265.24 263.97 264.08 263.19 263.95 10.0 264.03 37.0 39428.0 33105.0 6323.0 0.0 263.5522
12:20:00 540.0 17039.0 265.24 263.69 264.04 263.6 263.63 225.0 263.7 200.0 17039.0 4458.0 12581.0 0.0 263.7442
12:21:00 255.0 7593.0 265.24 263.71 263.94 263.68 263.67 40.0 263.72 4.0 7593.0 3338.0 4255.0 0.0 263.799
12:22:00 366.0 9892.0 265.24 263.84 263.9 263.58 263.78 125.0 263.85 25.0 9892.0 5603.0 4289.0 0.0 263.7462
12:23:00 331.0 9463.0 265.24 263.86 263.9 263.62 263.82 102.0 263.87 78.0 9463.0 6098.0 3365.0 0.0 263.7967
12:24:00 521.0 12296.0 265.24 263.21 263.9 263.16 263.19 25.0 263.25 32.0 12296.0 3266.0 9030.0 0.0 263.4862
12:25:00 1108.0 40143.0 265.24 262.64 263.31 262.32 262.64 293.0 262.7 26.0 40143.0 7872.0 32271.0 0.0 262.7135
12:26:00 702.0 20852.0 265.24 262.49 262.77 262.47 262.5 2.0 262.54 25.0 20852.0 5624.0 15228.0 0.0 262.5635
12:27:00 467.0 12575.0 265.24 262.3 262.53 262.15 262.23 1.0 262.31 344.0 12575.0 3283.0 9292.0 0.0 262.3163
12:28:00 481.0 12277.0 265.24 262.31 262.5 262.11 262.27 30.0 262.33 500.0 12277.0 7079.0 5198.0 0.0 262.2921
12:29:00 944.0 36774.0 265.24 262.07 262.28 261.84 262.03 152.0 262.1 307.0 36774.0 15662.0 21112.0 0.0 262.0721
12:30:00 538.0 18195.0 265.24 262.03 262.18 261.92 262.02 40.0 262.07 200.0 18195.0 12707.0 5488.0 0.0 262.0321
12:31:00 490.0 17847.0 265.24 261.71 262.02 261.61 261.67 67.0 261.74 383.0 17847.0 6210.0 11637.0 0.0 261.8125
12:32:00 513.0 14856.0 265.24 261.63 261.83 261.38 261.61 135.0 261.67 25.0 14856.0 5789.0 9067.0 0.0 261.5873
12:33:00 395.0 9243.0 265.24 261.31 261.69 261.26 261.27 200.0 261.35 25.0 9243.0 2505.0 6738.0 0.0 261.4805
12:34:00 458.0 11068.0 265.24 261.36 261.53 261.25 261.32 500.0 261.41 161.0 11068.0 5789.0 5279.0 0.0 261.3887
12:35:00 685.0 14191.0 265.24 261.6 261.6 261.2 261.52 1.0 261.6 23.0 14191.0 9861.0 4330.0 0.0 261.3478
12:36:00 505.0 22686.0 265.24 261.13 261.551 261.09 261.09 141.0 261.14 201.0 22686.0 4119.0 18567.0 0.0 261.3063
12:37:00 951.0 23795.0 265.24 261.07 261.14 261.0 261.05 60.0 261.09 2.0 23795.0 5072.0 18723.0 0.0 261.0276
12:38:00 697.0 31781.0 265.24 260.87 261.09 260.81 260.82 30.0 260.87 48.0 31781.0 10695.0 21086.0 0.0 260.9785
12:39:00 655.0 16784.0 265.24 260.795 261.09 260.75 260.79 38.0 260.83 50.0 16784.0 8262.0 8522.0 0.0 260.8671
12:40:00 551.0 16115.0 265.24 261.03 261.14 260.7 260.99 200.0 261.04 1.0 16115.0 9095.0 7020.0 0.0 260.9169
12:41:00 486.0 11267.0 265.24 261.2 261.32 261.0 261.17 11.0 261.21 57.0 11267.0 6271.0 4996.0 0.0 261.1875
12:42:00 744.0 22920.0 265.24 261.58 261.68 261.11 261.55 26.0 261.59 120.0 22920.0 11300.0 11620.0 0.0 261.4387
12:43:00 352.0 7224.0 265.24 261.48 261.59 261.4 261.48 1.0 261.51 375.0 7224.0 2524.0 4700.0 0.0 261.4601
12:44:00 372.0 7740.0 265.24 261.38 261.55 261.3 261.34 178.0 261.38 209.0 7740.0 3699.0 4041.0 0.0 261.4543
12:45:00 356.0 8799.0 265.24 261.2 261.4 261.16 261.17 50.0 261.24 50.0 8799.0 4365.0 4434.0 0.0 261.2703
12:46:00 731.0 17969.0 265.24 261.54 261.69 261.13 261.53 655.0 261.59 420.0 17969.0 13773.0 4196.0 0.0 261.4188
12:47:00 390.0 12702.0 265.24 261.11 261.55 261.09 261.11 50.0 261.17 207.0 12702.0 2656.0 10046.0 0.0 261.3064
12:48:00 1269.0 35443.0 265.24 260.83 261.13 260.7 260.82 39.0 260.88 103.0 35443.0 10935.0 24508.0 0.0 260.8738
12:49:00 1142.0 35527.0 265.24 260.85 260.93 260.47 260.83 129.0 260.87 100.0 35527.0 9434.0 26093.0 0.0 260.6483
12:50:00 454.0 11100.0 265.24 261.055 261.32 260.75 261.05 1.0 261.09 200.0 11100.0 5859.0 5241.0 0.0 261.0733
12:51:00 378.0 9723.0 265.24 261.05 261.18 260.78 261.05 54.0 261.09 200.0 9723.0 4646.0 5077.0 0.0 260.9605
12:52:00 468.0 19162.0 265.24 261.45 261.5 261.04 261.44 61.0 261.48 56.0 19162.0 9010.0 10152.0 0.0 261.3041
12:53:00 398.0 7968.0 265.24 261.16 261.45 261.13 261.14 50.0 261.19 1.0 7968.0 2738.0 5230.0 0.0 261.288
12:54:00 589.0 13119.0 265.24 260.82 261.2 260.8 260.81 100.0 260.86 25.0 13119.0 4378.0 8741.0 0.0 261.0147
12:55:00 491.0 14173.0 265.24 261.015 261.05 260.77 260.98 271.0 261.04 21.0 14173.0 4839.0 9334.0 0.0 260.8593
12:56:00 486.0 11309.0 265.24 261.03 261.11 260.78 260.98 101.0 261.04 17.0 11309.0 4546.0 6763.0 0.0 260.9028
12:57:00 565.0 12969.0 265.24 261.13 261.34 260.98 261.11 150.0 261.16 500.0 12969.0 8037.0 4932.0 0.0 261.1837
12:58:00 860.0 26036.0 265.24 260.64 261.23 260.64 260.63 111.0 260.67 100.0 26036.0 9837.0 16199.0 0.0 260.9198
12:59:00 915.0 30088.0 265.24 260.54 260.83 260.52 260.53 11.0 260.57 50.0 30088.0 17633.0 12455.0 0.0 260.6751
13:00:00 847.0 29255.0 265.24 260.52 260.61 260.38 260.51 194.0 260.55 900.0 29255.0 17019.0 12236.0 0.0 260.484
13:01:00 951.0 35629.0 265.24 260.21 260.58 260.15 260.2 160.0 260.27 111.0 35629.0 17301.0 18328.0 0.0 260.3493
13:02:00 1004.0 38186.0 265.24 260.04 260.26 260.04 260.04 237.0 260.07 50.0 38186.0 17229.0 20957.0 0.0 260.1544
13:03:00 6785.0 174850.0 265.24 259.86 260.1 259.8 259.84 134.0 259.87 350.0 174850.0 29821.0 145029.0 0.0 259.992
13:04:00 1004.0 38000.0 265.24 260.65 260.65 259.79 260.56 501.0 260.65 87.0 38000.0 25222.0 12778.0 0.0 260.0249
13:05:00 613.0 15585.0 265.24 260.32 260.72 260.28 260.3 19.0 260.35 295.0 15585.0 5190.0 10395.0 0.0 260.4801
13:06:00 594.0 11554.0 265.24 259.97 260.34 259.95 259.97 61.0 260.03 198.0 11554.0 4513.0 7041.0 0.0 260.1294
13:07:00 1401.0 27206.0 265.24 259.7 260.0 259.63 259.69 10.0 259.72 111.0 27206.0 9122.0 18084.0 0.0 259.7883
13:08:00 758.0 17038.0 265.24 260.36 260.36 259.66 260.33 277.0 260.37 14.0 17038.0 12607.0 4431.0 0.0 260.0516
13:09:00 372.0 8865.0 265.24 260.25 260.41 260.18 260.21 1.0 260.29 252.0 8865.0 4287.0 4578.0 0.0 260.3138
13:10:00 720.0 19036.0 265.24 260.51 260.69 260.16 260.49 307.0 260.53 89.0 19036.0 14042.0 4994.0 0.0 260.4536
13:11:00 909.0 28380.0 265.24 260.47 260.88 260.33 260.46 50.0 260.5 601.0 28380.0 16815.0 11565.0 0.0 260.6067
13:12:00 1007.0 18815.0 265.24 260.24 260.74 260.135 260.2 252.0 260.31 450.0 18815.0 6667.0 12148.0 0.0 260.4299
13:13:00 1180.0 35598.0 265.24 259.99 260.24 259.93 259.94 1074.0 260.02 50.0 35598.0 13361.0 22237.0 0.0 260.03
13:14:00 896.0 22333.0 265.24 260.17 260.17 259.74 260.14 100.0 260.2 366.0 22333.0 12238.0 10095.0 0.0 259.9324
13:15:00 934.0 28285.0 265.24 260.44 260.7 260.14 260.41 50.0 260.45 150.0 28285.0 16935.0 11350.0 0.0 260.5062
13:16:00 538.0 11127.0 265.24 260.32 260.53 260.13 260.3 100.0 260.35 225.0 11127.0 5303.0 5824.0 0.0 260.3153
13:17:00 590.0 22550.0 265.24 260.1 260.42 260.09 260.08 10.0 260.11 101.0 22550.0 8202.0 14348.0 0.0 260.2317
13:18:00 624.0 18961.0 265.24 260.36 260.52 260.05 260.34 223.0 260.36 200.0 18961.0 13692.0 5269.0 0.0 260.3211
13:19:00 1594.0 63058.0 265.24 259.81 260.36 259.78 259.78 100.0 259.84 301.0 63058.0 31423.0 31635.0 0.0 260.0159
13:20:00 704.0 19454.0 265.24 259.71 260.0 259.66 259.68 238.0 259.73 168.0 19454.0 9143.0 10311.0 0.0 259.8108
13:21:00 1687.0 47481.0 265.24 259.4 259.74 259.29 259.36 41.0 259.44 200.0 47481.0 15217.0 32264.0 0.0 259.4845
13:22:00 948.0 33336.0 265.24 259.2 259.46 259.12 259.16 127.0 259.21 236.0 33336.0 14823.0 18513.0 0.0 259.232
13:23:00 555.0 16168.0 265.24 259.33 259.5 259.14 259.31 51.0 259.4 100.0 16168.0 10780.0 5388.0 0.0 259.3385
13:24:00 498.0 19084.0 265.24 259.47 259.6 259.25 259.42 24.0 259.46 100.0 19084.0 11965.0 7119.0 0.0 259.4113
13:25:00 431.0 8247.0 265.24 259.44 259.56 259.4 259.42 1.0 259.47 197.0 8247.0 3859.0 4388.0 0.0 259.4769
13:26:00 690.0 18153.0 265.24 259.4 259.62 259.32 259.38 529.0 259.44 6.0 18153.0 8797.0 9356.0 0.0 259.4733
13:27:00 920.0 25056.0 265.24 259.58 259.6 259.32 259.58 50.0 259.62 5.0 25056.0 15472.0 9584.0 0.0 259.4776
13:28:00 664.0 22562.0 265.24 259.93 260.02 259.61 259.91 22.0 259.95 78.0 22562.0 15621.0 6941.0 0.0 259.8871
13:29:00 567.0 19426.0 265.24 259.445 259.91 259.41 259.42 534.0 259.47 197.0 19426.0 5566.0 13860.0 0.0 259.577
13:30:00 898.0 32002.0 265.24 260.21 260.29 259.445 260.14 50.0 260.21 550.0 32002.0 23954.0 8048.0 0.0 259.9324
13:31:00 521.0 16310.0 265.24 260.29 260.41 260.04 260.29 50.0 260.34 108.0 16310.0 10265.0 6045.0 0.0 260.1993
13:32:00 524.0 16696.0 265.24 259.96 260.37 259.89 259.92 131.0 259.97 100.0 16696.0 6758.0 9938.0 0.0 260.1227
13:33:00 443.0 21116.0 265.24 259.95 260.16 259.77 259.9 218.0 259.95 55.0 21116.0 13182.0 7934.0 0.0 259.9051
13:34:00 711.0 25596.0 265.24 260.22 260.41 259.83 260.2 114.0 260.27 150.0 25596.0 11077.0 14519.0 0.0 260.1333
13:35:00 489.0 11295.0 265.24 260.37 260.41 260.09 260.35 49.0 260.38 100.0 11295.0 6249.0 5046.0 0.0 260.2954
13:36:00 990.0 28121.0 265.24 260.6 260.85 260.3 260.58 10.0 260.62 26.0 28121.0 18120.0 10001.0 0.0 260.6316
13:37:00 459.0 14645.0 265.24 260.46 260.68 260.4 260.4 104.0 260.47 401.0 14645.0 7222.0 7423.0 0.0 260.5515
13:38:00 640.0 22664.0 265.24 260.24 260.46 260.02 260.19 200.0 260.25 150.0 22664.0 7471.0 15193.0 0.0 260.1841
13:39:00 376.0 11324.0 265.24 260.21 260.42 260.14 260.2 74.0 260.25 50.0 11324.0 7009.0 4315.0 0.0 260.2544
13:40:00 596.0 20285.0 265.24 260.6 260.7 260.23 260.58 400.0 260.62 19.0 20285.0 10771.0 9514.0 0.0 260.5241
13:41:00 842.0 31227.0 265.24 260.82 261.12 260.52 260.78 158.0 260.83 115.0 31227.0 17105.0 14122.0 0.0 260.9315
13:42:00 370.0 10747.0 265.24 260.71 260.82 260.65 260.7 237.0 260.75 707.0 10747.0 4519.0 6228.0 0.0 260.7364
13:43:00 379.0 14002.0 265.24 260.75 260.84 260.6 260.72 50.0 260.75 75.0 14002.0 8759.0 5243.0 0.0 260.7563
13:44:00 847.0 31303.0 265.24 260.91 261.3 260.62 260.9 120.0 260.94 100.0 31303.0 17259.0 14044.0 0.0 260.9814
13:45:00 335.0 6444.0 265.24 260.89 260.95 260.77 260.82 179.0 260.9 22.0 6444.0 2676.0 3768.0 0.0 260.8616
13:46:00 374.0 9167.0 265.24 260.84 260.93 260.68 260.78 138.0 260.86 25.0 9167.0 3134.0 6033.0 0.0 260.7956
13:47:00 468.0 18979.0 265.24 260.93 261.03 260.8 260.92 101.0 260.96 56.0 18979.0 15553.0 3426.0 0.0 260.9451
13:48:00 940.0 26347.0 265.24 260.37 260.98 260.06 260.37 261.0 260.42 25.0 26347.0 6304.0 20043.0 0.0 260.5061
13:49:00 925.0 24302.0 265.24 260.21 260.4 260.0 260.2 200.0 260.25 2.0 24302.0 6616.0 17686.0 0.0 260.1308
13:50:00 864.0 17459.0 265.24 259.94 260.3 259.75 259.93 300.0 259.98 32.0 17459.0 4738.0 12721.0 0.0 259.9972
13:51:00 570.0 15178.0 265.24 259.98 260.02 259.8 259.99 100.0 260.02 101.0 15178.0 8484.0 6694.0 0.0 259.9321
13:52:00 1040.0 22053.0 265.24 259.66 260.26 259.62 259.65 8.0 259.69 34.0 22053.0 6965.0 15088.0 0.0 259.9528
13:53:00 1411.0 34407.0 265.24 259.45 259.72 259.04 259.41 25.0 259.47 248.0 34407.0 7470.0 26937.0 0.0 259.3222
13:54:00 463.0 13806.0 265.24 259.53 259.66 259.25 259.53 96.0 259.58 280.0 13806.0 5012.0 8794.0 0.0 259.4076
13:55:00 365.0 19478.0 265.24 259.51 259.67 259.35 259.5 50.0 259.54 1.0 19478.0 6945.0 12533.0 0.0 259.5202
13:56:00 374.0 14550.0 265.24 259.6 259.8 259.43 259.62 25.0 259.67 150.0 14550.0 7720.0 6830.0 0.0 259.57
13:57:00 410.0 10558.0 265.24 259.5 259.67 259.42 259.47 50.0 259.53 199.0 10558.0 5299.0 5259.0 0.0 259.5666
13:58:00 570.0 16939.0 265.24 260.11 260.2 259.44 260.11 210.0 260.17 25.0 16939.0 12973.0 3966.0 0.0 259.8191
13:59:00 566.0 17729.0 265.24 260.33 260.44 260.12 260.29 294.0 260.38 201.0 17729.0 12059.0 5670.0 0.0 260.2903
14:00:00 586.0 12469.0 265.24 260.34 260.67 260.2 260.34 1.0 260.39 1.0 12469.0 7585.0 4884.0 0.0 260.4377
14:01:00 417.0 12485.0 265.24 260.64 260.8 260.25 260.6 101.0 260.66 100.0 12485.0 6658.0 5827.0 0.0 260.624
14:02:00 659.0 38168.0 265.24 260.98 261.1 260.57 260.93 531.0 261.0 10.0 38168.0 28742.0 9426.0 0.0 260.8718
14:03:00 309.0 8192.0 265.24 260.93 261.0 260.73 260.89 250.0 260.97 75.0 8192.0 3841.0 4351.0 0.0 260.8461
14:04:00 427.0 10894.0 265.24 260.6 261.0 260.56 260.57 101.0 260.62 12.0 10894.0 3192.0 7702.0 0.0 260.7445
14:05:00 619.0 16160.0 265.24 260.46 260.69 260.36 260.39 230.0 260.48 100.0 16160.0 6321.0 9839.0 0.0 260.5302
14:06:00 571.0 19457.0 265.24 260.85 260.87 260.45 260.8 50.0 260.87 50.0 19457.0 10218.0 9239.0 0.0 260.7334
14:07:00 426.0 11539.0 265.24 260.61 260.88 260.54 260.59 76.0 260.66 50.0 11539.0 3139.0 8400.0 0.0 260.6575
14:08:00 275.0 6749.0 265.24 260.68 260.82 260.57 260.68 1.0 260.74 50.0 6749.0 3944.0 2805.0 0.0 260.674
14:09:00 684.0 25080.0 265.24 260.62 260.69 260.32 260.55 60.0 260.63 300.0 25080.0 12075.0 13005.0 0.0 260.5212
14:10:00 307.0 7560.0 265.24 260.57 260.78 260.47 260.55 125.0 260.6 408.0 7560.0 4074.0 3486.0 0.0 260.6081
14:11:00 372.0 8240.0 265.24 260.79 260.79 260.43 260.75 105.0 260.8 511.0 8240.0 3846.0 4394.0 0.0 260.5629
14:12:00 541.0 17500.0 265.24 260.22 260.88 260.15 260.2 127.0 260.26 200.0 17500.0 5306.0 12194.0 0.0 260.5894
14:13:00 982.0 22528.0 265.24 260.14 260.46 259.85 260.08 45.0 260.15 300.0 22528.0 3785.0 18743.0 0.0 260.1143
14:14:00 404.0 8655.0 265.24 260.23 260.31 260.1 260.15 1.0 260.21 6.0 8655.0 5491.0 3164.0 0.0 260.1928
14:15:00 345.0 8015.0 265.24 260.15 260.43 260.08 260.15 200.0 260.21 25.0 8015.0 4470.0 3545.0 0.0 260.2185
14:16:00 261.0 5578.0 265.24 260.3 260.37 260.12 260.27 32.0 260.34 151.0 5578.0 3349.0 2229.0 0.0 260.263
14:17:00 389.0 8426.0 265.24 260.24 260.39 260.11 260.22 1.0 260.27 150.0 8426.0 4954.0 3472.0 0.0 260.2788
14:18:00 525.0 12580.0 265.24 260.07 260.22 259.94 260.03 101.0 260.09 405.0 12580.0 4156.0 8424.0 0.0 260.0632
14:19:00 309.0 9047.0 265.24 260.05 260.16 259.97 260.03 618.0 260.07 3.0 9047.0 5176.0 3871.0 0.0 260.0691
14:20:00 598.0 25523.0 265.24 260.97 260.97 260.05 260.91 762.0 260.97 90.0 25523.0 21974.0 3549.0 0.0 260.5365
14:21:00 355.0 14995.0 265.24 260.71 260.97 260.57 260.66 28.0 260.72 535.0 14995.0 7633.0 7362.0 0.0 260.7657
14:22:00 374.0 13591.0 265.24 260.58 260.81 260.51 260.54 102.0 260.6 175.0 13591.0 3990.0 9601.0 0.0 260.6877
14:23:00 713.0 18147.0 265.24 260.01 260.61 259.93 260.0 409.0 260.05 100.0 18147.0 5123.0 13024.0 0.0 260.1312
14:24:00 453.0 14523.0 265.24 260.19 260.19 259.8 260.15 150.0 260.2 1.0 14523.0 6872.0 7651.0 0.0 259.9533
14:25:00 440.0 16549.0 265.24 259.75 260.23 259.68 259.73 50.0 259.78 185.0 16549.0 2558.0 13991.0 0.0 259.8458
14:26:00 944.0 23663.0 265.24 259.5 259.83 259.41 259.51 732.0 259.55 1.0 23663.0 7903.0 15760.0 0.0 259.6273
14:27:00 488.0 16287.0 265.24 259.8 259.9 259.44 259.74 1.0 259.8 100.0 16287.0 11327.0 4960.0 0.0 259.7205
14:28:00 354.0 7621.0 265.24 259.84 260.0 259.67 259.82 127.0 259.88 29.0 7621.0 4850.0 2771.0 0.0 259.8166
14:29:00 387.0 11072.0 265.24 260.12 260.12 259.8 260.08 227.0 260.12 494.0 11072.0 6499.0 4573.0 0.0 259.9486
14:30:00 458.0 7694.0 265.24 259.92 260.16 259.9 259.91 24.0 259.97 25.0 7694.0 2925.0 4769.0 0.0 260.0156
14:31:00 524.0 12391.0 265.24 260.45 260.6 259.91 260.46 5.0 260.52 315.0 12391.0 8889.0 3502.0 0.0 260.3936
14:32:00 1005.0 36576.0 265.24 260.84 261.17 260.49 260.84 16.0 260.9 150.0 36576.0 26276.0 10300.0 0.0 260.8659
14:33:00 526.0 19810.0 265.24 260.8 261.0 260.66 260.79 125.0 260.84 100.0 19810.0 10310.0 9500.0 0.0 260.7984
14:34:00 757.0 24597.0 265.24 260.68 261.21 260.65 260.65 225.0 260.71 25.0 24597.0 15246.0 9351.0 0.0 260.9566
14:35:00 437.0 15186.0 265.24 260.59 260.73 260.42 260.58 200.0 260.61 100.0 15186.0 3432.0 11754.0 0.0 260.6043
14:36:00 323.0 8219.0 265.24 260.62 260.75 260.5 260.56 25.0 260.67 400.0 8219.0 3576.0 4643.0 0.0 260.633
14:37:00 319.0 9607.0 265.24 260.73 260.89 260.52 260.7 500.0 260.75 310.0 9607.0 5446.0 4161.0 0.0 260.6635
14:38:00 485.0 13530.0 265.24 260.96 261.23 260.7 260.95 225.0 261.03 25.0 13530.0 9289.0 4241.0 0.0 260.9184
14:39:00 306.0 8772.0 265.24 261.08 261.15 260.87 261.05 225.0 261.12 199.0 8772.0 5950.0 2822.0 0.0 260.9837
14:40:00 646.0 19012.0 265.24 261.24 261.39 261.05 261.22 460.0 261.28 6.0 19012.0 12017.0 6995.0 0.0 261.235
14:41:00 366.0 14322.0 265.24 261.12 261.32 261.09 261.07 125.0 261.13 188.0 14322.0 4402.0 9920.0 0.0 261.1768
14:42:00 328.0 12656.0 265.24 261.21 261.34 261.1 261.2 200.0 261.24 25.0 12656.0 5081.0 7575.0 0.0 261.2202
14:43:00 667.0 18018.0 265.24 260.93 261.37 260.85 260.92 510.0 260.98 100.0 18018.0 9227.0 8791.0 0.0 261.1025
14:44:00 406.0 14594.0 265.24 261.27 261.29 260.84 261.27 17.0 261.3 59.0 14594.0 8169.0 6425.0 0.0 261.0551
14:45:00 419.0 8878.0 265.24 260.94 261.27 260.89 260.89 272.0 260.94 16.0 8878.0 3412.0 5466.0 0.0 261.0834
14:46:00 584.0 15513.0 265.24 260.96 261.16 260.74 260.95 10.0 261.02 66.0 15513.0 5576.0 9937.0 0.0 260.9401
14:47:00 458.0 15424.0 265.24 260.94 261.18 260.91 260.93 81.0 260.98 418.0 15424.0 9725.0 5699.0 0.0 261.0665
14:48:00 1059.0 30710.0 265.24 261.32 261.42 260.96 261.31 300.0 261.33 25.0 30710.0 23248.0 7462.0 0.0 261.2444
14:49:00 537.0 17202.0 265.24 261.1 261.33 261.0 261.09 299.0 261.13 103.0 17202.0 9952.0 7250.0 0.0 261.1708
14:50:00 854.0 33110.0 265.24 261.66 261.8 261.1 261.62 351.0 261.67 303.0 33110.0 27434.0 5676.0 0.0 261.4625
14:51:00 520.0 21621.0 265.24 261.7 261.84 261.62 261.7 312.0 261.74 910.0 21621.0 15489.0 6132.0 0.0 261.7337
14:52:00 602.0 20344.0 265.24 261.84 261.97 261.72 261.84 100.0 261.87 1.0 20344.0 12069.0 8275.0 0.0 261.8557
14:53:00 445.0 13381.0 265.24 261.81 261.91 261.74 261.8 400.0 261.84 19.0 13381.0 5785.0 7596.0 0.0 261.8284
14:54:00 300.0 9433.0 265.24 261.83 261.9 261.78 261.81 211.0 261.84 5.0 9433.0 5159.0 4274.0 0.0 261.859
14:55:00 392.0 17011.0 265.24 261.84 261.86 261.64 261.82 335.0 261.87 326.0 17011.0 6314.0 10697.0 0.0 261.7359
14:56:00 992.0 34702.0 265.24 261.96 262.13 261.75 261.95 82.0 261.97 53.0 34702.0 25216.0 9486.0 0.0 261.9484
14:57:00 925.0 38887.0 265.24 262.01 262.13 261.94 262.0 405.0 262.05 203.0 38887.0 24567.0 14320.0 0.0 262.0288
14:58:00 619.0 21559.0 265.24 262.02 262.16 261.9 261.99 100.0 262.03 100.0 21559.0 9262.0 12297.0 0.0 262.0445
14:59:00 810.0 30933.0 265.24 261.8 262.13 261.68 261.7 24.0 261.8 1.0 30933.0 15505.0 15428.0 0.0 261.8889
15:00:00 788.0 27962.0 265.24 261.42 261.81 261.4 261.42 50.0 261.47 50.0 27962.0 8927.0 19035.0 0.0 261.5837
15:01:00 1021.0 31156.0 265.24 261.06 261.59 260.75 261.03 77.0 261.08 31.0 31156.0 15577.0 15579.0 0.0 261.0788
15:02:00 508.0 20503.0 265.24 260.92 261.09 260.73 260.9 151.0 260.96 150.0 20503.0 5944.0 14559.0 0.0 260.937
15:03:00 865.0 22916.0 265.24 261.38 261.4 260.86 261.38 50.0 261.43 213.0 22916.0 13244.0 9672.0 0.0 261.1593
15:04:00 1112.0 27545.0 265.24 260.8 261.5 260.72 260.76 26.0 260.83 733.0 27545.0 8491.0 19054.0 0.0 261.0667
15:05:00 648.0 19057.0 265.24 260.76 260.81 260.49 260.73 6.0 260.79 258.0 19057.0 6923.0 12134.0 0.0 260.6516
15:06:00 853.0 24518.0 265.24 260.77 260.94 260.47 260.71 985.0 260.78 250.0 24518.0 8544.0 15974.0 0.0 260.6866
15:07:00 536.0 15473.0 265.24 260.98 260.99 260.7 260.95 105.0 260.99 307.0 15473.0 7913.0 7560.0 0.0 260.8893
15:08:00 572.0 17673.0 265.24 261.06 261.34 260.88 261.05 301.0 261.11 250.0 17673.0 9112.0 8561.0 0.0 261.1129
15:09:00 459.0 11789.0 265.24 260.85 261.11 260.77 260.82 250.0 260.88 361.0 11789.0 3937.0 7852.0 0.0 260.9113
15:10:00 562.0 14228.0 265.24 260.47 260.91 260.44 260.47 100.0 260.51 75.0 14228.0 6025.0 8203.0 0.0 260.5725
15:11:00 569.0 15866.0 265.24 260.7 260.8 260.3 260.67 100.0 260.73 101.0 15866.0 6185.0 9681.0 0.0 260.532
15:12:00 397.0 10842.0 265.24 260.77 260.88 260.64 260.77 159.0 260.82 420.0 10842.0 6360.0 4482.0 0.0 260.7688
15:13:00 364.0 10306.0 265.24 260.85 260.96 260.7 260.82 50.0 260.87 95.0 10306.0 5677.0 4629.0 0.0 260.8686
15:14:00 453.0 17057.0 265.24 260.69 260.93 260.6 260.68 50.0 260.73 262.0 17057.0 12536.0 4521.0 0.0 260.7235
15:15:00 745.0 22870.0 265.24 260.25 260.7 260.16 260.22 248.0 260.25 32.0 22870.0 6453.0 16417.0 0.0 260.4504
15:16:00 2773.0 81272.0 265.24 259.71 260.26 259.48 259.66 200.0 259.71 50.0 81272.0 17243.0 64029.0 0.0 259.7887
15:17:00 813.0 20327.0 265.24 259.6 259.84 259.54 259.57 196.0 259.61 5.0 20327.0 9746.0 10581.0 0.0 259.736
15:18:00 1106.0 28797.0 265.24 259.77 259.79 259.36 259.76 157.0 259.79 83.0 28797.0 15166.0 13631.0 0.0 259.5932
15:19:00 662.0 15795.0 265.24 259.77 259.83 259.5 259.77 288.0 259.81 150.0 15795.0 8388.0 7407.0 0.0 259.6388
15:20:00 603.0 19017.0 265.24 259.69 259.85 259.47 259.68 22.0 259.72 100.0 19017.0 8252.0 10765.0 0.0 259.6116
15:21:00 728.0 19879.0 265.24 259.83 259.85 259.53 259.79 450.0 259.83 1.0 19879.0 7458.0 12421.0 0.0 259.6949
15:22:00 638.0 20608.0 265.24 259.76 259.98 259.7 259.73 212.0 259.79 8.0 20608.0 7364.0 13244.0 0.0 259.804
15:23:00 460.0 11127.0 265.24 259.95 259.99 259.69 259.92 129.0 259.95 35.0 11127.0 4757.0 6370.0 0.0 259.8732
15:24:00 756.0 22746.0 265.24 260.22 260.29 259.91 260.2 1.0 260.25 186.0 22746.0 14522.0 8224.0 0.0 260.1028
15:25:00 555.0 15907.0 265.24 259.96 260.2 259.87 259.96 100.0 260.0 45.0 15907.0 6260.0 9647.0 0.0 259.9928
15:26:00 706.0 21184.0 265.24 260.02 260.22 259.76 260.0 442.0 260.05 159.0 21184.0 10385.0 10799.0 0.0 259.9843
15:27:00 848.0 21334.0 265.24 260.06 260.06 259.7 260.02 152.0 260.07 100.0 21334.0 10896.0 10438.0 0.0 259.8656
15:28:00 552.0 22780.0 265.24 260.08 260.25 260.0 260.06 145.0 260.09 40.0 22780.0 17353.0 5427.0 0.0 260.1644
15:29:00 534.0 12489.0 265.24 259.86 260.14 259.76 259.85 5.0 259.89 200.0 12489.0 4901.0 7588.0 0.0 259.9487
15:30:00 658.0 24400.0 265.24 260.02 260.06 259.77 259.98 235.0 260.04 100.0 24400.0 11516.0 12884.0 0.0 259.8936
15:31:00 925.0 21086.0 265.24 259.67 260.03 259.46 259.66 160.0 259.7 7.0 21086.0 7651.0 13435.0 0.0 259.6237
15:32:00 535.0 12696.0 265.24 259.61 259.86 259.55 259.6 50.0 259.64 59.0 12696.0 6879.0 5817.0 0.0 259.6635
15:33:00 887.0 25397.0 265.24 259.43 259.81 259.33 259.41 101.0 259.47 111.0 25397.0 10651.0 14746.0 0.0 259.4948
15:34:00 514.0 15806.0 265.24 259.6 259.69 259.37 259.56 13.0 259.61 200.0 15806.0 9287.0 6519.0 0.0 259.554
15:35:00 1405.0 26158.0 265.24 259.01 259.62 259.01 259.01 262.0 259.06 1525.0 26158.0 6817.0 19341.0 0.0 259.2715
15:36:00 4098.0 77406.0 265.24 259.23 259.38 258.915 259.23 62.0 259.26 50.0 77406.0 16956.0 60450.0 0.0 259.0378
15:37:00 1809.0 41290.0 265.24 258.84 259.51 258.78 258.82 50.0 258.87 336.0 41290.0 12080.0 29210.0 0.0 259.0663
15:38:00 1251.0 30179.0 265.24 258.55 259.05 258.55 258.57 15.0 258.6 163.0 30179.0 11157.0 19022.0 0.0 258.7901
15:39:00 1973.0 43860.0 265.24 258.55 258.6 258.32 258.53 106.0 258.57 300.0 43860.0 16260.0 27600.0 0.0 258.464
15:40:00 830.0 20093.0 265.24 258.49 258.62 258.41 258.47 103.0 258.51 8.0 20093.0 7147.0 12946.0 0.0 258.5011
15:41:00 1047.0 24450.0 265.24 258.53 258.57 258.39 258.53 10.0 258.56 114.0 24450.0 9365.0 15085.0 0.0 258.4942
15:42:00 1661.0 47764.0 265.24 258.5 258.64 258.18 258.5 579.0 258.54 250.0 47764.0 16377.0 31387.0 0.0 258.4463
15:43:00 1029.0 36937.0 265.24 258.22 258.52 258.18 258.19 165.0 258.22 150.0 36937.0 12746.0 24191.0 0.0 258.3403
15:44:00 5989.0 115032.0 265.24 258.1 258.38 257.69 258.06 50.0 258.13 100.0 115032.0 25694.0 89338.0 0.0 257.9915
15:45:00 1134.0 35275.0 265.24 258.11 258.23 257.97 258.07 276.0 258.1 38.0 35275.0 19411.0 15864.0 0.0 258.1178
15:46:00 1769.0 48175.0 265.24 258.66 258.69 258.04 258.65 450.0 258.7 310.0 48175.0 27401.0 20774.0 0.0 258.4724
15:47:00 1453.0 35016.0 265.24 258.62 258.71 258.52 258.64 1.0 258.67 849.0 35016.0 13456.0 21560.0 0.0 258.5993
15:48:00 1298.0 32218.0 265.24 258.67 258.82 258.38 258.66 151.0 258.68 157.0 32218.0 16248.0 15970.0 0.0 258.6009
15:49:00 1069.0 26228.0 265.24 258.68 258.83 258.52 258.67 206.0 258.71 101.0 26228.0 15715.0 10513.0 0.0 258.6791
15:50:00 1438.0 36203.0 265.24 259.0 259.186 258.64 258.95 50.0 259.01 50.0 36203.0 22809.0 13394.0 0.0 258.9617
15:51:00 2750.0 54772.0 265.24 259.43 259.8 258.7 259.41 133.0 259.48 220.0 54772.0 29495.0 25277.0 0.0 259.2998
15:52:00 1658.0 41303.0 265.24 259.43 259.6 259.05 259.4 54.0 259.53 201.0 41303.0 21316.0 19987.0 0.0 259.4064
15:53:00 1466.0 36938.0 265.24 259.32 259.65 259.25 259.31 10.0 259.36 3.0 36938.0 15920.0 21018.0 0.0 259.4079
15:54:00 1397.0 31560.0 265.24 259.0 259.44 258.92 259.0 200.0 259.07 113.0 31560.0 13337.0 18223.0 0.0 259.2106
15:55:00 2530.0 53552.0 265.24 258.52 259.17 258.42 258.5 21.0 258.63 85.0 53552.0 21926.0 31626.0 0.0 258.8306
15:56:00 3037.0 94382.0 265.24 259.21 259.24 258.3 259.2 182.0 259.25 9.0 94382.0 51238.0 43144.0 0.0 258.7641
15:57:00 2429.0 50389.0 265.24 259.02 259.5 258.9 259.0 107.0 259.04 50.0 50389.0 26455.0 23934.0 0.0 259.2154
15:58:00 1901.0 46594.0 265.24 259.25 259.3 258.86 259.2 152.0 259.26 2.0 46594.0 30126.0 16468.0 0.0 259.1082
15:59:00 2760.0 78124.0 265.24 258.93 259.31 258.66 258.88 119.0 258.95 273.0 78124.0 35239.0 42885.0 0.0 259.0776
16:00:00 5808.0 202503.0 265.24 258.97 259.18 258.29 258.97 31272.0 259.03 3500.0 202503.0 130172.0 72331.0 0.0 258.7581
16:01:00 109.0 2566.0 265.24 259.18 259.44 258.97 259.07 1.0 259.11 13.0 2566.0 715.0 1851.0 0.0 259.2093
16:02:00 222.0 3998.0 265.24 258.7 259.19 258.32 258.89 13.0 259.0 503.0 3998.0 2922.0 1076.0 0.0 258.5566
16:03:00 55.0 195.0 265.24 258.91 258.97 258.74 258.89 13.0 258.91 29.0 195.0 176.0 19.0 0.0 258.8851
16:04:00 53.0 474.0 265.24 258.95 259.0 258.85 258.89 13.0 258.95 20.0 474.0 243.0 231.0 0.0 258.9625
16:05:00 119.0 3028.0 265.24 259.03 259.03 258.81 259.02 4.0 259.03 114.0 3028.0 2813.0 215.0 0.0 259.004
16:06:00 61.0 427.0 265.24 258.89 259.03 258.84 258.89 13.0 258.9 20.0 427.0 83.0 344.0 0.0 258.9944
16:07:00 75.0 163.0 265.24 258.95 258.99 258.77 258.94 5.0 258.95 56.0 163.0 74.0 89.0 0.0 258.8936
16:08:00 85.0 1029.0 265.24 258.95 258.97 258.88 258.91 81.0 258.95 2818.0 1029.0 872.0 157.0 0.0 258.9135
16:09:00 108.0 5609.0 265.24 258.95 258.99 258.88 258.94 78.0 258.95 27.0 5609.0 4533.0 1076.0 0.0 258.9476
16:10:00 68.0 424.0 265.24 258.85 258.96 258.85 258.89 13.0 258.85 256.0 424.0 31.0 393.0 0.0 258.9154
16:11:00 79.0 1312.0 265.24 258.9 258.99 258.8 258.89 13.0 258.9 198.0 1312.0 1273.0 39.0 0.0 258.9247
16:12:00 40.0 613.0 265.24 258.99 258.99 258.9 258.98 70.0 258.99 334.0 613.0 568.0 45.0 0.0 258.9594
16:13:00 109.0 4965.0 265.24 258.9 259.0 258.88 258.89 13.0 258.92 390.0 4965.0 4196.0 769.0 0.0 258.9847
16:14:00 37.0 1375.0 265.24 258.99 258.99 258.88 258.9 9.0 258.99 143.0 1375.0 1351.0 24.0 0.0 258.9485
16:15:00 86.0 4233.0 265.24 259.0 259.06 258.93 258.98 18.0 259.06 544.0 4233.0 4163.0 70.0 0.0 259.0127
16:16:00 51.0 784.0 265.24 258.99 259.06 258.99 258.98 18.0 259.0 78.0 784.0 365.0 419.0 0.0 259.0111
16:17:00 31.0 111.0 265.24 259.01 259.03 259.0 259.0 265.0 259.02 500.0 111.0 78.0 33.0 0.0 259.0002
16:18:00 90.0 3226.0 265.24 259.04 259.07 258.9 259.02 516.0 259.04 1349.0 3226.0 2519.0 707.0 0.0 259.0268
16:19:00 59.0 4056.0 265.24 259.01 259.09 259.01 259.0 39.0 259.08 80.0 4056.0 3626.0 430.0 0.0 259.0627
16:20:00 48.0 1974.0 265.24 259.14 259.14 259.03 259.09 10.0 259.11 13.0 1974.0 1917.0 57.0 0.0 259.0863
16:21:00 55.0 3150.0 265.24 259.22 259.24 259.1 259.15 11.0 259.11 13.0 3150.0 3057.0 93.0 0.0 259.1844
16:22:00 44.0 78.0 265.24 259.24 259.24 259.12 259.15 27.0 259.11 13.0 78.0 52.0 26.0 0.0 259.1781
16:23:00 27.0 149.0 265.24 259.2 259.24 259.16 259.17 18.0 259.11 13.0 149.0 138.0 11.0 0.0 259.2022
16:24:00 37.0 551.0 265.24 259.25 259.28 259.2 259.25 11.0 259.11 13.0 551.0 455.0 96.0 0.0 259.2404
16:25:00 86.0 2044.0 265.24 259.4 259.44 259.24 259.35 1.0 259.11 13.0 2044.0 799.0 1245.0 0.0 259.341
16:26:00 58.0 1411.0 265.24 259.42 259.43 259.33 259.35 3.0 259.11 13.0 1411.0 1140.0 271.0 0.0 259.3602
16:27:00 67.0 481.0 265.24 259.26 259.41 259.21 259.21 3.0 259.11 13.0 481.0 12.0 469.0 0.0 259.2902
16:28:00 48.0 304.0 265.24 259.21 259.38 259.2 259.3 2.0 259.11 13.0 304.0 293.0 11.0 0.0 259.2171
16:29:00 54.0 892.0 265.24 259.33 259.33 259.15 259.25 6.0 259.11 13.0 892.0 632.0 260.0 0.0 259.1775
16:30:00 79.0 454.0 265.24 259.37 259.45 259.25 259.35 4.0 259.11 13.0 454.0 432.0 22.0 0.0 259.3978
16:31:00 47.0 456.0 265.24 259.49 259.5 259.36 259.35 9.0 259.11 13.0 456.0 455.0 1.0 0.0 259.4652
16:32:00 29.0 71.0 265.24 259.4 259.48 259.38 259.37 1.0 259.11 13.0 71.0 69.0 2.0 0.0 259.41
16:33:00 30.0 119.0 265.24 259.48 259.5 259.4 259.4 4.0 259.11 13.0 119.0 114.0 5.0 0.0 259.4847
16:34:00 38.0 724.0 265.24 259.42 259.49 259.38 259.4 1.0 259.11 13.0 724.0 203.0 521.0 0.0 259.4187
16:35:00 38.0 140.0 265.24 259.4 259.46 259.36 259.35 5.0 259.11 13.0 140.0 97.0 43.0 0.0 259.4227
16:36:00 64.0 588.0 265.24 259.47 259.47 259.3 259.37 1.0 259.11 13.0 588.0 514.0 74.0 0.0 259.442
16:37:00 30.0 10.0 265.24 259.38 259.46 259.35 259.36 46.0 259.11 13.0 10.0 3.0 7.0 0.0 259.385
16:38:00 14.0 0.0 265.24 259.39 259.44 259.38 259.43 2.0 259.11 13.0 nan 0.0 0.0 0.0 nan
16:39:00 47.0 110.0 265.24 259.4 259.47 259.36 259.39 5.0 259.11 13.0 110.0 99.0 11.0 0.0 259.3946
16:40:00 41.0 171.0 265.24 259.38 259.42 259.31 259.37 6.0 259.11 13.0 171.0 76.0 95.0 0.0 259.3623
16:41:00 16.0 11.0 265.24 259.37 259.38 259.31 259.37 1.0 259.11 13.0 11.0 7.0 4.0 0.0 259.3745
16:42:00 30.0 350.0 265.24 259.45 259.46 259.33 259.45 467.0 259.11 13.0 350.0 133.0 217.0 0.0 259.4029
16:43:00 48.0 657.0 265.24 259.4 259.46 259.33 259.35 3.0 259.11 13.0 657.0 94.0 563.0 0.0 259.4374
16:44:00 10.0 99.0 265.24 259.43 259.46 259.38 259.43 9.0 259.11 13.0 99.0 98.0 1.0 0.0 259.4003
16:45:00 44.0 163.0 265.24 259.42 259.49 259.39 259.4 1.0 259.11 13.0 163.0 142.0 21.0 0.0 259.4334
16:46:00 33.0 1548.0 265.24 259.41 259.49 259.36 259.4 2.0 259.11 13.0 1548.0 3.0 1545.0 0.0 259.3705
16:47:00 27.0 101.0 265.24 259.48 259.49 259.4 259.4 6.0 259.11 13.0 101.0 100.0 1.0 0.0 259.4888
16:48:00 17.0 17.0 265.24 259.48 259.49 259.42 259.4 20.0 259.11 13.0 17.0 17.0 0.0 0.0 259.4759
16:49:00 16.0 2.0 265.24 259.47 259.48 259.41 259.41 1.0 259.11 13.0 2.0 1.0 1.0 0.0 259.48
16:50:00 52.0 151.0 265.24 259.45 259.47 259.36 259.4 21.0 259.11 13.0 151.0 99.0 52.0 0.0 259.3987
16:51:00 21.0 13.0 265.24 259.4 259.46 259.4 259.4 15.0 259.11 13.0 13.0 0.0 13.0 0.0 259.4
16:52:00 31.0 471.0 265.24 259.4 259.44 259.34 259.35 2.0 259.11 13.0 471.0 4.0 467.0 0.0 259.4002
16:53:00 34.0 32.0 265.24 259.39 259.42 259.3 259.39 5.0 259.11 13.0 32.0 7.0 25.0 0.0 259.3394
16:54:00 50.0 346.0 265.24 259.42 259.48 259.39 259.42 15.0 259.11 13.0 346.0 87.0 259.0 0.0 259.4319
16:55:00 39.0 375.0 265.24 259.43 259.46 259.4 259.42 85.0 259.11 13.0 375.0 239.0 136.0 0.0 259.4199
16:56:00 62.0 1960.0 265.24 259.43 259.47 259.33 259.4 7.0 259.11 13.0 1960.0 938.0 1022.0 0.0 259.4032
16:57:00 34.0 621.0 265.24 259.41 259.42 259.37 259.4 46.0 259.11 13.0 621.0 494.0 127.0 0.0 259.3762
16:58:00 21.0 158.0 265.24 259.39 259.42 259.39 259.39 4.0 259.11 13.0 158.0 112.0 46.0 0.0 259.4004
16:59:00 38.0 324.0 265.24 259.38 259.4 259.31 259.31 5.0 259.11 13.0 324.0 267.0 57.0 0.0 259.3803
17:00:00 62.0 718.0 265.24 259.34 259.38 259.26 259.32 1.0 259.11 13.0 718.0 9.0 709.0 0.0 259.2834
