time trade_count trade_volume trade_first trade_last trade_high trade_low bid_price bid_size ask_price ask_size hid_vol buy_vol sell_vol unsided_vol vwap
09:00:00 nan 599.0 232.26 232.19 232.27 231.95 231.91 7.0 232.37 1.0 599.0 10.0 589.0 0.0 232.0178
09:01:00 136.0 2747.0 232.26 231.94 232.1 231.5 231.71 6.0 231.88 9.0 2747.0 430.0 2317.0 0.0 231.8994
09:02:00 59.0 1047.0 232.26 231.99 232.0 231.7 231.85 581.0 231.99 26.0 1047.0 498.0 549.0 0.0 231.9336
09:03:00 85.0 624.0 232.26 232.0 232.27 231.94 232.01 579.0 232.18 50.0 624.0 267.0 357.0 0.0 232.0125
09:04:00 112.0 3838.0 232.26 232.5 232.53 232.1 232.38 1.0 232.58 10.0 3838.0 3110.0 728.0 0.0 232.3638
09:05:00 71.0 1108.0 232.26 232.69 232.79 232.42 232.56 198.0 232.72 25.0 1108.0 329.0 779.0 0.0 232.5943
09:06:00 100.0 1506.0 232.26 232.45 232.72 232.3 232.3 2558.0 232.55 3.0 1506.0 202.0 1304.0 0.0 232.4922
09:07:00 67.0 1603.0 232.26 232.57 232.58 232.36 232.54 3.0 232.6 741.0 1603.0 1576.0 27.0 0.0 232.4527
09:08:00 149.0 5775.0 232.26 232.69 232.9 232.56 232.64 114.0 232.69 455.0 5775.0 2687.0 3088.0 0.0 232.7847
09:09:00 209.0 5849.0 232.26 232.91 233.1 232.5 232.88 20.0 232.98 500.0 5849.0 5323.0 526.0 0.0 232.8953
09:10:00 151.0 5774.0 232.26 233.0 233.2 232.93 232.99 30.0 233.1 13.0 5774.0 5015.0 759.0 0.0 233.0657
09:11:00 113.0 1840.0 232.26 232.9 233.0 232.66 232.79 210.0 232.91 100.0 1840.0 200.0 1640.0 0.0 232.8127
09:12:00 99.0 852.0 232.26 232.75 232.86 232.63 232.7 34.0 232.8 1.0 852.0 360.0 492.0 0.0 232.7395
09:13:00 100.0 5296.0 232.26 232.64 232.86 232.62 232.7 30.0 232.71 3.0 5296.0 29.0 5267.0 0.0 232.644
09:14:00 102.0 2559.0 232.26 232.5 232.74 232.36 232.35 1.0 232.6 5.0 2559.0 13.0 2546.0 0.0 232.6057
09:15:00 110.0 1923.0 232.26 232.36 232.54 232.3 232.35 3.0 232.4 196.0 1923.0 647.0 1276.0 0.0 232.3583
09:16:00 97.0 1065.0 232.26 232.4 232.5 232.3 232.4 58.0 232.5 1000.0 1065.0 581.0 484.0 0.0 232.3977
09:17:00 228.0 7256.0 232.26 232.29 232.49 231.99 232.14 6.0 232.27 200.0 7256.0 2561.0 4695.0 0.0 232.1826
09:18:00 133.0 2221.0 232.26 232.39 232.42 232.14 232.27 6.0 232.42 31.0 2221.0 2053.0 168.0 0.0 232.27
09:19:00 78.0 522.0 232.26 232.54 232.54 232.25 232.48 3.0 232.54 134.0 522.0 177.0 345.0 0.0 232.4399
09:20:00 94.0 2531.0 232.26 232.27 232.48 232.17 232.15 31.0 232.49 1.0 2531.0 171.0 2360.0 0.0 232.3086
09:21:00 40.0 1803.0 232.26 232.47 232.47 232.2 232.26 3.0 232.4 2.0 1803.0 489.0 1314.0 0.0 232.3764
09:22:00 142.0 1540.0 232.26 232.06 232.45 232.01 232.13 1.0 232.3 440.0 1540.0 404.0 1136.0 0.0 232.1741
09:23:00 164.0 3234.0 232.26 232.25 232.29 232.0 232.2 263.0 232.25 532.0 3234.0 2863.0 371.0 0.0 232.2284
09:24:00 34.0 1033.0 232.26 232.4 232.42 232.25 232.34 30.0 232.4 220.0 1033.0 1033.0 0.0 0.0 232.2847
09:25:00 63.0 1148.0 232.26 232.01 232.38 232.01 232.01 1097.0 232.24 100.0 1148.0 177.0 971.0 0.0 232.2246
09:26:00 191.0 4850.0 232.26 232.5 232.9 232.01 232.36 116.0 232.63 30.0 4850.0 2779.0 2071.0 0.0 232.4875
09:27:00 113.0 1234.0 232.26 232.19 232.5 232.06 232.11 1110.0 232.47 48.0 1234.0 722.0 512.0 0.0 232.313
09:28:00 175.0 7362.0 232.26 232.28 232.4 232.0 232.0 724.0 232.3 98.0 7362.0 1390.0 5972.0 0.0 232.0753
09:29:00 210.0 2496.0 232.26 231.6 232.12 231.26 231.6 234.0 231.78 5.0 2496.0 252.0 2244.0 0.0 231.6812
09:30:00 265.0 19685.0 232.26 231.75 232.3 231.52 231.74 1257.0 231.86 59.0 19685.0 1040.0 18645.0 0.0 232.1743
09:31:00 4340.0 94723.0 232.26 231.89 232.59 231.26 231.8 2.0 231.99 29.0 94723.0 53229.0 41494.0 0.0 231.9417
09:32:00 3203.0 87978.0 232.26 231.49 232.16 230.86 231.46 25.0 231.56 1.0 87978.0 45934.0 42044.0 0.0 231.3627
09:33:00 3198.0 90879.0 232.26 231.68 232.63 230.5 231.64 44.0 231.75 74.0 90879.0 54992.0 35887.0 0.0 231.3926
09:34:00 2206.0 69183.0 232.26 232.66 232.66 231.24 232.56 152.0 232.67 100.0 69183.0 40275.0 28908.0 0.0 231.8968
09:35:00 3083.0 94717.0 232.26 234.77 234.9 232.58 234.7 30.0 234.85 315.0 94717.0 64528.0 30189.0 0.0 233.7344
09:36:00 2286.0 63384.0 232.26 234.2 234.92 233.49 234.14 1.0 234.26 771.0 63384.0 31844.0 31540.0 0.0 234.1138
09:37:00 2152.0 53977.0 232.26 233.89 234.99 233.75 233.75 21.0 233.89 17.0 53977.0 28922.0 25055.0 0.0 234.3119
09:38:00 2073.0 69335.0 232.26 233.69 234.5 232.9 233.63 75.0 233.76 10.0 69335.0 23196.0 46139.0 0.0 233.5718
09:39:00 1542.0 41126.0 232.26 234.08 234.3 233.56 234.0 58.0 234.08 57.0 41126.0 29246.0 11880.0 0.0 234.003
09:40:00 2015.0 80977.0 232.26 234.75 234.75 233.86 234.66 73.0 234.75 986.0 80977.0 66790.0 14187.0 0.0 234.314
09:41:00 3187.0 91197.0 232.26 235.4 235.75 234.74 235.37 25.0 235.43 2.0 91197.0 62070.0 29127.0 0.0 235.2408
09:42:00 3016.0 77321.0 232.26 235.57 235.97 235.32 235.52 240.0 235.61 25.0 77321.0 36597.0 40724.0 0.0 235.6677
09:43:00 2479.0 72149.0 232.26 235.43 236.19 235.15 235.32 25.0 235.44 2637.0 72149.0 34743.0 37406.0 0.0 235.7701
09:44:00 2332.0 58062.0 232.26 235.7 235.8 235.29 235.66 114.0 235.73 15.0 58062.0 36216.0 21846.0 0.0 235.5582
09:45:00 2277.0 93968.0 232.26 235.46 236.14 235.26 235.36 25.0 235.48 500.0 93968.0 38365.0 55603.0 0.0 235.6983
09:46:00 2104.0 58418.0 232.26 235.14 235.85 234.79 235.01 50.0 235.17 25.0 58418.0 28404.0 30014.0 0.0 235.2427
09:47:00 2058.0 68427.0 232.26 234.98 235.49 234.81 234.91 25.0 234.98 76.0 68427.0 28204.0 40223.0 0.0 235.0424
09:48:00 2088.0 68581.0 232.26 234.98 235.22 234.65 234.88 280.0 234.98 100.0 68581.0 19971.0 48610.0 0.0 234.9705
09:49:00 2653.0 71815.0 232.26 234.68 235.1 234.28 234.64 110.0 234.74 650.0 71815.0 28624.0 43191.0 0.0 234.6129
09:50:00 1882.0 49228.0 232.26 233.63 234.83 233.5 233.62 100.0 233.71 1.0 49228.0 15628.0 33600.0 0.0 234.0627
09:51:00 2126.0 70908.0 232.26 233.0 233.92 232.69 232.99 25.0 233.06 10.0 70908.0 39090.0 31818.0 0.0 233.2021
09:52:00 2132.0 72158.0 232.26 234.39 234.44 232.92 234.36 25.0 234.44 86.0 72158.0 50783.0 21375.0 0.0 233.5737
09:53:00 2841.0 82805.0 232.26 235.72 235.79 234.33 235.74 50.0 235.79 25.0 82805.0 52569.0 30236.0 0.0 235.0779
09:54:00 1922.0 74735.0 232.26 235.86 236.14 235.5 235.84 25.0 235.91 46.0 74735.0 29728.0 45007.0 0.0 235.88
09:55:00 2026.0 77587.0 232.26 236.48 236.58 235.5 236.45 1.0 236.5 75.0 77587.0 28963.0 48624.0 0.0 236.1688
09:56:00 1565.0 39085.0 232.26 236.72 236.8 236.16 236.7 51.0 236.75 4.0 39085.0 23407.0 15678.0 0.0 236.4969
09:57:00 1558.0 38439.0 232.26 236.45 236.86 236.36 236.38 125.0 236.47 50.0 38439.0 21759.0 16680.0 0.0 236.6345
09:58:00 1300.0 41621.0 232.26 236.46 236.58 235.88 236.45 25.0 236.52 2.0 41621.0 16074.0 25547.0 0.0 236.1505
09:59:00 1021.0 27903.0 232.26 236.45 236.76 236.27 236.4 25.0 236.51 25.0 27903.0 16311.0 11592.0 0.0 236.5374
10:00:00 1420.0 44347.0 232.26 236.32 236.61 236.04 236.28 400.0 236.34 200.0 44347.0 16767.0 27580.0 0.0 236.2892
10:01:00 1169.0 34613.0 232.26 236.415 236.63 236.06 236.35 100.0 236.44 163.0 34613.0 23206.0 11407.0 0.0 236.3497
10:02:00 1317.0 66748.0 232.26 236.64 236.69 236.25 236.6 250.0 236.66 1.0 66748.0 49810.0 16938.0 0.0 236.4716
10:03:00 1942.0 85482.0 232.26 237.4 237.4 236.51 237.38 50.0 237.42 100.0 85482.0 65530.0 19952.0 0.0 237.053
10:04:00 1426.0 45315.0 232.26 237.26 237.46 236.86 237.22 12.0 237.3 107.0 45315.0 19505.0 25810.0 0.0 237.2159
10:05:00 1115.0 32317.0 232.26 237.43 237.5 237.14 237.41 750.0 237.44 375.0 32317.0 16074.0 16243.0 0.0 237.3564
10:06:00 1460.0 43413.0 232.26 237.6 237.73 237.26 237.57 250.0 237.63 118.0 43413.0 27549.0 15864.0 0.0 237.4884
10:07:00 2075.0 60164.0 232.26 237.76 238.23 237.62 237.73 50.0 237.77 24.0 60164.0 43483.0 16681.0 0.0 237.9429
10:08:00 2071.0 65771.0 232.26 238.57 238.75 237.755 238.55 50.0 238.59 1843.0 65771.0 45107.0 20664.0 0.0 238.4298
10:09:00 1909.0 58703.0 232.26 238.97 238.97 238.38 238.95 50.0 238.98 16.0 58703.0 31422.0 27281.0 0.0 238.5984
10:10:00 1751.0 59885.0 232.26 238.83 239.03 238.51 238.8 150.0 238.86 1.0 59885.0 33991.0 25894.0 0.0 238.838
10:11:00 3571.0 115934.0 232.26 237.45 238.93 237.21 237.41 50.0 237.47 253.0 115934.0 60644.0 55290.0 0.0 238.014
10:12:00 1234.0 61397.0 232.26 237.79 237.89 237.42 237.77 100.0 237.82 50.0 61397.0 24733.0 36664.0 0.0 237.7435
10:13:00 1644.0 67448.0 232.26 238.73 238.82 237.72 238.73 206.0 238.78 50.0 67448.0 33104.0 34344.0 0.0 238.1732
10:14:00 1570.0 45226.0 232.26 237.93 238.79 237.93 237.92 1.0 237.96 50.0 45226.0 18226.0 27000.0 0.0 238.2629
10:15:00 916.0 26975.0 232.26 237.91 238.11 237.76 237.87 403.0 237.92 21.0 26975.0 15581.0 11394.0 0.0 237.9397
10:16:00 1220.0 39823.0 232.26 238.08 238.1 237.59 238.01 50.0 238.09 252.0 39823.0 18063.0 21760.0 0.0 237.8367
10:17:00 1138.0 27824.0 232.26 238.07 238.34 237.77 238.03 292.0 238.11 57.0 27824.0 16284.0 11540.0 0.0 238.1315
10:18:00 1253.0 37965.0 232.26 237.78 238.24 237.7 237.71 72.0 237.78 72.0 37965.0 19980.0 17985.0 0.0 237.9239
10:19:00 1701.0 54980.0 232.26 238.02 238.53 237.54 238.0 6502.0 238.06 100.0 54980.0 29469.0 25511.0 0.0 238.0168
10:20:00 1622.0 53630.0 232.26 237.5 238.03 237.05 237.47 50.0 237.51 188.0 53630.0 20911.0 32719.0 0.0 237.4763
10:21:00 1399.0 48899.0 232.26 237.44 237.72 237.26 237.38 25.0 237.44 100.0 48899.0 14953.0 33946.0 0.0 237.5235
10:22:00 1038.0 26527.0 232.26 237.66 237.73 237.1 237.63 52.0 237.7 100.0 26527.0 14281.0 12246.0 0.0 237.4091
10:23:00 1614.0 61191.0 232.26 238.68 238.96 237.64 238.64 200.0 238.7 1.0 61191.0 42456.0 18735.0 0.0 238.4319
10:24:00 1560.0 58507.0 232.26 238.55 238.87 238.2 238.49 172.0 238.54 1.0 58507.0 23097.0 35410.0 0.0 238.5157
10:25:00 986.0 24449.0 232.26 238.32 238.64 238.12 238.28 3.0 238.33 50.0 24449.0 12009.0 12440.0 0.0 238.3502
10:26:00 1228.0 47954.0 232.26 238.73 238.9 238.34 238.67 51.0 238.73 50.0 47954.0 28792.0 19162.0 0.0 238.6465
10:27:00 1236.0 31112.0 232.26 238.17 238.73 238.12 238.14 200.0 238.19 150.0 31112.0 10945.0 20167.0 0.0 238.4966
10:28:00 1234.0 65288.0 232.26 237.92 238.23 237.67 237.9 50.0 237.95 5.0 65288.0 12491.0 52797.0 0.0 238.0364
10:29:00 2162.0 73554.0 232.26 236.79 238.02 236.65 236.77 150.0 236.84 410.0 73554.0 26806.0 46748.0 0.0 237.0617
10:30:00 1541.0 67150.0 232.26 236.85 237.02 236.34 236.8 100.0 236.85 50.0 67150.0 14321.0 52829.0 0.0 236.6859
10:31:00 1730.0 61774.0 232.26 236.97 237.61 236.81 236.96 117.0 237.0 6.0 61774.0 20676.0 41098.0 0.0 237.2231
10:32:00 910.0 28122.0 232.26 237.16 237.28 236.66 237.13 150.0 237.21 165.0 28122.0 15058.0 13064.0 0.0 236.9632
10:33:00 844.0 17532.0 232.26 237.14 237.41 237.02 237.13 25.0 237.21 250.0 17532.0 9368.0 8164.0 0.0 237.187
10:34:00 775.0 26709.0 232.26 237.65 237.89 237.0 237.62 100.0 237.68 255.0 26709.0 15384.0 11325.0 0.0 237.4907
10:35:00 1277.0 49876.0 232.26 238.2 238.25 237.38 238.16 200.0 238.23 177.0 49876.0 30000.0 19876.0 0.0 237.9148
10:36:00 1237.0 51843.0 232.26 238.68 238.82 237.97 238.62 100.0 238.69 86.0 51843.0 37782.0 14061.0 0.0 238.4809
10:37:00 1054.0 27498.0 232.26 238.0 238.67 237.99 237.99 250.0 238.04 100.0 27498.0 13862.0 13636.0 0.0 238.2766
10:38:00 1683.0 40848.0 232.26 237.4 238.06 237.09 237.38 55.0 237.46 75.0 40848.0 17164.0 23684.0 0.0 237.5451
10:39:00 696.0 17264.0 232.26 237.76 237.84 237.35 237.71 200.0 237.79 101.0 17264.0 11891.0 5373.0 0.0 237.6179
10:40:00 1109.0 29866.0 232.26 237.56 238.1 237.54 237.56 25.0 237.62 25.0 29866.0 19481.0 10385.0 0.0 237.8384
10:41:00 1961.0 44124.0 232.26 236.88 237.7 236.84 236.83 8.0 236.89 250.0 44124.0 14639.0 29485.0 0.0 237.2631
10:42:00 1145.0 26827.0 232.26 236.83 237.13 236.63 236.78 330.0 236.84 60.0 26827.0 15531.0 11296.0 0.0 236.849
10:43:00 935.0 23768.0 232.26 236.72 237.0 236.64 236.71 100.0 236.76 150.0 23768.0 9923.0 13845.0 0.0 236.7861
10:44:00 1514.0 54112.0 232.26 237.64 238.01 236.55 237.61 343.0 237.68 125.0 54112.0 37057.0 17055.0 0.0 237.5685
10:45:00 1344.0 31754.0 232.26 237.75 237.94 237.51 237.71 176.0 237.77 50.0 31754.0 21774.0 9980.0 0.0 237.777
10:46:00 735.0 17715.0 232.26 237.24 237.78 237.2 237.2 3.0 237.26 150.0 17715.0 6258.0 11457.0 0.0 237.4915
10:47:00 1653.0 41565.0 232.26 237.45 237.6 236.67 237.45 106.0 237.49 125.0 41565.0 20430.0 21135.0 0.0 237.1312
10:48:00 1296.0 27816.0 232.26 237.27 237.56 236.87 237.22 78.0 237.3 150.0 27816.0 10362.0 17454.0 0.0 237.2732
10:49:00 1262.0 72099.0 232.26 237.92 238.18 237.22 237.89 250.0 237.95 26.0 72099.0 53520.0 18579.0 0.0 237.9401
10:50:00 659.0 23904.0 232.26 238.09 238.32 237.91 238.04 18.0 238.1 1.0 23904.0 16991.0 6913.0 0.0 238.1761
10:51:00 1411.0 51007.0 232.26 238.22 238.6 237.73 238.2 201.0 238.25 50.0 51007.0 41756.0 9251.0 0.0 238.3616
10:52:00 1279.0 76017.0 232.26 238.34 238.71 238.17 238.3 250.0 238.35 150.0 76017.0 59575.0 16442.0 0.0 238.4242
10:53:00 1188.0 41284.0 232.26 237.93 238.4 237.81 237.9 60.0 237.94 21.0 41284.0 24486.0 16798.0 0.0 238.0501
10:54:00 747.0 35182.0 232.26 238.09 238.35 237.75 238.08 150.0 238.13 61.0 35182.0 27735.0 7447.0 0.0 238.18
10:55:00 1033.0 25216.0 232.26 237.65 238.28 237.56 237.61 150.0 237.65 100.0 25216.0 11290.0 13926.0 0.0 237.9767
10:56:00 936.0 31449.0 232.26 237.83 237.9 237.45 237.8 52.0 237.86 300.0 31449.0 20182.0 11267.0 0.0 237.6236
10:57:00 1002.0 37331.0 232.26 237.99 238.175 237.57 237.97 50.0 238.01 100.0 37331.0 27312.0 10019.0 0.0 237.9673
10:58:00 656.0 19238.0 232.26 238.04 238.05 237.7 238.01 50.0 238.04 400.0 19238.0 9542.0 9696.0 0.0 237.9221
10:59:00 1679.0 63142.0 232.26 237.68 238.23 237.3 237.65 285.0 237.68 178.0 63142.0 36457.0 26685.0 0.0 237.9106
11:00:00 1157.0 30887.0 232.26 238.28 238.33 237.57 238.22 300.0 238.27 150.0 30887.0 17517.0 13370.0 0.0 238.0958
11:01:00 2386.0 79949.0 232.26 239.295 239.32 238.16 239.27 77.0 239.32 80.0 79949.0 54894.0 25055.0 0.0 238.8231
11:02:00 1956.0 63531.0 232.26 239.41 239.5 239.08 239.38 600.0 239.42 29.0 63531.0 29391.0 34140.0 0.0 239.3325
11:03:00 1522.0 49024.0 232.26 239.61 239.71 239.28 239.58 121.0 239.63 180.0 49024.0 30039.0 18985.0 0.0 239.52
11:04:00 915.0 27843.0 232.26 239.56 239.72 239.35 239.52 185.0 239.57 184.0 27843.0 16699.0 11144.0 0.0 239.5203
11:05:00 1297.0 36923.0 232.26 239.5 239.86 239.44 239.49 50.0 239.51 30.0 36923.0 18164.0 18759.0 0.0 239.6603
11:06:00 1412.0 48808.0 232.26 238.91 239.7 238.79 238.87 80.0 238.92 85.0 48808.0 27617.0 21191.0 0.0 239.2726
11:07:00 962.0 20764.0 232.26 238.98 239.27 238.76 238.96 50.0 239.03 550.0 20764.0 9419.0 11345.0 0.0 238.9697
11:08:00 742.0 20110.0 232.26 238.71 239.07 238.56 238.67 276.0 238.74 200.0 20110.0 7586.0 12524.0 0.0 238.7346
11:09:00 642.0 15164.0 232.26 238.72 239.0 238.59 238.7 163.0 238.75 29.0 15164.0 7905.0 7259.0 0.0 238.8128
11:10:00 1518.0 41491.0 232.26 238.5 238.78 238.41 238.44 250.0 238.52 2.0 41491.0 14635.0 26856.0 0.0 238.556
11:11:00 1428.0 40223.0 232.26 237.78 238.53 237.68 237.77 460.0 237.83 100.0 40223.0 12640.0 27583.0 0.0 238.0103
11:12:00 1584.0 38986.0 232.26 237.35 237.81 236.92 237.34 6.0 237.4 150.0 38986.0 11904.0 27082.0 0.0 237.2852
11:13:00 807.0 18631.0 232.26 237.51 237.76 237.37 237.5 100.0 237.57 290.0 18631.0 8980.0 9651.0 0.0 237.5398
11:14:00 1018.0 36417.0 232.26 237.975 238.1 237.44 237.96 509.0 238.0 202.0 36417.0 20432.0 15985.0 0.0 237.8129
11:15:00 771.0 26047.0 232.26 237.78 238.07 237.73 237.8 25.0 237.83 50.0 26047.0 15416.0 10631.0 0.0 237.9207
11:16:00 1010.0 24636.0 232.26 237.53 237.84 237.21 237.51 150.0 237.57 278.0 24636.0 9921.0 14715.0 0.0 237.5229
11:17:00 967.0 25148.0 232.26 237.18 237.83 236.97 237.18 40.0 237.21 552.0 25148.0 8138.0 17010.0 0.0 237.2814
11:18:00 1017.0 23877.0 232.26 237.08 237.23 236.65 237.05 300.0 237.11 18.0 23877.0 10907.0 12970.0 0.0 236.9356
11:19:00 692.0 20746.0 232.26 237.13 237.18 236.75 237.12 183.0 237.19 51.0 20746.0 8331.0 12415.0 0.0 236.9775
11:20:00 687.0 22487.0 232.26 236.94 237.43 236.62 236.92 1.0 236.94 120.0 22487.0 10255.0 12232.0 0.0 237.0225
11:21:00 1037.0 27476.0 232.26 237.69 237.79 236.89 237.66 30.0 237.7 750.0 27476.0 14721.0 12755.0 0.0 237.4866
11:22:00 1423.0 51243.0 232.26 238.08 238.09 237.47 238.0 150.0 238.08 401.0 51243.0 37887.0 13356.0 0.0 237.9027
11:23:00 740.0 20554.0 232.26 237.48 238.05 237.24 237.43 50.0 237.5 45.0 20554.0 9194.0 11360.0 0.0 237.668
11:24:00 721.0 15848.0 232.26 237.27 237.6 237.11 237.25 100.0 237.29 25.0 15848.0 8472.0 7376.0 0.0 237.3737
11:25:00 704.0 18537.0 232.26 237.41 237.53 237.1 237.38 207.0 237.44 117.0 18537.0 5736.0 12801.0 0.0 237.3021
11:26:00 1021.0 32127.0 232.26 237.71 238.12 237.37 237.66 150.0 237.73 277.0 32127.0 18313.0 13814.0 0.0 237.7891
11:27:00 663.0 18743.0 232.26 237.94 238.21 237.7 237.91 60.0 237.96 50.0 18743.0 8246.0 10497.0 0.0 238.0042
11:28:00 979.0 25719.0 232.26 237.71 238.05 237.61 237.66 100.0 237.72 150.0 25719.0 11271.0 14448.0 0.0 237.8153
11:29:00 1310.0 44454.0 232.26 237.67 237.85 237.33 237.67 170.0 237.75 396.0 44454.0 22398.0 22056.0 0.0 237.617
11:30:00 863.0 26496.0 232.26 237.42 237.92 237.1 237.39 51.0 237.47 121.0 26496.0 9961.0 16535.0 0.0 237.5025
11:31:00 1078.0 40670.0 232.26 237.41 238.09 237.36 237.36 40.0 237.43 200.0 40670.0 28117.0 12553.0 0.0 237.7961
11:32:00 825.0 24066.0 232.26 237.66 237.66 237.11 237.63 250.0 237.67 12.0 24066.0 8584.0 15482.0 0.0 237.3933
11:33:00 792.0 32496.0 232.26 238.43 238.45 237.63 238.38 171.0 238.43 181.0 32496.0 24629.0 7867.0 0.0 238.0803
11:34:00 1429.0 48105.0 232.26 238.93 239.03 238.3 238.92 114.0 238.98 450.0 48105.0 33664.0 14441.0 0.0 238.7823
11:35:00 950.0 29531.0 232.26 239.25 239.3 238.79 239.2 1.0 239.22 250.0 29531.0 17490.0 12041.0 0.0 239.1127
11:36:00 1223.0 40009.0 232.26 238.97 239.59 238.94 238.94 105.0 239.0 150.0 40009.0 20129.0 19880.0 0.0 239.2616
11:37:00 830.0 16433.0 232.26 238.8 239.16 238.8 238.81 10.0 238.85 50.0 16433.0 6833.0 9600.0 0.0 238.9749
11:38:00 818.0 19733.0 232.26 238.79 239.12 238.67 238.75 212.0 238.8 450.0 19733.0 11343.0 8390.0 0.0 238.9284
11:39:00 586.0 13813.0 232.26 238.95 239.0 238.59 238.88 66.0 238.95 47.0 13813.0 8312.0 5501.0 0.0 238.8011
11:40:00 812.0 21471.0 232.26 238.39 238.94 238.33 238.38 20.0 238.44 380.0 21471.0 7350.0 14121.0 0.0 238.6246
11:41:00 584.0 14635.0 232.26 238.46 238.81 238.28 238.42 369.0 238.48 150.0 14635.0 7456.0 7179.0 0.0 238.4929
11:42:00 821.0 26088.0 232.26 238.38 238.5 238.03 238.34 175.0 238.39 10.0 26088.0 8963.0 17125.0 0.0 238.2227
11:43:00 538.0 20328.0 232.26 238.54 238.68 238.37 238.51 100.0 238.56 201.0 20328.0 9686.0 10642.0 0.0 238.5157
11:44:00 479.0 14890.0 232.26 238.54 238.74 238.41 238.53 2.0 238.57 50.0 14890.0 7520.0 7370.0 0.0 238.5565
11:45:00 443.0 13563.0 232.26 238.45 238.66 238.34 238.4 100.0 238.47 146.0 13563.0 4817.0 8746.0 0.0 238.4837
11:46:00 484.0 16213.0 232.26 238.24 238.62 238.1 238.2 348.0 238.26 100.0 16213.0 4678.0 11535.0 0.0 238.3027
11:47:00 724.0 23062.0 232.26 238.2 238.44 238.11 238.16 113.0 238.2 98.0 23062.0 14387.0 8675.0 0.0 238.2193
11:48:00 1354.0 47261.0 232.26 237.86 238.31 237.69 237.84 50.0 237.87 23.0 47261.0 21154.0 26107.0 0.0 237.9826
11:49:00 780.0 26979.0 232.26 237.87 237.95 237.67 237.86 123.0 237.89 135.0 26979.0 17440.0 9539.0 0.0 237.8189
11:50:00 871.0 33862.0 232.26 238.04 238.18 237.68 237.97 210.0 238.03 51.0 33862.0 23148.0 10714.0 0.0 237.9409
11:51:00 1036.0 25919.0 232.26 238.11 238.14 237.77 238.08 61.0 238.13 200.0 25919.0 14692.0 11227.0 0.0 237.9584
11:52:00 1400.0 36400.0 232.26 238.82 238.82 238.06 238.79 208.0 238.81 50.0 36400.0 21359.0 15041.0 0.0 238.6046
11:53:00 954.0 33257.0 232.26 238.95 239.05 238.74 238.93 100.0 238.96 26.0 33257.0 22000.0 11257.0 0.0 238.9047
11:54:00 1536.0 45627.0 232.26 239.32 239.4 238.74 239.33 200.0 239.34 25.0 45627.0 31076.0 14551.0 0.0 239.0247
11:55:00 739.0 21199.0 232.26 239.25 239.35 239.05 239.24 1.0 239.28 200.0 21199.0 10091.0 11108.0 0.0 239.204
11:56:00 1331.0 44694.0 232.26 239.46 239.62 239.12 239.44 332.0 239.47 6.0 44694.0 21307.0 23387.0 0.0 239.4294
11:57:00 3313.0 121198.0 232.26 239.67 240.15 239.47 239.64 104.0 239.68 170.0 121198.0 93570.0 27628.0 0.0 239.914
11:58:00 1258.0 31941.0 232.26 239.78 239.94 239.67 239.76 292.0 239.8 250.0 31941.0 16578.0 15363.0 0.0 239.8208
11:59:00 1057.0 29444.0 232.26 239.55 239.92 239.41 239.52 234.0 239.56 600.0 29444.0 14813.0 14631.0 0.0 239.6754
12:00:00 623.0 15955.0 232.26 239.74 239.75 239.48 239.72 50.0 239.75 3.0 15955.0 9448.0 6507.0 0.0 239.6453
12:01:00 818.0 23190.0 232.26 239.55 239.87 239.34 239.53 94.0 239.55 2.0 23190.0 10970.0 12220.0 0.0 239.5762
12:02:00 830.0 23088.0 232.26 239.64 239.69 239.41 239.62 115.0 239.67 206.0 23088.0 12537.0 10551.0 0.0 239.554
12:03:00 813.0 18553.0 232.26 239.57 239.76 239.54 239.54 606.0 239.58 150.0 18553.0 7007.0 11546.0 0.0 239.6344
12:04:00 950.0 24900.0 232.26 239.2 239.6 239.14 239.2 600.0 239.27 200.0 24900.0 9180.0 15720.0 0.0 239.3509
12:05:00 559.0 19856.0 232.26 239.53 239.54 239.23 239.52 50.0 239.53 211.0 19856.0 10899.0 8957.0 0.0 239.4037
12:06:00 886.0 22062.0 232.26 239.8 239.84 239.41 239.8 72.0 239.83 336.0 22062.0 12569.0 9493.0 0.0 239.5982
12:07:00 750.0 21097.0 232.26 239.71 239.85 239.62 239.68 50.0 239.72 52.0 21097.0 11028.0 10069.0 0.0 239.7132
12:08:00 774.0 24565.0 232.26 239.55 239.73 239.35 239.53 36.0 239.56 150.0 24565.0 9104.0 15461.0 0.0 239.5312
12:09:00 886.0 21310.0 232.26 239.27 239.59 239.07 239.26 110.0 239.29 28.0 21310.0 9400.0 11910.0 0.0 239.3692
12:10:00 1033.0 29258.0 232.26 238.87 239.4 238.81 238.85 127.0 238.88 527.0 29258.0 10829.0 18429.0 0.0 239.0316
12:11:00 906.0 28764.0 232.26 239.18 239.38 238.88 239.14 630.0 239.18 50.0 28764.0 16834.0 11930.0 0.0 239.054
12:12:00 1092.0 29128.0 232.26 239.0 239.29 239.0 239.0 674.0 239.01 50.0 29128.0 11783.0 17345.0 0.0 239.133
12:13:00 698.0 21620.0 232.26 239.23 239.3 238.91 239.22 52.0 239.25 50.0 21620.0 11338.0 10282.0 0.0 239.0716
12:14:00 701.0 16381.0 232.26 239.13 239.29 238.97 239.1 55.0 239.15 183.0 16381.0 6586.0 9795.0 0.0 239.1051
12:15:00 936.0 32076.0 232.26 238.91 239.11 238.76 238.91 50.0 238.94 340.0 32076.0 11630.0 20446.0 0.0 238.9042
12:16:00 869.0 31083.0 232.26 238.52 239.0 238.4 238.48 100.0 238.53 150.0 31083.0 9676.0 21407.0 0.0 238.6035
12:17:00 842.0 20675.0 232.26 238.98 239.05 238.49 238.97 68.0 239.0 60.0 20675.0 10957.0 9718.0 0.0 238.7291
12:18:00 1229.0 38410.0 232.26 239.21 239.33 239.0 239.19 150.0 239.23 150.0 38410.0 24252.0 14158.0 0.0 239.1891
12:19:00 1406.0 50491.0 232.26 239.58 239.84 239.21 239.56 300.0 239.59 100.0 50491.0 32536.0 17955.0 0.0 239.6373
12:20:00 615.0 16077.0 232.26 239.54 239.65 239.4 239.52 104.0 239.55 417.0 16077.0 7117.0 8960.0 0.0 239.5211
12:21:00 660.0 18854.0 232.26 239.65 239.65 239.39 239.63 50.0 239.66 147.0 18854.0 9572.0 9282.0 0.0 239.5481
12:22:00 946.0 33633.0 232.26 239.4 239.78 239.2 239.33 500.0 239.38 187.0 33633.0 15958.0 17675.0 0.0 239.4308
12:23:00 553.0 20306.0 232.26 239.16 239.45 238.96 239.13 50.0 239.16 32.0 20306.0 7356.0 12950.0 0.0 239.1309
12:24:00 695.0 23607.0 232.26 239.04 239.2 238.9 239.01 2.0 239.05 350.0 23607.0 10951.0 12656.0 0.0 239.0289
12:25:00 1320.0 43956.0 232.26 238.53 239.1 238.02 238.5 150.0 238.54 83.0 43956.0 15973.0 27983.0 0.0 238.5133
12:26:00 1063.0 44893.0 232.26 238.02 238.6 237.89 238.0 86.0 238.03 5.0 44893.0 10793.0 34100.0 0.0 238.1043
12:27:00 627.0 38049.0 232.26 238.18 238.28 237.96 238.17 108.0 238.21 746.0 38049.0 9594.0 28455.0 0.0 238.1235
12:28:00 915.0 50530.0 232.26 238.41 238.49 238.13 238.4 348.0 238.43 51.0 50530.0 14756.0 35774.0 0.0 238.2791
12:29:00 1200.0 33607.0 232.26 238.73 238.84 238.36 238.7 255.0 238.75 259.0 33607.0 17595.0 16012.0 0.0 238.5602
12:30:00 762.0 20314.0 232.26 238.87 238.87 238.61 238.85 351.0 238.88 127.0 20314.0 10287.0 10027.0 0.0 238.744
12:31:00 1120.0 40546.0 232.26 239.25 239.39 238.87 239.22 50.0 239.27 134.0 40546.0 23773.0 16773.0 0.0 239.0856
12:32:00 981.0 28337.0 232.26 239.38 239.5 239.21 239.36 225.0 239.4 520.0 28337.0 17019.0 11318.0 0.0 239.3544
12:33:00 991.0 45421.0 232.26 239.31 239.42 239.16 239.29 529.0 239.33 150.0 45421.0 30996.0 14425.0 0.0 239.2502
12:34:00 1092.0 56023.0 232.26 238.82 239.3 238.71 238.8 556.0 238.84 200.0 56023.0 38036.0 17987.0 0.0 239.1055
12:35:00 789.0 47240.0 232.26 238.72 238.92 238.52 238.69 245.0 238.75 300.0 47240.0 21569.0 25671.0 0.0 238.6626
12:36:00 981.0 34351.0 232.26 238.96 239.03 238.54 238.92 150.0 238.98 200.0 34351.0 12611.0 21740.0 0.0 238.78
12:37:00 685.0 18590.0 232.26 238.71 238.98 238.5 238.69 12.0 238.73 150.0 18590.0 7763.0 10827.0 0.0 238.7377
12:38:00 675.0 15324.0 232.26 239.14 239.14 238.69 239.12 50.0 239.15 110.0 15324.0 8404.0 6920.0 0.0 238.9434
12:39:00 960.0 29497.0 232.26 239.25 239.44 239.08 239.22 225.0 239.28 164.0 29497.0 13100.0 16397.0 0.0 239.238
12:40:00 777.0 28098.0 232.26 239.56 239.61 239.22 239.56 450.0 239.6 710.0 28098.0 18938.0 9160.0 0.0 239.3549
12:41:00 580.0 18977.0 232.26 239.52 239.66 239.33 239.51 200.0 239.54 50.0 18977.0 8612.0 10365.0 0.0 239.4905
12:42:00 608.0 16663.0 232.26 239.25 239.57 239.21 239.22 100.0 239.27 150.0 16663.0 6622.0 10041.0 0.0 239.3539
12:43:00 508.0 16805.0 232.26 239.46 239.5 239.18 239.43 358.0 239.47 156.0 16805.0 8686.0 8119.0 0.0 239.3514
12:44:00 640.0 21196.0 232.26 239.39 239.67 239.27 239.36 50.0 239.41 50.0 21196.0 8940.0 12256.0 0.0 239.4257
12:45:00 849.0 39520.0 232.26 239.28 239.79 239.21 239.29 105.0 239.32 11.0 39520.0 27114.0 12406.0 0.0 239.5299
12:46:00 773.0 22940.0 232.26 239.85 239.96 239.3 239.83 20.0 239.87 500.0 22940.0 14945.0 7995.0 0.0 239.6401
12:47:00 1342.0 44887.0 232.26 240.08 240.11 239.73 240.03 39.0 240.08 151.0 44887.0 30111.0 14776.0 0.0 239.9822
12:48:00 900.0 26270.0 232.26 240.21 240.23 239.8 240.2 8778.0 240.23 51.0 26270.0 13360.0 12910.0 0.0 240.0476
12:49:00 1680.0 56111.0 232.26 240.15 240.55 240.12 240.15 30.0 240.18 53.0 56111.0 26086.0 30025.0 0.0 240.3146
12:50:00 963.0 28250.0 232.26 240.15 240.26 239.97 240.13 230.0 240.19 1412.0 28250.0 17275.0 10975.0 0.0 240.0913
12:51:00 482.0 23643.0 232.26 240.14 240.19 239.94 240.12 50.0 240.14 98.0 23643.0 11721.0 11922.0 0.0 240.0888
12:52:00 890.0 28406.0 232.26 240.04 240.18 239.86 240.02 50.0 240.05 85.0 28406.0 14595.0 13811.0 0.0 239.9896
12:53:00 754.0 16157.0 232.26 239.96 240.14 239.84 239.93 150.0 239.96 30.0 16157.0 7180.0 8977.0 0.0 240.011
12:54:00 1138.0 40408.0 232.26 240.28 240.33 239.93 240.23 215.0 240.27 200.0 40408.0 19213.0 21195.0 0.0 240.1903
12:55:00 446.0 15248.0 232.26 240.18 240.34 240.14 240.17 150.0 240.2 51.0 15248.0 6251.0 8997.0 0.0 240.2075
12:56:00 647.0 17183.0 232.26 240.09 240.39 240.07 240.08 50.0 240.1 100.0 17183.0 8799.0 8384.0 0.0 240.2549
12:57:00 749.0 26660.0 232.26 240.41 240.48 240.0 240.4 200.0 240.42 50.0 26660.0 14649.0 12011.0 0.0 240.2168
12:58:00 769.0 22104.0 232.26 240.17 240.49 240.07 240.16 150.0 240.2 488.0 22104.0 10591.0 11513.0 0.0 240.2849
12:59:00 748.0 17521.0 232.26 239.96 240.2 239.88 239.95 53.0 239.97 89.0 17521.0 5544.0 11977.0 0.0 240.0025
13:00:00 446.0 15994.0 232.26 240.0 240.13 239.94 239.99 150.0 240.02 33.0 15994.0 6323.0 9671.0 0.0 240.0349
13:01:00 1342.0 47176.0 232.26 239.81 240.05 239.51 239.79 50.0 239.83 34.0 47176.0 24713.0 22463.0 0.0 239.7329
13:02:00 960.0 32584.0 232.26 239.55 239.88 239.33 239.51 126.0 239.54 50.0 32584.0 10098.0 22486.0 0.0 239.526
13:03:00 649.0 20417.0 232.26 239.74 239.74 239.35 239.72 325.0 239.74 50.0 20417.0 8638.0 11779.0 0.0 239.5198
13:04:00 942.0 24860.0 232.26 239.69 239.77 239.6 239.68 308.0 239.7 100.0 24860.0 12214.0 12646.0 0.0 239.7025
13:05:00 743.0 20317.0 232.26 239.68 239.84 239.59 239.66 34.0 239.7 200.0 20317.0 9971.0 10346.0 0.0 239.7108
13:06:00 608.0 14187.0 232.26 239.67 239.76 239.48 239.66 211.0 239.7 26.0 14187.0 5967.0 8220.0 0.0 239.6495
13:07:00 1844.0 50244.0 232.26 240.52 240.74 239.65 240.5 118.0 240.53 15.0 50244.0 35451.0 14793.0 0.0 240.3117
13:08:00 757.0 33931.0 232.26 240.52 240.63 240.43 240.51 286.0 240.56 150.0 33931.0 24522.0 9409.0 0.0 240.5519
13:09:00 625.0 16219.0 232.26 240.32 240.55 240.2 240.31 144.0 240.33 104.0 16219.0 7749.0 8470.0 0.0 240.4033
13:10:00 724.0 17687.0 232.26 240.11 240.47 240.0 240.05 284.0 240.1 192.0 17687.0 7892.0 9795.0 0.0 240.1856
13:11:00 689.0 18099.0 232.26 239.84 240.2 239.8 239.82 12.0 239.85 150.0 18099.0 6090.0 12009.0 0.0 239.9523
13:12:00 553.0 16579.0 232.26 239.84 239.97 239.61 239.83 251.0 239.88 32.0 16579.0 8010.0 8569.0 0.0 239.7884
13:13:00 641.0 14220.0 232.26 240.15 240.15 239.81 240.14 100.0 240.16 407.0 14220.0 7362.0 6858.0 0.0 239.9936
13:14:00 918.0 26710.0 232.26 239.88 240.29 239.74 239.86 240.0 239.89 83.0 26710.0 7476.0 19234.0 0.0 240.037
13:15:00 845.0 27185.0 232.26 239.94 240.0 239.64 239.93 214.0 239.98 100.0 27185.0 16798.0 10387.0 0.0 239.8003
13:16:00 719.0 21814.0 232.26 239.81 240.0 239.61 239.78 50.0 239.83 71.0 21814.0 10135.0 11679.0 0.0 239.786
13:17:00 385.0 10917.0 232.26 239.85 239.97 239.8 239.83 195.0 239.87 250.0 10917.0 6167.0 4750.0 0.0 239.8755
13:18:00 816.0 25488.0 232.26 239.87 240.18 239.76 239.84 200.0 239.88 176.0 25488.0 14793.0 10695.0 0.0 239.9596
13:19:00 418.0 10329.0 232.26 239.75 239.93 239.63 239.73 140.0 239.77 200.0 10329.0 5967.0 4362.0 0.0 239.772
13:20:00 321.0 9500.0 232.26 239.81 239.84 239.69 239.8 50.0 239.83 174.0 9500.0 4790.0 4710.0 0.0 239.761
13:21:00 896.0 21004.0 232.26 239.74 239.96 239.65 239.71 150.0 239.74 97.0 21004.0 9310.0 11694.0 0.0 239.7934
13:22:00 565.0 15858.0 232.26 239.94 239.95 239.62 239.92 160.0 239.95 50.0 15858.0 8179.0 7679.0 0.0 239.7724
13:23:00 697.0 24168.0 232.26 239.83 240.16 239.69 239.82 58.0 239.84 1.0 24168.0 10964.0 13204.0 0.0 239.9377
13:24:00 853.0 28672.0 232.26 239.61 239.85 239.37 239.61 132.0 239.63 1.0 28672.0 10801.0 17871.0 0.0 239.534
13:25:00 416.0 10162.0 232.26 239.67 239.79 239.56 239.66 216.0 239.71 201.0 10162.0 5736.0 4426.0 0.0 239.6985
13:26:00 1046.0 21749.0 232.26 239.48 239.76 239.41 239.46 150.0 239.5 2.0 21749.0 10027.0 11722.0 0.0 239.6073
13:27:00 485.0 11509.0 232.26 239.55 239.63 239.41 239.51 212.0 239.55 48.0 11509.0 6385.0 5124.0 0.0 239.5205
13:28:00 474.0 14553.0 232.26 239.48 239.69 239.46 239.46 481.0 239.52 293.0 14553.0 8329.0 6224.0 0.0 239.5982
13:29:00 1744.0 55174.0 232.26 238.76 239.48 238.66 238.74 174.0 238.79 50.0 55174.0 16466.0 38708.0 0.0 239.0459
13:30:00 880.0 25834.0 232.26 238.78 239.15 238.68 238.77 135.0 238.79 76.0 25834.0 12871.0 12963.0 0.0 238.884
13:31:00 537.0 17554.0 232.26 238.78 238.96 238.75 238.75 160.0 238.78 50.0 17554.0 7315.0 10239.0 0.0 238.8526
13:32:00 1017.0 54141.0 232.26 238.4 238.76 238.27 238.39 150.0 238.43 10.0 54141.0 10065.0 44076.0 0.0 238.5318
13:33:00 539.0 19303.0 232.26 238.69 238.72 238.29 238.68 150.0 238.72 200.0 19303.0 10535.0 8768.0 0.0 238.4792
13:34:00 801.0 17247.0 232.26 238.82 238.87 238.69 238.78 50.0 238.83 50.0 17247.0 8924.0 8323.0 0.0 238.771
13:35:00 650.0 17263.0 232.26 238.59 238.9 238.47 238.57 100.0 238.6 50.0 17263.0 6021.0 11242.0 0.0 238.6722
13:36:00 505.0 16972.0 232.26 238.5 238.7 238.23 238.49 150.0 238.54 56.0 16972.0 5729.0 11243.0 0.0 238.4597
13:37:00 844.0 22669.0 232.26 239.06 239.11 238.53 239.05 141.0 239.09 150.0 22669.0 11758.0 10911.0 0.0 238.8401
13:38:00 770.0 22408.0 232.26 239.33 239.37 239.03 239.29 52.0 239.34 643.0 22408.0 10222.0 12186.0 0.0 239.2265
13:39:00 817.0 24815.0 232.26 239.49 239.74 239.3 239.47 185.0 239.52 50.0 24815.0 12989.0 11826.0 0.0 239.5583
13:40:00 625.0 12563.0 232.26 239.48 239.53 239.31 239.44 204.0 239.47 76.0 12563.0 6915.0 5648.0 0.0 239.4256
13:41:00 642.0 19806.0 232.26 239.7 239.71 239.29 239.67 56.0 239.71 10.0 19806.0 8802.0 11004.0 0.0 239.4625
13:42:00 843.0 24072.0 232.26 239.9 240.12 239.71 239.89 16.0 239.95 150.0 24072.0 14849.0 9223.0 0.0 239.9611
13:43:00 822.0 18412.0 232.26 239.96 240.12 239.84 239.92 300.0 239.97 200.0 18412.0 9359.0 9053.0 0.0 239.9819
13:44:00 781.0 29598.0 232.26 239.36 240.0 239.3 239.33 50.0 239.39 106.0 29598.0 10385.0 19213.0 0.0 239.7076
13:45:00 1010.0 23659.0 232.26 239.07 239.49 238.95 239.05 100.0 239.09 200.0 23659.0 9373.0 14286.0 0.0 239.2047
13:46:00 622.0 18703.0 232.26 239.31 239.55 239.02 239.27 181.0 239.33 50.0 18703.0 10998.0 7705.0 0.0 239.3714
13:47:00 487.0 16716.0 232.26 239.23 239.61 239.2 239.21 200.0 239.28 150.0 16716.0 9280.0 7436.0 0.0 239.4469
13:48:00 422.0 13222.0 232.26 239.22 239.5 239.22 239.21 100.0 239.25 243.0 13222.0 6355.0 6867.0 0.0 239.3635
13:49:00 305.0 12828.0 232.26 239.28 239.42 239.21 239.26 100.0 239.31 340.0 12828.0 6991.0 5837.0 0.0 239.3313
13:50:00 392.0 13865.0 232.26 239.64 239.77 239.28 239.63 100.0 239.67 150.0 13865.0 7652.0 6213.0 0.0 239.5341
13:51:00 553.0 15025.0 232.26 239.71 239.92 239.55 239.68 22.0 239.72 50.0 15025.0 8310.0 6715.0 0.0 239.7507
13:52:00 277.0 13390.0 232.26 239.52 239.72 239.47 239.56 151.0 239.6 51.0 13390.0 7102.0 6288.0 0.0 239.5808
13:53:00 402.0 11644.0 232.26 239.34 239.6 239.21 239.32 50.0 239.35 30.0 11644.0 4316.0 7328.0 0.0 239.4019
13:54:00 355.0 10978.0 232.26 239.63 239.66 239.34 239.61 220.0 239.66 169.0 10978.0 6376.0 4602.0 0.0 239.5042
13:55:00 279.0 8897.0 232.26 239.53 239.7 239.42 239.5 403.0 239.55 54.0 8897.0 2913.0 5984.0 0.0 239.5825
13:56:00 308.0 7210.0 232.26 239.68 239.68 239.5 239.65 202.0 239.69 20.0 7210.0 2729.0 4481.0 0.0 239.6108
13:57:00 227.0 7403.0 232.26 239.64 239.73 239.53 239.61 200.0 239.64 99.0 7403.0 2356.0 5047.0 0.0 239.6249
13:58:00 622.0 19193.0 232.26 239.16 239.74 239.09 239.14 310.0 239.2 150.0 19193.0 6641.0 12552.0 0.0 239.3796
13:59:00 350.0 10864.0 232.26 239.42 239.52 239.2 239.4 50.0 239.45 50.0 10864.0 3588.0 7276.0 0.0 239.4026
14:00:00 297.0 8889.0 232.26 239.68 239.72 239.37 239.67 439.0 239.73 1355.0 8889.0 5653.0 3236.0 0.0 239.5791
14:01:00 321.0 9848.0 232.26 239.67 239.74 239.52 239.63 187.0 239.69 356.0 9848.0 4517.0 5331.0 0.0 239.6531
14:02:00 640.0 21741.0 232.26 239.94 239.97 239.58 239.91 50.0 239.96 50.0 21741.0 14085.0 7656.0 0.0 239.8267
14:03:00 517.0 18613.0 232.26 239.6 239.94 239.56 239.59 59.0 239.65 570.0 18613.0 4135.0 14478.0 0.0 239.7428
14:04:00 603.0 21284.0 232.26 239.4 239.65 239.22 239.38 100.0 239.44 124.0 21284.0 8561.0 12723.0 0.0 239.4014
14:05:00 275.0 7719.0 232.26 239.39 239.59 239.36 239.34 112.0 239.4 150.0 7719.0 3051.0 4668.0 0.0 239.4926
14:06:00 751.0 25652.0 232.26 239.83 239.96 239.3 239.82 200.0 239.87 223.0 25652.0 18234.0 7418.0 0.0 239.7288
14:07:00 637.0 21045.0 232.26 240.14 240.21 239.76 240.12 50.0 240.17 170.0 21045.0 15941.0 5104.0 0.0 239.9925
14:08:00 491.0 16133.0 232.26 240.12 240.19 239.99 240.1 5.0 240.14 200.0 16133.0 5069.0 11064.0 0.0 240.0611
14:09:00 671.0 21964.0 232.26 240.44 240.47 240.06 240.43 317.0 240.45 50.0 21964.0 13765.0 8199.0 0.0 240.3308
14:10:00 752.0 22076.0 232.26 240.15 240.43 240.05 240.1 181.0 240.15 42.0 22076.0 8657.0 13419.0 0.0 240.2492
14:11:00 576.0 12502.0 232.26 240.15 240.28 240.06 240.13 194.0 240.17 150.0 12502.0 6024.0 6478.0 0.0 240.1645
14:12:00 445.0 13889.0 232.26 240.36 240.45 240.13 240.34 200.0 240.36 1.0 13889.0 8771.0 5118.0 0.0 240.2916
14:13:00 551.0 23236.0 232.26 240.35 240.5 240.35 240.35 219.0 240.36 50.0 23236.0 11124.0 12112.0 0.0 240.4297
14:14:00 593.0 17570.0 232.26 240.19 240.36 240.09 240.17 82.0 240.22 474.0 17570.0 7405.0 10165.0 0.0 240.2181
14:15:00 529.0 13744.0 232.26 240.09 240.21 239.93 240.03 52.0 240.09 539.0 13744.0 5886.0 7858.0 0.0 240.0463
14:16:00 461.0 9943.0 232.26 240.19 240.25 239.98 240.16 200.0 240.2 150.0 9943.0 5115.0 4828.0 0.0 240.1242
14:17:00 394.0 13463.0 232.26 240.3 240.37 240.15 240.27 3.0 240.3 50.0 13463.0 7908.0 5555.0 0.0 240.2579
14:18:00 397.0 11673.0 232.26 240.26 240.3 240.11 240.24 58.0 240.26 5.0 11673.0 5328.0 6345.0 0.0 240.2335
14:19:00 444.0 11405.0 232.26 240.31 240.37 240.2 240.32 170.0 240.34 1.0 11405.0 5287.0 6118.0 0.0 240.2619
14:20:00 390.0 10479.0 232.26 240.35 240.44 240.25 240.35 100.0 240.4 66.0 10479.0 5007.0 5472.0 0.0 240.3481
14:21:00 737.0 23625.0 232.26 240.06 240.38 239.76 240.06 87.0 240.1 1110.0 23625.0 5447.0 18178.0 0.0 240.0567
14:22:00 548.0 14887.0 232.26 240.28 240.36 240.0 240.26 100.0 240.3 240.0 14887.0 8003.0 6884.0 0.0 240.2085
14:23:00 446.0 10579.0 232.26 240.25 240.39 240.23 240.24 100.0 240.28 213.0 10579.0 5563.0 5016.0 0.0 240.299
14:24:00 582.0 29429.0 232.26 240.57 240.61 240.22 240.55 145.0 240.58 150.0 29429.0 21461.0 7968.0 0.0 240.4337
14:25:00 1592.0 45968.0 232.26 240.96 241.0 240.54 240.94 215.0 240.97 351.0 45968.0 27005.0 18963.0 0.0 240.8684
14:26:00 1783.0 65385.0 232.26 241.23 241.37 240.9 241.21 50.0 241.24 210.0 65385.0 45492.0 19893.0 0.0 241.1089
14:27:00 857.0 29055.0 232.26 241.3 241.33 241.17 241.27 258.0 241.3 151.0 29055.0 15776.0 13279.0 0.0 241.2491
14:28:00 1057.0 30031.0 232.26 241.26 241.44 241.15 241.26 124.0 241.27 224.0 30031.0 14567.0 15464.0 0.0 241.3252
14:29:00 1214.0 38308.0 232.26 241.54 241.59 241.23 241.53 50.0 241.56 70.0 38308.0 23426.0 14882.0 0.0 241.4556
14:30:00 947.0 32337.0 232.26 241.53 241.61 241.41 241.53 1.0 241.55 50.0 32337.0 16920.0 15417.0 0.0 241.5204
14:31:00 764.0 23125.0 232.26 241.3 241.57 241.22 241.29 163.0 241.32 176.0 23125.0 9968.0 13157.0 0.0 241.3986
14:32:00 948.0 25025.0 232.26 241.48 241.6 241.25 241.44 26.0 241.49 200.0 25025.0 14238.0 10787.0 0.0 241.3897
14:33:00 683.0 19772.0 232.26 241.52 241.52 241.19 241.52 150.0 241.55 11.0 19772.0 9993.0 9779.0 0.0 241.368
14:34:00 818.0 25800.0 232.26 241.62 241.72 241.55 241.6 1.0 241.63 200.0 25800.0 12992.0 12808.0 0.0 241.6399
14:35:00 619.0 19356.0 232.26 241.74 241.76 241.29 241.73 123.0 241.75 45.0 19356.0 9418.0 9938.0 0.0 241.568
14:36:00 1083.0 33304.0 232.26 241.74 241.99 241.71 241.71 20.0 241.74 172.0 33304.0 20447.0 12857.0 0.0 241.8749
14:37:00 742.0 30631.0 232.26 241.81 242.0 241.73 241.79 328.0 241.81 1.0 30631.0 18439.0 12192.0 0.0 241.8505
14:38:00 598.0 20930.0 232.26 241.91 241.94 241.71 241.89 90.0 241.92 325.0 20930.0 11467.0 9463.0 0.0 241.8208
14:39:00 744.0 21727.0 232.26 241.79 241.95 241.56 241.78 150.0 241.8 50.0 21727.0 9990.0 11737.0 0.0 241.7291
14:40:00 494.0 16601.0 232.26 241.82 241.89 241.7 241.81 88.0 241.83 52.0 16601.0 6810.0 9791.0 0.0 241.7848
14:41:00 1738.0 62352.0 232.26 242.07 242.15 241.79 242.06 1175.0 242.09 50.0 62352.0 40249.0 22103.0 0.0 242.0182
14:42:00 1085.0 42745.0 232.26 241.99 242.13 241.82 241.98 50.0 242.0 50.0 42745.0 15769.0 26976.0 0.0 241.9824
14:43:00 566.0 19282.0 232.26 242.03 242.13 241.92 242.02 50.0 242.04 900.0 19282.0 9821.0 9461.0 0.0 242.0245
14:44:00 954.0 32340.0 232.26 241.86 242.1 241.81 241.85 202.0 241.88 50.0 32340.0 18121.0 14219.0 0.0 241.996
14:45:00 958.0 38536.0 232.26 242.26 242.3 241.77 242.25 1300.0 242.29 200.0 38536.0 21876.0 16660.0 0.0 241.981
14:46:00 971.0 44326.0 232.26 242.3 242.47 242.1 242.28 27.0 242.31 31.0 44326.0 24111.0 20215.0 0.0 242.3313
14:47:00 1049.0 45510.0 232.26 242.19 242.46 242.12 242.18 254.0 242.2 400.0 45510.0 24154.0 21356.0 0.0 242.2781
14:48:00 1924.0 65090.0 232.26 241.11 242.25 241.09 241.1 50.0 241.14 163.0 65090.0 25348.0 39742.0 0.0 241.6229
14:49:00 1219.0 44082.0 232.26 241.15 241.25 240.92 241.15 300.0 241.17 83.0 44082.0 20051.0 24031.0 0.0 241.1056
14:50:00 977.0 26645.0 232.26 241.57 241.6 241.14 241.55 12.0 241.6 154.0 26645.0 12250.0 14395.0 0.0 241.305
14:51:00 792.0 25592.0 232.26 241.57 241.75 241.47 241.56 4.0 241.58 50.0 25592.0 12225.0 13367.0 0.0 241.6148
14:52:00 636.0 20248.0 232.26 241.62 241.87 241.46 241.61 150.0 241.62 100.0 20248.0 9935.0 10313.0 0.0 241.6509
14:53:00 749.0 25228.0 232.26 241.6 241.63 241.36 241.6 250.0 241.65 144.0 25228.0 14725.0 10503.0 0.0 241.4934
14:54:00 580.0 18660.0 232.26 241.57 241.69 241.34 241.56 250.0 241.59 359.0 18660.0 9403.0 9257.0 0.0 241.4801
14:55:00 727.0 20509.0 232.26 241.7 241.85 241.52 241.69 634.0 241.74 150.0 20509.0 10779.0 9730.0 0.0 241.7094
14:56:00 637.0 21497.0 232.26 241.99 242.04 241.71 241.97 50.0 242.0 424.0 21497.0 13776.0 7721.0 0.0 241.9159
14:57:00 922.0 32731.0 232.26 242.02 242.22 241.97 242.01 450.0 242.04 200.0 32731.0 20076.0 12655.0 0.0 242.0926
14:58:00 612.0 23906.0 232.26 242.19 242.27 242.03 242.16 250.0 242.19 50.0 23906.0 11789.0 12117.0 0.0 242.1439
14:59:00 690.0 25535.0 232.26 241.82 242.19 241.7 241.8 250.0 241.82 31.0 25535.0 10075.0 15460.0 0.0 241.9351
15:00:00 468.0 16122.0 232.26 241.79 241.86 241.72 241.79 231.0 241.82 50.0 16122.0 5129.0 10993.0 0.0 241.7886
15:01:00 938.0 36029.0 232.26 242.32 242.38 241.5 242.28 50.0 242.33 3.0 36029.0 19516.0 16513.0 0.0 241.7903
15:02:00 698.0 20238.0 232.26 242.11 242.44 241.98 242.1 65.0 242.14 252.0 20238.0 10714.0 9524.0 0.0 242.1378
15:03:00 696.0 21221.0 232.26 241.88 242.18 241.63 241.87 124.0 241.89 150.0 21221.0 8748.0 12473.0 0.0 241.8871
15:04:00 766.0 37690.0 232.26 242.09 242.3 241.88 242.08 110.0 242.11 200.0 37690.0 27101.0 10589.0 0.0 242.1105
15:05:00 671.0 24400.0 232.26 242.18 242.3 242.05 242.17 350.0 242.19 100.0 24400.0 14560.0 9840.0 0.0 242.1709
15:06:00 898.0 34644.0 232.26 241.89 242.17 241.62 241.88 12.0 241.91 60.0 34644.0 6872.0 27772.0 0.0 241.8089
15:07:00 663.0 45798.0 232.26 241.75 241.98 241.61 241.72 120.0 241.75 152.0 45798.0 9474.0 36324.0 0.0 241.8107
15:08:00 707.0 45057.0 232.26 241.59 241.76 241.52 241.56 146.0 241.59 289.0 45057.0 10853.0 34204.0 0.0 241.6307
15:09:00 1470.0 68636.0 232.26 241.14 241.59 241.12 241.13 55.0 241.18 350.0 68636.0 18735.0 49901.0 0.0 241.3466
15:10:00 1265.0 40314.0 232.26 240.77 241.23 240.71 240.74 3.0 240.79 35.0 40314.0 14422.0 25892.0 0.0 241.021
15:11:00 1249.0 49579.0 232.26 240.81 241.02 240.65 240.8 207.0 240.81 100.0 49579.0 16235.0 33344.0 0.0 240.8428
15:12:00 1183.0 35786.0 232.26 241.04 241.06 240.69 241.02 250.0 241.05 150.0 35786.0 19145.0 16641.0 0.0 240.9123
15:13:00 1306.0 36473.0 232.26 240.46 241.06 240.22 240.44 82.0 240.49 150.0 36473.0 14243.0 22230.0 0.0 240.5397
15:14:00 1483.0 45518.0 232.26 240.0 240.48 239.94 239.99 19.0 240.04 235.0 45518.0 14056.0 31462.0 0.0 240.1187
15:15:00 1181.0 38543.0 232.26 239.78 240.15 239.66 239.76 150.0 239.81 170.0 38543.0 11609.0 26934.0 0.0 239.9148
15:16:00 926.0 30466.0 232.26 240.16 240.32 239.64 240.14 38.0 240.19 201.0 30466.0 14625.0 15841.0 0.0 239.9748
15:17:00 977.0 33592.0 232.26 239.81 240.23 239.81 239.8 200.0 239.85 74.0 33592.0 11224.0 22368.0 0.0 239.9957
15:18:00 1163.0 42272.0 232.26 239.41 239.86 239.17 239.4 64.0 239.43 50.0 42272.0 23651.0 18621.0 0.0 239.512
15:19:00 694.0 20012.0 232.26 239.25 239.46 239.11 239.23 1097.0 239.28 400.0 20012.0 9627.0 10385.0 0.0 239.3399
15:20:00 1341.0 49149.0 232.26 238.99 239.25 238.67 238.98 75.0 239.02 50.0 49149.0 15107.0 34042.0 0.0 238.9312
15:21:00 1236.0 38503.0 232.26 239.66 239.8 238.93 239.63 1.0 239.67 110.0 38503.0 20932.0 17571.0 0.0 239.4513
15:22:00 817.0 23395.0 232.26 239.84 239.9 239.43 239.81 50.0 239.86 50.0 23395.0 8982.0 14413.0 0.0 239.6109
15:23:00 1065.0 31579.0 232.26 240.17 240.34 239.73 240.16 100.0 240.2 200.0 31579.0 17684.0 13895.0 0.0 240.0945
15:24:00 885.0 33039.0 232.26 240.79 240.89 240.17 240.76 368.0 240.79 1.0 33039.0 16768.0 16271.0 0.0 240.6372
15:25:00 640.0 25902.0 232.26 240.83 240.96 240.66 240.81 202.0 240.85 200.0 25902.0 12476.0 13426.0 0.0 240.8185
15:26:00 1030.0 33270.0 232.26 240.91 241.17 240.84 240.89 474.0 240.93 68.0 33270.0 14082.0 19188.0 0.0 241.0206
15:27:00 977.0 42952.0 232.26 240.7 241.06 240.45 240.68 200.0 240.72 50.0 42952.0 25203.0 17749.0 0.0 240.7048
15:28:00 814.0 29477.0 232.26 240.14 240.73 240.08 240.13 100.0 240.16 100.0 29477.0 11794.0 17683.0 0.0 240.3887
15:29:00 917.0 27667.0 232.26 240.66 240.72 240.16 240.65 105.0 240.68 152.0 27667.0 14672.0 12995.0 0.0 240.5336
15:30:00 513.0 19749.0 232.26 240.5 240.68 240.26 240.47 83.0 240.5 200.0 19749.0 6822.0 12927.0 0.0 240.4986
15:31:00 849.0 31194.0 232.26 240.47 240.56 240.1 240.46 167.0 240.49 200.0 31194.0 11684.0 19510.0 0.0 240.2819
15:32:00 1240.0 50939.0 232.26 241.0 241.34 240.42 240.97 2236.0 241.01 500.0 50939.0 31508.0 19431.0 0.0 240.967
15:33:00 1505.0 60094.0 232.26 242.03 242.06 241.0 242.0 150.0 242.04 50.0 60094.0 40391.0 19703.0 0.0 241.7395
15:34:00 1404.0 45842.0 232.26 242.26 242.46 241.85 242.25 151.0 242.3 12.0 45842.0 25455.0 20387.0 0.0 242.2224
15:35:00 1197.0 43353.0 232.26 242.3 242.65 242.14 242.29 120.0 242.31 5.0 43353.0 26271.0 17082.0 0.0 242.4084
15:36:00 710.0 31749.0 232.26 242.2 242.43 242.11 242.2 111.0 242.24 162.0 31749.0 18258.0 13491.0 0.0 242.2678
15:37:00 1073.0 63059.0 232.26 242.085 242.38 242.06 242.08 16.0 242.1 400.0 63059.0 43462.0 19597.0 0.0 242.2334
15:38:00 1400.0 60829.0 232.26 241.58 242.12 241.5 241.57 10.0 241.59 100.0 60829.0 32745.0 28084.0 0.0 241.8083
15:39:00 1369.0 61034.0 232.26 241.14 241.66 240.87 241.13 50.0 241.17 57.0 61034.0 33034.0 28000.0 0.0 241.1808
15:40:00 1093.0 53893.0 232.26 241.42 241.53 241.13 241.4 250.0 241.45 1196.0 53893.0 18225.0 35668.0 0.0 241.3087
15:41:00 1113.0 60343.0 232.26 241.43 241.72 241.28 241.42 360.0 241.46 370.0 60343.0 26024.0 34319.0 0.0 241.5099
15:42:00 896.0 31663.0 232.26 241.49 241.66 241.33 241.45 261.0 241.48 150.0 31663.0 13662.0 18001.0 0.0 241.4969
15:43:00 1073.0 33618.0 232.26 241.85 241.98 241.43 241.83 530.0 241.87 250.0 33618.0 20241.0 13377.0 0.0 241.7505
15:44:00 1056.0 34033.0 232.26 241.86 241.98 241.58 241.84 536.0 241.88 50.0 34033.0 12927.0 21106.0 0.0 241.81
15:45:00 1101.0 35428.0 232.26 241.72 241.95 241.61 241.69 200.0 241.74 100.0 35428.0 14355.0 21073.0 0.0 241.8081
15:46:00 1697.0 68344.0 232.26 242.23 242.31 241.65 242.19 150.0 242.24 5.0 68344.0 34002.0 34342.0 0.0 242.0698
15:47:00 1239.0 37025.0 232.26 242.36 242.5 242.01 242.35 21.0 242.37 205.0 37025.0 16998.0 20027.0 0.0 242.2941
15:48:00 1547.0 66732.0 232.26 242.76 242.85 242.32 242.75 203.0 242.78 176.0 66732.0 36203.0 30529.0 0.0 242.5955
15:49:00 1231.0 41392.0 232.26 242.57 242.76 242.5 242.54 140.0 242.57 424.0 41392.0 14123.0 27269.0 0.0 242.5969
15:50:00 2501.0 110369.0 232.26 243.11 243.21 242.56 243.1 708.0 243.14 50.0 110369.0 78859.0 31510.0 0.0 242.8706
15:51:00 2789.0 88958.0 232.26 243.51 243.63 243.01 243.47 278.0 243.52 210.0 88958.0 49861.0 39097.0 0.0 243.3813
15:52:00 3030.0 111126.0 232.26 242.9 243.48 242.44 242.88 300.0 242.92 124.0 111126.0 39758.0 71368.0 0.0 242.7416
15:53:00 1822.0 64251.0 232.26 243.29 243.35 242.66 243.26 150.0 243.3 50.0 64251.0 30090.0 34161.0 0.0 242.9953
15:54:00 1961.0 63988.0 232.26 243.31 243.33 243.07 243.29 150.0 243.31 70.0 63988.0 24192.0 39796.0 0.0 243.2007
15:55:00 5365.0 225233.0 232.26 244.43 244.8 243.11 244.4 50.0 244.48 25.0 225233.0 96710.0 128523.0 0.0 244.0476
15:56:00 3505.0 132353.0 232.26 244.25 244.81 244.08 244.24 1106.0 244.27 16.0 132353.0 55951.0 76402.0 0.0 244.457
15:57:00 2157.0 86700.0 232.26 244.32 244.33 243.9 244.31 73.0 244.34 238.0 86700.0 38061.0 48639.0 0.0 244.1133
15:58:00 3129.0 121131.0 232.26 244.5 244.6 244.24 244.49 243.0 244.5 500.0 121131.0 61134.0 59997.0 0.0 244.4518
15:59:00 4393.0 155334.0 232.26 244.52 244.94 244.3 244.5 350.0 244.52 164.0 155334.0 74801.0 80533.0 0.0 244.5169
16:00:00 8550.0 307973.0 232.26 245.04 245.09 244.5 245.0 2.0 245.05 62336.0 307973.0 185621.0 122352.0 0.0 244.7706
16:01:00 127.0 5459.0 232.26 244.3 245.05 244.25 244.65 14.0 244.5 1.0 5459.0 2558.0 2901.0 0.0 244.5944
16:02:00 137.0 5339.0 232.26 244.22 244.7 244.01 244.65 14.0 244.22 11.0 5339.0 2776.0 2563.0 0.0 244.3725
16:03:00 341.0 24943.0 232.26 244.7 245.37 244.02 244.65 14.0 244.8 2.0 24943.0 13778.0 11165.0 0.0 244.7759
16:04:00 104.0 2403.0 232.26 244.45 244.77 244.3 244.65 14.0 244.45 832.0 2403.0 858.0 1545.0 0.0 244.4595
16:05:00 110.0 8901.0 232.26 244.83 244.83 244.3 244.65 14.0 244.85 502.0 8901.0 8272.0 629.0 0.0 244.539
16:06:00 81.0 3751.0 232.26 244.8 245.0 244.65 244.65 14.0 244.88 50.0 3751.0 2331.0 1420.0 0.0 244.8384
16:07:00 48.0 917.0 232.26 244.87 244.9 244.6 244.65 14.0 244.86 30.0 917.0 114.0 803.0 0.0 244.79
16:08:00 174.0 5644.0 232.26 244.76 245.4 244.6 244.7 81.0 244.76 65.0 5644.0 2450.0 3194.0 0.0 244.8714
16:09:00 86.0 2841.0 232.26 244.86 244.89 244.55 244.8 100.0 244.9 925.0 2841.0 600.0 2241.0 0.0 244.7151
16:10:00 84.0 1760.0 232.26 244.89 244.92 244.8 244.81 419.0 244.97 17.0 1760.0 1021.0 739.0 0.0 244.8723
16:11:00 92.0 2358.0 232.26 244.83 244.92 244.8 244.81 22.0 244.88 10.0 2358.0 5.0 2353.0 0.0 244.8435
16:12:00 164.0 3316.0 232.26 244.9 244.9 244.71 244.9 179.0 244.96 20.0 3316.0 690.0 2626.0 0.0 244.8315
16:13:00 225.0 8840.0 232.26 244.5 245.3 244.45 244.65 14.0 244.94 1333.0 8840.0 2557.0 6283.0 0.0 244.7112
16:14:00 81.0 2517.0 232.26 244.68 244.9 244.5 244.65 14.0 244.68 156.0 2517.0 1828.0 689.0 0.0 244.7128
16:15:00 90.0 3971.0 232.26 244.68 244.68 244.5 244.65 14.0 244.68 100.0 3971.0 3364.0 607.0 0.0 244.6251
16:16:00 137.0 6802.0 232.26 244.62 244.76 244.5 244.65 14.0 244.68 100.0 6802.0 2022.0 4780.0 0.0 244.6184
16:17:00 85.0 1671.0 232.26 244.66 244.73 244.51 244.65 14.0 244.68 109.0 1671.0 759.0 912.0 0.0 244.652
16:18:00 53.0 1334.0 232.26 244.65 244.7 244.64 244.65 338.0 244.68 195.0 1334.0 550.0 784.0 0.0 244.6574
16:19:00 84.0 2797.0 232.26 244.97 245.0 244.66 244.74 300.0 245.0 1131.0 2797.0 1700.0 1097.0 0.0 244.709
16:20:00 59.0 2507.0 232.26 245.1 245.1 244.8 245.05 100.0 245.05 100.0 2507.0 2274.0 233.0 0.0 244.9736
16:21:00 65.0 1079.0 232.26 245.01 245.1 245.0 245.01 100.0 245.05 104.0 1079.0 1.0 1078.0 0.0 245.0182
16:22:00 40.0 606.0 232.26 245.07 245.1 245.01 245.05 403.0 245.05 100.0 606.0 500.0 106.0 0.0 245.0417
16:23:00 74.0 591.0 232.26 245.18 245.3 245.05 245.1 1300.0 245.05 100.0 591.0 255.0 336.0 0.0 245.1795
16:24:00 94.0 1803.0 232.26 245.31 245.5 245.14 245.11 11.0 245.05 100.0 1803.0 1251.0 552.0 0.0 245.3714
16:25:00 45.0 1190.0 232.26 245.35 245.35 245.15 245.26 12.0 245.05 100.0 1190.0 1126.0 64.0 0.0 245.3219
16:26:00 156.0 6611.0 232.26 245.5 245.75 245.21 245.46 8.0 245.05 100.0 6611.0 5728.0 883.0 0.0 245.5023
16:27:00 42.0 905.0 232.26 245.73 245.73 245.38 245.52 16.0 245.05 100.0 905.0 802.0 103.0 0.0 245.4975
16:28:00 47.0 150.0 232.26 245.52 245.73 245.52 245.52 14.0 245.05 100.0 150.0 21.0 129.0 0.0 245.5519
16:29:00 35.0 616.0 232.26 245.6 245.6 245.4 245.5 23.0 245.05 100.0 616.0 254.0 362.0 0.0 245.5286
16:30:00 55.0 1180.0 232.26 245.55 245.72 245.45 245.53 303.0 245.05 100.0 1180.0 925.0 255.0 0.0 245.5724
16:31:00 66.0 3875.0 232.26 245.72 245.72 245.48 245.53 2.0 245.05 100.0 3875.0 2524.0 1351.0 0.0 245.639
16:32:00 46.0 2101.0 232.26 245.73 245.75 245.55 245.7 20.0 245.05 100.0 2101.0 1706.0 395.0 0.0 245.7197
16:33:00 78.0 3267.0 232.26 245.5 245.87 245.5 245.51 53.0 245.05 100.0 3267.0 2790.0 477.0 0.0 245.7214
16:34:00 86.0 2751.0 232.26 245.19 245.6 245.19 245.15 1.0 245.05 100.0 2751.0 573.0 2178.0 0.0 245.4773
16:35:00 35.0 2541.0 232.26 245.25 245.3 245.12 245.23 5.0 245.05 100.0 2541.0 2540.0 1.0 0.0 245.2223
16:36:00 34.0 502.0 232.26 245.45 245.5 245.27 245.45 14.0 245.05 100.0 502.0 427.0 75.0 0.0 245.4674
16:37:00 201.0 22406.0 232.26 245.24 245.49 244.49 245.0 561.0 245.05 100.0 22406.0 7257.0 15149.0 0.0 244.7682
16:38:00 133.0 3405.0 232.26 245.18 245.35 245.1 245.2 17.0 245.05 100.0 3405.0 347.0 3058.0 0.0 245.1748
16:39:00 55.0 706.0 232.26 245.1 245.29 245.1 245.1 220.0 245.05 100.0 706.0 8.0 698.0 0.0 245.1033
16:40:00 166.0 3283.0 232.26 245.31 245.31 245.1 245.21 219.0 245.05 100.0 3283.0 1885.0 1398.0 0.0 245.2213
16:41:00 60.0 472.0 232.26 245.43 245.45 245.22 245.36 2.0 245.05 100.0 472.0 263.0 209.0 0.0 245.3288
16:42:00 18.0 504.0 232.26 245.41 245.41 245.3 245.41 2406.0 245.05 100.0 504.0 0.0 504.0 0.0 245.3852
16:43:00 44.0 2915.0 232.26 245.39 245.45 245.3 245.3 287.0 245.05 100.0 2915.0 10.0 2905.0 0.0 245.3961
16:44:00 47.0 584.0 232.26 245.44 245.48 245.3 245.31 3.0 245.05 100.0 584.0 41.0 543.0 0.0 245.397
16:45:00 60.0 1280.0 232.26 245.48 245.48 245.3 245.3 110.0 245.05 100.0 1280.0 466.0 814.0 0.0 245.3708
16:46:00 46.0 2155.0 232.26 245.43 245.6 245.35 245.4 10.0 245.05 100.0 2155.0 2139.0 16.0 0.0 245.4923
16:47:00 36.0 278.0 232.26 245.64 245.7 245.46 245.53 10.0 245.05 100.0 278.0 202.0 76.0 0.0 245.6242
16:48:00 69.0 3872.0 232.26 245.65 245.71 245.5 245.5 60.0 245.05 100.0 3872.0 2559.0 1313.0 0.0 245.6652
16:49:00 36.0 919.0 232.26 245.59 245.63 245.42 245.48 1.0 245.05 100.0 919.0 750.0 169.0 0.0 245.4829
16:50:00 35.0 448.0 232.26 245.31 245.58 245.3 245.3 634.0 245.05 100.0 448.0 172.0 276.0 0.0 245.3521
16:51:00 33.0 537.0 232.26 245.51 245.62 245.4 245.51 102.0 245.05 100.0 537.0 338.0 199.0 0.0 245.4945
16:52:00 41.0 980.0 232.26 245.59 245.66 245.5 245.5 25.0 245.05 100.0 980.0 68.0 912.0 0.0 245.5138
16:53:00 17.0 115.0 232.26 245.58 245.6 245.5 245.5 26.0 245.05 100.0 115.0 90.0 25.0 0.0 245.5668
16:54:00 22.0 532.0 232.26 245.54 245.58 245.5 245.5 100.0 245.05 100.0 532.0 457.0 75.0 0.0 245.51
16:55:00 49.0 2445.0 232.26 245.49 245.59 245.41 245.35 5.0 245.05 100.0 2445.0 5.0 2440.0 0.0 245.4872
16:56:00 25.0 47.0 232.26 245.51 245.51 245.35 245.5 50.0 245.05 100.0 47.0 24.0 23.0 0.0 245.4549
16:57:00 49.0 141.0 232.26 245.55 245.55 245.45 245.55 166.0 245.05 100.0 141.0 139.0 2.0 0.0 245.5315
16:58:00 25.0 423.0 232.26 245.5 245.58 245.5 245.5 364.0 245.05 100.0 423.0 55.0 368.0 0.0 245.5288
16:59:00 44.0 552.0 232.26 245.59 245.59 245.48 245.48 47.0 245.05 100.0 552.0 137.0 415.0 0.0 245.5167
17:00:00 50.0 800.0 232.26 245.61 245.64 245.48 245.47 5.0 245.05 100.0 800.0 770.0 30.0 0.0 245.5979
