time trade_count trade_volume trade_first trade_last trade_high trade_low bid_price bid_size ask_price ask_size hid_vol buy_vol sell_vol unsided_vol vwap
09:00:00 nan 1234.0 220.0 219.83 220.0 219.45 219.57 3.0 219.99 6.0 1234.0 8.0 1226.0 0.0 219.7943
09:01:00 40.0 447.0 220.0 219.8 219.89 219.57 219.64 15.0 219.75 50.0 447.0 292.0 155.0 0.0 219.7118
09:02:00 93.0 370.0 220.0 219.11 219.75 219.1 219.11 5.0 219.45 200.0 370.0 102.0 268.0 0.0 219.4069
09:03:00 107.0 1582.0 220.0 218.82 219.42 218.66 218.79 3.0 218.8 77.0 1582.0 84.0 1498.0 0.0 218.9359
09:04:00 168.0 3173.0 220.0 218.9 218.9 218.42 218.75 111.0 218.91 4.0 3173.0 2780.0 393.0 0.0 218.708
09:05:00 77.0 1749.0 220.0 219.6 219.6 218.74 219.5 3.0 219.75 48.0 1749.0 1520.0 229.0 0.0 219.0007
09:06:00 80.0 1291.0 220.0 219.4 219.88 219.4 219.38 3.0 219.8 74.0 1291.0 48.0 1243.0 0.0 219.5796
09:07:00 55.0 591.0 220.0 219.88 219.99 219.5 219.65 12.0 219.99 1.0 591.0 573.0 18.0 0.0 219.8682
09:08:00 132.0 1074.0 220.0 219.8 220.0 219.45 219.54 3.0 219.96 1.0 1074.0 401.0 673.0 0.0 219.7587
09:09:00 99.0 2937.0 220.0 220.3 220.39 219.63 220.18 115.0 220.3 5.0 2937.0 2934.0 3.0 0.0 220.1014
09:10:00 98.0 822.0 220.0 220.1 220.31 219.96 220.02 30.0 220.29 2189.0 822.0 180.0 642.0 0.0 220.0768
09:11:00 130.0 1123.0 220.0 219.66 220.16 219.43 219.58 6.0 219.88 245.0 1123.0 0.0 1123.0 0.0 219.859
09:12:00 78.0 453.0 220.0 219.64 219.99 219.44 219.55 1.0 219.72 55.0 453.0 271.0 182.0 0.0 219.7986
09:13:00 90.0 514.0 220.0 220.0 220.0 219.43 219.9 4.0 220.19 1025.0 514.0 383.0 131.0 0.0 219.849
09:14:00 63.0 694.0 220.0 219.56 220.0 219.56 219.61 1.0 219.75 81.0 694.0 71.0 623.0 0.0 219.7819
09:15:00 126.0 1129.0 220.0 219.3 219.8 219.3 219.3 17.0 219.4 1748.0 1129.0 300.0 829.0 0.0 219.4443
09:16:00 116.0 2373.0 220.0 219.24 219.4 219.13 219.1 1.0 219.28 175.0 2373.0 1267.0 1106.0 0.0 219.2618
09:17:00 79.0 2592.0 220.0 219.3 219.55 219.15 219.33 6.0 219.54 1.0 2592.0 1476.0 1116.0 0.0 219.2407
09:18:00 43.0 449.0 220.0 219.74 219.74 219.4 219.62 6.0 219.75 181.0 449.0 61.0 388.0 0.0 219.5845
09:19:00 78.0 705.0 220.0 219.74 219.86 219.44 219.72 6.0 219.92 200.0 705.0 613.0 92.0 0.0 219.711
09:20:00 50.0 90.0 220.0 219.91 219.91 219.68 219.71 3.0 219.9 7.0 90.0 16.0 74.0 0.0 219.7116
09:21:00 116.0 3944.0 220.0 220.18 220.32 219.69 220.0 114.0 220.18 8.0 3944.0 2851.0 1093.0 0.0 220.129
09:22:00 165.0 2956.0 220.0 219.68 220.19 219.31 219.68 3.0 220.0 106.0 2956.0 2045.0 911.0 0.0 220.1177
09:23:00 48.0 31.0 220.0 219.83 219.83 219.5 219.65 194.0 219.94 1.0 31.0 0.0 31.0 0.0 219.5632
09:24:00 83.0 1184.0 220.0 219.95 220.17 219.65 219.86 12.0 220.1 12.0 1184.0 925.0 259.0 0.0 219.8973
09:25:00 54.0 448.0 220.0 220.02 220.2 219.76 220.01 3.0 220.2 25.0 448.0 203.0 245.0 0.0 220.0607
09:26:00 158.0 4345.0 220.0 220.656 220.78 220.2 220.37 3.0 220.69 2387.0 4345.0 2781.0 1564.0 0.0 220.5526
09:27:00 89.0 1319.0 220.0 220.35 220.5 220.06 220.3 160.0 220.4 70.0 1319.0 206.0 1113.0 0.0 220.2446
09:28:00 180.0 2688.0 220.0 220.17 220.39 219.86 220.22 126.0 220.34 1.0 2688.0 267.0 2421.0 0.0 220.1496
09:29:00 141.0 3329.0 220.0 219.88 220.38 219.73 219.72 10.0 220.0 488.0 3329.0 2730.0 599.0 0.0 220.1566
09:30:00 93.0 2147.0 220.0 220.01 220.22 219.67 220.0 20.0 220.01 1072.0 2147.0 1627.0 520.0 0.0 220.0201
09:31:00 4252.0 156488.0 220.0 220.93 222.49 220.0 220.87 27.0 220.93 76.0 156488.0 85392.0 71096.0 0.0 221.1196
09:32:00 3462.0 96465.0 220.0 219.44 221.04 218.33 219.36 39.0 219.5 50.0 96465.0 32032.0 64433.0 0.0 219.4475
09:33:00 3025.0 87438.0 220.0 217.44 219.62 217.22 217.35 25.0 217.49 280.0 87438.0 42023.0 45415.0 0.0 218.1019
09:34:00 2650.0 63222.0 220.0 216.25 218.73 216.25 216.24 5.0 216.35 67.0 63222.0 27537.0 35685.0 0.0 217.4076
09:35:00 2753.0 88185.0 220.0 215.78 217.41 215.71 215.7 749.0 215.8 174.0 88185.0 38414.0 49771.0 0.0 216.2511
09:36:00 3342.0 141567.0 220.0 215.47 216.43 215.17 215.42 58.0 215.56 47.0 141567.0 82994.0 58573.0 0.0 215.6443
09:37:00 5557.0 137446.0 220.0 214.69 215.72 214.54 214.61 105.0 214.73 10.0 137446.0 34340.0 103106.0 0.0 215.0706
09:38:00 2768.0 110145.0 220.0 215.95 216.3 214.56 215.9 3.0 215.99 100.0 110145.0 85208.0 24937.0 0.0 215.7216
09:39:00 2308.0 62335.0 220.0 216.29 216.55 214.98 216.19 100.0 216.33 25.0 62335.0 30112.0 32223.0 0.0 215.6791
09:40:00 1979.0 77041.0 220.0 216.75 217.13 215.49 216.7 285.0 216.76 100.0 77041.0 26299.0 50742.0 0.0 216.378
09:41:00 1684.0 57934.0 220.0 216.7 217.27 216.0 216.63 48.0 216.76 100.0 57934.0 18969.0 38965.0 0.0 216.7661
09:42:00 2083.0 51149.0 220.0 216.03 216.71 215.3 215.97 200.0 216.09 25.0 51149.0 21169.0 29980.0 0.0 216.0014
09:43:00 2515.0 60982.0 220.0 215.13 216.1 214.93 215.06 42.0 215.17 175.0 60982.0 25827.0 35155.0 0.0 215.2386
09:44:00 2059.0 74631.0 220.0 215.51 216.03 214.97 215.49 3.0 215.55 117.0 74631.0 28722.0 45909.0 0.0 215.6491
09:45:00 2460.0 64033.0 220.0 214.47 215.68 214.31 214.37 18.0 214.5 25.0 64033.0 25558.0 38475.0 0.0 214.8376
09:46:00 2359.0 51518.0 220.0 214.84 215.12 214.38 214.75 2.0 214.86 25.0 51518.0 28424.0 23094.0 0.0 214.7634
09:47:00 1490.0 34250.0 220.0 214.6 215.37 214.53 214.56 10.0 214.68 203.0 34250.0 19827.0 14423.0 0.0 214.9113
09:48:00 2730.0 77408.0 220.0 213.83 214.79 213.75 213.78 125.0 213.84 100.0 77408.0 24869.0 52539.0 0.0 214.0633
09:49:00 2146.0 66170.0 220.0 214.29 214.65 213.59 214.21 3.0 214.31 300.0 66170.0 41412.0 24758.0 0.0 214.1064
09:50:00 2218.0 64077.0 220.0 214.68 215.41 214.3 214.61 11.0 214.68 39.0 64077.0 29379.0 34698.0 0.0 214.9089
09:51:00 1727.0 58198.0 220.0 214.78 214.86 214.0 214.8 28.0 214.85 1240.0 58198.0 33409.0 24789.0 0.0 214.4176
09:52:00 2187.0 56714.0 220.0 214.99 215.46 214.58 214.92 210.0 215.0 27.0 56714.0 34625.0 22089.0 0.0 215.0057
09:53:00 1662.0 45196.0 220.0 215.5 215.52 214.7 215.47 156.0 215.54 328.0 45196.0 23695.0 21501.0 0.0 215.2871
09:54:00 2198.0 84520.0 220.0 214.9 215.85 214.86 214.89 342.0 214.96 41.0 84520.0 26792.0 57728.0 0.0 215.2781
09:55:00 2104.0 73943.0 220.0 214.31 214.93 213.99 214.31 218.0 214.39 103.0 73943.0 34497.0 39446.0 0.0 214.3438
09:56:00 2127.0 61230.0 220.0 213.4 214.62 213.15 213.36 1.0 213.42 21.0 61230.0 19460.0 41770.0 0.0 213.6723
09:57:00 2293.0 83476.0 220.0 214.14 214.49 213.39 214.13 25.0 214.23 1.0 83476.0 57440.0 26036.0 0.0 213.8302
09:58:00 1542.0 52529.0 220.0 214.25 214.61 213.85 214.22 17.0 214.31 175.0 52529.0 33804.0 18725.0 0.0 214.3149
09:59:00 1001.0 25671.0 220.0 214.0 214.37 213.64 213.98 100.0 214.06 150.0 25671.0 12201.0 13470.0 0.0 214.0377
10:00:00 1724.0 39425.0 220.0 214.7 214.78 213.56 214.69 25.0 214.8 409.0 39425.0 23636.0 15789.0 0.0 214.15
10:01:00 1793.0 54401.0 220.0 213.89 215.2 213.89 213.89 25.0 214.03 150.0 54401.0 23232.0 31169.0 0.0 214.5998
10:02:00 2496.0 95871.0 220.0 213.23 213.95 212.96 213.17 31.0 213.24 20.0 95871.0 14243.0 81628.0 0.0 213.3215
10:03:00 1111.0 46165.0 220.0 213.71 213.71 213.14 213.62 383.0 213.71 220.0 46165.0 13050.0 33115.0 0.0 213.3469
10:04:00 1613.0 66075.0 220.0 213.86 214.33 212.96 213.82 50.0 213.91 200.0 66075.0 37595.0 28480.0 0.0 213.7347
10:05:00 941.0 22217.0 220.0 213.71 214.48 213.62 213.66 25.0 213.76 200.0 22217.0 9983.0 12234.0 0.0 213.9389
10:06:00 1023.0 34469.0 220.0 214.65 214.74 213.5 214.57 170.0 214.66 200.0 34469.0 22250.0 12219.0 0.0 214.1372
10:07:00 934.0 21492.0 220.0 213.9 214.66 213.66 213.85 150.0 213.94 150.0 21492.0 7785.0 13707.0 0.0 214.096
10:08:00 1053.0 30971.0 220.0 213.84 214.13 213.47 213.8 102.0 213.89 150.0 30971.0 13597.0 17374.0 0.0 213.7661
10:09:00 1194.0 39311.0 220.0 214.11 214.66 213.67 214.02 115.0 214.12 125.0 39311.0 14281.0 25030.0 0.0 214.0458
10:10:00 893.0 25368.0 220.0 214.01 214.42 213.57 213.92 65.0 214.03 4.0 25368.0 11972.0 13396.0 0.0 214.0441
10:11:00 1437.0 55632.0 220.0 215.21 215.4 213.94 215.11 50.0 215.22 150.0 55632.0 36248.0 19384.0 0.0 214.9601
10:12:00 2207.0 78504.0 220.0 215.79 216.07 214.8 215.74 25.0 215.8 600.0 78504.0 45752.0 32752.0 0.0 215.6977
10:13:00 1301.0 54160.0 220.0 215.42 215.85 215.23 215.38 25.0 215.44 1.0 54160.0 34922.0 19238.0 0.0 215.544
10:14:00 1857.0 42318.0 220.0 214.78 215.48 214.66 214.76 120.0 214.83 75.0 42318.0 14234.0 28084.0 0.0 214.9908
10:15:00 703.0 30112.0 220.0 214.78 214.97 214.46 214.72 1.0 214.8 175.0 30112.0 10283.0 19829.0 0.0 214.6993
10:16:00 2119.0 61422.0 220.0 215.51 215.8 214.4 215.45 5.0 215.53 62.0 61422.0 36423.0 24999.0 0.0 215.1507
10:17:00 1345.0 39379.0 220.0 216.23 216.29 215.32 216.19 10.0 216.29 175.0 39379.0 26349.0 13030.0 0.0 215.7799
10:18:00 1577.0 41569.0 220.0 216.12 216.43 215.72 216.09 25.0 216.19 25.0 41569.0 15291.0 26278.0 0.0 216.0733
10:19:00 1525.0 57047.0 220.0 216.81 216.9 216.02 216.76 111.0 216.85 150.0 57047.0 35944.0 21103.0 0.0 216.5735
10:20:00 1715.0 52340.0 220.0 217.77 217.9 216.79 217.76 3.0 217.83 221.0 52340.0 30398.0 21942.0 0.0 217.4114
10:21:00 1324.0 33299.0 220.0 217.46 217.9 217.27 217.41 1.0 217.49 25.0 33299.0 14124.0 19175.0 0.0 217.5395
10:22:00 1925.0 49408.0 220.0 217.75 218.2 217.25 217.74 216.0 217.79 49.0 49408.0 26507.0 22901.0 0.0 217.7378
10:23:00 1783.0 46335.0 220.0 217.03 217.89 216.8 217.01 350.0 217.07 72.0 46335.0 19615.0 26720.0 0.0 217.3433
10:24:00 2282.0 65590.0 220.0 216.65 217.24 216.29 216.58 25.0 216.68 3.0 65590.0 29103.0 36487.0 0.0 216.6911
10:25:00 1712.0 35151.0 220.0 216.93 217.17 216.35 216.9 225.0 216.97 125.0 35151.0 17988.0 17163.0 0.0 216.789
10:26:00 1395.0 40699.0 220.0 217.22 217.43 216.6 217.23 300.0 217.3 105.0 40699.0 26658.0 14041.0 0.0 216.8662
10:27:00 1340.0 34491.0 220.0 216.69 217.68 216.62 216.61 225.0 216.73 25.0 34491.0 15351.0 19140.0 0.0 217.1684
10:28:00 1652.0 72253.0 220.0 216.26 217.03 215.9 216.18 106.0 216.24 75.0 72253.0 14372.0 57881.0 0.0 216.206
10:29:00 1903.0 69035.0 220.0 215.31 216.2 215.18 215.26 19.0 215.34 50.0 69035.0 39872.0 29163.0 0.0 215.5733
10:30:00 784.0 21506.0 220.0 215.96 215.96 215.38 215.9 50.0 215.96 46.0 21506.0 12010.0 9496.0 0.0 215.6993
10:31:00 1234.0 49685.0 220.0 216.33 216.58 215.23 216.32 157.0 216.38 17.0 49685.0 28902.0 20783.0 0.0 215.9604
10:32:00 1118.0 26800.0 220.0 216.27 216.73 216.0 216.27 10.0 216.38 49.0 26800.0 10877.0 15923.0 0.0 216.2803
10:33:00 845.0 18320.0 220.0 216.0 216.43 215.71 215.95 13.0 216.03 25.0 18320.0 4726.0 13594.0 0.0 215.9352
10:34:00 1014.0 36226.0 220.0 215.67 215.95 215.17 215.67 298.0 215.75 25.0 36226.0 9516.0 26710.0 0.0 215.5131
10:35:00 842.0 19362.0 220.0 215.35 215.9 215.24 215.35 4.0 215.4 75.0 19362.0 9332.0 10030.0 0.0 215.4412
10:36:00 1078.0 30822.0 220.0 215.38 215.9 215.06 215.38 25.0 215.47 50.0 30822.0 17129.0 13693.0 0.0 215.3977
10:37:00 960.0 47289.0 220.0 216.22 216.55 215.31 216.15 25.0 216.24 275.0 47289.0 34547.0 12742.0 0.0 215.9528
10:38:00 1319.0 47077.0 220.0 217.04 217.38 216.15 217.01 25.0 217.12 24.0 47077.0 26354.0 20723.0 0.0 216.9709
10:39:00 1058.0 37293.0 220.0 217.73 218.09 216.96 217.67 25.0 217.75 28.0 37293.0 24492.0 12801.0 0.0 217.7373
10:40:00 756.0 17866.0 220.0 217.25 217.73 217.1 217.21 100.0 217.28 1.0 17866.0 6640.0 11226.0 0.0 217.4236
10:41:00 762.0 30734.0 220.0 217.5 217.64 217.1 217.45 311.0 217.53 25.0 30734.0 15351.0 15383.0 0.0 217.3982
10:42:00 853.0 25265.0 220.0 217.19 217.9 217.01 217.19 50.0 217.27 90.0 25265.0 10888.0 14377.0 0.0 217.566
10:43:00 1520.0 57435.0 220.0 216.57 217.41 216.4 216.51 338.0 216.61 125.0 57435.0 22229.0 35206.0 0.0 216.8501
10:44:00 819.0 19035.0 220.0 216.6 216.73 216.34 216.54 25.0 216.62 1.0 19035.0 9301.0 9734.0 0.0 216.5218
10:45:00 832.0 26156.0 220.0 216.43 216.67 216.14 216.39 25.0 216.47 325.0 26156.0 15777.0 10379.0 0.0 216.463
10:46:00 721.0 26327.0 220.0 217.02 217.25 216.34 217.01 50.0 217.09 25.0 26327.0 15870.0 10457.0 0.0 216.8444
10:47:00 1273.0 65471.0 220.0 218.12 218.63 217.0 218.11 100.0 218.17 119.0 65471.0 43526.0 21945.0 0.0 218.149
10:48:00 1990.0 49856.0 220.0 219.59 219.69 218.14 219.51 25.0 219.59 160.0 49856.0 28948.0 20908.0 0.0 219.2778
10:49:00 1138.0 30848.0 220.0 219.3 219.63 219.1 219.28 30.0 219.33 100.0 30848.0 12602.0 18246.0 0.0 219.353
10:50:00 2593.0 99456.0 220.0 220.46 220.51 219.26 220.45 225.0 220.5 4.0 99456.0 62876.0 36580.0 0.0 219.9259
10:51:00 1880.0 53165.0 220.0 220.82 220.93 220.04 220.77 175.0 220.86 80.0 53165.0 23195.0 29970.0 0.0 220.6059
10:52:00 1450.0 39091.0 220.0 220.03 220.88 219.91 219.98 400.0 220.05 60.0 39091.0 13924.0 25167.0 0.0 220.3018
10:53:00 949.0 30451.0 220.0 220.1 220.21 219.72 220.07 10.0 220.11 5.0 30451.0 14449.0 16002.0 0.0 219.9697
10:54:00 2103.0 73044.0 220.0 220.9 220.98 220.0 220.84 26.0 220.92 129.0 73044.0 49715.0 23329.0 0.0 220.617
10:55:00 2004.0 83219.0 220.0 221.33 221.74 220.68 221.3 76.0 221.38 100.0 83219.0 37476.0 45743.0 0.0 221.1471
10:56:00 1621.0 36929.0 220.0 221.46 221.61 221.08 221.42 20.0 221.48 30.0 36929.0 18945.0 17984.0 0.0 221.2961
10:57:00 1528.0 35194.0 220.0 221.44 221.61 221.08 221.43 2.0 221.49 75.0 35194.0 19399.0 15795.0 0.0 221.356
10:58:00 2900.0 64930.0 220.0 222.1 222.48 221.26 222.06 50.0 222.14 5.0 64930.0 41319.0 23611.0 0.0 221.9857
10:59:00 1988.0 60783.0 220.0 222.37 222.55 221.93 222.32 25.0 222.37 35.0 60783.0 34745.0 26038.0 0.0 222.2206
11:00:00 3048.0 140212.0 220.0 223.09 223.21 222.03 223.08 100.0 223.14 3.0 140212.0 55222.0 84990.0 0.0 222.5825
11:01:00 2283.0 77493.0 220.0 223.0 223.37 222.7 222.97 103.0 223.03 325.0 77493.0 34322.0 43171.0 0.0 223.0607
11:02:00 1566.0 52928.0 220.0 222.33 223.08 222.23 222.32 100.0 222.35 87.0 52928.0 22802.0 30126.0 0.0 222.6133
11:03:00 1895.0 94002.0 220.0 221.99 222.42 221.69 221.92 50.0 222.01 744.0 94002.0 45788.0 48214.0 0.0 222.0184
11:04:00 1437.0 46782.0 220.0 222.15 222.61 221.95 222.07 51.0 222.16 50.0 46782.0 28076.0 18706.0 0.0 222.1646
11:05:00 1351.0 55870.0 220.0 221.49 222.11 221.13 221.47 25.0 221.54 10.0 55870.0 37839.0 18031.0 0.0 221.5757
11:06:00 1524.0 40960.0 220.0 221.62 221.96 221.4 221.57 49.0 221.65 421.0 40960.0 24056.0 16904.0 0.0 221.6133
11:07:00 1140.0 36751.0 220.0 221.75 222.2 221.39 221.7 180.0 221.8 138.0 36751.0 23360.0 13391.0 0.0 221.7512
11:08:00 1354.0 37798.0 220.0 221.61 221.89 221.39 221.6 25.0 221.67 125.0 37798.0 16059.0 21739.0 0.0 221.6449
11:09:00 1166.0 32332.0 220.0 222.14 222.42 221.57 222.08 100.0 222.17 100.0 32332.0 20285.0 12047.0 0.0 222.049
11:10:00 1191.0 31711.0 220.0 222.64 222.7 222.0 222.59 174.0 222.64 194.0 31711.0 19072.0 12639.0 0.0 222.4283
11:11:00 2085.0 143215.0 220.0 223.84 223.91 222.26 223.8 50.0 223.88 50.0 143215.0 123192.0 20023.0 0.0 223.0651
11:12:00 1660.0 66800.0 220.0 224.23 224.32 223.68 224.22 154.0 224.27 200.0 66800.0 33374.0 33426.0 0.0 224.0495
11:13:00 1495.0 39603.0 220.0 224.285 224.48 223.92 224.21 200.0 224.28 175.0 39603.0 21815.0 17788.0 0.0 224.1933
11:14:00 1251.0 35367.0 220.0 223.94 224.28 223.88 223.89 3.0 223.95 15.0 35367.0 18027.0 17340.0 0.0 224.0696
11:15:00 1444.0 43333.0 220.0 223.92 224.15 223.82 223.89 220.0 223.93 50.0 43333.0 19209.0 24124.0 0.0 224.0012
11:16:00 1501.0 49217.0 220.0 224.69 224.77 223.86 224.65 350.0 224.71 1.0 49217.0 26307.0 22910.0 0.0 224.4273
11:17:00 1580.0 51475.0 220.0 225.365 225.39 224.58 225.35 48.0 225.39 22.0 51475.0 37981.0 13494.0 0.0 224.9875
11:18:00 1346.0 32431.0 220.0 225.67 225.76 225.26 225.62 200.0 225.69 3.0 32431.0 16685.0 15746.0 0.0 225.5062
11:19:00 1562.0 38515.0 220.0 225.15 225.78 225.04 225.13 170.0 225.19 155.0 38515.0 14524.0 23991.0 0.0 225.3619
11:20:00 1152.0 31432.0 220.0 225.23 225.35 224.84 225.18 150.0 225.26 100.0 31432.0 15251.0 16181.0 0.0 225.0524
11:21:00 1108.0 37899.0 220.0 224.78 225.52 224.71 224.76 100.0 224.82 250.0 37899.0 15705.0 22194.0 0.0 225.0891
11:22:00 1064.0 28233.0 220.0 224.52 225.08 224.45 224.45 150.0 224.53 125.0 28233.0 17619.0 10614.0 0.0 224.8077
11:23:00 1203.0 28466.0 220.0 224.26 224.84 224.16 224.23 25.0 224.29 25.0 28466.0 16799.0 11667.0 0.0 224.5529
11:24:00 1017.0 27834.0 220.0 224.73 224.8 224.26 224.7 225.0 224.77 272.0 27834.0 13369.0 14465.0 0.0 224.5578
11:25:00 1188.0 38446.0 220.0 225.06 225.19 224.54 225.06 175.0 225.09 50.0 38446.0 19355.0 19091.0 0.0 224.9641
11:26:00 1135.0 41219.0 220.0 225.43 225.43 224.81 225.42 50.0 225.45 80.0 41219.0 24032.0 17187.0 0.0 225.0442
11:27:00 1072.0 35051.0 220.0 225.41 225.57 225.03 225.36 176.0 225.41 50.0 35051.0 20374.0 14677.0 0.0 225.3432
11:28:00 1280.0 43151.0 220.0 224.76 225.37 224.46 224.71 400.0 224.83 1147.0 43151.0 19574.0 23577.0 0.0 224.8182
11:29:00 688.0 20358.0 220.0 224.36 224.83 224.27 224.35 150.0 224.4 132.0 20358.0 11982.0 8376.0 0.0 224.4649
11:30:00 2347.0 74559.0 220.0 223.23 224.4 223.22 223.22 374.0 223.29 38.0 74559.0 37254.0 37305.0 0.0 223.7096
11:31:00 1979.0 85039.0 220.0 222.14 223.6 222.11 222.1 317.0 222.16 50.0 85039.0 49057.0 35982.0 0.0 222.9628
11:32:00 1941.0 69442.0 220.0 222.36 222.69 221.78 222.36 174.0 222.42 232.0 69442.0 43321.0 26121.0 0.0 222.1624
11:33:00 1089.0 28241.0 220.0 223.08 223.22 222.41 223.04 75.0 223.1 3.0 28241.0 19239.0 9002.0 0.0 222.8296
11:34:00 936.0 25822.0 220.0 222.68 223.1 222.26 222.63 125.0 222.68 100.0 25822.0 12947.0 12875.0 0.0 222.5955
11:35:00 1262.0 34530.0 220.0 222.92 223.05 222.29 222.86 50.0 222.93 24.0 34530.0 22629.0 11901.0 0.0 222.6228
11:36:00 1285.0 35497.0 220.0 222.83 223.24 222.59 222.77 25.0 222.85 363.0 35497.0 19672.0 15825.0 0.0 222.9451
11:37:00 1479.0 48054.0 220.0 223.31 223.72 222.64 223.3 4.0 223.36 348.0 48054.0 29736.0 18318.0 0.0 223.1717
11:38:00 1270.0 42184.0 220.0 223.99 224.15 223.0 223.92 284.0 224.01 49.0 42184.0 21356.0 20828.0 0.0 223.7552
11:39:00 759.0 26178.0 220.0 223.7 224.06 223.64 223.66 444.0 223.72 175.0 26178.0 15004.0 11174.0 0.0 223.8624
11:40:00 850.0 21741.0 220.0 223.15 224.08 222.94 223.12 1.0 223.18 25.0 21741.0 8623.0 13118.0 0.0 223.4393
11:41:00 1187.0 32947.0 220.0 222.31 223.15 222.22 222.28 100.0 222.32 100.0 32947.0 15572.0 17375.0 0.0 222.5956
11:42:00 983.0 26744.0 220.0 222.22 222.62 222.08 222.2 615.0 222.25 600.0 26744.0 12068.0 14676.0 0.0 222.3185
11:43:00 1062.0 29835.0 220.0 222.39 222.68 222.1 222.34 125.0 222.4 400.0 29835.0 17084.0 12751.0 0.0 222.3641
11:44:00 1226.0 38540.0 220.0 221.75 222.4 221.56 221.71 10.0 221.75 100.0 38540.0 17084.0 21456.0 0.0 222.0437
11:45:00 2541.0 93070.0 220.0 221.46 221.86 220.91 221.47 25.0 221.55 50.0 93070.0 44077.0 48993.0 0.0 221.5003
11:46:00 1222.0 33944.0 220.0 221.88 222.04 221.47 221.87 25.0 221.95 125.0 33944.0 17166.0 16778.0 0.0 221.6443
11:47:00 879.0 22875.0 220.0 221.66 222.32 221.62 221.61 305.0 221.68 75.0 22875.0 11255.0 11620.0 0.0 222.0934
11:48:00 551.0 23211.0 220.0 222.04 222.18 221.6 222.02 175.0 222.09 225.0 23211.0 17730.0 5481.0 0.0 221.9692
11:49:00 895.0 31221.0 220.0 222.52 222.59 221.95 222.48 25.0 222.54 40.0 31221.0 18894.0 12327.0 0.0 222.2599
11:50:00 974.0 38715.0 220.0 222.28 222.58 221.88 222.24 75.0 222.32 25.0 38715.0 12945.0 25770.0 0.0 222.2814
11:51:00 772.0 36240.0 220.0 222.81 222.86 222.17 222.8 58.0 222.85 174.0 36240.0 24367.0 11873.0 0.0 222.5979
11:52:00 794.0 28121.0 220.0 222.79 223.19 222.3 222.75 175.0 222.8 508.0 28121.0 14314.0 13807.0 0.0 222.7261
11:53:00 522.0 16992.0 220.0 222.74 223.05 222.66 222.74 215.0 222.81 150.0 16992.0 10691.0 6301.0 0.0 222.8317
11:54:00 587.0 16503.0 220.0 222.6 223.0 222.36 222.57 200.0 222.65 100.0 16503.0 8331.0 8172.0 0.0 222.6577
11:55:00 607.0 14829.0 220.0 222.49 222.71 222.22 222.44 25.0 222.52 200.0 14829.0 6106.0 8723.0 0.0 222.4771
11:56:00 688.0 22205.0 220.0 223.1 223.19 222.5 223.08 100.0 223.12 489.0 22205.0 13705.0 8500.0 0.0 222.8813
11:57:00 1731.0 82202.0 220.0 223.76 224.04 222.98 223.73 75.0 223.78 250.0 82202.0 34094.0 48108.0 0.0 223.7347
11:58:00 1093.0 41387.0 220.0 224.26 224.38 223.67 224.23 801.0 224.3 410.0 41387.0 19782.0 21605.0 0.0 224.1372
11:59:00 872.0 36608.0 220.0 224.58 224.69 224.27 224.52 150.0 224.58 100.0 36608.0 21731.0 14877.0 0.0 224.4406
12:00:00 1023.0 32476.0 220.0 224.68 224.72 224.45 224.66 500.0 224.69 100.0 32476.0 22553.0 9923.0 0.0 224.6147
12:01:00 1089.0 68795.0 220.0 224.23 224.9 224.12 224.2 1950.0 224.26 80.0 68795.0 53498.0 15297.0 0.0 224.4912
12:02:00 632.0 29478.0 220.0 224.07 224.4 223.87 224.03 32.0 224.08 200.0 29478.0 9677.0 19801.0 0.0 224.1167
12:03:00 783.0 32327.0 220.0 223.58 224.16 223.42 223.59 100.0 223.64 100.0 32327.0 9036.0 23291.0 0.0 223.6643
12:04:00 468.0 13336.0 220.0 223.76 223.85 223.41 223.77 25.0 223.83 1.0 13336.0 7078.0 6258.0 0.0 223.6598
12:05:00 783.0 21600.0 220.0 224.5 224.71 223.77 224.46 325.0 224.52 100.0 21600.0 13312.0 8288.0 0.0 224.3461
12:06:00 507.0 27454.0 220.0 224.56 224.66 224.16 224.53 110.0 224.58 162.0 27454.0 21894.0 5560.0 0.0 224.3289
12:07:00 768.0 19236.0 220.0 224.23 224.66 224.05 224.19 75.0 224.29 72.0 19236.0 7230.0 12006.0 0.0 224.3085
12:08:00 634.0 34371.0 220.0 223.97 224.31 223.94 223.95 10.0 224.0 1.0 34371.0 7149.0 27222.0 0.0 224.1028
12:09:00 488.0 13733.0 220.0 223.8 224.04 223.65 223.81 50.0 223.84 1.0 13733.0 4618.0 9115.0 0.0 223.808
12:10:00 464.0 18387.0 220.0 224.19 224.21 223.78 224.13 200.0 224.19 129.0 18387.0 13708.0 4679.0 0.0 224.0003
12:11:00 663.0 23142.0 220.0 223.98 224.19 223.7 223.93 20.0 224.01 50.0 23142.0 9577.0 13565.0 0.0 223.8492
12:12:00 801.0 23510.0 220.0 224.35 224.48 223.93 224.32 3.0 224.37 160.0 23510.0 13810.0 9700.0 0.0 224.2993
12:13:00 1175.0 36416.0 220.0 223.29 224.32 223.12 223.23 250.0 223.3 126.0 36416.0 9047.0 27369.0 0.0 223.7592
12:14:00 673.0 23846.0 220.0 222.9 223.39 222.84 222.91 156.0 222.97 50.0 23846.0 11119.0 12727.0 0.0 223.0907
12:15:00 543.0 15581.0 220.0 223.23 223.34 222.92 223.22 55.0 223.26 50.0 15581.0 9484.0 6097.0 0.0 223.1354
12:16:00 707.0 17832.0 220.0 222.93 223.4 222.82 222.91 100.0 222.97 50.0 17832.0 9208.0 8624.0 0.0 223.0515
12:17:00 411.0 11883.0 220.0 223.12 223.28 222.89 223.12 200.0 223.18 155.0 11883.0 6625.0 5258.0 0.0 223.0674
12:18:00 502.0 16024.0 220.0 223.32 223.44 223.0 223.26 246.0 223.33 1.0 16024.0 6711.0 9313.0 0.0 223.2348
12:19:00 638.0 43201.0 220.0 223.88 223.97 223.25 223.85 250.0 223.9 360.0 43201.0 32408.0 10793.0 0.0 223.5758
12:20:00 951.0 29353.0 220.0 224.14 224.39 223.84 224.08 448.0 224.15 124.0 29353.0 19531.0 9822.0 0.0 224.17
12:21:00 941.0 24720.0 220.0 223.24 224.14 223.21 223.2 167.0 223.26 111.0 24720.0 9177.0 15543.0 0.0 223.6846
12:22:00 778.0 21980.0 220.0 222.87 223.3 222.68 222.84 150.0 222.9 235.0 21980.0 9632.0 12348.0 0.0 222.8992
12:23:00 690.0 25542.0 220.0 222.26 222.91 222.25 222.23 251.0 222.32 100.0 25542.0 7821.0 17721.0 0.0 222.5272
12:24:00 595.0 16007.0 220.0 222.5 222.56 222.14 222.43 150.0 222.49 178.0 16007.0 9185.0 6822.0 0.0 222.3848
12:25:00 742.0 23484.0 220.0 222.37 222.5 221.96 222.31 290.0 222.37 177.0 23484.0 11143.0 12341.0 0.0 222.2066
12:26:00 657.0 22930.0 220.0 221.91 222.34 221.66 221.91 25.0 221.99 76.0 22930.0 6969.0 15961.0 0.0 222.0371
12:27:00 528.0 16123.0 220.0 222.13 222.16 221.78 222.08 25.0 222.14 101.0 16123.0 8424.0 7699.0 0.0 222.0053
12:28:00 868.0 23209.0 220.0 222.31 222.85 222.02 222.29 10.0 222.35 100.0 23209.0 12093.0 11116.0 0.0 222.4552
12:29:00 694.0 16517.0 220.0 222.17 222.39 222.02 222.15 175.0 222.2 23.0 16517.0 9385.0 7132.0 0.0 222.214
12:30:00 570.0 14565.0 220.0 222.19 222.38 222.03 222.18 349.0 222.22 150.0 14565.0 9028.0 5537.0 0.0 222.257
12:31:00 607.0 32419.0 220.0 222.0 222.39 221.93 221.94 200.0 222.03 274.0 32419.0 15188.0 17231.0 0.0 222.1568
12:32:00 357.0 14751.0 220.0 221.98 222.35 221.91 221.95 22.0 222.01 50.0 14751.0 7754.0 6997.0 0.0 222.0886
12:33:00 856.0 23768.0 220.0 221.98 222.28 221.71 221.91 178.0 221.98 291.0 23768.0 11546.0 12222.0 0.0 221.9475
12:34:00 701.0 31524.0 220.0 221.96 222.17 221.61 221.91 14.0 221.98 127.0 31524.0 16904.0 14620.0 0.0 221.8335
12:35:00 425.0 14879.0 220.0 221.94 222.08 221.73 221.86 175.0 221.93 125.0 14879.0 5086.0 9793.0 0.0 221.8418
12:36:00 741.0 16581.0 220.0 221.31 221.96 221.22 221.27 1.0 221.33 260.0 16581.0 5065.0 11516.0 0.0 221.5211
12:37:00 484.0 11655.0 220.0 221.64 221.8 221.33 221.61 25.0 221.68 75.0 11655.0 7518.0 4137.0 0.0 221.5655
12:38:00 838.0 25263.0 220.0 222.28 222.49 221.6 222.26 291.0 222.33 200.0 25263.0 15792.0 9471.0 0.0 222.1715
12:39:00 371.0 9829.0 220.0 221.87 222.36 221.83 221.85 175.0 221.92 295.0 9829.0 6357.0 3472.0 0.0 222.1143
12:40:00 345.0 10038.0 220.0 221.67 222.08 221.54 221.62 125.0 221.69 1.0 10038.0 5431.0 4607.0 0.0 221.7956
12:41:00 491.0 31938.0 220.0 222.16 222.31 221.66 222.13 25.0 222.21 209.0 31938.0 17195.0 14743.0 0.0 221.9365
12:42:00 310.0 7991.0 220.0 222.08 222.25 221.96 222.04 75.0 222.12 200.0 7991.0 4398.0 3593.0 0.0 222.115
12:43:00 623.0 18039.0 220.0 222.32 222.42 221.94 222.27 2.0 222.35 185.0 18039.0 9554.0 8485.0 0.0 222.1765
12:44:00 616.0 18399.0 220.0 222.71 222.86 222.35 222.69 37.0 222.75 250.0 18399.0 11284.0 7115.0 0.0 222.6242
12:45:00 745.0 27603.0 220.0 223.35 223.35 222.52 223.27 100.0 223.35 27.0 27603.0 14243.0 13360.0 0.0 222.8017
12:46:00 800.0 19305.0 220.0 223.08 223.71 223.03 223.09 2.0 223.16 25.0 19305.0 11291.0 8014.0 0.0 223.3866
12:47:00 558.0 14971.0 220.0 223.0 223.04 222.69 222.99 25.0 223.04 143.0 14971.0 7819.0 7152.0 0.0 222.8809
12:48:00 322.0 10961.0 220.0 223.05 223.16 222.83 223.03 156.0 223.1 25.0 10961.0 6314.0 4647.0 0.0 222.9896
12:49:00 527.0 13144.0 220.0 222.83 223.08 222.62 222.81 10.0 222.89 35.0 13144.0 8523.0 4621.0 0.0 222.8337
12:50:00 414.0 11691.0 220.0 222.74 223.13 222.64 222.7 150.0 222.78 25.0 11691.0 7496.0 4195.0 0.0 222.8766
12:51:00 940.0 38584.0 220.0 222.14 222.78 221.8 222.12 40.0 222.19 30.0 38584.0 15588.0 22996.0 0.0 222.1636
12:52:00 345.0 11903.0 220.0 222.21 222.51 222.15 222.19 75.0 222.25 100.0 11903.0 7905.0 3998.0 0.0 222.3008
12:53:00 523.0 13396.0 220.0 222.0 222.45 221.8 221.98 40.0 222.03 100.0 13396.0 7028.0 6368.0 0.0 222.0415
12:54:00 470.0 15572.0 220.0 221.63 222.13 221.5 221.58 175.0 221.66 32.0 15572.0 7432.0 8140.0 0.0 221.8193
12:55:00 612.0 18669.0 220.0 221.43 221.87 221.33 221.37 125.0 221.47 200.0 18669.0 5725.0 12944.0 0.0 221.5887
12:56:00 517.0 18306.0 220.0 221.87 221.92 221.33 221.81 24.0 221.88 125.0 18306.0 11857.0 6449.0 0.0 221.6584
12:57:00 515.0 21004.0 220.0 221.72 221.96 221.56 221.7 10.0 221.76 199.0 21004.0 12897.0 8107.0 0.0 221.7127
12:58:00 611.0 22330.0 220.0 221.87 222.12 221.3 221.82 25.0 221.9 200.0 22330.0 14874.0 7456.0 0.0 221.756
12:59:00 298.0 8350.0 220.0 221.92 222.0 221.81 221.86 99.0 221.93 34.0 8350.0 4617.0 3733.0 0.0 221.8876
13:00:00 554.0 27334.0 220.0 221.73 222.12 221.58 221.7 50.0 221.78 311.0 27334.0 15257.0 12077.0 0.0 221.8075
13:01:00 338.0 9459.0 220.0 221.94 222.01 221.6 221.88 25.0 221.96 20.0 9459.0 5828.0 3631.0 0.0 221.8216
13:02:00 410.0 10919.0 220.0 221.97 222.15 221.87 221.93 25.0 222.02 175.0 10919.0 6493.0 4426.0 0.0 222.0284
13:03:00 724.0 23080.0 220.0 222.78 223.08 221.98 222.76 200.0 222.82 425.0 23080.0 15289.0 7791.0 0.0 222.4888
13:04:00 727.0 19441.0 220.0 222.44 222.85 222.28 222.44 24.0 222.54 375.0 19441.0 10970.0 8471.0 0.0 222.5449
13:05:00 478.0 16576.0 220.0 222.35 222.64 222.14 222.31 133.0 222.41 25.0 16576.0 7478.0 9098.0 0.0 222.3924
13:06:00 609.0 14423.0 220.0 222.55 222.8 222.2 222.54 433.0 222.62 150.0 14423.0 8510.0 5913.0 0.0 222.6385
13:07:00 794.0 19227.0 220.0 222.76 223.26 222.45 222.72 125.0 222.8 25.0 19227.0 13519.0 5708.0 0.0 222.865
13:08:00 663.0 20747.0 220.0 223.09 223.43 222.72 223.06 525.0 223.14 101.0 20747.0 14079.0 6668.0 0.0 223.0422
13:09:00 435.0 14977.0 220.0 223.17 223.32 223.04 223.11 25.0 223.17 65.0 14977.0 9643.0 5334.0 0.0 223.1796
13:10:00 949.0 32853.0 220.0 223.49 223.63 222.78 223.45 45.0 223.54 150.0 32853.0 18916.0 13937.0 0.0 223.2617
13:11:00 669.0 24843.0 220.0 223.36 223.7 223.28 223.31 1.0 223.38 25.0 24843.0 11534.0 13309.0 0.0 223.4577
13:12:00 748.0 23376.0 220.0 223.72 223.89 223.27 223.65 101.0 223.73 225.0 23376.0 16908.0 6468.0 0.0 223.6533
13:13:00 523.0 17490.0 220.0 223.44 223.74 223.33 223.39 310.0 223.45 151.0 17490.0 11234.0 6256.0 0.0 223.5091
13:14:00 658.0 18629.0 220.0 223.42 223.64 223.3 223.4 25.0 223.46 314.0 18629.0 11386.0 7243.0 0.0 223.4584
13:15:00 535.0 16882.0 220.0 223.4 223.52 223.15 223.34 25.0 223.43 364.0 16882.0 8609.0 8273.0 0.0 223.2758
13:16:00 790.0 23381.0 220.0 223.62 223.86 223.31 223.58 384.0 223.64 175.0 23381.0 14200.0 9181.0 0.0 223.6503
13:17:00 604.0 16496.0 220.0 223.31 223.58 222.95 223.27 75.0 223.33 100.0 16496.0 7354.0 9142.0 0.0 223.2285
13:18:00 599.0 20260.0 220.0 223.24 223.7 223.21 223.2 107.0 223.29 75.0 20260.0 13909.0 6351.0 0.0 223.4057
13:19:00 610.0 18309.0 220.0 223.59 223.78 223.19 223.56 100.0 223.6 10.0 18309.0 12709.0 5600.0 0.0 223.5571
13:20:00 576.0 12395.0 220.0 223.23 223.86 223.16 223.19 51.0 223.24 525.0 12395.0 5242.0 7153.0 0.0 223.5746
13:21:00 466.0 11902.0 220.0 222.9 223.24 222.9 222.9 100.0 222.97 25.0 11902.0 7031.0 4871.0 0.0 223.0807
13:22:00 512.0 16417.0 220.0 222.45 223.04 222.4 222.4 215.0 222.46 200.0 16417.0 7085.0 9332.0 0.0 222.6793
13:23:00 693.0 20729.0 220.0 222.11 222.45 222.01 222.1 26.0 222.14 250.0 20729.0 10325.0 10404.0 0.0 222.1906
13:24:00 622.0 16715.0 220.0 222.02 222.25 221.83 221.95 25.0 222.02 255.0 16715.0 5702.0 11013.0 0.0 222.0058
13:25:00 362.0 12736.0 220.0 222.12 222.32 221.98 222.11 168.0 222.17 175.0 12736.0 8166.0 4570.0 0.0 222.1621
13:26:00 617.0 15253.0 220.0 222.09 222.39 222.03 222.09 37.0 222.13 100.0 15253.0 9129.0 6124.0 0.0 222.2377
13:27:00 1033.0 33373.0 220.0 221.72 222.18 221.62 221.72 56.0 221.81 50.0 33373.0 10660.0 22713.0 0.0 221.8469
13:28:00 924.0 35546.0 220.0 221.46 221.83 221.05 221.42 125.0 221.48 400.0 35546.0 12415.0 23131.0 0.0 221.3837
13:29:00 657.0 20018.0 220.0 221.56 221.74 221.39 221.5 300.0 221.57 49.0 20018.0 12406.0 7612.0 0.0 221.5626
13:30:00 481.0 16364.0 220.0 221.99 221.99 221.36 221.93 238.0 221.99 130.0 16364.0 11375.0 4989.0 0.0 221.7015
13:31:00 1646.0 51208.0 220.0 223.13 223.43 221.99 223.13 150.0 223.2 36.0 51208.0 37491.0 13717.0 0.0 222.6312
13:32:00 754.0 20561.0 220.0 223.04 223.19 222.95 223.02 105.0 223.09 1399.0 20561.0 10498.0 10063.0 0.0 223.0498
13:33:00 827.0 21712.0 220.0 222.95 223.17 222.72 222.91 20.0 222.96 300.0 21712.0 10703.0 11009.0 0.0 222.9565
13:34:00 781.0 17807.0 220.0 222.88 223.13 222.77 222.85 271.0 222.91 1.0 17807.0 7320.0 10487.0 0.0 222.9926
13:35:00 430.0 8762.0 220.0 222.77 223.04 222.68 222.76 170.0 222.8 200.0 8762.0 4282.0 4480.0 0.0 222.8703
13:36:00 713.0 17155.0 220.0 222.95 223.005 222.36 222.91 25.0 222.99 174.0 17155.0 8981.0 8174.0 0.0 222.6998
13:37:00 1042.0 23860.0 220.0 222.87 223.34 222.7 222.83 74.0 222.89 4.0 23860.0 13175.0 10685.0 0.0 223.0508
13:38:00 823.0 20263.0 220.0 222.41 222.97 222.14 222.38 150.0 222.46 25.0 20263.0 6488.0 13775.0 0.0 222.4973
13:39:00 415.0 9887.0 220.0 222.77 222.95 222.37 222.73 147.0 222.8 100.0 9887.0 5812.0 4075.0 0.0 222.6641
13:40:00 859.0 32818.0 220.0 222.4 223.06 222.36 222.37 21.0 222.42 50.0 32818.0 25345.0 7473.0 0.0 222.6491
13:41:00 581.0 19335.0 220.0 222.37 222.49 221.98 222.33 85.0 222.41 150.0 19335.0 7724.0 11611.0 0.0 222.2492
13:42:00 549.0 16012.0 220.0 221.84 222.53 221.8 221.8 11.0 221.88 125.0 16012.0 7419.0 8593.0 0.0 222.1069
13:43:00 590.0 17976.0 220.0 221.98 222.11 221.83 221.92 2.0 221.98 99.0 17976.0 10603.0 7373.0 0.0 221.9817
13:44:00 1088.0 48303.0 220.0 221.79 222.22 221.38 221.75 25.0 221.81 200.0 48303.0 19349.0 28954.0 0.0 221.681
13:45:00 671.0 14682.0 220.0 221.98 222.45 221.81 221.92 1.0 221.99 25.0 14682.0 9421.0 5261.0 0.0 222.0901
13:46:00 404.0 12061.0 220.0 221.83 222.25 221.68 221.78 39.0 221.85 173.0 12061.0 6702.0 5359.0 0.0 221.9259
13:47:00 479.0 13393.0 220.0 221.91 222.28 221.69 221.84 50.0 221.93 350.0 13393.0 8895.0 4498.0 0.0 222.0459
13:48:00 859.0 22961.0 220.0 221.71 221.84 221.36 221.71 105.0 221.79 24.0 22961.0 10988.0 11973.0 0.0 221.5516
13:49:00 1051.0 27153.0 220.0 221.92 222.58 221.68 221.9 2.0 221.97 17.0 27153.0 19885.0 7268.0 0.0 222.1192
13:50:00 930.0 34213.0 220.0 221.24 222.13 221.17 221.2 150.0 221.27 50.0 34213.0 16785.0 17428.0 0.0 221.5282
13:51:00 1573.0 41389.0 220.0 221.0 221.22 220.62 220.97 287.0 221.04 25.0 41389.0 17871.0 23518.0 0.0 220.9628
13:52:00 625.0 16853.0 220.0 221.24 221.24 220.73 221.17 25.0 221.24 200.0 16853.0 11821.0 5032.0 0.0 221.0026
13:53:00 501.0 13150.0 220.0 220.85 221.34 220.79 220.84 102.0 220.9 213.0 13150.0 5687.0 7463.0 0.0 221.0491
13:54:00 412.0 8659.0 220.0 221.01 221.19 220.83 220.99 4.0 221.07 125.0 8659.0 5462.0 3197.0 0.0 221.0449
13:55:00 651.0 28124.0 220.0 221.12 221.39 220.91 221.04 61.0 221.12 305.0 28124.0 11692.0 16432.0 0.0 221.1976
13:56:00 433.0 11393.0 220.0 221.17 221.28 220.88 221.12 25.0 221.2 26.0 11393.0 4425.0 6968.0 0.0 221.0884
13:57:00 629.0 15402.0 220.0 220.93 221.53 220.83 220.91 57.0 220.98 81.0 15402.0 8022.0 7380.0 0.0 221.2299
13:58:00 470.0 15724.0 220.0 220.89 221.04 220.74 220.85 1.0 220.93 174.0 15724.0 6664.0 9060.0 0.0 220.9008
13:59:00 1014.0 27457.0 220.0 221.0 221.15 220.87 220.93 425.0 221.01 150.0 27457.0 9922.0 17535.0 0.0 220.989
14:00:00 774.0 22864.0 220.0 220.95 221.75 220.93 220.9 46.0 220.95 150.0 22864.0 14092.0 8772.0 0.0 221.3688
14:01:00 1006.0 31536.0 220.0 221.31 222.14 220.9 221.25 275.0 221.34 1.0 31536.0 20417.0 11119.0 0.0 221.7428
14:02:00 1142.0 26257.0 220.0 221.11 221.68 221.0 221.04 430.0 221.12 400.0 26257.0 11508.0 14749.0 0.0 221.3306
14:03:00 932.0 28384.0 220.0 220.23 221.31 220.14 220.19 140.0 220.27 300.0 28384.0 8669.0 19715.0 0.0 220.7848
14:04:00 1047.0 34218.0 220.0 220.44 220.59 220.08 220.41 210.0 220.49 35.0 34218.0 19195.0 15023.0 0.0 220.3174
14:05:00 1873.0 48651.0 220.0 219.94 220.49 219.9 219.93 50.0 219.99 50.0 48651.0 5672.0 42979.0 0.0 220.0905
14:06:00 1210.0 31359.0 220.0 219.66 219.97 219.48 219.63 49.0 219.71 175.0 31359.0 15815.0 15544.0 0.0 219.7296
14:07:00 1927.0 45783.0 220.0 218.69 219.81 218.63 218.69 100.0 218.74 1233.0 45783.0 16463.0 29320.0 0.0 219.0537
14:08:00 2043.0 58071.0 220.0 217.95 218.75 217.84 217.94 150.0 218.0 424.0 58071.0 16879.0 41192.0 0.0 218.2917
14:09:00 1107.0 30838.0 220.0 218.3 218.46 217.92 218.31 53.0 218.36 221.0 30838.0 19722.0 11116.0 0.0 218.242
14:10:00 711.0 23818.0 220.0 218.22 218.55 218.18 218.23 55.0 218.29 150.0 23818.0 13784.0 10034.0 0.0 218.3872
14:11:00 733.0 27565.0 220.0 218.75 218.79 218.07 218.72 85.0 218.78 100.0 27565.0 14961.0 12604.0 0.0 218.5225
14:12:00 1007.0 42330.0 220.0 218.27 218.82 217.85 218.2 250.0 218.28 220.0 42330.0 16540.0 25790.0 0.0 218.262
14:13:00 856.0 27151.0 220.0 218.57 218.57 218.1 218.53 150.0 218.58 26.0 27151.0 9936.0 17215.0 0.0 218.3945
14:14:00 490.0 15905.0 220.0 218.31 218.65 218.21 218.28 500.0 218.36 721.0 15905.0 8681.0 7224.0 0.0 218.4279
14:15:00 1066.0 36373.0 220.0 217.71 218.33 217.6 217.7 964.0 217.76 150.0 36373.0 7896.0 28477.0 0.0 217.9612
14:16:00 707.0 25866.0 220.0 217.82 217.84 217.55 217.79 100.0 217.82 51.0 25866.0 12319.0 13547.0 0.0 217.697
14:17:00 983.0 32528.0 220.0 217.49 217.8 217.4 217.45 20.0 217.52 50.0 32528.0 10305.0 22223.0 0.0 217.5789
14:18:00 671.0 26276.0 220.0 217.85 218.06 217.5 217.83 25.0 217.88 75.0 26276.0 13213.0 13063.0 0.0 217.9219
14:19:00 652.0 23761.0 220.0 217.65 218.05 217.57 217.63 10.0 217.68 390.0 23761.0 8762.0 14999.0 0.0 217.8387
14:20:00 925.0 25210.0 220.0 217.21 217.63 217.01 217.18 150.0 217.26 300.0 25210.0 12220.0 12990.0 0.0 217.2763
14:21:00 779.0 20473.0 220.0 217.41 217.55 217.12 217.39 50.0 217.47 300.0 20473.0 10031.0 10442.0 0.0 217.2731
14:22:00 1507.0 36294.0 220.0 216.73 217.38 216.65 216.72 148.0 216.77 200.0 36294.0 13916.0 22378.0 0.0 216.8947
14:23:00 943.0 36868.0 220.0 216.97 217.07 216.62 216.91 460.0 216.96 100.0 36868.0 23244.0 13624.0 0.0 216.9023
14:24:00 1181.0 41149.0 220.0 216.98 217.0 216.42 216.96 4.0 217.0 220.0 41149.0 24325.0 16824.0 0.0 216.8461
14:25:00 934.0 36029.0 220.0 216.34 217.25 216.27 216.3 300.0 216.36 200.0 36029.0 13759.0 22270.0 0.0 216.8291
14:26:00 611.0 19711.0 220.0 216.71 216.84 216.36 216.66 59.0 216.75 19.0 19711.0 8049.0 11662.0 0.0 216.6331
14:27:00 483.0 16762.0 220.0 217.08 217.12 216.46 217.08 25.0 217.15 25.0 16762.0 10000.0 6762.0 0.0 216.7562
14:28:00 662.0 24587.0 220.0 216.89 217.19 216.83 216.86 25.0 216.93 200.0 24587.0 9643.0 14944.0 0.0 216.9835
14:29:00 546.0 18853.0 220.0 216.98 217.05 216.79 216.95 50.0 217.0 1203.0 18853.0 5304.0 13549.0 0.0 216.9389
14:30:00 656.0 23500.0 220.0 216.99 217.19 216.7 216.98 24.0 217.01 10.0 23500.0 10124.0 13376.0 0.0 216.9464
14:31:00 2316.0 71099.0 220.0 216.13 216.99 215.82 216.09 602.0 216.13 100.0 71099.0 22546.0 48553.0 0.0 216.1876
14:32:00 1410.0 46817.0 220.0 216.85 216.85 216.0 216.83 106.0 216.88 136.0 46817.0 34126.0 12691.0 0.0 216.5056
14:33:00 950.0 27372.0 220.0 217.49 217.57 216.62 217.48 100.0 217.53 156.0 27372.0 15734.0 11638.0 0.0 217.1692
14:34:00 614.0 14643.0 220.0 217.33 217.53 216.96 217.3 50.0 217.4 6.0 14643.0 4842.0 9801.0 0.0 217.2102
14:35:00 691.0 55207.0 220.0 217.29 217.6 217.15 217.27 261.0 217.33 66.0 55207.0 5876.0 49331.0 0.0 217.3366
14:36:00 756.0 41651.0 220.0 217.54 217.79 217.14 217.51 95.0 217.59 112.0 41651.0 12060.0 29591.0 0.0 217.5316
14:37:00 698.0 35965.0 220.0 217.86 217.99 217.46 217.83 25.0 217.9 302.0 35965.0 22067.0 13898.0 0.0 217.7252
14:38:00 512.0 29634.0 220.0 217.58 217.83 217.35 217.56 117.0 217.67 530.0 29634.0 8023.0 21611.0 0.0 217.5061
14:39:00 615.0 32220.0 220.0 217.33 217.71 217.31 217.36 20.0 217.41 25.0 32220.0 6324.0 25896.0 0.0 217.4977
14:40:00 858.0 21043.0 220.0 218.04 218.05 217.12 217.99 15.0 218.06 16.0 21043.0 14072.0 6971.0 0.0 217.6034
14:41:00 1076.0 28059.0 220.0 218.1 218.76 217.92 218.08 25.0 218.19 125.0 28059.0 15501.0 12558.0 0.0 218.3797
14:42:00 674.0 21388.0 220.0 218.66 218.73 218.16 218.63 125.0 218.7 120.0 21388.0 12232.0 9156.0 0.0 218.5118
14:43:00 854.0 25505.0 220.0 219.12 219.48 218.66 219.07 68.0 219.12 125.0 25505.0 16838.0 8667.0 0.0 219.1027
14:44:00 507.0 17332.0 220.0 218.98 219.16 218.74 218.99 100.0 219.05 1.0 17332.0 8033.0 9299.0 0.0 218.9334
14:45:00 497.0 11936.0 220.0 219.04 219.31 218.9 219.03 25.0 219.11 2.0 11936.0 6209.0 5727.0 0.0 219.1346
14:46:00 653.0 42153.0 220.0 218.78 219.34 218.55 218.75 40.0 218.8 150.0 42153.0 28003.0 14150.0 0.0 218.8374
14:47:00 642.0 19631.0 220.0 218.59 219.0 218.25 218.59 100.0 218.66 50.0 19631.0 7889.0 11742.0 0.0 218.6066
14:48:00 558.0 34985.0 220.0 218.83 218.87 218.38 218.8 158.0 218.86 501.0 34985.0 26974.0 8011.0 0.0 218.7423
14:49:00 977.0 29415.0 220.0 219.3 219.67 218.77 219.27 359.0 219.34 227.0 29415.0 20165.0 9250.0 0.0 219.3625
14:50:00 945.0 30301.0 220.0 219.97 219.98 219.27 219.96 288.0 219.98 200.0 30301.0 17695.0 12606.0 0.0 219.6967
14:51:00 560.0 16330.0 220.0 219.38 220.1 219.35 219.32 25.0 219.43 150.0 16330.0 6004.0 10326.0 0.0 219.7557
14:52:00 507.0 32916.0 220.0 219.65 219.81 219.33 219.63 295.0 219.7 4.0 32916.0 5633.0 27283.0 0.0 219.6318
14:53:00 875.0 32307.0 220.0 220.18 220.25 219.46 220.15 11.0 220.2 1.0 32307.0 22541.0 9766.0 0.0 219.9116
14:54:00 901.0 35439.0 220.0 219.86 220.4 219.74 219.83 180.0 219.92 144.0 35439.0 7006.0 28433.0 0.0 220.1027
14:55:00 1220.0 38278.0 220.0 219.86 220.0 218.97 219.83 10.0 219.86 12.0 38278.0 16452.0 21826.0 0.0 219.506
14:56:00 1182.0 43017.0 220.0 220.8 221.05 219.64 220.75 15.0 220.81 237.0 43017.0 29700.0 13317.0 0.0 220.6618
14:57:00 938.0 34690.0 220.0 220.76 221.12 220.52 220.68 25.0 220.77 25.0 34690.0 24347.0 10343.0 0.0 220.8596
14:58:00 736.0 26052.0 220.0 220.73 221.0 220.61 220.68 25.0 220.79 25.0 26052.0 15349.0 10703.0 0.0 220.7753
14:59:00 540.0 37250.0 220.0 220.58 220.79 220.37 220.56 125.0 220.61 33.0 37250.0 27342.0 9908.0 0.0 220.5918
15:00:00 754.0 35643.0 220.0 220.69 220.93 220.52 220.64 1.0 220.68 32.0 35643.0 30068.0 5575.0 0.0 220.6442
15:01:00 708.0 25595.0 220.0 221.15 221.55 220.64 221.06 205.0 221.16 25.0 25595.0 13715.0 11880.0 0.0 221.1342
15:02:00 563.0 20935.0 220.0 220.96 221.32 220.75 220.93 79.0 221.0 150.0 20935.0 7331.0 13604.0 0.0 221.0357
15:03:00 630.0 22867.0 220.0 220.82 221.02 220.64 220.77 163.0 220.86 25.0 22867.0 13306.0 9561.0 0.0 220.8788
15:04:00 865.0 34677.0 220.0 221.16 221.34 220.6 221.1 57.0 221.2 1.0 34677.0 27892.0 6785.0 0.0 220.9518
15:05:00 705.0 22858.0 220.0 221.03 221.41 220.99 220.99 110.0 221.07 242.0 22858.0 10939.0 11919.0 0.0 221.2184
15:06:00 913.0 57917.0 220.0 221.01 221.34 220.66 220.93 67.0 221.02 64.0 57917.0 9673.0 48244.0 0.0 221.005
15:07:00 646.0 21529.0 220.0 220.85 221.25 220.8 220.84 1.0 220.9 74.0 21529.0 12220.0 9309.0 0.0 221.0002
15:08:00 576.0 19546.0 220.0 221.09 221.15 220.79 221.02 47.0 221.1 316.0 19546.0 13602.0 5944.0 0.0 220.9734
15:09:00 642.0 18344.0 220.0 221.5 221.83 221.0 221.44 590.0 221.53 151.0 18344.0 12338.0 6006.0 0.0 221.48
15:10:00 379.0 9870.0 220.0 221.74 221.89 221.5 221.69 200.0 221.75 10.0 9870.0 5124.0 4746.0 0.0 221.6672
15:11:00 641.0 15616.0 220.0 221.22 221.75 221.11 221.18 79.0 221.26 200.0 15616.0 5751.0 9865.0 0.0 221.3922
15:12:00 776.0 29845.0 220.0 220.8 221.32 220.5 220.76 100.0 220.84 125.0 29845.0 6555.0 23290.0 0.0 220.9215
15:13:00 1092.0 56960.0 220.0 220.365 220.9 220.12 220.3 150.0 220.43 11246.0 56960.0 43493.0 13467.0 0.0 220.609
15:14:00 1158.0 48361.0 220.0 220.06 220.53 219.86 220.0 25.0 220.06 15089.0 48361.0 30815.0 17546.0 0.0 220.2132
15:15:00 926.0 44376.0 220.0 220.55 220.68 220.06 220.55 100.0 220.63 25.0 44376.0 32865.0 11511.0 0.0 220.3151
15:16:00 882.0 25888.0 220.0 221.38 221.6 220.6 221.36 78.0 221.39 101.0 25888.0 13337.0 12551.0 0.0 221.0881
15:17:00 565.0 20991.0 220.0 221.15 221.62 220.94 221.15 200.0 221.22 225.0 20991.0 5800.0 15191.0 0.0 221.2734
15:18:00 619.0 15859.0 220.0 220.78 221.35 220.71 220.73 25.0 220.83 156.0 15859.0 7011.0 8848.0 0.0 221.0594
15:19:00 578.0 26491.0 220.0 221.17 221.38 220.65 221.15 125.0 221.25 100.0 26491.0 17635.0 8856.0 0.0 221.1303
15:20:00 1009.0 63185.0 220.0 221.45 221.55 221.13 221.45 679.0 221.49 25.0 63185.0 47029.0 16156.0 0.0 221.4092
15:21:00 1037.0 45912.0 220.0 222.03 222.09 221.09 221.97 25.0 222.04 25.0 45912.0 33038.0 12874.0 0.0 221.7509
15:22:00 891.0 25074.0 220.0 222.24 222.52 221.93 222.19 93.0 222.23 25.0 25074.0 13779.0 11295.0 0.0 222.3203
15:23:00 627.0 32707.0 220.0 222.59 222.62 222.08 222.56 34.0 222.62 25.0 32707.0 26162.0 6545.0 0.0 222.3956
15:24:00 913.0 35007.0 220.0 222.17 222.81 222.02 222.14 181.0 222.2 25.0 35007.0 20975.0 14032.0 0.0 222.3961
15:25:00 616.0 15954.0 220.0 222.49 222.53 222.14 222.47 45.0 222.54 305.0 15954.0 10697.0 5257.0 0.0 222.329
15:26:00 656.0 26838.0 220.0 222.5 222.9 222.33 222.47 298.0 222.51 400.0 26838.0 16130.0 10708.0 0.0 222.587
15:27:00 1273.0 51175.0 220.0 222.73 222.73 221.8 222.62 46.0 222.74 25.0 51175.0 36186.0 14989.0 0.0 222.1955
15:28:00 1639.0 56485.0 220.0 223.09 223.31 222.7 223.06 25.0 223.11 118.0 56485.0 34219.0 22266.0 0.0 222.9458
15:29:00 1165.0 38866.0 220.0 222.97 223.18 222.92 222.96 1.0 222.98 25.0 38866.0 11968.0 26898.0 0.0 223.011
15:30:00 1541.0 66057.0 220.0 223.0 223.4 222.85 222.96 150.0 223.02 50.0 66057.0 33675.0 32382.0 0.0 223.0318
15:31:00 1768.0 72537.0 220.0 222.52 223.07 222.25 222.47 50.0 222.54 227.0 72537.0 21774.0 50763.0 0.0 222.6527
15:32:00 1090.0 39265.0 220.0 222.04 222.56 221.82 222.03 150.0 222.12 109.0 39265.0 13176.0 26089.0 0.0 222.15
15:33:00 974.0 33076.0 220.0 222.71 222.77 222.04 222.64 50.0 222.71 1507.0 33076.0 15991.0 17085.0 0.0 222.4951
15:34:00 2717.0 120680.0 220.0 223.97 224.15 222.64 223.92 100.0 223.98 34.0 120680.0 85080.0 35600.0 0.0 223.5946
15:35:00 2788.0 110606.0 220.0 224.97 225.06 223.84 224.94 214.0 224.98 200.0 110606.0 71556.0 39050.0 0.0 224.7347
15:36:00 1646.0 54288.0 220.0 224.75 225.04 224.52 224.73 156.0 224.77 50.0 54288.0 30684.0 23604.0 0.0 224.8097
15:37:00 1820.0 64653.0 220.0 225.11 225.39 224.73 225.07 150.0 225.13 2.0 64653.0 44868.0 19785.0 0.0 225.0998
15:38:00 1991.0 92930.0 220.0 225.19 225.25 224.65 225.14 100.0 225.19 105.0 92930.0 44561.0 48369.0 0.0 224.9805
15:39:00 1336.0 47234.0 220.0 225.07 225.42 224.94 225.03 205.0 225.1 450.0 47234.0 27632.0 19602.0 0.0 225.1412
15:40:00 1822.0 73986.0 220.0 225.38 225.65 225.0 225.37 150.0 225.42 226.0 73986.0 54717.0 19269.0 0.0 225.4048
15:41:00 1655.0 65498.0 220.0 224.82 225.41 224.54 224.79 100.0 224.82 100.0 65498.0 26799.0 38699.0 0.0 224.991
15:42:00 1477.0 62580.0 220.0 225.22 225.42 224.64 225.19 3.0 225.22 27.0 62580.0 33222.0 29358.0 0.0 225.0841
15:43:00 1367.0 53204.0 220.0 225.02 225.2 224.92 225.0 50.0 225.05 453.0 53204.0 18679.0 34525.0 0.0 225.0393
15:44:00 1191.0 42466.0 220.0 225.29 225.35 224.78 225.29 150.0 225.33 437.0 42466.0 22433.0 20033.0 0.0 225.0872
15:45:00 2108.0 86465.0 220.0 225.63 225.93 225.22 225.61 91.0 225.66 197.0 86465.0 50927.0 35538.0 0.0 225.593
15:46:00 1673.0 50789.0 220.0 225.32 225.79 225.25 225.32 1.0 225.35 1.0 50789.0 20701.0 30088.0 0.0 225.5417
15:47:00 2013.0 71400.0 220.0 225.95 226.13 225.28 225.95 292.0 225.99 50.0 71400.0 47430.0 23970.0 0.0 225.8271
15:48:00 1767.0 43998.0 220.0 226.15 226.15 225.72 226.13 73.0 226.16 75.0 43998.0 27321.0 16677.0 0.0 225.9228
15:49:00 1273.0 46805.0 220.0 226.33 226.41 226.04 226.31 100.0 226.33 114.0 46805.0 18446.0 28359.0 0.0 226.2531
15:50:00 1770.0 58077.0 220.0 226.37 226.53 226.13 226.36 87.0 226.4 50.0 58077.0 29878.0 28199.0 0.0 226.3389
15:51:00 3335.0 114884.0 220.0 227.46 227.74 226.44 227.41 501.0 227.33 50.0 114884.0 67960.0 46924.0 0.0 227.2602
15:52:00 2196.0 69806.0 220.0 226.98 227.48 226.77 227.22 32.0 227.0 100.0 69806.0 43442.0 26364.0 0.0 226.9772
15:53:00 1487.0 47206.0 220.0 226.84 227.09 226.6 227.22 32.0 226.85 6.0 47206.0 25296.0 21910.0 0.0 226.7806
15:54:00 1399.0 50543.0 220.0 226.97 227.18 226.75 227.22 32.0 226.97 96.0 50543.0 31111.0 19432.0 0.0 226.9859
15:55:00 2836.0 126051.0 220.0 227.21 227.58 226.67 227.22 32.0 227.23 6.0 126051.0 72262.0 53789.0 0.0 227.1825
15:56:00 3017.0 97802.0 220.0 226.9 227.35 226.66 227.22 32.0 226.91 517.0 97802.0 45129.0 52673.0 0.0 227.0326
15:57:00 1997.0 79081.0 220.0 227.57 227.6 226.82 227.56 38.0 227.33 50.0 79081.0 43984.0 35097.0 0.0 227.2127
15:58:00 2089.0 94494.0 220.0 227.49 227.66 227.36 227.48 200.0 227.33 50.0 94494.0 43856.0 50638.0 0.0 227.5213
15:59:00 3220.0 127472.0 220.0 227.79 227.79 227.23 227.76 1618.0 227.33 50.0 127472.0 67219.0 60253.0 0.0 227.553
16:00:00 4306.0 264132.0 220.0 228.44 228.58 227.77 228.4 100.0 227.33 50.0 264132.0 131121.0 133011.0 0.0 228.2715
16:01:00 117.0 2464.0 220.0 228.7 228.7 227.87 228.47 200.0 227.33 50.0 2464.0 1257.0 1207.0 0.0 228.3216
16:02:00 182.0 1599.0 220.0 228.33 228.88 228.11 228.33 100.0 227.33 50.0 1599.0 438.0 1161.0 0.0 228.4123
16:03:00 45.0 121.0 220.0 228.58 228.58 228.3 228.4 2.0 227.33 50.0 121.0 121.0 0.0 0.0 228.3725
16:04:00 59.0 1233.0 220.0 228.8 228.8 228.42 228.6 68.0 227.33 50.0 1233.0 799.0 434.0 0.0 228.6148
16:05:00 100.0 6921.0 220.0 228.9 229.3 228.74 228.9 2.0 227.33 50.0 6921.0 1072.0 5849.0 0.0 229.2149
16:06:00 19.0 137.0 220.0 229.26 229.49 229.05 229.06 50.0 227.33 50.0 137.0 50.0 87.0 0.0 229.2799
16:07:00 53.0 476.0 220.0 228.81 229.11 228.58 228.62 100.0 227.33 50.0 476.0 0.0 476.0 0.0 228.7838
16:08:00 84.0 1169.0 220.0 228.52 228.8 228.32 228.52 199.0 227.33 50.0 1169.0 50.0 1119.0 0.0 228.4989
16:09:00 61.0 1704.0 220.0 228.48 228.85 228.33 228.42 200.0 227.33 50.0 1704.0 20.0 1684.0 0.0 228.5359
16:10:00 50.0 1423.0 220.0 228.55 228.6 228.42 228.53 150.0 227.33 50.0 1423.0 1.0 1422.0 0.0 228.5038
16:11:00 130.0 4789.0 220.0 228.66 228.67 228.5 228.6 120.0 227.33 50.0 4789.0 179.0 4610.0 0.0 228.5089
16:12:00 93.0 3418.0 220.0 228.39 228.66 228.38 228.39 118.0 227.33 50.0 3418.0 96.0 3322.0 0.0 228.4701
16:13:00 48.0 419.0 220.0 228.27 228.39 228.27 228.28 1.0 227.33 50.0 419.0 250.0 169.0 0.0 228.3792
16:14:00 40.0 597.0 220.0 227.95 228.4 227.84 228.26 15.0 227.33 50.0 597.0 1.0 596.0 0.0 228.0575
16:15:00 33.0 550.0 220.0 227.7 227.99 227.13 228.26 15.0 227.33 50.0 550.0 337.0 213.0 0.0 227.4953
16:16:00 13.0 27.0 220.0 227.94 227.96 227.76 228.26 15.0 227.33 50.0 27.0 17.0 10.0 0.0 227.8641
16:17:00 18.0 158.0 220.0 228.0 228.2 227.95 228.26 15.0 227.33 50.0 158.0 23.0 135.0 0.0 228.0627
16:18:00 10.0 54.0 220.0 228.15 228.2 228.1 228.26 15.0 227.33 50.0 54.0 53.0 1.0 0.0 228.1991
16:19:00 18.0 237.0 220.0 228.28 228.28 228.1 228.26 15.0 227.33 50.0 237.0 235.0 2.0 0.0 228.1995
16:20:00 9.0 133.0 220.0 228.3 228.5 228.3 228.26 15.0 227.33 50.0 133.0 133.0 0.0 0.0 228.4504
16:21:00 7.0 40.0 220.0 228.25 228.4 228.25 228.26 15.0 227.33 50.0 40.0 40.0 0.0 0.0 228.325
16:22:00 7.0 30.0 220.0 228.2 228.27 228.2 228.26 15.0 227.33 50.0 30.0 29.0 1.0 0.0 228.233
16:23:00 15.0 313.0 220.0 228.3 228.36 228.2 228.3 4422.0 227.33 50.0 313.0 4.0 309.0 0.0 228.3033
16:24:00 11.0 2050.0 220.0 228.3 228.35 228.3 228.3 2381.0 227.33 50.0 2050.0 7.0 2043.0 0.0 228.3002
16:25:00 7.0 2386.0 220.0 228.3 228.35 228.3 228.26 15.0 227.33 50.0 2386.0 0.0 2386.0 0.0 228.3001
16:26:00 1.0 0.0 220.0 228.3 228.3 228.3 228.26 15.0 227.33 50.0 nan 0.0 0.0 0.0 nan
16:27:00 14.0 93.0 220.0 228.38 228.38 228.25 228.29 1.0 227.33 50.0 93.0 88.0 5.0 0.0 228.2595
16:28:00 3.0 1.0 220.0 228.29 228.36 228.29 228.26 15.0 227.33 50.0 1.0 0.0 1.0 0.0 228.29
16:29:00 4.0 90.0 220.0 228.31 228.31 228.25 228.26 15.0 227.33 50.0 90.0 0.0 90.0 0.0 228.31
16:30:00 7.0 54.0 220.0 228.34 228.4 228.34 228.35 1.0 227.33 50.0 54.0 54.0 0.0 0.0 228.4
16:31:00 6.0 78.0 220.0 228.4 228.4 228.31 228.31 19.0 227.33 50.0 78.0 1.0 77.0 0.0 228.3117
16:32:00 7.0 1.0 220.0 228.35 228.39 228.31 228.31 14.0 227.33 50.0 1.0 0.0 1.0 0.0 228.31
16:33:00 10.0 23.0 220.0 228.3 228.31 228.21 228.26 15.0 227.33 50.0 23.0 5.0 18.0 0.0 228.2948
16:34:00 6.0 2.0 220.0 228.26 228.35 228.26 228.26 15.0 227.33 50.0 2.0 2.0 0.0 0.0 228.3
16:35:00 6.0 0.0 220.0 228.26 228.37 228.26 228.26 15.0 227.33 50.0 nan 0.0 0.0 0.0 nan
16:36:00 8.0 15.0 220.0 228.35 228.35 228.27 228.26 15.0 227.33 50.0 15.0 5.0 10.0 0.0 228.3333
16:37:00 13.0 21.0 220.0 228.35 228.4 228.35 228.35 4.0 227.33 50.0 21.0 12.0 9.0 0.0 228.3776
16:38:00 14.0 295.0 220.0 228.6 228.6 228.35 228.35 24.0 227.33 50.0 295.0 294.0 1.0 0.0 228.4208
16:39:00 8.0 1.0 220.0 228.57 228.69 228.57 228.5 11.0 227.33 50.0 1.0 1.0 0.0 0.0 228.69
16:40:00 11.0 34.0 220.0 228.62 228.64 228.5 228.52 1.0 227.33 50.0 34.0 0.0 34.0 0.0 228.5982
16:41:00 50.0 2191.0 220.0 228.8 228.8 228.52 228.8 492.0 227.33 50.0 2191.0 2187.0 4.0 0.0 228.701
16:42:00 8.0 493.0 220.0 228.8 228.82 228.72 228.6 3103.0 227.33 50.0 493.0 0.0 493.0 0.0 228.7998
16:43:00 15.0 0.0 220.0 228.84 228.86 228.65 228.6 3103.0 227.33 50.0 nan 0.0 0.0 0.0 nan
16:44:00 10.0 10.0 220.0 228.76 228.84 228.7 228.65 10.0 227.33 50.0 10.0 0.0 10.0 0.0 228.7
16:45:00 26.0 3123.0 220.0 228.6 228.72 228.58 228.4 22.0 227.33 50.0 3123.0 0.0 3123.0 0.0 228.6003
16:46:00 6.0 66.0 220.0 228.52 228.6 228.52 228.58 1.0 227.33 50.0 66.0 16.0 50.0 0.0 228.5967
16:47:00 3.0 1.0 220.0 228.59 228.59 228.58 228.5 36.0 227.33 50.0 1.0 0.0 1.0 0.0 228.58
16:48:00 6.0 20.0 220.0 228.76 228.8 228.7 228.8 30.0 227.33 50.0 20.0 20.0 0.0 0.0 228.78
16:49:00 11.0 48.0 220.0 228.6 228.8 228.46 228.5 20.0 227.33 50.0 48.0 2.0 46.0 0.0 228.6917
16:50:00 7.0 28.0 220.0 228.7 228.7 228.57 228.57 9.0 227.33 50.0 28.0 6.0 22.0 0.0 228.5793
16:51:00 3.0 9.0 220.0 228.56 228.6 228.56 228.5 20.0 227.33 50.0 9.0 0.0 9.0 0.0 228.57
16:52:00 3.0 140.0 220.0 228.59 228.7 228.59 228.59 60.0 227.33 50.0 140.0 50.0 90.0 0.0 228.6607
16:53:00 6.0 11.0 220.0 228.73 228.73 228.59 228.59 3.0 227.33 50.0 11.0 0.0 11.0 0.0 228.59
16:54:00 6.0 103.0 220.0 228.72 228.72 228.53 228.5 20.0 227.33 50.0 103.0 0.0 103.0 0.0 228.658
16:55:00 5.0 41.0 220.0 228.69 228.77 228.51 228.64 1.0 227.33 50.0 41.0 41.0 0.0 0.0 228.7115
16:56:00 12.0 26.0 220.0 228.89 228.97 228.76 228.8 5.0 227.33 50.0 26.0 9.0 17.0 0.0 228.8108
16:57:00 5.0 4.0 220.0 228.8 228.89 228.8 228.8 12.0 227.33 50.0 4.0 1.0 3.0 0.0 228.8
16:58:00 13.0 16.0 220.0 228.9 228.92 228.76 228.77 500.0 227.33 50.0 16.0 2.0 14.0 0.0 228.8081
16:59:00 12.0 308.0 220.0 228.95 228.95 228.8 228.77 501.0 227.33 50.0 308.0 101.0 207.0 0.0 228.8622
17:00:00 6.0 100.0 220.0 228.85 228.9 228.85 228.8 3.0 227.33 50.0 100.0 0.0 100.0 0.0 228.8525
