time trade_count trade_volume trade_first trade_last trade_high trade_low bid_price bid_size ask_price ask_size hid_vol buy_vol sell_vol unsided_vol vwap
09:00:00 nan 2956.0 282.8 283.06 283.17 282.72 283.03 75.0 283.18 100.0 2956.0 2505.0 451.0 0.0 282.9743
09:01:00 69.0 1180.0 282.8 283.14 283.28 283.05 283.04 57.0 283.17 25.0 1180.0 495.0 685.0 0.0 283.1377
09:02:00 48.0 1148.0 282.8 283.24 283.24 283.07 283.2 1487.0 283.27 5.0 1148.0 1138.0 10.0 0.0 283.1778
09:03:00 48.0 691.0 282.8 283.19 283.32 283.18 283.2 88.0 283.25 1163.0 691.0 132.0 559.0 0.0 283.213
09:04:00 27.0 1273.0 282.8 283.38 283.38 283.19 283.3 3.0 283.33 17.0 1273.0 1273.0 0.0 0.0 283.2549
09:05:00 168.0 3752.0 282.8 283.6 283.66 283.18 283.6 88.0 283.67 50.0 3752.0 1528.0 2224.0 0.0 283.457
09:06:00 185.0 6515.0 282.8 283.79 283.94 283.6 283.74 6.0 283.79 1.0 6515.0 1899.0 4616.0 0.0 283.724
09:07:00 191.0 6140.0 282.8 283.79 283.88 283.5 283.73 3.0 283.8 21.0 6140.0 768.0 5372.0 0.0 283.7313
09:08:00 223.0 6749.0 282.8 284.11 284.17 283.74 284.0 19.0 284.15 100.0 6749.0 6638.0 111.0 0.0 283.9924
09:09:00 171.0 2530.0 282.8 284.1 284.16 283.82 284.04 75.0 284.1 9.0 2530.0 1023.0 1507.0 0.0 284.0158
09:10:00 180.0 3864.0 282.8 284.26 284.28 284.08 284.2 1.0 284.28 9.0 3864.0 3186.0 678.0 0.0 284.196
09:11:00 189.0 10627.0 282.8 284.34 284.7 284.28 284.33 15.0 284.6 3.0 10627.0 9608.0 1019.0 0.0 284.5063
09:12:00 206.0 9999.0 282.8 284.33 284.49 284.16 284.26 3.0 284.33 27.0 9999.0 501.0 9498.0 0.0 284.3479
09:13:00 133.0 1240.0 282.8 283.84 284.34 283.84 283.9 1.0 284.0 152.0 1240.0 92.0 1148.0 0.0 284.1048
09:14:00 114.0 6691.0 282.8 283.99 284.1 283.84 283.9 15.0 283.94 70.0 6691.0 1653.0 5038.0 0.0 284.009
09:15:00 81.0 666.0 282.8 283.8 283.99 283.75 283.8 90.0 283.97 12.0 666.0 92.0 574.0 0.0 283.8126
09:16:00 63.0 1066.0 282.8 283.74 283.96 283.7 283.75 57.0 283.88 5.0 1066.0 187.0 879.0 0.0 283.7769
09:17:00 243.0 8407.0 282.8 283.9 284.1 283.6 283.96 60.0 284.04 5.0 8407.0 5294.0 3113.0 0.0 283.9627
09:18:00 68.0 2323.0 282.8 284.2 284.2 283.88 284.1 207.0 284.2 6.0 2323.0 2283.0 40.0 0.0 284.0663
09:19:00 128.0 1468.0 282.8 284.1 284.29 283.88 284.1 25.0 284.15 5.0 1468.0 594.0 874.0 0.0 284.1277
09:20:00 102.0 934.0 282.8 283.8 284.24 283.77 283.77 9.0 283.89 551.0 934.0 91.0 843.0 0.0 283.9976
09:21:00 60.0 1375.0 282.8 283.96 284.1 283.77 283.95 259.0 284.1 23.0 1375.0 1090.0 285.0 0.0 283.9431
09:22:00 93.0 1668.0 282.8 283.98 284.24 283.95 283.96 57.0 284.1 3.0 1668.0 624.0 1044.0 0.0 284.0837
09:23:00 68.0 1622.0 282.8 284.01 284.16 283.95 284.0 296.0 284.19 734.0 1622.0 91.0 1531.0 0.0 284.0042
09:24:00 67.0 1531.0 282.8 284.12 284.14 284.0 284.12 25.0 284.13 175.0 1531.0 709.0 822.0 0.0 284.0796
09:25:00 93.0 2580.0 282.8 284.0 284.15 284.0 284.0 1039.0 284.1 1116.0 2580.0 283.0 2297.0 0.0 284.051
09:26:00 173.0 5899.0 282.8 284.5 284.57 284.1 284.49 30.0 284.59 1.0 5899.0 5289.0 610.0 0.0 284.3077
09:27:00 90.0 2161.0 282.8 284.5 284.6 284.44 284.44 42.0 284.6 222.0 2161.0 1715.0 446.0 0.0 284.5778
09:28:00 318.0 9701.0 282.8 284.6 284.8 284.1 284.21 305.0 284.7 15.0 9701.0 6360.0 3341.0 0.0 284.4127
09:29:00 136.0 3249.0 282.8 283.75 284.5 283.75 283.78 100.0 284.0 3.0 3249.0 615.0 2634.0 0.0 283.9849
09:30:00 120.0 1803.0 282.8 283.79 284.11 283.65 283.76 112.0 283.83 2021.0 1803.0 796.0 1007.0 0.0 283.865
09:31:00 2401.0 79929.0 282.8 283.69 284.8 282.94 283.49 32.0 283.73 24.0 79929.0 31406.0 48523.0 0.0 283.8266
09:32:00 2402.0 80136.0 282.8 282.1 284.01 281.79 282.01 3.0 282.21 100.0 80136.0 19486.0 60650.0 0.0 282.9372
09:33:00 2225.0 61630.0 282.8 283.25 283.38 281.8 283.07 205.0 283.28 570.0 61630.0 38094.0 23536.0 0.0 282.9334
09:34:00 1338.0 59846.0 282.8 283.08 283.52 282.54 283.01 19.0 283.21 1.0 59846.0 25482.0 34364.0 0.0 283.1291
09:35:00 1384.0 38163.0 282.8 282.2 283.26 282.16 282.16 194.0 282.21 10.0 38163.0 16000.0 22163.0 0.0 282.6829
09:36:00 1845.0 48291.0 282.8 281.79 282.67 281.53 281.67 154.0 281.8 280.0 48291.0 18053.0 30238.0 0.0 282.1792
09:37:00 1625.0 45048.0 282.8 281.94 282.08 281.05 281.85 10.0 281.96 640.0 45048.0 13320.0 31728.0 0.0 281.4888
09:38:00 2166.0 83502.0 282.8 283.17 283.25 281.66 283.13 311.0 283.24 10.0 83502.0 53928.0 29574.0 0.0 282.7312
09:39:00 1669.0 42025.0 282.8 283.09 283.87 282.9 282.99 2.0 283.11 325.0 42025.0 20266.0 21759.0 0.0 283.4868
09:40:00 1593.0 38491.0 282.8 282.69 283.4 282.51 282.71 141.0 282.85 20.0 38491.0 13598.0 24893.0 0.0 282.9567
09:41:00 1717.0 44746.0 282.8 282.5 283.69 282.45 282.5 800.0 282.59 115.0 44746.0 15581.0 29165.0 0.0 282.9573
09:42:00 1915.0 52083.0 282.8 282.81 283.44 282.45 282.73 25.0 282.83 222.0 52083.0 26493.0 25590.0 0.0 282.8526
09:43:00 1460.0 54973.0 282.8 282.5 282.95 282.5 282.5 305.0 282.57 287.0 54973.0 12733.0 42240.0 0.0 282.5651
09:44:00 1617.0 68619.0 282.8 281.83 282.57 281.6 281.82 120.0 281.88 240.0 68619.0 14734.0 53885.0 0.0 282.184
09:45:00 1342.0 29800.0 282.8 282.59 282.77 281.78 282.5 521.0 282.63 55.0 29800.0 17821.0 11979.0 0.0 282.3028
09:46:00 1680.0 47003.0 282.8 281.38 282.71 281.11 281.3 111.0 281.42 26.0 47003.0 16119.0 30884.0 0.0 281.6138
09:47:00 1111.0 33417.0 282.8 281.27 281.7 281.185 281.17 25.0 281.29 321.0 33417.0 15283.0 18134.0 0.0 281.44
09:48:00 1076.0 26937.0 282.8 281.76 282.09 281.29 281.71 34.0 281.75 20.0 26937.0 18926.0 8011.0 0.0 281.77
09:49:00 2887.0 82834.0 282.8 280.3 281.96 280.3 280.3 160.0 280.33 4.0 82834.0 19120.0 63714.0 0.0 280.9793
09:50:00 3958.0 121556.0 282.8 280.55 280.56 279.48 280.5 100.0 280.56 90.0 121556.0 37084.0 84472.0 0.0 279.9921
09:51:00 1629.0 51319.0 282.8 280.86 281.28 280.48 280.8 157.0 280.87 524.0 51319.0 30102.0 21217.0 0.0 280.9736
09:52:00 1081.0 28679.0 282.8 280.93 281.24 280.79 280.91 25.0 280.97 1846.0 28679.0 15596.0 13083.0 0.0 280.9625
09:53:00 1256.0 32782.0 282.8 280.28 281.2 280.28 280.26 109.0 280.32 25.0 32782.0 13871.0 18911.0 0.0 280.8326
09:54:00 1804.0 42391.0 282.8 279.96 280.78 279.69 279.92 551.0 280.0 100.0 42391.0 11850.0 30541.0 0.0 280.1627
09:55:00 891.0 16938.0 282.8 280.4 280.67 279.86 280.41 100.0 280.5 25.0 16938.0 8136.0 8802.0 0.0 280.3512
09:56:00 1530.0 47292.0 282.8 281.17 281.22 280.35 281.12 1.0 281.21 30.0 47292.0 32595.0 14697.0 0.0 280.9561
09:57:00 1192.0 33375.0 282.8 280.96 281.4 280.76 280.92 5.0 281.0 20.0 33375.0 16960.0 16415.0 0.0 281.211
09:58:00 1079.0 28040.0 282.8 281.25 281.3 280.38 281.24 25.0 281.3 4940.0 28040.0 8114.0 19926.0 0.0 280.7127
09:59:00 1233.0 26947.0 282.8 280.89 281.4 280.63 280.81 228.0 280.9 20.0 26947.0 11330.0 15617.0 0.0 281.0969
10:00:00 1870.0 40744.0 282.8 280.05 280.83 279.82 280.0 422.0 280.11 50.0 40744.0 8989.0 31755.0 0.0 280.1955
10:01:00 1512.0 31627.0 282.8 279.62 280.5 279.5 279.57 100.0 279.65 25.0 31627.0 8061.0 23566.0 0.0 279.9459
10:02:00 2462.0 71700.0 282.8 279.15 279.64 278.88 279.1 60.0 279.17 180.0 71700.0 19380.0 52320.0 0.0 279.164
10:03:00 1194.0 23200.0 282.8 279.91 280.0 279.15 279.87 10.0 279.93 1.0 23200.0 16124.0 7076.0 0.0 279.6163
10:04:00 1320.0 28758.0 282.8 279.69 280.31 279.56 279.65 30.0 279.74 27.0 28758.0 16223.0 12535.0 0.0 279.9389
10:05:00 1189.0 39330.0 282.8 279.13 280.01 278.97 279.02 50.0 279.13 25.0 39330.0 11337.0 27993.0 0.0 279.3603
10:06:00 1599.0 34787.0 282.8 278.78 279.35 278.6 278.73 42.0 278.8 25.0 34787.0 12946.0 21841.0 0.0 279.0011
10:07:00 2536.0 78129.0 282.8 278.9 279.2 278.44 278.89 100.0 278.96 88.0 78129.0 41557.0 36572.0 0.0 278.8143
10:08:00 1182.0 22364.0 282.8 279.37 279.5 278.94 279.28 25.0 279.39 27.0 22364.0 13360.0 9004.0 0.0 279.2489
10:09:00 679.0 9700.0 282.8 279.3 279.57 279.13 279.3 102.0 279.37 105.0 9700.0 4046.0 5654.0 0.0 279.3582
10:10:00 1108.0 45240.0 282.8 278.75 279.45 278.62 278.69 57.0 278.78 25.0 45240.0 8788.0 36452.0 0.0 278.938
10:11:00 1321.0 35112.0 282.8 278.51 278.99 278.43 278.46 6.0 278.51 25.0 35112.0 15134.0 19978.0 0.0 278.6292
10:12:00 2377.0 63659.0 282.8 278.09 278.46 277.9 278.07 225.0 278.16 550.0 63659.0 18620.0 45039.0 0.0 278.0977
10:13:00 1234.0 36449.0 282.8 277.76 278.47 277.58 277.7 141.0 277.75 10.0 36449.0 14832.0 21617.0 0.0 278.0097
10:14:00 1552.0 35218.0 282.8 277.71 277.93 277.4 277.7 324.0 277.76 35.0 35218.0 17098.0 18120.0 0.0 277.6813
10:15:00 1369.0 46301.0 282.8 277.42 277.96 277.4 277.41 173.0 277.43 645.0 46301.0 20782.0 25519.0 0.0 277.703
10:16:00 2825.0 101909.0 282.8 277.41 277.47 276.9 277.35 50.0 277.42 100.0 101909.0 58357.0 43552.0 0.0 277.1856
10:17:00 2159.0 65204.0 282.8 276.63 278.2 276.61 276.6 543.0 276.65 600.0 65204.0 28740.0 36464.0 0.0 277.4262
10:18:00 1777.0 53557.0 282.8 276.78 276.89 276.53 276.72 150.0 276.81 150.0 53557.0 29302.0 24255.0 0.0 276.7238
10:19:00 4103.0 139451.0 282.8 275.55 276.76 275.38 275.55 200.0 275.61 57.0 139451.0 44423.0 95028.0 0.0 275.9191
10:20:00 2957.0 92598.0 282.8 276.04 276.1 275.1 276.02 950.0 276.08 689.0 92598.0 60037.0 32561.0 0.0 275.6454
10:21:00 2270.0 72646.0 282.8 276.15 276.43 275.76 276.11 83.0 276.15 298.0 72646.0 42003.0 30643.0 0.0 276.0696
10:22:00 2000.0 45267.0 282.8 276.47 276.74 276.08 276.46 205.0 276.52 151.0 45267.0 26129.0 19138.0 0.0 276.4168
10:23:00 1708.0 42419.0 282.8 276.72 276.96 276.17 276.69 200.0 276.75 200.0 42419.0 19883.0 22536.0 0.0 276.5499
10:24:00 1471.0 44494.0 282.8 276.33 276.96 276.2 276.26 60.0 276.34 1350.0 44494.0 11204.0 33290.0 0.0 276.6591
10:25:00 1404.0 41584.0 282.8 276.67 276.83 276.05 276.67 50.0 276.7 150.0 41584.0 19394.0 22190.0 0.0 276.381
10:26:00 1646.0 47512.0 282.8 275.59 276.68 275.52 275.56 131.0 275.62 80.0 47512.0 14909.0 32603.0 0.0 276.0339
10:27:00 1125.0 35256.0 282.8 275.65 275.82 275.5 275.59 49.0 275.67 150.0 35256.0 17523.0 17733.0 0.0 275.6609
10:28:00 3859.0 113078.0 282.8 274.9 275.69 274.82 274.9 78.0 274.93 50.0 113078.0 15666.0 97412.0 0.0 275.1489
10:29:00 1365.0 47108.0 282.8 275.05 275.18 274.82 275.05 15.0 275.1 55.0 47108.0 25587.0 21521.0 0.0 275.0129
10:30:00 1370.0 43052.0 282.8 275.55 275.79 274.95 275.53 60.0 275.59 279.0 43052.0 24733.0 18319.0 0.0 275.4664
10:31:00 1278.0 28929.0 282.8 275.48 275.62 275.14 275.45 685.0 275.54 100.0 28929.0 14901.0 14028.0 0.0 275.4466
10:32:00 4264.0 118058.0 282.8 273.43 275.46 273.23 273.44 1.0 273.49 150.0 118058.0 38060.0 79998.0 0.0 274.1857
10:33:00 2604.0 66148.0 282.8 273.15 273.85 272.79 273.1 25.0 273.18 550.0 66148.0 25832.0 40316.0 0.0 273.1929
10:34:00 2050.0 58395.0 282.8 272.85 273.18 272.58 272.86 125.0 272.92 125.0 58395.0 28778.0 29617.0 0.0 272.8819
10:35:00 1325.0 35817.0 282.8 272.85 273.19 272.76 272.84 10.0 272.88 292.0 35817.0 17264.0 18553.0 0.0 272.963
10:36:00 3368.0 87806.0 282.8 272.0 273.04 271.8 271.96 25.0 272.01 14.0 87806.0 24147.0 63659.0 0.0 272.3133
10:37:00 2203.0 90941.0 282.8 272.16 272.59 271.97 272.12 200.0 272.16 92.0 90941.0 40798.0 50143.0 0.0 272.2538
10:38:00 2280.0 67209.0 282.8 272.42 272.98 272.1 272.4 9.0 272.44 332.0 67209.0 40133.0 27076.0 0.0 272.4231
10:39:00 2208.0 60640.0 282.8 272.01 272.45 271.5 271.97 2.0 272.01 58.0 60640.0 22361.0 38279.0 0.0 271.8711
10:40:00 2192.0 77948.0 282.8 271.64 272.2 271.26 271.6 38.0 271.67 25.0 77948.0 44148.0 33800.0 0.0 271.537
10:41:00 1490.0 49498.0 282.8 271.6 272.0 271.32 271.59 19.0 271.62 76.0 49498.0 25354.0 24144.0 0.0 271.744
10:42:00 1979.0 61661.0 282.8 271.09 271.85 271.01 271.04 89.0 271.11 200.0 61661.0 16684.0 44977.0 0.0 271.3531
10:43:00 2744.0 64420.0 282.8 270.69 271.57 270.61 270.69 5.0 270.74 20.0 64420.0 17939.0 46481.0 0.0 271.0554
10:44:00 3139.0 88676.0 282.8 270.36 270.87 270.31 270.34 334.0 270.42 91.0 88676.0 39804.0 48872.0 0.0 270.5345
10:45:00 3143.0 79093.0 282.8 270.85 271.51 270.39 270.82 1.0 270.85 181.0 79093.0 45721.0 33372.0 0.0 270.9699
10:46:00 3066.0 105129.0 282.8 271.34 271.4 270.04 271.26 225.0 271.34 125.0 105129.0 40816.0 64313.0 0.0 270.5819
10:47:00 2222.0 76733.0 282.8 271.46 271.6 271.02 271.45 1.0 271.5 50.0 76733.0 45834.0 30899.0 0.0 271.422
10:48:00 1825.0 50980.0 282.8 271.48 271.65 270.94 271.47 158.0 271.55 50.0 50980.0 18902.0 32078.0 0.0 271.3694
10:49:00 1882.0 61325.0 282.8 271.15 271.65 271.02 271.09 151.0 271.2 150.0 61325.0 22171.0 39154.0 0.0 271.4211
10:50:00 1426.0 42733.0 282.8 271.12 271.48 270.88 271.11 150.0 271.19 406.0 42733.0 13796.0 28937.0 0.0 271.2381
10:51:00 2387.0 85827.0 282.8 270.73 271.13 270.23 270.71 250.0 270.78 300.0 85827.0 19413.0 66414.0 0.0 270.6461
10:52:00 1520.0 36347.0 282.8 270.21 270.71 270.13 270.2 4.0 270.25 1.0 36347.0 13577.0 22770.0 0.0 270.3806
10:53:00 2765.0 73022.0 282.8 270.71 270.71 270.0 270.65 26.0 270.71 401.0 73022.0 23797.0 49225.0 0.0 270.2247
10:54:00 1554.0 32184.0 282.8 270.67 270.8 270.48 270.56 25.0 270.66 586.0 32184.0 19442.0 12742.0 0.0 270.6941
10:55:00 5112.0 129065.0 282.8 269.95 270.64 269.81 269.89 602.0 269.95 300.0 129065.0 29093.0 99972.0 0.0 270.088
10:56:00 2009.0 68375.0 282.8 270.63 270.78 269.87 270.6 1282.0 270.68 5.0 68375.0 47714.0 20661.0 0.0 270.5355
10:57:00 2180.0 69570.0 282.8 270.95 271.27 270.31 270.91 60.0 270.99 420.0 69570.0 39530.0 30040.0 0.0 270.814
10:58:00 1503.0 51969.0 282.8 271.03 271.13 270.6 270.99 149.0 271.05 25.0 51969.0 24294.0 27675.0 0.0 270.8333
10:59:00 2310.0 78153.0 282.8 271.48 271.48 270.66 271.42 234.0 271.48 214.0 78153.0 47387.0 30766.0 0.0 271.1881
11:00:00 1550.0 56973.0 282.8 271.24 271.55 271.03 271.21 150.0 271.27 400.0 56973.0 33551.0 23422.0 0.0 271.3342
11:01:00 2765.0 90679.0 282.8 272.1 272.25 271.07 272.07 150.0 272.12 50.0 90679.0 65582.0 25097.0 0.0 271.6013
11:02:00 1714.0 47067.0 282.8 271.97 272.28 271.7 271.91 143.0 271.99 200.0 47067.0 17104.0 29963.0 0.0 271.9834
11:03:00 1383.0 41286.0 282.8 271.59 272.21 271.41 271.53 87.0 271.59 150.0 41286.0 16133.0 25153.0 0.0 271.8655
11:04:00 1772.0 36795.0 282.8 270.64 271.56 270.64 270.63 12.0 270.66 19.0 36795.0 10245.0 26550.0 0.0 271.0166
11:05:00 3000.0 67348.0 282.8 271.61 272.0 270.18 271.56 26.0 271.63 125.0 67348.0 26406.0 40942.0 0.0 271.0205
11:06:00 1729.0 48355.0 282.8 272.15 272.33 271.28 272.12 660.0 272.19 100.0 48355.0 30383.0 17972.0 0.0 271.9623
11:07:00 1960.0 52060.0 282.8 272.32 272.54 272.02 272.28 25.0 272.38 200.0 52060.0 32907.0 19153.0 0.0 272.3029
11:08:00 1203.0 24522.0 282.8 271.97 272.4 271.8 271.9 125.0 272.0 125.0 24522.0 8134.0 16388.0 0.0 272.0852
11:09:00 724.0 25123.0 282.8 272.01 272.01 271.6 271.98 72.0 272.02 310.0 25123.0 15265.0 9858.0 0.0 271.894
11:10:00 874.0 19348.0 282.8 272.04 272.34 271.84 271.97 26.0 272.04 223.0 19348.0 8020.0 11328.0 0.0 272.1275
11:11:00 1963.0 47888.0 282.8 270.73 272.07 270.66 270.69 1.0 270.77 200.0 47888.0 10473.0 37415.0 0.0 271.2457
11:12:00 1497.0 31354.0 282.8 270.32 271.27 270.25 270.31 48.0 270.4 626.0 31354.0 13595.0 17759.0 0.0 270.7843
11:13:00 1111.0 38447.0 282.8 270.55 270.96 270.15 270.5 279.0 270.57 35.0 38447.0 13585.0 24862.0 0.0 270.36
11:14:00 1028.0 29620.0 282.8 270.79 271.0 270.2 270.73 5.0 270.8 321.0 29620.0 14508.0 15112.0 0.0 270.6647
11:15:00 1117.0 30658.0 282.8 270.61 271.0 270.52 270.54 400.0 270.61 163.0 30658.0 20100.0 10558.0 0.0 270.8117
11:16:00 1819.0 66410.0 282.8 271.29 271.57 270.31 271.24 30.0 271.29 180.0 66410.0 36634.0 29776.0 0.0 270.9513
11:17:00 1347.0 37876.0 282.8 271.38 272.08 271.25 271.31 175.0 271.39 30.0 37876.0 19274.0 18602.0 0.0 271.6652
11:18:00 1048.0 19636.0 282.8 271.39 271.65 271.0 271.34 1.0 271.41 1.0 19636.0 10517.0 9119.0 0.0 271.337
11:19:00 589.0 10532.0 282.8 271.35 271.5 271.04 271.3 214.0 271.38 75.0 10532.0 4956.0 5576.0 0.0 271.2791
11:20:00 1053.0 26675.0 282.8 270.8 271.43 270.65 270.77 47.0 270.82 100.0 26675.0 13695.0 12980.0 0.0 270.9607
11:21:00 1637.0 62796.0 282.8 270.82 270.88 270.38 270.77 310.0 270.84 28.0 62796.0 20032.0 42764.0 0.0 270.5481
11:22:00 1604.0 55495.0 282.8 271.87 271.98 270.83 271.84 39.0 271.91 200.0 55495.0 32866.0 22629.0 0.0 271.3174
11:23:00 1076.0 26791.0 282.8 271.43 272.06 271.19 271.4 226.0 271.47 329.0 26791.0 13095.0 13696.0 0.0 271.5187
11:24:00 1570.0 46577.0 282.8 272.0 272.27 271.36 271.97 161.0 272.03 211.0 46577.0 30145.0 16432.0 0.0 271.927
11:25:00 1414.0 51183.0 282.8 272.49 272.57 271.93 272.44 278.0 272.5 201.0 51183.0 34830.0 16353.0 0.0 272.3236
11:26:00 1206.0 32871.0 282.8 272.44 272.72 272.2 272.41 67.0 272.46 1.0 32871.0 17030.0 15841.0 0.0 272.5613
11:27:00 796.0 19504.0 282.8 272.5 272.59 272.33 272.51 5.0 272.58 435.0 19504.0 7955.0 11549.0 0.0 272.4945
11:28:00 855.0 31791.0 282.8 272.69 272.79 272.18 272.68 578.0 272.72 600.0 31791.0 15308.0 16483.0 0.0 272.5059
11:29:00 1082.0 36135.0 282.8 273.01 273.11 272.45 272.98 472.0 273.03 200.0 36135.0 18279.0 17856.0 0.0 272.8639
11:30:00 1239.0 45293.0 282.8 272.91 273.23 272.76 272.9 387.0 272.96 1.0 45293.0 22882.0 22411.0 0.0 273.0142
11:31:00 1282.0 36761.0 282.8 272.8 273.25 272.77 272.76 423.0 272.84 87.0 36761.0 18395.0 18366.0 0.0 272.9552
11:32:00 1278.0 35127.0 282.8 272.66 272.9 272.15 272.62 345.0 272.67 10.0 35127.0 11868.0 23259.0 0.0 272.5021
11:33:00 669.0 22392.0 282.8 272.42 272.95 272.33 272.37 300.0 272.43 277.0 22392.0 8909.0 13483.0 0.0 272.6839
11:34:00 493.0 17744.0 282.8 272.81 272.84 272.39 272.76 191.0 272.82 150.0 17744.0 9444.0 8300.0 0.0 272.5833
11:35:00 903.0 35046.0 282.8 273.05 273.23 272.63 273.01 441.0 273.08 101.0 35046.0 22062.0 12984.0 0.0 273.0076
11:36:00 579.0 25501.0 282.8 273.16 273.35 272.96 273.11 571.0 273.17 350.0 25501.0 8803.0 16698.0 0.0 273.2187
11:37:00 729.0 23292.0 282.8 273.27 273.39 272.93 273.21 3.0 273.3 150.0 23292.0 10777.0 12515.0 0.0 273.111
11:38:00 460.0 20240.0 282.8 273.1 273.38 273.03 273.1 12.0 273.12 421.0 20240.0 4739.0 15501.0 0.0 273.1958
11:39:00 867.0 24642.0 282.8 273.07 273.37 272.81 273.02 51.0 273.1 150.0 24642.0 9453.0 15189.0 0.0 273.032
11:40:00 619.0 22428.0 282.8 273.33 273.53 273.05 273.29 100.0 273.34 183.0 22428.0 15934.0 6494.0 0.0 273.3688
11:41:00 527.0 20607.0 282.8 273.32 273.44 273.16 273.29 136.0 273.33 300.0 20607.0 5789.0 14818.0 0.0 273.2621
11:42:00 632.0 15492.0 282.8 272.96 273.38 272.92 272.93 50.0 272.99 150.0 15492.0 5061.0 10431.0 0.0 273.1621
11:43:00 700.0 15580.0 282.8 272.95 273.14 272.7 272.9 50.0 272.97 400.0 15580.0 6775.0 8805.0 0.0 272.8816
11:44:00 671.0 20093.0 282.8 272.59 273.11 272.53 272.55 50.0 272.63 150.0 20093.0 10304.0 9789.0 0.0 272.8412
11:45:00 963.0 38253.0 282.8 272.76 272.81 272.24 272.7 205.0 272.79 190.0 38253.0 13817.0 24436.0 0.0 272.501
11:46:00 433.0 21001.0 282.8 272.5 272.89 272.45 272.47 250.0 272.53 150.0 21001.0 12306.0 8695.0 0.0 272.6919
11:47:00 775.0 15615.0 282.8 272.3 272.6 272.3 272.3 177.0 272.34 58.0 15615.0 8166.0 7449.0 0.0 272.4414
11:48:00 589.0 12157.0 282.8 272.6 272.73 272.3 272.55 201.0 272.61 251.0 12157.0 6699.0 5458.0 0.0 272.5453
11:49:00 433.0 14731.0 282.8 272.45 272.82 272.38 272.43 101.0 272.47 2.0 14731.0 4744.0 9987.0 0.0 272.6031
11:50:00 1208.0 28985.0 282.8 271.81 272.56 271.7 271.79 137.0 271.84 8.0 28985.0 5347.0 23638.0 0.0 272.0516
11:51:00 1438.0 31706.0 282.8 271.32 271.98 271.26 271.29 142.0 271.35 427.0 31706.0 10826.0 20880.0 0.0 271.5636
11:52:00 500.0 19642.0 282.8 271.3 271.57 271.16 271.29 50.0 271.32 200.0 19642.0 11278.0 8364.0 0.0 271.3502
11:53:00 461.0 10728.0 282.8 271.65 271.74 271.19 271.61 98.0 271.66 54.0 10728.0 4242.0 6486.0 0.0 271.416
11:54:00 650.0 18118.0 282.8 272.16 272.3 271.59 272.13 1.0 272.19 150.0 18118.0 9920.0 8198.0 0.0 271.9191
11:55:00 570.0 14567.0 282.8 272.29 272.3 271.96 272.23 200.0 272.29 6.0 14567.0 7878.0 6689.0 0.0 272.1764
11:56:00 567.0 15416.0 282.8 271.9 272.25 271.8 271.89 100.0 271.95 222.0 15416.0 6564.0 8852.0 0.0 271.9928
11:57:00 417.0 9007.0 282.8 271.87 271.94 271.55 271.84 6.0 271.9 25.0 9007.0 2701.0 6306.0 0.0 271.7854
11:58:00 590.0 12845.0 282.8 271.76 272.24 271.63 271.7 25.0 271.77 25.0 12845.0 5002.0 7843.0 0.0 271.8929
11:59:00 604.0 14675.0 282.8 271.67 271.83 271.47 271.62 27.0 271.68 1.0 14675.0 4223.0 10452.0 0.0 271.5776
12:00:00 337.0 5940.0 282.8 271.86 271.92 271.53 271.88 100.0 271.91 125.0 5940.0 3111.0 2829.0 0.0 271.7379
12:01:00 1023.0 22845.0 282.8 271.1 271.88 271.1 271.09 10.0 271.13 25.0 22845.0 5616.0 17229.0 0.0 271.3723
12:02:00 1326.0 43688.0 282.8 270.95 271.32 270.89 270.93 171.0 271.0 341.0 43688.0 9847.0 33841.0 0.0 271.0312
12:03:00 424.0 21463.0 282.8 271.0 271.04 270.83 270.96 25.0 271.0 127.0 21463.0 12051.0 9412.0 0.0 270.9326
12:04:00 762.0 28259.0 282.8 270.88 271.24 270.75 270.87 132.0 270.93 150.0 28259.0 9820.0 18439.0 0.0 270.9315
12:05:00 2120.0 102837.0 282.8 270.23 270.92 270.19 270.18 214.0 270.25 350.0 102837.0 13060.0 89777.0 0.0 270.4744
12:06:00 1466.0 43181.0 282.8 270.91 271.0 270.14 270.9 200.0 270.95 300.0 43181.0 15108.0 28073.0 0.0 270.5151
12:07:00 953.0 38325.0 282.8 270.73 271.2 270.55 270.7 7.0 270.73 25.0 38325.0 17528.0 20797.0 0.0 270.8711
12:08:00 563.0 13224.0 282.8 270.87 271.0 270.57 270.82 126.0 270.87 58.0 13224.0 5072.0 8152.0 0.0 270.7892
12:09:00 653.0 25303.0 282.8 270.91 271.25 270.87 270.91 245.0 270.97 33.0 25303.0 16040.0 9263.0 0.0 271.0709
12:10:00 437.0 13751.0 282.8 271.01 271.09 270.84 270.93 172.0 270.99 150.0 13751.0 4079.0 9672.0 0.0 270.9608
12:11:00 528.0 12387.0 282.8 270.9 271.06 270.75 270.83 100.0 270.9 1.0 12387.0 4627.0 7760.0 0.0 270.8929
12:12:00 440.0 9306.0 282.8 270.87 270.93 270.75 270.86 213.0 270.9 35.0 9306.0 3090.0 6216.0 0.0 270.8169
12:13:00 589.0 16183.0 282.8 270.78 271.08 270.66 270.76 1.0 270.8 9.0 16183.0 6336.0 9847.0 0.0 270.8556
12:14:00 771.0 27633.0 282.8 270.38 270.88 270.27 270.34 10.0 270.4 250.0 27633.0 3938.0 23695.0 0.0 270.4881
12:15:00 813.0 26104.0 282.8 270.27 270.46 270.1 270.23 176.0 270.29 150.0 26104.0 5635.0 20469.0 0.0 270.2491
12:16:00 8969.0 236791.0 282.8 269.45 270.36 268.93 269.4 16.0 269.46 428.0 236791.0 34097.0 202694.0 0.0 269.6703
12:17:00 1506.0 39807.0 282.8 268.75 269.46 268.57 268.72 25.0 268.78 342.0 39807.0 12207.0 27600.0 0.0 268.9326
12:18:00 1889.0 56335.0 282.8 268.38 268.77 268.14 268.33 51.0 268.39 150.0 56335.0 25761.0 30574.0 0.0 268.4868
12:19:00 1330.0 37880.0 282.8 268.84 268.9 268.15 268.82 100.0 268.85 1.0 37880.0 19647.0 18233.0 0.0 268.6115
12:20:00 1862.0 40979.0 282.8 268.76 269.0 268.28 268.74 167.0 268.79 150.0 40979.0 17549.0 23430.0 0.0 268.7007
12:21:00 3717.0 94576.0 282.8 267.69 268.74 267.69 267.69 100.0 267.71 61.0 94576.0 18940.0 75636.0 0.0 268.0081
12:22:00 1647.0 48503.0 282.8 267.81 267.9 267.47 267.78 50.0 267.83 300.0 48503.0 20126.0 28377.0 0.0 267.6164
12:23:00 1654.0 47863.0 282.8 268.34 268.37 267.18 268.3 100.0 268.36 182.0 47863.0 21559.0 26304.0 0.0 267.6425
12:24:00 1424.0 39848.0 282.8 268.2 268.47 267.88 268.19 150.0 268.25 627.0 39848.0 20414.0 19434.0 0.0 268.1063
12:25:00 1018.0 25651.0 282.8 268.07 268.3 267.68 268.01 149.0 268.1 25.0 25651.0 11087.0 14564.0 0.0 267.9636
12:26:00 2750.0 64665.0 282.8 268.69 269.69 267.9 268.67 169.0 268.74 37.0 64665.0 38366.0 26299.0 0.0 268.963
12:27:00 1512.0 41959.0 282.8 268.42 269.21 268.31 268.41 511.0 268.47 200.0 41959.0 12436.0 29523.0 0.0 268.7325
12:28:00 1349.0 27356.0 282.8 268.0 268.72 267.8 267.96 62.0 268.01 30.0 27356.0 7054.0 20302.0 0.0 268.2643
12:29:00 1190.0 33466.0 282.8 268.1 268.31 267.77 268.06 30.0 268.13 340.0 33466.0 18886.0 14580.0 0.0 268.0526
12:30:00 1184.0 27474.0 282.8 268.0 268.24 267.61 267.99 52.0 268.04 25.0 27474.0 10930.0 16544.0 0.0 267.8847
12:31:00 2130.0 80744.0 282.8 267.53 268.02 267.2 267.51 450.0 267.55 1.0 80744.0 26006.0 54738.0 0.0 267.4852
12:32:00 1575.0 52625.0 282.8 268.03 268.33 267.5 267.98 25.0 268.04 31.0 52625.0 29837.0 22788.0 0.0 267.9464
12:33:00 1253.0 39363.0 282.8 268.52 268.67 267.8 268.51 25.0 268.59 51.0 39363.0 25297.0 14066.0 0.0 268.1925
12:34:00 1280.0 31414.0 282.8 268.44 268.9 268.41 268.4 132.0 268.46 35.0 31414.0 15954.0 15460.0 0.0 268.6352
12:35:00 445.0 13995.0 282.8 268.68 268.79 268.25 268.66 30.0 268.72 100.0 13995.0 7537.0 6458.0 0.0 268.5581
12:36:00 1258.0 34915.0 282.8 269.04 269.29 268.53 269.02 1.0 269.08 169.0 34915.0 20404.0 14511.0 0.0 269.0182
12:37:00 1017.0 23135.0 282.8 268.76 269.33 268.64 268.71 122.0 268.79 150.0 23135.0 8893.0 14242.0 0.0 269.02
12:38:00 1090.0 37393.0 282.8 268.48 268.85 268.33 268.47 153.0 268.54 25.0 37393.0 11354.0 26039.0 0.0 268.5864
12:39:00 1389.0 38579.0 282.8 268.4 268.54 268.03 268.38 210.0 268.45 100.0 38579.0 25393.0 13186.0 0.0 268.3505
12:40:00 1182.0 37828.0 282.8 268.4 268.8 268.12 268.35 29.0 268.4 838.0 37828.0 23720.0 14108.0 0.0 268.476
12:41:00 870.0 21296.0 282.8 268.12 268.53 268.04 268.09 125.0 268.15 19.0 21296.0 9183.0 12113.0 0.0 268.3156
12:42:00 765.0 14352.0 282.8 268.38 268.59 268.13 268.36 1.0 268.42 192.0 14352.0 8434.0 5918.0 0.0 268.4042
12:43:00 1206.0 28464.0 282.8 268.23 268.48 267.85 268.19 100.0 268.23 159.0 28464.0 9189.0 19275.0 0.0 268.0763
12:44:00 969.0 20702.0 282.8 267.92 268.56 267.82 267.87 25.0 267.96 25.0 20702.0 11073.0 9629.0 0.0 268.1783
12:45:00 754.0 15112.0 282.8 267.84 268.02 267.72 267.81 125.0 267.87 225.0 15112.0 4432.0 10680.0 0.0 267.8623
12:46:00 935.0 23219.0 282.8 267.65 268.35 267.58 267.61 25.0 267.64 255.0 23219.0 9838.0 13381.0 0.0 267.9214
12:47:00 1947.0 46961.0 282.8 267.29 267.88 267.04 267.25 50.0 267.31 1.0 46961.0 13447.0 33514.0 0.0 267.4069
12:48:00 4067.0 102353.0 282.8 266.68 267.37 266.16 266.61 25.0 266.67 1.0 102353.0 29287.0 73066.0 0.0 266.7542
12:49:00 1091.0 26943.0 282.8 266.58 266.64 266.21 266.55 50.0 266.61 25.0 26943.0 9567.0 17376.0 0.0 266.4182
12:50:00 763.0 18310.0 282.8 266.86 266.98 266.55 266.86 23.0 266.9 125.0 18310.0 11120.0 7190.0 0.0 266.7758
12:51:00 806.0 18670.0 282.8 267.22 267.25 266.74 267.19 161.0 267.27 263.0 18670.0 13246.0 5424.0 0.0 266.9849
12:52:00 983.0 30683.0 282.8 267.43 267.48 267.16 267.4 26.0 267.47 113.0 30683.0 16404.0 14279.0 0.0 267.3596
12:53:00 1084.0 30590.0 282.8 266.94 267.64 266.92 266.94 25.0 267.01 150.0 30590.0 12149.0 18441.0 0.0 267.2412
12:54:00 678.0 18516.0 282.8 267.37 267.45 266.91 267.34 36.0 267.41 1.0 18516.0 12904.0 5612.0 0.0 267.2565
12:55:00 622.0 19864.0 282.8 267.59 267.65 267.1 267.58 213.0 267.65 125.0 19864.0 13697.0 6167.0 0.0 267.3277
12:56:00 760.0 18498.0 282.8 267.77 267.9 267.34 267.74 100.0 267.82 900.0 18498.0 9382.0 9116.0 0.0 267.632
12:57:00 1460.0 49891.0 282.8 268.2 268.33 267.69 268.14 150.0 268.2 846.0 49891.0 27962.0 21929.0 0.0 268.0417
12:58:00 859.0 30861.0 282.8 268.09 268.22 267.85 268.05 50.0 268.1 50.0 30861.0 14947.0 15914.0 0.0 268.0812
12:59:00 667.0 25840.0 282.8 267.91 268.22 267.88 267.91 208.0 267.98 28.0 25840.0 7462.0 18378.0 0.0 268.0334
13:00:00 841.0 25258.0 282.8 268.33 268.49 267.97 268.27 261.0 268.35 225.0 25258.0 10772.0 14486.0 0.0 268.3035
13:01:00 1081.0 37701.0 282.8 267.9 268.37 267.83 267.89 11.0 267.93 200.0 37701.0 8336.0 29365.0 0.0 268.0267
13:02:00 1232.0 28123.0 282.8 268.01 268.12 267.52 267.96 25.0 268.04 25.0 28123.0 15066.0 13057.0 0.0 267.8591
13:03:00 1805.0 52732.0 282.8 269.3 269.34 268.01 269.26 68.0 269.31 25.0 52732.0 38371.0 14361.0 0.0 268.6113
13:04:00 1198.0 25412.0 282.8 268.67 269.26 268.61 268.61 25.0 268.68 200.0 25412.0 11081.0 14331.0 0.0 268.9176
13:05:00 1813.0 49520.0 282.8 269.56 269.88 268.57 269.57 25.0 269.64 143.0 49520.0 28560.0 20960.0 0.0 269.3664
13:06:00 928.0 17309.0 282.8 269.42 269.76 269.19 269.41 156.0 269.5 1110.0 17309.0 6635.0 10674.0 0.0 269.472
13:07:00 1076.0 21675.0 282.8 269.73 269.78 269.24 269.64 83.0 269.72 25.0 21675.0 11532.0 10143.0 0.0 269.5667
13:08:00 1079.0 32531.0 282.8 269.77 269.85 269.4 269.7 1.0 269.77 25.0 32531.0 13587.0 18944.0 0.0 269.6604
13:09:00 1249.0 59649.0 282.8 269.78 270.05 269.64 269.76 50.0 269.8 132.0 59649.0 47823.0 11826.0 0.0 269.9283
13:10:00 890.0 24469.0 282.8 269.24 269.77 269.05 269.2 4.0 269.3 25.0 24469.0 4750.0 19719.0 0.0 269.3982
13:11:00 681.0 13515.0 282.8 269.06 269.49 269.03 269.03 1.0 269.09 58.0 13515.0 4529.0 8986.0 0.0 269.2462
13:12:00 1486.0 50641.0 282.8 268.59 269.25 268.35 268.52 26.0 268.6 25.0 50641.0 15422.0 35219.0 0.0 268.7694
13:13:00 662.0 19294.0 282.8 268.61 268.68 268.34 268.6 1.0 268.65 51.0 19294.0 9334.0 9960.0 0.0 268.4946
13:14:00 658.0 15639.0 282.8 268.44 268.66 268.28 268.43 180.0 268.5 165.0 15639.0 7903.0 7736.0 0.0 268.4438
13:15:00 666.0 16792.0 282.8 268.89 268.89 268.41 268.86 152.0 268.92 84.0 16792.0 11081.0 5711.0 0.0 268.6322
13:16:00 1394.0 49630.0 282.8 269.26 269.57 268.77 269.26 175.0 269.33 202.0 49630.0 37771.0 11859.0 0.0 269.2319
13:17:00 601.0 13128.0 282.8 268.79 269.31 268.72 268.75 42.0 268.82 225.0 13128.0 2782.0 10346.0 0.0 268.9863
13:18:00 537.0 20127.0 282.8 268.71 268.92 268.45 268.68 1.0 268.71 140.0 20127.0 4183.0 15944.0 0.0 268.6607
13:19:00 472.0 12061.0 282.8 268.79 268.87 268.52 268.78 10.0 268.84 1200.0 12061.0 6608.0 5453.0 0.0 268.7108
13:20:00 646.0 16151.0 282.8 268.75 269.17 268.69 268.72 50.0 268.79 1.0 16151.0 8483.0 7668.0 0.0 268.9429
13:21:00 910.0 28003.0 282.8 269.24 269.28 268.64 269.21 1.0 269.24 169.0 28003.0 10439.0 17564.0 0.0 268.8926
13:22:00 1704.0 65389.0 282.8 269.72 269.8 269.17 269.71 25.0 269.78 10.0 65389.0 50782.0 14607.0 0.0 269.5055
13:23:00 856.0 32158.0 282.8 269.45 269.82 269.4 269.43 223.0 269.47 30.0 32158.0 14371.0 17787.0 0.0 269.5561
13:24:00 713.0 24299.0 282.8 269.08 269.6 269.05 269.04 10.0 269.1 153.0 24299.0 6573.0 17726.0 0.0 269.3269
13:25:00 512.0 13264.0 282.8 269.25 269.37 268.9 269.24 2.0 269.3 183.0 13264.0 6359.0 6905.0 0.0 269.115
13:26:00 658.0 23804.0 282.8 269.22 269.55 269.07 269.2 12.0 269.25 25.0 23804.0 16746.0 7058.0 0.0 269.3889
13:27:00 486.0 16329.0 282.8 268.82 269.25 268.75 268.82 83.0 268.88 246.0 16329.0 3953.0 12376.0 0.0 268.9656
13:28:00 1192.0 27109.0 282.8 268.39 268.82 268.09 268.33 25.0 268.37 10.0 27109.0 10216.0 16893.0 0.0 268.3817
13:29:00 942.0 19220.0 282.8 268.82 268.97 268.31 268.8 161.0 268.86 30.0 19220.0 12084.0 7136.0 0.0 268.6305
13:30:00 497.0 12259.0 282.8 268.89 269.14 268.8 268.88 221.0 268.94 39.0 12259.0 7221.0 5038.0 0.0 268.9739
13:31:00 416.0 7272.0 282.8 268.73 268.9 268.56 268.69 410.0 268.74 50.0 7272.0 2217.0 5055.0 0.0 268.7264
13:32:00 589.0 12568.0 282.8 268.5 268.98 268.4 268.45 126.0 268.51 100.0 12568.0 4233.0 8335.0 0.0 268.628
13:33:00 582.0 12834.0 282.8 268.89 268.9 268.41 268.84 91.0 268.9 105.0 12834.0 7903.0 4931.0 0.0 268.6771
13:34:00 429.0 10758.0 282.8 268.53 268.9 268.45 268.5 100.0 268.54 50.0 10758.0 3299.0 7459.0 0.0 268.6892
13:35:00 391.0 11036.0 282.8 268.47 268.69 268.35 268.43 50.0 268.48 240.0 11036.0 4565.0 6471.0 0.0 268.5132
13:36:00 695.0 17893.0 282.8 268.12 268.71 268.03 268.15 10.0 268.2 187.0 17893.0 5970.0 11923.0 0.0 268.3206
13:37:00 1239.0 27529.0 282.8 268.09 268.33 267.92 268.03 4.0 268.09 110.0 27529.0 5378.0 22151.0 0.0 268.0805
13:38:00 509.0 10951.0 282.8 268.29 268.46 267.96 268.25 1.0 268.3 151.0 10951.0 6994.0 3957.0 0.0 268.2406
13:39:00 806.0 19454.0 282.8 268.71 268.85 268.24 268.69 296.0 268.75 101.0 19454.0 11398.0 8056.0 0.0 268.6398
13:40:00 368.0 9358.0 282.8 268.69 268.78 268.49 268.67 127.0 268.73 151.0 9358.0 5452.0 3906.0 0.0 268.6434
13:41:00 333.0 7818.0 282.8 268.36 268.67 268.29 268.35 50.0 268.4 100.0 7818.0 1880.0 5938.0 0.0 268.445
13:42:00 664.0 14663.0 282.8 268.35 268.6 268.32 268.35 236.0 268.45 168.0 14663.0 7563.0 7100.0 0.0 268.4551
13:43:00 897.0 42040.0 282.8 268.84 269.14 268.4 268.82 132.0 268.89 201.0 42040.0 34888.0 7152.0 0.0 268.92
13:44:00 541.0 23148.0 282.8 268.85 269.12 268.7 268.85 50.0 268.9 275.0 23148.0 7810.0 15338.0 0.0 268.943
13:45:00 384.0 10044.0 282.8 268.84 268.88 268.65 268.8 400.0 268.87 334.0 10044.0 4408.0 5636.0 0.0 268.7688
13:46:00 784.0 35241.0 282.8 269.31 269.45 268.69 269.24 191.0 269.3 1.0 35241.0 27791.0 7450.0 0.0 269.0384
13:47:00 587.0 19429.0 282.8 269.11 269.36 269.03 269.1 5.0 269.12 9.0 19429.0 5457.0 13972.0 0.0 269.1933
13:48:00 563.0 18911.0 282.8 268.85 269.1 268.59 268.8 31.0 268.86 120.0 18911.0 4068.0 14843.0 0.0 268.7812
13:49:00 415.0 13715.0 282.8 269.08 269.21 268.8 269.06 250.0 269.12 150.0 13715.0 8589.0 5126.0 0.0 268.9965
13:50:00 386.0 8345.0 282.8 268.96 269.11 268.82 268.94 3.0 269.0 190.0 8345.0 2983.0 5362.0 0.0 268.9933
13:51:00 418.0 13708.0 282.8 268.865 269.03 268.65 268.84 106.0 268.9 200.0 13708.0 5485.0 8223.0 0.0 268.8492
13:52:00 427.0 22811.0 282.8 268.61 269.0 268.57 268.57 150.0 268.63 170.0 22811.0 7357.0 15454.0 0.0 268.7514
13:53:00 373.0 8668.0 282.8 268.64 268.78 268.56 268.64 111.0 268.7 485.0 8668.0 4744.0 3924.0 0.0 268.6709
13:54:00 480.0 14998.0 282.8 268.81 269.04 268.65 268.79 227.0 268.85 25.0 14998.0 10648.0 4350.0 0.0 268.8947
13:55:00 279.0 11249.0 282.8 269.07 269.22 268.8 269.04 378.0 269.11 150.0 11249.0 7322.0 3927.0 0.0 269.0363
13:56:00 459.0 10806.0 282.8 269.0 269.17 268.83 268.95 217.0 269.0 150.0 10806.0 3845.0 6961.0 0.0 269.0292
13:57:00 450.0 13437.0 282.8 269.13 269.22 268.82 269.08 333.0 269.14 100.0 13437.0 6513.0 6924.0 0.0 269.0147
13:58:00 344.0 7784.0 282.8 269.09 269.15 268.89 269.08 23.0 269.1 451.0 7784.0 2963.0 4821.0 0.0 269.041
13:59:00 558.0 15641.0 282.8 269.67 269.67 269.08 269.63 50.0 269.68 25.0 15641.0 12304.0 3337.0 0.0 269.374
14:00:00 538.0 14544.0 282.8 269.43 269.74 269.4 269.42 175.0 269.48 251.0 14544.0 5437.0 9107.0 0.0 269.5555
14:01:00 531.0 17509.0 282.8 269.5 269.6 269.24 269.46 287.0 269.53 100.0 17509.0 7517.0 9992.0 0.0 269.4084
14:02:00 1223.0 58379.0 282.8 270.26 270.38 269.46 270.23 151.0 270.3 2.0 58379.0 46295.0 12084.0 0.0 270.0317
14:03:00 845.0 31364.0 282.8 270.5 270.7 270.19 270.5 150.0 270.56 850.0 31364.0 15013.0 16351.0 0.0 270.4237
14:04:00 525.0 19941.0 282.8 270.29 270.52 270.23 270.27 402.0 270.31 50.0 19941.0 4726.0 15215.0 0.0 270.3725
14:05:00 1131.0 35134.0 282.8 270.16 270.32 269.79 270.12 274.0 270.19 74.0 35134.0 13437.0 21697.0 0.0 270.0252
14:06:00 1044.0 40311.0 282.8 270.02 270.4 269.9 270.01 403.0 270.08 100.0 40311.0 8932.0 31379.0 0.0 270.094
14:07:00 571.0 14645.0 282.8 270.0 270.08 269.67 270.0 5.0 270.06 200.0 14645.0 7169.0 7476.0 0.0 269.8718
14:08:00 343.0 8036.0 282.8 269.77 270.08 269.73 269.77 50.0 269.81 310.0 8036.0 3558.0 4478.0 0.0 269.8626
14:09:00 354.0 11719.0 282.8 269.96 270.0 269.73 269.92 856.0 269.99 1.0 11719.0 6149.0 5570.0 0.0 269.8596
14:10:00 521.0 16323.0 282.8 270.09 270.25 269.87 270.05 400.0 270.11 401.0 16323.0 9936.0 6387.0 0.0 270.065
14:11:00 480.0 21807.0 282.8 269.75 270.17 269.67 269.73 200.0 269.79 471.0 21807.0 4473.0 17334.0 0.0 269.7887
14:12:00 466.0 11355.0 282.8 269.78 269.98 269.65 269.76 100.0 269.8 240.0 11355.0 5899.0 5456.0 0.0 269.7842
14:13:00 276.0 10082.0 282.8 269.73 269.9 269.68 269.71 10.0 269.75 354.0 10082.0 4236.0 5846.0 0.0 269.7758
14:14:00 480.0 12643.0 282.8 269.55 269.74 269.51 269.56 1.0 269.57 74.0 12643.0 6354.0 6289.0 0.0 269.6099
14:15:00 632.0 15187.0 282.8 269.52 269.56 269.4 269.49 135.0 269.53 114.0 15187.0 6623.0 8564.0 0.0 269.4801
14:16:00 1140.0 30559.0 282.8 268.84 269.78 268.78 268.83 126.0 268.86 151.0 30559.0 7005.0 23554.0 0.0 269.3011
14:17:00 1258.0 32738.0 282.8 268.12 269.09 268.12 268.13 1.0 268.18 7.0 32738.0 10039.0 22699.0 0.0 268.6139
14:18:00 1656.0 57499.0 282.8 268.0 268.5 267.9 267.99 26.0 268.0 2.0 57499.0 19127.0 38372.0 0.0 268.1208
14:19:00 646.0 16319.0 282.8 268.38 268.39 267.84 268.34 50.0 268.4 141.0 16319.0 10885.0 5434.0 0.0 268.1032
14:20:00 406.0 9348.0 282.8 268.36 268.5 268.28 268.35 245.0 268.4 2.0 9348.0 4964.0 4384.0 0.0 268.4057
14:21:00 683.0 15587.0 282.8 268.19 268.46 268.04 268.15 106.0 268.19 300.0 15587.0 8314.0 7273.0 0.0 268.2711
14:22:00 625.0 15483.0 282.8 268.31 268.45 267.98 268.28 185.0 268.35 275.0 15483.0 6497.0 8986.0 0.0 268.1732
14:23:00 468.0 12983.0 282.8 268.17 268.36 268.1 268.15 2.0 268.2 511.0 12983.0 6877.0 6106.0 0.0 268.1888
14:24:00 433.0 14459.0 282.8 268.53 268.54 268.15 268.49 300.0 268.54 610.0 14459.0 10433.0 4026.0 0.0 268.3963
14:25:00 534.0 19922.0 282.8 268.43 268.55 268.31 268.38 92.0 268.42 50.0 19922.0 4924.0 14998.0 0.0 268.4754
14:26:00 1235.0 30826.0 282.8 267.91 268.37 267.71 267.87 50.0 267.93 201.0 30826.0 5355.0 25471.0 0.0 268.0292
14:27:00 1137.0 23137.0 282.8 267.89 268.28 267.67 267.84 50.0 267.9 100.0 23137.0 7873.0 15264.0 0.0 267.8754
14:28:00 1124.0 27636.0 282.8 267.6 267.9 267.35 267.56 251.0 267.62 1.0 27636.0 8128.0 19508.0 0.0 267.5442
14:29:00 494.0 15892.0 282.8 267.93 267.98 267.54 267.92 400.0 267.94 8.0 15892.0 9958.0 5934.0 0.0 267.7642
14:30:00 533.0 15525.0 282.8 267.66 268.09 267.59 267.67 1.0 267.72 50.0 15525.0 5512.0 10013.0 0.0 267.8578
14:31:00 973.0 32803.0 282.8 267.77 267.78 267.2 267.78 163.0 267.82 94.0 32803.0 15427.0 17376.0 0.0 267.4191
14:32:00 719.0 23156.0 282.8 267.44 267.85 267.22 267.39 35.0 267.49 1.0 23156.0 9045.0 14111.0 0.0 267.5489
14:33:00 2662.0 53572.0 282.8 266.89 267.5 266.82 266.84 51.0 266.91 150.0 53572.0 9420.0 44152.0 0.0 267.0533
14:34:00 751.0 25279.0 282.8 267.58 267.61 266.84 267.56 50.0 267.62 196.0 25279.0 17592.0 7687.0 0.0 267.1967
14:35:00 924.0 24120.0 282.8 267.74 267.95 267.23 267.74 179.0 267.79 150.0 24120.0 12144.0 11976.0 0.0 267.6339
14:36:00 710.0 22256.0 282.8 267.84 267.88 267.48 267.8 5.0 267.87 124.0 22256.0 11083.0 11173.0 0.0 267.7193
14:37:00 345.0 8337.0 282.8 267.66 267.82 267.5 267.65 177.0 267.68 300.0 8337.0 3137.0 5200.0 0.0 267.6476
14:38:00 540.0 14396.0 282.8 267.69 267.75 267.46 267.63 200.0 267.7 154.0 14396.0 8577.0 5819.0 0.0 267.6168
14:39:00 491.0 13240.0 282.8 267.5 267.75 267.32 267.47 28.0 267.54 50.0 13240.0 4883.0 8357.0 0.0 267.5148
14:40:00 613.0 13196.0 282.8 267.18 267.54 267.1 267.17 20.0 267.21 250.0 13196.0 4935.0 8261.0 0.0 267.3095
14:41:00 872.0 29711.0 282.8 267.91 268.04 267.17 267.9 10.0 267.95 201.0 29711.0 14926.0 14785.0 0.0 267.6502
14:42:00 665.0 17283.0 282.8 267.78 267.9 267.45 267.77 50.0 267.82 198.0 17283.0 4769.0 12514.0 0.0 267.6838
14:43:00 428.0 15632.0 282.8 267.83 267.95 267.66 267.82 50.0 267.89 150.0 15632.0 8254.0 7378.0 0.0 267.8299
14:44:00 687.0 27993.0 282.8 268.39 268.39 267.56 268.35 150.0 268.4 67.0 27993.0 15680.0 12313.0 0.0 268.0119
14:45:00 654.0 23890.0 282.8 268.27 268.5 268.02 268.24 104.0 268.28 73.0 23890.0 10733.0 13157.0 0.0 268.3359
14:46:00 630.0 22282.0 282.8 268.58 268.72 268.13 268.56 100.0 268.62 651.0 22282.0 11002.0 11280.0 0.0 268.3925
14:47:00 667.0 19613.0 282.8 268.14 268.61 268.02 268.11 262.0 268.17 151.0 19613.0 6755.0 12858.0 0.0 268.2446
14:48:00 645.0 23043.0 282.8 267.95 268.17 267.75 267.89 1.0 267.97 400.0 23043.0 8400.0 14643.0 0.0 267.9013
14:49:00 704.0 20443.0 282.8 268.28 268.33 267.72 268.25 25.0 268.29 10.0 20443.0 10202.0 10241.0 0.0 268.0998
14:50:00 596.0 18729.0 282.8 267.99 268.47 267.76 267.95 501.0 267.99 12.0 18729.0 5894.0 12835.0 0.0 268.1862
14:51:00 493.0 18349.0 282.8 268.39 268.45 267.81 268.35 263.0 268.41 28.0 18349.0 9429.0 8920.0 0.0 268.1757
14:52:00 704.0 21958.0 282.8 268.6 268.72 268.32 268.57 400.0 268.62 100.0 21958.0 11106.0 10852.0 0.0 268.5119
14:53:00 537.0 21727.0 282.8 268.87 268.88 268.42 268.82 19.0 268.88 150.0 21727.0 11405.0 10322.0 0.0 268.6965
14:54:00 697.0 30151.0 282.8 268.87 269.02 268.62 268.87 1.0 268.91 153.0 30151.0 17141.0 13010.0 0.0 268.8593
14:55:00 421.0 13519.0 282.8 268.815 268.93 268.58 268.8 2.0 268.84 3.0 13519.0 3795.0 9724.0 0.0 268.7435
14:56:00 731.0 36132.0 282.8 269.24 269.42 268.75 269.23 237.0 269.28 84.0 36132.0 17022.0 19110.0 0.0 269.207
14:57:00 510.0 21945.0 282.8 269.18 269.45 269.06 269.14 2.0 269.19 3.0 21945.0 7597.0 14348.0 0.0 269.2256
14:58:00 414.0 17525.0 282.8 269.17 269.4 269.06 269.16 10.0 269.18 103.0 17525.0 5731.0 11794.0 0.0 269.2005
14:59:00 561.0 23024.0 282.8 269.03 269.23 268.87 268.99 400.0 269.08 140.0 23024.0 7846.0 15178.0 0.0 269.0033
15:00:00 523.0 19657.0 282.8 269.11 269.22 268.99 269.08 7.0 269.14 1200.0 19657.0 4751.0 14906.0 0.0 269.07
15:01:00 697.0 24742.0 282.8 268.87 269.14 268.65 268.82 56.0 268.88 50.0 24742.0 8695.0 16047.0 0.0 268.8911
15:02:00 593.0 30443.0 282.8 268.67 269.01 268.6 268.65 4.0 268.68 101.0 30443.0 15078.0 15365.0 0.0 268.8705
15:03:00 1712.0 58469.0 282.8 267.88 268.8 267.69 267.86 51.0 267.9 5.0 58469.0 15087.0 43382.0 0.0 268.1987
15:04:00 1130.0 44112.0 282.8 267.31 267.87 267.25 267.27 150.0 267.32 253.0 44112.0 13795.0 30317.0 0.0 267.5006
15:05:00 874.0 26509.0 282.8 267.585 267.67 267.13 267.55 150.0 267.62 164.0 26509.0 12059.0 14450.0 0.0 267.3718
15:06:00 933.0 34243.0 282.8 267.59 268.0 267.43 267.58 150.0 267.63 38.0 34243.0 20925.0 13318.0 0.0 267.741
15:07:00 934.0 31076.0 282.8 267.45 267.79 267.41 267.41 3262.0 267.47 92.0 31076.0 10781.0 20295.0 0.0 267.6147
15:08:00 687.0 19550.0 282.8 267.44 267.74 267.43 267.43 1.0 267.46 80.0 19550.0 8401.0 11149.0 0.0 267.5615
15:09:00 701.0 16398.0 282.8 267.18 267.53 267.07 267.15 17.0 267.19 150.0 16398.0 4405.0 11993.0 0.0 267.1904
15:10:00 1620.0 35782.0 282.8 266.95 267.2 266.88 266.95 10.0 266.98 18.0 35782.0 8863.0 26919.0 0.0 267.0135
15:11:00 1054.0 33348.0 282.8 266.82 267.05 266.68 266.79 423.0 266.83 14.0 33348.0 10118.0 23230.0 0.0 266.8355
15:12:00 1015.0 29998.0 282.8 266.92 267.14 266.5 266.91 42.0 266.95 98.0 29998.0 11755.0 18243.0 0.0 266.7111
15:13:00 1086.0 35981.0 282.8 267.16 267.25 266.84 267.12 1.0 267.17 652.0 35981.0 14914.0 21067.0 0.0 267.0759
15:14:00 840.0 21265.0 282.8 266.93 267.14 266.83 266.88 10.0 266.94 655.0 21265.0 7795.0 13470.0 0.0 266.9506
15:15:00 1064.0 34728.0 282.8 267.21 267.3 266.8 267.19 350.0 267.24 250.0 34728.0 14807.0 19921.0 0.0 266.9944
15:16:00 1370.0 49459.0 282.8 267.74 267.75 266.9 267.68 150.0 267.74 5.0 49459.0 30709.0 18750.0 0.0 267.3713
15:17:00 1297.0 48070.0 282.8 267.3 267.79 267.28 267.25 901.0 267.29 100.0 48070.0 18705.0 29365.0 0.0 267.57
15:18:00 1107.0 36875.0 282.8 268.12 268.15 267.2 268.09 201.0 268.15 96.0 36875.0 24242.0 12633.0 0.0 267.7367
15:19:00 1664.0 57161.0 282.8 268.51 268.52 267.73 268.49 304.0 268.52 496.0 57161.0 30196.0 26965.0 0.0 268.1645
15:20:00 1254.0 36533.0 282.8 268.4 268.66 268.21 268.35 150.0 268.41 25.0 36533.0 13495.0 23038.0 0.0 268.4394
15:21:00 1134.0 28138.0 282.8 268.27 268.77 268.27 268.26 250.0 268.3 125.0 28138.0 11201.0 16937.0 0.0 268.5949
15:22:00 965.0 21029.0 282.8 268.04 268.42 268.04 268.03 218.0 268.06 31.0 21029.0 8818.0 12211.0 0.0 268.2134
15:23:00 966.0 42075.0 282.8 267.91 268.34 267.79 267.88 2.0 267.95 205.0 42075.0 12507.0 29568.0 0.0 268.02
15:24:00 968.0 30209.0 282.8 267.41 267.89 267.32 267.38 50.0 267.45 31.0 30209.0 8266.0 21943.0 0.0 267.6141
15:25:00 751.0 29464.0 282.8 267.35 267.47 267.08 267.34 5.0 267.39 250.0 29464.0 8398.0 21066.0 0.0 267.2078
15:26:00 1054.0 25884.0 282.8 267.73 267.87 267.2 267.71 4.0 267.75 225.0 25884.0 15863.0 10021.0 0.0 267.6329
15:27:00 986.0 20179.0 282.8 267.58 267.84 267.33 267.52 67.0 267.57 1.0 20179.0 10135.0 10044.0 0.0 267.5774
15:28:00 827.0 20749.0 282.8 267.47 267.74 267.39 267.45 151.0 267.49 86.0 20749.0 11403.0 9346.0 0.0 267.5642
15:29:00 1091.0 27741.0 282.8 267.79 267.86 267.3 267.77 150.0 267.82 153.0 27741.0 15174.0 12567.0 0.0 267.5116
15:30:00 1128.0 31395.0 282.8 268.01 268.12 267.6 267.99 1840.0 268.07 100.0 31395.0 19509.0 11886.0 0.0 267.9295
15:31:00 1038.0 24230.0 282.8 268.31 268.48 267.92 268.28 150.0 268.34 350.0 24230.0 12114.0 12116.0 0.0 268.2456
15:32:00 1188.0 29327.0 282.8 268.06 268.41 267.8 268.0 55.0 268.08 51.0 29327.0 14065.0 15262.0 0.0 268.1106
15:33:00 1046.0 24742.0 282.8 267.74 268.0 267.56 267.74 608.0 267.79 400.0 24742.0 14292.0 10450.0 0.0 267.7258
15:34:00 1029.0 33426.0 282.8 267.56 267.89 267.42 267.56 11.0 267.59 50.0 33426.0 15780.0 17646.0 0.0 267.5864
15:35:00 776.0 24411.0 282.8 267.6 267.82 267.51 267.57 146.0 267.61 50.0 24411.0 15225.0 9186.0 0.0 267.6767
15:36:00 1426.0 54003.0 282.8 267.14 267.89 267.1 267.14 3.0 267.17 415.0 54003.0 31348.0 22655.0 0.0 267.5663
15:37:00 952.0 32402.0 282.8 267.21 267.39 267.03 267.21 9.0 267.22 192.0 32402.0 11494.0 20908.0 0.0 267.1537
15:38:00 2028.0 50573.0 282.8 266.65 267.38 266.6 266.62 106.0 266.66 60.0 50573.0 12848.0 37725.0 0.0 266.9883
15:39:00 1328.0 28769.0 282.8 266.7 267.02 266.63 266.7 273.0 266.75 150.0 28769.0 15252.0 13517.0 0.0 266.8495
15:40:00 1788.0 46481.0 282.8 266.64 266.74 266.42 266.61 50.0 266.65 106.0 46481.0 17284.0 29197.0 0.0 266.5394
15:41:00 1127.0 29749.0 282.8 266.6 266.96 266.5 266.56 105.0 266.58 50.0 29749.0 12996.0 16753.0 0.0 266.726
15:42:00 1387.0 42593.0 282.8 267.14 267.19 266.5 267.11 150.0 267.14 199.0 42593.0 20520.0 22073.0 0.0 266.8686
15:43:00 1287.0 41355.0 282.8 267.25 267.3 266.89 267.24 350.0 267.29 248.0 41355.0 18737.0 22618.0 0.0 267.1075
15:44:00 824.0 24275.0 282.8 267.19 267.3 266.86 267.16 50.0 267.2 300.0 24275.0 15810.0 8465.0 0.0 267.0612
15:45:00 1319.0 44324.0 282.8 267.05 267.26 266.91 267.04 100.0 267.08 200.0 44324.0 19250.0 25074.0 0.0 267.0683
15:46:00 1196.0 37606.0 282.8 267.42 267.56 266.96 267.41 268.0 267.46 150.0 37606.0 25607.0 11999.0 0.0 267.2565
15:47:00 1674.0 36193.0 282.8 266.86 267.52 266.86 266.86 46.0 266.89 1.0 36193.0 10781.0 25412.0 0.0 267.1534
15:48:00 1228.0 32196.0 282.8 266.92 267.13 266.82 266.91 1.0 266.94 201.0 32196.0 15509.0 16687.0 0.0 266.9654
15:49:00 966.0 32302.0 282.8 267.26 267.35 266.87 267.25 350.0 267.27 171.0 32302.0 18809.0 13493.0 0.0 267.1419
15:50:00 1395.0 45546.0 282.8 267.31 267.47 267.1 267.3 19.0 267.34 560.0 45546.0 18194.0 27352.0 0.0 267.268
15:51:00 7648.0 171781.0 282.8 265.67 267.3 265.58 265.62 10.0 265.68 161.0 171781.0 49762.0 122019.0 0.0 266.2664
15:52:00 2582.0 61985.0 282.8 265.88 265.88 265.4 265.81 825.0 265.88 60.0 61985.0 28307.0 33678.0 0.0 265.5971
15:53:00 1920.0 49651.0 282.8 266.22 266.43 265.75 266.2 302.0 266.26 100.0 49651.0 23987.0 25664.0 0.0 266.0385
15:54:00 2138.0 56332.0 282.8 266.5 266.93 266.2 266.47 268.0 266.53 100.0 56332.0 26734.0 29598.0 0.0 266.5404
15:55:00 6582.0 191947.0 282.8 265.33 266.47 264.98 265.25 8.0 265.33 100.0 191947.0 66463.0 125484.0 0.0 265.5177
15:56:00 2668.0 60153.0 282.8 265.13 265.69 265.05 265.12 1.0 265.16 34.0 60153.0 34903.0 25250.0 0.0 265.2835
15:57:00 2673.0 78709.0 282.8 266.12 266.3 265.13 266.11 811.0 266.15 115.0 78709.0 51429.0 27280.0 0.0 265.7792
15:58:00 2387.0 74144.0 282.8 266.0 266.33 265.83 265.98 1.0 266.04 600.0 74144.0 34656.0 39488.0 0.0 266.0827
15:59:00 2380.0 73898.0 282.8 265.79 266.16 265.62 265.77 208.0 265.82 138.0 73898.0 32861.0 41037.0 0.0 265.8677
16:00:00 6207.0 273802.0 282.8 265.88 266.19 265.19 265.65 200.0 265.75 3512.0 273802.0 158325.0 115477.0 0.0 265.6252
16:01:00 240.0 8253.0 282.8 266.08 266.3 265.29 266.0 8429.0 266.07 150.0 8253.0 5476.0 2777.0 0.0 265.6773
16:02:00 205.0 10853.0 282.8 266.06 266.25 266.0 266.05 181.0 266.15 960.0 10853.0 2121.0 8732.0 0.0 266.035
16:03:00 194.0 6141.0 282.8 265.94 266.13 265.89 265.91 4.0 266.0 1537.0 6141.0 1870.0 4271.0 0.0 265.9713
16:04:00 236.0 5788.0 282.8 265.92 266.05 265.5 265.78 5.0 265.96 10.0 5788.0 1790.0 3998.0 0.0 265.799
16:05:00 108.0 121.0 282.8 265.9 265.99 265.8 265.88 3.0 265.95 100.0 121.0 43.0 78.0 0.0 265.9216
16:06:00 83.0 641.0 282.8 265.99 266.0 265.87 265.91 3.0 266.0 1043.0 641.0 637.0 4.0 0.0 265.9594
16:07:00 138.0 939.0 282.8 265.9 266.0 265.81 265.8 389.0 265.9 107.0 939.0 288.0 651.0 0.0 265.9272
16:08:00 66.0 162.0 282.8 265.85 265.9 265.81 265.85 1.0 265.89 5.0 162.0 113.0 49.0 0.0 265.8817
16:09:00 213.0 4699.0 282.8 265.85 265.94 265.7 265.8 12.0 265.86 10.0 4699.0 51.0 4648.0 0.0 265.7616
16:10:00 98.0 1812.0 282.8 265.79 265.94 265.75 265.8 60.0 265.84 6.0 1812.0 327.0 1485.0 0.0 265.8057
16:11:00 164.0 2370.0 282.8 265.78 265.96 265.75 265.75 110.0 265.78 8.0 2370.0 116.0 2254.0 0.0 265.8062
16:12:00 104.0 3181.0 282.8 265.8 265.96 265.76 265.76 12.0 265.86 14.0 3181.0 1271.0 1910.0 0.0 265.8647
16:13:00 106.0 512.0 282.8 265.81 265.9 265.75 265.8 17.0 265.81 999.0 512.0 257.0 255.0 0.0 265.794
16:14:00 121.0 1350.0 282.8 265.89 265.89 265.75 265.87 4.0 265.9 120.0 1350.0 1111.0 239.0 0.0 265.8027
16:15:00 191.0 1761.0 282.8 265.9 265.96 265.75 265.86 244.0 265.96 1068.0 1761.0 1192.0 569.0 0.0 265.8947
16:16:00 129.0 508.0 282.8 265.9 265.96 265.8 265.85 45.0 265.9 20.0 508.0 125.0 383.0 0.0 265.8861
16:17:00 148.0 1004.0 282.8 265.88 265.94 265.75 265.86 169.0 265.9 264.0 1004.0 241.0 763.0 0.0 265.8119
16:18:00 57.0 300.0 282.8 265.88 265.92 265.84 265.86 2.0 265.95 44.0 300.0 65.0 235.0 0.0 265.867
16:19:00 63.0 82.0 282.8 265.85 265.92 265.8 265.83 1.0 265.85 4.0 82.0 35.0 47.0 0.0 265.8384
16:20:00 148.0 8993.0 282.8 265.84 266.02 265.8 265.81 1.0 265.9 201.0 8993.0 3515.0 5478.0 0.0 265.9624
16:21:00 64.0 442.0 282.8 266.02 266.08 265.83 266.0 100.0 266.08 34.0 442.0 431.0 11.0 0.0 265.9657
16:22:00 88.0 603.0 282.8 266.0 266.1 265.98 265.96 10.0 266.05 90.0 603.0 252.0 351.0 0.0 266.0223
16:23:00 155.0 1125.0 282.8 265.97 266.06 265.84 265.9 2.0 265.99 52.0 1125.0 1040.0 85.0 0.0 265.9786
16:24:00 120.0 212.0 282.8 265.95 265.99 265.86 265.94 5.0 265.95 66.0 212.0 97.0 115.0 0.0 265.928
16:25:00 53.0 178.0 282.8 265.91 265.98 265.91 265.9 185.0 265.95 10.0 178.0 166.0 12.0 0.0 265.9663
16:26:00 110.0 1018.0 282.8 265.97 265.99 265.9 265.9 704.0 265.97 236.0 1018.0 909.0 109.0 0.0 265.9622
16:27:00 130.0 3703.0 282.8 265.95 266.11 265.89 265.92 1.0 266.06 10.0 3703.0 2899.0 804.0 0.0 265.9783
16:28:00 61.0 218.0 282.8 265.89 266.03 265.89 265.9 3.0 265.97 10.0 218.0 13.0 205.0 0.0 265.9255
16:29:00 108.0 1040.0 282.8 265.96 265.96 265.8 265.88 9.0 265.96 5.0 1040.0 481.0 559.0 0.0 265.8994
16:30:00 368.0 6808.0 282.8 265.66 265.97 265.62 265.65 101.0 265.75 312.0 6808.0 2322.0 4486.0 0.0 265.7341
16:31:00 70.0 800.0 282.8 265.8 265.85 265.65 265.7 1.0 265.86 10.0 800.0 673.0 127.0 0.0 265.7266
16:32:00 50.0 1170.0 282.8 265.98 265.98 265.8 265.91 1.0 265.98 841.0 1170.0 1166.0 4.0 0.0 265.8229
16:33:00 90.0 2243.0 282.8 265.96 265.98 265.82 265.9 34.0 265.97 3.0 2243.0 448.0 1795.0 0.0 265.9023
16:34:00 102.0 424.0 282.8 265.92 265.98 265.82 265.89 1.0 265.96 10.0 424.0 227.0 197.0 0.0 265.9076
16:35:00 89.0 258.0 282.8 265.96 265.97 265.86 265.9 11.0 265.98 602.0 258.0 74.0 184.0 0.0 265.9062
16:36:00 70.0 2165.0 282.8 266.11 266.16 265.95 266.11 5.0 266.13 3.0 2165.0 2158.0 7.0 0.0 266.0161
16:37:00 30.0 252.0 282.8 266.14 266.16 266.09 266.09 25.0 266.15 249.0 252.0 36.0 216.0 0.0 266.1029
16:38:00 98.0 602.0 282.8 266.09 266.15 266.0 266.01 1.0 266.1 438.0 602.0 520.0 82.0 0.0 266.0707
16:39:00 120.0 1194.0 282.8 265.98 266.09 265.91 265.98 4.0 266.0 2.0 1194.0 877.0 317.0 0.0 265.9786
16:40:00 67.0 635.0 282.8 266.0 266.09 265.95 266.0 12.0 266.0 28.0 635.0 600.0 35.0 0.0 266.0205
16:41:00 81.0 1511.0 282.8 266.12 266.15 266.0 266.1 52.0 266.15 2455.0 1511.0 504.0 1007.0 0.0 266.0932
16:42:00 115.0 1262.0 282.8 266.09 266.15 266.0 266.0 30.0 266.15 1268.0 1262.0 550.0 712.0 0.0 266.0781
16:43:00 105.0 441.0 282.8 265.98 266.1 265.9 265.95 14.0 266.0 161.0 441.0 4.0 437.0 0.0 265.9738
16:44:00 64.0 307.0 282.8 266.04 266.06 265.95 266.0 1.0 266.05 110.0 307.0 286.0 21.0 0.0 266.0074
16:45:00 89.0 547.0 282.8 266.1 266.1 265.91 266.06 2.0 266.1 858.0 547.0 130.0 417.0 0.0 266.0143
16:46:00 110.0 459.0 282.8 265.98 266.09 265.9 265.95 29.0 266.0 340.0 459.0 101.0 358.0 0.0 265.9947
16:47:00 74.0 666.0 282.8 265.93 266.05 265.91 265.92 1.0 266.0 59.0 666.0 321.0 345.0 0.0 265.9845
16:48:00 94.0 371.0 282.8 265.98 266.02 265.91 265.92 1.0 266.0 50.0 371.0 74.0 297.0 0.0 265.933
16:49:00 89.0 442.0 282.8 266.03 266.04 265.91 266.0 27.0 266.05 78.0 442.0 61.0 381.0 0.0 265.9661
16:50:00 107.0 1085.0 282.8 266.02 266.08 265.92 266.0 921.0 266.07 50.0 1085.0 88.0 997.0 0.0 266.0045
16:51:00 77.0 346.0 282.8 266.09 266.09 266.0 266.05 30.0 266.08 1000.0 346.0 154.0 192.0 0.0 266.038
16:52:00 109.0 1307.0 282.8 266.03 266.08 266.0 266.0 103.0 266.04 5.0 1307.0 334.0 973.0 0.0 266.0205
16:53:00 68.0 308.0 282.8 266.07 266.07 265.99 266.06 13.0 266.08 813.0 308.0 57.0 251.0 0.0 266.0117
16:54:00 122.0 810.0 282.8 266.0 266.07 265.96 265.98 1.0 266.0 50.0 810.0 221.0 589.0 0.0 266.0032
16:55:00 61.0 279.0 282.8 266.04 266.07 265.98 266.03 3.0 266.05 269.0 279.0 272.0 7.0 0.0 266.06
16:56:00 107.0 3326.0 282.8 266.0 266.04 265.97 265.97 2.0 266.05 407.0 3326.0 3194.0 132.0 0.0 266.0003
16:57:00 55.0 376.0 282.8 265.98 266.04 265.97 265.97 27.0 265.98 126.0 376.0 110.0 266.0 0.0 265.9922
16:58:00 68.0 423.0 282.8 266.0 266.03 265.97 266.0 33.0 266.04 37.0 423.0 243.0 180.0 0.0 265.9865
16:59:00 88.0 1897.0 282.8 266.11 266.13 265.98 266.1 9.0 266.14 40.0 1897.0 1643.0 254.0 0.0 266.0732
17:00:00 51.0 574.0 282.8 266.15 266.15 266.1 266.13 2.0 266.15 1304.0 574.0 512.0 62.0 0.0 266.1409
