time trade_count trade_volume trade_first trade_last trade_high trade_low bid_price bid_size ask_price ask_size hid_vol buy_vol sell_vol unsided_vol vwap
09:00:00 nan 1143.0 252.9 252.96 253.0 252.78 252.85 1.0 253.0 97.0 1143.0 589.0 554.0 0.0 252.9012
09:01:00 139.0 1752.0 252.9 252.94 253.05 252.84 252.81 50.0 252.95 100.0 1752.0 687.0 1065.0 0.0 252.9656
09:02:00 207.0 2182.0 252.9 253.03 253.07 252.65 253.0 572.0 253.07 717.0 2182.0 1137.0 1045.0 0.0 252.8987
09:03:00 157.0 7292.0 252.9 253.1 253.3 253.01 253.1 34.0 253.25 306.0 7292.0 6968.0 324.0 0.0 253.183
09:04:00 246.0 3521.0 252.9 253.21 253.45 253.11 253.19 3.0 253.22 328.0 3521.0 1792.0 1729.0 0.0 253.3453
09:05:00 309.0 6241.0 252.9 252.75 253.21 252.7 252.69 3.0 252.98 398.0 6241.0 1701.0 4540.0 0.0 252.9865
09:06:00 118.0 1091.0 252.9 252.8 252.97 252.65 252.75 1.0 252.95 75.0 1091.0 796.0 295.0 0.0 252.761
09:07:00 109.0 2082.0 252.9 252.84 253.0 252.75 252.81 3.0 252.9 239.0 2082.0 1582.0 500.0 0.0 252.9348
09:08:00 136.0 1940.0 252.9 252.87 252.9 252.74 252.73 121.0 252.9 241.0 1940.0 815.0 1125.0 0.0 252.8078
09:09:00 128.0 1707.0 252.9 252.7 252.87 252.66 252.66 17.0 252.73 389.0 1707.0 1120.0 587.0 0.0 252.7893
09:10:00 171.0 1466.0 252.9 252.82 252.88 252.6 252.82 3.0 252.88 20.0 1466.0 946.0 520.0 0.0 252.7014
09:11:00 102.0 913.0 252.9 252.8 252.93 252.74 252.76 5.0 252.83 90.0 913.0 592.0 321.0 0.0 252.8283
09:12:00 160.0 1293.0 252.9 252.72 252.85 252.63 252.68 6.0 252.72 148.0 1293.0 619.0 674.0 0.0 252.7147
09:13:00 154.0 1323.0 252.9 252.5 252.72 252.4 252.4 15.0 252.49 6.0 1323.0 76.0 1247.0 0.0 252.5489
09:14:00 158.0 727.0 252.9 252.0 252.49 252.0 252.04 16.0 252.12 133.0 727.0 146.0 581.0 0.0 252.2043
09:15:00 95.0 1315.0 252.9 252.36 252.4 252.06 252.25 2570.0 252.45 6.0 1315.0 1196.0 119.0 0.0 252.2366
09:16:00 258.0 6473.0 252.9 251.85 252.45 251.8 251.81 1.0 252.03 110.0 6473.0 260.0 6213.0 0.0 252.1603
09:17:00 239.0 23824.0 252.9 252.39 252.74 251.81 252.3 104.0 252.46 100.0 23824.0 2581.0 21243.0 0.0 252.4685
09:18:00 121.0 1476.0 252.9 252.43 252.61 252.3 252.32 15.0 252.47 118.0 1476.0 533.0 943.0 0.0 252.4841
09:19:00 152.0 1837.0 252.9 252.21 252.47 252.13 252.2 100.0 252.3 218.0 1837.0 1387.0 450.0 0.0 252.2985
09:20:00 104.0 1363.0 252.9 252.73 252.74 252.15 252.61 5.0 252.74 8.0 1363.0 1262.0 101.0 0.0 252.4168
09:21:00 111.0 1639.0 252.9 252.485 252.74 252.34 252.37 20.0 252.45 3.0 1639.0 306.0 1333.0 0.0 252.4266
09:22:00 129.0 2277.0 252.9 252.32 252.5 252.26 252.25 214.0 252.4 375.0 2277.0 1541.0 736.0 0.0 252.4538
09:23:00 282.0 5004.0 252.9 251.9 252.35 251.8 251.93 5.0 252.0 9.0 5004.0 1476.0 3528.0 0.0 252.0247
09:24:00 300.0 8999.0 252.9 251.88 252.01 251.51 251.8 3.0 251.94 1.0 8999.0 3294.0 5705.0 0.0 251.7478
09:25:00 233.0 6557.0 252.9 251.83 252.15 251.72 251.86 20.0 251.99 100.0 6557.0 3283.0 3274.0 0.0 251.8294
09:26:00 319.0 8857.0 252.9 252.36 252.94 251.96 252.19 200.0 252.67 10.0 8857.0 6304.0 2553.0 0.0 252.5185
09:27:00 361.0 5882.0 252.9 252.91 253.37 252.26 252.73 20.0 252.97 126.0 5882.0 3842.0 2040.0 0.0 252.7917
09:28:00 509.0 16678.0 252.9 251.98 253.0 251.71 251.98 768.0 252.28 10.0 16678.0 9816.0 6862.0 0.0 252.4057
09:29:00 367.0 12030.0 252.9 251.4 252.03 251.24 251.3 219.0 251.4 652.0 12030.0 2404.0 9626.0 0.0 251.5695
09:30:00 299.0 7425.0 252.9 251.05 251.5 251.05 251.05 380.0 251.07 5220.0 7425.0 3154.0 4271.0 0.0 251.2877
09:31:00 9610.0 333693.0 252.9 248.12 251.45 247.6 248.07 76.0 248.17 100.0 333693.0 130423.0 203270.0 0.0 249.6434
09:32:00 4203.0 152513.0 252.9 247.6 248.2 246.61 247.54 25.0 247.71 702.0 152513.0 69891.0 82622.0 0.0 247.4621
09:33:00 3815.0 144460.0 252.9 247.68 248.41 246.75 247.58 237.0 247.68 20.0 144460.0 45063.0 99397.0 0.0 247.533
09:34:00 3437.0 87414.0 252.9 246.54 247.91 246.25 246.47 100.0 246.57 1.0 87414.0 34833.0 52581.0 0.0 246.9173
09:35:00 3728.0 95921.0 252.9 246.83 247.05 245.8 246.71 1.0 246.86 625.0 95921.0 39220.0 56701.0 0.0 246.3432
09:36:00 3976.0 115868.0 252.9 246.88 247.65 246.06 246.86 1.0 246.98 75.0 115868.0 65204.0 50664.0 0.0 246.9042
09:37:00 6741.0 192100.0 252.9 245.1 247.11 244.64 245.09 100.0 245.16 25.0 192100.0 57132.0 134968.0 0.0 245.311
09:38:00 3267.0 88974.0 252.9 245.56 245.67 244.73 245.49 25.0 245.55 20.0 88974.0 51947.0 37027.0 0.0 245.1678
09:39:00 2820.0 81119.0 252.9 245.56 246.07 245.13 245.57 225.0 245.7 100.0 81119.0 41060.0 40059.0 0.0 245.662
09:40:00 2554.0 70158.0 252.9 245.01 245.8 244.78 244.93 44.0 245.04 15.0 70158.0 22865.0 47293.0 0.0 245.1604
09:41:00 2631.0 85215.0 252.9 245.59 246.3 244.65 245.55 1.0 245.65 1155.0 85215.0 42850.0 42365.0 0.0 245.7457
09:42:00 2999.0 104433.0 252.9 244.5 246.16 244.04 244.4 25.0 244.53 25.0 104433.0 43777.0 60656.0 0.0 244.9878
09:43:00 3595.0 136385.0 252.9 243.14 244.51 243.02 243.07 300.0 243.18 46.0 136385.0 49246.0 87139.0 0.0 243.6499
09:44:00 2346.0 109153.0 252.9 242.79 243.3 242.2 242.67 300.0 242.75 19.0 109153.0 64175.0 44978.0 0.0 242.6894
09:45:00 1538.0 56846.0 252.9 242.73 243.4 242.64 242.7 202.0 242.77 325.0 56846.0 36858.0 19988.0 0.0 243.0305
09:46:00 2139.0 94214.0 252.9 242.68 243.29 242.28 242.63 25.0 242.77 175.0 94214.0 38192.0 56022.0 0.0 242.7915
09:47:00 2716.0 99795.0 252.9 241.58 242.92 241.48 241.57 78.0 241.66 25.0 99795.0 48811.0 50984.0 0.0 242.0221
09:48:00 2113.0 57894.0 252.9 241.98 242.33 241.32 241.91 193.0 242.01 451.0 57894.0 35387.0 22507.0 0.0 241.8568
09:49:00 3341.0 116879.0 252.9 243.53 243.68 241.98 243.5 135.0 243.6 300.0 116879.0 72411.0 44468.0 0.0 242.9913
09:50:00 3058.0 115008.0 252.9 243.73 244.2 243.48 243.69 44.0 243.74 25.0 115008.0 72767.0 42241.0 0.0 243.9313
09:51:00 2854.0 88341.0 252.9 244.23 244.41 243.58 244.15 227.0 244.21 5.0 88341.0 48155.0 40186.0 0.0 244.0103
09:52:00 2737.0 78591.0 252.9 243.09 244.21 242.7 243.06 136.0 243.1 100.0 78591.0 37365.0 41226.0 0.0 243.4749
09:53:00 1873.0 58001.0 252.9 243.31 243.59 242.77 243.24 275.0 243.32 425.0 58001.0 38987.0 19014.0 0.0 243.2425
09:54:00 2097.0 70726.0 252.9 243.52 243.73 242.53 243.5 365.0 243.58 2.0 70726.0 47557.0 23169.0 0.0 243.1604
09:55:00 2217.0 85217.0 252.9 242.45 243.58 242.27 242.44 50.0 242.52 25.0 85217.0 21246.0 63971.0 0.0 242.7984
09:56:00 1972.0 92481.0 252.9 242.41 243.0 242.01 242.4 100.0 242.45 72.0 92481.0 64442.0 28039.0 0.0 242.5802
09:57:00 1948.0 60450.0 252.9 242.32 242.5 241.74 242.24 258.0 242.31 25.0 60450.0 29122.0 31328.0 0.0 242.1049
09:58:00 1551.0 53250.0 252.9 242.83 243.24 242.24 242.79 134.0 242.87 199.0 53250.0 34728.0 18522.0 0.0 242.928
09:59:00 1013.0 37597.0 252.9 243.19 243.31 242.55 243.15 25.0 243.21 100.0 37597.0 19383.0 18214.0 0.0 242.943
10:00:00 2017.0 66215.0 252.9 244.07 244.3 243.175 244.03 26.0 244.11 500.0 66215.0 36512.0 29703.0 0.0 243.9006
10:01:00 3894.0 122624.0 252.9 242.12 244.32 241.9 242.07 9532.0 242.16 25.0 122624.0 35389.0 87235.0 0.0 242.6759
10:02:00 3766.0 124904.0 252.9 240.69 243.18 240.69 240.69 86.0 240.77 45.0 124904.0 40896.0 84008.0 0.0 241.4988
10:03:00 2677.0 67941.0 252.9 240.42 241.53 240.36 240.38 25.0 240.44 36.0 67941.0 38195.0 29746.0 0.0 240.9213
10:04:00 3981.0 163613.0 252.9 239.86 241.09 239.75 239.83 100.0 239.89 25.0 163613.0 26947.0 136666.0 0.0 240.1515
10:05:00 1929.0 54672.0 252.9 240.15 240.5 239.81 240.15 15.0 240.2 400.0 54672.0 33723.0 20949.0 0.0 240.1573
10:06:00 2098.0 71366.0 252.9 239.54 240.65 239.52 239.52 127.0 239.59 175.0 71366.0 26343.0 45023.0 0.0 240.0793
10:07:00 1661.0 42553.0 252.9 239.71 239.97 239.13 239.66 126.0 239.77 2.0 42553.0 18557.0 23996.0 0.0 239.5503
10:08:00 2785.0 122062.0 252.9 241.07 241.2 239.53 241.02 25.0 241.1 240.0 122062.0 66823.0 55239.0 0.0 240.4337
10:09:00 2404.0 58572.0 252.9 239.85 241.1 239.84 239.83 100.0 239.92 125.0 58572.0 20485.0 38087.0 0.0 240.367
10:10:00 3065.0 88687.0 252.9 239.92 239.99 238.9 239.91 25.0 239.95 3.0 88687.0 41976.0 46711.0 0.0 239.3448
10:11:00 2480.0 91984.0 252.9 240.34 241.02 239.87 240.33 100.0 240.43 200.0 91984.0 64458.0 27526.0 0.0 240.8003
10:12:00 2091.0 79189.0 252.9 239.47 240.33 238.9 239.44 34.0 239.5 168.0 79189.0 15700.0 63489.0 0.0 239.6874
10:13:00 1507.0 40176.0 252.9 240.8 240.95 239.48 240.73 27.0 240.84 218.0 40176.0 30064.0 10112.0 0.0 240.2911
10:14:00 1619.0 66543.0 252.9 240.76 241.09 240.58 240.74 227.0 240.83 25.0 66543.0 50639.0 15904.0 0.0 240.8904
10:15:00 1634.0 47459.0 252.9 241.63 241.76 240.29 241.59 98.0 241.66 15.0 47459.0 27135.0 20324.0 0.0 241.0351
10:16:00 1592.0 43410.0 252.9 241.15 241.88 240.84 241.07 21.0 241.17 226.0 43410.0 21669.0 21741.0 0.0 241.4632
10:17:00 1662.0 34158.0 252.9 241.13 241.28 240.55 241.07 50.0 241.21 75.0 34158.0 15947.0 18211.0 0.0 240.9194
10:18:00 1800.0 39043.0 252.9 240.47 241.27 240.39 240.44 1.0 240.5 25.0 39043.0 11663.0 27380.0 0.0 240.823
10:19:00 1612.0 58375.0 252.9 241.11 241.72 240.41 241.05 25.0 241.14 27.0 58375.0 38261.0 20114.0 0.0 241.1761
10:20:00 1027.0 24005.0 252.9 240.77 241.23 240.63 240.77 46.0 240.88 250.0 24005.0 7824.0 16181.0 0.0 240.9217
10:21:00 1638.0 53162.0 252.9 242.17 242.55 240.77 242.14 25.0 242.24 75.0 53162.0 33520.0 19642.0 0.0 241.9873
10:22:00 1302.0 41638.0 252.9 242.81 243.0 242.03 242.79 675.0 242.9 156.0 41638.0 22738.0 18900.0 0.0 242.6123
10:23:00 1668.0 54244.0 252.9 243.05 243.36 242.7 242.97 30.0 243.06 3.0 54244.0 25430.0 28814.0 0.0 243.0632
10:24:00 1374.0 36908.0 252.9 242.77 243.12 242.43 242.74 82.0 242.79 96.0 36908.0 19273.0 17635.0 0.0 242.7542
10:25:00 1100.0 34738.0 252.9 242.38 242.88 242.21 242.34 25.0 242.4 1.0 34738.0 13126.0 21612.0 0.0 242.5266
10:26:00 1964.0 65069.0 252.9 243.15 243.43 242.3 243.11 300.0 243.17 61.0 65069.0 44010.0 21059.0 0.0 243.0399
10:27:00 1687.0 45303.0 252.9 242.56 243.12 242.02 242.51 251.0 242.59 250.0 45303.0 15098.0 30205.0 0.0 242.5307
10:28:00 1013.0 28338.0 252.9 242.39 242.6 242.0 242.37 40.0 242.42 131.0 28338.0 10999.0 17339.0 0.0 242.2797
10:29:00 1008.0 29258.0 252.9 242.8 242.88 242.15 242.76 50.0 242.81 50.0 29258.0 17142.0 12116.0 0.0 242.4881
10:30:00 1379.0 50487.0 252.9 242.43 243.14 242.22 242.37 150.0 242.44 400.0 50487.0 15711.0 34776.0 0.0 242.661
10:31:00 1239.0 55231.0 252.9 243.07 243.34 242.4 243.02 50.0 243.11 24.0 55231.0 32877.0 22354.0 0.0 243.0308
10:32:00 1219.0 39782.0 252.9 243.48 243.95 243.09 243.41 275.0 243.48 100.0 39782.0 23932.0 15850.0 0.0 243.5901
10:33:00 1164.0 37457.0 252.9 243.37 243.71 242.94 243.31 50.0 243.37 100.0 37457.0 15751.0 21706.0 0.0 243.347
10:34:00 933.0 31204.0 252.9 242.69 243.45 242.59 242.66 181.0 242.73 300.0 31204.0 8945.0 22259.0 0.0 242.9247
10:35:00 1258.0 52775.0 252.9 242.43 243.34 242.12 242.41 8.0 242.46 222.0 52775.0 22202.0 30573.0 0.0 242.6878
10:36:00 1430.0 45081.0 252.9 241.75 242.8 241.64 241.69 267.0 241.76 10.0 45081.0 14864.0 30217.0 0.0 242.2294
10:37:00 899.0 26322.0 252.9 242.3 242.44 241.401 242.27 150.0 242.36 50.0 26322.0 13136.0 13186.0 0.0 241.7896
10:38:00 826.0 22401.0 252.9 242.69 242.73 242.22 242.61 70.0 242.71 50.0 22401.0 12027.0 10374.0 0.0 242.5236
10:39:00 720.0 18354.0 252.9 242.21 242.69 241.86 242.13 25.0 242.2 32.0 18354.0 6503.0 11851.0 0.0 242.2581
10:40:00 931.0 23093.0 252.9 242.14 242.7 241.88 242.06 25.0 242.19 148.0 23093.0 10870.0 12223.0 0.0 242.2967
10:41:00 916.0 38819.0 252.9 242.74 243.04 242.17 242.68 25.0 242.77 220.0 38819.0 26508.0 12311.0 0.0 242.6186
10:42:00 933.0 23495.0 252.9 241.8 242.74 241.62 241.77 100.0 241.84 1.0 23495.0 8146.0 15349.0 0.0 242.0152
10:43:00 762.0 23630.0 252.9 241.24 241.92 241.13 241.17 255.0 241.27 101.0 23630.0 8432.0 15198.0 0.0 241.5266
10:44:00 1563.0 37606.0 252.9 240.46 241.22 240.3 240.43 125.0 240.5 80.0 37606.0 10509.0 27097.0 0.0 240.7134
10:45:00 801.0 24387.0 252.9 240.45 240.95 240.25 240.37 275.0 240.48 888.0 24387.0 10304.0 14083.0 0.0 240.5992
10:46:00 934.0 33930.0 252.9 240.56 240.67 240.04 240.5 25.0 240.61 125.0 33930.0 17111.0 16819.0 0.0 240.3481
10:47:00 1964.0 59469.0 252.9 240.07 240.82 239.8 240.02 219.0 240.1 200.0 59469.0 12895.0 46574.0 0.0 240.1266
10:48:00 1154.0 27764.0 252.9 240.34 240.68 240.04 240.3 354.0 240.4 75.0 27764.0 14727.0 13037.0 0.0 240.3777
10:49:00 1007.0 57404.0 252.9 240.75 240.98 240.14 240.72 75.0 240.79 147.0 57404.0 27965.0 29439.0 0.0 240.6009
10:50:00 987.0 22710.0 252.9 240.81 241.27 240.51 240.78 19.0 240.84 100.0 22710.0 13596.0 9114.0 0.0 240.8923
10:51:00 1137.0 26695.0 252.9 240.98 241.12 240.49 240.94 173.0 241.03 15.0 26695.0 13177.0 13518.0 0.0 240.9252
10:52:00 1118.0 32492.0 252.9 241.43 241.69 240.88 241.39 35.0 241.45 20.0 32492.0 17369.0 15123.0 0.0 241.3154
10:53:00 880.0 20242.0 252.9 241.42 241.57 241.08 241.35 75.0 241.44 10.0 20242.0 7333.0 12909.0 0.0 241.2932
10:54:00 1046.0 30648.0 252.9 241.05 241.78 241.01 241.03 167.0 241.09 95.0 30648.0 15485.0 15163.0 0.0 241.4101
10:55:00 843.0 36052.0 252.9 241.56 241.58 241.07 241.51 150.0 241.57 100.0 36052.0 22785.0 13267.0 0.0 241.3954
10:56:00 1542.0 48752.0 252.9 242.04 242.28 241.43 242.02 11.0 242.07 25.0 48752.0 21478.0 27274.0 0.0 242.0508
10:57:00 793.0 23060.0 252.9 241.84 242.22 241.73 241.81 150.0 241.89 25.0 23060.0 8575.0 14485.0 0.0 241.9822
10:58:00 816.0 42497.0 252.9 242.16 242.39 241.67 242.11 50.0 242.17 435.0 42497.0 30518.0 11979.0 0.0 242.0181
10:59:00 1032.0 34344.0 252.9 242.47 242.55 241.8 242.46 525.0 242.53 25.0 34344.0 20154.0 14190.0 0.0 242.2227
11:00:00 868.0 30096.0 252.9 242.77 242.88 242.29 242.7 359.0 242.79 202.0 30096.0 17240.0 12856.0 0.0 242.6823
11:01:00 1006.0 37037.0 252.9 243.29 243.35 242.65 243.25 25.0 243.32 100.0 37037.0 21396.0 15641.0 0.0 243.1061
11:02:00 863.0 26093.0 252.9 242.82 243.295 242.79 242.79 300.0 242.86 50.0 26093.0 6057.0 20036.0 0.0 243.0342
11:03:00 1278.0 61894.0 252.9 243.19 243.38 242.39 243.12 25.0 243.23 25.0 61894.0 44080.0 17814.0 0.0 242.9672
11:04:00 800.0 29097.0 252.9 243.04 243.37 242.73 242.95 150.0 243.08 25.0 29097.0 14898.0 14199.0 0.0 243.0624
11:05:00 631.0 21656.0 252.9 242.67 243.15 242.56 242.63 25.0 242.73 25.0 21656.0 12103.0 9553.0 0.0 242.8757
11:06:00 607.0 17557.0 252.9 242.75 243.07 242.7 242.72 236.0 242.79 24.0 17557.0 7928.0 9629.0 0.0 242.8836
11:07:00 1450.0 41205.0 252.9 243.55 243.77 242.68 243.43 25.0 243.54 149.0 41205.0 28417.0 12788.0 0.0 243.3762
11:08:00 1635.0 49351.0 252.9 244.34 244.44 243.53 244.23 336.0 244.34 200.0 49351.0 33280.0 16071.0 0.0 244.1074
11:09:00 996.0 29171.0 252.9 244.48 244.54 243.77 244.47 89.0 244.51 50.0 29171.0 13351.0 15820.0 0.0 244.1232
11:10:00 849.0 22383.0 252.9 244.22 244.48 243.98 244.18 25.0 244.23 325.0 22383.0 8774.0 13609.0 0.0 244.1825
11:11:00 932.0 31896.0 252.9 243.76 244.23 243.72 243.73 63.0 243.77 50.0 31896.0 11820.0 20076.0 0.0 243.9937
11:12:00 1180.0 47273.0 252.9 244.53 244.71 243.6 244.5 158.0 244.56 73.0 47273.0 22191.0 25082.0 0.0 244.228
11:13:00 1634.0 64270.0 252.9 244.69 245.08 244.36 244.64 100.0 244.72 253.0 64270.0 35285.0 28985.0 0.0 244.8089
11:14:00 838.0 33987.0 252.9 245.09 245.29 244.56 245.08 14.0 245.13 360.0 33987.0 15784.0 18203.0 0.0 244.9505
11:15:00 1000.0 37874.0 252.9 245.53 245.55 245.05 245.5 171.0 245.55 106.0 37874.0 23133.0 14741.0 0.0 245.3735
11:16:00 1306.0 47725.0 252.9 244.8 245.62 244.67 244.77 247.0 244.83 241.0 47725.0 14907.0 32818.0 0.0 245.1217
11:17:00 536.0 15539.0 252.9 244.94 244.94 244.57 244.91 50.0 244.96 310.0 15539.0 8599.0 6940.0 0.0 244.7215
11:18:00 672.0 21377.0 252.9 244.96 245.26 244.83 244.96 16.0 245.0 50.0 21377.0 9482.0 11895.0 0.0 245.0319
11:19:00 886.0 38315.0 252.9 244.66 245.07 244.37 244.6 151.0 244.66 319.0 38315.0 9452.0 28863.0 0.0 244.713
11:20:00 1661.0 61790.0 252.9 244.0 244.77 243.65 243.98 100.0 244.0 123.0 61790.0 33450.0 28340.0 0.0 244.1185
11:21:00 803.0 20868.0 252.9 243.74 244.31 243.69 243.7 10.0 243.79 75.0 20868.0 8940.0 11928.0 0.0 244.052
11:22:00 1674.0 46947.0 252.9 243.09 243.7 242.87 243.04 173.0 243.1 3.0 46947.0 16826.0 30121.0 0.0 243.221
11:23:00 896.0 26603.0 252.9 243.32 243.4 242.66 243.29 137.0 243.34 57.0 26603.0 12570.0 14033.0 0.0 243.0573
11:24:00 544.0 14990.0 252.9 243.07 243.38 242.87 242.99 248.0 243.07 25.0 14990.0 6712.0 8278.0 0.0 243.0856
11:25:00 778.0 36733.0 252.9 243.14 243.14 242.78 243.08 50.0 243.14 507.0 36733.0 28250.0 8483.0 0.0 242.9498
11:26:00 665.0 18791.0 252.9 243.37 243.5 243.12 243.35 25.0 243.42 153.0 18791.0 11002.0 7789.0 0.0 243.3223
11:27:00 794.0 33879.0 252.9 244.07 244.14 243.41 244.04 200.0 244.09 201.0 33879.0 20368.0 13511.0 0.0 243.8501
11:28:00 853.0 26755.0 252.9 244.31 244.4 244.04 244.26 3.0 244.32 212.0 26755.0 12575.0 14180.0 0.0 244.2618
11:29:00 711.0 25723.0 252.9 244.09 244.27 243.8 244.08 207.0 244.13 110.0 25723.0 9349.0 16374.0 0.0 244.0364
11:30:00 621.0 26273.0 252.9 243.76 244.19 243.72 243.76 2.0 243.8 50.0 26273.0 13337.0 12936.0 0.0 244.0023
11:31:00 1119.0 33227.0 252.9 243.01 243.99 242.69 242.97 188.0 243.02 25.0 33227.0 11955.0 21272.0 0.0 243.1551
11:32:00 503.0 16257.0 252.9 243.22 243.34 242.85 243.21 1.0 243.25 120.0 16257.0 8029.0 8228.0 0.0 243.0567
11:33:00 477.0 13289.0 252.9 243.23 243.52 242.92 243.19 230.0 243.26 282.0 13289.0 7236.0 6053.0 0.0 243.2072
11:34:00 450.0 13113.0 252.9 243.57 243.6 243.19 243.54 75.0 243.61 100.0 13113.0 7475.0 5638.0 0.0 243.37
11:35:00 1221.0 38261.0 252.9 244.17 244.52 243.58 244.17 35.0 244.24 175.0 38261.0 22284.0 15977.0 0.0 244.1558
11:36:00 906.0 24935.0 252.9 244.22 244.67 244.14 244.22 25.0 244.28 150.0 24935.0 11241.0 13694.0 0.0 244.3814
11:37:00 746.0 19185.0 252.9 243.87 244.27 243.56 243.85 17.0 243.92 125.0 19185.0 7128.0 12057.0 0.0 243.924
11:38:00 709.0 16666.0 252.9 243.75 243.88 243.2 243.74 40.0 243.8 17.0 16666.0 4934.0 11732.0 0.0 243.5443
11:39:00 607.0 13778.0 252.9 243.9 244.01 243.57 243.88 613.0 243.94 125.0 13778.0 7978.0 5800.0 0.0 243.7533
11:40:00 441.0 15502.0 252.9 243.67 244.15 243.6 243.71 25.0 243.81 175.0 15502.0 6148.0 9354.0 0.0 243.9158
11:41:00 694.0 23234.0 252.9 244.0 244.55 243.79 243.97 100.0 244.08 150.0 23234.0 12756.0 10478.0 0.0 244.2393
11:42:00 568.0 11506.0 252.9 244.315 244.46 243.98 244.28 400.0 244.35 51.0 11506.0 5974.0 5532.0 0.0 244.2401
11:43:00 965.0 27958.0 252.9 244.1 244.46 244.03 244.09 58.0 244.17 25.0 27958.0 9085.0 18873.0 0.0 244.2571
11:44:00 892.0 23837.0 252.9 243.9 244.36 243.75 243.88 20.0 243.95 150.0 23837.0 13282.0 10555.0 0.0 244.0112
11:45:00 551.0 13685.0 252.9 244.05 244.2 243.85 243.98 201.0 244.05 1848.0 13685.0 5737.0 7948.0 0.0 244.0099
11:46:00 492.0 18539.0 252.9 244.35 244.38 244.0 244.31 20.0 244.39 25.0 18539.0 11955.0 6584.0 0.0 244.19
11:47:00 772.0 22428.0 252.9 244.46 244.59 244.3 244.43 409.0 244.49 199.0 22428.0 10199.0 12229.0 0.0 244.4641
11:48:00 558.0 15551.0 252.9 244.32 244.48 244.14 244.31 25.0 244.38 75.0 15551.0 4743.0 10808.0 0.0 244.306
11:49:00 1180.0 44774.0 252.9 244.99 245.02 244.26 244.96 200.0 245.02 150.0 44774.0 29827.0 14947.0 0.0 244.837
11:50:00 877.0 34833.0 252.9 244.64 245.19 244.57 244.59 100.0 244.66 194.0 34833.0 12229.0 22604.0 0.0 244.9049
11:51:00 676.0 24737.0 252.9 244.5 244.68 244.28 244.48 11.0 244.55 99.0 24737.0 7596.0 17141.0 0.0 244.4949
11:52:00 668.0 15750.0 252.9 244.74 244.81 244.47 244.69 135.0 244.77 75.0 15750.0 7035.0 8715.0 0.0 244.6901
11:53:00 534.0 14384.0 252.9 244.85 244.92 244.6 244.82 207.0 244.87 200.0 14384.0 6877.0 7507.0 0.0 244.7743
11:54:00 849.0 33922.0 252.9 244.98 245.22 244.77 244.92 150.0 245.0 151.0 33922.0 19907.0 14015.0 0.0 245.0384
11:55:00 660.0 22565.0 252.9 245.09 245.37 244.93 245.05 200.0 245.1 59.0 22565.0 9521.0 13044.0 0.0 245.1123
11:56:00 577.0 15647.0 252.9 245.07 245.18 244.81 245.01 125.0 245.08 26.0 15647.0 7328.0 8319.0 0.0 244.9576
11:57:00 673.0 28830.0 252.9 245.17 245.26 244.67 245.16 112.0 245.2 100.0 28830.0 19107.0 9723.0 0.0 245.0841
11:58:00 857.0 42098.0 252.9 245.62 245.69 245.13 245.58 144.0 245.61 100.0 42098.0 28400.0 13698.0 0.0 245.4761
11:59:00 1113.0 36829.0 252.9 245.78 245.98 245.57 245.76 305.0 245.8 44.0 36829.0 20362.0 16467.0 0.0 245.8036
12:00:00 883.0 29568.0 252.9 245.31 245.92 245.01 245.26 3.0 245.32 100.0 29568.0 9199.0 20369.0 0.0 245.4991
12:01:00 714.0 21730.0 252.9 245.06 245.4 244.76 245.0 233.0 245.06 124.0 21730.0 10768.0 10962.0 0.0 245.0124
12:02:00 476.0 16691.0 252.9 245.34 245.35 245.01 245.29 16.0 245.35 200.0 16691.0 8616.0 8075.0 0.0 245.1829
12:03:00 558.0 18237.0 252.9 245.02 245.46 244.86 245.0 25.0 245.06 350.0 18237.0 8040.0 10197.0 0.0 245.1267
12:04:00 651.0 19742.0 252.9 245.08 245.27 244.97 245.04 45.0 245.11 27.0 19742.0 8859.0 10883.0 0.0 245.1031
12:05:00 969.0 27653.0 252.9 244.38 245.18 244.3 244.35 133.0 244.46 50.0 27653.0 9163.0 18490.0 0.0 244.6626
12:06:00 1093.0 29720.0 252.9 244.2 244.63 243.92 244.17 160.0 244.24 50.0 29720.0 10609.0 19111.0 0.0 244.1577
12:07:00 384.0 14926.0 252.9 244.27 244.45 244.18 244.23 31.0 244.3 100.0 14926.0 9416.0 5510.0 0.0 244.3248
12:08:00 290.0 8772.0 252.9 244.4 244.55 244.23 244.35 244.0 244.42 100.0 8772.0 5128.0 3644.0 0.0 244.4091
12:09:00 301.0 9129.0 252.9 244.27 244.5 244.07 244.26 149.0 244.31 294.0 9129.0 3624.0 5505.0 0.0 244.2746
12:10:00 629.0 22411.0 252.9 243.87 244.31 243.77 243.81 50.0 243.89 75.0 22411.0 10476.0 11935.0 0.0 244.0381
12:11:00 914.0 27746.0 252.9 243.27 243.87 243.14 243.25 305.0 243.32 125.0 27746.0 10489.0 17257.0 0.0 243.4583
12:12:00 1055.0 26070.0 252.9 243.09 243.33 242.87 243.08 100.0 243.16 100.0 26070.0 8363.0 17707.0 0.0 243.0622
12:13:00 755.0 30020.0 252.9 242.71 243.2 242.55 242.68 397.0 242.74 125.0 30020.0 7387.0 22633.0 0.0 242.8842
12:14:00 349.0 12391.0 252.9 242.8 242.99 242.73 242.76 151.0 242.83 225.0 12391.0 7691.0 4700.0 0.0 242.8654
12:15:00 549.0 29975.0 252.9 242.97 243.01 242.62 242.97 24.0 243.0 965.0 29975.0 22687.0 7288.0 0.0 242.8812
12:16:00 1011.0 24786.0 252.9 243.28 243.47 242.93 243.24 24.0 243.29 150.0 24786.0 15131.0 9655.0 0.0 243.2726
12:17:00 548.0 29724.0 252.9 243.23 243.44 243.1 243.22 350.0 243.32 200.0 29724.0 19411.0 10313.0 0.0 243.3076
12:18:00 315.0 10228.0 252.9 243.35 243.44 243.03 243.28 50.0 243.36 101.0 10228.0 5162.0 5066.0 0.0 243.2062
12:19:00 505.0 14667.0 252.9 243.6 243.64 243.26 243.56 50.0 243.61 100.0 14667.0 8834.0 5833.0 0.0 243.4375
12:20:00 846.0 25353.0 252.9 243.85 243.98 243.49 243.83 50.0 243.88 15.0 25353.0 14647.0 10706.0 0.0 243.7097
12:21:00 441.0 10260.0 252.9 243.91 243.97 243.62 243.86 50.0 243.91 214.0 10260.0 6446.0 3814.0 0.0 243.8074
12:22:00 815.0 38181.0 252.9 244.01 244.1 243.87 244.02 554.0 244.09 124.0 38181.0 13781.0 24400.0 0.0 243.9924
12:23:00 552.0 19373.0 252.9 243.52 244.07 243.43 243.51 6.0 243.56 150.0 19373.0 3657.0 15716.0 0.0 243.775
12:24:00 444.0 13477.0 252.9 243.82 243.9 243.28 243.77 50.0 243.84 75.0 13477.0 8455.0 5022.0 0.0 243.5809
12:25:00 286.0 12843.0 252.9 243.87 243.96 243.65 243.86 505.0 243.91 380.0 12843.0 6468.0 6375.0 0.0 243.7946
12:26:00 545.0 17649.0 252.9 243.53 244.03 243.41 243.52 1.0 243.57 100.0 17649.0 6324.0 11325.0 0.0 243.7033
12:27:00 696.0 23523.0 252.9 242.77 243.58 242.75 242.73 13.0 242.82 120.0 23523.0 5418.0 18105.0 0.0 243.0424
12:28:00 744.0 22928.0 252.9 242.92 243.04 242.42 242.86 30.0 242.93 6.0 22928.0 9756.0 13172.0 0.0 242.6884
12:29:00 366.0 8339.0 252.9 242.97 243.05 242.84 242.95 10.0 243.0 100.0 8339.0 4088.0 4251.0 0.0 242.9474
12:30:00 396.0 15870.0 252.9 243.2 243.26 242.76 243.14 25.0 243.22 25.0 15870.0 5932.0 9938.0 0.0 243.0424
12:31:00 409.0 11354.0 252.9 243.0 243.39 242.93 243.0 1.0 243.03 1.0 11354.0 5631.0 5723.0 0.0 243.1432
12:32:00 345.0 11801.0 252.9 242.89 243.02 242.53 242.86 75.0 242.95 25.0 11801.0 6032.0 5769.0 0.0 242.8043
12:33:00 728.0 23320.0 252.9 242.5 242.9 242.3 242.44 50.0 242.53 25.0 23320.0 9917.0 13403.0 0.0 242.6208
12:34:00 1579.0 46535.0 252.9 241.89 242.52 241.8 241.87 225.0 241.96 75.0 46535.0 15770.0 30765.0 0.0 242.0542
12:35:00 672.0 24076.0 252.9 242.23 242.34 241.8 242.21 50.0 242.27 225.0 24076.0 12382.0 11694.0 0.0 242.116
12:36:00 449.0 12375.0 252.9 242.31 242.41 242.17 242.26 25.0 242.37 150.0 12375.0 5370.0 7005.0 0.0 242.2741
12:37:00 327.0 12252.0 252.9 242.27 242.34 242.14 242.27 55.0 242.32 25.0 12252.0 6528.0 5724.0 0.0 242.2088
12:38:00 633.0 17566.0 252.9 242.47 242.72 242.28 242.46 200.0 242.53 175.0 17566.0 7310.0 10256.0 0.0 242.5003
12:39:00 479.0 17385.0 252.9 242.56 242.7 242.33 242.53 300.0 242.59 100.0 17385.0 7754.0 9631.0 0.0 242.5734
12:40:00 602.0 16209.0 252.9 242.28 242.74 242.18 242.23 25.0 242.33 50.0 16209.0 7382.0 8827.0 0.0 242.4665
12:41:00 449.0 12523.0 252.9 242.53 242.68 242.27 242.53 50.0 242.56 25.0 12523.0 6920.0 5603.0 0.0 242.5149
12:42:00 580.0 15663.0 252.9 242.56 242.87 242.42 242.52 100.0 242.6 150.0 15663.0 7200.0 8463.0 0.0 242.6225
12:43:00 222.0 6353.0 252.9 242.44 242.75 242.36 242.43 592.0 242.49 50.0 6353.0 2355.0 3998.0 0.0 242.5393
12:44:00 555.0 18687.0 252.9 242.7 242.86 242.18 242.61 50.0 242.72 325.0 18687.0 8242.0 10445.0 0.0 242.4625
12:45:00 184.0 6374.0 252.9 242.53 242.82 242.47 242.53 61.0 242.59 100.0 6374.0 3664.0 2710.0 0.0 242.6231
12:46:00 559.0 13416.0 252.9 242.54 242.7 242.44 242.5 79.0 242.57 175.0 13416.0 7482.0 5934.0 0.0 242.5337
12:47:00 592.0 20684.0 252.9 242.41 242.56 242.1 242.38 50.0 242.46 150.0 20684.0 8035.0 12649.0 0.0 242.3434
12:48:00 438.0 14622.0 252.9 242.46 242.62 242.2 242.46 200.0 242.52 3.0 14622.0 7773.0 6849.0 0.0 242.4514
12:49:00 615.0 15454.0 252.9 242.24 242.54 242.15 242.23 24.0 242.32 175.0 15454.0 6527.0 8927.0 0.0 242.3555
12:50:00 549.0 13248.0 252.9 242.24 242.46 242.1 242.18 350.0 242.26 125.0 13248.0 8772.0 4476.0 0.0 242.2335
12:51:00 447.0 15339.0 252.9 242.77 242.86 242.06 242.75 100.0 242.81 150.0 15339.0 11155.0 4184.0 0.0 242.5323
12:52:00 370.0 7162.0 252.9 242.7 242.78 242.48 242.7 24.0 242.76 163.0 7162.0 3032.0 4130.0 0.0 242.6339
12:53:00 391.0 13108.0 252.9 242.72 242.89 242.58 242.71 100.0 242.76 25.0 13108.0 6261.0 6847.0 0.0 242.7394
12:54:00 325.0 8321.0 252.9 242.48 242.78 242.48 242.47 10.0 242.52 25.0 8321.0 2227.0 6094.0 0.0 242.6434
12:55:00 438.0 13472.0 252.9 242.99 243.09 242.52 242.94 655.0 243.03 1.0 13472.0 10118.0 3354.0 0.0 242.8645
12:56:00 701.0 20226.0 252.9 243.67 243.74 243.05 243.66 440.0 243.73 302.0 20226.0 13216.0 7010.0 0.0 243.4463
12:57:00 602.0 26768.0 252.9 243.9 244.05 243.54 243.9 96.0 243.95 25.0 26768.0 20847.0 5921.0 0.0 243.8665
12:58:00 300.0 6800.0 252.9 243.9 244.04 243.8 243.83 7.0 243.91 225.0 6800.0 2023.0 4777.0 0.0 243.8931
12:59:00 444.0 14105.0 252.9 244.0 244.09 243.79 244.0 225.0 244.06 50.0 14105.0 8959.0 5146.0 0.0 243.9883
13:00:00 276.0 10127.0 252.9 244.0 244.12 243.86 243.96 276.0 244.03 550.0 10127.0 4161.0 5966.0 0.0 244.007
13:01:00 525.0 19862.0 252.9 243.89 244.14 243.84 243.87 1.0 243.93 150.0 19862.0 7392.0 12470.0 0.0 243.9554
13:02:00 424.0 14327.0 252.9 244.12 244.18 243.84 244.1 100.0 244.15 200.0 14327.0 7821.0 6506.0 0.0 244.0404
13:03:00 888.0 30906.0 252.9 243.61 244.28 243.44 243.53 150.0 243.63 650.0 30906.0 8007.0 22899.0 0.0 243.8403
13:04:00 562.0 30496.0 252.9 243.43 243.64 243.13 243.39 58.0 243.44 150.0 30496.0 6211.0 24285.0 0.0 243.3786
13:05:00 269.0 9539.0 252.9 243.47 243.59 243.35 243.46 150.0 243.52 205.0 9539.0 6783.0 2756.0 0.0 243.4716
13:06:00 348.0 9844.0 252.9 243.26 243.54 243.1 243.25 5.0 243.3 225.0 9844.0 3871.0 5973.0 0.0 243.2694
13:07:00 571.0 23626.0 252.9 243.25 243.43 242.88 243.22 250.0 243.28 25.0 23626.0 5181.0 18445.0 0.0 243.0942
13:08:00 267.0 12672.0 252.9 243.55 243.57 243.23 243.51 3.0 243.57 526.0 12672.0 9877.0 2795.0 0.0 243.4491
13:09:00 326.0 8727.0 252.9 243.37 243.61 243.26 243.34 12.0 243.41 524.0 8727.0 4945.0 3782.0 0.0 243.4381
13:10:00 484.0 15163.0 252.9 243.19 243.38 242.97 243.1 210.0 243.18 150.0 15163.0 4326.0 10837.0 0.0 243.1908
13:11:00 176.0 5182.0 252.9 243.35 243.4 243.15 243.33 75.0 243.4 150.0 5182.0 3313.0 1869.0 0.0 243.3126
13:12:00 521.0 14134.0 252.9 243.55 243.68 243.31 243.51 55.0 243.56 10.0 14134.0 7977.0 6157.0 0.0 243.521
13:13:00 464.0 13986.0 252.9 243.53 243.75 243.5 243.52 25.0 243.58 250.0 13986.0 5827.0 8159.0 0.0 243.6083
13:14:00 381.0 9051.0 252.9 243.84 243.99 243.58 243.82 8.0 243.88 25.0 9051.0 4399.0 4652.0 0.0 243.8103
13:15:00 514.0 15743.0 252.9 243.5 243.87 243.39 243.47 33.0 243.53 292.0 15743.0 7447.0 8296.0 0.0 243.5674
13:16:00 330.0 11126.0 252.9 243.42 243.5 243.16 243.43 98.0 243.45 100.0 11126.0 5269.0 5857.0 0.0 243.3449
13:17:00 287.0 10152.0 252.9 243.61 243.67 243.42 243.57 50.0 243.64 25.0 10152.0 4670.0 5482.0 0.0 243.5517
13:18:00 358.0 8794.0 252.9 243.59 243.72 243.35 243.53 79.0 243.59 7.0 8794.0 3613.0 5181.0 0.0 243.566
13:19:00 179.0 5434.0 252.9 243.52 243.61 243.41 243.46 102.0 243.54 1.0 5434.0 3047.0 2387.0 0.0 243.5365
13:20:00 286.0 4725.0 252.9 243.38 243.59 243.35 243.37 21.0 243.43 175.0 4725.0 1718.0 3007.0 0.0 243.4482
13:21:00 238.0 11303.0 252.9 243.34 243.49 243.21 243.34 24.0 243.4 138.0 11303.0 6324.0 4979.0 0.0 243.3866
13:22:00 225.0 5078.0 252.9 243.38 243.48 243.32 243.35 8.0 243.44 625.0 5078.0 2311.0 2767.0 0.0 243.3979
13:23:00 324.0 11839.0 252.9 243.36 243.46 243.15 243.33 50.0 243.38 25.0 11839.0 4886.0 6953.0 0.0 243.2708
13:24:00 163.0 3712.0 252.9 243.29 243.33 243.2 243.27 34.0 243.33 51.0 3712.0 677.0 3035.0 0.0 243.2552
13:25:00 300.0 12949.0 252.9 243.28 243.38 243.16 243.24 1.0 243.31 250.0 12949.0 5264.0 7685.0 0.0 243.2546
13:26:00 486.0 16909.0 252.9 243.74 243.81 243.16 243.72 130.0 243.77 130.0 16909.0 13341.0 3568.0 0.0 243.5003
13:27:00 808.0 21801.0 252.9 244.02 244.12 243.64 243.96 124.0 244.03 50.0 21801.0 14729.0 7072.0 0.0 243.9294
13:28:00 512.0 18359.0 252.9 243.89 244.07 243.71 243.85 436.0 243.9 10.0 18359.0 6688.0 11671.0 0.0 243.8711
13:29:00 452.0 11201.0 252.9 243.98 244.03 243.79 243.95 33.0 243.98 185.0 11201.0 4085.0 7116.0 0.0 243.9228
13:30:00 361.0 9032.0 252.9 243.87 244.16 243.84 243.83 150.0 243.9 100.0 9032.0 4954.0 4078.0 0.0 244.0133
13:31:00 264.0 9282.0 252.9 243.74 243.92 243.71 243.7 355.0 243.78 150.0 9282.0 1936.0 7346.0 0.0 243.7785
13:32:00 225.0 5335.0 252.9 243.84 243.88 243.69 243.81 15.0 243.86 50.0 5335.0 1918.0 3417.0 0.0 243.7728
13:33:00 262.0 7810.0 252.9 243.73 243.88 243.68 243.7 181.0 243.75 101.0 7810.0 2397.0 5413.0 0.0 243.7739
13:34:00 237.0 6934.0 252.9 243.64 243.83 243.59 243.62 100.0 243.65 1909.0 6934.0 1610.0 5324.0 0.0 243.7122
13:35:00 902.0 27598.0 252.9 242.93 243.64 242.75 242.93 50.0 242.99 172.0 27598.0 6998.0 20600.0 0.0 243.1453
13:36:00 1090.0 37948.0 252.9 242.03 243.0 241.92 242.04 25.0 242.07 395.0 37948.0 6800.0 31148.0 0.0 242.269
13:37:00 458.0 15055.0 252.9 242.34 242.44 242.01 242.32 10.0 242.39 74.0 15055.0 8071.0 6984.0 0.0 242.2685
13:38:00 447.0 13352.0 252.9 242.55 242.63 242.36 242.52 62.0 242.57 1.0 13352.0 7687.0 5665.0 0.0 242.4993
13:39:00 335.0 13482.0 252.9 242.74 242.74 242.45 242.67 1154.0 242.76 595.0 13482.0 7730.0 5752.0 0.0 242.6388
13:40:00 368.0 9685.0 252.9 242.81 243.04 242.7 242.8 100.0 242.86 30.0 9685.0 5015.0 4670.0 0.0 242.8572
13:41:00 686.0 20428.0 252.9 243.09 243.19 242.77 243.05 280.0 243.1 148.0 20428.0 11338.0 9090.0 0.0 242.9775
13:42:00 423.0 16325.0 252.9 243.01 243.13 242.77 243.01 72.0 243.04 50.0 16325.0 6320.0 10005.0 0.0 242.9302
13:43:00 310.0 7801.0 252.9 242.86 243.03 242.78 242.83 302.0 242.9 20.0 7801.0 3490.0 4311.0 0.0 242.8623
13:44:00 333.0 10374.0 252.9 243.05 243.07 242.74 243.01 58.0 243.07 174.0 10374.0 6903.0 3471.0 0.0 242.9363
13:45:00 500.0 17917.0 252.9 242.9 243.2 242.8 242.94 70.0 242.98 178.0 17917.0 7517.0 10400.0 0.0 243.0163
13:46:00 324.0 12763.0 252.9 242.96 243.12 242.8 242.95 750.0 243.0 101.0 12763.0 5822.0 6941.0 0.0 242.9507
13:47:00 494.0 18094.0 252.9 242.69 243.0 242.56 242.68 3.0 242.74 106.0 18094.0 7555.0 10539.0 0.0 242.7687
13:48:00 337.0 10063.0 252.9 242.61 242.82 242.48 242.55 5.0 242.63 186.0 10063.0 3047.0 7016.0 0.0 242.5825
13:49:00 275.0 6105.0 252.9 242.57 242.75 242.45 242.53 11.0 242.58 25.0 6105.0 1927.0 4178.0 0.0 242.5628
13:50:00 609.0 14991.0 252.9 242.46 242.52 242.25 242.39 325.0 242.48 9.0 14991.0 7852.0 7139.0 0.0 242.3719
13:51:00 470.0 13691.0 252.9 242.06 242.52 242.02 242.03 237.0 242.08 10.0 13691.0 3986.0 9705.0 0.0 242.2413
13:52:00 532.0 18011.0 252.9 242.16 242.31 241.87 242.15 25.0 242.23 50.0 18011.0 5759.0 12252.0 0.0 242.0614
13:53:00 577.0 9493.0 252.9 242.19 242.27 241.98 242.12 150.0 242.19 130.0 9493.0 2346.0 7147.0 0.0 242.1271
13:54:00 513.0 14438.0 252.9 242.22 242.5 242.12 242.21 125.0 242.27 100.0 14438.0 9479.0 4959.0 0.0 242.3327
13:55:00 358.0 7271.0 252.9 242.37 242.64 242.24 242.35 1.0 242.42 25.0 7271.0 4495.0 2776.0 0.0 242.4667
13:56:00 674.0 16671.0 252.9 241.86 242.36 241.79 241.85 100.0 241.93 1075.0 16671.0 5773.0 10898.0 0.0 242.0
13:57:00 664.0 21410.0 252.9 241.53 241.96 241.49 241.51 100.0 241.58 50.0 21410.0 4735.0 16675.0 0.0 241.6739
13:58:00 600.0 25131.0 252.9 241.5 241.67 241.36 241.48 101.0 241.53 150.0 25131.0 14193.0 10938.0 0.0 241.5307
13:59:00 414.0 17351.0 252.9 241.59 241.82 241.5 241.55 266.0 241.61 351.0 17351.0 11294.0 6057.0 0.0 241.6653
14:00:00 395.0 13164.0 252.9 242.0 242.09 241.6 242.01 200.0 242.08 238.0 13164.0 8682.0 4482.0 0.0 241.9147
14:01:00 583.0 19329.0 252.9 242.08 242.16 241.87 242.03 150.0 242.09 150.0 19329.0 11240.0 8089.0 0.0 242.0196
14:02:00 327.0 9643.0 252.9 242.33 242.43 242.04 242.28 5.0 242.33 150.0 9643.0 7001.0 2642.0 0.0 242.2888
14:03:00 378.0 10537.0 252.9 242.57 242.57 242.28 242.53 350.0 242.59 23.0 10537.0 7543.0 2994.0 0.0 242.436
14:04:00 420.0 7977.0 252.9 242.25 242.56 242.15 242.21 150.0 242.3 100.0 7977.0 1915.0 6062.0 0.0 242.3463
14:05:00 320.0 11009.0 252.9 242.18 242.39 242.13 242.14 100.0 242.21 50.0 11009.0 8091.0 2918.0 0.0 242.2853
14:06:00 463.0 15241.0 252.9 242.19 242.24 241.85 242.2 80.0 242.25 491.0 15241.0 4349.0 10892.0 0.0 242.0152
14:07:00 583.0 20484.0 252.9 242.16 242.46 242.07 242.15 153.0 242.22 201.0 20484.0 6636.0 13848.0 0.0 242.2857
14:08:00 329.0 10057.0 252.9 241.99 242.29 241.88 241.95 100.0 242.01 50.0 10057.0 3503.0 6554.0 0.0 242.0869
14:09:00 238.0 9247.0 252.9 241.89 242.03 241.77 241.85 150.0 241.9 100.0 9247.0 2261.0 6986.0 0.0 241.8956
14:10:00 202.0 7575.0 252.9 242.09 242.09 241.84 242.03 151.0 242.09 794.0 7575.0 4884.0 2691.0 0.0 241.9736
14:11:00 303.0 7356.0 252.9 241.88 242.19 241.81 241.81 50.0 241.87 50.0 7356.0 3217.0 4139.0 0.0 242.0211
14:12:00 359.0 15067.0 252.9 242.28 242.6 241.86 242.27 150.0 242.36 200.0 15067.0 9237.0 5830.0 0.0 242.3788
14:13:00 558.0 22077.0 252.9 241.55 242.35 241.47 241.54 350.0 241.6 275.0 22077.0 3528.0 18549.0 0.0 241.8008
14:14:00 659.0 24699.0 252.9 241.44 241.84 241.3 241.43 500.0 241.47 61.0 24699.0 6327.0 18372.0 0.0 241.531
14:15:00 1279.0 33711.0 252.9 241.51 241.65 241.1 241.46 50.0 241.51 100.0 33711.0 16328.0 17383.0 0.0 241.3462
14:16:00 557.0 15882.0 252.9 241.89 242.0 241.45 241.86 250.0 241.93 50.0 15882.0 10085.0 5797.0 0.0 241.7979
14:17:00 243.0 9120.0 252.9 241.62 241.98 241.56 241.57 101.0 241.63 5.0 9120.0 1870.0 7250.0 0.0 241.7529
14:18:00 326.0 11788.0 252.9 241.29 241.72 241.25 241.26 1061.0 241.33 10.0 11788.0 1520.0 10268.0 0.0 241.4167
14:19:00 174.0 11191.0 252.9 241.46 241.5 241.31 241.43 109.0 241.48 5.0 11191.0 8706.0 2485.0 0.0 241.4617
14:20:00 349.0 11672.0 252.9 241.37 241.49 241.2 241.32 217.0 241.37 106.0 11672.0 2475.0 9197.0 0.0 241.3414
14:21:00 1849.0 95963.0 252.9 240.25 241.44 240.11 240.22 2.0 240.27 5.0 95963.0 13567.0 82396.0 0.0 240.8025
14:22:00 2913.0 81230.0 252.9 240.22 240.43 239.86 240.19 232.0 240.26 125.0 81230.0 16679.0 64551.0 0.0 240.0285
14:23:00 593.0 19440.0 252.9 240.53 240.55 240.12 240.47 31.0 240.53 11.0 19440.0 12969.0 6471.0 0.0 240.3539
14:24:00 332.0 12703.0 252.9 240.63 240.66 240.44 240.61 1.0 240.65 350.0 12703.0 8191.0 4512.0 0.0 240.554
14:25:00 655.0 18386.0 252.9 240.78 241.0 240.57 240.75 34.0 240.78 5.0 18386.0 9690.0 8696.0 0.0 240.8253
14:26:00 666.0 24108.0 252.9 240.62 240.91 240.23 240.56 25.0 240.65 35.0 24108.0 13097.0 11011.0 0.0 240.498
14:27:00 371.0 11043.0 252.9 240.59 240.81 240.4 240.56 200.0 240.62 255.0 11043.0 5102.0 5941.0 0.0 240.6184
14:28:00 233.0 6763.0 252.9 240.7 240.87 240.54 240.65 190.0 240.71 5.0 6763.0 3704.0 3059.0 0.0 240.7015
14:29:00 345.0 8949.0 252.9 240.6 240.79 240.5 240.6 662.0 240.64 105.0 8949.0 4139.0 4810.0 0.0 240.6206
14:30:00 472.0 16300.0 252.9 241.06 241.07 240.63 241.02 150.0 241.08 758.0 16300.0 9257.0 7043.0 0.0 240.9088
14:31:00 974.0 33298.0 252.9 241.21 241.68 241.05 241.14 175.0 241.21 100.0 33298.0 20340.0 12958.0 0.0 241.3345
14:32:00 321.0 12950.0 252.9 241.42 241.63 241.07 241.4 15.0 241.45 5.0 12950.0 8121.0 4829.0 0.0 241.3757
14:33:00 250.0 7940.0 252.9 241.27 241.46 241.2 241.22 300.0 241.29 25.0 7940.0 1847.0 6093.0 0.0 241.2852
14:34:00 299.0 11330.0 252.9 241.33 241.52 241.18 241.32 145.0 241.37 30.0 11330.0 6068.0 5262.0 0.0 241.3234
14:35:00 310.0 7639.0 252.9 241.4 241.52 241.25 241.35 50.0 241.42 300.0 7639.0 3864.0 3775.0 0.0 241.3914
14:36:00 836.0 19055.0 252.9 240.83 241.67 240.8 240.79 100.0 240.88 205.0 19055.0 5573.0 13482.0 0.0 241.239
14:37:00 711.0 17013.0 252.9 241.28 241.34 240.37 241.27 100.0 241.32 30.0 17013.0 7123.0 9890.0 0.0 240.8887
14:38:00 337.0 7823.0 252.9 241.32 241.51 241.08 241.31 52.0 241.38 205.0 7823.0 5578.0 2245.0 0.0 241.3283
14:39:00 249.0 10947.0 252.9 241.61 241.61 241.3 241.57 325.0 241.64 159.0 10947.0 6803.0 4144.0 0.0 241.4768
14:40:00 443.0 14601.0 252.9 241.27 241.58 241.07 241.25 7.0 241.3 121.0 14601.0 5279.0 9322.0 0.0 241.2206
14:41:00 420.0 11583.0 252.9 241.05 241.47 241.0 241.03 7.0 241.11 550.0 11583.0 4804.0 6779.0 0.0 241.2696
14:42:00 325.0 9328.0 252.9 241.39 241.5 241.04 241.39 425.0 241.46 125.0 9328.0 3948.0 5380.0 0.0 241.3382
14:43:00 551.0 17436.0 252.9 241.61 241.75 241.33 241.6 326.0 241.66 25.0 17436.0 9235.0 8201.0 0.0 241.6145
14:44:00 846.0 30308.0 252.9 241.96 242.14 241.6 241.95 2.0 242.0 462.0 30308.0 15175.0 15133.0 0.0 241.9554
14:45:00 617.0 26835.0 252.9 242.28 242.47 241.92 242.25 411.0 242.31 26.0 26835.0 13371.0 13464.0 0.0 242.2642
14:46:00 836.0 28366.0 252.9 242.55 242.81 242.05 242.53 50.0 242.61 100.0 28366.0 12727.0 15639.0 0.0 242.5069
14:47:00 636.0 26595.0 252.9 242.47 242.66 242.32 242.44 120.0 242.47 198.0 26595.0 10396.0 16199.0 0.0 242.5071
14:48:00 339.0 14104.0 252.9 242.31 242.47 242.2 242.28 305.0 242.34 349.0 14104.0 2974.0 11130.0 0.0 242.3452
14:49:00 447.0 13715.0 252.9 242.4 242.48 242.16 242.35 50.0 242.41 1.0 13715.0 4227.0 9488.0 0.0 242.3413
14:50:00 375.0 15633.0 252.9 242.41 242.64 242.3 242.35 267.0 242.42 50.0 15633.0 7127.0 8506.0 0.0 242.4757
14:51:00 467.0 17867.0 252.9 241.88 242.55 241.88 241.88 700.0 241.95 50.0 17867.0 4521.0 13346.0 0.0 242.2126
14:52:00 538.0 17537.0 252.9 242.22 242.39 241.83 242.19 25.0 242.27 150.0 17537.0 6336.0 11201.0 0.0 242.1088
14:53:00 306.0 12381.0 252.9 242.22 242.42 242.18 242.17 50.0 242.22 60.0 12381.0 4436.0 7945.0 0.0 242.2833
14:54:00 312.0 11985.0 252.9 242.12 242.29 242.05 242.08 305.0 242.14 400.0 11985.0 5506.0 6479.0 0.0 242.1475
14:55:00 523.0 17887.0 252.9 242.35 242.47 242.14 242.32 135.0 242.39 150.0 17887.0 10060.0 7827.0 0.0 242.3155
14:56:00 505.0 20606.0 252.9 242.55 242.72 242.31 242.48 102.0 242.54 200.0 20606.0 10790.0 9816.0 0.0 242.5189
14:57:00 595.0 19751.0 252.9 242.24 242.63 242.18 242.22 14.0 242.28 150.0 19751.0 4777.0 14974.0 0.0 242.337
14:58:00 887.0 29860.0 252.9 241.85 242.22 241.55 241.8 400.0 241.86 150.0 29860.0 13452.0 16408.0 0.0 241.8629
14:59:00 327.0 11095.0 252.9 242.13 242.22 241.81 242.08 275.0 242.18 150.0 11095.0 4246.0 6849.0 0.0 241.9587
15:00:00 311.0 8672.0 252.9 242.21 242.3 242.11 242.21 1112.0 242.27 150.0 8672.0 2906.0 5766.0 0.0 242.1966
15:01:00 866.0 38104.0 252.9 242.83 242.88 241.9 242.76 376.0 242.86 50.0 38104.0 21119.0 16985.0 0.0 242.3354
15:02:00 899.0 28508.0 252.9 243.05 243.18 242.79 242.97 201.0 243.05 150.0 28508.0 12802.0 15706.0 0.0 243.0103
15:03:00 1290.0 44523.0 252.9 243.77 243.83 242.84 243.72 150.0 243.77 10.0 44523.0 21073.0 23450.0 0.0 243.4391
15:04:00 570.0 22610.0 252.9 243.45 243.79 243.25 243.41 50.0 243.47 1026.0 22610.0 5045.0 17565.0 0.0 243.5247
15:05:00 493.0 17486.0 252.9 243.66 243.75 243.41 243.65 500.0 243.71 77.0 17486.0 8684.0 8802.0 0.0 243.6203
15:06:00 868.0 28789.0 252.9 243.83 243.83 243.33 243.8 100.0 243.84 37.0 28789.0 15021.0 13768.0 0.0 243.5567
15:07:00 704.0 29294.0 252.9 243.88 244.12 243.81 243.86 250.0 243.92 224.0 29294.0 15489.0 13805.0 0.0 243.9481
15:08:00 1083.0 27458.0 252.9 243.68 243.94 243.53 243.64 25.0 243.72 150.0 27458.0 9982.0 17476.0 0.0 243.7227
15:09:00 346.0 10407.0 252.9 243.64 243.79 243.57 243.61 150.0 243.68 50.0 10407.0 2502.0 7905.0 0.0 243.6735
15:10:00 526.0 18498.0 252.9 244.08 244.12 243.44 244.07 100.0 244.11 150.0 18498.0 6958.0 11540.0 0.0 243.8863
15:11:00 732.0 28280.0 252.9 243.75 244.13 243.69 243.71 300.0 243.77 550.0 28280.0 8108.0 20172.0 0.0 243.9105
15:12:00 1294.0 44618.0 252.9 243.5 243.76 243.02 243.47 250.0 243.53 70.0 44618.0 19292.0 25326.0 0.0 243.4114
15:13:00 429.0 12330.0 252.9 243.58 243.69 243.49 243.55 250.0 243.6 100.0 12330.0 4819.0 7511.0 0.0 243.5836
15:14:00 504.0 31547.0 252.9 243.46 243.61 243.37 243.45 10.0 243.49 150.0 31547.0 22567.0 8980.0 0.0 243.5104
15:15:00 445.0 14159.0 252.9 243.63 243.8 243.41 243.62 50.0 243.66 70.0 14159.0 5565.0 8594.0 0.0 243.6134
15:16:00 986.0 33666.0 252.9 243.73 244.02 243.51 243.67 152.0 243.75 50.0 33666.0 12015.0 21651.0 0.0 243.8215
15:17:00 718.0 31768.0 252.9 243.43 243.69 243.16 243.41 563.0 243.47 100.0 31768.0 6104.0 25664.0 0.0 243.3739
15:18:00 433.0 19260.0 252.9 243.66 243.79 243.4 243.61 134.0 243.71 102.0 19260.0 9633.0 9627.0 0.0 243.6396
15:19:00 507.0 15442.0 252.9 243.81 243.86 243.47 243.78 32.0 243.81 182.0 15442.0 4919.0 10523.0 0.0 243.6628
15:20:00 332.0 11607.0 252.9 243.73 243.81 243.57 243.68 651.0 243.74 174.0 11607.0 3972.0 7635.0 0.0 243.7025
15:21:00 1051.0 45222.0 252.9 244.24 244.26 243.76 244.21 50.0 244.25 50.0 45222.0 24555.0 20667.0 0.0 244.0328
15:22:00 654.0 25568.0 252.9 244.15 244.4 244.07 244.1 330.0 244.18 100.0 25568.0 11775.0 13793.0 0.0 244.2465
15:23:00 580.0 15327.0 252.9 244.11 244.22 243.88 244.1 150.0 244.17 124.0 15327.0 4668.0 10659.0 0.0 244.0659
15:24:00 411.0 16065.0 252.9 244.1 244.31 244.07 244.08 600.0 244.14 725.0 16065.0 6625.0 9440.0 0.0 244.2035
15:25:00 569.0 18666.0 252.9 244.25 244.28 243.92 244.21 50.0 244.27 50.0 18666.0 9940.0 8726.0 0.0 244.1299
15:26:00 942.0 32243.0 252.9 244.07 244.43 243.83 244.01 59.0 244.07 150.0 32243.0 11993.0 20250.0 0.0 244.1194
15:27:00 712.0 18508.0 252.9 244.0 244.2 243.78 244.0 50.0 244.04 1.0 18508.0 7079.0 11429.0 0.0 243.9997
15:28:00 406.0 10421.0 252.9 244.05 244.12 243.84 244.04 150.0 244.09 50.0 10421.0 4403.0 6018.0 0.0 244.0006
15:29:00 754.0 20770.0 252.9 244.28 244.37 244.04 244.28 3.0 244.33 150.0 20770.0 12091.0 8679.0 0.0 244.2622
15:30:00 626.0 19821.0 252.9 244.27 244.41 244.17 244.27 100.0 244.3 100.0 19821.0 8471.0 11350.0 0.0 244.2792
15:31:00 972.0 34653.0 252.9 244.87 244.9 244.3 244.86 176.0 244.9 104.0 34653.0 22620.0 12033.0 0.0 244.6423
15:32:00 1117.0 33102.0 252.9 245.02 245.12 244.79 245.01 625.0 245.05 157.0 33102.0 19693.0 13409.0 0.0 244.9731
15:33:00 748.0 28443.0 252.9 245.32 245.34 245.02 245.3 200.0 245.34 260.0 28443.0 13528.0 14915.0 0.0 245.1669
15:34:00 1130.0 36177.0 252.9 245.07 245.32 244.95 245.06 50.0 245.08 116.0 36177.0 13780.0 22397.0 0.0 245.1214
15:35:00 1102.0 34903.0 252.9 245.0 245.14 244.77 245.0 798.0 245.04 296.0 34903.0 15586.0 19317.0 0.0 244.8969
15:36:00 776.0 21244.0 252.9 245.14 245.15 244.8 245.14 100.0 245.16 138.0 21244.0 13071.0 8173.0 0.0 244.9639
15:37:00 1225.0 49297.0 252.9 245.4 245.59 245.14 245.37 220.0 245.41 100.0 49297.0 31142.0 18155.0 0.0 245.3973
15:38:00 862.0 23873.0 252.9 244.99 245.37 244.95 244.99 1.0 245.02 150.0 23873.0 11506.0 12367.0 0.0 245.1141
15:39:00 1025.0 28907.0 252.9 244.33 245.16 244.17 244.29 50.0 244.37 269.0 28907.0 10149.0 18758.0 0.0 244.7202
15:40:00 1147.0 33676.0 252.9 244.25 244.53 244.11 244.25 62.0 244.28 100.0 33676.0 10858.0 22818.0 0.0 244.2719
15:41:00 639.0 17228.0 252.9 244.67 244.75 244.21 244.66 80.0 244.7 53.0 17228.0 10063.0 7165.0 0.0 244.5438
15:42:00 694.0 18559.0 252.9 244.87 244.93 244.56 244.84 260.0 244.87 4.0 18559.0 12785.0 5774.0 0.0 244.7786
15:43:00 1047.0 25436.0 252.9 244.91 245.18 244.86 244.9 306.0 244.93 50.0 25436.0 13359.0 12077.0 0.0 245.0107
15:44:00 667.0 23623.0 252.9 245.06 245.12 244.88 245.04 50.0 245.07 100.0 23623.0 12737.0 10886.0 0.0 245.0212
15:45:00 776.0 22840.0 252.9 245.14 245.22 244.85 245.11 150.0 245.15 407.0 22840.0 12713.0 10127.0 0.0 245.0783
15:46:00 869.0 33409.0 252.9 245.41 245.59 245.05 245.4 50.0 245.45 94.0 33409.0 26804.0 6605.0 0.0 245.4
15:47:00 1268.0 33311.0 252.9 245.05 245.5 244.82 245.0 505.0 245.04 50.0 33311.0 18522.0 14789.0 0.0 245.0469
15:48:00 1005.0 27438.0 252.9 245.29 245.32 245.0 245.26 151.0 245.31 250.0 27438.0 19872.0 7566.0 0.0 245.1177
15:49:00 771.0 15045.0 252.9 245.21 245.37 245.07 245.2 150.0 245.25 35.0 15045.0 7913.0 7132.0 0.0 245.201
15:50:00 750.0 28543.0 252.9 245.51 245.56 245.19 245.45 50.0 245.51 50.0 28543.0 20639.0 7904.0 0.0 245.4296
15:51:00 1853.0 59009.0 252.9 245.67 245.88 245.25 245.61 320.0 245.68 58.0 59009.0 35551.0 23458.0 0.0 245.5937
15:52:00 1156.0 31997.0 252.9 245.57 245.74 245.44 245.56 4.0 245.57 134.0 31997.0 18137.0 13860.0 0.0 245.6187
15:53:00 1379.0 44085.0 252.9 245.86 245.87 245.18 245.8 50.0 245.86 100.0 44085.0 26001.0 18084.0 0.0 245.5356
15:54:00 1224.0 38015.0 252.9 245.75 246.03 245.46 245.76 50.0 245.8 499.0 38015.0 20658.0 17357.0 0.0 245.8034
15:55:00 3519.0 131638.0 252.9 246.17 246.83 245.77 246.15 5.0 246.29 100.0 131638.0 77702.0 53936.0 0.0 246.243
15:56:00 2401.0 101522.0 252.9 246.64 246.75 246.16 246.62 319.0 246.66 200.0 101522.0 53652.0 47870.0 0.0 246.5358
15:57:00 1767.0 58962.0 252.9 246.82 246.85 246.4 246.8 268.0 246.83 90.0 58962.0 29332.0 29630.0 0.0 246.5695
15:58:00 1826.0 79262.0 252.9 246.42 246.9 246.38 246.41 59.0 246.44 100.0 79262.0 39241.0 40021.0 0.0 246.6114
15:59:00 2160.0 74557.0 252.9 246.5 246.52 246.22 246.49 128.0 246.51 203.0 74557.0 38801.0 35756.0 0.0 246.3865
16:00:00 3846.0 192215.0 252.9 246.39 246.55 246.09 246.24 12.0 246.4 41235.0 192215.0 86929.0 105286.0 0.0 246.3648
16:01:00 93.0 3695.0 252.9 246.1 246.59 246.0 246.22 12.0 246.25 38.0 3695.0 954.0 2741.0 0.0 246.2228
16:02:00 82.0 2471.0 252.9 246.1 246.19 245.95 246.22 12.0 246.25 38.0 2471.0 1853.0 618.0 0.0 246.0242
16:03:00 60.0 531.0 252.9 246.2 246.2 245.9 246.22 12.0 246.2 378.0 531.0 232.0 299.0 0.0 246.0691
16:04:00 102.0 1417.0 252.9 246.07 246.25 245.9 246.22 12.0 246.25 56.0 1417.0 566.0 851.0 0.0 246.1093
16:05:00 116.0 1933.0 252.9 246.63 247.0 246.0 246.22 12.0 246.63 8.0 1933.0 1359.0 574.0 0.0 246.5592
16:06:00 73.0 1497.0 252.9 246.5 246.74 246.27 246.45 100.0 246.5 41.0 1497.0 1225.0 272.0 0.0 246.5086
16:07:00 160.0 3458.0 252.9 245.88 246.75 245.5 246.22 12.0 246.0 93.0 3458.0 1157.0 2301.0 0.0 246.0864
16:08:00 183.0 3686.0 252.9 245.2 246.04 245.0 246.22 12.0 245.58 1.0 3686.0 1897.0 1789.0 0.0 245.2953
16:09:00 97.0 2453.0 252.9 245.68 246.02 245.2 246.22 12.0 246.02 2.0 2453.0 810.0 1643.0 0.0 245.5671
16:10:00 53.0 1487.0 252.9 245.57 246.0 245.4 246.22 12.0 245.55 50.0 1487.0 106.0 1381.0 0.0 245.8795
16:11:00 117.0 3361.0 252.9 245.5 245.7 245.2 246.22 12.0 245.5 99.0 3361.0 1909.0 1452.0 0.0 245.4058
16:12:00 284.0 10212.0 252.9 246.75 246.99 245.25 246.35 2.0 246.66 100.0 10212.0 6672.0 3540.0 0.0 246.326
16:13:00 253.0 21688.0 252.9 247.11 247.3 246.0 247.0 1006.0 246.66 100.0 21688.0 18261.0 3427.0 0.0 246.9554
16:14:00 163.0 4147.0 252.9 246.5 247.3 246.03 246.22 16.0 246.5 10.0 4147.0 949.0 3198.0 0.0 246.8423
16:15:00 82.0 1296.0 252.9 246.29 246.9 246.04 246.22 12.0 246.66 100.0 1296.0 1105.0 191.0 0.0 246.5353
16:16:00 1409.0 60252.0 252.9 251.36 251.78 246.49 250.75 183.0 246.66 100.0 60252.0 52237.0 8015.0 0.0 249.746
16:17:00 599.0 28574.0 252.9 249.07 251.35 249.07 249.59 1.0 246.66 100.0 28574.0 8523.0 20051.0 0.0 250.3101
16:18:00 360.0 12443.0 252.9 250.2 250.7 249.51 250.01 125.0 246.66 100.0 12443.0 5424.0 7019.0 0.0 250.2846
16:19:00 298.0 8602.0 252.9 250.19 250.3 249.22 250.1 231.0 246.66 100.0 8602.0 5702.0 2900.0 0.0 250.0604
16:20:00 236.0 6873.0 252.9 250.35 250.6 250.1 250.3 510.0 246.66 100.0 6873.0 3945.0 2928.0 0.0 250.4023
16:21:00 201.0 4877.0 252.9 250.78 250.93 250.3 250.57 30.0 246.66 100.0 4877.0 3540.0 1337.0 0.0 250.7199
16:22:00 230.0 4916.0 252.9 250.84 250.93 250.5 250.6 325.0 246.66 100.0 4916.0 1932.0 2984.0 0.0 250.612
16:23:00 374.0 31852.0 252.9 251.56 251.78 250.61 251.56 19.0 246.66 100.0 31852.0 20073.0 11779.0 0.0 251.2741
16:24:00 528.0 23842.0 252.9 252.25 252.25 251.39 252.11 50.0 246.66 100.0 23842.0 14347.0 9495.0 0.0 251.7621
16:25:00 356.0 8269.0 252.9 252.95 253.0 252.04 252.75 25.0 246.66 100.0 8269.0 5858.0 2411.0 0.0 252.4852
16:26:00 735.0 19272.0 252.9 254.2 254.53 252.77 254.1 100.0 246.66 100.0 19272.0 10698.0 8574.0 0.0 253.4605
16:27:00 1000.0 27773.0 252.9 255.32 255.55 254.0 255.04 10.0 246.66 100.0 27773.0 17956.0 9817.0 0.0 254.8078
16:28:00 749.0 26250.0 252.9 257.2 257.43 255.12 257.16 2.0 246.66 100.0 26250.0 21256.0 4994.0 0.0 256.3125
16:29:00 780.0 27025.0 252.9 256.8 257.47 256.5 256.74 100.0 246.66 100.0 27025.0 4579.0 22446.0 0.0 257.1723
16:30:00 894.0 36733.0 252.9 257.26 258.18 256.66 257.26 81.0 246.66 100.0 36733.0 20227.0 16506.0 0.0 257.7343
16:31:00 645.0 25625.0 252.9 256.9 257.74 256.8 256.84 100.0 246.66 100.0 25625.0 8225.0 17400.0 0.0 257.3572
16:32:00 659.0 17695.0 252.9 256.16 256.93 256.11 256.11 488.0 246.66 100.0 17695.0 7408.0 10287.0 0.0 256.593
16:33:00 504.0 17419.0 252.9 256.68 256.78 255.99 256.4 50.0 246.66 100.0 17419.0 7313.0 10106.0 0.0 256.3331
16:34:00 238.0 6994.0 252.9 256.36 256.8 256.33 256.4 5.0 246.66 100.0 6994.0 3305.0 3689.0 0.0 256.5322
16:35:00 268.0 10252.0 252.9 256.95 257.0 256.31 256.95 275.0 246.66 100.0 10252.0 8839.0 1413.0 0.0 256.6656
16:36:00 239.0 10225.0 252.9 257.24 257.34 256.95 257.2 1172.0 246.66 100.0 10225.0 7708.0 2517.0 0.0 257.064
16:37:00 271.0 8395.0 252.9 257.22 257.35 257.01 257.2 295.0 246.66 100.0 8395.0 3767.0 4628.0 0.0 257.2425
16:38:00 357.0 15274.0 252.9 257.85 257.85 257.12 257.7 1160.0 246.66 100.0 15274.0 10146.0 5128.0 0.0 257.4874
16:39:00 533.0 29262.0 252.9 258.09 258.18 257.69 258.09 19.0 246.66 100.0 29262.0 18668.0 10594.0 0.0 257.9676
16:40:00 423.0 17283.0 252.9 257.75 258.68 257.7 257.71 100.0 246.66 100.0 17283.0 4865.0 12418.0 0.0 258.235
16:41:00 247.0 7560.0 252.9 257.43 257.99 257.25 257.41 50.0 246.66 100.0 7560.0 3155.0 4405.0 0.0 257.4671
16:42:00 243.0 8247.0 252.9 257.5 257.97 257.41 257.55 51.0 246.66 100.0 8247.0 2166.0 6081.0 0.0 257.6509
16:43:00 169.0 4733.0 252.9 257.69 257.7 257.45 257.56 100.0 246.66 100.0 4733.0 2465.0 2268.0 0.0 257.5431
16:44:00 217.0 6293.0 252.9 257.6 257.84 257.5 257.5 3353.0 246.66 100.0 6293.0 1049.0 5244.0 0.0 257.6166
16:45:00 187.0 8564.0 252.9 257.53 257.75 257.5 257.51 400.0 246.66 100.0 8564.0 3149.0 5415.0 0.0 257.551
16:46:00 284.0 7653.0 252.9 257.2 257.66 257.0 257.15 199.0 246.66 100.0 7653.0 3065.0 4588.0 0.0 257.3033
16:47:00 162.0 3921.0 252.9 257.14 257.33 257.11 257.05 393.0 246.66 100.0 3921.0 330.0 3591.0 0.0 257.2888
16:48:00 293.0 12571.0 252.9 256.8 257.14 256.1 256.77 100.0 246.66 100.0 12571.0 3053.0 9518.0 0.0 256.7676
16:49:00 202.0 7617.0 252.9 256.77 256.97 256.7 256.72 50.0 246.66 100.0 7617.0 1946.0 5671.0 0.0 256.8425
16:50:00 115.0 1277.0 252.9 256.68 256.8 256.63 256.68 100.0 246.66 100.0 1277.0 605.0 672.0 0.0 256.6978
16:51:00 115.0 1005.0 252.9 256.71 256.8 256.68 256.7 75.0 246.66 100.0 1005.0 891.0 114.0 0.0 256.7615
16:52:00 207.0 7732.0 252.9 257.09 257.2 256.71 257.07 205.0 246.66 100.0 7732.0 6721.0 1011.0 0.0 256.9519
16:53:00 144.0 3184.0 252.9 257.39 257.5 257.1 257.38 198.0 246.66 100.0 3184.0 2262.0 922.0 0.0 257.3919
16:54:00 136.0 7713.0 252.9 257.67 257.7 257.35 257.55 195.0 246.66 100.0 7713.0 6226.0 1487.0 0.0 257.4996
16:55:00 113.0 3496.0 252.9 257.55 257.69 257.51 257.55 402.0 246.66 100.0 3496.0 8.0 3488.0 0.0 257.5399
16:56:00 142.0 3530.0 252.9 257.46 257.7 257.15 257.39 171.0 246.66 100.0 3530.0 1731.0 1799.0 0.0 257.5188
16:57:00 141.0 3841.0 252.9 257.76 257.82 257.39 257.8 100.0 246.66 100.0 3841.0 2633.0 1208.0 0.0 257.6334
16:58:00 133.0 4620.0 252.9 257.85 257.87 257.65 257.76 48.0 246.66 100.0 4620.0 2229.0 2391.0 0.0 257.8243
16:59:00 156.0 6778.0 252.9 257.72 257.95 257.65 257.72 38.0 246.66 100.0 6778.0 4055.0 2723.0 0.0 257.9065
17:00:00 91.0 2421.0 252.9 257.8 257.87 257.71 257.77 97.0 246.66 100.0 2421.0 438.0 1983.0 0.0 257.7629
