time trade_count trade_volume trade_first trade_last trade_high trade_low bid_price bid_size ask_price ask_size hid_vol buy_vol sell_vol unsided_vol vwap
09:00:00 nan 487.0 278.35 278.29 278.62 278.2 278.11 2.0 278.23 9.0 487.0 24.0 463.0 0.0 278.3446
09:01:00 45.0 182.0 278.35 278.23 278.27 278.05 278.05 29.0 278.23 2.0 182.0 110.0 72.0 0.0 278.2352
09:02:00 185.0 908.0 278.35 278.24 278.24 277.74 278.01 16.0 278.24 1.0 908.0 633.0 275.0 0.0 277.9531
09:03:00 70.0 412.0 278.35 278.01 278.12 277.99 277.98 1.0 278.1 15.0 412.0 133.0 279.0 0.0 278.0113
09:04:00 46.0 654.0 278.35 278.3 278.3 277.934 278.0 22.0 278.33 8.0 654.0 629.0 25.0 0.0 278.2064
09:05:00 27.0 152.0 278.35 278.1 278.25 278.09 278.03 50.0 278.21 47.0 152.0 55.0 97.0 0.0 278.1664
09:06:00 61.0 511.0 278.35 278.3 278.4 278.12 278.3 1.0 278.4 3.0 511.0 471.0 40.0 0.0 278.2714
09:07:00 49.0 989.0 278.35 278.58 278.58 278.35 278.51 100.0 278.64 30.0 989.0 927.0 62.0 0.0 278.4864
09:08:00 179.0 3464.0 278.35 278.9 279.0 278.57 278.75 4.0 278.85 10.0 3464.0 2937.0 527.0 0.0 278.7856
09:09:00 35.0 258.0 278.35 278.85 278.85 278.76 278.85 4.0 278.93 165.0 258.0 229.0 29.0 0.0 278.8142
09:10:00 70.0 884.0 278.35 278.75 278.89 278.65 278.7 3.0 278.73 15.0 884.0 89.0 795.0 0.0 278.7603
09:11:00 74.0 841.0 278.35 278.44 278.75 278.44 278.35 5.0 278.58 84.0 841.0 5.0 836.0 0.0 278.5665
09:12:00 237.0 4279.0 278.35 277.96 278.4 277.72 277.85 3.0 278.0 30.0 4279.0 689.0 3590.0 0.0 277.9285
09:13:00 49.0 953.0 278.35 278.059 278.07 277.88 277.92 1.0 278.05 334.0 953.0 838.0 115.0 0.0 278.0473
09:14:00 84.0 1280.0 278.35 278.0 278.11 277.87 277.92 15.0 278.0 59.0 1280.0 1221.0 59.0 0.0 278.0122
09:15:00 246.0 7958.0 278.35 278.0 278.19 277.93 277.94 3.0 278.0 100.0 7958.0 7126.0 832.0 0.0 278.0508
09:16:00 156.0 5503.0 278.35 278.0 278.03 277.9 277.88 38.0 278.0 100.0 5503.0 5475.0 28.0 0.0 277.9995
09:17:00 151.0 1166.0 278.35 277.68 278.0 277.52 277.65 35.0 277.78 138.0 1166.0 319.0 847.0 0.0 277.8278
09:18:00 51.0 257.0 278.35 277.7 277.88 277.68 277.6 403.0 277.8 116.0 257.0 177.0 80.0 0.0 277.7819
09:19:00 41.0 145.0 278.35 277.64 277.8 277.64 277.65 25.0 277.69 25.0 145.0 85.0 60.0 0.0 277.7393
09:20:00 109.0 1270.0 278.35 277.84 278.0 277.64 277.8 2067.0 277.93 28.0 1270.0 785.0 485.0 0.0 277.7929
09:21:00 54.0 318.0 278.35 277.9 277.94 277.8 277.81 25.0 277.92 18.0 318.0 14.0 304.0 0.0 277.8725
09:22:00 57.0 618.0 278.35 277.96 277.99 277.8 277.9 1.0 277.96 35.0 618.0 227.0 391.0 0.0 277.922
09:23:00 139.0 3552.0 278.35 277.6 278.0 277.58 277.56 300.0 277.7 10.0 3552.0 598.0 2954.0 0.0 277.7262
09:24:00 30.0 862.0 278.35 277.89 277.93 277.6 277.8 10.0 277.9 240.0 862.0 817.0 45.0 0.0 277.7913
09:25:00 59.0 833.0 278.35 277.88 277.9 277.76 277.82 180.0 277.88 132.0 833.0 325.0 508.0 0.0 277.842
09:26:00 191.0 3152.0 278.35 277.65 277.93 277.56 277.6 10.0 277.65 100.0 3152.0 2244.0 908.0 0.0 277.7303
09:27:00 66.0 1528.0 278.35 277.6 277.65 277.56 277.6 5.0 277.65 148.0 1528.0 1151.0 377.0 0.0 277.6037
09:28:00 181.0 3500.0 278.35 277.68 277.9 277.57 277.66 21.0 277.78 762.0 3500.0 2348.0 1152.0 0.0 277.7969
09:29:00 215.0 4339.0 278.35 277.36 277.66 277.31 277.36 11.0 277.49 501.0 4339.0 877.0 3462.0 0.0 277.5015
09:30:00 95.0 1376.0 278.35 277.51 277.59 277.32 277.4 145.0 277.66 35.0 1376.0 1122.0 254.0 0.0 277.4259
09:31:00 3794.0 61244.0 278.35 277.19 277.69 276.39 277.13 25.0 277.39 25.0 61244.0 18949.0 42295.0 0.0 276.9837
09:32:00 1628.0 43418.0 278.35 278.31 278.68 276.91 278.22 33.0 278.4 25.0 43418.0 35541.0 7877.0 0.0 277.9716
09:33:00 1478.0 44080.0 278.35 278.79 279.24 277.68 278.67 125.0 278.81 50.0 44080.0 24926.0 19154.0 0.0 278.4048
09:34:00 1590.0 38461.0 278.35 278.11 278.88 277.02 278.0 3.0 278.12 108.0 38461.0 9373.0 29088.0 0.0 277.8389
09:35:00 1129.0 19887.0 278.35 278.21 278.79 278.0 278.08 1.0 278.28 75.0 19887.0 12629.0 7258.0 0.0 278.3842
09:36:00 1050.0 31918.0 278.35 278.63 278.73 277.63 278.58 100.0 278.68 100.0 31918.0 17718.0 14200.0 0.0 278.1143
09:37:00 2762.0 86561.0 278.35 280.06 280.16 278.68 280.03 88.0 280.12 101.0 86561.0 69421.0 17140.0 0.0 279.5495
09:38:00 1475.0 32554.0 278.35 279.65 280.24 279.13 279.58 229.0 279.68 188.0 32554.0 15700.0 16854.0 0.0 279.7145
09:39:00 1642.0 39468.0 278.35 279.75 279.94 279.33 279.7 50.0 279.78 30.0 39468.0 18941.0 20527.0 0.0 279.7109
09:40:00 2013.0 48974.0 278.35 279.6 280.38 279.49 279.55 50.0 279.71 482.0 48974.0 28246.0 20728.0 0.0 279.9751
09:41:00 1489.0 40423.0 278.35 279.38 279.819 278.86 279.3 345.0 279.46 39.0 40423.0 11904.0 28519.0 0.0 279.4051
09:42:00 1204.0 17485.0 278.35 279.13 279.62 279.06 279.13 330.0 279.2 1.0 17485.0 7011.0 10474.0 0.0 279.3233
09:43:00 1439.0 32390.0 278.35 278.85 279.7 278.33 278.84 324.0 278.98 44.0 32390.0 13965.0 18425.0 0.0 278.9207
09:44:00 1502.0 41283.0 278.35 278.6 279.3 278.15 278.55 25.0 278.64 100.0 41283.0 11442.0 29841.0 0.0 278.6323
09:45:00 1876.0 53755.0 278.35 278.63 278.73 277.8 278.61 42.0 278.74 89.0 53755.0 15079.0 38676.0 0.0 278.1495
09:46:00 1728.0 47875.0 278.35 277.9 279.23 277.52 277.85 83.0 277.99 39.0 47875.0 16705.0 31170.0 0.0 278.4265
09:47:00 1558.0 54565.0 278.35 277.7 278.38 277.22 277.67 5.0 277.74 25.0 54565.0 13749.0 40816.0 0.0 277.8056
09:48:00 1503.0 53346.0 278.35 278.21 278.33 277.59 278.14 50.0 278.22 301.0 53346.0 38021.0 15325.0 0.0 278.0428
09:49:00 1466.0 33275.0 278.35 278.46 278.54 277.65 278.41 258.0 278.51 25.0 33275.0 19556.0 13719.0 0.0 278.1974
09:50:00 1418.0 40860.0 278.35 278.25 279.1 277.6 278.22 25.0 278.3 5.0 40860.0 21475.0 19385.0 0.0 278.4357
09:51:00 1035.0 22802.0 278.35 278.88 278.98 278.17 278.87 13.0 278.98 502.0 22802.0 17257.0 5545.0 0.0 278.5318
09:52:00 1359.0 33463.0 278.35 278.82 279.45 278.73 278.87 69.0 278.99 10.0 33463.0 19601.0 13862.0 0.0 279.0766
09:53:00 1008.0 30543.0 278.35 279.04 279.24 278.64 279.05 1.0 279.16 200.0 30543.0 19382.0 11161.0 0.0 278.8926
09:54:00 1735.0 45570.0 278.35 279.39 279.45 278.38 279.36 289.0 279.45 153.0 45570.0 27667.0 17903.0 0.0 278.8351
09:55:00 1759.0 65551.0 278.35 280.1 280.13 279.28 280.08 257.0 280.15 436.0 65551.0 47875.0 17676.0 0.0 279.7493
09:56:00 3060.0 87557.0 278.35 281.62 281.92 279.89 281.61 100.0 281.71 25.0 87557.0 69801.0 17756.0 0.0 280.8686
09:57:00 2049.0 64274.0 278.35 281.78 282.1 281.2 281.72 67.0 281.81 100.0 64274.0 40276.0 23998.0 0.0 281.7885
09:58:00 1249.0 28405.0 278.35 281.3 281.98 281.16 281.27 121.0 281.32 50.0 28405.0 9939.0 18466.0 0.0 281.5669
09:59:00 1249.0 34455.0 278.35 280.72 281.65 280.51 280.64 26.0 280.74 6.0 34455.0 11277.0 23178.0 0.0 281.0683
10:00:00 1152.0 27879.0 278.35 281.29 281.37 280.72 281.22 25.0 281.36 100.0 27879.0 18350.0 9529.0 0.0 281.1212
10:01:00 1230.0 28089.0 278.35 280.42 281.39 280.3 280.39 25.0 280.45 50.0 28089.0 8102.0 19987.0 0.0 280.6677
10:02:00 1730.0 63045.0 278.35 279.95 280.38 279.2 279.89 25.0 279.98 200.0 63045.0 19718.0 43327.0 0.0 279.8658
10:03:00 837.0 21890.0 278.35 279.39 279.97 279.05 279.3 25.0 279.4 6.0 21890.0 8197.0 13693.0 0.0 279.4277
10:04:00 1502.0 42542.0 278.35 278.46 279.48 278.35 278.41 1.0 278.46 25.0 42542.0 12646.0 29896.0 0.0 278.962
10:05:00 1689.0 62294.0 278.35 278.87 278.92 277.78 278.81 25.0 278.89 300.0 62294.0 23800.0 38494.0 0.0 278.2403
10:06:00 1486.0 32192.0 278.35 278.38 278.94 278.16 278.33 25.0 278.44 105.0 32192.0 17676.0 14516.0 0.0 278.5731
10:07:00 1033.0 36327.0 278.35 277.92 278.59 277.79 277.88 100.0 277.98 7.0 36327.0 7337.0 28990.0 0.0 278.0905
10:08:00 1220.0 33117.0 278.35 278.48 278.77 277.95 278.46 10.0 278.55 37.0 33117.0 23021.0 10096.0 0.0 278.3941
10:09:00 1554.0 36193.0 278.35 279.0 279.2 278.5 278.98 15.0 279.09 101.0 36193.0 21401.0 14792.0 0.0 278.8877
10:10:00 1449.0 33317.0 278.35 278.23 279.11 277.77 278.2 46.0 278.31 101.0 33317.0 10965.0 22352.0 0.0 278.2825
10:11:00 969.0 26091.0 278.35 277.71 278.69 277.5 277.66 135.0 277.75 5.0 26091.0 6667.0 19424.0 0.0 278.0103
10:12:00 675.0 15762.0 278.35 278.01 278.22 277.72 277.99 43.0 278.09 25.0 15762.0 10129.0 5633.0 0.0 277.9832
10:13:00 1021.0 31579.0 278.35 278.53 278.66 277.55 278.44 102.0 278.53 50.0 31579.0 17167.0 14412.0 0.0 278.027
10:14:00 1063.0 22098.0 278.35 278.3 278.81 277.97 278.26 150.0 278.35 44.0 22098.0 9635.0 12463.0 0.0 278.3716
10:15:00 681.0 13804.0 278.35 277.94 278.45 277.7 277.88 25.0 277.98 5.0 13804.0 5353.0 8451.0 0.0 278.003
10:16:00 970.0 24101.0 278.35 277.76 278.11 277.51 277.77 50.0 277.91 215.0 24101.0 10352.0 13749.0 0.0 277.8065
10:17:00 1760.0 66579.0 278.35 276.95 278.0 276.75 276.93 25.0 277.05 25.0 66579.0 10675.0 55904.0 0.0 277.2126
10:18:00 2388.0 62336.0 278.35 276.21 277.22 275.91 276.21 1.0 276.26 200.0 62336.0 18987.0 43349.0 0.0 276.3824
10:19:00 1078.0 24712.0 278.35 276.33 276.51 275.79 276.3 200.0 276.39 1.0 24712.0 10637.0 14075.0 0.0 276.078
10:20:00 961.0 18720.0 278.35 276.54 276.57 276.02 276.52 248.0 276.55 307.0 18720.0 10623.0 8097.0 0.0 276.3234
10:21:00 1031.0 34732.0 278.35 276.0 276.76 275.73 275.91 25.0 276.0 173.0 34732.0 5797.0 28935.0 0.0 276.0741
10:22:00 1046.0 31673.0 278.35 275.96 276.02 275.43 275.94 1.0 276.05 333.0 31673.0 15012.0 16661.0 0.0 275.7181
10:23:00 1136.0 26114.0 278.35 275.81 276.1 275.32 275.73 25.0 275.86 199.0 26114.0 13231.0 12883.0 0.0 275.6759
10:24:00 845.0 16626.0 278.35 276.08 276.2 275.75 276.0 20.0 276.1 33.0 16626.0 9895.0 6731.0 0.0 275.9994
10:25:00 812.0 20004.0 278.35 276.32 276.51 275.82 276.26 25.0 276.35 8.0 20004.0 12218.0 7786.0 0.0 276.1947
10:26:00 902.0 25529.0 278.35 276.68 276.8 276.19 276.6 10.0 276.68 66.0 25529.0 15683.0 9846.0 0.0 276.5431
10:27:00 1004.0 21571.0 278.35 276.32 276.77 275.94 276.25 69.0 276.36 25.0 21571.0 6334.0 15237.0 0.0 276.3921
10:28:00 617.0 15171.0 278.35 275.91 276.59 275.75 275.88 75.0 275.99 37.0 15171.0 4318.0 10853.0 0.0 276.1548
10:29:00 646.0 16858.0 278.35 275.95 276.28 275.72 275.97 1.0 276.05 112.0 16858.0 7005.0 9853.0 0.0 275.9874
10:30:00 1422.0 39413.0 278.35 277.72 277.72 275.97 277.68 6.0 277.75 298.0 39413.0 28421.0 10992.0 0.0 277.0849
10:31:00 1500.0 45137.0 278.35 277.46 278.18 277.4 277.46 500.0 277.51 20.0 45137.0 18268.0 26869.0 0.0 277.7477
10:32:00 1000.0 15442.0 278.35 277.69 277.87 277.24 277.63 44.0 277.69 300.0 15442.0 7089.0 8353.0 0.0 277.6219
10:33:00 805.0 16586.0 278.35 277.2 277.89 277.02 277.13 659.0 277.25 25.0 16586.0 5976.0 10610.0 0.0 277.4204
10:34:00 803.0 18771.0 278.35 276.92 277.23 276.59 276.85 144.0 276.94 25.0 18771.0 7071.0 11700.0 0.0 276.946
10:35:00 847.0 19333.0 278.35 276.8 277.06 276.59 276.77 25.0 276.86 72.0 19333.0 10043.0 9290.0 0.0 276.7935
10:36:00 1049.0 21026.0 278.35 277.16 277.42 276.85 277.15 1.0 277.23 25.0 21026.0 10811.0 10215.0 0.0 277.1807
10:37:00 872.0 21750.0 278.35 277.15 277.34 276.7 277.14 3.0 277.22 100.0 21750.0 10366.0 11384.0 0.0 277.0274
10:38:00 688.0 15140.0 278.35 276.59 277.23 276.41 276.52 25.0 276.62 25.0 15140.0 3112.0 12028.0 0.0 276.7036
10:39:00 938.0 15991.0 278.35 276.45 276.77 276.04 276.4 3.0 276.48 1.0 15991.0 7104.0 8887.0 0.0 276.3418
10:40:00 798.0 13066.0 278.35 277.13 277.229 276.38 277.08 15.0 277.16 25.0 13066.0 8541.0 4525.0 0.0 276.9388
10:41:00 855.0 21002.0 278.35 277.24 277.43 276.87 277.17 37.0 277.25 51.0 21002.0 6360.0 14642.0 0.0 277.0835
10:42:00 447.0 12474.0 278.35 277.17 277.32 276.93 277.14 37.0 277.23 88.0 12474.0 4783.0 7691.0 0.0 277.0968
10:43:00 630.0 12686.0 278.35 277.38 277.52 277.03 277.37 16.0 277.44 25.0 12686.0 8590.0 4096.0 0.0 277.3382
10:44:00 944.0 25485.0 278.35 277.2 277.8 277.08 277.18 1.0 277.23 25.0 25485.0 13117.0 12368.0 0.0 277.4737
10:45:00 728.0 15159.0 278.35 277.34 277.44 276.77 277.33 1.0 277.43 26.0 15159.0 7049.0 8110.0 0.0 277.0879
10:46:00 1060.0 32781.0 278.35 277.84 278.1 277.42 277.83 21.0 277.88 24.0 32781.0 25030.0 7751.0 0.0 277.8858
10:47:00 936.0 29276.0 278.35 278.03 278.13 277.65 277.96 25.0 278.05 25.0 29276.0 10773.0 18503.0 0.0 277.924
10:48:00 786.0 18248.0 278.35 278.24 278.29 277.65 278.23 9.0 278.28 200.0 18248.0 12797.0 5451.0 0.0 278.0623
10:49:00 1547.0 41155.0 278.35 278.79 278.98 278.27 278.75 113.0 278.78 103.0 41155.0 28978.0 12177.0 0.0 278.6543
10:50:00 1028.0 30653.0 278.35 279.03 279.27 278.75 278.98 5.0 279.04 147.0 30653.0 21887.0 8766.0 0.0 279.0014
10:51:00 1012.0 28107.0 278.35 279.12 279.24 278.7 279.12 925.0 279.2 25.0 28107.0 13989.0 14118.0 0.0 279.0905
10:52:00 931.0 18388.0 278.35 278.75 279.25 278.62 278.74 25.0 278.86 25.0 18388.0 8766.0 9622.0 0.0 278.8906
10:53:00 1001.0 22608.0 278.35 278.78 278.91 278.28 278.75 125.0 278.82 50.0 22608.0 12887.0 9721.0 0.0 278.5565
10:54:00 1229.0 28209.0 278.35 279.3 279.41 278.76 279.24 25.0 279.32 240.0 28209.0 17996.0 10213.0 0.0 279.1739
10:55:00 839.0 14025.0 278.35 279.14 279.36 278.85 279.1 107.0 279.16 1.0 14025.0 6050.0 7975.0 0.0 279.1294
10:56:00 609.0 11553.0 278.35 278.85 279.21 278.69 278.9 1.0 278.94 79.0 11553.0 3658.0 7895.0 0.0 278.9491
10:57:00 839.0 13810.0 278.35 278.31 278.97 278.29 278.3 20.0 278.37 4.0 13810.0 5050.0 8760.0 0.0 278.5615
10:58:00 1101.0 24351.0 278.35 278.53 278.63 278.01 278.49 43.0 278.57 64.0 24351.0 13597.0 10754.0 0.0 278.2518
10:59:00 774.0 16854.0 278.35 278.6 278.93 278.49 278.55 100.0 278.61 25.0 16854.0 8298.0 8556.0 0.0 278.6744
11:00:00 818.0 22552.0 278.35 278.42 278.71 278.26 278.4 112.0 278.45 100.0 22552.0 12245.0 10307.0 0.0 278.4553
11:01:00 1216.0 30404.0 278.35 278.75 278.79 277.62 278.73 375.0 278.78 9.0 30404.0 12150.0 18254.0 0.0 278.1681
11:02:00 3012.0 81456.0 278.35 277.88 279.25 276.6 277.77 40.0 277.9 125.0 81456.0 25216.0 56240.0 0.0 277.6375
11:03:00 1710.0 24892.0 278.35 277.38 278.08 276.63 277.33 25.0 277.5 13.0 24892.0 11586.0 13306.0 0.0 277.1839
11:04:00 760.0 27039.0 278.35 276.96 277.6 276.95 276.92 25.0 277.0 101.0 27039.0 5034.0 22005.0 0.0 277.1902
11:05:00 951.0 25865.0 278.35 276.66 277.02 276.4 276.61 11.0 276.7 15.0 25865.0 13129.0 12736.0 0.0 276.7149
11:06:00 1512.0 42705.0 278.35 276.04 276.72 275.77 276.0 2.0 276.05 100.0 42705.0 7564.0 35141.0 0.0 276.1944
11:07:00 832.0 22494.0 278.35 276.67 276.8 275.93 276.61 83.0 276.7 15.0 22494.0 17012.0 5482.0 0.0 276.3935
11:08:00 1008.0 23034.0 278.35 276.98 277.24 276.4 276.89 44.0 276.98 8.0 23034.0 12051.0 10983.0 0.0 276.8962
11:09:00 1010.0 24520.0 278.35 277.16 277.42 276.98 277.09 100.0 277.19 45.0 24520.0 12029.0 12491.0 0.0 277.1635
11:10:00 636.0 10674.0 278.35 277.0 277.11 276.65 276.94 13.0 277.07 43.0 10674.0 6901.0 3773.0 0.0 276.8806
11:11:00 667.0 15527.0 278.35 277.48 277.69 276.85 277.44 3.0 277.53 25.0 15527.0 8731.0 6796.0 0.0 277.28
11:12:00 651.0 16088.0 278.35 277.64 277.88 277.43 277.6 110.0 277.69 44.0 16088.0 12350.0 3738.0 0.0 277.7098
11:13:00 600.0 13718.0 278.35 277.42 277.74 277.28 277.39 204.0 277.48 25.0 13718.0 7955.0 5763.0 0.0 277.4917
11:14:00 737.0 16212.0 278.35 277.69 277.83 277.22 277.67 43.0 277.75 226.0 16212.0 9731.0 6481.0 0.0 277.6613
11:15:00 421.0 9597.0 278.35 277.48 277.76 277.41 277.47 100.0 277.56 25.0 9597.0 4104.0 5493.0 0.0 277.5523
11:16:00 697.0 14898.0 278.35 277.52 277.58 277.0 277.46 2.0 277.53 230.0 14898.0 8458.0 6440.0 0.0 277.3093
11:17:00 615.0 15769.0 278.35 277.2 277.6 277.08 277.19 58.0 277.25 163.0 15769.0 5806.0 9963.0 0.0 277.3472
11:18:00 604.0 12448.0 278.35 277.29 277.48 276.88 277.28 200.0 277.33 84.0 12448.0 5490.0 6958.0 0.0 277.1612
11:19:00 521.0 10431.0 278.35 277.39 277.47 277.1 277.36 25.0 277.4 447.0 10431.0 4492.0 5939.0 0.0 277.2589
11:20:00 618.0 21046.0 278.35 277.71 277.85 277.19 277.67 3.0 277.75 49.0 21046.0 16950.0 4096.0 0.0 277.5351
11:21:00 755.0 13872.0 278.35 277.48 277.83 277.21 277.45 14.0 277.52 25.0 13872.0 9201.0 4671.0 0.0 277.4796
11:22:00 547.0 15791.0 278.35 277.27 277.76 277.22 277.23 39.0 277.31 15.0 15791.0 4091.0 11700.0 0.0 277.5818
11:23:00 615.0 13874.0 278.35 277.03 277.53 276.98 276.97 1.0 277.03 25.0 13874.0 4372.0 9502.0 0.0 277.186
11:24:00 1017.0 23505.0 278.35 276.69 277.04 276.53 276.66 42.0 276.72 102.0 23505.0 9341.0 14164.0 0.0 276.7667
11:25:00 451.0 10996.0 278.35 276.65 276.76 276.42 276.55 25.0 276.67 39.0 10996.0 3488.0 7508.0 0.0 276.5429
11:26:00 1462.0 46230.0 278.35 276.1 276.68 275.74 276.03 25.0 276.13 334.0 46230.0 11053.0 35177.0 0.0 276.0933
11:27:00 467.0 8674.0 278.35 276.37 276.38 275.9 276.31 308.0 276.38 256.0 8674.0 4846.0 3828.0 0.0 276.1305
11:28:00 738.0 16265.0 278.35 276.55 276.55 276.25 276.48 4.0 276.55 4.0 16265.0 8624.0 7641.0 0.0 276.4035
11:29:00 551.0 13632.0 278.35 276.32 276.69 276.25 276.31 100.0 276.39 30.0 13632.0 6125.0 7507.0 0.0 276.3986
11:30:00 575.0 18752.0 278.35 276.58 276.71 276.22 276.59 4.0 276.64 100.0 18752.0 10231.0 8521.0 0.0 276.3767
11:31:00 464.0 9563.0 278.35 276.49 276.74 276.3 276.49 3.0 276.56 6.0 9563.0 3712.0 5851.0 0.0 276.5611
11:32:00 503.0 16737.0 278.35 276.16 276.56 275.9 276.04 57.0 276.14 25.0 16737.0 3067.0 13670.0 0.0 276.0894
11:33:00 1044.0 30473.0 278.35 275.73 276.05 275.42 275.7 252.0 275.76 39.0 30473.0 8843.0 21630.0 0.0 275.7009
11:34:00 950.0 30108.0 278.35 275.4 275.9 275.04 275.34 82.0 275.4 1.0 30108.0 7059.0 23049.0 0.0 275.4094
11:35:00 704.0 23583.0 278.35 275.25 275.58 275.25 275.25 800.0 275.32 137.0 23583.0 6755.0 16828.0 0.0 275.3145
11:36:00 2886.0 96052.0 278.35 274.45 275.26 274.32 274.42 25.0 274.48 25.0 96052.0 17031.0 79021.0 0.0 274.8098
11:37:00 1438.0 41112.0 278.35 274.42 274.46 274.0 274.38 39.0 274.45 176.0 41112.0 16325.0 24787.0 0.0 274.2247
11:38:00 907.0 26276.0 278.35 274.64 274.79 274.22 274.64 25.0 274.7 190.0 26276.0 12209.0 14067.0 0.0 274.5417
11:39:00 485.0 8276.0 278.35 274.85 274.85 274.52 274.82 100.0 274.86 101.0 8276.0 5126.0 3150.0 0.0 274.7146
11:40:00 535.0 19480.0 278.35 274.45 274.93 274.33 274.42 115.0 274.47 10.0 19480.0 7531.0 11949.0 0.0 274.5433
11:41:00 444.0 10453.0 278.35 274.82 274.82 274.44 274.76 25.0 274.83 9.0 10453.0 7040.0 3413.0 0.0 274.5925
11:42:00 586.0 14008.0 278.35 274.82 275.07 274.54 274.78 43.0 274.84 101.0 14008.0 7309.0 6699.0 0.0 274.8256
11:43:00 725.0 23401.0 278.35 274.84 275.2 274.68 274.8 123.0 274.84 153.0 23401.0 14776.0 8625.0 0.0 274.9138
11:44:00 661.0 14611.0 278.35 275.27 275.3 274.84 275.25 25.0 275.3 100.0 14611.0 11348.0 3263.0 0.0 275.1297
11:45:00 655.0 15461.0 278.35 275.47 275.5 275.09 275.41 73.0 275.47 1.0 15461.0 10857.0 4604.0 0.0 275.3119
11:46:00 635.0 16015.0 278.35 274.9 275.45 274.86 274.89 25.0 274.95 1.0 16015.0 4031.0 11984.0 0.0 275.0493
11:47:00 714.0 19081.0 278.35 274.65 274.96 274.45 274.63 29.0 274.67 9.0 19081.0 6514.0 12567.0 0.0 274.6443
11:48:00 604.0 15563.0 278.35 274.87 275.02 274.65 274.85 763.0 274.93 39.0 15563.0 8725.0 6838.0 0.0 274.8031
11:49:00 392.0 6890.0 278.35 274.54 274.98 274.53 274.51 532.0 274.57 25.0 6890.0 2120.0 4770.0 0.0 274.7433
11:50:00 1706.0 52412.0 278.35 273.98 274.79 273.95 273.97 244.0 274.05 61.0 52412.0 9930.0 42482.0 0.0 274.19
11:51:00 1258.0 27460.0 278.35 274.29 274.35 273.72 274.23 64.0 274.27 5.0 27460.0 14445.0 13015.0 0.0 273.9491
11:52:00 1025.0 44623.0 278.35 274.08 274.3 274.0 274.04 150.0 274.09 150.0 44623.0 29235.0 15388.0 0.0 274.1051
11:53:00 1038.0 33372.0 278.35 273.94 274.1 273.72 273.93 8.0 273.99 1090.0 33372.0 19235.0 14137.0 0.0 273.9456
11:54:00 792.0 19904.0 278.35 273.75 274.01 273.61 273.7 350.0 273.75 100.0 19904.0 9810.0 10094.0 0.0 273.8135
11:55:00 1358.0 37253.0 278.35 273.96 274.05 273.55 273.92 165.0 273.98 450.0 37253.0 28494.0 8759.0 0.0 273.9311
11:56:00 664.0 14841.0 278.35 273.95 274.03 273.73 273.9 2.0 273.93 121.0 14841.0 8788.0 6053.0 0.0 273.9299
11:57:00 496.0 10984.0 278.35 273.86 274.21 273.75 273.85 2.0 273.89 25.0 10984.0 4914.0 6070.0 0.0 273.9457
11:58:00 565.0 12043.0 278.35 274.04 274.23 273.66 274.02 5.0 274.06 77.0 12043.0 5243.0 6800.0 0.0 273.9864
11:59:00 487.0 7932.0 278.35 274.23 274.25 273.98 274.23 10.0 274.26 12.0 7932.0 4529.0 3403.0 0.0 274.1426
12:00:00 542.0 11186.0 278.35 274.03 274.27 273.88 274.02 225.0 274.09 270.0 11186.0 2985.0 8201.0 0.0 274.0371
12:01:00 678.0 17649.0 278.35 274.13 274.14 273.6 274.09 5.0 274.14 75.0 17649.0 6405.0 11244.0 0.0 273.845
12:02:00 1090.0 27778.0 278.35 274.85 274.89 274.13 274.81 5.0 274.86 671.0 27778.0 17458.0 10320.0 0.0 274.4913
12:03:00 847.0 25067.0 278.35 275.11 275.12 274.74 275.04 200.0 275.13 850.0 25067.0 12974.0 12093.0 0.0 274.8874
12:04:00 577.0 10215.0 278.35 274.89 275.08 274.7 274.88 15.0 274.94 56.0 10215.0 4105.0 6110.0 0.0 274.901
12:05:00 542.0 13468.0 278.35 275.16 275.25 274.7 275.16 450.0 275.2 10.0 13468.0 7896.0 5572.0 0.0 274.9763
12:06:00 783.0 16161.0 278.35 274.83 275.19 274.8 274.82 100.0 274.88 138.0 16161.0 5327.0 10834.0 0.0 274.9692
12:07:00 551.0 13279.0 278.35 275.05 275.19 274.6 275.02 191.0 275.09 1.0 13279.0 7910.0 5369.0 0.0 274.8084
12:08:00 698.0 16743.0 278.35 274.88 275.23 274.75 274.82 19.0 274.89 38.0 16743.0 5126.0 11617.0 0.0 275.0084
12:09:00 619.0 19521.0 278.35 274.41 274.89 274.13 274.38 103.0 274.45 12.0 19521.0 8230.0 11291.0 0.0 274.4105
12:10:00 372.0 8204.0 278.35 274.2 274.39 274.09 274.12 25.0 274.18 75.0 8204.0 3197.0 5007.0 0.0 274.1744
12:11:00 622.0 19818.0 278.35 273.845 274.22 273.7 273.82 23.0 273.84 20.0 19818.0 4136.0 15682.0 0.0 274.0006
12:12:00 2793.0 61552.0 278.35 272.83 273.95 272.82 272.83 2.0 272.84 68.0 61552.0 12600.0 48952.0 0.0 273.2626
12:13:00 935.0 28092.0 278.35 273.03 273.19 272.78 273.02 10.0 273.06 162.0 28092.0 14766.0 13326.0 0.0 272.9816
12:14:00 957.0 29547.0 278.35 273.34 273.4 272.95 273.29 250.0 273.37 11.0 29547.0 18886.0 10661.0 0.0 273.1611
12:15:00 586.0 27282.0 278.35 273.03 273.4 272.94 273.0 3137.0 273.03 100.0 27282.0 4590.0 22692.0 0.0 273.0507
12:16:00 844.0 27431.0 278.35 273.23 273.47 272.88 273.22 36.0 273.28 150.0 27431.0 18586.0 8845.0 0.0 273.3273
12:17:00 634.0 15045.0 278.35 273.13 273.38 272.97 273.1 25.0 273.15 1.0 15045.0 5531.0 9514.0 0.0 273.0689
12:18:00 1512.0 48682.0 278.35 272.6 273.25 272.2 272.56 55.0 272.59 60.0 48682.0 15228.0 33454.0 0.0 272.5712
12:19:00 642.0 19972.0 278.35 272.46 272.75 272.35 272.44 100.0 272.47 26.0 19972.0 8294.0 11678.0 0.0 272.4723
12:20:00 1032.0 27370.0 278.35 272.6 272.6 272.06 272.54 50.0 272.63 244.0 27370.0 11731.0 15639.0 0.0 272.2896
12:21:00 878.0 21329.0 278.35 272.91 272.94 272.55 272.91 57.0 272.95 308.0 21329.0 16598.0 4731.0 0.0 272.7175
12:22:00 804.0 21240.0 278.35 273.05 273.48 272.94 273.03 150.0 273.1 206.0 21240.0 13737.0 7503.0 0.0 273.1759
12:23:00 585.0 14379.0 278.35 273.36 273.4 272.99 273.32 17.0 273.36 154.0 14379.0 9419.0 4960.0 0.0 273.1961
12:24:00 1055.0 27327.0 278.35 273.55 273.6 273.2 273.51 8.0 273.56 219.0 27327.0 18781.0 8546.0 0.0 273.4344
12:25:00 524.0 14071.0 278.35 273.5 273.76 273.48 273.53 11.0 273.55 52.0 14071.0 7509.0 6562.0 0.0 273.5877
12:26:00 693.0 15209.0 278.35 273.64 273.67 273.2 273.61 50.0 273.67 96.0 15209.0 7944.0 7265.0 0.0 273.4598
12:27:00 789.0 28243.0 278.35 273.1 273.72 272.965 273.04 5.0 273.11 183.0 28243.0 5443.0 22800.0 0.0 273.1772
12:28:00 902.0 22672.0 278.35 272.84 273.11 272.72 272.82 23.0 272.86 251.0 22672.0 7796.0 14876.0 0.0 272.8828
12:29:00 914.0 17914.0 278.35 272.75 272.99 272.67 272.74 5.0 272.79 150.0 17914.0 9487.0 8427.0 0.0 272.8455
12:30:00 577.0 16189.0 278.35 272.8 272.91 272.61 272.77 15.0 272.83 10.0 16189.0 8199.0 7990.0 0.0 272.7685
12:31:00 706.0 18600.0 278.35 273.32 273.39 272.66 273.3 50.0 273.33 204.0 18600.0 12575.0 6025.0 0.0 273.0967
12:32:00 771.0 18565.0 278.35 273.39 273.59 273.15 273.37 150.0 273.42 30.0 18565.0 12119.0 6446.0 0.0 273.4178
12:33:00 424.0 13840.0 278.35 273.33 273.57 273.2 273.31 140.0 273.37 250.0 13840.0 8746.0 5094.0 0.0 273.4003
12:34:00 1157.0 31147.0 278.35 273.55 274.06 273.12 273.52 2.0 273.56 5.0 31147.0 23513.0 7634.0 0.0 273.6964
12:35:00 635.0 13482.0 278.35 273.85 273.85 273.23 273.82 122.0 273.89 85.0 13482.0 7268.0 6214.0 0.0 273.514
12:36:00 737.0 14482.0 278.35 274.08 274.08 273.63 274.06 1.0 274.08 7.0 14482.0 9972.0 4510.0 0.0 273.8923
12:37:00 556.0 12157.0 278.35 273.65 274.13 273.59 273.61 25.0 273.67 134.0 12157.0 6383.0 5774.0 0.0 273.8734
12:38:00 243.0 6423.0 278.35 273.62 273.8 273.51 273.58 100.0 273.64 50.0 6423.0 2721.0 3702.0 0.0 273.6786
12:39:00 506.0 14866.0 278.35 274.0 274.25 273.5 273.96 262.0 274.03 132.0 14866.0 9091.0 5775.0 0.0 273.9341
12:40:00 434.0 10755.0 278.35 274.465 274.465 273.89 274.44 7.0 274.48 25.0 10755.0 8021.0 2734.0 0.0 274.2082
12:41:00 726.0 14454.0 278.35 274.36 274.62 274.29 274.3 145.0 274.36 75.0 14454.0 7026.0 7428.0 0.0 274.4607
12:42:00 392.0 6248.0 278.35 274.31 274.44 274.15 274.28 15.0 274.31 100.0 6248.0 2590.0 3658.0 0.0 274.2859
12:43:00 538.0 14466.0 278.35 274.3 274.52 274.26 274.28 2.0 274.32 50.0 14466.0 8695.0 5771.0 0.0 274.4086
12:44:00 436.0 10764.0 278.35 274.34 274.36 274.11 274.29 117.0 274.35 64.0 10764.0 4458.0 6306.0 0.0 274.2364
12:45:00 425.0 15947.0 278.35 274.46 274.74 274.25 274.43 50.0 274.5 69.0 15947.0 9676.0 6271.0 0.0 274.561
12:46:00 393.0 7050.0 278.35 274.25 274.46 274.13 274.24 100.0 274.3 25.0 7050.0 2538.0 4512.0 0.0 274.2603
12:47:00 464.0 10941.0 278.35 274.05 274.35 274.0 274.03 50.0 274.06 137.0 10941.0 3544.0 7397.0 0.0 274.179
12:48:00 575.0 14108.0 278.35 273.98 274.11 273.85 273.95 73.0 274.0 31.0 14108.0 3870.0 10238.0 0.0 273.9772
12:49:00 352.0 7047.0 278.35 274.22 274.26 273.94 274.16 16.0 274.21 25.0 7047.0 5545.0 1502.0 0.0 274.1476
12:50:00 555.0 12072.0 278.35 274.53 274.58 274.21 274.5 7.0 274.54 9.0 12072.0 5674.0 6398.0 0.0 274.4289
12:51:00 1279.0 55461.0 278.35 275.18 275.21 274.33 275.16 28.0 275.21 3.0 55461.0 38861.0 16600.0 0.0 274.9814
12:52:00 805.0 18234.0 278.35 275.19 275.32 275.07 275.18 3.0 275.23 62.0 18234.0 9544.0 8690.0 0.0 275.2017
12:53:00 567.0 17589.0 278.35 275.44 275.45 275.2 275.42 950.0 275.47 70.0 17589.0 9494.0 8095.0 0.0 275.3684
12:54:00 430.0 11861.0 278.35 275.25 275.49 275.18 275.25 28.0 275.33 778.0 11861.0 3907.0 7954.0 0.0 275.3314
12:55:00 495.0 17443.0 278.35 275.6 275.64 275.22 275.6 301.0 275.64 20.0 17443.0 11758.0 5685.0 0.0 275.4913
12:56:00 682.0 15183.0 278.35 275.49 275.87 275.41 275.44 26.0 275.49 59.0 15183.0 4965.0 10218.0 0.0 275.6249
12:57:00 520.0 8499.0 278.35 275.42 275.59 275.41 275.42 38.0 275.49 25.0 8499.0 3906.0 4593.0 0.0 275.5136
12:58:00 632.0 16411.0 278.35 275.37 275.51 275.22 275.34 111.0 275.39 25.0 16411.0 8510.0 7901.0 0.0 275.357
12:59:00 448.0 12252.0 278.35 275.44 275.52 275.22 275.44 25.0 275.49 30.0 12252.0 7871.0 4381.0 0.0 275.392
13:00:00 224.0 4811.0 278.35 275.42 275.52 275.33 275.41 157.0 275.46 50.0 4811.0 2851.0 1960.0 0.0 275.4302
13:01:00 489.0 31826.0 278.35 275.53 275.9 275.3 275.51 150.0 275.57 110.0 31826.0 27578.0 4248.0 0.0 275.5421
13:02:00 304.0 9886.0 278.35 275.58 275.74 275.45 275.5 58.0 275.59 68.0 9886.0 3388.0 6498.0 0.0 275.6126
13:03:00 671.0 16909.0 278.35 275.88 275.88 275.5 275.83 20.0 275.87 178.0 16909.0 12623.0 4286.0 0.0 275.6759
13:04:00 1055.0 39955.0 278.35 275.92 276.25 275.85 275.9 250.0 275.95 50.0 39955.0 27763.0 12192.0 0.0 276.0212
13:05:00 621.0 16411.0 278.35 276.11 276.12 275.77 276.06 200.0 276.11 1.0 16411.0 8424.0 7987.0 0.0 275.9338
13:06:00 551.0 17148.0 278.35 276.36 276.49 276.03 276.35 100.0 276.37 19.0 17148.0 9260.0 7888.0 0.0 276.2566
13:07:00 994.0 27030.0 278.35 276.08 276.4 275.89 276.06 38.0 276.1 10.0 27030.0 12485.0 14545.0 0.0 276.042
13:08:00 586.0 20664.0 278.35 275.87 276.25 275.68 275.87 173.0 275.92 28.0 20664.0 10365.0 10299.0 0.0 275.9781
13:09:00 550.0 11439.0 278.35 275.75 276.01 275.74 275.72 825.0 275.79 1.0 11439.0 5501.0 5938.0 0.0 275.8769
13:10:00 709.0 15672.0 278.35 275.45 275.9 275.44 275.41 16.0 275.45 243.0 15672.0 6265.0 9407.0 0.0 275.6261
13:11:00 474.0 10697.0 278.35 275.76 275.76 275.34 275.72 25.0 275.78 9.0 10697.0 7388.0 3309.0 0.0 275.5605
13:12:00 356.0 8227.0 278.35 275.91 276.06 275.78 275.88 673.0 275.94 101.0 8227.0 3944.0 4283.0 0.0 275.9384
13:13:00 467.0 10118.0 278.35 275.93 276.13 275.7 275.94 25.0 275.99 25.0 10118.0 4328.0 5790.0 0.0 275.9354
13:14:00 423.0 9067.0 278.35 275.68 275.95 275.5 275.65 25.0 275.7 50.0 9067.0 3252.0 5815.0 0.0 275.7188
13:15:00 436.0 13730.0 278.35 275.74 275.79 275.24 275.72 25.0 275.78 23.0 13730.0 6482.0 7248.0 0.0 275.4574
13:16:00 554.0 15377.0 278.35 276.24 276.32 275.71 276.23 100.0 276.29 25.0 15377.0 12118.0 3259.0 0.0 276.0908
13:17:00 404.0 10393.0 278.35 276.04 276.45 275.99 276.06 79.0 276.12 3.0 10393.0 4193.0 6200.0 0.0 276.2528
13:18:00 378.0 11355.0 278.35 276.4 276.47 276.12 276.38 63.0 276.43 25.0 11355.0 7481.0 3874.0 0.0 276.3459
13:19:00 460.0 9617.0 278.35 276.31 276.46 276.17 276.29 6.0 276.33 1.0 9617.0 3434.0 6183.0 0.0 276.3281
13:20:00 273.0 7751.0 278.35 276.32 276.35 276.12 276.27 8.0 276.35 77.0 7751.0 4122.0 3629.0 0.0 276.2307
13:21:00 229.0 5712.0 278.35 276.23 276.38 276.08 276.19 548.0 276.25 500.0 5712.0 2389.0 3323.0 0.0 276.2238
13:22:00 610.0 21302.0 278.35 276.77 276.77 276.25 276.73 150.0 276.78 52.0 21302.0 17323.0 3979.0 0.0 276.5025
13:23:00 509.0 12891.0 278.35 276.76 276.85 276.54 276.72 1.0 276.8 220.0 12891.0 4943.0 7948.0 0.0 276.7181
13:24:00 407.0 9283.0 278.35 276.76 276.85 276.59 276.74 1022.0 276.81 192.0 9283.0 3063.0 6220.0 0.0 276.764
13:25:00 1133.0 57681.0 278.35 277.4 277.49 276.75 277.37 200.0 277.42 15.0 57681.0 40096.0 17585.0 0.0 277.1905
13:26:00 845.0 27943.0 278.35 277.3 277.58 277.2 277.29 150.0 277.34 264.0 27943.0 15501.0 12442.0 0.0 277.4423
13:27:00 345.0 6687.0 278.35 277.37 277.38 277.18 277.32 50.0 277.36 100.0 6687.0 3337.0 3350.0 0.0 277.2792
13:28:00 2187.0 92070.0 278.35 278.05 278.45 277.34 278.04 103.0 278.1 2.0 92070.0 70255.0 21815.0 0.0 277.9165
13:29:00 447.0 13483.0 278.35 277.82 278.23 277.82 277.81 14.0 277.84 47.0 13483.0 3203.0 10280.0 0.0 277.9775
13:30:00 387.0 10337.0 278.35 277.78 277.94 277.64 277.77 1.0 277.82 167.0 10337.0 4111.0 6226.0 0.0 277.7766
13:31:00 435.0 10959.0 278.35 277.53 277.88 277.51 277.51 95.0 277.57 25.0 10959.0 4763.0 6196.0 0.0 277.7265
13:32:00 272.0 11952.0 278.35 277.69 277.84 277.51 277.68 103.0 277.73 64.0 11952.0 7859.0 4093.0 0.0 277.749
13:33:00 256.0 4363.0 278.35 277.65 277.82 277.54 277.6 25.0 277.67 25.0 4363.0 2365.0 1998.0 0.0 277.6532
13:34:00 683.0 17718.0 278.35 277.27 277.75 277.21 277.23 1.0 277.28 54.0 17718.0 7186.0 10532.0 0.0 277.4394
13:35:00 512.0 20293.0 278.35 277.41 277.42 277.07 277.35 360.0 277.41 25.0 20293.0 10272.0 10021.0 0.0 277.2195
13:36:00 528.0 12565.0 278.35 277.58 277.71 277.35 277.55 50.0 277.62 102.0 12565.0 7629.0 4936.0 0.0 277.581
13:37:00 510.0 11206.0 278.35 277.64 277.97 277.57 277.57 58.0 277.62 50.0 11206.0 7122.0 4084.0 0.0 277.8121
13:38:00 335.0 5431.0 278.35 277.55 277.62 277.38 277.52 25.0 277.57 142.0 5431.0 2287.0 3144.0 0.0 277.4912
13:39:00 417.0 7173.0 278.35 277.4 277.65 277.15 277.35 727.0 277.41 159.0 7173.0 3938.0 3235.0 0.0 277.3776
13:40:00 376.0 8899.0 278.35 277.34 277.42 277.03 277.32 154.0 277.38 25.0 8899.0 4542.0 4357.0 0.0 277.1826
13:41:00 407.0 10704.0 278.35 277.28 277.6 277.27 277.29 25.0 277.32 249.0 10704.0 6658.0 4046.0 0.0 277.4427
13:42:00 731.0 16449.0 278.35 276.94 277.42 276.94 276.94 273.0 277.0 204.0 16449.0 6082.0 10367.0 0.0 277.1068
13:43:00 429.0 16187.0 278.35 277.22 277.22 276.98 277.19 47.0 277.24 28.0 16187.0 6059.0 10128.0 0.0 277.104
13:44:00 349.0 8953.0 278.35 277.06 277.3 276.95 277.01 200.0 277.06 25.0 8953.0 4831.0 4122.0 0.0 277.1286
13:45:00 422.0 12492.0 278.35 277.16 277.21 276.9 277.12 25.0 277.16 100.0 12492.0 5336.0 7156.0 0.0 277.0351
13:46:00 513.0 16650.0 278.35 277.46 277.59 277.16 277.43 25.0 277.49 1.0 16650.0 9786.0 6864.0 0.0 277.4209
13:47:00 369.0 15232.0 278.35 277.49 277.76 277.41 277.43 15.0 277.49 39.0 15232.0 10024.0 5208.0 0.0 277.6109
13:48:00 278.0 8192.0 278.35 277.45 277.48 277.02 277.4 11.0 277.45 27.0 8192.0 5162.0 3030.0 0.0 277.2348
13:49:00 267.0 4561.0 278.35 277.25 277.44 277.23 277.23 25.0 277.28 7.0 4561.0 1083.0 3478.0 0.0 277.3008
13:50:00 287.0 11122.0 278.35 277.53 277.69 277.2 277.47 25.0 277.53 4.0 11122.0 7476.0 3646.0 0.0 277.5472
13:51:00 519.0 12993.0 278.35 277.37 277.76 277.16 277.35 25.0 277.4 2000.0 12993.0 6141.0 6852.0 0.0 277.4686
13:52:00 261.0 6246.0 278.35 277.34 277.48 277.08 277.26 25.0 277.33 101.0 6246.0 3531.0 2715.0 0.0 277.2984
13:53:00 206.0 5614.0 278.35 277.4 277.51 277.22 277.35 99.0 277.41 1.0 5614.0 3394.0 2220.0 0.0 277.3743
13:54:00 478.0 15737.0 278.35 277.13 277.41 276.91 277.1 1.0 277.16 25.0 15737.0 3158.0 12579.0 0.0 277.1247
13:55:00 440.0 17466.0 278.35 276.79 277.32 276.65 276.78 100.0 276.86 299.0 17466.0 4044.0 13422.0 0.0 276.8876
13:56:00 680.0 16070.0 278.35 276.84 276.93 276.4 276.82 4.0 276.86 72.0 16070.0 7610.0 8460.0 0.0 276.6298
13:57:00 684.0 16213.0 278.35 276.93 277.12 276.63 276.93 100.0 276.99 239.0 16213.0 7400.0 8813.0 0.0 276.9212
13:58:00 564.0 19546.0 278.35 277.27 277.46 276.79 277.21 30.0 277.28 960.0 19546.0 11830.0 7716.0 0.0 277.1834
13:59:00 266.0 8892.0 278.35 277.16 277.45 277.08 277.15 2.0 277.19 300.0 8892.0 2702.0 6190.0 0.0 277.2392
14:00:00 522.0 17374.0 278.35 277.5 277.81 277.18 277.5 25.0 277.56 3.0 17374.0 13910.0 3464.0 0.0 277.6059
14:01:00 726.0 25632.0 278.35 277.75 278.0 277.48 277.71 25.0 277.77 325.0 25632.0 17133.0 8499.0 0.0 277.8509
14:02:00 568.0 13376.0 278.35 277.54 277.77 277.31 277.51 9.0 277.59 64.0 13376.0 3845.0 9531.0 0.0 277.5439
14:03:00 288.0 10401.0 278.35 277.76 277.87 277.5 277.7 110.0 277.79 1.0 10401.0 7803.0 2598.0 0.0 277.7292
14:04:00 585.0 16835.0 278.35 277.74 278.09 277.72 277.71 78.0 277.76 25.0 16835.0 10745.0 6090.0 0.0 277.8996
14:05:00 413.0 14118.0 278.35 277.53 277.71 277.35 277.52 46.0 277.57 25.0 14118.0 3385.0 10733.0 0.0 277.5484
14:06:00 450.0 11364.0 278.35 277.43 277.55 277.03 277.39 203.0 277.46 25.0 11364.0 4721.0 6643.0 0.0 277.3246
14:07:00 244.0 6268.0 278.35 277.5 277.5 277.21 277.49 134.0 277.55 100.0 6268.0 3771.0 2497.0 0.0 277.3606
14:08:00 205.0 4687.0 278.35 277.42 277.52 277.27 277.38 527.0 277.43 101.0 4687.0 1217.0 3470.0 0.0 277.35
14:09:00 467.0 10449.0 278.35 277.83 277.87 277.36 277.78 1.0 277.82 100.0 10449.0 8348.0 2101.0 0.0 277.6139
14:10:00 415.0 11723.0 278.35 277.9 278.13 277.69 277.9 25.0 277.97 33.0 11723.0 7811.0 3912.0 0.0 277.9336
14:11:00 649.0 13814.0 278.35 278.12 278.32 277.88 278.08 300.0 278.13 9.0 13814.0 8405.0 5409.0 0.0 278.1251
14:12:00 609.0 13186.0 278.35 277.87 278.15 277.73 277.82 425.0 277.91 35.0 13186.0 5667.0 7519.0 0.0 277.9639
14:13:00 415.0 9876.0 278.35 277.46 277.83 277.42 277.43 3.0 277.5 25.0 9876.0 2854.0 7022.0 0.0 277.5497
14:14:00 403.0 7758.0 278.35 277.67 277.79 277.42 277.64 35.0 277.7 28.0 7758.0 4797.0 2961.0 0.0 277.5718
14:15:00 418.0 11291.0 278.35 277.4 277.68 277.39 277.38 100.0 277.46 25.0 11291.0 3679.0 7612.0 0.0 277.479
14:16:00 1145.0 33358.0 278.35 277.47 277.53 276.85 277.44 10.0 277.5 97.0 33358.0 20976.0 12382.0 0.0 277.1675
14:17:00 511.0 10339.0 278.35 277.22 277.56 277.12 277.21 12.0 277.27 68.0 10339.0 4389.0 5950.0 0.0 277.3131
14:18:00 472.0 10634.0 278.35 277.23 277.45 277.14 277.22 37.0 277.26 1.0 10634.0 5403.0 5231.0 0.0 277.2014
14:19:00 352.0 6945.0 278.35 277.26 277.5 277.055 277.21 65.0 277.29 44.0 6945.0 3462.0 3483.0 0.0 277.2249
14:20:00 648.0 13839.0 278.35 277.34 277.43 277.06 277.32 100.0 277.41 50.0 13839.0 10488.0 3351.0 0.0 277.264
14:21:00 581.0 16087.0 278.35 277.42 277.75 277.25 277.37 100.0 277.42 153.0 16087.0 9500.0 6587.0 0.0 277.5533
14:22:00 309.0 6648.0 278.35 277.28 277.57 277.23 277.25 70.0 277.3 105.0 6648.0 2420.0 4228.0 0.0 277.3931
14:23:00 513.0 13583.0 278.35 277.38 277.38 276.82 277.34 25.0 277.38 15.0 13583.0 5935.0 7648.0 0.0 277.038
14:24:00 341.0 12691.0 278.35 277.51 277.74 277.29 277.5 600.0 277.55 25.0 12691.0 10287.0 2404.0 0.0 277.5317
14:25:00 1319.0 59467.0 278.35 278.27 278.61 277.535 278.25 50.0 278.3 25.0 59467.0 43213.0 16254.0 0.0 278.1612
14:26:00 534.0 14717.0 278.35 278.3 278.34 277.9 278.29 25.0 278.34 15.0 14717.0 7364.0 7353.0 0.0 278.1412
14:27:00 491.0 18613.0 278.35 278.39 278.5 278.06 278.36 41.0 278.42 200.0 18613.0 12406.0 6207.0 0.0 278.32
14:28:00 438.0 13059.0 278.35 278.05 278.43 277.92 278.02 25.0 278.09 244.0 13059.0 5597.0 7462.0 0.0 278.1979
14:29:00 400.0 9675.0 278.35 278.05 278.2 278.0 278.03 41.0 278.1 185.0 9675.0 4363.0 5312.0 0.0 278.101
14:30:00 516.0 14852.0 278.35 278.23 278.41 278.07 278.19 25.0 278.28 30.0 14852.0 7440.0 7412.0 0.0 278.2374
14:31:00 526.0 9222.0 278.35 278.18 278.35 278.06 278.16 100.0 278.21 5.0 9222.0 5799.0 3423.0 0.0 278.2363
14:32:00 480.0 11179.0 278.35 278.08 278.23 277.83 278.03 10.0 278.09 25.0 11179.0 2955.0 8224.0 0.0 278.0511
14:33:00 316.0 7785.0 278.35 278.07 278.2 277.94 278.02 43.0 278.09 100.0 7785.0 3223.0 4562.0 0.0 278.0902
14:34:00 209.0 10277.0 278.35 277.9 278.18 277.9 277.9 900.0 277.95 18.0 10277.0 1975.0 8302.0 0.0 277.9936
14:35:00 252.0 5950.0 278.35 277.9 278.06 277.86 277.87 1043.0 277.94 30.0 5950.0 2180.0 3770.0 0.0 277.9547
14:36:00 543.0 14955.0 278.35 277.73 277.87 277.55 277.73 63.0 277.8 25.0 14955.0 7582.0 7373.0 0.0 277.7317
14:37:00 268.0 5375.0 278.35 277.75 277.85 277.62 277.72 25.0 277.77 25.0 5375.0 3053.0 2322.0 0.0 277.7021
14:38:00 374.0 11180.0 278.35 277.71 277.86 277.59 277.71 99.0 277.78 42.0 11180.0 6452.0 4728.0 0.0 277.7128
14:39:00 335.0 5377.0 278.35 277.65 277.83 277.57 277.63 1.0 277.67 125.0 5377.0 984.0 4393.0 0.0 277.6721
14:40:00 414.0 8341.0 278.35 277.68 277.9 277.57 277.67 1.0 277.69 112.0 8341.0 4632.0 3709.0 0.0 277.7665
14:41:00 658.0 23422.0 278.35 277.73 278.0 277.4 277.71 25.0 277.77 25.0 23422.0 12629.0 10793.0 0.0 277.7096
14:42:00 328.0 7437.0 278.35 277.92 277.94 277.77 277.89 25.0 277.95 30.0 7437.0 4148.0 3289.0 0.0 277.8444
14:43:00 325.0 7859.0 278.35 277.9 278.14 277.85 277.85 300.0 277.93 2.0 7859.0 3626.0 4233.0 0.0 278.0105
14:44:00 410.0 13960.0 278.35 277.99 278.07 277.82 277.94 100.0 278.01 83.0 13960.0 5546.0 8414.0 0.0 277.9456
14:45:00 1515.0 50686.0 278.35 278.24 278.6 277.9 278.24 25.0 278.29 1.0 50686.0 37662.0 13024.0 0.0 278.3071
14:46:00 669.0 20728.0 278.35 278.56 278.64 278.23 278.53 20.0 278.57 43.0 20728.0 8486.0 12242.0 0.0 278.4889
14:47:00 424.0 12861.0 278.35 278.65 278.65 278.34 278.59 221.0 278.64 149.0 12861.0 7898.0 4963.0 0.0 278.5065
14:48:00 609.0 20666.0 278.35 278.64 278.81 278.55 278.63 210.0 278.67 75.0 20666.0 10996.0 9670.0 0.0 278.709
14:49:00 443.0 17814.0 278.35 278.82 278.85 278.61 278.79 54.0 278.83 327.0 17814.0 11646.0 6168.0 0.0 278.752
14:50:00 392.0 10278.0 278.35 278.62 278.84 278.5 278.6 500.0 278.66 148.0 10278.0 4691.0 5587.0 0.0 278.6752
14:51:00 500.0 15103.0 278.35 278.88 279.0 278.66 278.85 30.0 278.9 150.0 15103.0 9165.0 5938.0 0.0 278.8627
14:52:00 316.0 8899.0 278.35 278.89 278.98 278.8 278.86 83.0 278.91 100.0 8899.0 5487.0 3412.0 0.0 278.925
14:53:00 733.0 33358.0 278.35 278.99 279.08 278.8 278.98 151.0 279.01 304.0 33358.0 26757.0 6601.0 0.0 278.9837
14:54:00 410.0 14295.0 278.35 278.83 279.07 278.79 278.83 9.0 278.86 202.0 14295.0 4717.0 9578.0 0.0 278.8968
14:55:00 509.0 24735.0 278.35 278.86 278.9 278.66 278.83 50.0 278.87 576.0 24735.0 8931.0 15804.0 0.0 278.7915
14:56:00 812.0 33933.0 278.35 279.07 279.2 278.75 279.05 5.0 279.09 17.0 33933.0 18475.0 15458.0 0.0 278.9239
14:57:00 682.0 31452.0 278.35 279.24 279.31 279.08 279.23 2.0 279.3 200.0 31452.0 22837.0 8615.0 0.0 279.2054
14:58:00 473.0 12571.0 278.35 279.31 279.35 279.1 279.3 50.0 279.33 1.0 12571.0 5341.0 7230.0 0.0 279.2413
14:59:00 796.0 33941.0 278.35 279.65 279.65 279.29 279.61 52.0 279.65 32.0 33941.0 21504.0 12437.0 0.0 279.4678
15:00:00 779.0 24802.0 278.35 279.75 279.77 279.53 279.71 750.0 279.75 107.0 24802.0 11597.0 13205.0 0.0 279.6341
15:01:00 1291.0 31091.0 278.35 279.47 279.85 279.36 279.47 4.0 279.52 332.0 31091.0 13038.0 18053.0 0.0 279.5768
15:02:00 578.0 17456.0 278.35 279.56 279.65 279.35 279.54 150.0 279.58 9.0 17456.0 9835.0 7621.0 0.0 279.4843
15:03:00 503.0 14375.0 278.35 279.74 279.87 279.53 279.73 56.0 279.75 275.0 14375.0 8439.0 5936.0 0.0 279.7447
15:04:00 572.0 19420.0 278.35 279.43 279.73 279.36 279.39 300.0 279.44 698.0 19420.0 5188.0 14232.0 0.0 279.5304
15:05:00 576.0 19584.0 278.35 279.25 279.46 279.17 279.24 50.0 279.29 11.0 19584.0 7686.0 11898.0 0.0 279.2915
15:06:00 534.0 14567.0 278.35 279.44 279.48 279.22 279.44 400.0 279.48 203.0 14567.0 7849.0 6718.0 0.0 279.3634
15:07:00 736.0 20580.0 278.35 279.24 279.59 279.13 279.22 199.0 279.26 150.0 20580.0 7345.0 13235.0 0.0 279.3445
15:08:00 674.0 21778.0 278.35 279.36 279.37 278.98 279.35 50.0 279.38 470.0 21778.0 8851.0 12927.0 0.0 279.1331
15:09:00 599.0 20771.0 278.35 279.65 279.69 279.29 279.61 150.0 279.66 150.0 20771.0 11203.0 9568.0 0.0 279.4848
15:10:00 2343.0 89827.0 278.35 280.1 280.26 279.66 280.09 205.0 280.11 155.0 89827.0 68509.0 21318.0 0.0 280.0095
15:11:00 1121.0 41383.0 278.35 280.46 280.5 279.97 280.45 167.0 280.47 1.0 41383.0 16748.0 24635.0 0.0 280.3363
15:12:00 1519.0 44232.0 278.35 280.42 280.67 280.32 280.4 250.0 280.44 100.0 44232.0 21609.0 22623.0 0.0 280.5151
15:13:00 951.0 27153.0 278.35 280.53 280.67 280.29 280.53 200.0 280.57 156.0 27153.0 11469.0 15684.0 0.0 280.5287
15:14:00 584.0 17978.0 278.35 280.62 280.74 280.47 280.61 150.0 280.64 201.0 17978.0 7758.0 10220.0 0.0 280.6397
15:15:00 957.0 31339.0 278.35 280.8 280.93 280.56 280.8 713.0 280.84 50.0 31339.0 19113.0 12226.0 0.0 280.7621
15:16:00 1795.0 73483.0 278.35 280.74 281.2 280.65 280.73 150.0 280.77 60.0 73483.0 37429.0 36054.0 0.0 280.9562
15:17:00 750.0 19838.0 278.35 280.88 281.03 280.71 280.85 342.0 280.89 8.0 19838.0 9516.0 10322.0 0.0 280.8737
15:18:00 482.0 19488.0 278.35 280.71 280.91 280.66 280.69 404.0 280.72 36.0 19488.0 11191.0 8297.0 0.0 280.7928
15:19:00 563.0 17369.0 278.35 280.67 280.8 280.54 280.66 259.0 280.7 200.0 17369.0 9419.0 7950.0 0.0 280.6911
15:20:00 784.0 19148.0 278.35 280.44 280.77 280.44 280.44 29.0 280.48 160.0 19148.0 4942.0 14206.0 0.0 280.5742
15:21:00 770.0 19634.0 278.35 280.63 280.72 280.38 280.61 45.0 280.64 50.0 19634.0 10339.0 9295.0 0.0 280.5486
15:22:00 805.0 22085.0 278.35 280.84 280.99 280.59 280.82 350.0 280.85 50.0 22085.0 13143.0 8942.0 0.0 280.7705
15:23:00 666.0 12882.0 278.35 280.71 280.855 280.58 280.69 1.0 280.72 150.0 12882.0 4171.0 8711.0 0.0 280.7291
15:24:00 460.0 10980.0 278.35 280.89 280.92 280.67 280.86 2.0 280.91 60.0 10980.0 7172.0 3808.0 0.0 280.7897
15:25:00 497.0 14931.0 278.35 280.73 280.94 280.62 280.69 270.0 280.73 400.0 14931.0 5204.0 9727.0 0.0 280.7735
15:26:00 676.0 28253.0 278.35 281.04 281.08 280.59 281.0 200.0 281.04 184.0 28253.0 20064.0 8189.0 0.0 280.9058
15:27:00 525.0 15718.0 278.35 280.98 281.14 280.87 280.96 150.0 280.99 2.0 15718.0 6449.0 9269.0 0.0 281.0031
15:28:00 642.0 21323.0 278.35 280.86 281.05 280.83 280.84 10.0 280.86 50.0 21323.0 12808.0 8515.0 0.0 280.9641
15:29:00 514.0 22864.0 278.35 280.93 281.14 280.82 280.89 1236.0 280.94 4.0 22864.0 14858.0 8006.0 0.0 281.0406
15:30:00 709.0 20563.0 278.35 280.87 281.0 280.74 280.84 189.0 280.89 101.0 20563.0 9469.0 11094.0 0.0 280.8831
15:31:00 1180.0 42128.0 278.35 281.37 281.39 280.87 281.35 341.0 281.38 50.0 42128.0 30850.0 11278.0 0.0 281.1353
15:32:00 1498.0 55558.0 278.35 281.88 281.88 281.32 281.86 250.0 281.88 200.0 55558.0 36277.0 19281.0 0.0 281.5774
15:33:00 2960.0 123660.0 278.35 281.77 282.19 281.71 281.73 60.0 281.77 801.0 123660.0 90086.0 33574.0 0.0 282.0145
15:34:00 903.0 24211.0 278.35 281.57 281.75 281.38 281.54 155.0 281.58 4.0 24211.0 10470.0 13741.0 0.0 281.571
15:35:00 859.0 25191.0 278.35 281.85 281.9 281.57 281.86 1.0 281.9 1032.0 25191.0 14378.0 10813.0 0.0 281.7599
15:36:00 1698.0 53226.0 278.35 282.14 282.2 281.79 282.12 100.0 282.16 379.0 53226.0 31869.0 21357.0 0.0 281.9722
15:37:00 2284.0 76418.0 278.35 281.68 282.5 281.625 281.65 9.0 281.69 150.0 76418.0 40881.0 35537.0 0.0 282.2234
15:38:00 941.0 23248.0 278.35 281.63 281.87 281.56 281.6 72.0 281.68 50.0 23248.0 10687.0 12561.0 0.0 281.6856
15:39:00 702.0 21833.0 278.35 281.67 282.0 281.54 281.67 94.0 281.72 80.0 21833.0 12415.0 9418.0 0.0 281.8491
15:40:00 1075.0 33814.0 278.35 281.24 281.66 281.04 281.23 50.0 281.28 486.0 33814.0 17084.0 16730.0 0.0 281.3332
15:41:00 1118.0 30796.0 278.35 281.17 281.42 281.04 281.18 50.0 281.21 100.0 30796.0 14028.0 16768.0 0.0 281.1942
15:42:00 850.0 26986.0 278.35 281.35 281.63 281.21 281.31 5.0 281.36 598.0 26986.0 13485.0 13501.0 0.0 281.4052
15:43:00 1241.0 36809.0 278.35 281.95 281.98 281.25 281.93 102.0 281.98 700.0 36809.0 20385.0 16424.0 0.0 281.6405
15:44:00 822.0 22976.0 278.35 281.82 281.98 281.68 281.8 29.0 281.85 64.0 22976.0 12313.0 10663.0 0.0 281.8256
15:45:00 939.0 39769.0 278.35 281.95 282.08 281.53 281.93 321.0 281.97 370.0 39769.0 26255.0 13514.0 0.0 281.9071
15:46:00 737.0 26626.0 278.35 281.77 282.1 281.72 281.73 949.0 281.8 150.0 26626.0 16961.0 9665.0 0.0 281.9035
15:47:00 983.0 32106.0 278.35 281.77 281.86 281.53 281.77 420.0 281.81 113.0 32106.0 10859.0 21247.0 0.0 281.6797
15:48:00 889.0 28216.0 278.35 281.74 281.93 281.66 281.73 50.0 281.76 2.0 28216.0 9534.0 18682.0 0.0 281.8013
15:49:00 1077.0 36623.0 278.35 281.8 281.89 281.69 281.75 261.0 281.8 50.0 36623.0 15558.0 21065.0 0.0 281.7908
15:50:00 984.0 30887.0 278.35 281.84 281.92 281.63 281.84 169.0 281.87 50.0 30887.0 16931.0 13956.0 0.0 281.785
15:51:00 2220.0 73029.0 278.35 280.91 281.84 280.8 280.9 53.0 280.94 17.0 73029.0 29943.0 43086.0 0.0 281.1393
15:52:00 1966.0 52819.0 278.35 280.72 281.02 280.57 280.67 208.0 280.75 229.0 52819.0 25034.0 27785.0 0.0 280.7787
15:53:00 1845.0 46796.0 278.35 280.535 280.8 280.21 280.51 40.0 280.57 106.0 46796.0 15195.0 31601.0 0.0 280.4821
15:54:00 1482.0 36257.0 278.35 280.94 281.03 280.45 280.94 101.0 280.99 97.0 36257.0 18387.0 17870.0 0.0 280.7923
15:55:00 3002.0 97199.0 278.35 281.6 281.92 280.72 281.55 550.0 281.61 10.0 97199.0 49125.0 48074.0 0.0 281.3782
15:56:00 1477.0 55330.0 278.35 281.31 281.72 281.2 281.29 200.0 281.32 28.0 55330.0 14429.0 40901.0 0.0 281.4493
15:57:00 2040.0 57317.0 278.35 281.56 281.63 281.26 281.55 6.0 281.58 351.0 57317.0 18433.0 38884.0 0.0 281.4625
15:58:00 2279.0 84695.0 278.35 281.7 281.93 281.51 281.66 187.0 281.7 162.0 84695.0 43139.0 41556.0 0.0 281.6877
15:59:00 1929.0 68592.0 278.35 281.93 281.99 281.66 281.92 300.0 281.96 217.0 68592.0 33964.0 34628.0 0.0 281.8515
16:00:00 3398.0 205160.0 278.35 282.2 282.36 281.81 282.19 27922.0 282.2 15632.0 205160.0 96942.0 108218.0 0.0 282.035
16:01:00 146.0 8130.0 278.35 282.1 282.5 281.52 282.0 1256.0 282.1 551.0 8130.0 3959.0 4171.0 0.0 282.1661
16:02:00 52.0 6282.0 278.35 282.2 282.22 282.0 282.1 840.0 282.18 1.0 6282.0 6178.0 104.0 0.0 282.1541
16:03:00 49.0 1026.0 278.35 282.24 282.24 282.1 282.2 408.0 282.24 960.0 1026.0 564.0 462.0 0.0 282.1768
16:04:00 72.0 3509.0 278.35 282.28 282.38 282.2 282.24 11.0 282.3 219.0 3509.0 2400.0 1109.0 0.0 282.273
16:05:00 64.0 1633.0 278.35 282.3 282.35 282.24 282.3 1.0 282.35 702.0 1633.0 549.0 1084.0 0.0 282.2982
16:06:00 52.0 843.0 278.35 282.25 282.35 282.23 282.2 599.0 282.23 25.0 843.0 541.0 302.0 0.0 282.2714
16:07:00 93.0 5280.0 278.35 282.2 282.25 282.19 282.2 200.0 282.24 30.0 5280.0 2190.0 3090.0 0.0 282.1977
16:08:00 39.0 299.0 278.35 282.2 282.25 282.19 282.19 551.0 282.25 162.0 299.0 134.0 165.0 0.0 282.2203
16:09:00 30.0 409.0 278.35 282.2 282.25 282.19 282.19 101.0 282.2 19.0 409.0 188.0 221.0 0.0 282.2444
16:10:00 26.0 576.0 278.35 282.2 282.2 282.19 282.19 848.0 282.22 7.0 576.0 281.0 295.0 0.0 282.1949
16:11:00 36.0 437.0 278.35 282.23 282.26 282.19 282.24 3.0 282.29 1.0 437.0 174.0 263.0 0.0 282.2123
16:12:00 32.0 339.0 278.35 282.3 282.3 282.22 282.3 444.0 282.35 1616.0 339.0 322.0 17.0 0.0 282.2785
16:13:00 33.0 1394.0 278.35 282.22 282.33 282.2 282.2 593.0 282.3 142.0 1394.0 248.0 1146.0 0.0 282.2445
16:14:00 43.0 307.0 278.35 282.28 282.31 282.21 282.27 60.0 282.33 127.0 307.0 206.0 101.0 0.0 282.2825
16:15:00 15.0 189.0 278.35 282.28 282.32 282.27 282.28 15.0 282.3 1.0 189.0 176.0 13.0 0.0 282.3052
16:16:00 24.0 607.0 278.35 282.27 282.32 282.27 282.27 3.0 282.3 200.0 607.0 556.0 51.0 0.0 282.2972
16:17:00 14.0 457.0 278.35 282.28 282.3 282.25 282.27 2.0 282.3 710.0 457.0 400.0 57.0 0.0 282.2941
16:18:00 50.0 1244.0 278.35 282.31 282.34 282.24 282.3 208.0 282.34 38.0 1244.0 966.0 278.0 0.0 282.3052
16:19:00 67.0 4552.0 278.35 282.39 282.4 282.3 282.36 150.0 282.37 11.0 4552.0 4551.0 1.0 0.0 282.3743
16:20:00 87.0 4269.0 278.35 282.53 282.53 282.41 282.45 55.0 282.37 11.0 4269.0 4244.0 25.0 0.0 282.5006
16:21:00 103.0 12383.0 278.35 282.4 282.59 282.35 282.35 10.0 282.37 11.0 12383.0 2531.0 9852.0 0.0 282.5509
16:22:00 35.0 902.0 278.35 282.4 282.47 282.32 282.31 100.0 282.37 11.0 902.0 131.0 771.0 0.0 282.3998
16:23:00 2.0 0.0 278.35 282.38 282.38 282.37 282.32 100.0 282.37 11.0 nan 0.0 0.0 0.0 nan
16:24:00 4.0 23.0 278.35 282.35 282.4 282.35 282.33 25.0 282.37 11.0 23.0 13.0 10.0 0.0 282.3783
16:25:00 6.0 103.0 278.35 282.4 282.4 282.35 282.33 23.0 282.37 11.0 103.0 103.0 0.0 0.0 282.3915
16:26:00 10.0 1.0 278.35 282.42 282.45 282.4 282.35 6.0 282.37 11.0 1.0 1.0 0.0 0.0 282.4
16:27:00 17.0 55.0 278.35 282.41 282.46 282.36 282.35 6.0 282.37 11.0 55.0 5.0 50.0 0.0 282.4135
16:28:00 38.0 910.0 278.35 282.34 282.4 282.27 282.3 7.0 282.37 11.0 910.0 75.0 835.0 0.0 282.3057
16:29:00 16.0 98.0 278.35 282.31 282.34 282.27 282.3 1101.0 282.34 50.0 98.0 3.0 95.0 0.0 282.2737
16:30:00 26.0 1015.0 278.35 282.32 282.35 282.3 282.3 8.0 282.35 91.0 1015.0 110.0 905.0 0.0 282.343
16:31:00 11.0 29.0 278.35 282.32 282.35 282.28 282.26 25.0 282.3 1.0 29.0 18.0 11.0 0.0 282.3303
16:32:00 11.0 157.0 278.35 282.25 282.3 282.25 282.25 9.0 282.3 5730.0 157.0 1.0 156.0 0.0 282.2519
16:33:00 17.0 624.0 278.35 282.23 282.28 282.23 282.24 6.0 282.29 1.0 624.0 521.0 103.0 0.0 282.2485
16:34:00 7.0 210.0 278.35 282.22 282.24 282.21 282.22 12.0 282.25 10.0 210.0 200.0 10.0 0.0 282.2297
16:35:00 14.0 33.0 278.35 282.21 282.27 282.2 282.21 5.0 282.29 217.0 33.0 21.0 12.0 0.0 282.2391
16:36:00 69.0 2476.0 278.35 282.13 282.22 282.03 282.02 1.0 282.2 2.0 2476.0 5.0 2471.0 0.0 282.1853
16:37:00 3.0 3.0 278.35 282.05 282.09 282.03 282.02 1.0 282.19 5.0 3.0 2.0 1.0 0.0 282.0633
16:38:00 6.0 100.0 278.35 282.03 282.13 282.03 282.02 51.0 282.1 17.0 100.0 0.0 100.0 0.0 282.1
16:39:00 19.0 112.0 278.35 282.11 282.11 282.03 282.1 100.0 282.1 10.0 112.0 7.0 105.0 0.0 282.1004
16:40:00 43.0 2010.0 278.35 282.15 282.16 282.1 282.1 325.0 282.15 221.0 2010.0 40.0 1970.0 0.0 282.144
16:41:00 52.0 1357.0 278.35 282.07 282.18 282.0 282.0 559.0 282.14 2.0 1357.0 0.0 1357.0 0.0 282.1078
16:42:00 27.0 167.0 278.35 282.02 282.1 282.0 282.01 300.0 282.1 24920.0 167.0 135.0 32.0 0.0 282.0793
16:43:00 7.0 304.0 278.35 282.08 282.08 282.01 282.01 200.0 282.09 100.0 304.0 204.0 100.0 0.0 282.0167
16:44:00 38.0 1028.0 278.35 282.07 282.09 282.01 282.05 89.0 282.1 24870.0 1028.0 116.0 912.0 0.0 282.0846
16:45:00 42.0 1102.0 278.35 281.95 282.05 281.95 281.97 11.0 282.0 1.0 1102.0 80.0 1022.0 0.0 282.0087
16:46:00 14.0 143.0 278.35 281.92 281.99 281.9 281.97 11.0 281.94 1.0 143.0 28.0 115.0 0.0 281.9261
16:47:00 24.0 156.0 278.35 281.83 281.95 281.8 281.97 11.0 281.89 282.0 156.0 3.0 153.0 0.0 281.8924
16:48:00 30.0 118.0 278.35 281.81 281.87 281.8 281.97 11.0 281.89 290.0 118.0 81.0 37.0 0.0 281.8136
16:49:00 58.0 1652.0 278.35 282.09 282.09 281.8 281.97 11.0 282.0 50.0 1652.0 1650.0 2.0 0.0 281.9466
16:50:00 10.0 81.0 278.35 282.0 282.07 281.97 282.0 9.0 282.04 1.0 81.0 76.0 5.0 0.0 282.0012
16:51:00 4.0 10.0 278.35 281.97 282.0 281.97 281.97 11.0 282.0 13.0 10.0 1.0 9.0 0.0 282.0
16:52:00 5.0 92.0 278.35 282.0 282.01 282.0 281.97 45.0 282.0 85.0 92.0 79.0 13.0 0.0 282.0
16:53:00 129.0 30053.0 278.35 282.28 282.39 281.98 282.28 90.0 282.35 10.0 30053.0 29396.0 657.0 0.0 282.1246
16:54:00 10.0 82.0 278.35 282.37 282.37 282.28 282.28 24.0 282.37 11.0 82.0 16.0 66.0 0.0 282.2885
16:55:00 18.0 246.0 278.35 282.15 282.28 282.15 282.1 70.0 282.2 10.0 246.0 0.0 246.0 0.0 282.2079
16:56:00 26.0 585.0 278.35 282.16 282.26 282.11 282.12 8.0 282.19 106.0 585.0 163.0 422.0 0.0 282.1907
16:57:00 51.0 7449.0 278.35 282.38 282.39 282.1 282.3 1.0 282.37 11.0 7449.0 6989.0 460.0 0.0 282.2511
16:58:00 18.0 3.0 278.35 282.32 282.32 282.27 282.29 10.0 282.33 10.0 3.0 2.0 1.0 0.0 282.27
16:59:00 46.0 126.0 278.35 282.23 282.37 282.23 282.21 50.0 282.37 11.0 126.0 10.0 116.0 0.0 282.2771
17:00:00 15.0 78.0 278.35 282.37 282.38 282.25 282.25 5.0 282.3 1.0 78.0 52.0 26.0 0.0 282.3091
