time trade_count trade_volume trade_first trade_last trade_high trade_low bid_price bid_size ask_price ask_size hid_vol buy_vol sell_vol unsided_vol vwap
09:00:00 nan 680.0 231.31 231.25 231.33 231.05 231.21 6.0 231.38 1.0 680.0 70.0 610.0 0.0 231.2407
09:01:00 164.0 2845.0 231.31 230.76 231.23 230.76 230.76 9.0 230.9 141.0 2845.0 564.0 2281.0 0.0 230.966
09:02:00 215.0 2424.0 231.31 230.97 231.01 230.5 230.62 4.0 231.13 1.0 2424.0 1405.0 1019.0 0.0 230.7412
09:03:00 181.0 10714.0 231.31 231.55 231.89 230.84 231.55 58.0 231.74 140.0 10714.0 3132.0 7582.0 0.0 231.7259
09:04:00 102.0 1673.0 231.31 231.24 231.68 231.1 231.1 4.0 231.49 3.0 1673.0 450.0 1223.0 0.0 231.3147
09:05:00 112.0 2033.0 231.31 231.16 231.39 230.91 231.04 1.0 231.35 130.0 2033.0 1623.0 410.0 0.0 231.2409
09:06:00 45.0 1069.0 231.31 231.06 231.29 231.0 231.04 1.0 231.35 55.0 1069.0 2.0 1067.0 0.0 231.0579
09:07:00 47.0 253.0 231.31 231.1 231.29 231.04 231.02 5.0 231.29 60.0 253.0 225.0 28.0 0.0 231.1564
09:08:00 65.0 595.0 231.31 231.35 231.54 231.03 231.24 7.0 231.5 79.0 595.0 410.0 185.0 0.0 231.336
09:09:00 40.0 430.0 231.31 231.3 231.5 231.15 231.16 1.0 231.4 19.0 430.0 359.0 71.0 0.0 231.3369
09:10:00 62.0 337.0 231.31 231.25 231.45 231.1 231.1 1.0 231.25 3.0 337.0 23.0 314.0 0.0 231.2591
09:11:00 41.0 132.0 231.31 231.37 231.37 231.07 231.25 1.0 231.4 45.0 132.0 57.0 75.0 0.0 231.2098
09:12:00 120.0 1817.0 231.31 231.36 231.38 231.06 231.1 1000.0 231.38 9.0 1817.0 826.0 991.0 0.0 231.1977
09:13:00 72.0 1651.0 231.31 231.38 231.45 231.24 231.4 33.0 231.42 8.0 1651.0 373.0 1278.0 0.0 231.3882
09:14:00 92.0 1685.0 231.31 231.29 231.41 231.29 231.22 103.0 231.4 84.0 1685.0 158.0 1527.0 0.0 231.3788
09:15:00 325.0 8101.0 231.31 231.02 231.45 231.0 231.01 2.0 231.32 43.0 8101.0 1120.0 6981.0 0.0 231.3155
09:16:00 155.0 4202.0 231.31 231.55 231.65 231.19 231.5 3.0 231.65 8.0 4202.0 2591.0 1611.0 0.0 231.3651
09:17:00 380.0 15000.0 231.31 232.37 232.67 231.5 232.0 30.0 232.37 50.0 15000.0 7074.0 7926.0 0.0 232.2279
09:18:00 109.0 662.0 231.31 231.9 232.34 231.6 231.8 3.0 231.99 50.0 662.0 154.0 508.0 0.0 231.9872
09:19:00 62.0 427.0 231.31 231.71 232.0 231.554 231.7 3.0 231.77 100.0 427.0 360.0 67.0 0.0 231.8261
09:20:00 84.0 2090.0 231.31 231.8 231.9 231.65 231.75 150.0 231.9 3.0 2090.0 1625.0 465.0 0.0 231.7811
09:21:00 70.0 1077.0 231.31 231.75 231.98 231.75 231.75 105.0 231.82 302.0 1077.0 232.0 845.0 0.0 231.7748
09:22:00 108.0 1215.0 231.31 231.57 231.76 231.5 231.55 1.0 231.6 40.0 1215.0 535.0 680.0 0.0 231.6225
09:23:00 144.0 1954.0 231.31 231.68 231.88 231.5 231.62 300.0 231.8 2.0 1954.0 1702.0 252.0 0.0 231.7669
09:24:00 60.0 1809.0 231.31 231.66 231.93 231.6 231.6 157.0 231.77 7.0 1809.0 482.0 1327.0 0.0 231.8523
09:25:00 192.0 5632.0 231.31 231.38 231.77 231.38 231.38 692.0 231.45 343.0 5632.0 1502.0 4130.0 0.0 231.4816
09:26:00 642.0 27103.0 231.31 230.45 231.41 230.38 230.38 402.0 230.5 3.0 27103.0 5839.0 21264.0 0.0 230.8265
09:27:00 457.0 8247.0 231.31 230.15 230.52 230.0 230.11 2.0 230.15 252.0 8247.0 1276.0 6971.0 0.0 230.2175
09:28:00 906.0 14153.0 231.31 230.1 230.5 229.88 230.1 52.0 230.5 20.0 14153.0 3271.0 10882.0 0.0 230.0156
09:29:00 147.0 3192.0 231.31 230.28 230.5 230.0 230.12 11.0 230.28 1.0 3192.0 2143.0 1049.0 0.0 230.1582
09:30:00 167.0 2817.0 231.31 230.24 230.24 230.0 230.15 26.0 230.29 1.0 2817.0 787.0 2030.0 0.0 230.0335
09:31:00 6354.0 176088.0 231.31 232.36 232.37 230.0 232.19 357.0 232.36 54.0 176088.0 116821.0 59267.0 0.0 231.3329
09:32:00 3092.0 103813.0 231.31 232.05 233.2 231.96 232.04 112.0 232.17 125.0 103813.0 65694.0 38119.0 0.0 232.609
09:33:00 2452.0 63552.0 231.31 230.8 232.57 230.25 230.69 75.0 230.84 15.0 63552.0 21816.0 41736.0 0.0 231.7709
09:34:00 3466.0 86746.0 231.31 231.63 232.76 230.72 231.55 475.0 231.66 220.0 86746.0 53026.0 33720.0 0.0 231.7851
09:35:00 3158.0 79921.0 231.31 232.09 232.95 231.3 232.01 9.0 232.14 400.0 79921.0 53619.0 26302.0 0.0 232.2171
09:36:00 2977.0 98215.0 231.31 232.03 232.23 230.93 232.02 1.0 232.18 20.0 98215.0 51181.0 47034.0 0.0 231.6043
09:37:00 2109.0 52623.0 231.31 231.92 232.77 231.76 231.88 168.0 231.98 105.0 52623.0 35271.0 17352.0 0.0 232.2744
09:38:00 3131.0 96999.0 231.31 232.88 233.33 231.68 232.85 40.0 232.94 25.0 96999.0 67651.0 29348.0 0.0 232.5361
09:39:00 1959.0 45500.0 231.31 232.18 233.1 232.0 232.1 30.0 232.22 50.0 45500.0 22747.0 22753.0 0.0 232.5471
09:40:00 2348.0 57159.0 231.31 231.92 232.91 231.8 231.86 50.0 231.93 120.0 57159.0 28907.0 28252.0 0.0 232.3031
09:41:00 3984.0 114482.0 231.31 234.24 234.5 231.67 234.19 22.0 234.32 75.0 114482.0 77329.0 37153.0 0.0 233.2181
09:42:00 2086.0 52915.0 231.31 233.61 234.36 233.41 233.54 42.0 233.64 50.0 52915.0 22486.0 30429.0 0.0 233.8783
09:43:00 3579.0 143686.0 231.31 235.12 235.25 233.46 235.09 50.0 235.24 25.0 143686.0 95687.0 47999.0 0.0 234.7516
09:44:00 2284.0 73312.0 231.31 235.03 235.61 234.86 234.97 25.0 235.04 2.0 73312.0 31398.0 41914.0 0.0 235.1563
09:45:00 2191.0 72298.0 231.31 236.19 236.2 234.87 236.13 25.0 236.2 23.0 72298.0 51239.0 21059.0 0.0 235.608
09:46:00 2525.0 81111.0 231.31 237.06 237.06 235.87 236.99 97.0 237.06 425.0 81111.0 53472.0 27639.0 0.0 236.5473
09:47:00 2201.0 53824.0 231.31 236.74 237.2 236.26 236.73 1.0 236.79 100.0 53824.0 19727.0 34097.0 0.0 236.608
09:48:00 2014.0 60957.0 231.31 237.45 237.46 236.54 237.39 222.0 237.46 46.0 60957.0 27690.0 33267.0 0.0 237.0159
09:49:00 1653.0 47728.0 231.31 237.14 237.47 236.77 237.1 22.0 237.15 100.0 47728.0 19576.0 28152.0 0.0 237.09
09:50:00 2097.0 70364.0 231.31 237.82 237.92 237.0 237.81 251.0 237.86 417.0 70364.0 51895.0 18469.0 0.0 237.4942
09:51:00 2223.0 67228.0 231.31 237.86 238.0 237.37 237.85 50.0 237.88 300.0 67228.0 31569.0 35659.0 0.0 237.6823
09:52:00 2301.0 64669.0 231.31 237.06 237.9 236.66 237.03 50.0 237.1 119.0 64669.0 25644.0 39025.0 0.0 237.1394
09:53:00 1560.0 48640.0 231.31 236.75 237.17 236.63 236.74 100.0 236.78 371.0 48640.0 27295.0 21345.0 0.0 236.8142
09:54:00 4343.0 151941.0 231.31 238.5 239.06 236.69 238.48 124.0 238.53 44.0 151941.0 116421.0 35520.0 0.0 237.8959
09:55:00 1676.0 49007.0 231.31 238.13 238.58 237.9 238.13 22.0 238.2 862.0 49007.0 19616.0 29391.0 0.0 238.1597
09:56:00 2276.0 73791.0 231.31 238.1 238.33 237.86 238.07 50.0 238.11 70.0 73791.0 34979.0 38812.0 0.0 238.0386
09:57:00 3095.0 82585.0 231.31 237.2 238.48 236.87 237.18 100.0 237.25 172.0 82585.0 27372.0 55213.0 0.0 237.7712
09:58:00 2528.0 81688.0 231.31 236.89 237.5 236.58 236.88 43.0 236.94 100.0 81688.0 43014.0 38674.0 0.0 236.8954
09:59:00 1401.0 48379.0 231.31 237.46 237.58 236.83 237.46 100.0 237.47 150.0 48379.0 23296.0 25083.0 0.0 237.2295
10:00:00 2263.0 66515.0 231.31 236.15 237.46 235.91 236.07 72.0 236.18 507.0 66515.0 25572.0 40943.0 0.0 236.6886
10:01:00 3255.0 83185.0 231.31 236.05 236.7 235.62 236.02 72.0 236.11 75.0 83185.0 37630.0 45555.0 0.0 236.1322
10:02:00 2532.0 65800.0 231.31 236.17 236.66 235.73 236.09 72.0 236.15 4.0 65800.0 36108.0 29692.0 0.0 236.2203
10:03:00 1367.0 33339.0 231.31 236.1 236.29 235.7 236.08 678.0 236.13 244.0 33339.0 19078.0 14261.0 0.0 235.9888
10:04:00 1662.0 43505.0 231.31 236.5 236.72 235.98 236.48 73.0 236.52 100.0 43505.0 24329.0 19176.0 0.0 236.3943
10:05:00 1730.0 56659.0 231.31 236.62 237.4 236.36 236.59 200.0 236.65 100.0 56659.0 39352.0 17307.0 0.0 236.8432
10:06:00 3606.0 106486.0 231.31 235.56 236.76 234.93 235.55 55.0 235.59 200.0 106486.0 45572.0 60914.0 0.0 235.6622
10:07:00 1913.0 66113.0 231.31 235.24 235.55 234.8 235.21 46.0 235.26 80.0 66113.0 38393.0 27720.0 0.0 235.0764
10:08:00 2244.0 74241.0 231.31 235.45 235.59 234.65 235.43 251.0 235.49 167.0 74241.0 36533.0 37708.0 0.0 234.9743
10:09:00 987.0 27845.0 231.31 235.77 235.9 235.46 235.71 272.0 235.79 50.0 27845.0 17602.0 10243.0 0.0 235.6673
10:10:00 1747.0 55054.0 231.31 235.77 236.49 235.45 235.72 150.0 235.79 216.0 55054.0 33391.0 21663.0 0.0 235.995
10:11:00 1170.0 41742.0 231.31 235.81 236.04 235.47 235.8 100.0 235.83 110.0 41742.0 20531.0 21211.0 0.0 235.7016
10:12:00 2103.0 51094.0 231.31 235.7 235.8 235.11 235.71 22.0 235.79 100.0 51094.0 28263.0 22831.0 0.0 235.5258
10:13:00 2157.0 68052.0 231.31 237.14 237.4 235.79 237.12 50.0 237.17 139.0 68052.0 46843.0 21209.0 0.0 236.7137
10:14:00 1553.0 45494.0 231.31 237.16 237.52 236.9 237.14 78.0 237.2 152.0 45494.0 22306.0 23188.0 0.0 237.2127
10:15:00 1136.0 40789.0 231.31 237.74 237.87 237.18 237.65 300.0 237.72 100.0 40789.0 22431.0 18358.0 0.0 237.5512
10:16:00 1584.0 46179.0 231.31 237.16 238.02 236.79 237.11 301.0 237.17 32.0 46179.0 20824.0 25355.0 0.0 237.4387
10:17:00 1030.0 27975.0 231.31 237.49 238.04 237.09 237.47 8.0 237.53 150.0 27975.0 15745.0 12230.0 0.0 237.7182
10:18:00 981.0 23046.0 231.31 237.11 237.66 236.99 237.07 100.0 237.12 50.0 23046.0 8276.0 14770.0 0.0 237.2691
10:19:00 648.0 20513.0 231.31 237.41 237.8 237.06 237.41 100.0 237.47 100.0 20513.0 12914.0 7599.0 0.0 237.4723
10:20:00 1256.0 45609.0 231.31 238.0 238.33 237.35 237.95 200.0 238.02 172.0 45609.0 27800.0 17809.0 0.0 238.0082
10:21:00 1492.0 49891.0 231.31 238.38 238.5 237.88 238.32 100.0 238.35 25.0 49891.0 25447.0 24444.0 0.0 238.1028
10:22:00 1810.0 49679.0 231.31 238.94 238.99 238.2 238.91 1.0 238.95 835.0 49679.0 31114.0 18565.0 0.0 238.5361
10:23:00 2383.0 84042.0 231.31 239.4 239.84 238.9 239.37 250.0 239.42 200.0 84042.0 61615.0 22427.0 0.0 239.3307
10:24:00 1947.0 48065.0 231.31 239.04 239.42 238.84 239.02 200.0 239.07 30.0 48065.0 18605.0 29460.0 0.0 239.0503
10:25:00 1079.0 28708.0 231.31 238.45 239.04 238.44 238.42 60.0 238.46 57.0 28708.0 9189.0 19519.0 0.0 238.704
10:26:00 1158.0 33507.0 231.31 238.6 238.99 238.38 238.59 200.0 238.64 200.0 33507.0 18791.0 14716.0 0.0 238.6672
10:27:00 1415.0 34653.0 231.31 238.68 239.29 238.59 238.66 172.0 238.73 53.0 34653.0 19634.0 15019.0 0.0 239.0164
10:28:00 1188.0 27129.0 231.31 238.95 239.18 238.34 238.92 300.0 238.98 250.0 27129.0 13989.0 13140.0 0.0 238.7549
10:29:00 1554.0 43844.0 231.31 239.38 239.72 238.91 239.36 50.0 239.4 39.0 43844.0 24133.0 19711.0 0.0 239.3761
10:30:00 2495.0 96716.0 231.31 240.41 240.63 239.22 240.36 151.0 240.43 44.0 96716.0 72859.0 23857.0 0.0 240.078
10:31:00 2046.0 51151.0 231.31 239.3 240.49 239.19 239.29 126.0 239.36 100.0 51151.0 14208.0 36943.0 0.0 239.8972
10:32:00 1253.0 29216.0 231.31 238.77 239.5 238.61 238.71 25.0 238.77 230.0 29216.0 12295.0 16921.0 0.0 238.9423
10:33:00 1710.0 47929.0 231.31 238.17 239.14 238.12 238.17 22.0 238.21 150.0 47929.0 20906.0 27023.0 0.0 238.6214
10:34:00 833.0 21216.0 231.31 238.35 238.69 238.06 238.29 96.0 238.35 50.0 21216.0 14031.0 7185.0 0.0 238.3272
10:35:00 713.0 18864.0 231.31 238.56 238.64 238.26 238.51 120.0 238.56 312.0 18864.0 11050.0 7814.0 0.0 238.4501
10:36:00 1388.0 41089.0 231.31 238.12 238.79 237.83 238.08 172.0 238.13 200.0 41089.0 17688.0 23401.0 0.0 238.1469
10:37:00 1158.0 40944.0 231.31 237.92 238.42 237.66 237.93 24.0 237.96 3.0 40944.0 21645.0 19299.0 0.0 237.9861
10:38:00 2003.0 53275.0 231.31 238.19 238.2 237.3 238.16 150.0 238.2 171.0 53275.0 25455.0 27820.0 0.0 237.6159
10:39:00 766.0 19616.0 231.31 238.23 238.48 238.16 238.17 206.0 238.22 22.0 19616.0 10934.0 8682.0 0.0 238.3132
10:40:00 1419.0 40109.0 231.31 237.24 238.28 237.17 237.21 50.0 237.28 50.0 40109.0 13506.0 26603.0 0.0 237.6922
10:41:00 914.0 18993.0 231.31 237.44 237.57 237.09 237.39 1.0 237.44 157.0 18993.0 10571.0 8422.0 0.0 237.3584
10:42:00 1693.0 49465.0 231.31 236.38 237.41 236.18 236.34 200.0 236.39 200.0 49465.0 23105.0 26360.0 0.0 236.6868
10:43:00 1142.0 27407.0 231.31 236.49 236.88 236.35 236.44 86.0 236.51 150.0 27407.0 16555.0 10852.0 0.0 236.5757
10:44:00 1389.0 41664.0 231.31 236.42 236.7 236.0 236.4 201.0 236.45 200.0 41664.0 21666.0 19998.0 0.0 236.24
10:45:00 773.0 21279.0 231.31 236.72 237.0 236.45 236.63 22.0 236.67 26.0 21279.0 12891.0 8388.0 0.0 236.7062
10:46:00 908.0 29881.0 231.31 236.73 237.12 236.48 236.7 100.0 236.75 23.0 29881.0 18973.0 10908.0 0.0 236.8745
10:47:00 1197.0 40154.0 231.31 236.09 237.01 235.93 236.07 80.0 236.12 100.0 40154.0 14762.0 25392.0 0.0 236.2171
10:48:00 1390.0 35486.0 231.31 235.99 236.12 235.65 235.98 222.0 236.03 15.0 35486.0 18378.0 17108.0 0.0 235.8658
10:49:00 628.0 20317.0 231.31 236.2 236.49 235.95 236.16 168.0 236.22 226.0 20317.0 12717.0 7600.0 0.0 236.201
10:50:00 859.0 24838.0 231.31 236.46 236.64 236.1 236.42 172.0 236.47 179.0 24838.0 15864.0 8974.0 0.0 236.3756
10:51:00 1818.0 49574.0 231.31 235.65 236.46 235.38 235.64 112.0 235.7 200.0 49574.0 18461.0 31113.0 0.0 235.9443
10:52:00 2080.0 53128.0 231.31 235.23 235.78 234.91 235.19 94.0 235.24 112.0 53128.0 20229.0 32899.0 0.0 235.2841
10:53:00 1059.0 24296.0 231.31 235.44 235.78 235.21 235.39 200.0 235.45 213.0 24296.0 12607.0 11689.0 0.0 235.518
10:54:00 620.0 14705.0 231.31 235.71 235.83 235.41 235.69 100.0 235.75 223.0 14705.0 7417.0 7288.0 0.0 235.6013
10:55:00 1090.0 28519.0 231.31 235.45 236.04 235.34 235.42 174.0 235.48 15.0 28519.0 17464.0 11055.0 0.0 235.7116
10:56:00 1160.0 27573.0 231.31 235.11 235.42 234.92 235.1 122.0 235.15 300.0 27573.0 12151.0 15422.0 0.0 235.094
10:57:00 1141.0 26107.0 231.31 235.19 235.31 234.88 235.15 150.0 235.22 307.0 26107.0 14402.0 11705.0 0.0 235.051
10:58:00 909.0 25403.0 231.31 235.49 235.62 235.2 235.49 121.0 235.54 50.0 25403.0 9448.0 15955.0 0.0 235.4423
10:59:00 884.0 26869.0 231.31 235.28 235.93 235.16 235.25 1.0 235.28 100.0 26869.0 8288.0 18581.0 0.0 235.5479
11:00:00 1829.0 49912.0 231.31 234.55 235.27 234.37 234.51 50.0 234.59 24.0 49912.0 14289.0 35623.0 0.0 234.7425
11:01:00 1176.0 31885.0 231.31 235.18 235.35 234.36 235.11 150.0 235.18 253.0 31885.0 18908.0 12977.0 0.0 234.9296
11:02:00 856.0 24609.0 231.31 235.45 235.55 234.66 235.43 215.0 235.49 180.0 24609.0 14318.0 10291.0 0.0 235.1927
11:03:00 601.0 16933.0 231.31 234.81 235.46 234.67 234.75 120.0 234.81 100.0 16933.0 8813.0 8120.0 0.0 235.045
11:04:00 679.0 15798.0 231.31 235.03 235.12 234.63 235.04 22.0 235.08 100.0 15798.0 8089.0 7709.0 0.0 234.9058
11:05:00 690.0 24629.0 231.31 234.76 235.15 234.46 234.67 51.0 234.72 114.0 24629.0 6217.0 18412.0 0.0 234.7367
11:06:00 1402.0 23526.0 231.31 235.06 235.35 234.47 235.02 50.0 235.08 36.0 23526.0 13903.0 9623.0 0.0 235.0372
11:07:00 1479.0 37790.0 231.31 234.48 235.02 234.16 234.45 30.0 234.48 74.0 37790.0 15073.0 22717.0 0.0 234.5546
11:08:00 1022.0 20667.0 231.31 234.75 234.9 234.37 234.72 250.0 234.77 185.0 20667.0 10817.0 9850.0 0.0 234.658
11:09:00 868.0 17588.0 231.31 234.65 234.81 234.32 234.58 330.0 234.65 334.0 17588.0 10542.0 7046.0 0.0 234.4881
11:10:00 1347.0 34558.0 231.31 234.11 234.63 233.9 234.1 50.0 234.14 924.0 34558.0 12153.0 22405.0 0.0 234.1378
11:11:00 1003.0 25639.0 231.31 234.46 234.66 233.95 234.43 10.0 234.47 50.0 25639.0 15881.0 9758.0 0.0 234.3549
11:12:00 743.0 16786.0 231.31 234.54 234.76 234.32 234.49 50.0 234.56 100.0 16786.0 9646.0 7140.0 0.0 234.5748
11:13:00 709.0 16963.0 231.31 234.34 234.6 234.11 234.31 152.0 234.36 153.0 16963.0 9091.0 7872.0 0.0 234.342
11:14:00 819.0 25640.0 231.31 234.27 234.64 233.98 234.24 50.0 234.31 50.0 25640.0 11601.0 14039.0 0.0 234.2262
11:15:00 662.0 15747.0 231.31 234.13 234.45 233.9 234.11 150.0 234.18 185.0 15747.0 5657.0 10090.0 0.0 234.0965
11:16:00 812.0 24619.0 231.31 233.93 234.2 233.66 233.91 104.0 233.97 50.0 24619.0 10107.0 14512.0 0.0 233.928
11:17:00 1177.0 29285.0 231.31 233.37 233.92 233.24 233.36 11.0 233.41 382.0 29285.0 9795.0 19490.0 0.0 233.4877
11:18:00 1076.0 36923.0 231.31 233.16 233.54 233.12 233.12 54.0 233.18 100.0 36923.0 15753.0 21170.0 0.0 233.2752
11:19:00 1045.0 37412.0 231.31 232.96 233.26 232.88 232.94 244.0 232.98 100.0 37412.0 20044.0 17368.0 0.0 233.0542
11:20:00 1209.0 45022.0 231.31 232.87 233.0 232.52 232.85 150.0 232.91 280.0 45022.0 20026.0 24996.0 0.0 232.7569
11:21:00 1008.0 42391.0 231.31 232.34 232.85 232.23 232.31 56.0 232.36 284.0 42391.0 17002.0 25389.0 0.0 232.4702
11:22:00 994.0 26664.0 231.31 232.56 232.81 232.24 232.58 10.0 232.63 100.0 26664.0 17057.0 9607.0 0.0 232.5733
11:23:00 654.0 24466.0 231.31 232.58 232.71 232.15 232.55 50.0 232.59 138.0 24466.0 10311.0 14155.0 0.0 232.4574
11:24:00 418.0 12595.0 231.31 232.35 232.63 232.21 232.32 2.0 232.37 376.0 12595.0 5806.0 6789.0 0.0 232.4247
11:25:00 742.0 18199.0 231.31 232.73 232.73 232.25 232.67 250.0 232.73 238.0 18199.0 9637.0 8562.0 0.0 232.5566
11:26:00 980.0 23026.0 231.31 232.62 232.77 232.33 232.58 35.0 232.62 292.0 23026.0 13600.0 9426.0 0.0 232.5467
11:27:00 2331.0 68875.0 231.31 233.58 234.12 232.58 233.57 300.0 233.61 32.0 68875.0 47308.0 21567.0 0.0 233.3958
11:28:00 1201.0 48998.0 231.31 233.72 233.88 233.19 233.7 50.0 233.75 122.0 48998.0 11031.0 37967.0 0.0 233.5802
11:29:00 1140.0 24166.0 231.31 233.08 233.7 232.85 233.08 50.0 233.13 374.0 24166.0 9125.0 15041.0 0.0 233.1435
11:30:00 1927.0 29681.0 231.31 232.77 233.49 232.69 232.78 25.0 232.85 50.0 29681.0 13069.0 16612.0 0.0 233.0056
11:31:00 962.0 21298.0 231.31 233.4 233.79 232.76 233.33 25.0 233.42 164.0 21298.0 12750.0 8548.0 0.0 233.2748
11:32:00 670.0 12148.0 231.31 233.29 233.56 233.11 233.22 47.0 233.29 3526.0 12148.0 6281.0 5867.0 0.0 233.3476
11:33:00 799.0 24393.0 231.31 232.74 233.5 232.74 232.7 162.0 232.77 87.0 24393.0 11367.0 13026.0 0.0 233.1509
11:34:00 978.0 26652.0 231.31 233.65 233.87 232.59 233.62 12.0 233.7 25.0 26652.0 17716.0 8936.0 0.0 233.3226
11:35:00 594.0 19779.0 231.31 233.88 234.1 233.38 233.86 54.0 233.96 50.0 19779.0 13981.0 5798.0 0.0 233.7654
11:36:00 761.0 12685.0 231.31 233.62 234.01 233.5 233.58 41.0 233.64 125.0 12685.0 4093.0 8592.0 0.0 233.7694
11:37:00 640.0 20231.0 231.31 233.52 233.69 233.07 233.52 39.0 233.59 50.0 20231.0 8476.0 11755.0 0.0 233.4111
11:38:00 538.0 14652.0 231.31 233.38 233.62 233.1 233.34 1.0 233.41 270.0 14652.0 4869.0 9783.0 0.0 233.2523
11:39:00 743.0 19288.0 231.31 233.24 233.59 232.955 233.22 25.0 233.3 25.0 19288.0 6014.0 13274.0 0.0 233.1599
11:40:00 954.0 35821.0 231.31 233.39 233.52 232.85 233.36 318.0 233.44 25.0 35821.0 15654.0 20167.0 0.0 233.139
11:41:00 688.0 23950.0 231.31 233.34 233.74 233.18 233.35 2.0 233.42 50.0 23950.0 9715.0 14235.0 0.0 233.407
11:42:00 887.0 30207.0 231.31 233.43 233.77 233.26 233.42 25.0 233.49 100.0 30207.0 21895.0 8312.0 0.0 233.5738
11:43:00 496.0 13019.0 231.31 233.67 233.83 233.35 233.62 25.0 233.69 25.0 13019.0 6749.0 6270.0 0.0 233.542
11:44:00 578.0 14323.0 231.31 233.77 233.81 233.3 233.74 6.0 233.79 25.0 14323.0 5085.0 9238.0 0.0 233.4976
11:45:00 613.0 13406.0 231.31 233.34 233.85 233.3 233.32 22.0 233.37 10.0 13406.0 4535.0 8871.0 0.0 233.6467
11:46:00 691.0 25109.0 231.31 233.24 233.55 233.15 233.24 2.0 233.31 125.0 25109.0 6232.0 18877.0 0.0 233.3202
11:47:00 752.0 24722.0 231.31 233.64 233.75 233.14 233.6 2.0 233.63 100.0 24722.0 18196.0 6526.0 0.0 233.4843
11:48:00 448.0 14162.0 231.31 233.76 233.8 233.39 233.71 172.0 233.78 200.0 14162.0 5168.0 8994.0 0.0 233.5296
11:49:00 797.0 29013.0 231.31 234.05 234.22 233.64 234.04 150.0 234.1 50.0 29013.0 20575.0 8438.0 0.0 233.9904
11:50:00 490.0 14462.0 231.31 233.82 234.14 233.76 233.8 251.0 233.87 100.0 14462.0 4672.0 9790.0 0.0 233.9753
11:51:00 1079.0 41821.0 231.31 234.1 234.57 233.63 234.05 342.0 234.11 200.0 41821.0 24841.0 16980.0 0.0 234.1436
11:52:00 810.0 26033.0 231.31 233.47 234.16 233.4 233.43 250.0 233.49 275.0 26033.0 8290.0 17743.0 0.0 233.735
11:53:00 957.0 30456.0 231.31 233.04 233.52 232.86 232.99 300.0 233.05 300.0 30456.0 8723.0 21733.0 0.0 233.1863
11:54:00 1786.0 46036.0 231.31 231.96 233.03 231.94 231.96 22.0 231.99 39.0 46036.0 9183.0 36853.0 0.0 232.3253
11:55:00 1211.0 31093.0 231.31 231.53 232.13 231.44 231.51 50.0 231.56 1.0 31093.0 11970.0 19123.0 0.0 231.7632
11:56:00 2058.0 67587.0 231.31 231.34 231.65 230.86 231.32 24.0 231.37 150.0 67587.0 30380.0 37207.0 0.0 231.247
11:57:00 895.0 35691.0 231.31 231.21 231.35 231.09 231.17 504.0 231.21 457.0 35691.0 15045.0 20646.0 0.0 231.2131
11:58:00 1386.0 36090.0 231.31 231.38 231.47 231.05 231.36 200.0 231.41 50.0 36090.0 22368.0 13722.0 0.0 231.2315
11:59:00 890.0 32422.0 231.31 231.53 231.65 231.12 231.49 21.0 231.57 223.0 32422.0 24971.0 7451.0 0.0 231.3942
12:00:00 736.0 21799.0 231.31 231.68 231.9 231.49 231.69 4.0 231.73 50.0 21799.0 13110.0 8689.0 0.0 231.7087
12:01:00 994.0 35337.0 231.31 231.67 231.99 231.6 231.66 360.0 231.71 272.0 35337.0 22118.0 13219.0 0.0 231.7949
12:02:00 740.0 30676.0 231.31 231.86 231.93 231.6 231.85 55.0 231.9 150.0 30676.0 19914.0 10762.0 0.0 231.7823
12:03:00 1229.0 46355.0 231.31 232.51 232.78 231.87 232.51 221.0 232.56 104.0 46355.0 35751.0 10604.0 0.0 232.2539
12:04:00 790.0 20477.0 231.31 232.66 232.7 232.41 232.63 22.0 232.66 22.0 20477.0 11807.0 8670.0 0.0 232.5662
12:05:00 925.0 26550.0 231.31 232.29 232.7 232.06 232.25 16.0 232.3 400.0 26550.0 10912.0 15638.0 0.0 232.3279
12:06:00 1197.0 31855.0 231.31 232.55 232.949 232.23 232.52 200.0 232.56 303.0 31855.0 20138.0 11717.0 0.0 232.6442
12:07:00 727.0 20970.0 231.31 232.33 232.6 232.28 232.33 95.0 232.36 250.0 20970.0 12289.0 8681.0 0.0 232.4372
12:08:00 945.0 33225.0 231.31 232.16 232.56 232.07 232.14 221.0 232.17 100.0 33225.0 16762.0 16463.0 0.0 232.2761
12:09:00 948.0 29259.0 231.31 232.39 232.54 231.95 232.4 50.0 232.44 299.0 29259.0 16057.0 13202.0 0.0 232.2995
12:10:00 751.0 26648.0 231.31 232.28 232.6 231.96 232.27 58.0 232.32 272.0 26648.0 14148.0 12500.0 0.0 232.1812
12:11:00 1009.0 26991.0 231.31 231.79 232.36 231.7 231.76 50.0 231.8 3.0 26991.0 11845.0 15146.0 0.0 231.9788
12:12:00 1043.0 22910.0 231.31 231.6 231.92 231.5 231.56 200.0 231.61 72.0 22910.0 10731.0 12179.0 0.0 231.6909
12:13:00 1060.0 27901.0 231.31 231.61 231.72 231.37 231.58 150.0 231.62 256.0 27901.0 11571.0 16330.0 0.0 231.5715
12:14:00 810.0 19519.0 231.31 231.55 231.62 231.34 231.52 250.0 231.55 11.0 19519.0 12352.0 7167.0 0.0 231.4555
12:15:00 1132.0 29573.0 231.31 231.33 231.58 231.11 231.32 167.0 231.37 252.0 29573.0 13571.0 16002.0 0.0 231.2419
12:16:00 1851.0 53728.0 231.31 230.8 231.31 230.66 230.81 50.0 230.82 10.0 53728.0 17725.0 36003.0 0.0 230.9816
12:17:00 1088.0 48468.0 231.31 230.97 231.15 230.74 230.94 340.0 230.97 150.0 48468.0 28665.0 19803.0 0.0 230.9677
12:18:00 1085.0 35114.0 231.31 231.34 231.57 230.86 231.32 100.0 231.35 400.0 35114.0 22730.0 12384.0 0.0 231.2684
12:19:00 966.0 29393.0 231.31 230.96 231.32 230.92 230.94 100.0 230.96 99.0 29393.0 10982.0 18411.0 0.0 231.1484
12:20:00 764.0 22793.0 231.31 230.89 231.24 230.771 230.9 50.0 230.93 10.0 22793.0 10124.0 12669.0 0.0 230.9551
12:21:00 740.0 23907.0 231.31 231.0 231.23 230.71 230.97 187.0 231.01 100.0 23907.0 12941.0 10966.0 0.0 230.9704
12:22:00 803.0 27794.0 231.31 231.28 231.38 230.9 231.27 50.0 231.3 152.0 27794.0 18475.0 9319.0 0.0 231.1988
12:23:00 1067.0 32635.0 231.31 231.17 231.79 231.1 231.16 254.0 231.2 22.0 32635.0 18507.0 14128.0 0.0 231.4786
12:24:00 682.0 26533.0 231.31 231.48 231.78 231.05 231.46 40.0 231.5 70.0 26533.0 15032.0 11501.0 0.0 231.3841
12:25:00 444.0 17445.0 231.31 231.21 231.47 231.13 231.16 165.0 231.21 173.0 17445.0 7052.0 10393.0 0.0 231.3133
12:26:00 943.0 41367.0 231.31 231.6 231.87 230.99 231.58 150.0 231.62 200.0 41367.0 27414.0 13953.0 0.0 231.464
12:27:00 962.0 28918.0 231.31 231.96 232.15 231.43 231.95 5.0 231.97 50.0 28918.0 18560.0 10358.0 0.0 231.8822
12:28:00 667.0 21611.0 231.31 232.35 232.63 231.82 232.33 200.0 232.37 150.0 21611.0 13831.0 7780.0 0.0 232.2753
12:29:00 724.0 16606.0 231.31 232.25 232.45 232.16 232.24 50.0 232.28 180.0 16606.0 9778.0 6828.0 0.0 232.2949
12:30:00 373.0 9629.0 231.31 232.15 232.31 232.09 232.14 1.0 232.18 60.0 9629.0 5447.0 4182.0 0.0 232.1921
12:31:00 811.0 35153.0 231.31 232.6 232.68 231.83 232.59 208.0 232.63 12.0 35153.0 26052.0 9101.0 0.0 232.1267
12:32:00 876.0 22022.0 231.31 232.39 232.95 232.35 232.36 30.0 232.41 100.0 22022.0 12723.0 9299.0 0.0 232.7243
12:33:00 784.0 23735.0 231.31 232.35 232.53 231.95 232.33 431.0 232.36 200.0 23735.0 7008.0 16727.0 0.0 232.1691
12:34:00 1198.0 31108.0 231.31 231.84 232.33 231.58 231.83 10.0 231.86 50.0 31108.0 11068.0 20040.0 0.0 231.9243
12:35:00 707.0 16278.0 231.31 231.67 231.95 231.6 231.64 239.0 231.7 54.0 16278.0 7428.0 8850.0 0.0 231.722
12:36:00 1280.0 39495.0 231.31 232.18 232.77 231.71 232.21 22.0 232.25 143.0 39495.0 27847.0 11648.0 0.0 232.2705
12:37:00 650.0 20949.0 231.31 232.73 232.77 232.21 232.71 100.0 232.75 54.0 20949.0 15482.0 5467.0 0.0 232.6125
12:38:00 1052.0 22577.0 231.31 232.99 233.3 232.66 232.93 344.0 232.99 150.0 22577.0 15151.0 7426.0 0.0 233.0034
12:39:00 1039.0 21663.0 231.31 232.67 232.96 232.56 232.66 86.0 232.69 22.0 21663.0 8770.0 12893.0 0.0 232.7609
12:40:00 531.0 13582.0 231.31 232.88 233.08 232.63 232.86 150.0 232.91 100.0 13582.0 8401.0 5181.0 0.0 232.8954
12:41:00 867.0 22352.0 231.31 232.72 232.93 232.32 232.68 251.0 232.74 150.0 22352.0 12127.0 10225.0 0.0 232.6429
12:42:00 487.0 14385.0 231.31 232.93 232.96 232.61 232.9 150.0 232.96 172.0 14385.0 9758.0 4627.0 0.0 232.7721
12:43:00 791.0 20105.0 231.31 232.63 233.4 232.53 232.62 100.0 232.66 50.0 20105.0 10984.0 9121.0 0.0 233.0138
12:44:00 486.0 11569.0 231.31 232.9 232.94 232.5 232.84 50.0 232.9 50.0 11569.0 5699.0 5870.0 0.0 232.6323
12:45:00 409.0 6479.0 231.31 232.7 233.06 232.66 232.69 3.0 232.74 265.0 6479.0 3928.0 2551.0 0.0 232.8491
12:46:00 594.0 25182.0 231.31 232.57 232.96 232.45 232.56 150.0 232.61 76.0 25182.0 14215.0 10967.0 0.0 232.671
12:47:00 649.0 24783.0 231.31 231.84 232.57 231.84 231.82 200.0 231.85 50.0 24783.0 6174.0 18609.0 0.0 232.1352
12:48:00 894.0 32031.0 231.31 231.8 232.17 231.63 231.78 150.0 231.84 150.0 32031.0 12787.0 19244.0 0.0 231.9135
12:49:00 737.0 32068.0 231.31 231.3 231.79 231.25 231.28 22.0 231.32 69.0 32068.0 10576.0 21492.0 0.0 231.4924
12:50:00 440.0 9133.0 231.31 231.4 231.63 231.25 231.43 184.0 231.49 158.0 9133.0 5828.0 3305.0 0.0 231.4423
12:51:00 1012.0 19558.0 231.31 231.79 231.96 231.44 231.78 160.0 231.84 172.0 19558.0 13127.0 6431.0 0.0 231.6758
12:52:00 295.0 6610.0 231.31 231.95 231.97 231.73 231.93 172.0 231.98 50.0 6610.0 3957.0 2653.0 0.0 231.8953
12:53:00 547.0 14921.0 231.31 231.74 231.99 231.55 231.73 100.0 231.78 100.0 14921.0 6399.0 8522.0 0.0 231.7576
12:54:00 399.0 7591.0 231.31 231.7 231.89 231.57 231.67 22.0 231.72 100.0 7591.0 3747.0 3844.0 0.0 231.7143
12:55:00 649.0 20401.0 231.31 231.9 232.27 231.68 231.84 251.0 231.9 50.0 20401.0 11016.0 9385.0 0.0 232.0329
12:56:00 580.0 21630.0 231.31 232.58 232.74 231.885 232.59 5.0 232.62 100.0 21630.0 15989.0 5641.0 0.0 232.4792
12:57:00 380.0 14733.0 231.31 232.33 232.68 232.21 232.29 250.0 232.35 62.0 14733.0 3652.0 11081.0 0.0 232.4759
12:58:00 584.0 18561.0 231.31 232.41 232.46 232.15 232.39 22.0 232.44 40.0 18561.0 12892.0 5669.0 0.0 232.3622
12:59:00 363.0 7622.0 231.31 232.26 232.44 232.14 232.24 1.0 232.27 50.0 7622.0 3366.0 4256.0 0.0 232.2941
13:00:00 762.0 38334.0 231.31 232.3 232.65 231.99 232.28 50.0 232.33 34.0 38334.0 9160.0 29174.0 0.0 232.1469
13:01:00 509.0 13458.0 231.31 232.36 232.59 232.21 232.35 200.0 232.41 194.0 13458.0 9575.0 3883.0 0.0 232.4368
13:02:00 793.0 22071.0 231.31 231.86 232.42 231.77 231.87 100.0 231.92 150.0 22071.0 6844.0 15227.0 0.0 232.0069
13:03:00 1367.0 39993.0 231.31 231.62 232.07 231.45 231.56 122.0 231.63 22.0 39993.0 18113.0 21880.0 0.0 231.7229
13:04:00 520.0 34503.0 231.31 231.46 231.91 231.45 231.46 22.0 231.52 342.0 34503.0 5869.0 28634.0 0.0 231.7357
13:05:00 508.0 13768.0 231.31 231.98 232.02 231.49 231.93 50.0 231.99 24.0 13768.0 9626.0 4142.0 0.0 231.7925
13:06:00 529.0 15634.0 231.31 232.17 232.41 231.93 232.17 102.0 232.21 1.0 15634.0 9860.0 5774.0 0.0 232.2285
13:07:00 465.0 17193.0 231.31 232.32 232.5 232.13 232.31 134.0 232.34 116.0 17193.0 12239.0 4954.0 0.0 232.3627
13:08:00 255.0 10086.0 231.31 232.11 232.43 232.11 232.09 98.0 232.14 194.0 10086.0 4592.0 5494.0 0.0 232.2716
13:09:00 569.0 17445.0 231.31 232.85 232.94 232.08 232.8 127.0 232.85 50.0 17445.0 13033.0 4412.0 0.0 232.617
13:10:00 360.0 12191.0 231.31 232.86 232.92 232.54 232.86 217.0 232.91 150.0 12191.0 9003.0 3188.0 0.0 232.72
13:11:00 823.0 29873.0 231.31 233.43 233.66 232.91 233.41 100.0 233.47 44.0 29873.0 21055.0 8818.0 0.0 233.2966
13:12:00 786.0 27532.0 231.31 233.22 233.61 233.15 233.22 16.0 233.26 150.0 27532.0 10809.0 16723.0 0.0 233.4055
13:13:00 497.0 19828.0 231.31 233.89 233.96 233.17 233.89 122.0 233.95 64.0 19828.0 9676.0 10152.0 0.0 233.7353
13:14:00 483.0 16926.0 231.31 233.74 233.92 233.67 233.71 250.0 233.75 200.0 16926.0 5581.0 11345.0 0.0 233.7906
13:15:00 402.0 11606.0 231.31 233.51 233.75 233.42 233.48 1.0 233.52 15.0 11606.0 4781.0 6825.0 0.0 233.5963
13:16:00 969.0 21784.0 231.31 232.84 233.52 232.77 232.83 105.0 232.88 246.0 21784.0 8802.0 12982.0 0.0 233.0482
13:17:00 1148.0 31137.0 231.31 232.03 232.93 231.99 232.01 100.0 232.05 202.0 31137.0 8178.0 22959.0 0.0 232.4067
13:18:00 864.0 21466.0 231.31 232.12 232.35 231.79 232.09 150.0 232.14 150.0 21466.0 12837.0 8629.0 0.0 232.073
13:19:00 481.0 11944.0 231.31 231.98 232.3 231.98 231.97 156.0 232.03 309.0 11944.0 5131.0 6813.0 0.0 232.1197
13:20:00 560.0 30004.0 231.31 231.87 232.28 231.7 231.84 101.0 231.87 64.0 30004.0 14662.0 15342.0 0.0 231.9241
13:21:00 582.0 21094.0 231.31 231.77 232.1 231.71 231.76 150.0 231.8 322.0 21094.0 12536.0 8558.0 0.0 231.8764
13:22:00 754.0 24713.0 231.31 232.01 232.11 231.57 232.0 1000.0 232.04 374.0 24713.0 11316.0 13397.0 0.0 231.8081
13:23:00 451.0 12336.0 231.31 231.84 232.09 231.76 231.81 200.0 231.85 22.0 12336.0 5145.0 7191.0 0.0 231.9201
13:24:00 469.0 25582.0 231.31 231.61 231.92 231.61 231.6 397.0 231.65 70.0 25582.0 9088.0 16494.0 0.0 231.7805
13:25:00 824.0 29299.0 231.31 231.93 232.18 231.61 231.92 158.0 231.96 183.0 29299.0 21439.0 7860.0 0.0 232.0301
13:26:00 567.0 15061.0 231.31 231.8 232.18 231.8 231.8 854.0 231.84 250.0 15061.0 4626.0 10435.0 0.0 231.9922
13:27:00 286.0 12952.0 231.31 231.92 232.07 231.8 231.9 58.0 231.94 220.0 12952.0 7138.0 5814.0 0.0 231.909
13:28:00 453.0 12807.0 231.31 231.8 232.05 231.76 231.77 21.0 231.81 253.0 12807.0 5073.0 7734.0 0.0 231.9025
13:29:00 382.0 8176.0 231.31 231.82 232.09 231.75 231.79 1.0 231.82 178.0 8176.0 4806.0 3370.0 0.0 231.8994
13:30:00 571.0 17711.0 231.31 232.13 232.23 231.82 232.11 200.0 232.15 36.0 17711.0 13661.0 4050.0 0.0 231.9923
13:31:00 844.0 24586.0 231.31 232.29 232.68 231.85 232.28 50.0 232.32 150.0 24586.0 10326.0 14260.0 0.0 232.2857
13:32:00 496.0 14191.0 231.31 232.51 232.6 232.17 232.48 36.0 232.52 172.0 14191.0 6947.0 7244.0 0.0 232.4521
13:33:00 333.0 9248.0 231.31 232.7 232.72 232.44 232.62 200.0 232.67 122.0 9248.0 4914.0 4334.0 0.0 232.5877
13:34:00 435.0 17468.0 231.31 232.87 232.87 232.53 232.85 21.0 232.88 249.0 17468.0 9088.0 8380.0 0.0 232.7408
13:35:00 652.0 30958.0 231.31 233.08 233.42 232.83 233.04 6.0 233.08 124.0 30958.0 17790.0 13168.0 0.0 233.1096
13:36:00 803.0 20762.0 231.31 232.7 233.1 232.47 232.67 100.0 232.73 92.0 20762.0 7079.0 13683.0 0.0 232.6916
13:37:00 643.0 21772.0 231.31 232.56 232.88 232.46 232.52 72.0 232.55 300.0 21772.0 8589.0 13183.0 0.0 232.619
13:38:00 426.0 12300.0 231.31 232.6 232.9 232.35 232.57 76.0 232.63 100.0 12300.0 6689.0 5611.0 0.0 232.6366
13:39:00 300.0 13235.0 231.31 232.6 232.77 232.4 232.58 24.0 232.62 238.0 13235.0 3976.0 9259.0 0.0 232.5309
13:40:00 410.0 12739.0 231.31 232.6 232.63 232.35 232.58 19.0 232.62 22.0 12739.0 6122.0 6617.0 0.0 232.4926
13:41:00 694.0 18645.0 231.31 233.0 233.06 232.58 233.0 174.0 233.06 210.0 18645.0 11370.0 7275.0 0.0 232.8181
13:42:00 986.0 36580.0 231.31 232.27 233.12 232.24 232.25 300.0 232.29 69.0 36580.0 10388.0 26192.0 0.0 232.689
13:43:00 708.0 28779.0 231.31 232.03 232.34 231.91 232.03 50.0 232.09 54.0 28779.0 12179.0 16600.0 0.0 232.0819
13:44:00 575.0 26508.0 231.31 231.85 232.09 231.8 231.82 110.0 231.85 200.0 26508.0 9413.0 17095.0 0.0 231.8873
13:45:00 513.0 17493.0 231.31 232.01 232.06 231.76 231.99 150.0 232.03 50.0 17493.0 10265.0 7228.0 0.0 231.8955
13:46:00 795.0 20535.0 231.31 231.91 232.04 231.8 231.87 368.0 231.92 200.0 20535.0 9602.0 10933.0 0.0 231.9162
13:47:00 620.0 28481.0 231.31 232.01 232.15 231.83 231.98 150.0 232.04 151.0 28481.0 20935.0 7546.0 0.0 231.9967
13:48:00 439.0 21052.0 231.31 231.9 232.23 231.79 231.86 355.0 231.9 94.0 21052.0 9393.0 11659.0 0.0 231.954
13:49:00 630.0 28511.0 231.31 231.61 231.9 231.53 231.6 2.0 231.64 350.0 28511.0 10177.0 18334.0 0.0 231.6571
13:50:00 492.0 16941.0 231.31 231.73 231.88 231.53 231.71 50.0 231.75 50.0 16941.0 7307.0 9634.0 0.0 231.6699
13:51:00 539.0 18714.0 231.31 231.7 231.77 231.54 231.68 257.0 231.72 42.0 18714.0 10214.0 8500.0 0.0 231.637
13:52:00 589.0 18790.0 231.31 231.79 231.92 231.71 231.79 96.0 231.81 106.0 18790.0 10856.0 7934.0 0.0 231.8036
13:53:00 668.0 31845.0 231.31 232.01 232.15 231.74 232.01 50.0 232.02 1.0 31845.0 18967.0 12878.0 0.0 231.9227
13:54:00 1195.0 46846.0 231.31 232.04 232.43 231.98 232.02 100.0 232.06 250.0 46846.0 24725.0 22121.0 0.0 232.2115
13:55:00 839.0 27629.0 231.31 231.87 232.07 231.83 231.84 492.0 231.88 50.0 27629.0 12614.0 15015.0 0.0 231.9427
13:56:00 1169.0 45973.0 231.31 232.46 232.6 231.87 232.45 263.0 232.49 17.0 45973.0 31642.0 14331.0 0.0 232.351
13:57:00 673.0 35531.0 231.31 232.53 232.68 232.32 232.52 5.0 232.54 160.0 35531.0 24286.0 11245.0 0.0 232.4928
13:58:00 666.0 27841.0 231.31 232.22 232.61 232.18 232.21 699.0 232.24 50.0 27841.0 11963.0 15878.0 0.0 232.3274
13:59:00 623.0 34830.0 231.31 232.1 232.39 231.93 232.1 46.0 232.13 228.0 34830.0 13156.0 21674.0 0.0 232.176
14:00:00 667.0 23345.0 231.31 232.38 232.5 232.03 232.38 200.0 232.41 150.0 23345.0 13225.0 10120.0 0.0 232.3021
14:01:00 1093.0 27526.0 231.31 232.07 232.57 231.86 232.06 50.0 232.09 222.0 27526.0 13267.0 14259.0 0.0 232.1809
14:02:00 655.0 27872.0 231.31 231.89 232.11 231.86 231.87 631.0 231.91 1.0 27872.0 8809.0 19063.0 0.0 231.9592
14:03:00 811.0 41071.0 231.31 231.92 232.06 231.8 231.91 151.0 231.94 50.0 41071.0 14618.0 26453.0 0.0 231.8817
14:04:00 1007.0 38875.0 231.31 231.6 231.92 231.49 231.58 200.0 231.62 174.0 38875.0 9821.0 29054.0 0.0 231.6977
14:05:00 1206.0 37071.0 231.31 231.28 231.82 231.28 231.29 94.0 231.34 150.0 37071.0 12459.0 24612.0 0.0 231.5049
14:06:00 2370.0 70806.0 231.31 230.92 231.42 230.8 230.88 200.0 230.94 100.0 70806.0 26156.0 44650.0 0.0 231.106
14:07:00 1581.0 45249.0 231.31 230.75 230.99 230.56 230.73 50.0 230.76 105.0 45249.0 22633.0 22616.0 0.0 230.7629
14:08:00 1128.0 33874.0 231.31 230.64 230.94 230.5 230.61 433.0 230.64 50.0 33874.0 15074.0 18800.0 0.0 230.7096
14:09:00 1460.0 50607.0 231.31 230.7 230.75 230.33 230.67 100.0 230.7 50.0 50607.0 18402.0 32205.0 0.0 230.5335
14:10:00 872.0 25451.0 231.31 230.53 230.84 230.52 230.52 200.0 230.54 200.0 25451.0 11864.0 13587.0 0.0 230.6772
14:11:00 1089.0 33699.0 231.31 230.34 230.63 230.22 230.33 100.0 230.35 96.0 33699.0 14206.0 19493.0 0.0 230.3972
14:12:00 5413.0 134563.0 231.31 230.44 230.49 230.0 230.43 619.0 230.46 200.0 134563.0 33797.0 100766.0 0.0 230.1238
14:13:00 2170.0 53973.0 231.31 230.78 231.39 230.39 230.77 391.0 230.81 200.0 53973.0 29154.0 24819.0 0.0 230.8558
14:14:00 1311.0 51687.0 231.31 231.16 231.21 230.67 231.15 172.0 231.18 250.0 51687.0 35645.0 16042.0 0.0 231.0074
14:15:00 849.0 29819.0 231.31 231.13 231.44 231.09 231.12 150.0 231.16 50.0 29819.0 15954.0 13865.0 0.0 231.2164
14:16:00 1104.0 31355.0 231.31 231.8 231.8 230.92 231.78 200.0 231.83 446.0 31355.0 21196.0 10159.0 0.0 231.4196
14:17:00 895.0 26202.0 231.31 231.37 231.9 231.24 231.32 50.0 231.35 100.0 26202.0 11373.0 14829.0 0.0 231.5405
14:18:00 909.0 24028.0 231.31 231.39 231.65 231.31 231.39 200.0 231.42 262.0 24028.0 14416.0 9612.0 0.0 231.5077
14:19:00 807.0 24482.0 231.31 231.51 231.69 231.33 231.5 27.0 231.52 50.0 24482.0 12953.0 11529.0 0.0 231.5502
14:20:00 478.0 25320.0 231.31 231.71 231.71 231.43 231.7 60.0 231.72 200.0 25320.0 19315.0 6005.0 0.0 231.5765
14:21:00 918.0 30461.0 231.31 232.24 232.27 231.72 232.21 150.0 232.25 350.0 30461.0 19374.0 11087.0 0.0 232.0337
14:22:00 666.0 22609.0 231.31 232.01 232.31 231.9 232.01 60.0 232.06 204.0 22609.0 15044.0 7565.0 0.0 232.0992
14:23:00 783.0 21367.0 231.31 231.52 232.03 231.4 231.51 85.0 231.55 30.0 21367.0 8114.0 13253.0 0.0 231.7346
14:24:00 1672.0 49996.0 231.31 230.76 231.5 230.73 230.79 6.0 230.83 348.0 49996.0 18192.0 31804.0 0.0 231.0543
14:25:00 1769.0 56582.0 231.31 231.14 231.46 230.44 231.12 74.0 231.16 100.0 56582.0 34276.0 22306.0 0.0 230.9295
14:26:00 4083.0 98564.0 231.31 232.19 233.47 231.12 232.12 50.0 232.21 1.0 98564.0 62472.0 36092.0 0.0 232.7446
14:27:00 2266.0 43265.0 231.31 232.37 232.55 231.68 232.35 100.0 232.43 47.0 43265.0 22730.0 20535.0 0.0 232.0907
14:28:00 1836.0 41479.0 231.31 232.88 233.2 232.0 232.82 25.0 232.89 309.0 41479.0 25671.0 15808.0 0.0 232.5403
14:29:00 1339.0 32607.0 231.31 232.63 232.94 232.23 232.63 100.0 232.72 125.0 32607.0 20011.0 12596.0 0.0 232.6152
14:30:00 1065.0 43494.0 231.31 233.13 233.21 232.34 233.13 50.0 233.18 25.0 43494.0 31158.0 12336.0 0.0 232.7352
14:31:00 2105.0 53081.0 231.31 233.25 233.48 232.33 233.24 850.0 233.28 100.0 53081.0 25016.0 28065.0 0.0 232.8694
14:32:00 2342.0 87173.0 231.31 234.23 234.46 232.8 234.21 204.0 234.3 133.0 87173.0 59398.0 27775.0 0.0 233.7332
14:33:00 2482.0 109228.0 231.31 234.33 235.17 234.18 234.31 4.0 234.39 100.0 109228.0 73434.0 35794.0 0.0 234.7741
14:34:00 1796.0 50157.0 231.31 233.44 234.57 233.39 233.41 250.0 233.47 100.0 50157.0 14834.0 35323.0 0.0 233.7541
14:35:00 1044.0 24853.0 231.31 233.81 234.08 233.4 233.78 175.0 233.87 190.0 24853.0 10038.0 14815.0 0.0 233.7887
14:36:00 1671.0 40046.0 231.31 234.19 234.61 233.5 234.16 47.0 234.23 100.0 40046.0 22793.0 17253.0 0.0 234.0966
14:37:00 1163.0 34356.0 231.31 234.47 234.585 233.82 234.45 73.0 234.49 106.0 34356.0 16276.0 18080.0 0.0 234.2268
14:38:00 906.0 35538.0 231.31 234.73 234.81 234.23 234.74 200.0 234.8 153.0 35538.0 18184.0 17354.0 0.0 234.5855
14:39:00 1337.0 46223.0 231.31 234.27 235.08 234.27 234.27 200.0 234.34 11.0 46223.0 18259.0 27964.0 0.0 234.7168
14:40:00 1270.0 36180.0 231.31 233.86 234.46 233.7 233.82 100.0 233.88 100.0 36180.0 15446.0 20734.0 0.0 234.0488
14:41:00 1072.0 42129.0 231.31 234.17 234.32 233.77 234.11 150.0 234.18 350.0 42129.0 23566.0 18563.0 0.0 234.0551
14:42:00 1645.0 45970.0 231.31 233.49 234.33 233.37 233.45 50.0 233.52 100.0 45970.0 21076.0 24894.0 0.0 233.7298
14:43:00 1132.0 35196.0 231.31 232.81 233.7 232.81 232.8 461.0 232.85 22.0 35196.0 15382.0 19814.0 0.0 233.2613
14:44:00 1326.0 46044.0 231.31 232.53 232.91 232.32 232.51 5000.0 232.55 346.0 46044.0 22520.0 23524.0 0.0 232.5852
14:45:00 1469.0 52624.0 231.31 232.36 232.71 232.07 232.33 1.0 232.39 300.0 52624.0 29226.0 23398.0 0.0 232.4571
14:46:00 1240.0 53980.0 231.31 232.06 232.34 231.75 232.03 300.0 232.08 182.0 53980.0 31003.0 22977.0 0.0 231.9987
14:47:00 1146.0 47351.0 231.31 231.55 232.24 231.43 231.52 297.0 231.59 188.0 47351.0 17274.0 30077.0 0.0 231.7497
14:48:00 1148.0 40548.0 231.31 232.17 232.2 231.6 232.14 150.0 232.21 100.0 40548.0 27687.0 12861.0 0.0 231.9085
14:49:00 1917.0 78488.0 231.31 233.49 233.55 232.2 233.49 124.0 233.56 48.0 78488.0 56631.0 21857.0 0.0 232.986
14:50:00 1931.0 67304.0 231.31 234.27 234.43 233.56 234.24 202.0 234.3 150.0 67304.0 46359.0 20945.0 0.0 234.0792
14:51:00 2891.0 70543.0 231.31 234.67 235.49 234.29 234.61 70.0 234.68 24.0 70543.0 37566.0 32977.0 0.0 234.8823
14:52:00 1141.0 34976.0 231.31 234.94 235.13 234.29 234.88 160.0 234.95 50.0 34976.0 20929.0 14047.0 0.0 234.7221
14:53:00 1375.0 59516.0 231.31 235.7 235.9 234.85 235.68 405.0 235.75 50.0 59516.0 46384.0 13132.0 0.0 235.3376
14:54:00 2667.0 117061.0 231.31 236.93 237.17 235.63 236.9 428.0 236.94 100.0 117061.0 68832.0 48229.0 0.0 236.4494
14:55:00 1464.0 49402.0 231.31 236.35 237.13 236.22 236.27 50.0 236.35 100.0 49402.0 22318.0 27084.0 0.0 236.692
14:56:00 1366.0 49819.0 231.31 237.11 237.35 236.27 237.08 50.0 237.14 36.0 49819.0 29329.0 20490.0 0.0 236.9963
14:57:00 1250.0 59817.0 231.31 237.15 237.55 237.0 237.15 123.0 237.21 50.0 59817.0 33027.0 26790.0 0.0 237.2823
14:58:00 1451.0 44016.0 231.31 236.8 237.49 236.68 236.79 92.0 236.84 100.0 44016.0 21161.0 22855.0 0.0 237.1083
14:59:00 1119.0 35692.0 231.31 236.42 236.88 236.25 236.36 126.0 236.42 205.0 35692.0 15812.0 19880.0 0.0 236.5449
15:00:00 1187.0 64394.0 231.31 236.19 236.6 236.09 236.19 8.0 236.24 123.0 64394.0 44924.0 19470.0 0.0 236.3997
15:01:00 1311.0 32884.0 231.31 236.66 236.79 236.21 236.6 20.0 236.67 100.0 32884.0 18279.0 14605.0 0.0 236.4912
15:02:00 1344.0 41986.0 231.31 237.55 237.57 236.66 237.53 892.0 237.55 10.0 41986.0 25888.0 16098.0 0.0 237.1794
15:03:00 2717.0 91576.0 231.31 238.34 238.71 237.45 238.32 350.0 238.38 186.0 91576.0 51045.0 40531.0 0.0 238.1233
15:04:00 1053.0 31034.0 231.31 238.66 238.69 238.13 238.64 150.0 238.7 5.0 31034.0 16120.0 14914.0 0.0 238.3457
15:05:00 1038.0 35761.0 231.31 238.68 238.72 237.95 238.63 12.0 238.68 100.0 35761.0 15820.0 19941.0 0.0 238.4128
15:06:00 1710.0 50649.0 231.31 238.06 238.68 237.62 238.06 57.0 238.1 445.0 50649.0 17734.0 32915.0 0.0 238.154
15:07:00 1541.0 66872.0 231.31 237.77 238.7 237.74 237.74 314.0 237.78 50.0 66872.0 36885.0 29987.0 0.0 238.1538
15:08:00 1091.0 29308.0 231.31 237.56 237.93 237.33 237.51 150.0 237.58 1.0 29308.0 12806.0 16502.0 0.0 237.6796
15:09:00 1267.0 50638.0 231.31 238.0 238.18 237.55 237.96 200.0 238.02 150.0 50638.0 12543.0 38095.0 0.0 237.9505
15:10:00 1255.0 38769.0 231.31 237.26 238.28 237.18 237.24 100.0 237.27 50.0 38769.0 18660.0 20109.0 0.0 237.6671
15:11:00 1873.0 67544.0 231.31 237.95 238.12 237.24 237.92 85.0 237.99 10.0 67544.0 27541.0 40003.0 0.0 237.6937
15:12:00 1368.0 43141.0 231.31 238.29 238.625 237.89 238.26 50.0 238.32 200.0 43141.0 30866.0 12275.0 0.0 238.3138
15:13:00 1163.0 40327.0 231.31 237.88 238.31 237.69 237.8 51.0 237.85 50.0 40327.0 13931.0 26396.0 0.0 237.9205
15:14:00 1245.0 69184.0 231.31 238.05 238.85 237.57 238.01 1078.0 238.13 100.0 69184.0 30765.0 38419.0 0.0 238.3163
15:15:00 773.0 22939.0 231.31 237.56 238.04 237.38 237.55 253.0 237.62 150.0 22939.0 8716.0 14223.0 0.0 237.6628
15:16:00 1054.0 29237.0 231.31 238.18 238.66 237.63 238.16 40.0 238.22 3.0 29237.0 18079.0 11158.0 0.0 238.3304
15:17:00 1151.0 36225.0 231.31 238.09 238.36 237.561 238.06 197.0 238.14 59.0 36225.0 17881.0 18344.0 0.0 237.9799
15:18:00 1117.0 54543.0 231.31 237.87 238.79 237.72 237.82 50.0 237.88 100.0 54543.0 28690.0 25853.0 0.0 238.3359
15:19:00 1305.0 36066.0 231.31 237.52 238.09 237.03 237.48 10.0 237.53 1.0 36066.0 9991.0 26075.0 0.0 237.3855
15:20:00 1669.0 49487.0 231.31 237.28 237.72 236.81 237.22 200.0 237.29 138.0 49487.0 21355.0 28132.0 0.0 237.3371
15:21:00 933.0 27533.0 231.31 237.31 237.38 236.78 237.27 25.0 237.34 25.0 27533.0 19592.0 7941.0 0.0 237.1013
15:22:00 1472.0 40353.0 231.31 237.0 237.83 236.89 236.96 75.0 237.02 8.0 40353.0 22872.0 17481.0 0.0 237.4398
15:23:00 700.0 17058.0 231.31 236.97 237.27 236.88 236.96 25.0 237.02 225.0 17058.0 7291.0 9767.0 0.0 237.0672
15:24:00 1544.0 42575.0 231.31 236.24 237.0 236.08 236.24 1.0 236.27 100.0 42575.0 14569.0 28006.0 0.0 236.4867
15:25:00 1092.0 44772.0 231.31 236.47 236.63 236.06 236.47 265.0 236.54 300.0 44772.0 35426.0 9346.0 0.0 236.3306
15:26:00 833.0 20070.0 231.31 236.72 236.84 236.3 236.72 100.0 236.77 100.0 20070.0 10626.0 9444.0 0.0 236.5474
15:27:00 1018.0 28177.0 231.31 236.75 237.08 236.54 236.68 48.0 236.75 104.0 28177.0 17278.0 10899.0 0.0 236.7853
15:28:00 810.0 19367.0 231.31 236.98 237.07 236.47 236.92 100.0 236.97 111.0 19367.0 10153.0 9214.0 0.0 236.7377
15:29:00 1550.0 63318.0 231.31 237.16 237.78 236.97 237.15 150.0 237.22 163.0 63318.0 48311.0 15007.0 0.0 237.3972
15:30:00 814.0 29288.0 231.31 236.89 237.32 236.83 236.82 150.0 236.91 600.0 29288.0 10771.0 18517.0 0.0 237.0945
15:31:00 1633.0 50944.0 231.31 235.67 236.88 235.42 235.64 200.0 235.68 22.0 50944.0 16578.0 34366.0 0.0 236.0981
15:32:00 1262.0 46625.0 231.31 235.87 236.19 235.59 235.83 150.0 235.89 204.0 46625.0 16901.0 29724.0 0.0 235.8642
15:33:00 1029.0 28522.0 231.31 236.25 236.25 235.63 236.23 100.0 236.26 50.0 28522.0 18630.0 9892.0 0.0 235.9453
15:34:00 955.0 19805.0 231.31 235.84 236.42 235.6 235.77 100.0 235.83 91.0 19805.0 8605.0 11200.0 0.0 236.0431
15:35:00 698.0 18927.0 231.31 236.26 236.42 235.81 236.22 250.0 236.28 200.0 18927.0 11467.0 7460.0 0.0 236.1787
15:36:00 897.0 20702.0 231.31 236.44 236.66 236.1 236.42 2.0 236.47 100.0 20702.0 12302.0 8400.0 0.0 236.4469
15:37:00 1265.0 42768.0 231.31 236.11 236.7 235.58 236.09 150.0 236.15 113.0 42768.0 21390.0 21378.0 0.0 236.0431
15:38:00 732.0 28921.0 231.31 236.27 236.47 235.96 236.26 100.0 236.33 900.0 28921.0 21968.0 6953.0 0.0 236.2709
15:39:00 981.0 37893.0 231.31 235.97 236.35 235.81 235.96 500.0 236.02 150.0 37893.0 9573.0 28320.0 0.0 235.9986
15:40:00 1813.0 62513.0 231.31 236.0 236.51 235.79 236.04 76.0 236.09 100.0 62513.0 24447.0 38066.0 0.0 236.1378
15:41:00 1319.0 64800.0 231.31 235.87 236.37 235.86 235.86 150.0 235.92 50.0 64800.0 46323.0 18477.0 0.0 236.0663
15:42:00 1782.0 79152.0 231.31 236.13 236.61 235.85 236.11 300.0 236.16 210.0 79152.0 42005.0 37147.0 0.0 236.1963
15:43:00 2053.0 92868.0 231.31 235.11 236.11 234.93 235.07 150.0 235.13 150.0 92868.0 34079.0 58789.0 0.0 235.2585
15:44:00 1428.0 53574.0 231.31 235.05 235.35 234.65 235.04 150.0 235.11 100.0 53574.0 30406.0 23168.0 0.0 235.0072
15:45:00 659.0 20025.0 231.31 235.35 235.43 234.76 235.27 100.0 235.33 174.0 20025.0 11547.0 8478.0 0.0 235.1631
15:46:00 1309.0 77616.0 231.31 235.16 235.27 234.78 235.15 250.0 235.21 150.0 77616.0 40335.0 37281.0 0.0 235.0026
15:47:00 1206.0 29062.0 231.31 234.53 235.18 234.41 234.51 91.0 234.56 174.0 29062.0 11823.0 17239.0 0.0 234.7518
15:48:00 1600.0 45934.0 231.31 234.92 235.1 234.44 234.88 100.0 234.94 110.0 45934.0 21966.0 23968.0 0.0 234.7565
15:49:00 1069.0 24363.0 231.31 234.76 235.13 234.36 234.74 100.0 234.79 22.0 24363.0 10608.0 13755.0 0.0 234.6494
15:50:00 1295.0 30467.0 231.31 234.4 234.99 234.38 234.38 50.0 234.44 50.0 30467.0 9939.0 20528.0 0.0 234.6106
15:51:00 3290.0 90523.0 231.31 233.95 234.38 233.26 233.89 24.0 233.96 3.0 90523.0 38309.0 52214.0 0.0 233.7168
15:52:00 1460.0 35178.0 231.31 233.65 233.95 233.44 233.64 194.0 233.68 57.0 35178.0 13975.0 21203.0 0.0 233.6276
15:53:00 1852.0 56632.0 231.31 233.0 233.64 232.87 232.99 415.0 233.05 50.0 56632.0 22315.0 34317.0 0.0 233.0842
15:54:00 1617.0 41436.0 231.31 232.74 233.06 232.38 232.71 237.0 232.77 15.0 41436.0 15480.0 25956.0 0.0 232.6641
15:55:00 2076.0 54490.0 231.31 233.08 233.21 232.36 233.08 1.0 233.14 150.0 54490.0 27782.0 26708.0 0.0 232.8523
15:56:00 3450.0 107124.0 231.31 233.86 234.13 232.92 233.86 1.0 233.91 224.0 107124.0 57414.0 49710.0 0.0 233.4899
15:57:00 1873.0 62507.0 231.31 233.68 233.88 233.31 233.66 100.0 233.7 110.0 62507.0 22682.0 39825.0 0.0 233.6244
15:58:00 2284.0 82227.0 231.31 233.85 233.91 233.32 233.84 114.0 233.89 200.0 82227.0 41111.0 41116.0 0.0 233.6509
15:59:00 2866.0 118331.0 231.31 233.81 233.92 233.46 233.77 204.0 233.82 1600.0 118331.0 63475.0 54856.0 0.0 233.6897
16:00:00 4530.0 197795.0 231.31 234.05 234.25 233.57 234.09 220.0 234.13 35296.0 197795.0 123522.0 74273.0 0.0 233.864
16:01:00 105.0 5718.0 231.31 234.4 234.4 233.9 234.17 500.0 234.23 14.0 5718.0 3752.0 1966.0 0.0 234.2651
16:02:00 218.0 4808.0 231.31 235.2 235.2 234.3 235.0 33.0 234.23 14.0 4808.0 3097.0 1711.0 0.0 234.902
16:03:00 126.0 3618.0 231.31 234.98 235.3 234.82 234.88 108.0 234.23 14.0 3618.0 3293.0 325.0 0.0 235.0742
16:04:00 134.0 5452.0 231.31 235.0 235.1 234.79 234.99 2.0 234.23 14.0 5452.0 3379.0 2073.0 0.0 234.9846
16:05:00 75.0 7083.0 231.31 235.09 235.2 234.78 234.95 147.0 234.23 14.0 7083.0 6955.0 128.0 0.0 235.0966
16:06:00 83.0 1270.0 231.31 234.87 235.12 234.76 234.85 143.0 234.23 14.0 1270.0 807.0 463.0 0.0 234.9309
16:07:00 79.0 481.0 231.31 234.91 234.94 234.71 234.71 154.0 234.23 14.0 481.0 165.0 316.0 0.0 234.8408
16:08:00 43.0 401.0 231.31 234.96 234.96 234.74 234.85 1.0 234.23 14.0 401.0 400.0 1.0 0.0 234.8981
16:09:00 53.0 498.0 231.31 235.09 235.17 234.81 235.0 25.0 234.23 14.0 498.0 497.0 1.0 0.0 234.9731
16:10:00 120.0 1614.0 231.31 235.23 235.28 234.83 235.1 85.0 234.23 14.0 1614.0 1534.0 80.0 0.0 235.2206
16:11:00 88.0 743.0 231.31 234.97 235.25 234.71 234.8 1.0 234.23 14.0 743.0 4.0 739.0 0.0 234.9914
16:12:00 16.0 50.0 231.31 234.93 235.0 234.81 234.8 1.0 234.23 14.0 50.0 50.0 0.0 0.0 234.936
16:13:00 85.0 2398.0 231.31 235.1 235.28 234.65 234.74 300.0 234.23 14.0 2398.0 458.0 1940.0 0.0 234.7525
16:14:00 20.0 145.0 231.31 234.94 235.28 234.94 234.86 17.0 234.23 14.0 145.0 45.0 100.0 0.0 235.0845
16:15:00 22.0 58.0 231.31 235.05 235.1 234.9 234.9 103.0 234.23 14.0 58.0 58.0 0.0 0.0 235.0802
16:16:00 51.0 1466.0 231.31 235.24 235.39 235.0 235.12 47.0 234.23 14.0 1466.0 1293.0 173.0 0.0 235.1762
16:17:00 114.0 7628.0 231.31 235.51 235.79 235.24 235.3 95.0 234.23 14.0 7628.0 7207.0 421.0 0.0 235.4719
16:18:00 35.0 372.0 231.31 235.51 235.51 235.31 235.4 10.0 234.23 14.0 372.0 371.0 1.0 0.0 235.5003
16:19:00 48.0 806.0 231.31 235.31 235.48 235.31 235.31 31.0 234.23 14.0 806.0 540.0 266.0 0.0 235.3761
16:20:00 39.0 363.0 231.31 235.4 235.57 235.3 235.39 50.0 234.23 14.0 363.0 93.0 270.0 0.0 235.3667
16:21:00 16.0 54.0 231.31 235.59 235.66 235.4 235.47 10.0 234.23 14.0 54.0 22.0 32.0 0.0 235.5563
16:22:00 38.0 1537.0 231.31 235.52 235.74 235.49 235.5 100.0 234.23 14.0 1537.0 37.0 1500.0 0.0 235.5715
16:23:00 32.0 256.0 231.31 235.35 235.53 235.28 235.26 200.0 234.23 14.0 256.0 0.0 256.0 0.0 235.3624
16:24:00 20.0 140.0 231.31 235.23 235.38 235.23 235.23 20.0 234.23 14.0 140.0 61.0 79.0 0.0 235.2664
16:25:00 40.0 320.0 231.31 235.03 235.31 235.0 235.06 4.0 234.23 14.0 320.0 14.0 306.0 0.0 235.1138
16:26:00 42.0 598.0 231.31 234.95 235.15 234.88 234.9 7.0 234.23 14.0 598.0 0.0 598.0 0.0 234.9913
16:27:00 12.0 173.0 231.31 235.05 235.05 234.91 235.01 1.0 234.23 14.0 173.0 173.0 0.0 0.0 235.043
16:28:00 29.0 134.0 231.31 234.97 235.04 234.81 234.9 23.0 234.23 14.0 134.0 51.0 83.0 0.0 234.8963
16:29:00 16.0 1076.0 231.31 234.99 234.99 234.84 234.9 20.0 234.23 14.0 1076.0 537.0 539.0 0.0 234.9821
16:30:00 11.0 417.0 231.31 235.05 235.05 234.99 235.05 20.0 234.23 14.0 417.0 416.0 1.0 0.0 235.0344
16:31:00 25.0 44.0 231.31 235.16 235.29 235.06 235.15 100.0 234.23 14.0 44.0 44.0 0.0 0.0 235.2325
16:32:00 24.0 133.0 231.31 235.01 235.28 235.01 235.0 300.0 234.23 14.0 133.0 10.0 123.0 0.0 235.1468
16:33:00 10.0 106.0 231.31 235.14 235.14 235.02 235.0 300.0 234.23 14.0 106.0 106.0 0.0 0.0 235.02
16:34:00 13.0 241.0 231.31 235.16 235.16 235.08 235.0 45.0 234.23 14.0 241.0 241.0 0.0 0.0 235.1354
16:35:00 27.0 500.0 231.31 235.15 235.15 235.0 235.08 6.0 234.23 14.0 500.0 103.0 397.0 0.0 235.1249
16:36:00 12.0 1.0 231.31 235.08 235.21 235.02 235.08 1.0 234.23 14.0 1.0 0.0 1.0 0.0 235.08
16:37:00 16.0 47.0 231.31 235.08 235.25 235.08 235.07 3.0 234.23 14.0 47.0 41.0 6.0 0.0 235.2217
16:38:00 19.0 567.0 231.31 235.3 235.3 235.08 235.3 100.0 234.23 14.0 567.0 562.0 5.0 0.0 235.2892
16:39:00 34.0 898.0 231.31 235.28 235.48 235.1 235.1 2.0 234.23 14.0 898.0 3.0 895.0 0.0 235.3418
16:40:00 13.0 6.0 231.31 235.37 235.38 235.18 235.25 500.0 234.23 14.0 6.0 4.0 2.0 0.0 235.3
16:41:00 53.0 2102.0 231.31 235.37 235.49 235.37 235.26 20.0 234.23 14.0 2102.0 2082.0 20.0 0.0 235.4007
16:42:00 16.0 52.0 231.31 235.39 235.39 235.15 235.3 51.0 234.23 14.0 52.0 0.0 52.0 0.0 235.2608
16:43:00 18.0 24.0 231.31 235.44 235.46 235.22 235.08 2.0 234.23 14.0 24.0 20.0 4.0 0.0 235.39
16:44:00 44.0 2438.0 231.31 235.59 235.71 235.45 235.6 3.0 234.23 14.0 2438.0 1654.0 784.0 0.0 235.6154
16:45:00 22.0 305.0 231.31 235.65 235.77 235.62 235.65 33.0 234.23 14.0 305.0 123.0 182.0 0.0 235.6846
16:46:00 14.0 292.0 231.31 235.61 235.69 235.6 235.6 80.0 234.23 14.0 292.0 0.0 292.0 0.0 235.6612
16:47:00 15.0 217.0 231.31 235.69 235.69 235.59 235.6 5.0 234.23 14.0 217.0 122.0 95.0 0.0 235.6407
16:48:00 27.0 352.0 231.31 235.78 235.83 235.61 235.61 15.0 234.23 14.0 352.0 351.0 1.0 0.0 235.7764
16:49:00 3.0 26.0 231.31 235.8 235.82 235.75 235.78 1.0 234.23 14.0 26.0 25.0 1.0 0.0 235.7519
16:50:00 13.0 16.0 231.31 235.81 235.82 235.74 235.74 1.0 234.23 14.0 16.0 0.0 16.0 0.0 235.7644
16:51:00 21.0 221.0 231.31 235.8 235.82 235.75 235.8 68.0 234.23 14.0 221.0 200.0 21.0 0.0 235.8108
16:52:00 103.0 1941.0 231.31 235.5 235.9 235.5 235.5 2.0 234.23 14.0 1941.0 711.0 1230.0 0.0 235.707
16:53:00 88.0 1133.0 231.31 235.84 235.84 235.0 235.14 1.0 234.23 14.0 1133.0 970.0 163.0 0.0 235.3181
16:54:00 15.0 366.0 231.31 235.6 235.68 235.5 235.26 80.0 234.23 14.0 366.0 66.0 300.0 0.0 235.5724
16:55:00 12.0 20.0 231.31 235.51 235.73 235.42 235.5 2.0 234.23 14.0 20.0 20.0 0.0 0.0 235.58
16:56:00 23.0 349.0 231.31 235.36 235.59 235.33 235.3 10.0 234.23 14.0 349.0 112.0 237.0 0.0 235.4052
16:57:00 16.0 145.0 231.31 235.37 235.45 235.2 235.2 30.0 234.23 14.0 145.0 10.0 135.0 0.0 235.3059
16:58:00 25.0 705.0 231.31 235.5 235.5 235.21 235.2 31.0 234.23 14.0 705.0 680.0 25.0 0.0 235.4699
16:59:00 8.0 2.0 231.31 235.3 235.47 235.25 235.2 28.0 234.23 14.0 2.0 0.0 2.0 0.0 235.335
17:00:00 15.0 58.0 231.31 235.35 235.62 235.32 235.3 1.0 234.23 14.0 58.0 58.0 0.0 0.0 235.5086
