time trade_count trade_volume trade_first trade_last trade_high trade_low bid_price bid_size ask_price ask_size hid_vol buy_vol sell_vol unsided_vol vwap
09:00:00 nan 2639.0 290.24 290.47 290.47 290.01 290.1 20.0 290.5 127.0 2639.0 31.0 2608.0 0.0 290.2944
09:01:00 132.0 1881.0 290.24 290.0 290.47 290.0 290.0 250.0 290.2 5.0 1881.0 349.0 1532.0 0.0 290.0775
09:02:00 583.0 7197.0 290.24 289.0 290.39 288.8 289.02 3.0 289.6 34.0 7197.0 25.0 7172.0 0.0 289.276
09:03:00 137.0 43.0 290.24 289.22 289.38 288.9 289.11 3.0 289.2 3.0 43.0 0.0 43.0 0.0 289.2502
09:04:00 72.0 470.0 290.24 289.23 289.28 289.05 289.23 1.0 289.3 20.0 470.0 50.0 420.0 0.0 289.1365
09:05:00 220.0 2605.0 290.24 288.62 289.28 288.61 288.61 1.0 288.99 78.0 2605.0 2.0 2603.0 0.0 288.9143
09:06:00 60.0 198.0 290.24 288.82 288.94 288.51 288.82 3.0 288.98 1.0 198.0 100.0 98.0 0.0 288.7623
09:07:00 29.0 19.0 290.24 288.75 289.0 288.71 288.7 3.0 288.88 5.0 19.0 11.0 8.0 0.0 288.8132
09:08:00 82.0 1213.0 290.24 289.23 289.25 288.75 289.0 522.0 289.23 2.0 1213.0 619.0 594.0 0.0 288.9684
09:09:00 82.0 559.0 290.24 289.06 289.38 289.04 289.1 1.0 289.3 100.0 559.0 101.0 458.0 0.0 289.1426
09:10:00 58.0 216.0 290.24 289.19 289.3 289.0 289.03 3.0 289.38 181.0 216.0 0.0 216.0 0.0 289.1508
09:11:00 45.0 348.0 290.24 289.49 289.5 289.2 289.46 3.0 289.52 300.0 348.0 308.0 40.0 0.0 289.398
09:12:00 37.0 27.0 290.24 289.52 289.58 289.19 289.5 30.0 289.57 27.0 27.0 5.0 22.0 0.0 289.4356
09:13:00 74.0 2063.0 290.24 289.86 289.86 289.45 289.55 32.0 289.89 1.0 2063.0 1955.0 108.0 0.0 289.5673
09:14:00 57.0 702.0 290.24 289.72 290.0 289.62 289.76 4.0 289.99 1.0 702.0 588.0 114.0 0.0 289.9579
09:15:00 60.0 149.0 290.24 289.8 289.95 289.72 289.72 10.0 289.89 7.0 149.0 21.0 128.0 0.0 289.8074
09:16:00 61.0 1265.0 290.24 289.9 289.98 289.73 289.8 1.0 290.0 1435.0 1265.0 415.0 850.0 0.0 289.9032
09:17:00 127.0 2175.0 290.24 289.75 289.99 289.7 289.75 2.0 289.9 39.0 2175.0 743.0 1432.0 0.0 289.7874
09:18:00 65.0 685.0 290.24 289.87 289.9 289.7 289.75 81.0 289.88 1131.0 685.0 487.0 198.0 0.0 289.826
09:19:00 94.0 1511.0 290.24 289.87 289.98 289.75 289.85 4.0 289.86 1.0 1511.0 1232.0 279.0 0.0 289.8724
09:20:00 60.0 909.0 290.24 289.89 289.99 289.85 289.85 5.0 289.9 140.0 909.0 773.0 136.0 0.0 289.9738
09:21:00 47.0 593.0 290.24 289.84 289.96 289.79 289.84 38.0 289.93 300.0 593.0 342.0 251.0 0.0 289.9016
09:22:00 81.0 659.0 290.24 289.85 289.94 289.7 289.8 3.0 289.95 70.0 659.0 298.0 361.0 0.0 289.8538
09:23:00 50.0 445.0 290.24 289.79 289.93 289.7 289.7 673.0 289.85 1.0 445.0 4.0 441.0 0.0 289.79
09:24:00 79.0 810.0 290.24 289.69 289.87 289.55 289.6 10.0 289.7 2.0 810.0 4.0 806.0 0.0 289.6938
09:25:00 59.0 775.0 290.24 289.69 289.79 289.6 289.69 4.0 289.84 3.0 775.0 340.0 435.0 0.0 289.6875
09:26:00 123.0 3266.0 290.24 289.37 289.69 289.25 289.21 1.0 289.4 52.0 3266.0 280.0 2986.0 0.0 289.4855
09:27:00 92.0 1169.0 290.24 289.2 289.45 289.05 289.17 64.0 289.4 4.0 1169.0 140.0 1029.0 0.0 289.1287
09:28:00 191.0 1547.0 290.24 288.75 289.25 288.75 288.8 16.0 289.25 2.0 1547.0 73.0 1474.0 0.0 288.9789
09:29:00 77.0 730.0 290.24 288.89 289.25 288.75 288.8 7.0 288.94 27.0 730.0 284.0 446.0 0.0 288.973
09:30:00 96.0 591.0 290.24 289.03 289.45 288.76 289.0 18.0 289.39 10.0 591.0 477.0 114.0 0.0 288.99
09:31:00 5656.0 133203.0 290.24 287.64 289.49 286.78 287.6 18.0 287.79 65.0 133203.0 28769.0 104434.0 0.0 288.1068
09:32:00 1647.0 43554.0 290.24 288.61 289.47 287.6 288.5 2518.0 288.73 60.0 43554.0 20847.0 22707.0 0.0 288.6426
09:33:00 3377.0 107848.0 290.24 286.1 288.52 285.8 285.89 25.0 286.14 13.0 107848.0 31007.0 76841.0 0.0 287.1309
09:34:00 2237.0 52509.0 290.24 286.65 286.89 285.88 286.58 10.0 286.71 25.0 52509.0 27698.0 24811.0 0.0 286.3942
09:35:00 2086.0 43801.0 290.24 287.26 287.63 285.98 287.23 11.0 287.34 14.0 43801.0 19679.0 24122.0 0.0 286.8461
09:36:00 1745.0 37870.0 290.24 287.63 287.7 286.42 287.58 323.0 287.67 199.0 37870.0 19464.0 18406.0 0.0 287.1483
09:37:00 2296.0 70772.0 290.24 289.2 289.31 287.2 289.23 310.0 289.34 25.0 70772.0 47136.0 23636.0 0.0 288.1159
09:38:00 2774.0 97856.0 290.24 290.16 291.4 289.22 290.13 90.0 290.2 1.0 97856.0 68622.0 29234.0 0.0 290.3902
09:39:00 1636.0 44570.0 290.24 289.93 290.99 289.52 289.82 45.0 289.95 555.0 44570.0 23146.0 21424.0 0.0 290.2672
09:40:00 1605.0 40079.0 290.24 289.28 290.33 289.04 289.18 101.0 289.33 68.0 40079.0 18597.0 21482.0 0.0 289.7385
09:41:00 1616.0 45083.0 290.24 289.19 289.9 288.41 289.07 33.0 289.2 111.0 45083.0 21163.0 23920.0 0.0 289.0934
09:42:00 1222.0 54929.0 290.24 288.99 290.28 288.81 288.9 45.0 289.02 607.0 54929.0 29805.0 25124.0 0.0 289.6237
09:43:00 1294.0 32984.0 290.24 288.14 289.46 287.71 288.05 185.0 288.22 475.0 32984.0 13365.0 19619.0 0.0 288.4972
09:44:00 1037.0 27815.0 290.24 288.68 288.8 287.78 288.58 25.0 288.69 56.0 27815.0 15719.0 12096.0 0.0 288.2794
09:45:00 1278.0 29644.0 290.24 288.48 288.88 287.77 288.31 25.0 288.51 340.0 29644.0 16500.0 13144.0 0.0 288.2779
09:46:00 1494.0 37185.0 290.24 289.37 289.51 287.84 289.29 148.0 289.45 6.0 37185.0 22910.0 14275.0 0.0 288.7682
09:47:00 1965.0 70327.0 290.24 289.3 290.35 289.2 289.24 626.0 289.5 25.0 70327.0 48457.0 21870.0 0.0 289.9891
09:48:00 1318.0 27158.0 290.24 288.39 289.64 288.16 288.28 12.0 288.43 280.0 27158.0 11869.0 15289.0 0.0 288.5539
09:49:00 1737.0 33712.0 290.24 288.58 288.64 287.61 288.5 251.0 288.62 17.0 33712.0 16062.0 17650.0 0.0 288.0159
09:50:00 1250.0 37951.0 290.24 289.53 289.78 288.4 289.54 244.0 289.66 25.0 37951.0 18197.0 19754.0 0.0 289.2562
09:51:00 1772.0 82518.0 290.24 290.07 290.55 289.01 290.0 259.0 290.22 31.0 82518.0 57804.0 24714.0 0.0 289.9103
09:52:00 1638.0 50266.0 290.24 290.83 290.92 289.87 290.73 166.0 290.88 100.0 50266.0 29052.0 21214.0 0.0 290.3026
09:53:00 2806.0 139836.0 290.24 291.9 292.5 290.6 291.84 11.0 291.95 5.0 139836.0 106737.0 33099.0 0.0 291.6537
09:54:00 1158.0 29953.0 290.24 291.43 292.26 291.36 291.34 28.0 291.46 25.0 29953.0 12335.0 17618.0 0.0 291.8616
09:55:00 1107.0 37486.0 290.24 291.9 291.99 291.04 291.88 305.0 291.99 10.0 37486.0 26572.0 10914.0 0.0 291.5116
09:56:00 1824.0 65719.0 290.24 292.37 292.47 291.04 292.28 25.0 292.45 25.0 65719.0 46362.0 19357.0 0.0 291.7278
09:57:00 2376.0 106784.0 290.24 292.41 293.09 292.08 292.35 100.0 292.41 100.0 106784.0 60779.0 46005.0 0.0 292.5083
09:58:00 1434.0 41453.0 290.24 291.84 292.42 291.52 291.77 12.0 291.92 26.0 41453.0 24323.0 17130.0 0.0 291.9115
09:59:00 1809.0 50989.0 290.24 292.64 293.19 291.62 292.58 198.0 292.7 5.0 50989.0 26660.0 24329.0 0.0 292.6042
10:00:00 1388.0 36721.0 290.24 292.65 293.08 292.28 292.55 250.0 292.68 211.0 36721.0 21514.0 15207.0 0.0 292.7048
10:01:00 1763.0 61922.0 290.24 293.23 293.6 292.25 293.25 4.0 293.35 215.0 61922.0 32657.0 29265.0 0.0 293.1256
10:02:00 1915.0 71533.0 290.24 293.39 294.16 293.29 293.39 371.0 293.49 81.0 71533.0 42843.0 28690.0 0.0 293.7224
10:03:00 1193.0 29798.0 290.24 292.85 293.61 292.56 292.75 32.0 292.91 20.0 29798.0 9425.0 20373.0 0.0 293.184
10:04:00 1260.0 25952.0 290.24 292.25 292.96 291.81 292.11 225.0 292.25 22.0 25952.0 8325.0 17627.0 0.0 292.3069
10:05:00 1559.0 50708.0 290.24 291.5 292.14 291.11 291.46 3.0 291.6 334.0 50708.0 26147.0 24561.0 0.0 291.5836
10:06:00 1063.0 29672.0 290.24 291.54 291.7 291.0 291.51 205.0 291.62 2.0 29672.0 15133.0 14539.0 0.0 291.2453
10:07:00 1149.0 30418.0 290.24 291.65 292.17 291.36 291.54 76.0 291.7 25.0 30418.0 13471.0 16947.0 0.0 291.8661
10:08:00 1093.0 24525.0 290.24 291.39 292.12 291.33 291.4 10.0 291.49 125.0 24525.0 11535.0 12990.0 0.0 291.748
10:09:00 1102.0 28427.0 290.24 291.23 291.94 290.91 291.23 20.0 291.33 25.0 28427.0 8026.0 20401.0 0.0 291.3152
10:10:00 986.0 27928.0 290.24 290.59 291.5 290.39 290.55 98.0 290.66 423.0 27928.0 11271.0 16657.0 0.0 290.7727
10:11:00 1093.0 25999.0 290.24 290.22 290.85 290.03 290.17 25.0 290.3 25.0 25999.0 9524.0 16475.0 0.0 290.4067
10:12:00 754.0 18750.0 290.24 290.66 290.83 290.31 290.57 400.0 290.7 300.0 18750.0 9894.0 8856.0 0.0 290.5867
10:13:00 1096.0 32695.0 290.24 290.52 291.45 290.44 290.45 25.0 290.59 25.0 32695.0 13387.0 19308.0 0.0 290.8832
10:14:00 1046.0 30643.0 290.24 290.7 291.23 290.35 290.6 35.0 290.73 100.0 30643.0 11046.0 19597.0 0.0 290.7151
10:15:00 758.0 19685.0 290.24 290.38 290.75 290.19 290.32 110.0 290.43 93.0 19685.0 5163.0 14522.0 0.0 290.3617
10:16:00 1261.0 32461.0 290.24 290.57 290.9 290.2 290.54 125.0 290.61 40.0 32461.0 11504.0 20957.0 0.0 290.4859
10:17:00 2147.0 74237.0 290.24 290.11 290.7 289.98 290.05 100.0 290.12 125.0 74237.0 23460.0 50777.0 0.0 290.184
10:18:00 1714.0 78214.0 290.24 289.59 290.6 289.51 289.59 10.0 289.66 1.0 78214.0 19654.0 58560.0 0.0 290.0204
10:19:00 1047.0 26618.0 290.24 289.38 290.03 289.2 289.35 10.0 289.41 1.0 26618.0 11125.0 15493.0 0.0 289.5735
10:20:00 692.0 12069.0 290.24 289.62 289.94 289.3 289.59 21.0 289.66 541.0 12069.0 6706.0 5363.0 0.0 289.6115
10:21:00 1238.0 21716.0 290.24 289.62 289.9 289.38 289.57 238.0 289.66 200.0 21716.0 9851.0 11865.0 0.0 289.6298
10:22:00 664.0 15505.0 290.24 289.72 289.97 289.42 289.66 2.0 289.74 338.0 15505.0 9432.0 6073.0 0.0 289.7229
10:23:00 724.0 19666.0 290.24 289.81 290.01 289.23 289.79 113.0 289.88 221.0 19666.0 11285.0 8381.0 0.0 289.6223
10:24:00 1890.0 49439.0 290.24 289.79 290.46 289.6 289.78 19.0 289.9 243.0 49439.0 23077.0 26362.0 0.0 289.9938
10:25:00 499.0 14435.0 290.24 289.69 290.14 289.56 289.67 25.0 289.78 255.0 14435.0 6669.0 7766.0 0.0 289.7813
10:26:00 773.0 23851.0 290.24 290.09 290.36 289.6 290.09 17.0 290.17 4.0 23851.0 14460.0 9391.0 0.0 290.0096
10:27:00 913.0 30489.0 290.24 290.41 290.75 290.11 290.36 100.0 290.45 500.0 30489.0 15955.0 14534.0 0.0 290.4798
10:28:00 842.0 27806.0 290.24 290.29 290.75 290.28 290.28 1.0 290.34 37.0 27806.0 16064.0 11742.0 0.0 290.5522
10:29:00 837.0 21412.0 290.24 289.43 290.28 289.32 289.42 95.0 289.46 200.0 21412.0 6478.0 14934.0 0.0 289.732
10:30:00 1944.0 56588.0 290.24 288.53 289.49 288.32 288.5 994.0 288.57 70.0 56588.0 14383.0 42205.0 0.0 288.8448
10:31:00 2394.0 57119.0 290.24 287.98 288.64 287.78 287.91 38.0 287.99 600.0 57119.0 14527.0 42592.0 0.0 288.0952
10:32:00 1610.0 39506.0 290.24 287.13 288.14 287.13 287.12 7.0 287.18 91.0 39506.0 10761.0 28745.0 0.0 287.6338
10:33:00 1769.0 51667.0 290.24 287.31 287.39 286.95 287.24 69.0 287.33 625.0 51667.0 20456.0 31211.0 0.0 287.1411
10:34:00 1664.0 40509.0 290.24 287.04 287.28 286.56 286.93 90.0 287.06 150.0 40509.0 14421.0 26088.0 0.0 286.9098
10:35:00 863.0 33838.0 290.24 286.73 287.18 286.7 286.7 1.0 286.74 300.0 33838.0 7959.0 25879.0 0.0 286.9098
10:36:00 1209.0 31312.0 290.24 287.01 287.07 286.37 287.0 185.0 287.08 12.0 31312.0 14287.0 17025.0 0.0 286.6708
10:37:00 703.0 12268.0 290.24 286.94 287.11 286.75 286.9 141.0 286.95 118.0 12268.0 7106.0 5162.0 0.0 286.9555
10:38:00 730.0 26038.0 290.24 286.78 286.95 286.57 286.71 44.0 286.82 25.0 26038.0 6530.0 19508.0 0.0 286.7462
10:39:00 2514.0 78054.0 290.24 285.89 286.8 285.88 285.87 327.0 285.92 25.0 78054.0 10397.0 67657.0 0.0 286.0677
10:40:00 1755.0 35498.0 290.24 286.29 286.3 285.45 286.26 26.0 286.3 30.0 35498.0 14561.0 20937.0 0.0 285.7631
10:41:00 885.0 16958.0 290.24 286.35 286.55 286.02 286.31 6.0 286.37 48.0 16958.0 10400.0 6558.0 0.0 286.2454
10:42:00 1003.0 25250.0 290.24 286.83 286.88 286.21 286.8 26.0 286.88 300.0 25250.0 16420.0 8830.0 0.0 286.7162
10:43:00 1722.0 37886.0 290.24 286.67 287.19 286.36 286.61 1.0 286.7 323.0 37886.0 24082.0 13804.0 0.0 286.8324
10:44:00 799.0 22282.0 290.24 286.4 286.7 286.15 286.37 50.0 286.45 2.0 22282.0 14499.0 7783.0 0.0 286.3343
10:45:00 847.0 19773.0 290.24 286.54 286.789 286.21 286.5 266.0 286.58 590.0 19773.0 11109.0 8664.0 0.0 286.505
10:46:00 684.0 15541.0 290.24 286.48 286.76 286.21 286.4 25.0 286.48 252.0 15541.0 5696.0 9845.0 0.0 286.4457
10:47:00 691.0 16839.0 290.24 286.3 286.62 286.25 286.28 10.0 286.38 125.0 16839.0 6079.0 10760.0 0.0 286.4325
10:48:00 1454.0 42494.0 290.24 286.1 286.31 285.75 286.1 198.0 286.14 10.0 42494.0 10518.0 31976.0 0.0 285.9855
10:49:00 515.0 12326.0 290.24 286.44 286.44 286.0 286.35 140.0 286.44 13.0 12326.0 8722.0 3604.0 0.0 286.1757
10:50:00 909.0 21892.0 290.24 286.34 286.73 286.23 286.3 34.0 286.35 300.0 21892.0 14899.0 6993.0 0.0 286.4558
10:51:00 1038.0 23495.0 290.24 286.49 286.545 285.79 286.49 40.0 286.52 1.0 23495.0 9874.0 13621.0 0.0 286.0974
10:52:00 451.0 7520.0 290.24 286.12 286.49 286.09 286.11 11.0 286.18 25.0 7520.0 3737.0 3783.0 0.0 286.2611
10:53:00 820.0 16783.0 290.24 286.18 286.4 285.99 286.13 25.0 286.23 545.0 16783.0 7227.0 9556.0 0.0 286.1491
10:54:00 934.0 19261.0 290.24 285.89 286.35 285.84 285.87 25.0 285.96 901.0 19261.0 7645.0 11616.0 0.0 286.105
10:55:00 1472.0 60707.0 290.24 286.41 286.5 285.56 286.35 705.0 286.43 50.0 60707.0 20424.0 40283.0 0.0 285.9969
10:56:00 1423.0 49474.0 290.24 286.92 287.35 286.41 286.86 47.0 286.98 125.0 49474.0 33067.0 16407.0 0.0 286.9528
10:57:00 756.0 19050.0 290.24 287.3 287.48 286.85 287.3 1545.0 287.35 141.0 19050.0 12571.0 6479.0 0.0 287.196
10:58:00 1182.0 46449.0 290.24 287.58 287.97 287.33 287.51 47.0 287.57 20.0 46449.0 31533.0 14916.0 0.0 287.6726
10:59:00 512.0 17712.0 290.24 287.48 287.61 287.29 287.45 250.0 287.54 25.0 17712.0 8951.0 8761.0 0.0 287.4527
11:00:00 731.0 20212.0 290.24 287.82 288.12 287.39 287.81 2.0 287.9 25.0 20212.0 12888.0 7324.0 0.0 287.8738
11:01:00 964.0 24420.0 290.24 288.3 288.3 287.73 288.28 100.0 288.3 23.0 24420.0 17955.0 6465.0 0.0 288.0732
11:02:00 1304.0 32767.0 290.24 287.6 288.4 287.6 287.58 125.0 287.67 25.0 32767.0 14083.0 18684.0 0.0 288.143
11:03:00 950.0 27511.0 290.24 287.5 287.7 287.31 287.47 4.0 287.53 225.0 27511.0 11190.0 16321.0 0.0 287.5385
11:04:00 1013.0 25718.0 290.24 287.125 287.47 286.99 287.1 17.0 287.13 83.0 25718.0 9612.0 16106.0 0.0 287.16
11:05:00 996.0 23252.0 290.24 286.71 287.17 286.65 286.67 183.0 286.77 124.0 23252.0 13653.0 9599.0 0.0 286.8081
11:06:00 1124.0 25504.0 290.24 287.23 287.38 286.72 287.21 135.0 287.27 10.0 25504.0 17326.0 8178.0 0.0 287.0668
11:07:00 1072.0 22003.0 290.24 287.04 287.74 286.71 286.99 19.0 287.05 11.0 22003.0 10501.0 11502.0 0.0 287.206
11:08:00 562.0 10856.0 290.24 287.05 287.33 286.99 287.05 48.0 287.13 329.0 10856.0 6623.0 4233.0 0.0 287.1598
11:09:00 872.0 15463.0 290.24 286.72 287.24 286.57 286.65 57.0 286.73 16.0 15463.0 6048.0 9415.0 0.0 286.9376
11:10:00 1374.0 25898.0 290.24 286.58 286.9 286.37 286.55 100.0 286.58 32.0 25898.0 15168.0 10730.0 0.0 286.6235
11:11:00 657.0 14185.0 290.24 286.6 286.92 286.56 286.59 100.0 286.63 2.0 14185.0 8453.0 5732.0 0.0 286.7391
11:12:00 1485.0 33243.0 290.24 286.0 286.65 285.96 285.97 25.0 286.05 25.0 33243.0 7545.0 25698.0 0.0 286.2333
11:13:00 495.0 13499.0 290.24 286.36 286.44 286.0 286.31 19.0 286.37 103.0 13499.0 8319.0 5180.0 0.0 286.2567
11:14:00 643.0 12614.0 290.24 286.47 286.55 286.2 286.46 328.0 286.55 535.0 12614.0 8654.0 3960.0 0.0 286.4177
11:15:00 792.0 14872.0 290.24 286.77 286.8 286.3 286.74 232.0 286.81 150.0 14872.0 9446.0 5426.0 0.0 286.4682
11:16:00 803.0 30430.0 290.24 287.07 287.36 286.77 287.04 14.0 287.08 385.0 30430.0 23081.0 7349.0 0.0 287.0179
11:17:00 625.0 12135.0 290.24 286.88 287.28 286.81 286.83 126.0 286.9 34.0 12135.0 4991.0 7144.0 0.0 287.0088
11:18:00 801.0 17678.0 290.24 287.08 287.25 286.73 287.01 225.0 287.08 10.0 17678.0 7867.0 9811.0 0.0 286.9549
11:19:00 697.0 20046.0 290.24 286.58 287.04 286.39 286.55 120.0 286.57 4.0 20046.0 5010.0 15036.0 0.0 286.6087
11:20:00 1568.0 37906.0 290.24 285.82 286.59 285.77 285.8 10.0 285.83 11.0 37906.0 6358.0 31548.0 0.0 286.0577
11:21:00 843.0 17603.0 290.24 285.99 286.14 285.72 285.94 19.0 285.99 7.0 17603.0 5576.0 12027.0 0.0 285.9046
11:22:00 529.0 14293.0 290.24 286.21 286.47 285.86 286.19 33.0 286.25 135.0 14293.0 8186.0 6107.0 0.0 286.1812
11:23:00 500.0 9789.0 290.24 286.21 286.36 286.16 286.2 31.0 286.27 25.0 9789.0 4398.0 5391.0 0.0 286.2538
11:24:00 964.0 21551.0 290.24 286.04 286.26 285.66 286.0 990.0 286.05 221.0 21551.0 6991.0 14560.0 0.0 285.8484
11:25:00 600.0 13123.0 290.24 285.87 286.32 285.66 285.81 25.0 285.93 425.0 13123.0 5287.0 7836.0 0.0 286.0212
11:26:00 472.0 9491.0 290.24 286.0 286.18 285.85 286.01 19.0 286.09 27.0 9491.0 3218.0 6273.0 0.0 286.053
11:27:00 445.0 8085.0 290.24 285.97 286.25 285.8 285.92 50.0 285.98 238.0 8085.0 3042.0 5043.0 0.0 286.0027
11:28:00 490.0 15521.0 290.24 286.26 286.3 285.96 286.25 873.0 286.29 240.0 15521.0 10628.0 4893.0 0.0 286.1426
11:29:00 688.0 28205.0 290.24 286.38 286.67 286.19 286.31 76.0 286.4 688.0 28205.0 20175.0 8030.0 0.0 286.441
11:30:00 527.0 18921.0 290.24 286.61 286.61 286.25 286.53 26.0 286.62 80.0 18921.0 6624.0 12297.0 0.0 286.3923
11:31:00 659.0 23841.0 290.24 286.53 286.88 286.47 286.52 25.0 286.62 325.0 23841.0 8385.0 15456.0 0.0 286.7052
11:32:00 1395.0 31136.0 290.24 285.84 286.56 285.75 285.79 25.0 285.87 41.0 31136.0 7576.0 23560.0 0.0 286.067
11:33:00 2107.0 66783.0 290.24 285.32 285.84 285.19 285.27 223.0 285.34 1.0 66783.0 13266.0 53517.0 0.0 285.4394
11:34:00 732.0 21604.0 290.24 285.22 285.47 285.11 285.17 35.0 285.23 10.0 21604.0 6544.0 15060.0 0.0 285.2944
11:35:00 984.0 25372.0 290.24 285.14 285.26 285.02 285.09 25.0 285.15 200.0 25372.0 7258.0 18114.0 0.0 285.1039
11:36:00 1101.0 24076.0 290.24 285.29 285.4 285.07 285.27 35.0 285.32 481.0 24076.0 12239.0 11837.0 0.0 285.2823
11:37:00 707.0 29396.0 290.24 285.2 285.32 285.02 285.19 6.0 285.21 29.0 29396.0 16532.0 12864.0 0.0 285.1686
11:38:00 6940.0 147475.0 290.24 284.97 285.26 284.67 284.93 203.0 284.98 209.0 147475.0 15503.0 131972.0 0.0 284.9689
11:39:00 932.0 33051.0 290.24 285.78 285.87 284.93 285.71 75.0 285.78 25.0 33051.0 25272.0 7779.0 0.0 285.4451
11:40:00 589.0 13044.0 290.24 285.5 285.72 285.42 285.48 61.0 285.54 25.0 13044.0 5250.0 7794.0 0.0 285.575
11:41:00 392.0 8689.0 290.24 285.59 285.63 285.31 285.57 21.0 285.61 1.0 8689.0 4660.0 4029.0 0.0 285.453
11:42:00 620.0 13908.0 290.24 285.41 285.71 285.38 285.38 150.0 285.43 1.0 13908.0 7880.0 6028.0 0.0 285.5137
11:43:00 978.0 25295.0 290.24 285.21 285.48 284.94 285.17 225.0 285.24 91.0 25295.0 6371.0 18924.0 0.0 285.1584
11:44:00 495.0 12057.0 290.24 285.25 285.6 285.13 285.2 10.0 285.25 326.0 12057.0 6935.0 5122.0 0.0 285.4554
11:45:00 1038.0 21044.0 290.24 284.86 285.24 284.68 284.81 125.0 284.85 5.0 21044.0 6453.0 14591.0 0.0 284.8846
11:46:00 520.0 14145.0 290.24 284.85 285.14 284.81 284.85 100.0 284.89 151.0 14145.0 8138.0 6007.0 0.0 284.9429
11:47:00 1227.0 33584.0 290.24 284.66 284.97 284.5 284.66 100.0 284.71 25.0 33584.0 10567.0 23017.0 0.0 284.721
11:48:00 703.0 18164.0 290.24 284.92 285.08 284.55 284.91 65.0 284.98 250.0 18164.0 9900.0 8264.0 0.0 284.8515
11:49:00 700.0 12334.0 290.24 284.77 285.08 284.7 284.74 20.0 284.78 4.0 12334.0 4590.0 7744.0 0.0 284.8999
11:50:00 471.0 12680.0 290.24 284.71 284.76 284.52 284.66 25.0 284.72 296.0 12680.0 5452.0 7228.0 0.0 284.6438
11:51:00 565.0 14299.0 290.24 284.8 284.99 284.63 284.78 10.0 284.84 350.0 14299.0 6438.0 7861.0 0.0 284.8272
11:52:00 902.0 25909.0 290.24 284.63 284.99 284.62 284.62 228.0 284.68 251.0 25909.0 11969.0 13940.0 0.0 284.8236
11:53:00 500.0 15079.0 290.24 284.62 284.75 284.54 284.58 21.0 284.64 200.0 15079.0 6873.0 8206.0 0.0 284.6342
11:54:00 866.0 22158.0 290.24 284.69 284.75 284.4 284.67 52.0 284.72 72.0 22158.0 8147.0 14011.0 0.0 284.5451
11:55:00 534.0 14409.0 290.24 284.71 284.85 284.66 284.7 5.0 284.76 151.0 14409.0 9211.0 5198.0 0.0 284.7792
11:56:00 842.0 19802.0 290.24 284.91 284.94 284.65 284.91 17.0 284.9 5.0 19802.0 10278.0 9524.0 0.0 284.7937
11:57:00 519.0 10612.0 290.24 284.69 284.91 284.63 284.65 121.0 284.69 6.0 10612.0 4813.0 5799.0 0.0 284.7595
11:58:00 650.0 14578.0 290.24 285.07 285.1 284.63 285.03 11.0 285.08 26.0 14578.0 10197.0 4381.0 0.0 284.8692
11:59:00 900.0 24275.0 290.24 285.06 285.46 284.85 285.04 54.0 285.08 50.0 24275.0 15905.0 8370.0 0.0 285.1906
12:00:00 746.0 11146.0 290.24 285.07 285.19 284.89 285.03 122.0 285.06 1.0 11146.0 4493.0 6653.0 0.0 285.0322
12:01:00 964.0 21019.0 290.24 284.87 285.09 284.48 284.87 138.0 284.94 25.0 21019.0 6059.0 14960.0 0.0 284.7034
12:02:00 465.0 9109.0 290.24 284.82 285.04 284.65 284.76 323.0 284.83 118.0 9109.0 3731.0 5378.0 0.0 284.8143
12:03:00 499.0 12553.0 290.24 285.39 285.39 284.8 285.35 25.0 285.4 342.0 12553.0 9273.0 3280.0 0.0 285.113
12:04:00 1130.0 26638.0 290.24 285.17 285.56 285.11 285.13 28.0 285.18 325.0 26638.0 11174.0 15464.0 0.0 285.3411
12:05:00 774.0 23076.0 290.24 285.23 285.28 284.72 285.19 212.0 285.26 600.0 23076.0 9081.0 13995.0 0.0 284.9821
12:06:00 453.0 10838.0 290.24 285.32 285.45 285.04 285.28 20.0 285.32 109.0 10838.0 6248.0 4590.0 0.0 285.2186
12:07:00 594.0 16882.0 290.24 285.01 285.4 284.98 285.01 18.0 285.05 50.0 16882.0 3748.0 13134.0 0.0 285.1025
12:08:00 574.0 17279.0 290.24 284.79 285.06 284.77 284.76 50.0 284.8 100.0 17279.0 4438.0 12841.0 0.0 284.8785
12:09:00 1647.0 41859.0 290.24 284.23 284.83 284.13 284.22 3.0 284.26 5.0 41859.0 7929.0 33930.0 0.0 284.436
12:10:00 3528.0 86923.0 290.24 284.16 284.25 283.8 284.11 173.0 284.18 150.0 86923.0 11588.0 75335.0 0.0 284.0181
12:11:00 865.0 24567.0 290.24 284.26 284.56 284.13 284.23 34.0 284.28 100.0 24567.0 10799.0 13768.0 0.0 284.368
12:12:00 315.0 7409.0 290.24 284.3 284.4 284.1 284.3 17.0 284.37 6.0 7409.0 3542.0 3867.0 0.0 284.266
12:13:00 627.0 11804.0 290.24 284.32 284.48 284.15 284.31 50.0 284.39 1247.0 11804.0 5631.0 6173.0 0.0 284.3212
12:14:00 868.0 28302.0 290.24 284.12 284.41 283.91 284.08 200.0 284.13 100.0 28302.0 6499.0 21803.0 0.0 284.0993
12:15:00 630.0 13413.0 290.24 284.21 284.24 283.92 284.19 150.0 284.25 6.0 13413.0 6140.0 7273.0 0.0 284.0355
12:16:00 486.0 18209.0 290.24 284.34 284.47 284.03 284.3 129.0 284.35 50.0 18209.0 7856.0 10353.0 0.0 284.2126
12:17:00 357.0 10231.0 290.24 284.43 284.52 284.16 284.42 23.0 284.47 63.0 10231.0 4930.0 5301.0 0.0 284.3778
12:18:00 1044.0 29492.0 290.24 284.63 285.11 284.41 284.6 46.0 284.67 418.0 29492.0 19671.0 9821.0 0.0 284.8497
12:19:00 510.0 8468.0 290.24 284.51 284.74 284.5 284.51 4.0 284.56 325.0 8468.0 3080.0 5388.0 0.0 284.5962
12:20:00 627.0 14212.0 290.24 284.265 284.66 284.2 284.22 25.0 284.29 25.0 14212.0 4279.0 9933.0 0.0 284.3806
12:21:00 719.0 20056.0 290.24 283.97 284.32 283.95 283.95 26.0 283.99 101.0 20056.0 3301.0 16755.0 0.0 284.0614
12:22:00 579.0 16748.0 290.24 284.11 284.18 283.88 284.06 79.0 284.15 264.0 16748.0 5927.0 10821.0 0.0 283.9961
12:23:00 587.0 14515.0 290.24 284.39 284.57 284.1 284.4 1.0 284.45 325.0 14515.0 8351.0 6164.0 0.0 284.3598
12:24:00 447.0 11609.0 290.24 284.43 284.55 284.32 284.4 155.0 284.47 451.0 11609.0 7322.0 4287.0 0.0 284.46
12:25:00 315.0 10613.0 290.24 284.58 284.7 284.34 284.53 33.0 284.59 403.0 10613.0 5313.0 5300.0 0.0 284.5428
12:26:00 578.0 13297.0 290.24 284.39 284.6 284.25 284.36 2.0 284.4 559.0 13297.0 6554.0 6743.0 0.0 284.4295
12:27:00 513.0 10225.0 290.24 284.12 284.5 284.1 284.1 53.0 284.16 378.0 10225.0 3582.0 6643.0 0.0 284.2607
12:28:00 375.0 8096.0 290.24 284.41 284.45 284.14 284.35 24.0 284.43 207.0 8096.0 4443.0 3653.0 0.0 284.3511
12:29:00 721.0 18630.0 290.24 284.11 284.63 284.05 284.09 200.0 284.18 151.0 18630.0 8691.0 9939.0 0.0 284.3268
12:30:00 958.0 36078.0 290.24 284.06 284.23 283.95 284.03 300.0 284.07 200.0 36078.0 13914.0 22164.0 0.0 284.0544
12:31:00 1068.0 35066.0 290.24 283.79 284.16 283.77 283.79 185.0 283.83 300.0 35066.0 9973.0 25093.0 0.0 283.9207
12:32:00 1067.0 33052.0 290.24 283.54 283.81 283.51 283.55 202.0 283.58 199.0 33052.0 5231.0 27821.0 0.0 283.6478
12:33:00 1801.0 48254.0 290.24 283.51 283.6 283.32 283.47 25.0 283.52 130.0 48254.0 9866.0 38388.0 0.0 283.4719
12:34:00 953.0 26347.0 290.24 283.45 283.59 283.15 283.41 205.0 283.45 1.0 26347.0 9577.0 16770.0 0.0 283.3471
12:35:00 787.0 16413.0 290.24 283.43 283.52 283.17 283.41 1.0 283.44 150.0 16413.0 5687.0 10726.0 0.0 283.3447
12:36:00 536.0 14254.0 290.24 283.36 283.56 283.18 283.37 150.0 283.42 58.0 14254.0 5981.0 8273.0 0.0 283.3544
12:37:00 1230.0 26541.0 290.24 283.12 283.45 283.0 283.09 9.0 283.13 40.0 26541.0 9334.0 17207.0 0.0 283.1648
12:38:00 3520.0 77538.0 290.24 282.73 283.11 282.61 282.71 250.0 282.75 30.0 77538.0 11226.0 66312.0 0.0 282.9097
12:39:00 1144.0 32124.0 290.24 282.64 282.82 282.49 282.62 228.0 282.66 296.0 32124.0 8521.0 23603.0 0.0 282.6269
12:40:00 1049.0 26985.0 290.24 282.59 282.97 282.42 282.59 35.0 282.67 355.0 26985.0 12854.0 14131.0 0.0 282.6787
12:41:00 907.0 27183.0 290.24 282.58 282.93 282.57 282.57 101.0 282.6 50.0 27183.0 13701.0 13482.0 0.0 282.7109
12:42:00 544.0 18467.0 290.24 282.64 282.75 282.51 282.62 52.0 282.69 251.0 18467.0 8188.0 10279.0 0.0 282.6424
12:43:00 906.0 27624.0 290.24 282.6 282.78 282.32 282.53 250.0 282.64 159.0 27624.0 7920.0 19704.0 0.0 282.5283
12:44:00 1089.0 29246.0 290.24 282.31 282.6 282.06 282.27 19.0 282.34 250.0 29246.0 10788.0 18458.0 0.0 282.2927
12:45:00 2946.0 78697.0 290.24 282.17 282.35 281.84 282.14 255.0 282.17 300.0 78697.0 14769.0 63928.0 0.0 282.0672
12:46:00 1061.0 32003.0 290.24 281.92 282.19 281.74 281.91 27.0 281.94 106.0 32003.0 15555.0 16448.0 0.0 281.9661
12:47:00 987.0 30403.0 290.24 282.1 282.22 281.91 282.09 171.0 282.15 150.0 30403.0 22666.0 7737.0 0.0 282.0953
12:48:00 1038.0 38115.0 290.24 282.49 282.55 282.07 282.42 190.0 282.5 250.0 38115.0 23680.0 14435.0 0.0 282.3371
12:49:00 686.0 16875.0 290.24 282.46 282.72 282.31 282.42 10.0 282.48 293.0 16875.0 9068.0 7807.0 0.0 282.51
12:50:00 503.0 12968.0 290.24 282.55 282.68 282.14 282.51 19.0 282.55 111.0 12968.0 6227.0 6741.0 0.0 282.4549
12:51:00 508.0 13034.0 290.24 282.25 282.67 282.15 282.24 1.0 282.27 138.0 13034.0 6991.0 6043.0 0.0 282.3726
12:52:00 975.0 27736.0 290.24 282.1 282.28 281.86 282.08 2.0 282.11 1.0 27736.0 8922.0 18814.0 0.0 282.0438
12:53:00 805.0 20254.0 290.24 282.32 282.33 281.88 282.29 35.0 282.35 476.0 20254.0 13208.0 7046.0 0.0 282.0928
12:54:00 430.0 15374.0 290.24 282.43 282.44 282.17 282.4 30.0 282.44 250.0 15374.0 6643.0 8731.0 0.0 282.2958
12:55:00 473.0 11722.0 290.24 282.48 282.53 282.33 282.45 70.0 282.48 165.0 11722.0 7748.0 3974.0 0.0 282.4429
12:56:00 545.0 13428.0 290.24 282.13 282.46 282.1 282.11 45.0 282.14 170.0 13428.0 4871.0 8557.0 0.0 282.2766
12:57:00 718.0 17977.0 290.24 281.89 282.22 281.86 281.85 410.0 281.9 153.0 17977.0 5050.0 12927.0 0.0 282.0333
12:58:00 1168.0 29925.0 290.24 282.12 282.2 281.75 282.1 120.0 282.15 390.0 29925.0 11286.0 18639.0 0.0 281.9165
12:59:00 383.0 7068.0 290.24 282.07 282.27 282.01 282.04 200.0 282.11 101.0 7068.0 3923.0 3145.0 0.0 282.1431
13:00:00 1320.0 25765.0 290.24 281.99 282.25 281.7 281.96 25.0 282.02 25.0 25765.0 11025.0 14740.0 0.0 281.9977
13:01:00 895.0 29316.0 290.24 282.25 282.35 281.9 282.23 36.0 282.27 200.0 29316.0 20922.0 8394.0 0.0 282.115
13:02:00 1345.0 31586.0 290.24 282.93 282.94 282.27 282.87 335.0 282.94 2.0 31586.0 22482.0 9104.0 0.0 282.6291
13:03:00 881.0 21148.0 290.24 282.36 282.925 282.28 282.3 309.0 282.36 7.0 21148.0 6362.0 14786.0 0.0 282.5893
13:04:00 677.0 20760.0 290.24 282.09 282.38 282.05 282.06 57.0 282.12 222.0 20760.0 6130.0 14630.0 0.0 282.1899
13:05:00 1031.0 34004.0 290.24 282.1 282.35 281.9 282.07 25.0 282.13 100.0 34004.0 11716.0 22288.0 0.0 282.0878
13:06:00 725.0 20030.0 290.24 281.97 282.26 281.82 281.91 46.0 281.98 75.0 20030.0 6358.0 13672.0 0.0 282.0497
13:07:00 887.0 26567.0 290.24 281.97 282.08 281.77 281.95 40.0 281.99 248.0 26567.0 15035.0 11532.0 0.0 281.9562
13:08:00 811.0 28439.0 290.24 282.12 282.18 281.72 282.06 10.0 282.12 20.0 28439.0 14284.0 14155.0 0.0 281.8806
13:09:00 521.0 8799.0 290.24 281.99 282.17 281.94 281.98 25.0 282.03 200.0 8799.0 4203.0 4596.0 0.0 282.0368
13:10:00 1302.0 38375.0 290.24 281.69 282.08 281.51 281.68 354.0 281.74 225.0 38375.0 10870.0 27505.0 0.0 281.7127
13:11:00 545.0 18635.0 290.24 281.55 281.99 281.5 281.53 5.0 281.57 200.0 18635.0 6189.0 12446.0 0.0 281.6326
13:12:00 1605.0 39962.0 290.24 281.23 281.56 281.07 281.21 5.0 281.25 341.0 39962.0 15531.0 24431.0 0.0 281.3083
13:13:00 427.0 14006.0 290.24 281.59 281.69 281.23 281.58 25.0 281.63 150.0 14006.0 9987.0 4019.0 0.0 281.5206
13:14:00 443.0 10614.0 290.24 281.35 281.67 281.3 281.35 101.0 281.38 100.0 10614.0 5798.0 4816.0 0.0 281.4222
13:15:00 1326.0 51398.0 290.24 282.16 282.19 281.33 282.13 35.0 282.18 60.0 51398.0 36289.0 15109.0 0.0 281.8671
13:16:00 949.0 37405.0 290.24 282.35 282.59 282.06 282.31 50.0 282.39 25.0 37405.0 25854.0 11551.0 0.0 282.406
13:17:00 568.0 23774.0 290.24 282.34 282.49 282.3 282.31 50.0 282.34 296.0 23774.0 16691.0 7083.0 0.0 282.3906
13:18:00 722.0 22519.0 290.24 282.68 282.72 282.32 282.64 150.0 282.69 5.0 22519.0 15292.0 7227.0 0.0 282.548
13:19:00 590.0 20965.0 290.24 282.6 282.84 282.42 282.6 5.0 282.65 701.0 20965.0 13086.0 7879.0 0.0 282.643
13:20:00 568.0 20133.0 290.24 282.52 282.66 282.33 282.47 44.0 282.51 700.0 20133.0 12570.0 7563.0 0.0 282.4897
13:21:00 484.0 17182.0 290.24 282.85 282.85 282.38 282.82 201.0 282.86 11.0 17182.0 13447.0 3735.0 0.0 282.5681
13:22:00 894.0 31688.0 290.24 283.21 283.25 282.86 283.17 105.0 283.24 105.0 31688.0 20622.0 11066.0 0.0 283.0594
13:23:00 707.0 23921.0 290.24 283.32 283.41 282.97 283.29 10.0 283.35 271.0 23921.0 13877.0 10044.0 0.0 283.1929
13:24:00 766.0 22220.0 290.24 283.43 283.56 283.03 283.4 201.0 283.45 150.0 22220.0 15336.0 6884.0 0.0 283.2466
13:25:00 539.0 28723.0 290.24 283.37 283.55 283.27 283.37 5.0 283.41 125.0 28723.0 16903.0 11820.0 0.0 283.4
13:26:00 606.0 14187.0 290.24 283.42 283.5 283.06 283.39 10.0 283.45 110.0 14187.0 7709.0 6478.0 0.0 283.247
13:27:00 819.0 22689.0 290.24 283.45 283.84 283.3 283.43 1.0 283.5 200.0 22689.0 11751.0 10938.0 0.0 283.5881
13:28:00 445.0 14855.0 290.24 283.8 283.87 283.4 283.74 100.0 283.82 130.0 14855.0 9407.0 5448.0 0.0 283.6323
13:29:00 501.0 16034.0 290.24 283.61 283.8 283.55 283.6 30.0 283.64 202.0 16034.0 8320.0 7714.0 0.0 283.6774
13:30:00 663.0 19621.0 290.24 283.29 283.7 283.25 283.26 1.0 283.32 301.0 19621.0 9151.0 10470.0 0.0 283.4862
13:31:00 646.0 14556.0 290.24 283.56 283.65 283.05 283.52 25.0 283.59 25.0 14556.0 9228.0 5328.0 0.0 283.3709
13:32:00 726.0 27061.0 290.24 283.99 284.11 283.58 283.96 5.0 283.99 700.0 27061.0 18998.0 8063.0 0.0 283.8588
13:33:00 836.0 20730.0 290.24 284.25 284.39 283.75 284.21 150.0 284.28 74.0 20730.0 13058.0 7672.0 0.0 284.0468
13:34:00 624.0 19688.0 290.24 284.19 284.39 284.09 284.12 550.0 284.2 90.0 19688.0 7963.0 11725.0 0.0 284.2305
13:35:00 615.0 15283.0 290.24 283.86 284.29 283.81 283.83 25.0 283.89 110.0 15283.0 5937.0 9346.0 0.0 283.9927
13:36:00 453.0 11251.0 290.24 283.89 283.94 283.71 283.82 52.0 283.89 123.0 11251.0 5970.0 5281.0 0.0 283.8376
13:37:00 647.0 11636.0 290.24 283.5 283.9 283.49 283.48 2.0 283.52 100.0 11636.0 3360.0 8276.0 0.0 283.6553
13:38:00 500.0 14676.0 290.24 283.36 283.66 283.25 283.28 5.0 283.33 5.0 14676.0 8234.0 6442.0 0.0 283.4326
13:39:00 782.0 37051.0 290.24 283.12 283.36 283.0 283.1 5.0 283.15 32.0 37051.0 13588.0 23463.0 0.0 283.1351
13:40:00 574.0 16502.0 290.24 283.38 283.64 283.07 283.35 222.0 283.39 25.0 16502.0 8913.0 7589.0 0.0 283.3511
13:41:00 598.0 17931.0 290.24 283.57 283.89 283.34 283.57 4.0 283.68 76.0 17931.0 9205.0 8726.0 0.0 283.7146
13:42:00 579.0 14851.0 290.24 283.54 283.76 283.45 283.53 134.0 283.58 39.0 14851.0 6861.0 7990.0 0.0 283.5684
13:43:00 354.0 8184.0 290.24 283.49 283.6 283.31 283.5 1.0 283.55 300.0 8184.0 3472.0 4712.0 0.0 283.4697
13:44:00 528.0 11801.0 290.24 283.56 283.83 283.41 283.52 201.0 283.58 50.0 11801.0 5380.0 6421.0 0.0 283.6117
13:45:00 403.0 12863.0 290.24 283.41 283.68 283.27 283.4 68.0 283.44 400.0 12863.0 4074.0 8789.0 0.0 283.4246
13:46:00 354.0 14197.0 290.24 283.5 283.67 283.3 283.45 353.0 283.51 331.0 14197.0 6504.0 7693.0 0.0 283.4119
13:47:00 194.0 9949.0 290.24 283.37 283.45 283.29 283.34 406.0 283.38 518.0 9949.0 2665.0 7284.0 0.0 283.3717
13:48:00 416.0 12358.0 290.24 283.15 283.34 283.11 283.14 8.0 283.18 58.0 12358.0 4215.0 8143.0 0.0 283.2334
13:49:00 766.0 24657.0 290.24 283.1 283.15 282.77 283.09 4.0 283.1 100.0 24657.0 9548.0 15109.0 0.0 282.9786
13:50:00 292.0 7536.0 290.24 282.98 283.09 282.82 282.96 1.0 282.99 293.0 7536.0 3240.0 4296.0 0.0 282.9395
13:51:00 464.0 13493.0 290.24 283.22 283.22 282.83 283.19 2.0 283.23 201.0 13493.0 9003.0 4490.0 0.0 283.0543
13:52:00 221.0 5306.0 290.24 282.95 283.19 282.91 282.93 270.0 282.95 100.0 5306.0 1584.0 3722.0 0.0 283.0293
13:53:00 476.0 16515.0 290.24 283.67 283.74 282.89 283.66 191.0 283.71 116.0 16515.0 11957.0 4558.0 0.0 283.3251
13:54:00 601.0 17571.0 290.24 283.78 284.1 283.54 283.75 13.0 283.8 1251.0 17571.0 10815.0 6756.0 0.0 283.8679
13:55:00 278.0 9840.0 290.24 283.75 283.99 283.71 283.72 2.0 283.77 381.0 9840.0 4671.0 5169.0 0.0 283.8454
13:56:00 243.0 9805.0 290.24 283.98 284.0 283.7 283.95 28.0 283.99 619.0 9805.0 6321.0 3484.0 0.0 283.9147
13:57:00 393.0 12748.0 290.24 283.94 284.05 283.85 283.89 490.0 283.97 423.0 12748.0 8115.0 4633.0 0.0 283.9815
13:58:00 558.0 31906.0 290.24 283.82 284.07 283.8 283.79 110.0 283.83 100.0 31906.0 23377.0 8529.0 0.0 283.9965
13:59:00 238.0 8133.0 290.24 283.65 283.94 283.57 283.6 504.0 283.69 1.0 8133.0 2133.0 6000.0 0.0 283.7174
14:00:00 559.0 11970.0 290.24 283.8 283.82 283.44 283.71 1.0 283.82 200.0 11970.0 5613.0 6357.0 0.0 283.6059
14:01:00 356.0 8426.0 290.24 283.58 283.81 283.45 283.54 36.0 283.6 3.0 8426.0 1843.0 6583.0 0.0 283.573
14:02:00 412.0 13829.0 290.24 283.47 283.7 283.3 283.45 150.0 283.56 24.0 13829.0 5245.0 8584.0 0.0 283.4731
14:03:00 3804.0 105066.0 290.24 284.89 285.77 283.53 284.79 236.0 284.9 25.0 105066.0 77230.0 27836.0 0.0 284.7242
14:04:00 4652.0 84504.0 290.24 283.47 284.8 282.42 283.42 125.0 283.56 100.0 84504.0 33969.0 50535.0 0.0 283.3744
14:05:00 2232.0 51148.0 290.24 282.35 283.9 282.04 282.29 29.0 282.41 26.0 51148.0 18839.0 32309.0 0.0 282.9887
14:06:00 4511.0 85312.0 290.24 281.67 282.65 281.01 281.58 25.0 281.72 35.0 85312.0 26735.0 58577.0 0.0 281.627
14:07:00 2007.0 36759.0 290.24 282.24 283.13 281.7 282.2 860.0 282.29 25.0 36759.0 13580.0 23179.0 0.0 282.3399
14:08:00 1438.0 38065.0 290.24 282.41 282.99 281.8 282.34 25.0 282.52 25.0 38065.0 16657.0 21408.0 0.0 282.3265
14:09:00 876.0 21810.0 290.24 283.38 283.52 282.41 283.27 140.0 283.43 128.0 21810.0 15528.0 6282.0 0.0 283.1359
14:10:00 944.0 24363.0 290.24 282.44 283.57 282.18 282.27 225.0 282.44 134.0 24363.0 6741.0 17622.0 0.0 282.7823
14:11:00 724.0 16173.0 290.24 281.86 282.53 281.74 281.76 25.0 281.86 99.0 16173.0 4795.0 11378.0 0.0 282.0457
14:12:00 1283.0 34074.0 290.24 281.44 282.08 281.15 281.4 126.0 281.48 20.0 34074.0 15631.0 18443.0 0.0 281.5007
14:13:00 3378.0 83414.0 290.24 280.79 281.8 280.79 280.79 12.0 280.88 25.0 83414.0 12041.0 71373.0 0.0 281.079
14:14:00 1736.0 47302.0 290.24 280.56 281.22 280.5 280.56 100.0 280.6 20.0 47302.0 19201.0 28101.0 0.0 280.8539
14:15:00 2945.0 73802.0 290.24 280.84 280.9 280.01 280.72 25.0 280.84 100.0 73802.0 33164.0 40638.0 0.0 280.4043
14:16:00 1038.0 31669.0 290.24 281.3 281.33 280.44 281.18 200.0 281.31 210.0 31669.0 18897.0 12772.0 0.0 280.8013
14:17:00 1265.0 34248.0 290.24 281.01 281.53 280.7 280.95 42.0 281.04 118.0 34248.0 17369.0 16879.0 0.0 281.1711
14:18:00 654.0 19833.0 290.24 281.16 281.37 280.89 281.15 228.0 281.2 174.0 19833.0 13035.0 6798.0 0.0 281.1143
14:19:00 948.0 28635.0 290.24 280.76 281.29 280.75 280.73 10.0 280.77 123.0 28635.0 9684.0 18951.0 0.0 281.023
14:20:00 727.0 19992.0 290.24 280.75 281.42 280.71 280.71 6.0 280.81 73.0 19992.0 12092.0 7900.0 0.0 281.0299
14:21:00 978.0 29743.0 290.24 280.93 280.97 280.42 280.83 25.0 280.95 409.0 29743.0 14220.0 15523.0 0.0 280.6586
14:22:00 720.0 24891.0 290.24 280.55 280.93 280.51 280.51 20.0 280.59 25.0 24891.0 9375.0 15516.0 0.0 280.6944
14:23:00 1140.0 34219.0 290.24 280.27 280.87 280.12 280.22 104.0 280.28 18.0 34219.0 12954.0 21265.0 0.0 280.4613
14:24:00 915.0 20268.0 290.24 280.43 280.43 280.05 280.35 300.0 280.43 200.0 20268.0 10114.0 10154.0 0.0 280.2273
14:25:00 836.0 21567.0 290.24 280.69 280.94 280.35 280.66 115.0 280.75 500.0 21567.0 14861.0 6706.0 0.0 280.6126
14:26:00 748.0 16316.0 290.24 280.28 280.67 280.2 280.22 400.0 280.33 150.0 16316.0 7238.0 9078.0 0.0 280.3779
14:27:00 964.0 25408.0 290.24 280.73 280.79 280.06 280.63 25.0 280.74 69.0 25408.0 19258.0 6150.0 0.0 280.4069
14:28:00 1248.0 31456.0 290.24 281.26 281.47 280.61 281.2 1.0 281.29 125.0 31456.0 20719.0 10737.0 0.0 281.1438
14:29:00 1652.0 33538.0 290.24 280.74 281.66 280.64 280.72 118.0 280.77 1.0 33538.0 16859.0 16679.0 0.0 281.2809
14:30:00 840.0 16892.0 290.24 280.78 281.24 280.52 280.77 5.0 280.84 577.0 16892.0 11029.0 5863.0 0.0 280.9019
14:31:00 896.0 34039.0 290.24 281.62 281.69 280.83 281.56 101.0 281.63 22.0 34039.0 18933.0 15106.0 0.0 281.4956
14:32:00 826.0 19881.0 290.24 281.29 281.62 280.0 281.25 25.0 281.32 18.0 19881.0 11173.0 8708.0 0.0 281.3126
14:33:00 767.0 17249.0 290.24 280.83 281.33 280.7 280.75 50.0 280.87 106.0 17249.0 3262.0 13987.0 0.0 281.0077
14:34:00 764.0 17894.0 290.24 280.45 281.19 280.39 280.4 100.0 280.47 76.0 17894.0 6769.0 11125.0 0.0 280.7366
14:35:00 1340.0 36456.0 290.24 280.19 280.7 280.01 280.21 16.0 280.27 17.0 36456.0 7840.0 28616.0 0.0 280.2442
14:36:00 10548.0 220572.0 290.24 280.11 280.49 280.0 280.09 8.0 280.19 300.0 220572.0 18726.0 201846.0 0.0 280.0248
14:37:00 3289.0 70334.0 290.24 280.49 280.7 279.77 280.45 145.0 280.54 316.0 70334.0 21434.0 48900.0 0.0 280.0517
14:38:00 918.0 32872.0 290.24 280.55 280.57 280.2 280.49 136.0 280.56 50.0 32872.0 14968.0 17904.0 0.0 280.3335
14:39:00 837.0 25806.0 290.24 279.95 280.53 279.88 279.89 29.0 279.95 116.0 25806.0 5708.0 20098.0 0.0 280.143
14:40:00 2161.0 68477.0 290.24 279.7 279.95 279.15 279.62 25.0 279.72 10.0 68477.0 30959.0 37518.0 0.0 279.5194
14:41:00 940.0 26321.0 290.24 279.24 279.78 279.15 279.21 25.0 279.28 400.0 26321.0 12171.0 14150.0 0.0 279.3912
14:42:00 1229.0 34012.0 290.24 279.59 279.65 279.09 279.53 100.0 279.61 331.0 34012.0 20653.0 13359.0 0.0 279.38
14:43:00 1016.0 24818.0 290.24 279.43 279.91 279.33 279.36 100.0 279.43 55.0 24818.0 12401.0 12417.0 0.0 279.6238
14:44:00 1389.0 37238.0 290.24 279.41 279.67 279.02 279.4 7.0 279.46 138.0 37238.0 17273.0 19965.0 0.0 279.2999
14:45:00 2831.0 86420.0 290.24 278.94 279.54 278.75 278.89 20.0 278.94 156.0 86420.0 11370.0 75050.0 0.0 278.9911
14:46:00 1164.0 38050.0 290.24 278.86 279.11 278.81 278.83 110.0 278.89 25.0 38050.0 25906.0 12144.0 0.0 278.9401
14:47:00 1533.0 51786.0 290.24 278.73 279.07 278.41 278.71 214.0 278.77 1187.0 51786.0 20296.0 31490.0 0.0 278.734
14:48:00 1756.0 60353.0 290.24 279.42 279.5 278.49 279.34 200.0 279.42 92.0 60353.0 47178.0 13175.0 0.0 279.0956
14:49:00 1137.0 32757.0 290.24 279.44 279.47 278.94 279.38 1057.0 279.45 823.0 32757.0 16313.0 16444.0 0.0 279.205
14:50:00 1661.0 70233.0 290.24 279.96 280.08 279.41 279.91 55.0 279.98 15.0 70233.0 46432.0 23801.0 0.0 279.8121
14:51:00 1264.0 30438.0 290.24 280.01 280.23 279.39 279.98 21.0 280.05 25.0 30438.0 18898.0 11540.0 0.0 279.8389
14:52:00 1234.0 39373.0 290.24 280.29 280.39 279.86 280.25 25.0 280.33 25.0 39373.0 22900.0 16473.0 0.0 280.1362
14:53:00 1066.0 23052.0 290.24 279.91 280.29 279.81 279.88 600.0 279.97 23.0 23052.0 10530.0 12522.0 0.0 280.0149
14:54:00 809.0 17028.0 290.24 279.6 280.05 279.54 279.56 300.0 279.61 325.0 17028.0 4516.0 12512.0 0.0 279.7219
14:55:00 1235.0 34009.0 290.24 279.99 280.05 279.46 279.89 69.0 280.0 26.0 34009.0 16887.0 17122.0 0.0 279.6809
14:56:00 1442.0 29012.0 290.24 279.04 279.89 278.9 279.03 251.0 279.13 291.0 29012.0 7857.0 21155.0 0.0 279.2
14:57:00 893.0 24830.0 290.24 279.28 279.82 279.07 279.26 200.0 279.35 449.0 24830.0 12133.0 12697.0 0.0 279.4445
14:58:00 850.0 31588.0 290.24 279.4 279.89 279.13 279.34 100.0 279.4 100.0 31588.0 17868.0 13720.0 0.0 279.3951
14:59:00 683.0 22780.0 290.24 279.34 279.94 279.33 279.32 181.0 279.4 24.0 22780.0 13377.0 9403.0 0.0 279.5718
15:00:00 723.0 16933.0 290.24 279.32 279.62 279.25 279.31 4.0 279.39 50.0 16933.0 10013.0 6920.0 0.0 279.3914
15:01:00 1227.0 30626.0 290.24 278.8 279.34 278.75 278.75 30.0 278.8 679.0 30626.0 14151.0 16475.0 0.0 279.0831
15:02:00 983.0 26300.0 290.24 278.67 279.09 278.57 278.61 300.0 278.68 50.0 26300.0 10297.0 16003.0 0.0 278.7525
15:03:00 5167.0 114537.0 290.24 277.79 278.65 277.51 277.78 33.0 277.83 22.0 114537.0 16731.0 97806.0 0.0 278.0397
15:04:00 1874.0 40914.0 290.24 277.72 278.12 277.5 277.72 86.0 277.78 10.0 40914.0 23441.0 17473.0 0.0 277.7502
15:05:00 1697.0 38947.0 290.24 277.26 278.09 277.13 277.21 90.0 277.28 100.0 38947.0 14995.0 23952.0 0.0 277.5076
15:06:00 2490.0 47553.0 290.24 276.75 277.71 276.75 276.73 100.0 276.78 30.0 47553.0 16909.0 30644.0 0.0 277.0661
15:07:00 1195.0 31451.0 290.24 276.95 277.26 276.73 276.92 191.0 276.97 1.0 31451.0 16816.0 14635.0 0.0 277.03
15:08:00 1503.0 36797.0 290.24 276.63 277.07 276.5 276.61 15.0 276.68 116.0 36797.0 17744.0 19053.0 0.0 276.7807
15:09:00 3084.0 67429.0 290.24 275.92 276.67 275.55 275.89 7.0 275.96 29.0 67429.0 22214.0 45215.0 0.0 276.0158
15:10:00 2923.0 70913.0 290.24 276.26 276.27 275.4 276.16 17.0 276.27 25.0 70913.0 35899.0 35014.0 0.0 275.8171
15:11:00 1116.0 22227.0 290.24 276.36 276.5 275.9 276.32 60.0 276.39 12.0 22227.0 12650.0 9577.0 0.0 276.1609
15:12:00 1890.0 55385.0 290.24 276.94 276.95 276.03 276.9 101.0 276.95 500.0 55385.0 32877.0 22508.0 0.0 276.5737
15:13:00 1347.0 66811.0 290.24 277.35 277.54 276.58 277.28 200.0 277.35 96.0 66811.0 51754.0 15057.0 0.0 277.1945
15:14:00 1238.0 39212.0 290.24 277.74 277.94 277.34 277.66 25.0 277.76 25.0 39212.0 23802.0 15410.0 0.0 277.609
15:15:00 1629.0 63581.0 290.24 277.84 278.06 277.56 277.76 1.0 277.86 400.0 63581.0 45032.0 18549.0 0.0 277.878
15:16:00 1266.0 28729.0 290.24 277.09 277.95 277.05 277.03 565.0 277.15 201.0 28729.0 10537.0 18192.0 0.0 277.6198
15:17:00 2003.0 57113.0 290.24 276.94 277.56 276.82 276.87 49.0 276.94 215.0 57113.0 23371.0 33742.0 0.0 277.0999
15:18:00 1722.0 47384.0 290.24 276.99 277.4 276.44 276.97 289.0 277.06 425.0 47384.0 22444.0 24940.0 0.0 276.9018
15:19:00 1068.0 29529.0 290.24 276.85 277.19 276.6 276.8 89.0 276.87 27.0 29529.0 13808.0 15721.0 0.0 276.9733
15:20:00 1626.0 52257.0 290.24 276.41 276.97 276.15 276.34 100.0 276.42 25.0 52257.0 18482.0 33775.0 0.0 276.5564
15:21:00 2100.0 56445.0 290.24 275.99 276.85 275.89 275.96 1.0 276.01 26.0 56445.0 16469.0 39976.0 0.0 276.2417
15:22:00 1691.0 49159.0 290.24 275.64 276.13 275.4 275.59 14.0 275.66 539.0 49159.0 13473.0 35686.0 0.0 275.7228
15:23:00 972.0 25691.0 290.24 275.99 276.08 275.63 275.94 109.0 275.99 402.0 25691.0 17395.0 8296.0 0.0 275.8644
15:24:00 1145.0 29689.0 290.24 276.48 276.61 275.73 276.43 150.0 276.49 4.0 29689.0 20104.0 9585.0 0.0 276.2505
15:25:00 1074.0 34665.0 290.24 276.66 276.94 276.48 276.61 15.0 276.67 26.0 34665.0 21654.0 13011.0 0.0 276.7414
15:26:00 1299.0 33516.0 290.24 276.14 276.72 275.98 276.07 16.0 276.15 95.0 33516.0 18460.0 15056.0 0.0 276.2402
15:27:00 1028.0 33841.0 290.24 276.94 277.11 276.09 276.92 33.0 277.0 125.0 33841.0 21374.0 12467.0 0.0 276.6643
15:28:00 1126.0 33475.0 290.24 276.43 277.06 276.42 276.4 238.0 276.46 222.0 33475.0 16196.0 17279.0 0.0 276.7984
15:29:00 1063.0 27768.0 290.24 276.36 276.97 276.23 276.36 105.0 276.45 225.0 27768.0 15594.0 12174.0 0.0 276.5569
15:30:00 1796.0 76145.0 290.24 275.6 276.37 275.58 275.57 3.0 275.61 25.0 76145.0 22050.0 54095.0 0.0 275.8757
15:31:00 1887.0 53468.0 290.24 275.93 276.09 275.33 275.9 200.0 275.96 25.0 53468.0 29933.0 23535.0 0.0 275.6245
15:32:00 1257.0 34306.0 290.24 276.24 276.45 275.66 276.2 103.0 276.26 203.0 34306.0 24639.0 9667.0 0.0 276.0557
15:33:00 1397.0 32609.0 290.24 276.31 276.45 275.95 276.3 105.0 276.34 216.0 32609.0 14567.0 18042.0 0.0 276.1766
15:34:00 1290.0 38339.0 290.24 276.95 277.04 276.23 276.91 25.0 276.99 50.0 38339.0 22264.0 16075.0 0.0 276.7278
15:35:00 1062.0 34324.0 290.24 276.86 276.99 276.47 276.8 304.0 276.85 36.0 34324.0 15629.0 18695.0 0.0 276.7415
15:36:00 1119.0 24058.0 290.24 276.72 276.89 276.25 276.66 14.0 276.72 25.0 24058.0 11331.0 12727.0 0.0 276.579
15:37:00 1064.0 34065.0 290.24 277.17 277.36 276.58 277.12 14.0 277.21 25.0 34065.0 20923.0 13142.0 0.0 276.9581
15:38:00 1177.0 28092.0 290.24 277.49 277.66 277.11 277.4 233.0 277.47 100.0 28092.0 15409.0 12683.0 0.0 277.4346
15:39:00 1389.0 46118.0 290.24 278.07 278.11 277.27 278.05 5.0 278.1 10.0 46118.0 26750.0 19368.0 0.0 277.7943
15:40:00 1701.0 38615.0 290.24 277.99 278.06 277.66 277.92 200.0 277.99 642.0 38615.0 19042.0 19573.0 0.0 277.855
15:41:00 2137.0 58375.0 290.24 278.45 278.94 277.86 278.39 153.0 278.46 11.0 58375.0 29621.0 28754.0 0.0 278.4465
15:42:00 1757.0 44586.0 290.24 278.93 278.93 277.99 278.9 25.0 278.94 10.0 44586.0 18771.0 25815.0 0.0 278.5125
15:43:00 2136.0 56711.0 290.24 277.86 278.97 277.66 277.79 65.0 277.86 25.0 56711.0 16640.0 40071.0 0.0 278.3263
15:44:00 1258.0 35813.0 290.24 278.33 278.47 277.62 278.31 1169.0 278.39 151.0 35813.0 24343.0 11470.0 0.0 278.0444
15:45:00 1648.0 51791.0 290.24 277.73 278.32 277.45 277.7 25.0 277.75 193.0 51791.0 14524.0 37267.0 0.0 277.8765
15:46:00 1316.0 33712.0 290.24 277.72 277.82 277.27 277.65 100.0 277.75 25.0 33712.0 21983.0 11729.0 0.0 277.5279
15:47:00 1542.0 56806.0 290.24 277.3 277.67 277.12 277.28 190.0 277.31 1.0 56806.0 27236.0 29570.0 0.0 277.3923
15:48:00 1446.0 39604.0 290.24 277.6 277.89 277.02 277.55 200.0 277.61 33.0 39604.0 26982.0 12622.0 0.0 277.3817
15:49:00 1344.0 31486.0 290.24 277.49 277.79 277.21 277.45 3.0 277.52 25.0 31486.0 20266.0 11220.0 0.0 277.4987
15:50:00 1131.0 29271.0 290.24 277.13 277.66 277.04 277.08 11.0 277.13 25.0 29271.0 13624.0 15647.0 0.0 277.3179
15:51:00 2512.0 59238.0 290.24 277.46 277.79 276.81 277.4 38.0 277.47 112.0 59238.0 36433.0 22805.0 0.0 277.2724
15:52:00 1675.0 44329.0 290.24 277.29 277.55 276.94 277.21 603.0 277.3 300.0 44329.0 21560.0 22769.0 0.0 277.1846
15:53:00 2303.0 54620.0 290.24 278.17 278.25 277.24 278.06 135.0 278.18 71.0 54620.0 37570.0 17050.0 0.0 277.7229
15:54:00 2046.0 44749.0 290.24 277.97 278.23 277.82 277.93 1.0 277.97 26.0 44749.0 25281.0 19468.0 0.0 277.978
15:55:00 3626.0 99065.0 290.24 277.67 278.57 277.56 277.6 25.0 277.67 140.0 99065.0 67916.0 31149.0 0.0 278.086
15:56:00 2871.0 97459.0 290.24 277.99 278.08 277.56 277.95 25.0 278.0 25.0 97459.0 71291.0 26168.0 0.0 277.9004
15:57:00 4119.0 106426.0 290.24 277.0 277.98 276.96 276.97 1.0 277.03 27.0 106426.0 59917.0 46509.0 0.0 277.475
15:58:00 3137.0 120943.0 290.24 277.02 277.22 276.65 277.01 117.0 277.03 527.0 120943.0 92399.0 28544.0 0.0 276.8971
15:59:00 3193.0 108768.0 290.24 276.89 277.03 276.68 276.87 100.0 276.89 234.0 108768.0 76297.0 32471.0 0.0 276.8262
16:00:00 7689.0 298057.0 290.24 276.0 276.92 275.75 275.96 2996.0 275.99 965.0 298057.0 159602.0 138455.0 0.0 276.255
16:01:00 218.0 2839.0 290.24 276.5 276.5 275.96 276.35 1.0 276.05 100.0 2839.0 1144.0 1695.0 0.0 276.1843
16:02:00 375.0 5981.0 290.24 276.19 276.74 275.8 276.04 1.0 276.05 100.0 5981.0 2388.0 3593.0 0.0 276.0627
16:03:00 147.0 732.0 290.24 276.16 276.5 276.01 276.04 153.0 276.05 100.0 732.0 223.0 509.0 0.0 276.3077
16:04:00 275.0 3645.0 290.24 276.19 276.2 276.0 276.1 1.0 276.05 100.0 3645.0 476.0 3169.0 0.0 276.0264
16:05:00 168.0 1733.0 290.24 275.98 276.25 275.88 275.89 1.0 276.0 31.0 1733.0 324.0 1409.0 0.0 276.0094
16:06:00 105.0 827.0 290.24 276.03 276.18 275.92 276.0 58.0 276.04 597.0 827.0 612.0 215.0 0.0 276.0126
16:07:00 226.0 4256.0 290.24 276.1 276.18 275.5 276.05 12.0 276.05 100.0 4256.0 1865.0 2391.0 0.0 276.014
16:08:00 137.0 4023.0 290.24 276.1 276.1 276.04 276.08 12.0 276.05 100.0 4023.0 3911.0 112.0 0.0 276.0937
16:09:00 130.0 3143.0 290.24 276.1 276.1 276.05 276.07 4.0 276.05 100.0 3143.0 3027.0 116.0 0.0 276.098
16:10:00 297.0 3653.0 290.24 275.9 276.1 275.87 275.91 1.0 276.0 661.0 3653.0 1417.0 2236.0 0.0 276.0229
16:11:00 129.0 341.0 290.24 275.9 275.99 275.8 275.8 1322.0 275.92 95.0 341.0 112.0 229.0 0.0 275.8424
16:12:00 83.0 3733.0 290.24 276.0 276.0 275.81 275.99 1.0 276.0 488.0 3733.0 3561.0 172.0 0.0 275.9672
16:13:00 66.0 786.0 290.24 276.12 276.12 275.97 276.07 2.0 276.05 100.0 786.0 675.0 111.0 0.0 276.0321
16:14:00 86.0 1030.0 290.24 276.07 276.1 276.06 276.06 280.0 276.05 100.0 1030.0 638.0 392.0 0.0 276.0861
16:15:00 181.0 5184.0 290.24 276.3 276.5 276.06 276.27 1.0 276.05 100.0 5184.0 5009.0 175.0 0.0 276.1329
16:16:00 120.0 536.0 290.24 276.18 276.43 276.08 276.1 3.0 276.05 100.0 536.0 291.0 245.0 0.0 276.1605
16:17:00 97.0 4141.0 290.24 276.35 276.48 276.1 276.29 10.0 276.05 100.0 4141.0 4004.0 137.0 0.0 276.291
16:18:00 160.0 6024.0 290.24 276.18 276.45 276.1 276.1 132.0 276.05 100.0 6024.0 11.0 6013.0 0.0 276.1948
16:19:00 342.0 3705.0 290.24 276.15 276.46 275.89 276.08 10.0 276.05 100.0 3705.0 715.0 2990.0 0.0 276.0799
16:20:00 217.0 1583.0 290.24 276.0 276.35 276.0 276.0 42.0 276.05 100.0 1583.0 540.0 1043.0 0.0 276.1232
16:21:00 110.0 219.0 290.24 276.1 276.27 276.0 276.06 1.0 276.05 100.0 219.0 172.0 47.0 0.0 276.0753
16:22:00 72.0 343.0 290.24 276.1 276.18 276.05 276.1 4.0 276.05 100.0 343.0 173.0 170.0 0.0 276.1227
16:23:00 98.0 279.0 290.24 276.11 276.19 276.02 276.1 2.0 276.05 100.0 279.0 128.0 151.0 0.0 276.101
16:24:00 89.0 532.0 290.24 276.1 276.15 276.02 276.06 195.0 276.05 100.0 532.0 394.0 138.0 0.0 276.0892
16:25:00 125.0 1765.0 290.24 276.02 276.13 276.01 276.01 57.0 276.02 1110.0 1765.0 731.0 1034.0 0.0 276.0422
16:26:00 92.0 1780.0 290.24 276.05 276.09 276.0 276.03 1.0 276.05 100.0 1780.0 1711.0 69.0 0.0 276.0263
16:27:00 107.0 807.0 290.24 276.08 276.1 276.0 276.02 5.0 276.05 100.0 807.0 335.0 472.0 0.0 276.061
16:28:00 300.0 4661.0 290.24 275.94 276.1 275.8 275.85 1.0 275.99 100.0 4661.0 489.0 4172.0 0.0 275.9888
16:29:00 122.0 436.0 290.24 275.8 275.98 275.75 275.75 516.0 275.9 600.0 436.0 29.0 407.0 0.0 275.8076
16:30:00 122.0 2390.0 290.24 275.89 276.0 275.75 275.85 36.0 275.9 172.0 2390.0 2027.0 363.0 0.0 275.8493
16:31:00 85.0 769.0 290.24 275.97 275.97 275.8 275.9 266.0 276.0 54.0 769.0 662.0 107.0 0.0 275.8837
16:32:00 111.0 1042.0 290.24 275.88 275.97 275.76 275.81 1.0 275.89 5.0 1042.0 19.0 1023.0 0.0 275.828
16:33:00 79.0 565.0 290.24 275.85 275.95 275.76 275.82 15.0 275.85 190.0 565.0 384.0 181.0 0.0 275.8244
16:34:00 67.0 527.0 290.24 275.85 275.85 275.8 275.83 3.0 275.85 640.0 527.0 478.0 49.0 0.0 275.8439
16:35:00 145.0 1451.0 290.24 275.85 275.85 275.78 275.83 1.0 275.85 263.0 1451.0 1090.0 361.0 0.0 275.8271
16:36:00 91.0 269.0 290.24 275.8 275.85 275.77 275.8 8.0 275.85 356.0 269.0 50.0 219.0 0.0 275.8026
16:37:00 154.0 1367.0 290.24 275.7 275.84 275.62 275.72 100.0 275.7 188.0 1367.0 144.0 1223.0 0.0 275.7399
16:38:00 112.0 1607.0 290.24 275.67 275.79 275.6 275.72 100.0 275.69 65.0 1607.0 312.0 1295.0 0.0 275.7013
16:39:00 142.0 926.0 290.24 275.69 275.7 275.58 275.72 100.0 275.7 452.0 926.0 725.0 201.0 0.0 275.6764
16:40:00 84.0 748.0 290.24 275.75 275.76 275.63 275.74 52.0 275.8 38.0 748.0 615.0 133.0 0.0 275.6929
16:41:00 85.0 179.0 290.24 275.7 275.8 275.68 275.72 100.0 275.74 5.0 179.0 124.0 55.0 0.0 275.7332
16:42:00 95.0 277.0 290.24 275.78 275.85 275.66 275.75 3.0 275.85 38.0 277.0 217.0 60.0 0.0 275.7987
16:43:00 133.0 667.0 290.24 275.63 275.85 275.63 275.72 100.0 275.7 48.0 667.0 165.0 502.0 0.0 275.7046
16:44:00 158.0 2027.0 290.24 275.6 275.83 275.55 275.72 100.0 275.6 4534.0 2027.0 329.0 1698.0 0.0 275.5957
16:45:00 216.0 2444.0 290.24 275.57 275.6 275.41 275.72 100.0 275.58 8.0 2444.0 353.0 2091.0 0.0 275.4938
16:46:00 75.0 1003.0 290.24 275.6 275.6 275.47 275.72 100.0 275.6 4108.0 1003.0 898.0 105.0 0.0 275.5729
16:47:00 141.0 1668.0 290.24 275.58 275.6 275.42 275.72 100.0 275.6 3921.0 1668.0 1045.0 623.0 0.0 275.5182
16:48:00 88.0 232.0 290.24 275.59 275.59 275.44 275.72 100.0 275.59 10.0 232.0 91.0 141.0 0.0 275.5234
16:49:00 87.0 1241.0 290.24 275.59 275.6 275.5 275.72 100.0 275.59 314.0 1241.0 697.0 544.0 0.0 275.5658
16:50:00 87.0 671.0 290.24 275.55 275.59 275.52 275.72 100.0 275.55 38.0 671.0 205.0 466.0 0.0 275.5495
16:51:00 140.0 1040.0 290.24 275.57 275.59 275.5 275.72 100.0 275.59 604.0 1040.0 53.0 987.0 0.0 275.528
16:52:00 67.0 659.0 290.24 275.55 275.59 275.52 275.72 100.0 275.55 42.0 659.0 546.0 113.0 0.0 275.5597
16:53:00 118.0 1108.0 290.24 275.5 275.57 275.46 275.72 100.0 275.5 1613.0 1108.0 331.0 777.0 0.0 275.5299
16:54:00 101.0 580.0 290.24 275.49 275.5 275.42 275.72 100.0 275.5 1971.0 580.0 324.0 256.0 0.0 275.4771
16:55:00 97.0 430.0 290.24 275.47 275.5 275.4 275.72 100.0 275.48 323.0 430.0 285.0 145.0 0.0 275.4421
16:56:00 267.0 3345.0 290.24 275.31 275.45 275.25 275.72 100.0 275.4 155.0 3345.0 418.0 2927.0 0.0 275.3231
16:57:00 83.0 422.0 290.24 275.26 275.39 275.26 275.72 100.0 275.35 209.0 422.0 168.0 254.0 0.0 275.3238
16:58:00 95.0 1071.0 290.24 275.37 275.4 275.26 275.72 100.0 275.38 5.0 1071.0 600.0 471.0 0.0 275.3551
16:59:00 69.0 415.0 290.24 275.4 275.4 275.3 275.72 100.0 275.4 531.0 415.0 84.0 331.0 0.0 275.3689
17:00:00 117.0 853.0 290.24 275.325 275.4 275.31 275.72 100.0 275.35 955.0 853.0 728.0 125.0 0.0 275.3928
