time trade_count trade_volume trade_first trade_last trade_high trade_low bid_price bid_size ask_price ask_size hid_vol buy_vol sell_vol unsided_vol vwap
09:00:00 nan 0.0 nan nan nan nan 57.79 2.0 58.4 100.0 nan 0.0 0.0 0.0 nan
09:01:00 1.0 0.0 nan 57.43 57.43 57.43 57.79 2.0 58.4 100.0 nan 0.0 0.0 0.0 nan
09:02:00 0.0 0.0 nan 57.43 nan nan 57.79 2.0 58.4 100.0 nan 0.0 0.0 0.0 nan
09:03:00 0.0 0.0 nan 57.43 nan nan 57.79 2.0 58.4 100.0 nan 0.0 0.0 0.0 nan
09:04:00 13.0 225.0 nan 58.35 58.35 57.34 57.79 2.0 58.4 100.0 225.0 0.0 225.0 0.0 58.3365
09:05:00 0.0 0.0 nan 58.35 nan nan 57.79 2.0 58.4 100.0 nan 0.0 0.0 0.0 nan
09:06:00 0.0 0.0 nan 58.35 nan nan 57.79 2.0 58.4 100.0 nan 0.0 0.0 0.0 nan
09:07:00 0.0 0.0 nan 58.35 nan nan 57.79 2.0 58.4 100.0 nan 0.0 0.0 0.0 nan
09:08:00 0.0 0.0 nan 58.35 nan nan 57.81 2.0 58.4 100.0 nan 0.0 0.0 0.0 nan
09:09:00 0.0 0.0 nan 58.35 nan nan 57.81 2.0 58.4 100.0 nan 0.0 0.0 0.0 nan
09:10:00 0.0 0.0 nan 58.35 nan nan 57.81 2.0 58.4 100.0 nan 0.0 0.0 0.0 nan
09:11:00 1.0 0.0 nan 57.49 57.49 57.49 57.81 2.0 58.4 100.0 nan 0.0 0.0 0.0 nan
09:12:00 0.0 0.0 nan 57.49 nan nan 57.79 2.0 58.4 100.0 nan 0.0 0.0 0.0 nan
09:13:00 0.0 0.0 nan 57.49 nan nan 57.79 2.0 58.4 100.0 nan 0.0 0.0 0.0 nan
09:14:00 0.0 0.0 nan 57.49 nan nan 57.79 2.0 58.4 100.0 nan 0.0 0.0 0.0 nan
09:15:00 0.0 0.0 nan 57.49 nan nan 57.79 2.0 58.4 100.0 nan 0.0 0.0 0.0 nan
09:16:00 0.0 0.0 nan 57.49 nan nan 57.79 2.0 58.4 100.0 nan 0.0 0.0 0.0 nan
09:17:00 0.0 0.0 nan 57.49 nan nan 57.79 2.0 58.4 100.0 nan 0.0 0.0 0.0 nan
09:18:00 0.0 0.0 nan 57.49 nan nan 57.79 2.0 58.4 100.0 nan 0.0 0.0 0.0 nan
09:19:00 0.0 0.0 nan 57.49 nan nan 57.79 2.0 58.4 100.0 nan 0.0 0.0 0.0 nan
09:20:00 2.0 1.0 nan 57.49 57.79 57.49 57.79 1.0 58.4 100.0 1.0 0.0 1.0 0.0 57.79
09:21:00 0.0 0.0 nan 57.49 nan nan 57.79 1.0 58.4 100.0 nan 0.0 0.0 0.0 nan
09:22:00 0.0 0.0 nan 57.49 nan nan 57.79 1.0 58.4 100.0 nan 0.0 0.0 0.0 nan
09:23:00 1.0 0.0 nan 57.63 57.63 57.63 57.79 1.0 58.4 100.0 nan 0.0 0.0 0.0 nan
09:24:00 1.0 0.0 nan 57.56 57.56 57.56 57.79 1.0 58.4 100.0 nan 0.0 0.0 0.0 nan
09:25:00 0.0 0.0 nan 57.56 nan nan 57.79 1.0 58.4 100.0 nan 0.0 0.0 0.0 nan
09:26:00 1.0 0.0 nan 57.98 57.98 57.98 57.85 100.0 58.4 100.0 nan 0.0 0.0 0.0 nan
09:27:00 1.0 0.0 nan 57.93 57.93 57.93 57.88 300.0 58.4 100.0 nan 0.0 0.0 0.0 nan
09:28:00 0.0 0.0 nan 57.93 nan nan 57.79 1.0 58.4 100.0 nan 0.0 0.0 0.0 nan
09:29:00 1.0 0.0 nan 57.71 57.71 57.71 57.79 1.0 58.4 100.0 nan 0.0 0.0 0.0 nan
09:30:00 0.0 0.0 nan 57.71 nan nan 57.79 1.0 58.4 400.0 nan 0.0 0.0 0.0 nan
09:31:00 22.0 1024.0 nan 58.13 58.13 57.99 58.02 40.0 58.26 25.0 1024.0 1022.0 2.0 0.0 58.0474
09:32:00 1.0 0.0 nan 58.0 58.0 58.0 58.02 40.0 58.26 25.0 nan 0.0 0.0 0.0 nan
09:33:00 9.0 168.0 nan 57.97 58.23 57.97 57.92 100.0 58.1 110.0 168.0 0.0 168.0 0.0 58.0023
09:34:00 12.0 310.0 nan 57.92 58.09 57.92 57.89 15.0 57.98 400.0 310.0 100.0 210.0 0.0 57.9748
09:35:00 27.0 1022.0 nan 57.91 57.98 57.85 57.8 111.0 57.91 300.0 1022.0 400.0 622.0 0.0 57.9186
09:36:00 15.0 324.0 nan 57.78 57.8 57.67 57.67 210.0 57.84 496.0 324.0 0.0 324.0 0.0 57.7905
09:37:00 1.0 10.0 nan 57.76 57.76 57.76 57.67 213.0 57.82 207.0 10.0 0.0 10.0 0.0 57.76
09:38:00 0.0 0.0 nan 57.76 nan nan 57.68 10.0 57.79 89.0 nan 0.0 0.0 0.0 nan
09:39:00 1.0 0.0 nan 57.68 57.68 57.68 57.71 7.0 57.78 921.0 nan 0.0 0.0 0.0 nan
09:40:00 43.0 2184.0 nan 57.82 57.93 57.77 57.83 75.0 57.92 100.0 2184.0 2159.0 25.0 0.0 57.7823
09:41:00 11.0 391.0 nan 58.08 58.08 57.92 57.95 176.0 58.05 100.0 391.0 391.0 0.0 0.0 57.9475
09:42:00 3.0 10.0 nan 57.99 58.05 57.99 57.96 104.0 58.09 30.0 10.0 0.0 10.0 0.0 58.04
09:43:00 5.0 111.0 nan 57.96 57.97 57.96 57.87 100.0 58.04 200.0 111.0 0.0 111.0 0.0 57.9697
09:44:00 0.0 0.0 nan 57.96 nan nan 57.89 10.0 58.06 25.0 nan 0.0 0.0 0.0 nan
09:45:00 1.0 0.0 nan 57.97 57.97 57.97 57.89 10.0 58.05 500.0 nan 0.0 0.0 0.0 nan
09:46:00 15.0 767.0 nan 58.07 58.08 58.04 57.99 200.0 58.08 131.0 767.0 767.0 0.0 0.0 58.0414
09:47:00 16.0 878.0 nan 58.07 58.08 58.07 58.01 201.0 58.09 26.0 878.0 878.0 0.0 0.0 58.0776
09:48:00 12.0 307.0 nan 57.97 58.02 57.97 57.92 1.0 58.01 130.0 307.0 0.0 307.0 0.0 57.9964
09:49:00 13.0 415.0 nan 57.76 57.92 57.76 57.73 1.0 57.79 100.0 415.0 0.0 415.0 0.0 57.8105
09:50:00 5.0 30.0 nan 57.66 57.73 57.66 57.59 6.0 57.7 204.0 30.0 0.0 30.0 0.0 57.6623
09:51:00 10.0 370.0 nan 57.71 57.71 57.7 57.63 200.0 57.78 25.0 370.0 370.0 0.0 0.0 57.7027
09:52:00 1.0 0.0 nan 57.66 57.66 57.66 57.65 500.0 57.78 25.0 nan 0.0 0.0 0.0 nan
09:53:00 1.0 4.0 nan 57.69 57.69 57.69 57.69 396.0 57.75 225.0 4.0 0.0 4.0 0.0 57.69
09:54:00 18.0 884.0 nan 57.64 57.7 57.6 57.55 25.0 57.66 231.0 884.0 0.0 884.0 0.0 57.6789
09:55:00 2.0 5.0 nan 57.57 57.59 57.57 57.52 143.0 57.63 148.0 5.0 5.0 0.0 0.0 57.57
09:56:00 27.0 1898.0 nan 57.75 57.75 57.61 57.77 42.0 57.87 100.0 1898.0 1898.0 0.0 0.0 57.6506
09:57:00 0.0 0.0 nan 57.75 nan nan 57.75 26.0 57.85 26.0 nan 0.0 0.0 0.0 nan
09:58:00 10.0 1025.0 nan 57.79 57.86 57.77 57.75 106.0 57.82 34.0 1025.0 24.0 1001.0 0.0 57.7802
09:59:00 37.0 1599.0 nan 57.76 57.8 57.74 57.75 9.0 57.78 100.0 1599.0 1282.0 317.0 0.0 57.7545
10:00:00 30.0 1283.0 nan 57.78 57.79 57.74 57.72 1.0 57.81 16.0 1283.0 705.0 578.0 0.0 57.7462
10:01:00 10.0 493.0 nan 57.77 57.77 57.72 57.8 48.0 57.84 143.0 493.0 0.0 493.0 0.0 57.7348
10:02:00 18.0 562.0 nan 57.84 57.85 57.78 57.79 280.0 57.87 105.0 562.0 143.0 419.0 0.0 57.8416
10:03:00 9.0 454.0 nan 57.83 57.88 57.83 57.81 101.0 57.88 200.0 454.0 154.0 300.0 0.0 57.8491
10:04:00 9.0 364.0 nan 57.78 57.81 57.78 57.73 190.0 57.8 24.0 364.0 0.0 364.0 0.0 57.7924
10:05:00 2.0 69.0 nan 57.72 57.73 57.72 57.7 10.0 57.77 28.0 69.0 4.0 65.0 0.0 57.7294
10:06:00 18.0 733.0 nan 57.65 57.7 57.65 57.64 311.0 57.7 304.0 733.0 125.0 608.0 0.0 57.6781
10:07:00 17.0 801.0 nan 57.59 57.64 57.59 57.55 1.0 57.61 106.0 801.0 0.0 801.0 0.0 57.6089
10:08:00 22.0 621.0 nan 57.555 57.6 57.55 57.55 98.0 57.59 50.0 621.0 394.0 227.0 0.0 57.5828
10:09:00 3.0 5.0 nan 57.52 57.55 57.52 57.52 213.0 57.59 200.0 5.0 0.0 5.0 0.0 57.532
10:10:00 29.0 599.0 nan 57.61 57.61 57.555 57.58 507.0 57.63 155.0 599.0 599.0 0.0 0.0 57.5955
10:11:00 30.0 794.0 nan 57.63 57.66 57.56 57.62 307.0 57.67 138.0 794.0 357.0 437.0 0.0 57.6099
10:12:00 20.0 789.0 nan 57.64 57.65 57.57 57.58 306.0 57.64 91.0 789.0 32.0 757.0 0.0 57.6159
10:13:00 22.0 711.0 nan 57.64 57.66 57.59 57.57 7.0 57.65 50.0 711.0 94.0 617.0 0.0 57.6372
10:14:00 4.0 15.0 nan 57.52 57.57 57.52 57.54 31.0 57.61 20.0 15.0 0.0 15.0 0.0 57.5527
10:15:00 22.0 526.0 nan 57.65 57.67 57.58 57.62 911.0 57.68 117.0 526.0 502.0 24.0 0.0 57.6377
10:16:00 27.0 1119.0 nan 57.57 57.67 57.57 57.53 1.0 57.61 900.0 1119.0 29.0 1090.0 0.0 57.613
10:17:00 5.0 0.0 nan 57.56 57.56 57.56 57.52 2.0 57.54 3.0 nan 0.0 0.0 0.0 nan
10:18:00 23.0 335.0 nan 57.55 57.59 57.53 57.55 8.0 57.59 210.0 335.0 145.0 190.0 0.0 57.5539
10:19:00 19.0 983.0 nan 57.62 57.63 57.59 57.61 102.0 57.65 112.0 983.0 573.0 410.0 0.0 57.6076
10:20:00 8.0 215.0 nan 57.55 57.61 57.55 57.54 431.0 57.59 402.0 215.0 0.0 215.0 0.0 57.589
10:21:00 18.0 336.0 nan 57.52 57.54 57.52 57.51 18.0 57.54 34.0 336.0 2.0 334.0 0.0 57.5398
10:22:00 22.0 585.0 nan 57.38 57.51 57.38 57.38 204.0 57.42 1.0 585.0 0.0 585.0 0.0 57.4565
10:23:00 33.0 1165.0 nan 57.43 57.45 57.42 57.41 6.0 57.46 204.0 1165.0 360.0 805.0 0.0 57.4242
10:24:00 10.0 125.0 nan 57.36 57.38 57.35 57.34 881.0 57.39 191.0 125.0 0.0 125.0 0.0 57.3666
10:25:00 20.0 692.0 nan 57.39 57.43 57.38 57.37 311.0 57.4 139.0 692.0 185.0 507.0 0.0 57.3973
10:26:00 7.0 311.0 nan 57.42 57.42 57.4 57.39 455.0 57.42 142.0 311.0 103.0 208.0 0.0 57.4066
10:27:00 27.0 1027.0 nan 57.39 57.39 57.33 57.36 200.0 57.4 206.0 1027.0 212.0 815.0 0.0 57.3751
10:28:00 6.0 250.0 nan 57.38 57.4 57.38 57.36 1.0 57.41 4.0 250.0 250.0 0.0 0.0 57.3901
10:29:00 14.0 326.0 nan 57.36 57.41 57.36 57.35 100.0 57.4 100.0 326.0 4.0 322.0 0.0 57.4066
10:30:00 9.0 1055.0 nan 57.34 57.34 57.31 57.33 100.0 57.38 17.0 1055.0 0.0 1055.0 0.0 57.3394
10:31:00 18.0 220.0 nan 57.25 57.34 57.25 57.21 10.0 57.29 10.0 220.0 0.0 220.0 0.0 57.3105
10:32:00 5.0 106.0 nan 57.22 57.24 57.22 57.21 314.0 57.26 6.0 106.0 6.0 100.0 0.0 57.2211
10:33:00 10.0 223.0 nan 57.26 57.26 57.21 57.21 308.0 57.27 19.0 223.0 16.0 207.0 0.0 57.2131
10:34:00 24.0 645.0 nan 57.15 57.28 57.14 57.12 100.0 57.18 352.0 645.0 222.0 423.0 0.0 57.2212
10:35:00 21.0 707.0 nan 57.11 57.14 57.11 57.11 3.0 57.16 295.0 707.0 0.0 707.0 0.0 57.1158
10:36:00 4.0 80.0 nan 57.11 57.13 57.11 57.1 311.0 57.15 6.0 80.0 77.0 3.0 0.0 57.1105
10:37:00 36.0 1542.0 nan 57.05 57.1 57.03 57.03 200.0 57.06 50.0 1542.0 638.0 904.0 0.0 57.0701
10:38:00 26.0 793.0 nan 56.99 57.01 56.97 56.98 506.0 57.02 10.0 793.0 340.0 453.0 0.0 56.9924
10:39:00 8.0 314.0 nan 56.98 57.01 56.98 56.93 11.0 56.99 250.0 314.0 0.0 314.0 0.0 56.9808
10:40:00 7.0 217.0 nan 56.92 56.93 56.91 56.91 1.0 56.93 7.0 217.0 4.0 213.0 0.0 56.9112
10:41:00 29.0 449.0 nan 56.85 56.93 56.85 56.82 5.0 56.87 150.0 449.0 120.0 329.0 0.0 56.8989
10:42:00 5.0 108.0 nan 56.85 56.87 56.82 56.82 206.0 56.87 150.0 108.0 103.0 5.0 0.0 56.8677
10:43:00 33.0 1039.0 nan 56.88 56.89 56.81 56.84 385.0 56.9 316.0 1039.0 224.0 815.0 0.0 56.8335
10:44:00 25.0 757.0 nan 56.85 56.85 56.84 56.83 1.0 56.86 270.0 757.0 2.0 755.0 0.0 56.8499
10:45:00 30.0 1722.0 nan 56.77 56.83 56.76 56.72 50.0 56.77 351.0 1722.0 31.0 1691.0 0.0 56.8002
10:46:00 10.0 45.0 nan 56.7 56.76 56.7 56.69 1.0 56.72 497.0 45.0 5.0 40.0 0.0 56.7362
10:47:00 165.0 8372.0 nan 56.67 56.7 56.56 56.64 8.0 56.68 260.0 8372.0 1950.0 6422.0 0.0 56.613
10:48:00 26.0 944.0 nan 56.68 56.69 56.65 56.66 300.0 56.7 80.0 944.0 377.0 567.0 0.0 56.6687
10:49:00 24.0 166.0 nan 56.75 56.75 56.67 56.74 150.0 56.76 123.0 166.0 159.0 7.0 0.0 56.7272
10:50:00 6.0 133.0 nan 56.79 56.79 56.75 56.77 802.0 56.81 169.0 133.0 127.0 6.0 0.0 56.7605
10:51:00 85.0 4288.0 nan 56.65 56.78 56.64 56.64 88.0 56.68 205.0 4288.0 614.0 3674.0 0.0 56.6965
10:52:00 42.0 1155.0 nan 56.65 56.66 56.58 56.64 200.0 56.67 48.0 1155.0 438.0 717.0 0.0 56.6178
10:53:00 23.0 509.0 nan 56.64 56.64 56.6 56.61 50.0 56.66 250.0 509.0 60.0 449.0 0.0 56.638
10:54:00 22.0 621.0 nan 56.61 56.66 56.61 56.6 258.0 56.64 150.0 621.0 200.0 421.0 0.0 56.6394
10:55:00 20.0 374.0 nan 56.54 56.6 56.54 56.53 484.0 56.58 267.0 374.0 100.0 274.0 0.0 56.5868
10:56:00 32.0 1095.0 nan 56.48 56.54 56.46 56.46 143.0 56.5 20.0 1095.0 211.0 884.0 0.0 56.5104
10:57:00 61.0 2504.0 nan 56.51 56.54 56.48 56.48 152.0 56.52 265.0 2504.0 1299.0 1205.0 0.0 56.5076
10:58:00 20.0 497.0 nan 56.46 56.51 56.46 56.45 178.0 56.49 259.0 497.0 0.0 497.0 0.0 56.4694
10:59:00 21.0 680.0 nan 56.45 56.5 56.45 56.44 12.0 56.47 2.0 680.0 365.0 315.0 0.0 56.4818
11:00:00 10.0 25.0 nan 56.41 56.47 56.41 56.4 661.0 56.43 6.0 25.0 2.0 23.0 0.0 56.436
11:01:00 24.0 705.0 nan 56.5 56.5 56.43 56.48 423.0 56.51 4.0 705.0 480.0 225.0 0.0 56.4748
11:02:00 18.0 622.0 nan 56.58 56.58 56.51 56.57 386.0 56.61 156.0 622.0 472.0 150.0 0.0 56.5286
11:03:00 14.0 231.0 nan 56.6 56.64 56.6 56.61 332.0 56.66 155.0 231.0 231.0 0.0 0.0 56.6295
11:04:00 44.0 1645.0 nan 56.69 56.69 56.59 56.63 397.0 56.69 5.0 1645.0 751.0 894.0 0.0 56.6258
11:05:00 7.0 73.0 nan 56.7 56.71 56.675 56.68 556.0 56.74 5.0 73.0 73.0 0.0 0.0 56.7055
11:06:00 17.0 838.0 nan 56.74 56.75 56.74 56.73 197.0 56.79 52.0 838.0 105.0 733.0 0.0 56.7401
11:07:00 25.0 592.0 nan 56.71 56.76 56.7 56.69 611.0 56.74 100.0 592.0 102.0 490.0 0.0 56.7205
11:08:00 36.0 913.0 nan 56.79 56.79 56.69 56.77 50.0 56.8 12.0 913.0 568.0 345.0 0.0 56.7265
11:09:00 3.0 22.0 nan 56.81 56.81 56.8 56.8 1120.0 56.87 765.0 22.0 22.0 0.0 0.0 56.8
11:10:00 44.0 1788.0 nan 56.8 56.87 56.8 56.8 525.0 56.84 550.0 1788.0 309.0 1479.0 0.0 56.8264
11:11:00 30.0 1632.0 nan 56.77 56.8 56.77 56.76 7.0 56.79 251.0 1632.0 471.0 1161.0 0.0 56.7871
11:12:00 22.0 570.0 nan 56.76 56.76 56.74 56.74 265.0 56.78 300.0 570.0 220.0 350.0 0.0 56.7537
11:13:00 12.0 529.0 nan 56.74 56.74 56.72 56.73 200.0 56.75 300.0 529.0 100.0 429.0 0.0 56.736
11:14:00 23.0 989.0 nan 56.68 56.76 56.68 56.65 371.0 56.7 205.0 989.0 310.0 679.0 0.0 56.7275
11:15:00 13.0 403.0 nan 56.65 56.7 56.65 56.63 112.0 56.65 239.0 403.0 59.0 344.0 0.0 56.6573
11:16:00 29.0 618.0 nan 56.53 56.63 56.53 56.51 12.0 56.55 72.0 618.0 37.0 581.0 0.0 56.6017
11:17:00 23.0 609.0 nan 56.62 56.62 56.55 56.61 350.0 56.64 201.0 609.0 609.0 0.0 0.0 56.5832
11:18:00 14.0 553.0 nan 56.63 56.66 56.63 56.63 250.0 56.68 181.0 553.0 201.0 352.0 0.0 56.64
11:19:00 1.0 0.0 nan 56.63 56.63 56.63 56.63 666.0 56.67 126.0 nan 0.0 0.0 0.0 nan
11:20:00 29.0 1125.0 nan 56.67 56.68 56.65 56.66 6.0 56.68 270.0 1125.0 588.0 537.0 0.0 56.6713
11:21:00 23.0 696.0 nan 56.71 56.71 56.68 56.7 360.0 56.74 251.0 696.0 519.0 177.0 0.0 56.6958
11:22:00 4.0 123.0 nan 56.76 56.77 56.74 56.74 257.0 56.78 2.0 123.0 117.0 6.0 0.0 56.7678
11:23:00 21.0 735.0 nan 56.78 56.8 56.76 56.76 128.0 56.8 500.0 735.0 326.0 409.0 0.0 56.7836
11:24:00 26.0 586.0 nan 56.77 56.77 56.74 56.76 150.0 56.79 1.0 586.0 270.0 316.0 0.0 56.76
11:25:00 10.0 513.0 nan 56.76 56.76 56.76 56.76 50.0 56.78 10.0 513.0 0.0 513.0 0.0 56.76
11:26:00 29.0 703.0 nan 56.77 56.77 56.72 56.75 360.0 56.78 70.0 703.0 466.0 237.0 0.0 56.7551
11:27:00 4.0 27.0 nan 56.83 56.83 56.78 56.81 301.0 56.85 300.0 27.0 27.0 0.0 0.0 56.8211
11:28:00 3.0 79.0 nan 56.87 56.87 56.87 56.86 19.0 56.89 45.0 79.0 79.0 0.0 0.0 56.87
11:29:00 25.0 1256.0 nan 56.81 56.86 56.81 56.78 200.0 56.84 459.0 1256.0 0.0 1256.0 0.0 56.837
11:30:00 17.0 589.0 nan 56.8 56.84 56.78 56.79 12.0 56.83 554.0 589.0 74.0 515.0 0.0 56.8035
11:31:00 11.0 443.0 nan 56.77 56.79 56.76 56.75 306.0 56.82 148.0 443.0 313.0 130.0 0.0 56.7705
11:32:00 25.0 609.0 nan 56.69 56.78 56.69 56.69 610.0 56.74 147.0 609.0 10.0 599.0 0.0 56.7392
11:33:00 25.0 1043.0 nan 56.67 56.72 56.67 56.66 1.0 56.68 10.0 1043.0 0.0 1043.0 0.0 56.6913
11:34:00 18.0 316.0 nan 56.75 56.75 56.67 56.72 500.0 56.75 66.0 316.0 209.0 107.0 0.0 56.7118
11:35:00 85.0 4807.0 nan 56.74 56.75 56.72 56.74 284.0 56.76 3.0 4807.0 3091.0 1716.0 0.0 56.7412
11:36:00 55.0 2683.0 nan 56.74 56.77 56.65 56.74 250.0 56.75 19.0 2683.0 507.0 2176.0 0.0 56.7008
11:37:00 19.0 1018.0 nan 56.79 56.79 56.72 56.75 161.0 56.82 222.0 1018.0 467.0 551.0 0.0 56.7503
11:38:00 16.0 780.0 nan 56.73 56.77 56.73 56.71 6.0 56.75 153.0 780.0 0.0 780.0 0.0 56.7634
11:39:00 9.0 204.0 nan 56.66 56.71 56.66 56.67 1.0 56.7 50.0 204.0 0.0 204.0 0.0 56.7059
11:40:00 5.0 109.0 nan 56.71 56.72 56.71 56.71 311.0 56.76 111.0 109.0 109.0 0.0 0.0 56.7101
11:41:00 0.0 0.0 nan 56.71 nan nan 56.71 411.0 56.77 714.0 nan 0.0 0.0 0.0 nan
11:42:00 1.0 2.0 nan 56.74 56.74 56.74 56.72 408.0 56.76 209.0 2.0 2.0 0.0 0.0 56.74
11:43:00 49.0 1902.0 nan 56.79 56.79 56.73 56.79 518.0 56.83 108.0 1902.0 1363.0 539.0 0.0 56.7605
11:44:00 47.0 2083.0 nan 56.8 56.81 56.72 56.75 50.0 56.81 150.0 2083.0 208.0 1875.0 0.0 56.7699
11:45:00 39.0 1610.0 nan 56.77 56.79 56.73 56.74 9.0 56.79 103.0 1610.0 234.0 1376.0 0.0 56.7534
11:46:00 19.0 718.0 nan 56.75 56.77 56.74 56.75 520.0 56.79 700.0 718.0 244.0 474.0 0.0 56.7629
11:47:00 25.0 1085.0 nan 56.76 56.77 56.74 56.75 250.0 56.77 38.0 1085.0 265.0 820.0 0.0 56.7549
11:48:00 55.0 3591.0 nan 56.78 56.81 56.75 56.77 800.0 56.78 4.0 3591.0 2862.0 729.0 0.0 56.7891
11:49:00 141.0 6364.0 nan 56.69 56.79 56.68 56.7 100.0 56.73 150.0 6364.0 747.0 5617.0 0.0 56.7429
11:50:00 17.0 342.0 nan 56.73 56.74 56.7 56.71 451.0 56.75 59.0 342.0 137.0 205.0 0.0 56.718
11:51:00 26.0 1456.0 nan 56.7 56.75 56.69 56.69 308.0 56.73 63.0 1456.0 31.0 1425.0 0.0 56.7167
11:52:00 57.0 2399.0 nan 56.68 56.7 56.65 56.67 169.0 56.71 57.0 2399.0 1299.0 1100.0 0.0 56.6773
11:53:00 25.0 944.0 nan 56.64 56.71 56.62 56.64 163.0 56.66 19.0 944.0 598.0 346.0 0.0 56.678
11:54:00 10.0 266.0 nan 56.71 56.71 56.66 56.69 502.0 56.72 4.0 266.0 266.0 0.0 0.0 56.697
11:55:00 54.0 2466.0 nan 56.77 56.81 56.71 56.76 260.0 56.8 186.0 2466.0 1375.0 1091.0 0.0 56.7633
11:56:00 16.0 752.0 nan 56.79 56.79 56.74 56.75 662.0 56.78 2.0 752.0 200.0 552.0 0.0 56.7563
11:57:00 95.0 4187.0 nan 56.72 56.76 56.62 56.71 100.0 56.77 350.0 4187.0 1179.0 3008.0 0.0 56.7022
11:58:00 33.0 1465.0 nan 56.82 56.83 56.73 56.82 300.0 56.83 411.0 1465.0 860.0 605.0 0.0 56.8132
11:59:00 29.0 2042.0 nan 56.9 56.92 56.82 56.86 941.0 56.9 5.0 2042.0 1642.0 400.0 0.0 56.8407
12:00:00 67.0 2715.0 nan 56.8 56.9 56.78 56.79 300.0 56.82 160.0 2715.0 344.0 2371.0 0.0 56.8388
12:01:00 159.0 8116.0 nan 56.85 56.89 56.75 56.83 150.0 56.88 254.0 8116.0 2679.0 5437.0 0.0 56.814
12:02:00 69.0 2770.0 nan 56.79 56.85 56.75 56.81 200.0 56.84 50.0 2770.0 484.0 2286.0 0.0 56.8055
12:03:00 28.0 1595.0 nan 56.85 56.88 56.84 56.82 311.0 56.85 20.0 1595.0 423.0 1172.0 0.0 56.8528
12:04:00 57.0 2517.0 nan 56.87 56.87 56.84 56.86 685.0 56.89 2110.0 2517.0 1298.0 1219.0 0.0 56.8598
12:05:00 110.0 6256.0 nan 56.87 56.89 56.84 56.85 920.0 56.88 300.0 6256.0 3144.0 3112.0 0.0 56.8763
12:06:00 166.0 7949.0 nan 56.79 56.88 56.79 56.79 209.0 56.83 150.0 7949.0 1752.0 6197.0 0.0 56.8304
12:07:00 35.0 1772.0 nan 56.84 56.85 56.77 56.82 1105.0 56.85 19.0 1772.0 524.0 1248.0 0.0 56.8187
12:08:00 116.0 7695.0 nan 56.9 56.9 56.84 56.88 500.0 56.91 10.0 7695.0 6766.0 929.0 0.0 56.8701
12:09:00 142.0 6569.0 nan 56.88 56.9 56.81 56.86 732.0 56.89 500.0 6569.0 2088.0 4481.0 0.0 56.8586
12:10:00 106.0 6341.0 nan 56.92 56.92 56.88 56.9 1612.0 56.92 100.0 6341.0 5999.0 342.0 0.0 56.8993
12:11:00 108.0 6625.0 nan 56.94 56.94 56.85 56.93 54.0 56.95 233.0 6625.0 2434.0 4191.0 0.0 56.8854
12:12:00 97.0 5818.0 nan 56.93 56.95 56.88 56.92 25.0 56.95 926.0 5818.0 3037.0 2781.0 0.0 56.9158
12:13:00 35.0 2429.0 nan 56.92 56.95 56.92 56.91 105.0 56.93 159.0 2429.0 1378.0 1051.0 0.0 56.9384
12:14:00 172.0 16220.0 nan 56.96 57.0 56.85 56.97 200.0 56.99 150.0 16220.0 11283.0 4937.0 0.0 56.9097
12:15:00 104.0 6049.0 nan 56.93 57.01 56.87 56.9 665.0 56.94 521.0 6049.0 691.0 5358.0 0.0 56.9196
12:16:00 66.0 4280.0 nan 56.86 56.94 56.85 56.85 208.0 56.88 150.0 4280.0 628.0 3652.0 0.0 56.883
12:17:00 59.0 2183.0 nan 56.86 56.87 56.83 56.84 453.0 56.86 104.0 2183.0 1130.0 1053.0 0.0 56.844
12:18:00 69.0 3930.0 nan 56.87 56.9 56.86 56.86 1068.0 56.89 200.0 3930.0 3072.0 858.0 0.0 56.8825
12:19:00 68.0 8621.0 nan 56.91 56.91 56.89 56.9 151.0 56.92 10.0 8621.0 8071.0 550.0 0.0 56.8991
12:20:00 58.0 3139.0 nan 56.94 56.97 56.9 56.93 329.0 56.94 204.0 3139.0 1723.0 1416.0 0.0 56.9392
12:21:00 74.0 4048.0 nan 56.88 56.94 56.87 56.88 200.0 56.91 250.0 4048.0 307.0 3741.0 0.0 56.9047
12:22:00 97.0 6555.0 nan 56.86 56.91 56.84 56.86 250.0 56.88 1000.0 6555.0 1324.0 5231.0 0.0 56.8739
12:23:00 188.0 11604.0 nan 56.92 56.92 56.85 56.91 200.0 56.93 34.0 11604.0 7495.0 4109.0 0.0 56.8958
12:24:00 104.0 6198.0 nan 56.98 56.98 56.87 56.96 329.0 56.98 250.0 6198.0 2312.0 3886.0 0.0 56.9064
12:25:00 127.0 9377.0 nan 56.98 57.07 56.98 56.96 8.0 56.99 69.0 9377.0 4610.0 4767.0 0.0 57.0449
12:26:00 40.0 2287.0 nan 57.01 57.01 56.935 56.99 520.0 57.02 20.0 2287.0 568.0 1719.0 0.0 56.9753
12:27:00 24.0 1194.0 nan 57.0 57.02 56.99 56.99 414.0 57.02 436.0 1194.0 253.0 941.0 0.0 56.9974
12:28:00 80.0 5956.0 nan 56.93 57.01 56.93 56.92 100.0 56.94 300.0 5956.0 614.0 5342.0 0.0 56.9777
12:29:00 60.0 7039.0 nan 56.86 56.94 56.85 56.85 672.0 56.87 220.0 7039.0 3601.0 3438.0 0.0 56.8922
12:30:00 16.0 602.0 nan 56.83 56.86 56.83 56.83 250.0 56.86 3.0 602.0 43.0 559.0 0.0 56.8441
12:31:00 29.0 1536.0 nan 56.78 56.87 56.78 56.77 158.0 56.79 167.0 1536.0 34.0 1502.0 0.0 56.8194
12:32:00 141.0 5181.0 nan 57.02 57.06 56.77 56.98 150.0 57.03 160.0 5181.0 3323.0 1858.0 0.0 56.9527
12:33:00 48.0 2828.0 nan 57.09 57.11 57.03 57.04 150.0 57.1 280.0 2828.0 1869.0 959.0 0.0 57.0573
12:34:00 37.0 1111.0 nan 57.4 57.4 57.1 57.37 23.0 57.43 150.0 1111.0 634.0 477.0 0.0 57.2288
12:35:00 30.0 1644.0 nan 57.48 57.51 57.39 57.45 360.0 57.52 350.0 1644.0 1048.0 596.0 0.0 57.4714
12:36:00 16.0 719.0 nan 57.49 57.49 57.45 57.46 500.0 57.5 20.0 719.0 409.0 310.0 0.0 57.4632
12:37:00 35.0 925.0 nan 57.56 57.56 57.49 57.51 120.0 57.57 360.0 925.0 425.0 500.0 0.0 57.5457
12:38:00 31.0 1022.0 nan 57.44 57.56 57.44 57.44 18.0 57.48 475.0 1022.0 18.0 1004.0 0.0 57.4587
12:39:00 25.0 838.0 nan 57.38 57.47 57.35 57.38 300.0 57.44 388.0 838.0 268.0 570.0 0.0 57.4359
12:40:00 14.0 550.0 nan 57.34 57.37 57.32 57.3 350.0 57.35 144.0 550.0 0.0 550.0 0.0 57.3491
12:41:00 11.0 511.0 nan 57.31 57.33 57.29 57.27 307.0 57.31 6.0 511.0 103.0 408.0 0.0 57.3038
12:42:00 31.0 958.0 nan 57.23 57.31 57.23 57.24 250.0 57.28 152.0 958.0 233.0 725.0 0.0 57.2619
12:43:00 12.0 506.0 nan 57.26 57.29 57.26 57.24 100.0 57.27 350.0 506.0 255.0 251.0 0.0 57.2749
12:44:00 54.0 2754.0 nan 57.28 57.29 57.21 57.24 60.0 57.29 150.0 2754.0 1421.0 1333.0 0.0 57.2463
12:45:00 21.0 935.0 nan 57.32 57.35 57.29 57.32 123.0 57.35 145.0 935.0 525.0 410.0 0.0 57.3111
12:46:00 35.0 1411.0 nan 57.23 57.32 57.2 57.22 50.0 57.27 170.0 1411.0 537.0 874.0 0.0 57.2628
12:47:00 20.0 930.0 nan 57.28 57.34 57.24 57.26 50.0 57.33 150.0 930.0 636.0 294.0 0.0 57.3048
12:48:00 23.0 983.0 nan 57.38 57.38 57.25 57.35 200.0 57.38 8.0 983.0 782.0 201.0 0.0 57.3113
12:49:00 34.0 1359.0 nan 57.43 57.45 57.34 57.41 153.0 57.45 136.0 1359.0 708.0 651.0 0.0 57.3798
12:50:00 12.0 405.0 nan 57.45 57.45 57.41 57.41 200.0 57.45 217.0 405.0 184.0 221.0 0.0 57.4282
12:51:00 31.0 713.0 nan 57.4 57.46 57.4 57.39 180.0 57.43 3.0 713.0 294.0 419.0 0.0 57.4399
12:52:00 16.0 156.0 nan 57.44 57.44 57.4 57.43 355.0 57.46 20.0 156.0 156.0 0.0 0.0 57.4392
12:53:00 30.0 1030.0 nan 57.49 57.49 57.42 57.46 100.0 57.5 77.0 1030.0 145.0 885.0 0.0 57.4325
12:54:00 32.0 1290.0 nan 57.39 57.47 57.39 57.37 165.0 57.42 166.0 1290.0 293.0 997.0 0.0 57.4152
12:55:00 16.0 398.0 nan 57.43 57.45 57.42 57.43 210.0 57.46 50.0 398.0 339.0 59.0 0.0 57.4329
12:56:00 7.0 216.0 nan 57.42 57.44 57.42 57.42 5.0 57.45 13.0 216.0 3.0 213.0 0.0 57.43
12:57:00 27.0 457.0 nan 57.51 57.51 57.42 57.5 548.0 57.52 22.0 457.0 449.0 8.0 0.0 57.4867
12:58:00 27.0 1356.0 nan 57.47 57.5 57.47 57.45 252.0 57.48 1.0 1356.0 197.0 1159.0 0.0 57.4894
12:59:00 30.0 794.0 nan 57.55 57.55 57.48 57.54 150.0 57.57 20.0 794.0 636.0 158.0 0.0 57.5231
13:00:00 32.0 1185.0 nan 57.56 57.63 57.56 57.57 310.0 57.63 52.0 1185.0 639.0 546.0 0.0 57.5922
13:01:00 21.0 558.0 nan 57.52 57.57 57.52 57.51 1.0 57.55 112.0 558.0 0.0 558.0 0.0 57.5515
13:02:00 13.0 391.0 nan 57.5 57.55 57.5 57.49 239.0 57.53 403.0 391.0 111.0 280.0 0.0 57.5183
13:03:00 14.0 385.0 nan 57.5 57.51 57.48 57.48 150.0 57.53 264.0 385.0 0.0 385.0 0.0 57.4891
13:04:00 25.0 811.0 nan 57.52 57.56 57.51 57.51 252.0 57.56 150.0 811.0 810.0 1.0 0.0 57.5313
13:05:00 20.0 650.0 nan 57.55 57.57 57.55 57.54 4.0 57.56 3.0 650.0 133.0 517.0 0.0 57.5602
13:06:00 22.0 694.0 nan 57.53 57.54 57.51 57.51 150.0 57.55 3.0 694.0 195.0 499.0 0.0 57.5226
13:07:00 36.0 1252.0 nan 57.57 57.6 57.53 57.54 259.0 57.57 255.0 1252.0 323.0 929.0 0.0 57.5777
13:08:00 15.0 272.0 nan 57.5 57.55 57.5 57.49 13.0 57.53 50.0 272.0 0.0 272.0 0.0 57.5383
13:09:00 13.0 232.0 nan 57.48 57.49 57.47 57.47 10.0 57.51 342.0 232.0 11.0 221.0 0.0 57.4803
13:10:00 30.0 646.0 nan 57.46 57.49 57.46 57.44 195.0 57.49 300.0 646.0 193.0 453.0 0.0 57.4785
13:11:00 34.0 752.0 nan 57.43 57.45 57.4 57.42 101.0 57.45 6.0 752.0 330.0 422.0 0.0 57.4215
13:12:00 18.0 364.0 nan 57.46 57.47 57.43 57.43 200.0 57.48 14.0 364.0 155.0 209.0 0.0 57.451
13:13:00 9.0 271.0 nan 57.44 57.44 57.43 57.43 4.0 57.45 2.0 271.0 6.0 265.0 0.0 57.4385
13:14:00 34.0 1250.0 nan 57.46 57.5 57.44 57.46 216.0 57.5 244.0 1250.0 721.0 529.0 0.0 57.4803
13:15:00 39.0 985.0 nan 57.52 57.53 57.49 57.5 110.0 57.53 152.0 985.0 457.0 528.0 0.0 57.5025
13:16:00 39.0 1365.0 nan 57.57 57.59 57.53 57.55 201.0 57.59 272.0 1365.0 631.0 734.0 0.0 57.5644
13:17:00 19.0 570.0 nan 57.55 57.55 57.52 57.52 63.0 57.57 8.0 570.0 189.0 381.0 0.0 57.5485
13:18:00 34.0 718.0 nan 57.56 57.61 57.55 57.56 141.0 57.6 160.0 718.0 339.0 379.0 0.0 57.5739
13:19:00 19.0 585.0 nan 57.56 57.56 57.54 57.51 68.0 57.57 68.0 585.0 0.0 585.0 0.0 57.5516
13:20:00 19.0 165.0 nan 57.56 57.61 57.56 57.55 1.0 57.6 150.0 165.0 35.0 130.0 0.0 57.582
13:21:00 1.0 1.0 nan 57.55 57.55 57.55 57.53 407.0 57.59 125.0 1.0 0.0 1.0 0.0 57.55
13:22:00 23.0 212.0 nan 57.55 57.59 57.53 57.53 500.0 57.57 10.0 212.0 151.0 61.0 0.0 57.5676
13:23:00 10.0 10.0 nan 57.55 57.55 57.54 57.52 736.0 57.55 37.0 10.0 10.0 0.0 0.0 57.55
13:24:00 25.0 1293.0 nan 57.54 57.54 57.52 57.53 2.0 57.57 350.0 1293.0 490.0 803.0 0.0 57.5271
13:25:00 14.0 602.0 nan 57.54 57.54 57.51 57.52 52.0 57.55 208.0 602.0 0.0 602.0 0.0 57.5168
13:26:00 22.0 637.0 nan 57.52 57.55 57.51 57.52 50.0 57.56 100.0 637.0 363.0 274.0 0.0 57.5349
13:27:00 13.0 454.0 nan 57.56 57.57 57.52 57.56 2.0 57.57 6.0 454.0 16.0 438.0 0.0 57.537
13:28:00 17.0 354.0 nan 57.57 57.6 57.57 57.57 201.0 57.6 166.0 354.0 53.0 301.0 0.0 57.5731
13:29:00 24.0 866.0 nan 57.55 57.6 57.55 57.55 3.0 57.56 5.0 866.0 16.0 850.0 0.0 57.5681
13:30:00 44.0 1383.0 nan 57.66 57.66 57.56 57.64 659.0 57.67 10.0 1383.0 1371.0 12.0 0.0 57.6263
13:31:00 24.0 945.0 nan 57.59 57.64 57.57 57.6 1.0 57.61 1.0 945.0 1.0 944.0 0.0 57.6301
13:32:00 37.0 838.0 nan 57.54 57.6 57.54 57.52 301.0 57.57 239.0 838.0 253.0 585.0 0.0 57.5689
13:33:00 36.0 1470.0 nan 57.45 57.53 57.44 57.44 251.0 57.49 172.0 1470.0 619.0 851.0 0.0 57.4755
13:34:00 9.0 420.0 nan 57.44 57.45 57.44 57.44 304.0 57.49 172.0 420.0 0.0 420.0 0.0 57.4474
13:35:00 12.0 143.0 nan 57.41 57.45 57.37 57.4 450.0 57.43 319.0 143.0 1.0 142.0 0.0 57.4361
13:36:00 23.0 795.0 nan 57.46 57.48 57.43 57.46 401.0 57.49 4.0 795.0 468.0 327.0 0.0 57.4494
13:37:00 16.0 520.0 nan 57.48 57.48 57.45 57.47 302.0 57.49 42.0 520.0 115.0 405.0 0.0 57.4643
13:38:00 36.0 1532.0 nan 57.46 57.53 57.46 57.46 467.0 57.49 269.0 1532.0 604.0 928.0 0.0 57.4943
13:39:00 19.0 536.0 nan 57.47 57.49 57.47 57.46 465.0 57.5 181.0 536.0 172.0 364.0 0.0 57.4843
13:40:00 20.0 918.0 nan 57.46 57.46 57.42 57.43 78.0 57.47 401.0 918.0 0.0 918.0 0.0 57.4544
13:41:00 33.0 770.0 nan 57.45 57.46 57.42 57.43 529.0 57.47 277.0 770.0 323.0 447.0 0.0 57.4466
13:42:00 24.0 762.0 nan 57.41 57.46 57.41 57.37 470.0 57.42 264.0 762.0 0.0 762.0 0.0 57.4304
13:43:00 28.0 899.0 nan 57.4 57.41 57.34 57.38 471.0 57.42 30.0 899.0 427.0 472.0 0.0 57.3779
13:44:00 29.0 705.0 nan 57.4 57.44 57.4 57.4 10.0 57.44 121.0 705.0 302.0 403.0 0.0 57.421
13:45:00 8.0 231.0 nan 57.445 57.445 57.4 57.42 649.0 57.45 20.0 231.0 159.0 72.0 0.0 57.426
13:46:00 2.0 1.0 nan 57.43 57.43 57.42 57.42 200.0 57.44 56.0 1.0 0.0 1.0 0.0 57.42
13:47:00 19.0 626.0 nan 57.43 57.43 57.4 57.39 2.0 57.42 50.0 626.0 71.0 555.0 0.0 57.4145
13:48:00 21.0 783.0 nan 57.42 57.44 57.42 57.41 353.0 57.44 343.0 783.0 676.0 107.0 0.0 57.432
13:49:00 24.0 609.0 nan 57.38 57.41 57.36 57.35 250.0 57.39 150.0 609.0 112.0 497.0 0.0 57.3998
13:50:00 32.0 838.0 nan 57.47 57.5 57.42 57.43 200.0 57.47 6.0 838.0 527.0 311.0 0.0 57.4508
13:51:00 17.0 365.0 nan 57.5 57.52 57.49 57.48 309.0 57.52 113.0 365.0 363.0 2.0 0.0 57.5059
13:52:00 26.0 967.0 nan 57.52 57.56 57.51 57.49 260.0 57.54 163.0 967.0 564.0 403.0 0.0 57.5276
13:53:00 11.0 290.0 nan 57.52 57.53 57.52 57.5 4.0 57.55 51.0 290.0 178.0 112.0 0.0 57.5262
13:54:00 8.0 360.0 nan 57.5 57.52 57.5 57.49 252.0 57.53 236.0 360.0 0.0 360.0 0.0 57.5114
13:55:00 23.0 834.0 nan 57.45 57.52 57.45 57.46 50.0 57.49 79.0 834.0 14.0 820.0 0.0 57.493
13:56:00 11.0 473.0 nan 57.49 57.49 57.49 57.49 561.0 57.52 11.0 473.0 473.0 0.0 0.0 57.49
13:57:00 12.0 268.0 nan 57.53 57.53 57.49 57.53 3.0 57.54 1.0 268.0 166.0 102.0 0.0 57.5124
13:58:00 1.0 1.0 nan 57.54 57.54 57.54 57.53 599.0 57.55 1.0 1.0 1.0 0.0 0.0 57.54
13:59:00 36.0 1451.0 nan 57.48 57.53 57.47 57.47 613.0 57.51 201.0 1451.0 174.0 1277.0 0.0 57.5018
14:00:00 12.0 232.0 nan 57.47 57.48 57.46 57.46 578.0 57.49 186.0 232.0 5.0 227.0 0.0 57.4701
14:01:00 29.0 986.0 nan 57.49 57.49 57.48 57.47 501.0 57.51 108.0 986.0 765.0 221.0 0.0 57.4888
14:02:00 14.0 601.0 nan 57.5 57.5 57.47 57.49 250.0 57.52 10.0 601.0 400.0 201.0 0.0 57.485
14:03:00 15.0 179.0 nan 57.48 57.53 57.48 57.47 201.0 57.5 219.0 179.0 55.0 124.0 0.0 57.5055
14:04:00 18.0 844.0 nan 57.45 57.47 57.45 57.43 64.0 57.47 438.0 844.0 0.0 844.0 0.0 57.4573
14:05:00 25.0 619.0 nan 57.43 57.43 57.39 57.41 217.0 57.44 335.0 619.0 417.0 202.0 0.0 57.4223
14:06:00 16.0 527.0 nan 57.38 57.41 57.38 57.37 166.0 57.41 289.0 527.0 0.0 527.0 0.0 57.3974
14:07:00 40.0 635.0 nan 57.46 57.47 57.41 57.46 303.0 57.48 98.0 635.0 525.0 110.0 0.0 57.4425
14:08:00 11.0 281.0 nan 57.48 57.48 57.46 57.46 206.0 57.49 435.0 281.0 63.0 218.0 0.0 57.4645
14:09:00 24.0 986.0 nan 57.43 57.46 57.43 57.42 6.0 57.44 13.0 986.0 100.0 886.0 0.0 57.4519
14:10:00 18.0 488.0 nan 57.42 57.45 57.42 57.38 444.0 57.42 51.0 488.0 281.0 207.0 0.0 57.434
14:11:00 36.0 1061.0 nan 57.35 57.43 57.35 57.34 6.0 57.38 515.0 1061.0 499.0 562.0 0.0 57.41
14:12:00 25.0 661.0 nan 57.45 57.45 57.34 57.44 456.0 57.46 44.0 661.0 511.0 150.0 0.0 57.3862
14:13:00 27.0 477.0 nan 57.56 57.56 57.46 57.55 541.0 57.57 1.0 477.0 477.0 0.0 0.0 57.51
14:14:00 25.0 1119.0 nan 57.5 57.57 57.5 57.52 150.0 57.55 293.0 1119.0 101.0 1018.0 0.0 57.5328
14:15:00 47.0 1640.0 nan 57.6 57.62 57.5 57.58 254.0 57.62 4.0 1640.0 1131.0 509.0 0.0 57.5703
14:16:00 7.0 281.0 nan 57.57 57.58 57.57 57.55 609.0 57.59 211.0 281.0 0.0 281.0 0.0 57.5776
14:17:00 17.0 475.0 nan 57.61 57.61 57.55 57.58 454.0 57.62 64.0 475.0 207.0 268.0 0.0 57.5674
14:18:00 17.0 514.0 nan 57.6 57.64 57.6 57.57 408.0 57.62 53.0 514.0 100.0 414.0 0.0 57.6068
14:19:00 28.0 1045.0 nan 57.53 57.58 57.49 57.5 200.0 57.53 50.0 1045.0 100.0 945.0 0.0 57.5308
14:20:00 55.0 2890.0 nan 57.51 57.55 57.49 57.5 300.0 57.51 200.0 2890.0 1067.0 1823.0 0.0 57.5211
14:21:00 19.0 550.0 nan 57.5 57.5 57.46 57.46 63.0 57.5 15.0 550.0 219.0 331.0 0.0 57.4959
14:22:00 6.0 35.0 nan 57.49 57.5 57.49 57.47 663.0 57.52 13.0 35.0 15.0 20.0 0.0 57.4943
14:23:00 14.0 434.0 nan 57.44 57.48 57.44 57.42 151.0 57.48 164.0 434.0 0.0 434.0 0.0 57.4456
14:24:00 7.0 379.0 nan 57.4 57.41 57.4 57.39 9.0 57.42 174.0 379.0 3.0 376.0 0.0 57.4099
14:25:00 12.0 335.0 nan 57.38 57.39 57.38 57.38 8.0 57.4 32.0 335.0 110.0 225.0 0.0 57.3836
14:26:00 27.0 558.0 nan 57.41 57.415 57.37 57.38 4.0 57.42 166.0 558.0 492.0 66.0 0.0 57.384
14:27:00 7.0 140.0 nan 57.43 57.43 57.39 57.41 497.0 57.44 100.0 140.0 124.0 16.0 0.0 57.4247
14:28:00 17.0 893.0 nan 57.43 57.43 57.39 57.4 210.0 57.44 400.0 893.0 19.0 874.0 0.0 57.4104
14:29:00 17.0 674.0 nan 57.43 57.45 57.43 57.42 110.0 57.45 187.0 674.0 374.0 300.0 0.0 57.4366
14:30:00 27.0 1173.0 nan 57.48 57.48 57.42 57.46 310.0 57.48 121.0 1173.0 557.0 616.0 0.0 57.4239
14:31:00 25.0 819.0 nan 57.45 57.48 57.44 57.44 195.0 57.48 79.0 819.0 195.0 624.0 0.0 57.4575
14:32:00 15.0 530.0 nan 57.43 57.48 57.43 57.45 364.0 57.48 19.0 530.0 29.0 501.0 0.0 57.4466
14:33:00 25.0 566.0 nan 57.48 57.48 57.44 57.45 450.0 57.49 20.0 566.0 348.0 218.0 0.0 57.4666
14:34:00 16.0 626.0 nan 57.45 57.46 57.45 57.45 12.0 57.48 169.0 626.0 0.0 626.0 0.0 57.45
14:35:00 11.0 218.0 nan 57.47 57.47 57.43 57.46 250.0 57.49 94.0 218.0 130.0 88.0 0.0 57.4507
14:36:00 27.0 1051.0 nan 57.44 57.47 57.44 57.44 350.0 57.48 423.0 1051.0 300.0 751.0 0.0 57.4524
14:37:00 33.0 1250.0 nan 57.47 57.49 57.45 57.46 168.0 57.48 60.0 1250.0 625.0 625.0 0.0 57.465
14:38:00 4.0 159.0 nan 57.48 57.48 57.47 57.46 837.0 57.49 223.0 159.0 159.0 0.0 0.0 57.4768
14:39:00 50.0 1761.0 nan 57.46 57.515 57.46 57.48 150.0 57.52 20.0 1761.0 569.0 1192.0 0.0 57.4948
14:40:00 17.0 489.0 nan 57.47 57.52 57.47 57.46 503.0 57.49 359.0 489.0 20.0 469.0 0.0 57.4978
14:41:00 36.0 782.0 nan 57.46 57.475 57.44 57.46 450.0 57.49 396.0 782.0 230.0 552.0 0.0 57.4643
14:42:00 38.0 1138.0 nan 57.47 57.52 57.47 57.46 100.0 57.48 56.0 1138.0 528.0 610.0 0.0 57.4965
14:43:00 22.0 960.0 nan 57.47 57.49 57.44 57.45 1.0 57.47 1.0 960.0 341.0 619.0 0.0 57.468
14:44:00 50.0 1489.0 nan 57.37 57.45 57.37 57.35 482.0 57.39 256.0 1489.0 451.0 1038.0 0.0 57.4077
14:45:00 17.0 407.0 nan 57.32 57.36 57.315 57.3 540.0 57.33 110.0 407.0 13.0 394.0 0.0 57.3308
14:46:00 16.0 465.0 nan 57.32 57.34 57.3 57.3 720.0 57.33 134.0 465.0 222.0 243.0 0.0 57.3145
14:47:00 31.0 1098.0 nan 57.27 57.31 57.27 57.25 260.0 57.29 54.0 1098.0 100.0 998.0 0.0 57.29
14:48:00 23.0 404.0 nan 57.23 57.26 57.23 57.22 452.0 57.26 242.0 404.0 38.0 366.0 0.0 57.2474
14:49:00 22.0 471.0 nan 57.27 57.29 57.24 57.26 51.0 57.3 14.0 471.0 266.0 205.0 0.0 57.2697
14:50:00 9.0 177.0 nan 57.23 57.26 57.23 57.22 540.0 57.26 192.0 177.0 0.0 177.0 0.0 57.2323
14:51:00 28.0 1180.0 nan 57.19 57.24 57.19 57.17 352.0 57.21 6.0 1180.0 100.0 1080.0 0.0 57.2175
14:52:00 17.0 528.0 nan 57.17 57.18 57.17 57.17 129.0 57.19 12.0 528.0 0.0 528.0 0.0 57.17
14:53:00 22.0 446.0 nan 57.18 57.18 57.15 57.16 526.0 57.18 112.0 446.0 370.0 76.0 0.0 57.1714
14:54:00 42.0 1078.0 nan 57.17 57.24 57.17 57.16 102.0 57.19 386.0 1078.0 420.0 658.0 0.0 57.1952
14:55:00 13.0 536.0 nan 57.18 57.18 57.15 57.16 342.0 57.2 210.0 536.0 209.0 327.0 0.0 57.1618
14:56:00 26.0 804.0 nan 57.14 57.18 57.14 57.15 2.0 57.17 150.0 804.0 103.0 701.0 0.0 57.1523
14:57:00 31.0 941.0 nan 57.17 57.2 57.17 57.14 1.0 57.18 150.0 941.0 162.0 779.0 0.0 57.173
14:58:00 12.0 611.0 nan 57.15 57.15 57.14 57.14 152.0 57.16 1.0 611.0 302.0 309.0 0.0 57.1434
14:59:00 14.0 193.0 nan 57.15 57.16 57.13 57.14 484.0 57.17 255.0 193.0 17.0 176.0 0.0 57.1495
15:00:00 25.0 1008.0 nan 57.15 57.17 57.14 57.14 267.0 57.17 150.0 1008.0 208.0 800.0 0.0 57.1564
15:01:00 53.0 1233.0 nan 57.1 57.14 57.05 57.08 443.0 57.11 31.0 1233.0 393.0 840.0 0.0 57.0958
15:02:00 14.0 483.0 nan 57.05 57.1 57.05 57.05 260.0 57.08 235.0 483.0 150.0 333.0 0.0 57.0686
15:03:00 33.0 1025.0 nan 57.06 57.08 57.05 57.05 106.0 57.08 350.0 1025.0 560.0 465.0 0.0 57.0705
15:04:00 28.0 744.0 nan 57.02 57.07 57.02 57.01 100.0 57.04 150.0 744.0 266.0 478.0 0.0 57.0444
15:05:00 480.0 27610.0 nan 56.83 57.01 56.63 56.82 201.0 56.84 9.0 27610.0 3257.0 24353.0 0.0 56.8009
15:06:00 54.0 2518.0 nan 56.9 56.91 56.84 56.88 151.0 56.9 2.0 2518.0 1731.0 787.0 0.0 56.8809
15:07:00 38.0 1507.0 nan 56.85 56.89 56.84 56.83 211.0 56.85 109.0 1507.0 400.0 1107.0 0.0 56.854
15:08:00 53.0 1465.0 nan 56.8 56.86 56.79 56.8 50.0 56.82 172.0 1465.0 660.0 805.0 0.0 56.8148
15:09:00 56.0 2244.0 nan 56.77 56.82 56.77 56.77 90.0 56.78 104.0 2244.0 1009.0 1235.0 0.0 56.7921
15:10:00 12.0 686.0 nan 56.77 56.78 56.75 56.78 355.0 56.82 14.0 686.0 477.0 209.0 0.0 56.7666
15:11:00 60.0 1387.0 nan 56.83 56.85 56.75 56.81 60.0 56.85 360.0 1387.0 1137.0 250.0 0.0 56.7956
15:12:00 25.0 1494.0 nan 56.85 56.86 56.84 56.83 357.0 56.86 308.0 1494.0 786.0 708.0 0.0 56.8487
15:13:00 43.0 1326.0 nan 56.85 56.85 56.79 56.81 738.0 56.86 598.0 1326.0 801.0 525.0 0.0 56.8147
15:14:00 18.0 618.0 nan 56.87 56.88 56.85 56.87 401.0 56.89 451.0 618.0 308.0 310.0 0.0 56.8651
15:15:00 59.0 3161.0 nan 56.9 56.91 56.87 56.89 352.0 56.91 138.0 3161.0 1827.0 1334.0 0.0 56.8899
15:16:00 30.0 1126.0 nan 56.95 56.97 56.89 56.93 321.0 56.97 607.0 1126.0 699.0 427.0 0.0 56.9195
15:17:00 29.0 753.0 nan 56.87 56.94 56.87 56.87 250.0 56.89 309.0 753.0 0.0 753.0 0.0 56.9102
15:18:00 40.0 1508.0 nan 57.03 57.03 56.89 57.01 175.0 57.03 15.0 1508.0 1239.0 269.0 0.0 56.9383
15:19:00 31.0 1263.0 nan 57.02 57.05 56.995 57.0 202.0 57.03 478.0 1263.0 430.0 833.0 0.0 57.0248
15:20:00 8.0 328.0 nan 57.03 57.03 57.02 57.01 216.0 57.05 306.0 328.0 328.0 0.0 0.0 57.0299
15:21:00 20.0 555.0 nan 57.01 57.03 57.01 56.99 764.0 57.02 401.0 555.0 113.0 442.0 0.0 57.0237
15:22:00 34.0 1112.0 nan 56.97 57.0 56.94 56.95 303.0 56.97 100.0 1112.0 513.0 599.0 0.0 56.967
15:23:00 32.0 1353.0 nan 56.96 56.97 56.93 56.94 371.0 56.97 251.0 1353.0 756.0 597.0 0.0 56.9614
15:24:00 42.0 2105.0 nan 57.03 57.04 56.94 57.01 360.0 57.06 554.0 2105.0 1222.0 883.0 0.0 56.9845
15:25:00 23.0 1197.0 nan 57.01 57.02 57.01 57.01 1.0 57.03 202.0 1197.0 420.0 777.0 0.0 57.0174
15:26:00 30.0 1137.0 nan 57.06 57.07 57.03 57.05 250.0 57.08 105.0 1137.0 572.0 565.0 0.0 57.0539
15:27:00 38.0 1094.0 nan 57.05 57.08 57.04 57.05 100.0 57.06 710.0 1094.0 329.0 765.0 0.0 57.0562
15:28:00 75.0 3210.0 nan 57.16 57.16 57.05 57.16 201.0 57.17 400.0 3210.0 2132.0 1078.0 0.0 57.1099
15:29:00 22.0 1489.0 nan 57.16 57.17 57.16 57.16 6.0 57.17 1.0 1489.0 822.0 667.0 0.0 57.1636
15:30:00 16.0 467.0 nan 57.2 57.2 57.15 57.18 11.0 57.22 290.0 467.0 461.0 6.0 0.0 57.1731
15:31:00 63.0 2967.0 nan 57.14 57.18 57.12 57.12 366.0 57.15 761.0 2967.0 915.0 2052.0 0.0 57.1547
15:32:00 59.0 2276.0 nan 57.095 57.16 57.095 57.08 252.0 57.11 151.0 2276.0 755.0 1521.0 0.0 57.1247
15:33:00 24.0 802.0 nan 57.01 57.08 57.01 57.01 344.0 57.03 985.0 802.0 126.0 676.0 0.0 57.0567
15:34:00 56.0 2884.0 nan 57.01 57.03 57.01 57.0 221.0 57.02 501.0 2884.0 1580.0 1304.0 0.0 57.0227
15:35:00 23.0 807.0 nan 56.99 57.0 56.98 56.98 421.0 57.0 39.0 807.0 493.0 314.0 0.0 56.9919
15:36:00 49.0 2240.0 nan 57.0 57.03 56.98 57.0 202.0 57.02 150.0 2240.0 966.0 1274.0 0.0 57.0047
15:37:00 47.0 1778.0 nan 56.98 57.0 56.98 56.98 300.0 57.0 156.0 1778.0 462.0 1316.0 0.0 56.995
15:38:00 33.0 1706.0 nan 57.01 57.01 56.96 57.0 384.0 57.02 32.0 1706.0 1029.0 677.0 0.0 56.9872
15:39:00 43.0 1088.0 nan 57.06 57.06 57.015 57.05 582.0 57.07 196.0 1088.0 423.0 665.0 0.0 57.0338
15:40:00 70.0 2312.0 nan 57.09 57.11 57.065 57.07 658.0 57.09 1.0 2312.0 815.0 1497.0 0.0 57.0867
15:41:00 57.0 2311.0 nan 57.01 57.07 57.01 57.0 411.0 57.03 790.0 2311.0 1039.0 1272.0 0.0 57.043
15:42:00 28.0 748.0 nan 57.07 57.07 57.02 57.05 284.0 57.07 1.0 748.0 400.0 348.0 0.0 57.0489
15:43:00 98.0 3530.0 nan 57.03 57.07 57.0 57.02 10.0 57.04 22.0 3530.0 1836.0 1694.0 0.0 57.0216
15:44:00 36.0 1033.0 nan 57.01 57.02 56.99 57.01 324.0 57.03 45.0 1033.0 425.0 608.0 0.0 57.0023
15:45:00 104.0 4225.0 nan 56.97 57.02 56.97 56.96 9.0 56.99 498.0 4225.0 642.0 3583.0 0.0 56.9943
15:46:00 92.0 3125.0 nan 56.95 56.99 56.92 56.94 11.0 56.96 255.0 3125.0 1227.0 1898.0 0.0 56.9602
15:47:00 84.0 2363.0 nan 56.94 56.95 56.88 56.93 350.0 56.95 50.0 2363.0 1094.0 1269.0 0.0 56.9213
15:48:00 49.0 1629.0 nan 56.91 56.97 56.895 56.89 209.0 56.92 301.0 1629.0 1158.0 471.0 0.0 56.9399
15:49:00 52.0 1340.0 nan 56.92 56.95 56.89 56.91 2.0 56.94 325.0 1340.0 799.0 541.0 0.0 56.9318
15:50:00 69.0 2540.0 nan 56.91 56.93 56.86 56.89 115.0 56.92 106.0 2540.0 1401.0 1139.0 0.0 56.8948
15:51:00 110.0 3583.0 nan 57.08 57.09 56.82 57.05 53.0 57.09 250.0 3583.0 2333.0 1250.0 0.0 56.9243
15:52:00 77.0 2302.0 nan 57.07 57.09 57.04 57.06 12.0 57.07 207.0 2302.0 911.0 1391.0 0.0 57.068
15:53:00 78.0 2269.0 nan 57.09 57.09 57.05 57.07 17.0 57.1 879.0 2269.0 1031.0 1238.0 0.0 57.0772
15:54:00 68.0 2197.0 nan 57.08 57.105 57.07 57.08 306.0 57.1 369.0 2197.0 1199.0 998.0 0.0 57.0905
15:55:00 94.0 2801.0 nan 57.03 57.09 57.03 57.03 400.0 57.05 450.0 2801.0 1124.0 1677.0 0.0 57.0528
15:56:00 151.0 7785.0 nan 56.96 57.03 56.93 56.95 582.0 56.97 427.0 7785.0 3478.0 4307.0 0.0 56.966
15:57:00 129.0 5029.0 nan 57.01 57.02 56.94 57.01 185.0 57.03 714.0 5029.0 3029.0 2000.0 0.0 56.9863
15:58:00 114.0 4706.0 nan 56.99 57.03 56.99 56.98 620.0 57.0 445.0 4706.0 1442.0 3264.0 0.0 57.0144
15:59:00 218.0 10118.0 nan 56.97 57.01 56.96 56.96 552.0 56.99 719.0 10118.0 3090.0 7028.0 0.0 56.9886
16:00:00 309.0 14222.0 nan 57.05 57.07 56.96 57.02 2133.0 57.05 11936.0 14222.0 5119.0 9103.0 0.0 57.0088
16:01:00 2.0 0.0 nan 57.03 57.03 57.03 57.02 2132.0 57.05 11936.0 nan 0.0 0.0 0.0 nan
16:02:00 1.0 0.0 nan 56.37 56.37 56.37 57.02 2132.0 57.05 11936.0 nan 0.0 0.0 0.0 nan
16:03:00 0.0 0.0 nan 56.37 nan nan 57.02 2132.0 57.05 11936.0 nan 0.0 0.0 0.0 nan
16:04:00 0.0 0.0 nan 56.37 nan nan 57.02 2132.0 57.05 11936.0 nan 0.0 0.0 0.0 nan
16:05:00 0.0 0.0 nan 56.37 nan nan 57.02 2132.0 57.05 11936.0 nan 0.0 0.0 0.0 nan
16:06:00 0.0 0.0 nan 56.37 nan nan 57.02 2132.0 57.05 11936.0 nan 0.0 0.0 0.0 nan
16:07:00 0.0 0.0 nan 56.37 nan nan 57.02 2132.0 57.05 11936.0 nan 0.0 0.0 0.0 nan
16:08:00 0.0 0.0 nan 56.37 nan nan 57.02 2132.0 56.78 98.0 nan 0.0 0.0 0.0 nan
16:09:00 1.0 98.0 nan 56.78 56.78 56.78 57.02 2132.0 57.05 11936.0 98.0 98.0 0.0 0.0 56.78
16:10:00 0.0 0.0 nan 56.78 nan nan 57.02 2132.0 57.05 11936.0 nan 0.0 0.0 0.0 nan
16:11:00 0.0 0.0 nan 56.78 nan nan 57.02 2132.0 57.05 11936.0 nan 0.0 0.0 0.0 nan
16:12:00 0.0 0.0 nan 56.78 nan nan 57.02 2132.0 57.05 11936.0 nan 0.0 0.0 0.0 nan
16:13:00 0.0 0.0 nan 56.78 nan nan 57.02 2132.0 57.05 11936.0 nan 0.0 0.0 0.0 nan
16:14:00 0.0 0.0 nan 56.78 nan nan 57.02 2132.0 57.05 11936.0 nan 0.0 0.0 0.0 nan
16:15:00 0.0 0.0 nan 56.78 nan nan 57.02 2132.0 57.05 11936.0 nan 0.0 0.0 0.0 nan
16:16:00 0.0 0.0 nan 56.78 nan nan 57.02 2132.0 57.05 11936.0 nan 0.0 0.0 0.0 nan
16:17:00 0.0 0.0 nan 56.78 nan nan 57.02 2132.0 57.05 11936.0 nan 0.0 0.0 0.0 nan
16:18:00 0.0 0.0 nan 56.78 nan nan 57.02 2132.0 57.05 11936.0 nan 0.0 0.0 0.0 nan
16:19:00 0.0 0.0 nan 56.78 nan nan 57.02 2132.0 57.05 11936.0 nan 0.0 0.0 0.0 nan
16:20:00 0.0 0.0 nan 56.78 nan nan 57.02 2132.0 57.05 11936.0 nan 0.0 0.0 0.0 nan
16:21:00 0.0 0.0 nan 56.78 nan nan 57.02 2132.0 57.05 11936.0 nan 0.0 0.0 0.0 nan
16:22:00 0.0 0.0 nan 56.78 nan nan 57.02 2132.0 57.05 11936.0 nan 0.0 0.0 0.0 nan
16:23:00 0.0 0.0 nan 56.78 nan nan 57.02 2132.0 57.05 11936.0 nan 0.0 0.0 0.0 nan
16:24:00 0.0 0.0 nan 56.78 nan nan 57.02 2132.0 57.05 11936.0 nan 0.0 0.0 0.0 nan
16:25:00 0.0 0.0 nan 56.78 nan nan 57.02 2132.0 57.05 11936.0 nan 0.0 0.0 0.0 nan
16:26:00 0.0 0.0 nan 56.78 nan nan 57.02 2132.0 57.05 11936.0 nan 0.0 0.0 0.0 nan
16:27:00 0.0 0.0 nan 56.78 nan nan 57.02 2132.0 57.05 11936.0 nan 0.0 0.0 0.0 nan
16:28:00 0.0 0.0 nan 56.78 nan nan 57.02 2132.0 57.05 11936.0 nan 0.0 0.0 0.0 nan
16:29:00 0.0 0.0 nan 56.78 nan nan 57.02 2132.0 57.05 11936.0 nan 0.0 0.0 0.0 nan
16:30:00 0.0 0.0 nan 56.78 nan nan 57.02 2132.0 57.05 11936.0 nan 0.0 0.0 0.0 nan
16:31:00 0.0 0.0 nan 56.78 nan nan 57.02 2132.0 57.05 11936.0 nan 0.0 0.0 0.0 nan
16:32:00 0.0 0.0 nan 56.78 nan nan 57.02 2132.0 57.05 11936.0 nan 0.0 0.0 0.0 nan
16:33:00 0.0 0.0 nan 56.78 nan nan 57.02 2132.0 57.05 11936.0 nan 0.0 0.0 0.0 nan
16:34:00 0.0 0.0 nan 56.78 nan nan 57.02 2132.0 57.05 11936.0 nan 0.0 0.0 0.0 nan
16:35:00 0.0 0.0 nan 56.78 nan nan 57.02 2132.0 57.05 11936.0 nan 0.0 0.0 0.0 nan
16:36:00 0.0 0.0 nan 56.78 nan nan 57.02 2132.0 57.05 11936.0 nan 0.0 0.0 0.0 nan
16:37:00 0.0 0.0 nan 56.78 nan nan 57.02 2132.0 57.05 11936.0 nan 0.0 0.0 0.0 nan
16:38:00 0.0 0.0 nan 56.78 nan nan 57.02 2132.0 57.05 11936.0 nan 0.0 0.0 0.0 nan
16:39:00 0.0 0.0 nan 56.78 nan nan 57.02 2132.0 57.05 11936.0 nan 0.0 0.0 0.0 nan
16:40:00 1.0 1.0 nan 57.0 57.0 57.0 57.02 2132.0 57.05 11936.0 1.0 0.0 1.0 0.0 57.0
16:41:00 0.0 0.0 nan 57.0 nan nan 57.02 2132.0 57.05 11936.0 nan 0.0 0.0 0.0 nan
16:42:00 0.0 0.0 nan 57.0 nan nan 57.02 2132.0 57.05 11936.0 nan 0.0 0.0 0.0 nan
16:43:00 0.0 0.0 nan 57.0 nan nan 57.02 2132.0 57.05 11936.0 nan 0.0 0.0 0.0 nan
16:44:00 0.0 0.0 nan 57.0 nan nan 57.02 2132.0 57.05 11936.0 nan 0.0 0.0 0.0 nan
16:45:00 0.0 0.0 nan 57.0 nan nan 57.02 2132.0 57.05 11936.0 nan 0.0 0.0 0.0 nan
16:46:00 0.0 0.0 nan 57.0 nan nan 57.02 2132.0 57.05 11936.0 nan 0.0 0.0 0.0 nan
16:47:00 1.0 0.0 nan 56.57 56.57 56.57 57.02 2132.0 57.05 11936.0 nan 0.0 0.0 0.0 nan
16:48:00 0.0 0.0 nan 56.57 nan nan 57.02 2132.0 57.05 11936.0 nan 0.0 0.0 0.0 nan
16:49:00 0.0 0.0 nan 56.57 nan nan 57.02 2132.0 57.05 11936.0 nan 0.0 0.0 0.0 nan
16:50:00 0.0 0.0 nan 56.57 nan nan 57.02 2132.0 57.05 11936.0 nan 0.0 0.0 0.0 nan
16:51:00 0.0 0.0 nan 56.57 nan nan 57.02 2132.0 57.05 11936.0 nan 0.0 0.0 0.0 nan
16:52:00 0.0 0.0 nan 56.57 nan nan 57.02 2132.0 57.05 11936.0 nan 0.0 0.0 0.0 nan
16:53:00 0.0 0.0 nan 56.57 nan nan 57.02 2132.0 57.05 11936.0 nan 0.0 0.0 0.0 nan
16:54:00 0.0 0.0 nan 56.57 nan nan 57.02 2132.0 57.05 11936.0 nan 0.0 0.0 0.0 nan
16:55:00 0.0 0.0 nan 56.57 nan nan 57.02 2132.0 57.05 11936.0 nan 0.0 0.0 0.0 nan
16:56:00 0.0 0.0 nan 56.57 nan nan 57.02 2132.0 57.05 11936.0 nan 0.0 0.0 0.0 nan
16:57:00 0.0 0.0 nan 56.57 nan nan 57.02 2132.0 57.05 11936.0 nan 0.0 0.0 0.0 nan
16:58:00 0.0 0.0 nan 56.57 nan nan 57.02 2132.0 57.05 11936.0 nan 0.0 0.0 0.0 nan
16:59:00 0.0 0.0 nan 56.57 nan nan 57.02 2132.0 57.05 11936.0 nan 0.0 0.0 0.0 nan
17:00:00 0.0 0.0 nan 56.57 nan nan 57.02 2132.0 57.05 11936.0 nan 0.0 0.0 0.0 nan
