time trade_count trade_volume trade_first trade_last trade_high trade_low bid_price bid_size ask_price ask_size hid_vol buy_vol sell_vol unsided_vol vwap
09:00:00 nan 0.0 nan nan nan nan 60.25 50.0 60.7 747.0 nan 0.0 0.0 0.0 nan
09:01:00 0.0 0.0 nan nan nan nan 60.25 50.0 60.7 747.0 nan 0.0 0.0 0.0 nan
09:02:00 0.0 0.0 nan nan nan nan 60.25 50.0 60.7 747.0 nan 0.0 0.0 0.0 nan
09:03:00 0.0 0.0 nan nan nan nan 60.25 50.0 60.7 747.0 nan 0.0 0.0 0.0 nan
09:04:00 0.0 0.0 nan nan nan nan 60.25 50.0 60.7 747.0 nan 0.0 0.0 0.0 nan
09:05:00 0.0 0.0 nan nan nan nan 60.25 50.0 60.7 747.0 nan 0.0 0.0 0.0 nan
09:06:00 1.0 0.0 nan 60.26 60.26 60.26 60.25 50.0 60.7 747.0 nan 0.0 0.0 0.0 nan
09:07:00 0.0 0.0 nan 60.26 nan nan 60.25 1.0 60.6 5.0 nan 0.0 0.0 0.0 nan
09:08:00 0.0 0.0 nan 60.26 nan nan 60.25 1.0 60.5 1.0 nan 0.0 0.0 0.0 nan
09:09:00 0.0 0.0 nan 60.26 nan nan 60.25 1.0 60.5 1.0 nan 0.0 0.0 0.0 nan
09:10:00 0.0 0.0 nan 60.26 nan nan 60.25 1.0 60.45 10.0 nan 0.0 0.0 0.0 nan
09:11:00 3.0 1.0 nan 60.26 60.26 60.25 60.18 1.0 60.5 1.0 1.0 0.0 1.0 0.0 60.25
09:12:00 0.0 0.0 nan 60.26 nan nan 60.18 1.0 60.38 10.0 nan 0.0 0.0 0.0 nan
09:13:00 0.0 0.0 nan 60.26 nan nan 60.18 1.0 60.5 56.0 nan 0.0 0.0 0.0 nan
09:14:00 0.0 0.0 nan 60.26 nan nan 60.18 1.0 60.5 56.0 nan 0.0 0.0 0.0 nan
09:15:00 0.0 0.0 nan 60.26 nan nan 60.18 1.0 60.5 56.0 nan 0.0 0.0 0.0 nan
09:16:00 0.0 0.0 nan 60.26 nan nan 60.18 1.0 60.5 56.0 nan 0.0 0.0 0.0 nan
09:17:00 0.0 0.0 nan 60.26 nan nan 60.18 1.0 60.5 56.0 nan 0.0 0.0 0.0 nan
09:18:00 0.0 0.0 nan 60.26 nan nan 60.18 1.0 60.4 1.0 nan 0.0 0.0 0.0 nan
09:19:00 0.0 0.0 nan 60.26 nan nan 60.1 50.0 60.4 1.0 nan 0.0 0.0 0.0 nan
09:20:00 0.0 0.0 nan 60.26 nan nan 60.1 50.0 60.4 1.0 nan 0.0 0.0 0.0 nan
09:21:00 3.0 460.0 nan 60.26 60.26 60.05 60.14 2.0 60.4 1.0 460.0 0.0 460.0 0.0 60.05
09:22:00 0.0 0.0 nan 60.26 nan nan 60.14 2.0 60.4 1.0 nan 0.0 0.0 0.0 nan
09:23:00 0.0 0.0 nan 60.26 nan nan 60.21 50.0 60.4 1.0 nan 0.0 0.0 0.0 nan
09:24:00 0.0 0.0 nan 60.26 nan nan 60.14 2.0 60.4 1.0 nan 0.0 0.0 0.0 nan
09:25:00 0.0 0.0 nan 60.26 nan nan 60.14 2.0 60.4 1.0 nan 0.0 0.0 0.0 nan
09:26:00 0.0 0.0 nan 60.26 nan nan 60.3 25.0 60.4 1.0 nan 0.0 0.0 0.0 nan
09:27:00 0.0 0.0 nan 60.26 nan nan 60.3 25.0 60.37 1.0 nan 0.0 0.0 0.0 nan
09:28:00 0.0 0.0 nan 60.26 nan nan 60.1 70.0 60.37 1.0 nan 0.0 0.0 0.0 nan
09:29:00 12.0 607.0 nan 60.87 61.0 60.37 60.1 220.0 60.6 12.0 607.0 607.0 0.0 0.0 60.7723
09:30:00 16.0 911.0 nan 61.56 61.56 60.6 61.18 400.0 61.6 100.0 911.0 911.0 0.0 0.0 61.2029
09:31:00 130.0 2985.0 nan 61.7 61.94 61.06 61.56 300.0 61.79 361.0 2985.0 1426.0 1559.0 0.0 61.6886
09:32:00 50.0 3125.0 nan 62.12 62.12 61.69 61.49 300.0 62.12 2900.0 3125.0 1492.0 1633.0 0.0 61.8467
09:33:00 55.0 2038.0 nan 61.73 61.9 61.49 61.4 100.0 61.82 300.0 2038.0 802.0 1236.0 0.0 61.6881
09:34:00 25.0 916.0 nan 61.4 61.79 61.4 61.07 100.0 61.41 1.0 916.0 100.0 816.0 0.0 61.4207
09:35:00 92.0 5711.0 nan 61.305 61.49 60.38 61.01 400.0 61.33 163.0 5711.0 3534.0 2177.0 0.0 60.7693
09:36:00 2.0 100.0 nan 61.02 61.02 61.01 61.01 310.0 61.32 268.0 100.0 0.0 100.0 0.0 61.01
09:37:00 22.0 894.0 nan 61.14 61.27 61.14 61.13 400.0 61.32 100.0 894.0 438.0 456.0 0.0 61.2135
09:38:00 185.0 10659.0 nan 61.02 61.25 60.8 60.86 25.0 61.0 50.0 10659.0 6092.0 4567.0 0.0 61.1671
09:39:00 206.0 5244.0 nan 60.43 61.13 60.24 60.29 25.0 60.49 165.0 5244.0 2230.0 3014.0 0.0 60.7238
09:40:00 410.0 9894.0 nan 59.98 60.3 59.93 59.79 25.0 60.07 166.0 9894.0 5016.0 4878.0 0.0 60.0911
09:41:00 138.0 2961.0 nan 59.93 60.05 59.74 59.93 150.0 60.04 25.0 2961.0 2612.0 349.0 0.0 59.9194
09:42:00 181.0 6678.0 nan 60.0 60.16 59.98 60.0 300.0 60.06 100.0 6678.0 3113.0 3565.0 0.0 60.0645
09:43:00 102.0 4271.0 nan 60.05 60.25 59.99 60.03 1.0 60.19 1003.0 4271.0 2399.0 1872.0 0.0 60.0689
09:44:00 81.0 5167.0 nan 60.59 60.59 60.04 60.33 25.0 60.59 2003.0 5167.0 4453.0 714.0 0.0 60.2758
09:45:00 31.0 2350.0 nan 60.33 60.59 60.33 60.33 129.0 60.48 276.0 2350.0 1900.0 450.0 0.0 60.5589
09:46:00 32.0 718.0 nan 60.1 60.34 60.1 60.05 125.0 60.28 721.0 718.0 37.0 681.0 0.0 60.2036
09:47:00 82.0 2808.0 nan 60.3 60.3 59.99 60.2 11.0 60.44 165.0 2808.0 2287.0 521.0 0.0 60.1902
09:48:00 46.0 679.0 nan 60.16 60.3 60.15 60.16 5.0 60.31 2.0 679.0 112.0 567.0 0.0 60.1625
09:49:00 63.0 2029.0 nan 60.29 60.49 60.29 60.16 6.0 60.38 2110.0 2029.0 1042.0 987.0 0.0 60.3465
09:50:00 96.0 1657.0 nan 60.09 60.17 60.06 60.0 506.0 60.2 25.0 1657.0 450.0 1207.0 0.0 60.1164
09:51:00 85.0 1013.0 nan 60.18 60.31 60.01 60.19 400.0 60.38 906.0 1013.0 492.0 521.0 0.0 60.2781
09:52:00 79.0 3513.0 nan 60.05 60.27 60.05 60.05 100.0 60.16 8.0 3513.0 225.0 3288.0 0.0 60.1836
09:53:00 144.0 5152.0 nan 60.07 60.22 59.94 60.01 25.0 60.16 200.0 5152.0 626.0 4526.0 0.0 60.114
09:54:00 44.0 1244.0 nan 60.07 60.13 60.0 60.06 300.0 60.2 202.0 1244.0 1001.0 243.0 0.0 60.0389
09:55:00 0.0 0.0 nan 60.07 nan nan 60.06 325.0 60.19 310.0 nan 0.0 0.0 0.0 nan
09:56:00 35.0 1043.0 nan 60.18 60.31 60.13 60.17 300.0 60.31 3.0 1043.0 743.0 300.0 0.0 60.221
09:57:00 43.0 3162.0 nan 60.11 60.18 60.1 60.06 125.0 60.2 212.0 3162.0 0.0 3162.0 0.0 60.1521
09:58:00 131.0 4213.0 nan 60.08 60.25 60.0 60.0 200.0 60.15 3.0 4213.0 1593.0 2620.0 0.0 60.0969
09:59:00 133.0 7204.0 nan 60.0 60.18 59.93 60.0 125.0 60.13 25.0 7204.0 1632.0 5572.0 0.0 60.0091
10:00:00 38.0 1146.0 nan 60.14 60.21 59.98 60.04 125.0 60.2 171.0 1146.0 491.0 655.0 0.0 60.1316
10:01:00 40.0 1100.0 nan 60.3 60.38 60.15 60.26 200.0 60.37 3.0 1100.0 1000.0 100.0 0.0 60.2961
10:02:00 52.0 1946.0 nan 60.16 60.28 59.99 60.09 175.0 60.26 1.0 1946.0 701.0 1245.0 0.0 60.1352
10:03:00 52.0 1167.0 nan 60.06 60.18 60.0 60.0 127.0 60.09 13.0 1167.0 69.0 1098.0 0.0 60.036
10:04:00 40.0 745.0 nan 60.07 60.13 60.0 60.0 100.0 60.12 302.0 745.0 542.0 203.0 0.0 60.0826
10:05:00 183.0 6169.0 nan 59.78 60.02 59.7 59.73 110.0 59.88 105.0 6169.0 3008.0 3161.0 0.0 59.7913
10:06:00 49.0 1497.0 nan 59.7 59.94 59.7 59.66 5.0 59.74 303.0 1497.0 818.0 679.0 0.0 59.8568
10:07:00 47.0 2223.0 nan 59.87 59.94 59.74 59.84 540.0 59.91 25.0 2223.0 1923.0 300.0 0.0 59.855
10:08:00 92.0 3838.0 nan 60.0 60.05 59.91 59.95 225.0 60.06 243.0 3838.0 1346.0 2492.0 0.0 59.9901
10:09:00 116.0 2761.0 nan 60.05 60.12 59.99 60.02 11.0 60.1 202.0 2761.0 1580.0 1181.0 0.0 60.0844
10:10:00 138.0 4298.0 nan 60.12 60.25 60.07 60.06 201.0 60.12 403.0 4298.0 1447.0 2851.0 0.0 60.1542
10:11:00 83.0 2642.0 nan 59.98 60.17 59.98 59.97 25.0 60.04 31.0 2642.0 1336.0 1306.0 0.0 60.0991
10:12:00 40.0 1563.0 nan 60.12 60.21 60.04 60.1 8.0 60.2 30.0 1563.0 1072.0 491.0 0.0 60.1342
10:13:00 21.0 655.0 nan 60.21 60.21 60.07 60.14 24.0 60.2 103.0 655.0 413.0 242.0 0.0 60.1291
10:14:00 82.0 2714.0 nan 60.1 60.22 60.09 60.0 125.0 60.11 38.0 2714.0 809.0 1905.0 0.0 60.1518
10:15:00 158.0 5872.0 nan 60.21 60.23 60.06 60.09 25.0 60.22 235.0 5872.0 3487.0 2385.0 0.0 60.1669
10:16:00 90.0 4054.0 nan 60.24 60.25 60.11 60.15 25.0 60.24 59.0 4054.0 3595.0 459.0 0.0 60.2305
10:17:00 24.0 687.0 nan 60.175 60.255 60.175 60.13 149.0 60.24 582.0 687.0 586.0 101.0 0.0 60.2432
10:18:00 111.0 5288.0 nan 60.4 60.45 60.23 60.33 52.0 60.4 117.0 5288.0 5160.0 128.0 0.0 60.3257
10:19:00 76.0 3570.0 nan 60.69 60.69 60.4 60.64 25.0 60.72 49.0 3570.0 3168.0 402.0 0.0 60.5318
10:20:00 72.0 2070.0 nan 60.52 60.82 60.52 60.51 126.0 60.66 432.0 2070.0 1009.0 1061.0 0.0 60.7292
10:21:00 33.0 3045.0 nan 60.63 60.63 60.53 60.53 25.0 60.64 105.0 3045.0 3045.0 0.0 0.0 60.59
10:22:00 17.0 1791.0 nan 60.5 60.63 60.5 60.38 79.0 60.55 577.0 1791.0 0.0 1791.0 0.0 60.527
10:23:00 8.0 117.0 nan 60.39 60.39 60.38 60.37 325.0 60.51 519.0 117.0 0.0 117.0 0.0 60.3868
10:24:00 92.0 2983.0 nan 60.41 60.55 60.26 60.39 29.0 60.49 204.0 2983.0 1249.0 1734.0 0.0 60.4484
10:25:00 124.0 3035.0 nan 60.32 60.57 60.32 60.31 64.0 60.49 44.0 3035.0 1098.0 1937.0 0.0 60.5155
10:26:00 162.0 4387.0 nan 60.54 60.59 60.4 60.4 9.0 60.51 108.0 4387.0 2260.0 2127.0 0.0 60.5262
10:27:00 73.0 1974.0 nan 60.61 60.61 60.455 60.42 25.0 60.6 130.0 1974.0 1709.0 265.0 0.0 60.5586
10:28:00 62.0 1349.0 nan 60.63 60.64 60.56 60.55 105.0 60.64 102.0 1349.0 978.0 371.0 0.0 60.6079
10:29:00 87.0 2171.0 nan 60.73 60.73 60.56 60.65 125.0 60.74 54.0 2171.0 1870.0 301.0 0.0 60.6733
10:30:00 49.0 2403.0 nan 60.81 60.9 60.73 60.78 1.0 60.88 49.0 2403.0 2103.0 300.0 0.0 60.8253
10:31:00 44.0 863.0 nan 60.89 60.96 60.77 60.82 25.0 60.93 208.0 863.0 523.0 340.0 0.0 60.8923
10:32:00 60.0 1082.0 nan 60.99 61.0 60.79 60.93 1100.0 61.0 38.0 1082.0 920.0 162.0 0.0 60.9444
10:33:00 32.0 1674.0 nan 60.88 61.05 60.88 60.87 100.0 60.98 530.0 1674.0 98.0 1576.0 0.0 60.9352
10:34:00 117.0 3016.0 nan 60.99 61.14 60.93 60.99 20.0 61.09 342.0 3016.0 1592.0 1424.0 0.0 61.0309
10:35:00 106.0 2741.0 nan 61.13 61.18 60.99 61.06 2.0 61.15 270.0 2741.0 2048.0 693.0 0.0 61.0883
10:36:00 157.0 3140.0 nan 61.12 61.17 60.99 61.11 100.0 61.16 215.0 3140.0 1609.0 1531.0 0.0 61.0852
10:37:00 34.0 1333.0 nan 60.83 61.11 60.83 60.82 125.0 60.96 428.0 1333.0 0.0 1333.0 0.0 61.0936
10:38:00 10.0 271.0 nan 60.8 60.86 60.77 60.76 100.0 60.89 238.0 271.0 0.0 271.0 0.0 60.8074
10:39:00 50.0 1738.0 nan 60.55 60.76 60.43 60.43 25.0 60.56 24.0 1738.0 931.0 807.0 0.0 60.5415
10:40:00 29.0 639.0 nan 60.77 60.77 60.44 60.61 25.0 60.81 125.0 639.0 634.0 5.0 0.0 60.64
10:41:00 2.0 0.0 nan 60.79 60.79 60.79 60.6 200.0 60.75 29.0 nan 0.0 0.0 0.0 nan
10:42:00 15.0 520.0 nan 60.36 60.62 60.36 60.36 8.0 60.46 180.0 520.0 0.0 520.0 0.0 60.5378
10:43:00 8.0 109.0 nan 60.28 60.37 60.28 60.3 4000.0 60.44 2.0 109.0 1.0 108.0 0.0 60.3509
10:44:00 57.0 5762.0 nan 60.29 60.34 60.12 60.16 201.0 60.31 445.0 5762.0 697.0 5065.0 0.0 60.2914
10:45:00 28.0 753.0 nan 60.35 60.39 60.16 60.35 176.0 60.41 206.0 753.0 703.0 50.0 0.0 60.3317
10:46:00 32.0 2170.0 nan 60.44 60.46 60.34 60.41 200.0 60.46 100.0 2170.0 669.0 1501.0 0.0 60.4028
10:47:00 4.0 200.0 nan 60.32 60.41 60.32 60.29 1.0 60.43 14.0 200.0 0.0 200.0 0.0 60.41
10:48:00 13.0 91.0 nan 60.39 60.43 60.35 60.28 25.0 60.43 322.0 91.0 91.0 0.0 0.0 60.3811
10:49:00 14.0 26.0 nan 60.3 60.34 60.28 60.27 212.0 60.39 584.0 26.0 1.0 25.0 0.0 60.2823
10:50:00 9.0 55.0 nan 60.33 60.36 60.28 60.3 33.0 60.38 2.0 55.0 30.0 25.0 0.0 60.3073
10:51:00 43.0 1473.0 nan 60.4 60.45 60.38 60.33 1.0 60.43 319.0 1473.0 983.0 490.0 0.0 60.4046
10:52:00 55.0 1855.0 nan 60.26 60.325 60.23 60.18 162.0 60.3 200.0 1855.0 825.0 1030.0 0.0 60.2647
10:53:00 25.0 773.0 nan 60.09 60.29 60.08 60.06 272.0 60.2 341.0 773.0 0.0 773.0 0.0 60.1453
10:54:00 114.0 3858.0 nan 60.36 60.36 60.06 60.2 101.0 60.33 30.0 3858.0 2154.0 1704.0 0.0 60.2599
10:55:00 14.0 533.0 nan 60.36 60.36 60.27 60.28 228.0 60.36 200.0 533.0 533.0 0.0 0.0 60.3455
10:56:00 48.0 1245.0 nan 60.25 60.36 60.25 60.24 24.0 60.34 100.0 1245.0 300.0 945.0 0.0 60.3138
10:57:00 24.0 258.0 nan 60.085 60.255 60.08 60.04 1.0 60.17 216.0 258.0 0.0 258.0 0.0 60.1829
10:58:00 18.0 437.0 nan 60.11 60.15 60.11 60.11 26.0 60.21 100.0 437.0 437.0 0.0 0.0 60.1447
10:59:00 10.0 246.0 nan 60.16 60.17 60.16 60.12 366.0 60.2 177.0 246.0 0.0 246.0 0.0 60.1609
11:00:00 34.0 1084.0 nan 60.19 60.24 60.12 60.15 135.0 60.26 309.0 1084.0 592.0 492.0 0.0 60.1883
11:01:00 26.0 649.0 nan 60.29 60.29 60.15 60.2 60.0 60.3 105.0 649.0 538.0 111.0 0.0 60.2418
11:02:00 41.0 762.0 nan 59.96 60.2 59.85 59.89 39.0 59.98 201.0 762.0 64.0 698.0 0.0 60.035
11:03:00 36.0 1329.0 nan 59.85 60.07 59.85 59.8 226.0 59.94 342.0 1329.0 1187.0 142.0 0.0 60.0223
11:04:00 45.0 1272.0 nan 59.85 59.85 59.69 59.82 52.0 59.89 1.0 1272.0 902.0 370.0 0.0 59.801
11:05:00 52.0 1977.0 nan 59.94 59.97 59.86 59.86 25.0 59.99 107.0 1977.0 1595.0 382.0 0.0 59.9219
11:06:00 47.0 823.0 nan 59.92 60.0 59.9 59.86 25.0 59.98 228.0 823.0 205.0 618.0 0.0 59.9324
11:07:00 1.0 0.0 nan 59.97 59.97 59.97 59.87 19.0 59.96 715.0 nan 0.0 0.0 0.0 nan
11:08:00 121.0 3545.0 nan 59.87 59.96 59.78 59.73 25.0 59.89 30.0 3545.0 2287.0 1258.0 0.0 59.8836
11:09:00 108.0 4380.0 nan 59.89 60.02 59.81 59.85 33.0 59.95 107.0 4380.0 3320.0 1060.0 0.0 59.9104
11:10:00 9.0 172.0 nan 59.92 59.95 59.85 59.77 587.0 59.93 511.0 172.0 1.0 171.0 0.0 59.8907
11:11:00 46.0 1725.0 nan 60.14 60.14 59.92 60.0 43.0 60.16 108.0 1725.0 1725.0 0.0 0.0 59.9704
11:12:00 18.0 260.0 nan 60.19 60.22 60.07 60.04 760.0 60.22 446.0 260.0 160.0 100.0 0.0 60.1385
11:13:00 14.0 202.0 nan 60.21 60.22 60.13 60.04 662.0 60.21 6.0 202.0 202.0 0.0 0.0 60.2098
11:14:00 17.0 111.0 nan 60.23 60.24 60.21 60.08 56.0 60.2 17.0 111.0 111.0 0.0 0.0 60.2195
11:15:00 128.0 2943.0 nan 60.25 60.28 60.07 60.22 33.0 60.27 101.0 2943.0 1244.0 1699.0 0.0 60.1635
11:16:00 38.0 711.0 nan 60.2 60.29 60.13 60.12 131.0 60.22 9.0 711.0 0.0 711.0 0.0 60.2057
11:17:00 14.0 181.0 nan 60.145 60.175 60.09 60.04 25.0 60.18 33.0 181.0 0.0 181.0 0.0 60.1059
11:18:00 12.0 0.0 nan 60.18 60.18 60.08 60.08 10.0 60.18 8.0 nan 0.0 0.0 0.0 nan
11:19:00 33.0 672.0 nan 60.0 60.135 60.0 59.96 1.0 60.18 335.0 672.0 4.0 668.0 0.0 60.0229
11:20:00 17.0 102.0 nan 60.06 60.11 59.96 59.98 25.0 60.07 8.0 102.0 1.0 101.0 0.0 59.961
11:21:00 58.0 1725.0 nan 60.05 60.1 59.98 60.0 340.0 60.1 783.0 1725.0 899.0 826.0 0.0 60.0525
11:22:00 22.0 765.0 nan 59.85 60.0 59.85 59.81 200.0 59.9 607.0 765.0 39.0 726.0 0.0 59.9333
11:23:00 21.0 1036.0 nan 59.91 59.91 59.78 59.84 227.0 59.93 207.0 1036.0 1036.0 0.0 0.0 59.8921
11:24:00 18.0 528.0 nan 59.88 59.92 59.84 59.83 277.0 59.93 405.0 528.0 240.0 288.0 0.0 59.8699
11:25:00 46.0 2439.0 nan 60.0 60.06 59.84 59.99 528.0 60.07 4.0 2439.0 2439.0 0.0 0.0 59.9695
11:26:00 42.0 3777.0 nan 59.98 60.065 59.97 59.95 26.0 60.04 4.0 3777.0 2080.0 1697.0 0.0 59.9971
11:27:00 13.0 0.0 nan 59.99 59.99 59.93 59.93 88.0 60.0 35.0 nan 0.0 0.0 0.0 nan
11:28:00 38.0 437.0 nan 59.95 59.95 59.89 59.87 274.0 59.96 659.0 437.0 11.0 426.0 0.0 59.9101
11:29:00 15.0 354.0 nan 59.95 59.95 59.85 59.88 327.0 59.96 641.0 354.0 5.0 349.0 0.0 59.882
11:30:00 79.0 2811.0 nan 59.98 60.01 59.93 59.94 1.0 60.02 362.0 2811.0 2509.0 302.0 0.0 59.9765
11:31:00 28.0 958.0 nan 60.17 60.17 60.02 60.06 172.0 60.18 183.0 958.0 958.0 0.0 0.0 60.0381
11:32:00 3.0 3.0 nan 60.17 60.18 60.17 60.06 325.0 60.18 284.0 3.0 3.0 0.0 0.0 60.18
11:33:00 48.0 614.0 nan 60.05 60.12 59.98 60.01 202.0 60.1 348.0 614.0 56.0 558.0 0.0 60.0455
11:34:00 4.0 202.0 nan 60.01 60.01 60.01 59.98 4.0 60.07 393.0 202.0 0.0 202.0 0.0 60.01
11:35:00 37.0 649.0 nan 59.93 60.02 59.86 59.88 127.0 59.96 355.0 649.0 63.0 586.0 0.0 59.9244
11:36:00 54.0 1215.0 nan 59.99 60.02 59.87 59.97 400.0 60.01 1.0 1215.0 1099.0 116.0 0.0 59.955
11:37:00 43.0 1402.0 nan 59.97 60.01 59.91 59.89 127.0 60.0 25.0 1402.0 425.0 977.0 0.0 59.9759
11:38:00 25.0 747.0 nan 59.84 59.95 59.84 59.83 52.0 59.95 25.0 747.0 0.0 747.0 0.0 59.8874
11:39:00 35.0 733.0 nan 59.76 59.83 59.7 59.67 203.0 59.77 403.0 733.0 357.0 376.0 0.0 59.7743
11:40:00 89.0 2966.0 nan 59.73 59.735 59.47 59.64 427.0 59.73 456.0 2966.0 1529.0 1437.0 0.0 59.6315
11:41:00 88.0 2631.0 nan 59.82 59.82 59.71 59.79 1487.0 59.84 54.0 2631.0 2179.0 452.0 0.0 59.7536
11:42:00 36.0 2357.0 nan 59.79 59.79 59.69 59.75 428.0 59.83 259.0 2357.0 727.0 1630.0 0.0 59.7796
11:43:00 28.0 847.0 nan 59.895 59.895 59.75 59.84 248.0 59.9 25.0 847.0 719.0 128.0 0.0 59.8357
11:44:00 6.0 323.0 nan 59.83 59.895 59.83 59.8 192.0 59.89 45.0 323.0 0.0 323.0 0.0 59.8369
11:45:00 22.0 596.0 nan 59.87 59.88 59.84 59.84 248.0 59.9 25.0 596.0 431.0 165.0 0.0 59.8619
11:46:00 25.0 955.0 nan 59.785 59.85 59.74 59.72 43.0 59.87 454.0 955.0 0.0 955.0 0.0 59.7898
11:47:00 8.0 501.0 nan 59.73 59.8 59.73 59.72 25.0 59.87 478.0 501.0 1.0 500.0 0.0 59.8
11:48:00 4.0 20.0 nan 59.73 59.795 59.73 59.74 302.0 59.83 607.0 20.0 0.0 20.0 0.0 59.75
11:49:00 17.0 240.0 nan 59.75 59.785 59.73 59.71 434.0 59.79 218.0 240.0 1.0 239.0 0.0 59.74
11:50:00 33.0 750.0 nan 59.81 59.85 59.78 59.8 247.0 59.86 201.0 750.0 650.0 100.0 0.0 59.7966
11:51:00 16.0 554.0 nan 59.79 59.83 59.79 59.75 2.0 59.83 228.0 554.0 0.0 554.0 0.0 59.7987
11:52:00 47.0 1822.0 nan 59.79 59.83 59.77 59.76 2.0 59.81 100.0 1822.0 1152.0 670.0 0.0 59.806
11:53:00 21.0 807.0 nan 59.82 59.82 59.76 59.78 27.0 59.82 100.0 807.0 504.0 303.0 0.0 59.7851
11:54:00 26.0 799.0 nan 59.84 59.87 59.8 59.84 401.0 59.9 225.0 799.0 446.0 353.0 0.0 59.8263
11:55:00 22.0 379.0 nan 59.83 59.875 59.83 59.83 24.0 59.88 2.0 379.0 0.0 379.0 0.0 59.838
11:56:00 1.0 1.0 nan 59.83 59.83 59.83 59.83 48.0 59.9 275.0 1.0 0.0 1.0 0.0 59.83
11:57:00 47.0 1225.0 nan 59.87 59.89 59.82 59.83 50.0 59.9 25.0 1225.0 547.0 678.0 0.0 59.8447
11:58:00 103.0 1764.0 nan 59.9 59.92 59.78 59.79 125.0 59.91 25.0 1764.0 1091.0 673.0 0.0 59.8382
11:59:00 0.0 0.0 nan 59.9 nan nan 59.83 25.0 59.92 266.0 nan 0.0 0.0 0.0 nan
12:00:00 53.0 1389.0 nan 59.89 59.92 59.84 59.86 30.0 59.91 100.0 1389.0 889.0 500.0 0.0 59.8848
12:01:00 25.0 772.0 nan 59.92 59.99 59.905 59.89 34.0 59.97 51.0 772.0 721.0 51.0 0.0 59.9254
12:02:00 37.0 3080.0 nan 60.04 60.08 59.97 60.04 25.0 60.09 99.0 3080.0 2980.0 100.0 0.0 60.0277
12:03:00 44.0 1199.0 nan 60.165 60.17 60.06 60.1 35.0 60.2 30.0 1199.0 813.0 386.0 0.0 60.1215
12:04:00 23.0 382.0 nan 60.06 60.135 60.06 60.04 31.0 60.14 19.0 382.0 0.0 382.0 0.0 60.0677
12:05:00 93.0 1828.0 nan 60.13 60.23 60.07 60.13 125.0 60.22 1.0 1828.0 1117.0 711.0 0.0 60.173
12:06:00 10.0 326.0 nan 60.12 60.17 60.09 60.11 1.0 60.19 25.0 326.0 100.0 226.0 0.0 60.1184
12:07:00 5.0 1.0 nan 60.15 60.15 60.1 60.1 232.0 60.19 217.0 1.0 1.0 0.0 0.0 60.15
12:08:00 17.0 517.0 nan 60.19 60.21 60.18 60.14 104.0 60.2 8.0 517.0 517.0 0.0 0.0 60.1921
12:09:00 24.0 155.0 nan 60.14 60.22 60.14 60.13 101.0 60.2 341.0 155.0 8.0 147.0 0.0 60.1681
12:10:00 17.0 402.0 nan 60.11 60.16 60.09 60.09 300.0 60.15 105.0 402.0 11.0 391.0 0.0 60.1185
12:11:00 42.0 825.0 nan 60.19 60.19 60.09 60.15 50.0 60.19 95.0 825.0 524.0 301.0 0.0 60.1314
12:12:00 26.0 539.0 nan 60.19 60.19 60.14 60.16 77.0 60.2 378.0 539.0 211.0 328.0 0.0 60.1631
12:13:00 15.0 396.0 nan 60.12 60.18 60.12 60.12 69.0 60.16 391.0 396.0 0.0 396.0 0.0 60.1333
12:14:00 29.0 728.0 nan 59.98 60.12 59.97 59.97 16.0 60.03 565.0 728.0 10.0 718.0 0.0 60.0518
12:15:00 5.0 67.0 nan 59.97 60.01 59.93 59.92 204.0 60.01 639.0 67.0 51.0 16.0 0.0 59.9999
12:16:00 42.0 1491.0 nan 60.04 60.08 60.0 60.04 258.0 60.09 4.0 1491.0 1183.0 308.0 0.0 60.0288
12:17:00 23.0 607.0 nan 60.04 60.09 60.04 60.02 127.0 60.09 517.0 607.0 4.0 603.0 0.0 60.0503
12:18:00 32.0 1274.0 nan 60.06 60.14 60.06 60.05 2.0 60.09 1.0 1274.0 518.0 756.0 0.0 60.0876
12:19:00 18.0 449.0 nan 60.07 60.07 60.03 60.04 5.0 60.08 114.0 449.0 447.0 2.0 0.0 60.0564
12:20:00 1.0 37.0 nan 60.05 60.05 60.05 60.03 2.0 60.08 110.0 37.0 0.0 37.0 0.0 60.05
12:21:00 41.0 1556.0 nan 60.03 60.06 60.02 60.0 201.0 60.05 187.0 1556.0 445.0 1111.0 0.0 60.0246
12:22:00 30.0 689.0 nan 60.02 60.03 60.0 60.01 150.0 60.05 336.0 689.0 388.0 301.0 0.0 60.0154
12:23:00 72.0 1643.0 nan 59.97 60.02 59.92 59.94 200.0 59.99 83.0 1643.0 874.0 769.0 0.0 59.9599
12:24:00 50.0 1243.0 nan 59.95 60.02 59.95 59.95 2.0 59.99 101.0 1243.0 843.0 400.0 0.0 59.9961
12:25:00 9.0 332.0 nan 59.88 59.95 59.88 59.85 67.0 59.95 619.0 332.0 0.0 332.0 0.0 59.8987
12:26:00 30.0 424.0 nan 59.91 59.91 59.85 59.86 142.0 59.93 200.0 424.0 421.0 3.0 0.0 59.9014
12:27:00 20.0 458.0 nan 59.85 59.92 59.85 59.77 25.0 59.85 50.0 458.0 39.0 419.0 0.0 59.8612
12:28:00 4.0 106.0 nan 59.77 59.79 59.77 59.76 1.0 59.79 451.0 106.0 6.0 100.0 0.0 59.7889
12:29:00 60.0 1758.0 nan 59.815 59.83 59.73 59.79 201.0 59.84 213.0 1758.0 1402.0 356.0 0.0 59.7874
12:30:00 46.0 893.0 nan 59.82 59.89 59.82 59.82 4.0 59.86 201.0 893.0 489.0 404.0 0.0 59.8485
12:31:00 10.0 301.0 nan 59.88 59.88 59.85 59.8 108.0 59.89 151.0 301.0 301.0 0.0 0.0 59.8666
12:32:00 26.0 599.0 nan 59.76 59.81 59.76 59.71 100.0 59.84 170.0 599.0 0.0 599.0 0.0 59.7929
12:33:00 6.0 0.0 nan 59.755 59.77 59.72 59.71 100.0 59.79 1.0 nan 0.0 0.0 0.0 nan
12:34:00 31.0 430.0 nan 59.785 59.8 59.76 59.75 102.0 59.82 249.0 430.0 430.0 0.0 0.0 59.7997
12:35:00 37.0 659.0 nan 59.735 59.785 59.7 59.7 236.0 59.77 209.0 659.0 159.0 500.0 0.0 59.7388
12:36:00 23.0 1053.0 nan 59.79 59.83 59.77 59.77 307.0 59.84 58.0 1053.0 1053.0 0.0 0.0 59.7984
12:37:00 8.0 314.0 nan 59.85 59.85 59.82 59.77 501.0 59.85 64.0 314.0 314.0 0.0 0.0 59.8381
12:38:00 47.0 606.0 nan 59.87 59.89 59.84 59.86 31.0 59.9 301.0 606.0 301.0 305.0 0.0 59.8661
12:39:00 75.0 1084.0 nan 59.85 59.92 59.84 59.72 89.0 59.86 10.0 1084.0 700.0 384.0 0.0 59.8901
12:40:00 37.0 1056.0 nan 59.87 59.87 59.77 59.8 213.0 59.87 200.0 1056.0 1056.0 0.0 0.0 59.8435
12:41:00 31.0 819.0 nan 59.76 59.81 59.76 59.75 1.0 59.81 100.0 819.0 0.0 819.0 0.0 59.7741
12:42:00 21.0 647.0 nan 59.84 59.84 59.75 59.8 125.0 59.86 100.0 647.0 647.0 0.0 0.0 59.8152
12:43:00 62.0 1561.0 nan 59.94 59.99 59.81 59.93 11.0 59.98 100.0 1561.0 1361.0 200.0 0.0 59.9326
12:44:00 14.0 136.0 nan 59.95 60.0 59.95 59.95 12.0 60.0 201.0 136.0 11.0 125.0 0.0 59.954
12:45:00 61.0 1635.0 nan 59.96 60.03 59.93 59.92 100.0 59.99 167.0 1635.0 427.0 1208.0 0.0 59.9893
12:46:00 6.0 223.0 nan 59.86 59.955 59.86 59.8 25.0 59.93 308.0 223.0 0.0 223.0 0.0 59.9197
12:47:00 58.0 2230.0 nan 59.85 59.85 59.7 59.74 100.0 59.85 25.0 2230.0 1761.0 469.0 0.0 59.7743
12:48:00 43.0 1484.0 nan 59.82 59.88 59.75 59.82 300.0 59.88 3.0 1484.0 1255.0 229.0 0.0 59.8479
12:49:00 32.0 680.0 nan 59.78 59.89 59.78 59.75 100.0 59.82 101.0 680.0 219.0 461.0 0.0 59.8415
12:50:00 45.0 1767.0 nan 59.82 59.86 59.75 59.78 126.0 59.87 106.0 1767.0 1666.0 101.0 0.0 59.806
12:51:00 47.0 610.0 nan 59.85 59.9 59.83 59.8 100.0 59.88 169.0 610.0 305.0 305.0 0.0 59.8635
12:52:00 22.0 1093.0 nan 59.91 59.91 59.8 59.84 128.0 59.92 11.0 1093.0 993.0 100.0 0.0 59.8643
12:53:00 20.0 723.0 nan 59.86 59.93 59.86 59.85 102.0 59.9 102.0 723.0 121.0 602.0 0.0 59.8937
12:54:00 16.0 633.0 nan 59.96 59.96 59.875 59.93 102.0 59.97 50.0 633.0 633.0 0.0 0.0 59.9198
12:55:00 38.0 983.0 nan 60.025 60.04 59.95 60.0 258.0 60.04 100.0 983.0 582.0 401.0 0.0 59.9829
12:56:00 16.0 373.0 nan 60.01 60.03 59.99 59.99 200.0 60.03 308.0 373.0 15.0 358.0 0.0 59.9985
12:57:00 1.0 0.0 nan 60.01 60.01 60.01 59.99 300.0 60.03 209.0 nan 0.0 0.0 0.0 nan
12:58:00 25.0 554.0 nan 59.94 60.01 59.94 59.93 203.0 59.98 112.0 554.0 0.0 554.0 0.0 59.9754
12:59:00 45.0 1158.0 nan 59.94 59.99 59.9 59.89 224.0 59.96 201.0 1158.0 312.0 846.0 0.0 59.9492
13:00:00 27.0 644.0 nan 59.97 59.99 59.95 59.94 307.0 59.99 174.0 644.0 644.0 0.0 0.0 59.9708
13:01:00 16.0 408.0 nan 59.96 59.97 59.92 59.93 300.0 59.97 201.0 408.0 107.0 301.0 0.0 59.9402
13:02:00 43.0 1327.0 nan 59.91 60.0 59.89 59.82 125.0 59.9 615.0 1327.0 511.0 816.0 0.0 59.9537
13:03:00 52.0 1062.0 nan 59.9 59.94 59.85 59.89 105.0 59.95 251.0 1062.0 1062.0 0.0 0.0 59.8948
13:04:00 22.0 281.0 nan 59.92 59.96 59.89 59.92 252.0 59.97 107.0 281.0 209.0 72.0 0.0 59.9382
13:05:00 21.0 355.0 nan 59.94 59.99 59.94 59.89 301.0 59.96 206.0 355.0 249.0 106.0 0.0 59.9662
13:06:00 45.0 1713.0 nan 59.92 59.95 59.87 59.89 100.0 59.95 552.0 1713.0 808.0 905.0 0.0 59.8994
13:07:00 23.0 1161.0 nan 59.8 59.89 59.8 59.78 302.0 59.84 407.0 1161.0 0.0 1161.0 0.0 59.8585
13:08:00 83.0 2381.0 nan 59.85 59.94 59.83 59.85 85.0 59.91 125.0 2381.0 1807.0 574.0 0.0 59.8897
13:09:00 27.0 1311.0 nan 59.78 59.85 59.78 59.68 102.0 59.79 330.0 1311.0 0.0 1311.0 0.0 59.8017
13:10:00 159.0 3436.0 nan 59.79 59.88 59.71 59.78 125.0 59.85 100.0 3436.0 2456.0 980.0 0.0 59.8076
13:11:00 78.0 1503.0 nan 59.75 59.95 59.75 59.73 6.0 59.8 123.0 1503.0 938.0 565.0 0.0 59.8782
13:12:00 74.0 3684.0 nan 59.8 59.83 59.63 59.73 25.0 59.83 200.0 3684.0 1578.0 2106.0 0.0 59.7199
13:13:00 109.0 3471.0 nan 59.73 59.86 59.73 59.73 44.0 59.77 200.0 3471.0 1711.0 1760.0 0.0 59.7823
13:14:00 71.0 2179.0 nan 59.77 59.89 59.76 59.76 148.0 59.83 101.0 2179.0 1975.0 204.0 0.0 59.8176
13:15:00 37.0 1804.0 nan 59.63 59.8 59.63 59.62 2.0 59.69 587.0 1804.0 0.0 1804.0 0.0 59.682
13:16:00 50.0 1831.0 nan 59.63 59.65 59.55 59.57 25.0 59.64 100.0 1831.0 930.0 901.0 0.0 59.58
13:17:00 31.0 943.0 nan 59.55 59.615 59.55 59.55 10.0 59.6 564.0 943.0 9.0 934.0 0.0 59.5612
13:18:00 20.0 392.0 nan 59.52 59.56 59.485 59.44 27.0 59.53 626.0 392.0 1.0 391.0 0.0 59.5178
13:19:00 46.0 1225.0 nan 59.54 59.55 59.42 59.52 116.0 59.55 20.0 1225.0 1185.0 40.0 0.0 59.5007
13:20:00 29.0 579.0 nan 59.54 59.54 59.48 59.49 502.0 59.55 100.0 579.0 357.0 222.0 0.0 59.526
13:21:00 45.0 1314.0 nan 59.55 59.6 59.51 59.56 200.0 59.61 312.0 1314.0 1031.0 283.0 0.0 59.5662
13:22:00 13.0 505.0 nan 59.52 59.56 59.52 59.51 201.0 59.55 205.0 505.0 0.0 505.0 0.0 59.55
13:23:00 12.0 263.0 nan 59.56 59.58 59.53 59.53 153.0 59.59 1.0 263.0 263.0 0.0 0.0 59.5525
13:24:00 51.0 1639.0 nan 59.63 59.63 59.54 59.58 150.0 59.64 6.0 1639.0 928.0 711.0 0.0 59.579
13:25:00 16.0 423.0 nan 59.64 59.66 59.59 59.58 167.0 59.66 36.0 423.0 423.0 0.0 0.0 59.6478
13:26:00 24.0 486.0 nan 59.59 59.66 59.59 59.57 135.0 59.64 201.0 486.0 43.0 443.0 0.0 59.605
13:27:00 2.0 100.0 nan 59.61 59.61 59.59 59.56 26.0 59.63 405.0 100.0 100.0 0.0 0.0 59.61
13:28:00 18.0 422.0 nan 59.635 59.66 59.62 59.61 127.0 59.66 6.0 422.0 422.0 0.0 0.0 59.6354
13:29:00 52.0 1168.0 nan 59.67 59.7 59.62 59.64 210.0 59.7 240.0 1168.0 686.0 482.0 0.0 59.6566
13:30:00 37.0 849.0 nan 59.68 59.73 59.65 59.67 257.0 59.72 101.0 849.0 531.0 318.0 0.0 59.6969
13:31:00 63.0 2256.0 nan 59.75 59.82 59.71 59.78 300.0 59.83 45.0 2256.0 2009.0 247.0 0.0 59.7679
13:32:00 72.0 2919.0 nan 59.95 59.98 59.82 59.95 300.0 60.0 600.0 2919.0 1937.0 982.0 0.0 59.9092
13:33:00 36.0 472.0 nan 59.96 59.99 59.91 59.92 100.0 60.0 888.0 472.0 56.0 416.0 0.0 59.9399
13:34:00 15.0 602.0 nan 59.94 59.97 59.94 59.95 7.0 59.98 8.0 602.0 0.0 602.0 0.0 59.96
13:35:00 14.0 109.0 nan 59.93 59.95 59.92 59.92 101.0 59.97 206.0 109.0 0.0 109.0 0.0 59.9219
13:36:00 41.0 1136.0 nan 59.93 59.93 59.89 59.89 201.0 59.94 401.0 1136.0 319.0 817.0 0.0 59.9101
13:37:00 33.0 1276.0 nan 59.95 59.95 59.89 59.91 503.0 59.96 303.0 1276.0 702.0 574.0 0.0 59.9225
13:38:00 7.0 403.0 nan 59.96 59.98 59.96 59.93 609.0 59.98 502.0 403.0 403.0 0.0 0.0 59.965
13:39:00 76.0 3913.0 nan 59.98 60.05 59.96 59.96 109.0 60.03 405.0 3913.0 2887.0 1026.0 0.0 59.9977
13:40:00 22.0 454.0 nan 59.97 59.97 59.94 59.95 22.0 60.0 319.0 454.0 0.0 454.0 0.0 59.9548
13:41:00 30.0 681.0 nan 59.97 60.0 59.95 59.95 1.0 60.01 455.0 681.0 315.0 366.0 0.0 59.9771
13:42:00 27.0 1000.0 nan 59.89 59.96 59.89 59.88 250.0 59.93 575.0 1000.0 0.0 1000.0 0.0 59.9254
13:43:00 52.0 1604.0 nan 59.89 59.905 59.83 59.87 60.0 59.91 123.0 1604.0 1404.0 200.0 0.0 59.8685
13:44:00 29.0 1537.0 nan 59.88 59.97 59.88 59.88 205.0 59.93 201.0 1537.0 436.0 1101.0 0.0 59.902
13:45:00 5.0 107.0 nan 59.95 59.95 59.93 59.93 153.0 59.98 301.0 107.0 107.0 0.0 0.0 59.9311
13:46:00 35.0 1274.0 nan 59.95 59.95 59.91 59.94 100.0 59.97 201.0 1274.0 851.0 423.0 0.0 59.9335
13:47:00 31.0 1222.0 nan 59.92 59.98 59.92 59.92 3.0 59.95 187.0 1222.0 387.0 835.0 0.0 59.9473
13:48:00 33.0 445.0 nan 59.92 59.92 59.86 59.89 253.0 59.93 159.0 445.0 18.0 427.0 0.0 59.8881
13:49:00 7.0 103.0 nan 59.9 59.91 59.89 59.87 300.0 59.93 460.0 103.0 0.0 103.0 0.0 59.89
13:50:00 40.0 1558.0 nan 59.89 59.9 59.85 59.87 101.0 59.91 213.0 1558.0 904.0 654.0 0.0 59.8736
13:51:00 24.0 500.0 nan 59.865 59.89 59.85 59.84 218.0 59.89 383.0 500.0 55.0 445.0 0.0 59.8608
13:52:00 60.0 2090.0 nan 59.78 59.865 59.76 59.75 577.0 59.79 270.0 2090.0 579.0 1511.0 0.0 59.8355
13:53:00 50.0 1641.0 nan 59.78 59.84 59.78 59.75 76.0 59.81 151.0 1641.0 1136.0 505.0 0.0 59.8107
13:54:00 10.0 558.0 nan 59.77 59.78 59.77 59.77 20.0 59.81 179.0 558.0 0.0 558.0 0.0 59.77
13:55:00 3.0 0.0 nan 59.77 59.77 59.77 59.73 501.0 59.81 271.0 nan 0.0 0.0 0.0 nan
13:56:00 25.0 952.0 nan 59.825 59.825 59.79 59.81 205.0 59.84 421.0 952.0 952.0 0.0 0.0 59.8074
13:57:00 60.0 1979.0 nan 59.83 59.86 59.77 59.81 5.0 59.84 1.0 1979.0 913.0 1066.0 0.0 59.813
13:58:00 22.0 285.0 nan 59.73 59.84 59.73 59.71 203.0 59.8 220.0 285.0 1.0 284.0 0.0 59.7676
13:59:00 12.0 427.0 nan 59.82 59.82 59.79 59.77 104.0 59.84 401.0 427.0 427.0 0.0 0.0 59.8094
14:00:00 14.0 455.0 nan 59.81 59.85 59.78 59.8 200.0 59.85 286.0 455.0 315.0 140.0 0.0 59.8333
14:01:00 45.0 1549.0 nan 59.745 59.8 59.625 59.69 200.0 59.8 271.0 1549.0 996.0 553.0 0.0 59.722
14:02:00 43.0 3066.0 nan 59.48 59.74 59.32 59.36 30.0 59.51 6.0 3066.0 883.0 2183.0 0.0 59.5173
14:03:00 32.0 1296.0 nan 59.63 59.63 59.45 59.58 36.0 59.69 75.0 1296.0 1208.0 88.0 0.0 59.5877
14:04:00 18.0 761.0 nan 59.385 59.605 59.33 59.32 200.0 59.44 100.0 761.0 0.0 761.0 0.0 59.494
14:05:00 13.0 600.0 nan 59.3 59.39 59.27 59.3 100.0 59.37 202.0 600.0 0.0 600.0 0.0 59.3117
14:06:00 32.0 769.0 nan 59.26 59.35 59.21 59.24 200.0 59.28 300.0 769.0 165.0 604.0 0.0 59.3073
14:07:00 51.0 2145.0 nan 59.43 59.43 59.24 59.34 431.0 59.44 200.0 2145.0 1798.0 347.0 0.0 59.31
14:08:00 40.0 1291.0 nan 59.42 59.52 59.42 59.36 60.0 59.46 160.0 1291.0 610.0 681.0 0.0 59.4468
14:09:00 22.0 857.0 nan 59.47 59.56 59.45 59.38 425.0 59.54 30.0 857.0 543.0 314.0 0.0 59.4689
14:10:00 45.0 1595.0 nan 59.22 59.47 59.22 59.22 38.0 59.32 250.0 1595.0 250.0 1345.0 0.0 59.3295
14:11:00 14.0 252.0 nan 59.26 59.33 59.21 59.24 300.0 59.31 7.0 252.0 50.0 202.0 0.0 59.276
14:12:00 23.0 1088.0 nan 59.19 59.24 59.12 59.1 102.0 59.19 100.0 1088.0 196.0 892.0 0.0 59.2055
14:13:00 26.0 956.0 nan 59.25 59.25 59.14 59.17 1227.0 59.27 100.0 956.0 651.0 305.0 0.0 59.199
14:14:00 56.0 2092.0 nan 59.3 59.3 59.22 59.25 100.0 59.3 175.0 2092.0 989.0 1103.0 0.0 59.2564
14:15:00 43.0 928.0 nan 59.13 59.275 59.13 59.13 117.0 59.2 1301.0 928.0 0.0 928.0 0.0 59.1646
14:16:00 64.0 2760.0 nan 59.26 59.29 59.13 59.23 200.0 59.31 110.0 2760.0 2643.0 117.0 0.0 59.2126
14:17:00 47.0 1349.0 nan 59.32 59.34 59.19 59.3 200.0 59.35 122.0 1349.0 945.0 404.0 0.0 59.2989
14:18:00 46.0 1882.0 nan 59.49 59.49 59.28 59.46 46.0 59.54 200.0 1882.0 648.0 1234.0 0.0 59.3381
14:19:00 27.0 679.0 nan 59.59 59.59 59.42 59.54 100.0 59.6 206.0 679.0 658.0 21.0 0.0 59.5452
14:20:00 13.0 495.0 nan 59.58 59.63 59.58 59.55 201.0 59.63 100.0 495.0 495.0 0.0 0.0 59.6092
14:21:00 36.0 738.0 nan 59.49 59.62 59.46 59.48 300.0 59.55 476.0 738.0 0.0 738.0 0.0 59.4936
14:22:00 17.0 1199.0 nan 59.43 59.49 59.43 59.43 1.0 59.51 125.0 1199.0 1.0 1198.0 0.0 59.4617
14:23:00 5.0 1.0 nan 59.445 59.46 59.43 59.38 300.0 59.49 507.0 1.0 0.0 1.0 0.0 59.43
14:24:00 31.0 1201.0 nan 59.36 59.42 59.33 59.32 203.0 59.38 69.0 1201.0 412.0 789.0 0.0 59.3802
14:25:00 73.0 2401.0 nan 59.35 59.41 59.33 59.32 128.0 59.38 200.0 2401.0 1504.0 897.0 0.0 59.3696
14:26:00 68.0 2900.0 nan 59.38 59.42 59.32 59.35 131.0 59.44 153.0 2900.0 2643.0 257.0 0.0 59.3867
14:27:00 131.0 6629.0 nan 59.42 59.55 59.42 59.44 250.0 59.51 378.0 6629.0 3104.0 3525.0 0.0 59.4933
14:28:00 66.0 2194.0 nan 59.68 59.68 59.44 59.62 25.0 59.73 49.0 2194.0 1447.0 747.0 0.0 59.5404
14:29:00 94.0 3260.0 nan 59.47 59.63 59.47 59.47 259.0 59.53 127.0 3260.0 149.0 3111.0 0.0 59.5512
14:30:00 106.0 3870.0 nan 59.57 59.57 59.41 59.52 200.0 59.58 134.0 3870.0 3196.0 674.0 0.0 59.5337
14:31:00 53.0 1584.0 nan 59.51 59.57 59.51 59.51 50.0 59.58 518.0 1584.0 262.0 1322.0 0.0 59.5217
14:32:00 52.0 2239.0 nan 59.49 59.55 59.46 59.48 100.0 59.52 188.0 2239.0 141.0 2098.0 0.0 59.4792
14:33:00 144.0 4898.0 nan 59.42 59.48 59.29 59.39 50.0 59.48 6.0 4898.0 2606.0 2292.0 0.0 59.4158
14:34:00 38.0 754.0 nan 59.32 59.425 59.32 59.3 201.0 59.37 195.0 754.0 318.0 436.0 0.0 59.3528
14:35:00 33.0 1035.0 nan 59.34 59.34 59.24 59.31 26.0 59.38 396.0 1035.0 398.0 637.0 0.0 59.3146
14:36:00 79.0 1887.0 nan 59.3 59.39 59.23 59.3 100.0 59.35 83.0 1887.0 1182.0 705.0 0.0 59.3222
14:37:00 73.0 1857.0 nan 59.445 59.49 59.35 59.39 255.0 59.5 290.0 1857.0 912.0 945.0 0.0 59.4221
14:38:00 65.0 1306.0 nan 59.57 59.57 59.36 59.5 236.0 59.56 4.0 1306.0 832.0 474.0 0.0 59.456
14:39:00 68.0 2037.0 nan 59.63 59.63 59.5 59.59 100.0 59.65 110.0 2037.0 961.0 1076.0 0.0 59.5723
14:40:00 30.0 470.0 nan 59.73 59.73 59.57 59.62 126.0 59.73 56.0 470.0 270.0 200.0 0.0 59.6185
14:41:00 76.0 2295.0 nan 59.73 59.82 59.72 59.71 200.0 59.82 25.0 2295.0 1389.0 906.0 0.0 59.7566
14:42:00 27.0 943.0 nan 59.88 59.89 59.75 59.82 227.0 59.9 200.0 943.0 743.0 200.0 0.0 59.8222
14:43:00 69.0 3653.0 nan 60.06 60.09 59.9 60.02 501.0 60.11 129.0 3653.0 3306.0 347.0 0.0 60.0299
14:44:00 60.0 1286.0 nan 60.06 60.06 60.0 60.02 200.0 60.07 500.0 1286.0 592.0 694.0 0.0 60.0291
14:45:00 48.0 1544.0 nan 60.09 60.15 60.03 60.06 371.0 60.14 67.0 1544.0 1282.0 262.0 0.0 60.0885
14:46:00 31.0 994.0 nan 60.14 60.15 60.06 60.13 200.0 60.18 100.0 994.0 292.0 702.0 0.0 60.0987
14:47:00 116.0 2975.0 nan 60.165 60.3 60.11 60.11 25.0 60.21 200.0 2975.0 1279.0 1696.0 0.0 60.2148
14:48:00 15.0 400.0 nan 60.175 60.2 60.16 60.14 100.0 60.2 25.0 400.0 400.0 0.0 0.0 60.1925
14:49:00 91.0 2481.0 nan 60.07 60.14 60.05 60.04 26.0 60.13 227.0 2481.0 1045.0 1436.0 0.0 60.1085
14:50:00 83.0 3241.0 nan 60.17 60.21 60.12 60.13 50.0 60.2 300.0 3241.0 1434.0 1807.0 0.0 60.1652
14:51:00 35.0 993.0 nan 60.06 60.15 60.06 60.04 101.0 60.13 17.0 993.0 224.0 769.0 0.0 60.0992
14:52:00 57.0 1978.0 nan 60.19 60.19 60.085 60.18 100.0 60.2 100.0 1978.0 1878.0 100.0 0.0 60.1439
14:53:00 50.0 1608.0 nan 60.27 60.27 60.19 60.23 100.0 60.28 100.0 1608.0 935.0 673.0 0.0 60.2201
14:54:00 32.0 810.0 nan 60.34 60.4 60.28 60.3 2.0 60.38 270.0 810.0 260.0 550.0 0.0 60.3138
14:55:00 48.0 2371.0 nan 60.48 60.52 60.34 60.42 26.0 60.49 214.0 2371.0 2128.0 243.0 0.0 60.4228
14:56:00 61.0 1806.0 nan 60.55 60.59 60.48 60.53 205.0 60.62 237.0 1806.0 1604.0 202.0 0.0 60.5354
14:57:00 44.0 1518.0 nan 60.53 60.6 60.47 60.47 132.0 60.54 112.0 1518.0 773.0 745.0 0.0 60.5261
14:58:00 54.0 2228.0 nan 60.51 60.54 60.44 60.44 50.0 60.54 234.0 2228.0 1369.0 859.0 0.0 60.5043
14:59:00 42.0 1301.0 nan 60.64 60.64 60.5 60.57 221.0 60.64 34.0 1301.0 1301.0 0.0 0.0 60.5894
15:00:00 45.0 1281.0 nan 60.59 60.605 60.46 60.53 103.0 60.6 31.0 1281.0 494.0 787.0 0.0 60.5545
15:01:00 23.0 607.0 nan 60.56 60.58 60.49 60.5 318.0 60.62 622.0 607.0 402.0 205.0 0.0 60.5399
15:02:00 16.0 202.0 nan 60.555 60.6 60.51 60.5 401.0 60.61 473.0 202.0 0.0 202.0 0.0 60.5401
15:03:00 78.0 1959.0 nan 60.6 60.61 60.49 60.57 98.0 60.62 920.0 1959.0 743.0 1216.0 0.0 60.5526
15:04:00 52.0 2099.0 nan 60.63 60.71 60.62 60.62 300.0 60.71 482.0 2099.0 2099.0 0.0 0.0 60.6446
15:05:00 73.0 1844.0 nan 60.7 60.77 60.64 60.68 203.0 60.74 829.0 1844.0 1443.0 401.0 0.0 60.7346
15:06:00 50.0 1634.0 nan 60.84 60.84 60.71 60.76 531.0 60.85 101.0 1634.0 1609.0 25.0 0.0 60.7596
15:07:00 118.0 2630.0 nan 60.59 60.805 60.53 60.56 103.0 60.63 116.0 2630.0 548.0 2082.0 0.0 60.6741
15:08:00 41.0 1353.0 nan 60.72 60.72 60.62 60.67 202.0 60.72 100.0 1353.0 1353.0 0.0 0.0 60.6861
15:09:00 52.0 1821.0 nan 60.78 60.78 60.67 60.71 312.0 60.8 400.0 1821.0 804.0 1017.0 0.0 60.7151
15:10:00 50.0 713.0 nan 60.78 60.79 60.71 60.74 201.0 60.8 100.0 713.0 397.0 316.0 0.0 60.744
15:11:00 62.0 2215.0 nan 60.77 60.82 60.7 60.77 1.0 60.82 6.0 2215.0 1007.0 1208.0 0.0 60.7745
15:12:00 58.0 1106.0 nan 60.71 60.85 60.71 60.68 100.0 60.76 101.0 1106.0 423.0 683.0 0.0 60.7746
15:13:00 53.0 896.0 nan 60.83 60.83 60.72 60.77 304.0 60.83 790.0 896.0 578.0 318.0 0.0 60.7777
15:14:00 70.0 1760.0 nan 60.83 60.87 60.82 60.83 200.0 60.88 919.0 1760.0 1433.0 327.0 0.0 60.8403
15:15:00 73.0 2694.0 nan 60.82 60.89 60.81 60.82 222.0 60.89 200.0 2694.0 1351.0 1343.0 0.0 60.8517
15:16:00 67.0 1062.0 nan 60.85 60.85 60.75 60.79 400.0 60.87 102.0 1062.0 208.0 854.0 0.0 60.8043
15:17:00 49.0 1047.0 nan 60.89 60.93 60.8 60.88 2.0 60.93 253.0 1047.0 729.0 318.0 0.0 60.884
15:18:00 60.0 1239.0 nan 60.96 60.96 60.86 60.9 258.0 60.96 19.0 1239.0 529.0 710.0 0.0 60.8946
15:19:00 137.0 4301.0 nan 61.09 61.09 60.9 61.01 104.0 61.07 215.0 4301.0 3735.0 566.0 0.0 60.9812
15:20:00 28.0 424.0 nan 61.065 61.09 61.02 61.04 601.0 61.09 84.0 424.0 293.0 131.0 0.0 61.0584
15:21:00 108.0 2974.0 nan 61.11 61.16 61.06 61.08 271.0 61.16 224.0 2974.0 1702.0 1272.0 0.0 61.1124
15:22:00 98.0 2454.0 nan 61.16 61.19 61.09 61.14 120.0 61.19 485.0 2454.0 1865.0 589.0 0.0 61.1639
15:23:00 81.0 1862.0 nan 61.09 61.17 61.06 61.09 3.0 61.16 410.0 1862.0 821.0 1041.0 0.0 61.1292
15:24:00 42.0 637.0 nan 61.11 61.16 61.1 61.1 302.0 61.15 26.0 637.0 235.0 402.0 0.0 61.1206
15:25:00 120.0 3144.0 nan 61.08 61.23 61.08 61.07 266.0 61.16 301.0 3144.0 1928.0 1216.0 0.0 61.1741
15:26:00 28.0 1041.0 nan 61.23 61.23 61.16 61.17 416.0 61.23 278.0 1041.0 893.0 148.0 0.0 61.1921
15:27:00 110.0 4292.0 nan 61.29 61.3 61.21 61.25 200.0 61.31 475.0 4292.0 3022.0 1270.0 0.0 61.2518
15:28:00 46.0 1713.0 nan 61.25 61.31 61.22 61.23 212.0 61.27 401.0 1713.0 525.0 1188.0 0.0 61.2785
15:29:00 89.0 1768.0 nan 61.26 61.3 61.21 61.24 18.0 61.28 325.0 1768.0 1015.0 753.0 0.0 61.2529
15:30:00 64.0 1719.0 nan 61.26 61.3 61.26 61.24 590.0 61.28 505.0 1719.0 1341.0 378.0 0.0 61.2854
15:31:00 111.0 2939.0 nan 61.17 61.31 61.15 61.16 8.0 61.21 644.0 2939.0 1264.0 1675.0 0.0 61.2485
15:32:00 134.0 4404.0 nan 61.17 61.25 61.14 61.15 3.0 61.19 521.0 4404.0 2035.0 2369.0 0.0 61.2054
15:33:00 125.0 3249.0 nan 61.2 61.2 61.11 61.16 476.0 61.2 161.0 3249.0 1964.0 1285.0 0.0 61.1646
15:34:00 116.0 5163.0 nan 61.25 61.29 61.18 61.24 552.0 61.29 201.0 5163.0 2800.0 2363.0 0.0 61.2399
15:35:00 96.0 4563.0 nan 61.28 61.29 61.2 61.26 201.0 61.29 177.0 4563.0 1670.0 2893.0 0.0 61.2539
15:36:00 70.0 2297.0 nan 61.19 61.275 61.18 61.17 905.0 61.22 605.0 2297.0 140.0 2157.0 0.0 61.2328
15:37:00 71.0 3125.0 nan 61.24 61.24 61.19 61.19 1293.0 61.24 804.0 3125.0 2304.0 821.0 0.0 61.2139
15:38:00 63.0 2527.0 nan 61.1 61.21 61.1 61.1 161.0 61.16 1185.0 2527.0 0.0 2527.0 0.0 61.1672
15:39:00 49.0 1644.0 nan 61.14 61.16 61.1 61.13 250.0 61.15 1104.0 1644.0 1432.0 212.0 0.0 61.1507
15:40:00 105.0 4699.0 nan 61.21 61.23 61.15 61.19 217.0 61.22 203.0 4699.0 3563.0 1136.0 0.0 61.1721
15:41:00 135.0 4830.0 nan 61.22 61.22 61.15 61.21 300.0 61.23 8.0 4830.0 3069.0 1761.0 0.0 61.1855
15:42:00 102.0 3725.0 nan 61.18 61.26 61.18 61.18 51.0 61.2 902.0 3725.0 1702.0 2023.0 0.0 61.2301
15:43:00 66.0 2857.0 nan 61.21 61.25 61.18 61.18 100.0 61.2 26.0 2857.0 2287.0 570.0 0.0 61.2183
15:44:00 113.0 2991.0 nan 61.15 61.2 61.1 61.12 300.0 61.16 1316.0 2991.0 2058.0 933.0 0.0 61.177
15:45:00 134.0 6241.0 nan 61.18 61.18 61.06 61.16 781.0 61.19 369.0 6241.0 4046.0 2195.0 0.0 61.1039
15:46:00 144.0 6252.0 nan 61.3 61.31 61.18 61.29 50.0 61.32 510.0 6252.0 2800.0 3452.0 0.0 61.2318
15:47:00 121.0 5111.0 nan 61.335 61.35 61.31 61.32 200.0 61.35 1180.0 5111.0 2370.0 2741.0 0.0 61.3264
15:48:00 151.0 5699.0 nan 61.4 61.41 61.34 61.38 150.0 61.4 90.0 5699.0 3816.0 1883.0 0.0 61.3751
15:49:00 120.0 4212.0 nan 61.37 61.41 61.34 61.35 510.0 61.38 609.0 4212.0 1705.0 2507.0 0.0 61.3705
15:50:00 147.0 6802.0 nan 61.35 61.39 61.35 61.34 403.0 61.37 1134.0 6802.0 2949.0 3853.0 0.0 61.3727
15:51:00 184.0 9075.0 nan 61.38 61.39 61.27 61.37 689.0 61.4 510.0 9075.0 6552.0 2523.0 0.0 61.3414
15:52:00 95.0 3715.0 nan 61.3 61.39 61.29 61.29 470.0 61.32 2870.0 3715.0 666.0 3049.0 0.0 61.3493
15:53:00 179.0 9637.0 nan 61.3 61.32 61.25 61.29 399.0 61.31 349.0 9637.0 5999.0 3638.0 0.0 61.2861
15:54:00 128.0 6296.0 nan 61.29 61.31 61.27 61.29 757.0 61.31 850.0 6296.0 3571.0 2725.0 0.0 61.2921
15:55:00 146.0 8107.0 nan 61.29 61.32 61.27 61.28 741.0 61.3 1606.0 8107.0 5000.0 3107.0 0.0 61.2939
15:56:00 239.0 15250.0 nan 61.28 61.31 61.23 61.28 300.0 61.29 510.0 15250.0 10042.0 5208.0 0.0 61.2668
15:57:00 142.0 6572.0 nan 61.27 61.3 61.27 61.27 526.0 61.29 2562.0 6572.0 3861.0 2711.0 0.0 61.2815
15:58:00 251.0 18120.0 nan 61.24 61.31 61.2 61.23 170.0 61.25 287.0 18120.0 11421.0 6699.0 0.0 61.2568
15:59:00 223.0 17214.0 nan 61.24 61.26 61.23 61.23 832.0 61.26 1173.0 17214.0 8277.0 8937.0 0.0 61.2452
16:00:00 640.0 62047.0 nan 61.2 61.29 61.2 61.2 13569.0 61.21 3000.0 62047.0 16709.0 45338.0 0.0 61.232
16:01:00 2.0 0.0 nan 61.21 61.21 61.21 61.2 13569.0 61.23 2313.0 nan 0.0 0.0 0.0 nan
16:02:00 0.0 0.0 nan 61.21 nan nan 61.2 13569.0 61.23 2313.0 nan 0.0 0.0 0.0 nan
16:03:00 0.0 0.0 nan 61.21 nan nan 61.2 13569.0 61.23 2313.0 nan 0.0 0.0 0.0 nan
16:04:00 0.0 0.0 nan 61.21 nan nan 61.2 13569.0 61.23 2313.0 nan 0.0 0.0 0.0 nan
16:05:00 0.0 0.0 nan 61.21 nan nan 61.2 13569.0 61.23 2313.0 nan 0.0 0.0 0.0 nan
16:06:00 0.0 0.0 nan 61.21 nan nan 61.2 13569.0 61.23 2313.0 nan 0.0 0.0 0.0 nan
16:07:00 0.0 0.0 nan 61.21 nan nan 61.2 13569.0 61.23 2313.0 nan 0.0 0.0 0.0 nan
16:08:00 0.0 0.0 nan 61.21 nan nan 61.2 13569.0 61.23 2313.0 nan 0.0 0.0 0.0 nan
16:09:00 1.0 1.0 nan 61.3 61.3 61.3 61.2 13569.0 61.23 2313.0 1.0 0.0 1.0 0.0 61.3
16:10:00 0.0 0.0 nan 61.3 nan nan 61.2 13569.0 61.23 2313.0 nan 0.0 0.0 0.0 nan
16:11:00 0.0 0.0 nan 61.3 nan nan 61.2 13569.0 61.23 2313.0 nan 0.0 0.0 0.0 nan
16:12:00 0.0 0.0 nan 61.3 nan nan 61.2 13569.0 61.23 2313.0 nan 0.0 0.0 0.0 nan
16:13:00 0.0 0.0 nan 61.3 nan nan 61.2 13569.0 61.23 2313.0 nan 0.0 0.0 0.0 nan
16:14:00 0.0 0.0 nan 61.3 nan nan 61.2 13569.0 61.23 2313.0 nan 0.0 0.0 0.0 nan
16:15:00 0.0 0.0 nan 61.3 nan nan 61.2 13569.0 61.23 2313.0 nan 0.0 0.0 0.0 nan
16:16:00 0.0 0.0 nan 61.3 nan nan 61.2 13569.0 61.23 2313.0 nan 0.0 0.0 0.0 nan
16:17:00 0.0 0.0 nan 61.3 nan nan 61.2 13569.0 61.23 2313.0 nan 0.0 0.0 0.0 nan
16:18:00 2.0 129.0 nan 61.3 61.3 61.25 61.2 13569.0 61.23 2313.0 129.0 129.0 0.0 0.0 61.2884
16:19:00 0.0 0.0 nan 61.3 nan nan 61.2 13569.0 61.23 2313.0 nan 0.0 0.0 0.0 nan
16:20:00 0.0 0.0 nan 61.3 nan nan 61.2 13569.0 61.23 2313.0 nan 0.0 0.0 0.0 nan
16:21:00 0.0 0.0 nan 61.3 nan nan 61.2 13569.0 61.23 2313.0 nan 0.0 0.0 0.0 nan
16:22:00 0.0 0.0 nan 61.3 nan nan 61.2 13569.0 61.23 2313.0 nan 0.0 0.0 0.0 nan
16:23:00 0.0 0.0 nan 61.3 nan nan 61.2 13569.0 61.23 2313.0 nan 0.0 0.0 0.0 nan
16:24:00 0.0 0.0 nan 61.3 nan nan 61.2 13569.0 61.23 2313.0 nan 0.0 0.0 0.0 nan
16:25:00 0.0 0.0 nan 61.3 nan nan 61.2 13569.0 61.23 2313.0 nan 0.0 0.0 0.0 nan
16:26:00 0.0 0.0 nan 61.3 nan nan 61.2 13569.0 61.23 2313.0 nan 0.0 0.0 0.0 nan
16:27:00 0.0 0.0 nan 61.3 nan nan 61.2 13569.0 61.23 2313.0 nan 0.0 0.0 0.0 nan
16:28:00 0.0 0.0 nan 61.3 nan nan 61.2 13569.0 61.23 2313.0 nan 0.0 0.0 0.0 nan
16:29:00 0.0 0.0 nan 61.3 nan nan 61.2 13569.0 61.23 2313.0 nan 0.0 0.0 0.0 nan
16:30:00 0.0 0.0 nan 61.3 nan nan 61.2 13569.0 61.23 2313.0 nan 0.0 0.0 0.0 nan
16:31:00 0.0 0.0 nan 61.3 nan nan 61.2 13569.0 61.23 2313.0 nan 0.0 0.0 0.0 nan
16:32:00 0.0 0.0 nan 61.3 nan nan 61.2 13569.0 61.23 2313.0 nan 0.0 0.0 0.0 nan
16:33:00 0.0 0.0 nan 61.3 nan nan 61.2 13569.0 61.23 2313.0 nan 0.0 0.0 0.0 nan
16:34:00 0.0 0.0 nan 61.3 nan nan 61.2 13569.0 61.23 2313.0 nan 0.0 0.0 0.0 nan
16:35:00 0.0 0.0 nan 61.3 nan nan 61.2 13569.0 61.23 2313.0 nan 0.0 0.0 0.0 nan
16:36:00 1.0 9.0 nan 61.3 61.3 61.3 61.2 13569.0 61.23 2313.0 9.0 9.0 0.0 0.0 61.3
16:37:00 0.0 0.0 nan 61.3 nan nan 61.2 13569.0 61.23 2313.0 nan 0.0 0.0 0.0 nan
16:38:00 0.0 0.0 nan 61.3 nan nan 61.2 13569.0 61.23 2313.0 nan 0.0 0.0 0.0 nan
16:39:00 0.0 0.0 nan 61.3 nan nan 61.2 13569.0 61.23 2313.0 nan 0.0 0.0 0.0 nan
16:40:00 0.0 0.0 nan 61.3 nan nan 61.2 13569.0 61.23 2313.0 nan 0.0 0.0 0.0 nan
16:41:00 0.0 0.0 nan 61.3 nan nan 61.2 13569.0 61.23 2313.0 nan 0.0 0.0 0.0 nan
16:42:00 0.0 0.0 nan 61.3 nan nan 61.2 13569.0 61.23 2313.0 nan 0.0 0.0 0.0 nan
16:43:00 0.0 0.0 nan 61.3 nan nan 61.2 13569.0 61.23 2313.0 nan 0.0 0.0 0.0 nan
16:44:00 0.0 0.0 nan 61.3 nan nan 61.2 13569.0 61.23 2313.0 nan 0.0 0.0 0.0 nan
16:45:00 0.0 0.0 nan 61.3 nan nan 61.2 13569.0 61.23 2313.0 nan 0.0 0.0 0.0 nan
16:46:00 0.0 0.0 nan 61.3 nan nan 61.2 13569.0 61.23 2313.0 nan 0.0 0.0 0.0 nan
16:47:00 0.0 0.0 nan 61.3 nan nan 61.2 13569.0 61.23 2313.0 nan 0.0 0.0 0.0 nan
16:48:00 0.0 0.0 nan 61.3 nan nan 61.2 13569.0 61.23 2313.0 nan 0.0 0.0 0.0 nan
16:49:00 0.0 0.0 nan 61.3 nan nan 61.2 13569.0 61.23 2313.0 nan 0.0 0.0 0.0 nan
16:50:00 0.0 0.0 nan 61.3 nan nan 61.2 13569.0 61.23 2313.0 nan 0.0 0.0 0.0 nan
16:51:00 0.0 0.0 nan 61.3 nan nan 61.2 13569.0 61.23 2313.0 nan 0.0 0.0 0.0 nan
16:52:00 0.0 0.0 nan 61.3 nan nan 61.2 13569.0 61.23 2313.0 nan 0.0 0.0 0.0 nan
16:53:00 0.0 0.0 nan 61.3 nan nan 61.2 13569.0 61.23 2313.0 nan 0.0 0.0 0.0 nan
16:54:00 0.0 0.0 nan 61.3 nan nan 61.2 13569.0 61.23 2313.0 nan 0.0 0.0 0.0 nan
16:55:00 0.0 0.0 nan 61.3 nan nan 61.2 13569.0 61.23 2313.0 nan 0.0 0.0 0.0 nan
16:56:00 0.0 0.0 nan 61.3 nan nan 61.2 13569.0 61.23 2313.0 nan 0.0 0.0 0.0 nan
16:57:00 0.0 0.0 nan 61.3 nan nan 61.2 13569.0 61.23 2313.0 nan 0.0 0.0 0.0 nan
16:58:00 0.0 0.0 nan 61.3 nan nan 61.2 13569.0 61.23 2313.0 nan 0.0 0.0 0.0 nan
16:59:00 1.0 1.0 nan 61.0 61.0 61.0 61.2 13569.0 61.23 2313.0 1.0 0.0 1.0 0.0 61.0
17:00:00 0.0 0.0 nan 61.0 nan nan 61.2 13569.0 61.23 2313.0 nan 0.0 0.0 0.0 nan
