time trade_count trade_volume trade_first trade_last trade_high trade_low bid_price bid_size ask_price ask_size hid_vol buy_vol sell_vol unsided_vol vwap
09:00:00 nan 0.0 nan nan nan nan 62.75 38.0 62.89 98.0 nan 0.0 0.0 0.0 nan
09:01:00 0.0 0.0 nan nan nan nan 62.75 38.0 62.89 98.0 nan 0.0 0.0 0.0 nan
09:02:00 0.0 0.0 nan nan nan nan 62.75 38.0 62.89 98.0 nan 0.0 0.0 0.0 nan
09:03:00 0.0 0.0 nan nan nan nan 62.75 38.0 63.2 100.0 nan 0.0 0.0 0.0 nan
09:04:00 0.0 0.0 nan nan nan nan 62.75 38.0 62.98 98.0 nan 0.0 0.0 0.0 nan
09:05:00 0.0 0.0 nan nan nan nan 62.75 38.0 62.98 98.0 nan 0.0 0.0 0.0 nan
09:06:00 0.0 0.0 nan nan nan nan 62.75 38.0 62.98 98.0 nan 0.0 0.0 0.0 nan
09:07:00 0.0 0.0 nan nan nan nan 62.75 38.0 62.98 98.0 nan 0.0 0.0 0.0 nan
09:08:00 0.0 0.0 nan nan nan nan 62.75 38.0 62.98 98.0 nan 0.0 0.0 0.0 nan
09:09:00 0.0 0.0 nan nan nan nan 62.75 38.0 62.98 98.0 nan 0.0 0.0 0.0 nan
09:10:00 0.0 0.0 nan nan nan nan 62.75 38.0 62.98 98.0 nan 0.0 0.0 0.0 nan
09:11:00 0.0 0.0 nan nan nan nan 62.75 38.0 62.98 98.0 nan 0.0 0.0 0.0 nan
09:12:00 0.0 0.0 nan nan nan nan 62.75 38.0 62.98 98.0 nan 0.0 0.0 0.0 nan
09:13:00 0.0 0.0 nan nan nan nan 62.75 38.0 62.9 98.0 nan 0.0 0.0 0.0 nan
09:14:00 0.0 0.0 nan nan nan nan 62.75 38.0 62.9 98.0 nan 0.0 0.0 0.0 nan
09:15:00 0.0 0.0 nan nan nan nan 62.75 38.0 62.9 98.0 nan 0.0 0.0 0.0 nan
09:16:00 0.0 0.0 nan nan nan nan 62.75 38.0 62.9 98.0 nan 0.0 0.0 0.0 nan
09:17:00 0.0 0.0 nan nan nan nan 62.75 38.0 62.9 98.0 nan 0.0 0.0 0.0 nan
09:18:00 0.0 0.0 nan nan nan nan 62.75 38.0 62.92 5.0 nan 0.0 0.0 0.0 nan
09:19:00 0.0 0.0 nan nan nan nan 62.75 38.0 63.2 100.0 nan 0.0 0.0 0.0 nan
09:20:00 0.0 0.0 nan nan nan nan 62.75 38.0 63.2 100.0 nan 0.0 0.0 0.0 nan
09:21:00 0.0 0.0 nan nan nan nan 62.75 38.0 63.0 160.0 nan 0.0 0.0 0.0 nan
09:22:00 0.0 0.0 nan nan nan nan 62.75 38.0 63.0 160.0 nan 0.0 0.0 0.0 nan
09:23:00 0.0 0.0 nan nan nan nan 62.75 38.0 63.0 160.0 nan 0.0 0.0 0.0 nan
09:24:00 0.0 0.0 nan nan nan nan 62.75 38.0 63.0 160.0 nan 0.0 0.0 0.0 nan
09:25:00 0.0 0.0 nan nan nan nan 62.75 38.0 63.0 160.0 nan 0.0 0.0 0.0 nan
09:26:00 0.0 0.0 nan nan nan nan 62.75 38.0 63.0 160.0 nan 0.0 0.0 0.0 nan
09:27:00 0.0 0.0 nan nan nan nan 62.75 38.0 63.0 160.0 nan 0.0 0.0 0.0 nan
09:28:00 0.0 0.0 nan nan nan nan 62.75 38.0 63.02 255.0 nan 0.0 0.0 0.0 nan
09:29:00 0.0 0.0 nan nan nan nan 62.75 38.0 63.2 100.0 nan 0.0 0.0 0.0 nan
09:30:00 0.0 0.0 nan nan nan nan 62.75 338.0 63.2 100.0 nan 0.0 0.0 0.0 nan
09:31:00 2.0 0.0 nan 63.17 63.17 63.17 62.92 104.0 63.12 600.0 nan 0.0 0.0 0.0 nan
09:32:00 8.0 148.0 nan 62.87 63.02 62.87 62.8 8.0 62.9 400.0 148.0 12.0 136.0 0.0 62.9176
09:33:00 23.0 1682.0 nan 62.57 62.9 62.55 62.55 4700.0 62.68 300.0 1682.0 700.0 982.0 0.0 62.784
09:34:00 33.0 5138.0 nan 62.56 62.68 62.5 62.48 30.0 62.58 100.0 5138.0 583.0 4555.0 0.0 62.5643
09:35:00 62.0 2475.0 nan 62.49 62.63 62.45 62.46 25.0 62.55 400.0 2475.0 1019.0 1456.0 0.0 62.5075
09:36:00 83.0 4524.0 nan 62.47 62.75 62.45 62.45 1.0 62.55 400.0 4524.0 3048.0 1476.0 0.0 62.5031
09:37:00 37.0 2057.0 nan 62.45 62.49 62.41 62.41 1.0 62.49 325.0 2057.0 1945.0 112.0 0.0 62.45
09:38:00 23.0 1141.0 nan 62.41 62.59 62.41 62.4 8.0 62.51 100.0 1141.0 703.0 438.0 0.0 62.4872
09:39:00 14.0 371.0 nan 62.53 62.56 62.5 62.53 51.0 62.66 100.0 371.0 317.0 54.0 0.0 62.5387
09:40:00 1.0 0.0 nan 62.68 62.68 62.68 62.54 405.0 62.69 100.0 nan 0.0 0.0 0.0 nan
09:41:00 0.0 0.0 nan 62.68 nan nan 62.59 45.0 62.73 100.0 nan 0.0 0.0 0.0 nan
09:42:00 25.0 955.0 nan 62.77 62.77 62.57 62.73 103.0 62.94 100.0 955.0 905.0 50.0 0.0 62.7014
09:43:00 2.0 0.0 nan 62.79 62.79 62.79 62.79 107.0 62.93 534.0 nan 0.0 0.0 0.0 nan
09:44:00 1.0 5.0 nan 62.9 62.9 62.9 62.82 420.0 62.93 334.0 5.0 5.0 0.0 0.0 62.9
09:45:00 18.0 648.0 nan 62.76 62.84 62.75 62.7 107.0 62.83 500.0 648.0 0.0 648.0 0.0 62.8093
09:46:00 6.0 237.0 nan 62.72 62.72 62.71 62.67 109.0 62.78 225.0 237.0 0.0 237.0 0.0 62.7186
09:47:00 20.0 677.0 nan 62.67 62.68 62.65 62.65 219.0 62.79 29.0 677.0 538.0 139.0 0.0 62.6765
09:48:00 0.0 0.0 nan 62.67 nan nan 62.65 2.0 62.78 5.0 nan 0.0 0.0 0.0 nan
09:49:00 6.0 211.0 nan 62.8 62.81 62.78 62.7 3.0 62.8 100.0 211.0 211.0 0.0 0.0 62.8091
09:50:00 9.0 53.0 nan 62.7 62.71 62.7 62.7 403.0 62.8 100.0 53.0 50.0 3.0 0.0 62.7
09:51:00 57.0 1942.0 nan 62.71 62.85 62.67 62.64 101.0 62.72 300.0 1942.0 734.0 1208.0 0.0 62.7662
09:52:00 14.0 707.0 nan 62.6 62.62 62.55 62.56 100.0 62.64 10.0 707.0 400.0 307.0 0.0 62.5997
09:53:00 62.0 2245.0 nan 62.58 62.65 62.5 62.52 239.0 62.62 83.0 2245.0 1056.0 1189.0 0.0 62.5638
09:54:00 17.0 579.0 nan 62.54 62.62 62.54 62.5 216.0 62.56 8.0 579.0 373.0 206.0 0.0 62.5554
09:55:00 3.0 11.0 nan 62.54 62.54 62.51 62.53 226.0 62.6 506.0 11.0 11.0 0.0 0.0 62.54
09:56:00 14.0 722.0 nan 62.65 62.65 62.59 62.61 48.0 62.66 36.0 722.0 722.0 0.0 0.0 62.6037
09:57:00 21.0 525.0 nan 62.63 62.75 62.63 62.59 100.0 62.68 311.0 525.0 257.0 268.0 0.0 62.6784
09:58:00 13.0 102.0 nan 62.57 62.635 62.55 62.55 160.0 62.63 242.0 102.0 23.0 79.0 0.0 62.5781
09:59:00 13.0 92.0 nan 62.58 62.58 62.54 62.58 157.0 62.62 7.0 92.0 25.0 67.0 0.0 62.5591
10:00:00 27.0 688.0 nan 62.61 62.62 62.57 62.57 100.0 62.63 38.0 688.0 21.0 667.0 0.0 62.5737
10:01:00 30.0 1729.0 nan 62.65 62.72 62.58 62.65 3.0 62.67 13.0 1729.0 379.0 1350.0 0.0 62.6348
10:02:00 31.0 614.0 nan 62.61 62.7 62.61 62.62 1.0 62.67 299.0 614.0 164.0 450.0 0.0 62.6519
10:03:00 29.0 977.0 nan 62.47 62.62 62.47 62.49 1.0 62.54 308.0 977.0 0.0 977.0 0.0 62.5747
10:04:00 38.0 765.0 nan 62.55 62.55 62.45 62.52 30.0 62.57 10.0 765.0 600.0 165.0 0.0 62.4988
10:05:00 14.0 205.0 nan 62.51 62.56 62.49 62.52 15.0 62.54 241.0 205.0 113.0 92.0 0.0 62.5296
10:06:00 18.0 341.0 nan 62.49 62.55 62.49 62.49 102.0 62.54 373.0 341.0 260.0 81.0 0.0 62.5343
10:07:00 32.0 913.0 nan 62.4 62.49 62.39 62.37 198.0 62.42 429.0 913.0 0.0 913.0 0.0 62.4569
10:08:00 32.0 752.0 nan 62.36 62.37 62.31 62.33 1.0 62.38 167.0 752.0 477.0 275.0 0.0 62.3598
10:09:00 11.0 175.0 nan 62.28 62.35 62.28 62.28 23.0 62.3 213.0 175.0 0.0 175.0 0.0 62.2944
10:10:00 49.0 1538.0 nan 62.32 62.37 62.3 62.28 5.0 62.35 250.0 1538.0 816.0 722.0 0.0 62.3289
10:11:00 4.0 154.0 nan 62.29 62.31 62.29 62.29 27.0 62.32 361.0 154.0 0.0 154.0 0.0 62.3075
10:12:00 22.0 549.0 nan 62.32 62.39 62.32 62.31 15.0 62.36 100.0 549.0 443.0 106.0 0.0 62.3267
10:13:00 17.0 606.0 nan 62.3 62.31 62.29 62.3 50.0 62.33 19.0 606.0 120.0 486.0 0.0 62.3031
10:14:00 26.0 878.0 nan 62.27 62.3 62.27 62.26 134.0 62.32 532.0 878.0 424.0 454.0 0.0 62.2826
10:15:00 18.0 503.0 nan 62.23 62.26 62.22 62.23 1.0 62.25 240.0 503.0 5.0 498.0 0.0 62.2434
10:16:00 29.0 1038.0 nan 62.16 62.23 62.14 62.16 3.0 62.18 179.0 1038.0 618.0 420.0 0.0 62.1844
10:17:00 8.0 114.0 nan 62.15 62.16 62.14 62.13 49.0 62.17 154.0 114.0 5.0 109.0 0.0 62.1415
10:18:00 25.0 718.0 nan 62.15 62.19 62.12 62.13 501.0 62.16 10.0 718.0 534.0 184.0 0.0 62.1553
10:19:00 19.0 326.0 nan 62.14 62.17 62.14 62.13 204.0 62.15 3.0 326.0 315.0 11.0 0.0 62.1595
10:20:00 7.0 353.0 nan 62.18 62.19 62.15 62.18 343.0 62.2 2.0 353.0 353.0 0.0 0.0 62.17
10:21:00 41.0 868.0 nan 62.33 62.34 62.2 62.32 111.0 62.42 350.0 868.0 868.0 0.0 0.0 62.2644
10:22:00 22.0 193.0 nan 62.32 62.39 62.32 62.31 106.0 62.38 300.0 193.0 56.0 137.0 0.0 62.3424
10:23:00 28.0 489.0 nan 62.28 62.31 62.25 62.23 1.0 62.3 187.0 489.0 0.0 489.0 0.0 62.2773
10:24:00 3.0 11.0 nan 62.23 62.23 62.23 62.24 1.0 62.3 287.0 11.0 0.0 11.0 0.0 62.23
10:25:00 25.0 404.0 nan 62.24 62.29 62.23 62.23 303.0 62.29 6.0 404.0 6.0 398.0 0.0 62.2446
10:26:00 7.0 236.0 nan 62.32 62.32 62.29 62.31 368.0 62.38 325.0 236.0 236.0 0.0 0.0 62.3024
10:27:00 70.0 2092.0 nan 62.26 62.32 62.23 62.24 345.0 62.3 409.0 2092.0 2.0 2090.0 0.0 62.2856
10:28:00 16.0 404.0 nan 62.29 62.3 62.26 62.29 1.0 62.33 364.0 404.0 340.0 64.0 0.0 62.2984
10:29:00 4.0 3.0 nan 62.27 62.32 62.27 62.26 53.0 62.29 6.0 3.0 0.0 3.0 0.0 62.28
10:30:00 21.0 309.0 nan 62.27 62.31 62.25 62.26 4.0 62.32 531.0 309.0 228.0 81.0 0.0 62.284
10:31:00 12.0 231.0 nan 62.35 62.35 62.32 62.31 3.0 62.36 192.0 231.0 231.0 0.0 0.0 62.32
10:32:00 14.0 325.0 nan 62.26 62.33 62.26 62.27 23.0 62.32 303.0 325.0 0.0 325.0 0.0 62.2899
10:33:00 18.0 389.0 nan 62.24 62.29 62.24 62.24 46.0 62.27 249.0 389.0 6.0 383.0 0.0 62.2575
10:34:00 28.0 678.0 nan 62.23 62.25 62.22 62.22 13.0 62.26 255.0 678.0 278.0 400.0 0.0 62.2337
10:35:00 10.0 333.0 nan 62.28 62.28 62.26 62.25 625.0 62.3 142.0 333.0 327.0 6.0 0.0 62.2623
10:36:00 36.0 829.0 nan 62.24 62.32 62.24 62.24 101.0 62.28 392.0 829.0 274.0 555.0 0.0 62.2755
10:37:00 34.0 733.0 nan 62.21 62.24 62.2 62.21 27.0 62.22 64.0 733.0 140.0 593.0 0.0 62.2165
10:38:00 52.0 1501.0 nan 62.15 62.21 62.12 62.13 382.0 62.16 29.0 1501.0 513.0 988.0 0.0 62.1545
10:39:00 22.0 772.0 nan 62.14 62.14 62.1 62.12 41.0 62.16 333.0 772.0 304.0 468.0 0.0 62.1273
10:40:00 19.0 427.0 nan 62.06 62.13 62.06 62.05 126.0 62.11 506.0 427.0 84.0 343.0 0.0 62.1093
10:41:00 32.0 531.0 nan 62.07 62.11 62.07 62.05 268.0 62.09 350.0 531.0 327.0 204.0 0.0 62.0882
10:42:00 22.0 561.0 nan 62.04 62.07 62.02 62.03 14.0 62.05 300.0 561.0 0.0 561.0 0.0 62.0444
10:43:00 54.0 1404.0 nan 61.99 62.03 61.94 61.99 12.0 62.03 299.0 1404.0 549.0 855.0 0.0 61.9917
10:44:00 28.0 518.0 nan 61.98 62.08 61.97 61.97 300.0 62.03 250.0 518.0 475.0 43.0 0.0 62.0308
10:45:00 19.0 787.0 nan 61.94 61.98 61.93 61.92 2.0 61.97 225.0 787.0 0.0 787.0 0.0 61.9553
10:46:00 9.0 408.0 nan 61.96 61.96 61.93 61.93 42.0 61.99 350.0 408.0 406.0 2.0 0.0 61.9599
10:47:00 11.0 468.0 nan 61.98 61.98 61.935 61.95 352.0 62.0 9.0 468.0 468.0 0.0 0.0 61.98
10:48:00 16.0 363.0 nan 61.95 61.99 61.95 61.93 31.0 61.97 300.0 363.0 0.0 363.0 0.0 61.9797
10:49:00 7.0 59.0 nan 61.945 61.945 61.93 61.94 67.0 61.97 206.0 59.0 0.0 59.0 0.0 61.9347
10:50:00 23.0 642.0 nan 61.91 61.95 61.91 61.9 203.0 61.94 504.0 642.0 96.0 546.0 0.0 61.9241
10:51:00 14.0 362.0 nan 61.89 61.91 61.89 61.88 2.0 61.91 307.0 362.0 56.0 306.0 0.0 61.8997
10:52:00 26.0 1007.0 nan 61.94 61.94 61.91 61.93 1.0 61.96 451.0 1007.0 1007.0 0.0 0.0 61.9271
10:53:00 19.0 151.0 nan 61.87 61.93 61.87 61.9 30.0 61.92 214.0 151.0 8.0 143.0 0.0 61.9172
10:54:00 14.0 315.0 nan 61.91 61.92 61.91 61.89 1.0 61.92 268.0 315.0 214.0 101.0 0.0 61.9168
10:55:00 1.0 0.0 nan 61.9 61.9 61.9 61.9 1.0 61.92 352.0 nan 0.0 0.0 0.0 nan
10:56:00 61.0 1821.0 nan 61.86 61.92 61.86 61.86 1.0 61.88 103.0 1821.0 234.0 1587.0 0.0 61.876
10:57:00 95.0 2372.0 nan 61.79 61.86 61.73 61.77 300.0 61.8 31.0 2372.0 871.0 1501.0 0.0 61.8079
10:58:00 44.0 435.0 nan 61.835 61.88 61.8 61.81 401.0 61.88 250.0 435.0 433.0 2.0 0.0 61.8455
10:59:00 8.0 157.0 nan 61.87 61.88 61.845 61.84 3.0 61.92 588.0 157.0 157.0 0.0 0.0 61.88
11:00:00 29.0 828.0 nan 61.89 61.92 61.84 61.83 350.0 61.9 504.0 828.0 0.0 828.0 0.0 61.8497
11:01:00 21.0 966.0 nan 61.8 61.89 61.8 61.77 216.0 61.82 211.0 966.0 0.0 966.0 0.0 61.8191
11:02:00 37.0 1225.0 nan 61.62 61.77 61.62 61.61 300.0 61.68 824.0 1225.0 106.0 1119.0 0.0 61.7065
11:03:00 11.0 175.0 nan 61.655 61.68 61.645 61.63 651.0 61.68 2.0 175.0 175.0 0.0 0.0 61.6693
11:04:00 85.0 3208.0 nan 61.58 61.655 61.56 61.52 322.0 61.59 600.0 3208.0 893.0 2315.0 0.0 61.605
11:05:00 50.0 1540.0 nan 61.56 61.61 61.56 61.57 1.0 61.6 18.0 1540.0 1349.0 191.0 0.0 61.5866
11:06:00 34.0 678.0 nan 61.58 61.61 61.57 61.57 419.0 61.61 56.0 678.0 319.0 359.0 0.0 61.5827
11:07:00 11.0 390.0 nan 61.63 61.63 61.61 61.61 6.0 61.63 9.0 390.0 290.0 100.0 0.0 61.6244
11:08:00 52.0 940.0 nan 61.66 61.66 61.6 61.64 284.0 61.67 1.0 940.0 692.0 248.0 0.0 61.6413
11:09:00 19.0 250.0 nan 61.72 61.72 61.65 61.67 1043.0 61.72 19.0 250.0 250.0 0.0 0.0 61.713
11:10:00 4.0 21.0 nan 61.71 61.72 61.7 61.67 419.0 61.73 150.0 21.0 19.0 2.0 0.0 61.7186
11:11:00 4.0 5.0 nan 61.71 61.73 61.7 61.68 11.0 61.72 6.0 5.0 5.0 0.0 0.0 61.73
11:12:00 2.0 0.0 nan 61.705 61.705 61.705 61.7 1.0 61.72 6.0 nan 0.0 0.0 0.0 nan
11:13:00 61.0 991.0 nan 61.62 61.73 61.61 61.61 52.0 61.64 438.0 991.0 10.0 981.0 0.0 61.6671
11:14:00 26.0 1575.0 nan 61.53 61.61 61.53 61.51 231.0 61.54 12.0 1575.0 0.0 1575.0 0.0 61.5764
11:15:00 35.0 1230.0 nan 61.55 61.57 61.53 61.53 2.0 61.55 767.0 1230.0 656.0 574.0 0.0 61.5526
11:16:00 31.0 780.0 nan 61.56 61.56 61.52 61.54 1.0 61.57 415.0 780.0 409.0 371.0 0.0 61.5328
11:17:00 18.0 504.0 nan 61.57 61.58 61.56 61.56 5.0 61.59 427.0 504.0 467.0 37.0 0.0 61.5707
11:18:00 24.0 636.0 nan 61.59 61.62 61.59 61.6 346.0 61.63 9.0 636.0 519.0 117.0 0.0 61.5922
11:19:00 23.0 498.0 nan 61.58 61.62 61.58 61.55 156.0 61.59 9.0 498.0 6.0 492.0 0.0 61.5978
11:20:00 0.0 0.0 nan 61.58 nan nan 61.55 279.0 61.6 306.0 nan 0.0 0.0 0.0 nan
11:21:00 55.0 1780.0 nan 61.5 61.6 61.485 61.47 392.0 61.52 26.0 1780.0 3.0 1777.0 0.0 61.5092
11:22:00 43.0 873.0 nan 61.51 61.55 61.47 61.49 5.0 61.52 120.0 873.0 610.0 263.0 0.0 61.5315
11:23:00 66.0 3544.0 nan 61.59 61.6 61.51 61.55 50.0 61.65 251.0 3544.0 1840.0 1704.0 0.0 61.5791
11:24:00 22.0 5409.0 nan 61.66 61.7 61.61 61.62 49.0 61.71 108.0 5409.0 411.0 4998.0 0.0 61.693
11:25:00 2.0 18.0 nan 61.7 61.7 61.66 61.64 27.0 61.7 100.0 18.0 18.0 0.0 0.0 61.7
11:26:00 17.0 268.0 nan 61.68 61.7 61.62 61.64 620.0 61.7 401.0 268.0 206.0 62.0 0.0 61.6666
11:27:00 22.0 599.0 nan 61.63 61.67 61.63 61.62 10.0 61.67 1118.0 599.0 0.0 599.0 0.0 61.6372
11:28:00 12.0 150.0 nan 61.55 61.62 61.55 61.54 202.0 61.59 355.0 150.0 0.0 150.0 0.0 61.6033
11:29:00 34.0 1707.0 nan 61.48 61.55 61.48 61.46 2.0 61.5 1.0 1707.0 300.0 1407.0 0.0 61.4969
11:30:00 49.0 1034.0 nan 61.46 61.47 61.41 61.44 2.0 61.48 1.0 1034.0 758.0 276.0 0.0 61.4528
11:31:00 4.0 4.0 nan 61.44 61.49 61.44 61.41 167.0 61.47 285.0 4.0 2.0 2.0 0.0 61.4625
11:32:00 38.0 1115.0 nan 61.4 61.41 61.35 61.37 50.0 61.43 60.0 1115.0 398.0 717.0 0.0 61.3857
11:33:00 11.0 111.0 nan 61.37 61.43 61.35 61.34 1.0 61.37 519.0 111.0 36.0 75.0 0.0 61.3712
11:34:00 12.0 193.0 nan 61.31 61.34 61.31 61.29 447.0 61.34 772.0 193.0 0.0 193.0 0.0 61.3201
11:35:00 28.0 1251.0 nan 61.39 61.39 61.31 61.36 104.0 61.39 100.0 1251.0 1251.0 0.0 0.0 61.3455
11:36:00 14.0 391.0 nan 61.4 61.41 61.38 61.39 358.0 61.41 1.0 391.0 372.0 19.0 0.0 61.3847
11:37:00 18.0 373.0 nan 61.38 61.43 61.38 61.36 323.0 61.4 10.0 373.0 10.0 363.0 0.0 61.3896
11:38:00 99.0 3913.0 nan 61.53 61.55 61.4 61.53 165.0 61.59 50.0 3913.0 2397.0 1516.0 0.0 61.4963
11:39:00 17.0 829.0 nan 61.6 61.62 61.58 61.57 456.0 61.63 250.0 829.0 201.0 628.0 0.0 61.5972
11:40:00 1.0 8.0 nan 61.59 61.59 61.59 61.57 637.0 61.62 103.0 8.0 8.0 0.0 0.0 61.59
11:41:00 19.0 741.0 nan 61.54 61.57 61.54 61.54 1.0 61.57 1.0 741.0 0.0 741.0 0.0 61.5639
11:42:00 3.0 28.0 nan 61.57 61.58 61.56 61.53 66.0 61.57 1.0 28.0 28.0 0.0 0.0 61.5668
11:43:00 87.0 5484.0 nan 61.51 61.54 61.5 61.5 776.0 61.55 925.0 5484.0 716.0 4768.0 0.0 61.5017
11:44:00 41.0 3139.0 nan 61.46 61.5 61.46 61.45 2.0 61.48 124.0 3139.0 100.0 3039.0 0.0 61.5
11:45:00 19.0 346.0 nan 61.48 61.49 61.48 61.45 2.0 61.5 410.0 346.0 244.0 102.0 0.0 61.4806
11:46:00 10.0 148.0 nan 61.51 61.51 61.47 61.47 51.0 61.5 9.0 148.0 148.0 0.0 0.0 61.506
11:47:00 18.0 515.0 nan 61.47 61.52 61.47 61.44 321.0 61.5 211.0 515.0 282.0 233.0 0.0 61.5036
11:48:00 4.0 10.0 nan 61.48 61.48 61.45 61.45 333.0 61.49 321.0 10.0 10.0 0.0 0.0 61.48
11:49:00 42.0 1443.0 nan 61.42 61.5 61.42 61.41 201.0 61.44 210.0 1443.0 753.0 690.0 0.0 61.4792
11:50:00 19.0 354.0 nan 61.44 61.46 61.41 61.42 265.0 61.47 481.0 354.0 129.0 225.0 0.0 61.4151
11:51:00 9.0 361.0 nan 61.42 61.44 61.42 61.42 174.0 61.44 200.0 361.0 158.0 203.0 0.0 61.4247
11:52:00 19.0 636.0 nan 61.44 61.45 61.44 61.43 1.0 61.46 400.0 636.0 636.0 0.0 0.0 61.45
11:53:00 35.0 920.0 nan 61.42 61.48 61.42 61.42 11.0 61.44 10.0 920.0 314.0 606.0 0.0 61.46
11:54:00 6.0 20.0 nan 61.42 61.425 61.42 61.4 313.0 61.44 123.0 20.0 19.0 1.0 0.0 61.42
11:55:00 19.0 262.0 nan 61.45 61.45 61.42 61.42 309.0 61.46 559.0 262.0 262.0 0.0 0.0 61.4449
11:56:00 23.0 578.0 nan 61.48 61.48 61.46 61.46 203.0 61.49 39.0 578.0 578.0 0.0 0.0 61.4603
11:57:00 22.0 108.0 nan 61.5 61.5 61.47 61.47 1.0 61.49 9.0 108.0 75.0 33.0 0.0 61.484
11:58:00 34.0 1037.0 nan 61.4 61.48 61.4 61.37 81.0 61.41 373.0 1037.0 43.0 994.0 0.0 61.4116
11:59:00 37.0 1117.0 nan 61.41 61.41 61.37 61.39 461.0 61.43 142.0 1117.0 1016.0 101.0 0.0 61.3921
12:00:00 13.0 55.0 nan 61.445 61.445 61.42 61.42 279.0 61.46 1.0 55.0 55.0 0.0 0.0 61.4289
12:01:00 24.0 682.0 nan 61.36 61.42 61.36 61.36 5.0 61.39 615.0 682.0 0.0 682.0 0.0 61.4078
12:02:00 9.0 21.0 nan 61.355 61.38 61.35 61.33 361.0 61.38 205.0 21.0 13.0 8.0 0.0 61.3671
12:03:00 13.0 317.0 nan 61.34 61.36 61.33 61.31 501.0 61.35 1.0 317.0 105.0 212.0 0.0 61.3363
12:04:00 23.0 1267.0 nan 61.28 61.33 61.28 61.28 5.0 61.28 12.0 1267.0 417.0 850.0 0.0 61.2949
12:05:00 8.0 42.0 nan 61.28 61.28 61.275 61.26 7.0 61.28 11.0 42.0 37.0 5.0 0.0 61.28
12:06:00 19.0 412.0 nan 61.32 61.33 61.28 61.31 2.0 61.34 223.0 412.0 412.0 0.0 0.0 61.3113
12:07:00 14.0 335.0 nan 61.34 61.35 61.32 61.33 16.0 61.35 31.0 335.0 335.0 0.0 0.0 61.34
12:08:00 55.0 1209.0 nan 61.385 61.4 61.33 61.37 397.0 61.4 25.0 1209.0 1074.0 135.0 0.0 61.3585
12:09:00 20.0 437.0 nan 61.39 61.39 61.37 61.38 2.0 61.4 9.0 437.0 140.0 297.0 0.0 61.3735
12:10:00 16.0 338.0 nan 61.4 61.4 61.37 61.38 213.0 61.41 43.0 338.0 221.0 117.0 0.0 61.3864
12:11:00 17.0 108.0 nan 61.44 61.45 61.395 61.42 75.0 61.47 354.0 108.0 108.0 0.0 0.0 61.4236
12:12:00 16.0 299.0 nan 61.42 61.425 61.41 61.39 405.0 61.44 157.0 299.0 0.0 299.0 0.0 61.4125
12:13:00 22.0 869.0 nan 61.375 61.39 61.36 61.36 2.0 61.4 256.0 869.0 3.0 866.0 0.0 61.3718
12:14:00 0.0 0.0 nan 61.375 nan nan 61.37 212.0 61.4 2.0 nan 0.0 0.0 0.0 nan
12:15:00 19.0 220.0 nan 61.405 61.42 61.4 61.38 372.0 61.43 538.0 220.0 210.0 10.0 0.0 61.4095
12:16:00 27.0 452.0 nan 61.37 61.43 61.37 61.36 1.0 61.39 409.0 452.0 1.0 451.0 0.0 61.3867
12:17:00 14.0 312.0 nan 61.38 61.38 61.36 61.36 1.0 61.39 1.0 312.0 308.0 4.0 0.0 61.3797
12:18:00 21.0 261.0 nan 61.37 61.37 61.35 61.35 407.0 61.39 4.0 261.0 83.0 178.0 0.0 61.3564
12:19:00 24.0 506.0 nan 61.39 61.39 61.34 61.36 224.0 61.4 167.0 506.0 135.0 371.0 0.0 61.3607
12:20:00 11.0 125.0 nan 61.4 61.4 61.4 61.39 30.0 61.43 101.0 125.0 125.0 0.0 0.0 61.4
12:21:00 42.0 876.0 nan 61.39 61.395 61.35 61.35 363.0 61.39 200.0 876.0 252.0 624.0 0.0 61.3781
12:22:00 37.0 549.0 nan 61.3 61.37 61.3 61.29 5.0 61.3 216.0 549.0 102.0 447.0 0.0 61.3344
12:23:00 14.0 148.0 nan 61.25 61.29 61.25 61.24 153.0 61.28 152.0 148.0 107.0 41.0 0.0 61.2666
12:24:00 9.0 107.0 nan 61.27 61.29 61.255 61.24 491.0 61.3 440.0 107.0 107.0 0.0 0.0 61.2801
12:25:00 15.0 476.0 nan 61.32 61.32 61.3 61.29 2.0 61.33 100.0 476.0 476.0 0.0 0.0 61.3031
12:26:00 7.0 51.0 nan 61.32 61.33 61.305 61.3 382.0 61.33 107.0 51.0 51.0 0.0 0.0 61.33
12:27:00 27.0 396.0 nan 61.3 61.315 61.29 61.29 2.0 61.33 242.0 396.0 3.0 393.0 0.0 61.2999
12:28:00 33.0 410.0 nan 61.28 61.3 61.28 61.28 50.0 61.31 137.0 410.0 0.0 410.0 0.0 61.2801
12:29:00 24.0 275.0 nan 61.325 61.33 61.31 61.32 2.0 61.34 2.0 275.0 275.0 0.0 0.0 61.32
12:30:00 30.0 858.0 nan 61.39 61.41 61.34 61.36 364.0 61.4 60.0 858.0 714.0 144.0 0.0 61.3707
12:31:00 28.0 613.0 nan 61.32 61.36 61.32 61.32 3.0 61.36 480.0 613.0 0.0 613.0 0.0 61.3379
12:32:00 7.0 219.0 nan 61.36 61.36 61.36 61.34 2.0 61.36 100.0 219.0 219.0 0.0 0.0 61.36
12:33:00 4.0 0.0 nan 61.365 61.365 61.36 61.35 158.0 61.38 642.0 nan 0.0 0.0 0.0 nan
12:34:00 42.0 837.0 nan 61.41 61.41 61.34 61.38 15.0 61.42 414.0 837.0 575.0 262.0 0.0 61.3716
12:35:00 11.0 138.0 nan 61.44 61.44 61.395 61.41 124.0 61.45 10.0 138.0 138.0 0.0 0.0 61.4293
12:36:00 28.0 1543.0 nan 61.5 61.53 61.45 61.49 437.0 61.55 724.0 1543.0 1307.0 236.0 0.0 61.4989
12:37:00 8.0 175.0 nan 61.555 61.56 61.54 61.53 349.0 61.57 23.0 175.0 175.0 0.0 0.0 61.5501
12:38:00 49.0 3216.0 nan 61.51 61.57 61.48 61.48 594.0 61.53 415.0 3216.0 328.0 2888.0 0.0 61.4915
12:39:00 20.0 698.0 nan 61.5 61.5 61.48 61.49 303.0 61.51 1.0 698.0 115.0 583.0 0.0 61.4844
12:40:00 25.0 965.0 nan 61.48 61.49 61.46 61.48 4.0 61.5 2.0 965.0 315.0 650.0 0.0 61.4863
12:41:00 23.0 541.0 nan 61.49 61.51 61.48 61.48 53.0 61.51 152.0 541.0 394.0 147.0 0.0 61.4982
12:42:00 5.0 24.0 nan 61.52 61.52 61.5 61.5 719.0 61.54 235.0 24.0 24.0 0.0 0.0 61.5083
12:43:00 41.0 1158.0 nan 61.42 61.52 61.42 61.42 69.0 61.45 732.0 1158.0 93.0 1065.0 0.0 61.48
12:44:00 11.0 274.0 nan 61.4 61.42 61.39 61.38 1.0 61.42 390.0 274.0 102.0 172.0 0.0 61.4051
12:45:00 16.0 598.0 nan 61.45 61.46 61.42 61.42 2.0 61.46 696.0 598.0 596.0 2.0 0.0 61.4286
12:46:00 13.0 412.0 nan 61.39 61.42 61.39 61.4 261.0 61.44 210.0 412.0 200.0 212.0 0.0 61.4002
12:47:00 24.0 681.0 nan 61.46 61.46 61.44 61.44 474.0 61.47 28.0 681.0 681.0 0.0 0.0 61.4538
12:48:00 13.0 162.0 nan 61.51 61.515 61.47 61.5 1.0 61.52 10.0 162.0 162.0 0.0 0.0 61.4878
12:49:00 26.0 565.0 nan 61.51 61.51 61.48 61.48 4.0 61.51 63.0 565.0 100.0 465.0 0.0 61.482
12:50:00 19.0 217.0 nan 61.52 61.52 61.47 61.49 163.0 61.53 205.0 217.0 137.0 80.0 0.0 61.4959
12:51:00 17.0 277.0 nan 61.56 61.56 61.52 61.51 215.0 61.56 188.0 277.0 275.0 2.0 0.0 61.5364
12:52:00 10.0 194.0 nan 61.57 61.57 61.56 61.55 10.0 61.57 30.0 194.0 194.0 0.0 0.0 61.5602
12:53:00 11.0 257.0 nan 61.56 61.58 61.56 61.57 72.0 61.59 1.0 257.0 245.0 12.0 0.0 61.5779
12:54:00 6.0 24.0 nan 61.59 61.61 61.59 61.59 18.0 61.61 3.0 24.0 22.0 2.0 0.0 61.6075
12:55:00 13.0 44.0 nan 61.6 61.62 61.59 61.6 256.0 61.61 2.0 44.0 25.0 19.0 0.0 61.5984
12:56:00 44.0 845.0 nan 61.61 61.62 61.59 61.61 52.0 61.63 136.0 845.0 422.0 423.0 0.0 61.604
12:57:00 21.0 487.0 nan 61.58 61.63 61.58 61.55 319.0 61.61 952.0 487.0 136.0 351.0 0.0 61.5992
12:58:00 12.0 327.0 nan 61.57 61.6 61.57 61.56 2.0 61.58 293.0 327.0 0.0 327.0 0.0 61.57
12:59:00 11.0 138.0 nan 61.55 61.55 61.55 61.55 235.0 61.58 68.0 138.0 0.0 138.0 0.0 61.55
13:00:00 15.0 111.0 nan 61.6 61.62 61.58 61.58 361.0 61.62 835.0 111.0 111.0 0.0 0.0 61.5886
13:01:00 56.0 1540.0 nan 61.53 61.6 61.53 61.51 318.0 61.55 368.0 1540.0 848.0 692.0 0.0 61.5626
13:02:00 28.0 700.0 nan 61.53 61.55 61.53 61.53 22.0 61.54 13.0 700.0 532.0 168.0 0.0 61.5452
13:03:00 29.0 546.0 nan 61.555 61.57 61.54 61.55 2.0 61.57 364.0 546.0 546.0 0.0 0.0 61.5583
13:04:00 12.0 17.0 nan 61.56 61.56 61.55 61.54 468.0 61.57 370.0 17.0 0.0 17.0 0.0 61.55
13:05:00 23.0 377.0 nan 61.59 61.59 61.555 61.55 388.0 61.59 585.0 377.0 377.0 0.0 0.0 61.5702
13:06:00 21.0 857.0 nan 61.66 61.66 61.59 61.64 355.0 61.66 9.0 857.0 857.0 0.0 0.0 61.6064
13:07:00 12.0 35.0 nan 61.66 61.68 61.66 61.65 577.0 61.69 599.0 35.0 22.0 13.0 0.0 61.6666
13:08:00 0.0 0.0 nan 61.66 nan nan 61.67 12.0 61.69 292.0 nan 0.0 0.0 0.0 nan
13:09:00 19.0 425.0 nan 61.73 61.73 61.69 61.72 47.0 61.74 20.0 425.0 425.0 0.0 0.0 61.7038
13:10:00 34.0 977.0 nan 61.71 61.74 61.69 61.68 19.0 61.73 747.0 977.0 115.0 862.0 0.0 61.7118
13:11:00 1.0 0.0 nan 61.72 61.72 61.72 61.68 1.0 61.73 500.0 nan 0.0 0.0 0.0 nan
13:12:00 2.0 100.0 nan 61.72 61.73 61.72 61.71 341.0 61.74 181.0 100.0 100.0 0.0 0.0 61.73
13:13:00 20.0 94.0 nan 61.76 61.76 61.74 61.73 342.0 61.77 241.0 94.0 94.0 0.0 0.0 61.7534
13:14:00 1.0 0.0 nan 61.75 61.75 61.75 61.73 465.0 61.77 240.0 nan 0.0 0.0 0.0 nan
13:15:00 41.0 955.0 nan 61.7 61.75 61.7 61.7 1.0 61.72 560.0 955.0 0.0 955.0 0.0 61.7147
13:16:00 16.0 391.0 nan 61.67 61.705 61.67 61.67 18.0 61.67 1.0 391.0 0.0 391.0 0.0 61.6868
13:17:00 34.0 1140.0 nan 61.7 61.7 61.65 61.68 7.0 61.71 378.0 1140.0 948.0 192.0 0.0 61.6863
13:18:00 13.0 153.0 nan 61.68 61.68 61.65 61.65 346.0 61.7 9.0 153.0 0.0 153.0 0.0 61.6565
13:19:00 2.0 8.0 nan 61.67 61.69 61.67 61.67 200.0 61.7 9.0 8.0 8.0 0.0 0.0 61.67
13:20:00 50.0 1339.0 nan 61.68 61.7 61.67 61.67 138.0 61.69 250.0 1339.0 665.0 674.0 0.0 61.6831
13:21:00 19.0 196.0 nan 61.61 61.68 61.61 61.6 2.0 61.62 80.0 196.0 0.0 196.0 0.0 61.6633
13:22:00 34.0 607.0 nan 61.59 61.63 61.57 61.58 2.0 61.62 761.0 607.0 80.0 527.0 0.0 61.5989
13:23:00 4.0 2.0 nan 61.61 61.61 61.58 61.57 225.0 61.61 318.0 2.0 0.0 2.0 0.0 61.58
13:24:00 24.0 821.0 nan 61.65 61.65 61.61 61.62 16.0 61.66 150.0 821.0 821.0 0.0 0.0 61.6382
13:25:00 21.0 438.0 nan 61.61 61.63 61.61 61.6 13.0 61.66 502.0 438.0 0.0 438.0 0.0 61.6104
13:26:00 4.0 98.0 nan 61.63 61.63 61.59 61.6 157.0 61.64 101.0 98.0 0.0 98.0 0.0 61.5913
13:27:00 5.0 109.0 nan 61.64 61.64 61.62 61.6 110.0 61.64 100.0 109.0 108.0 1.0 0.0 61.6306
13:28:00 19.0 467.0 nan 61.63 61.63 61.59 61.59 215.0 61.63 430.0 467.0 342.0 125.0 0.0 61.6044
13:29:00 15.0 1016.0 nan 61.64 61.64 61.63 61.61 492.0 61.65 59.0 1016.0 916.0 100.0 0.0 61.6348
13:30:00 14.0 274.0 nan 61.66 61.66 61.63 61.62 431.0 61.65 1.0 274.0 153.0 121.0 0.0 61.6397
13:31:00 22.0 433.0 nan 61.65 61.67 61.65 61.64 1.0 61.66 347.0 433.0 294.0 139.0 0.0 61.6634
13:32:00 24.0 982.0 nan 61.7 61.7 61.64 61.69 99.0 61.71 12.0 982.0 881.0 101.0 0.0 61.6742
13:33:00 7.0 12.0 nan 61.72 61.74 61.71 61.7 13.0 61.74 17.0 12.0 12.0 0.0 0.0 61.7217
13:34:00 20.0 234.0 nan 61.76 61.76 61.74 61.74 8.0 61.77 1.0 234.0 116.0 118.0 0.0 61.7525
13:35:00 3.0 11.0 nan 61.78 61.78 61.765 61.74 350.0 61.79 23.0 11.0 11.0 0.0 0.0 61.7791
13:36:00 39.0 467.0 nan 61.75 61.8 61.75 61.74 526.0 61.78 111.0 467.0 129.0 338.0 0.0 61.7707
13:37:00 27.0 778.0 nan 61.715 61.77 61.7 61.7 1.0 61.74 119.0 778.0 8.0 770.0 0.0 61.731
13:38:00 3.0 0.0 nan 61.72 61.73 61.72 61.7 281.0 61.74 221.0 nan 0.0 0.0 0.0 nan
13:39:00 29.0 814.0 nan 61.75 61.75 61.7 61.73 121.0 61.75 50.0 814.0 431.0 383.0 0.0 61.717
13:40:00 3.0 59.0 nan 61.755 61.77 61.755 61.74 4.0 61.78 100.0 59.0 59.0 0.0 0.0 61.76
13:41:00 27.0 628.0 nan 61.75 61.755 61.73 61.74 435.0 61.79 97.0 628.0 111.0 517.0 0.0 61.7336
13:42:00 19.0 617.0 nan 61.75 61.75 61.73 61.73 2.0 61.77 2.0 617.0 201.0 416.0 0.0 61.7436
13:43:00 24.0 726.0 nan 61.72 61.74 61.71 61.7 2.0 61.74 13.0 726.0 394.0 332.0 0.0 61.7202
13:44:00 2.0 20.0 nan 61.75 61.75 61.74 61.73 1.0 61.77 427.0 20.0 20.0 0.0 0.0 61.7435
13:45:00 1.0 0.0 nan 61.76 61.76 61.76 61.73 83.0 61.77 550.0 nan 0.0 0.0 0.0 nan
13:46:00 1.0 8.0 nan 61.75 61.75 61.75 61.73 91.0 61.77 726.0 8.0 8.0 0.0 0.0 61.75
13:47:00 28.0 640.0 nan 61.68 61.74 61.68 61.67 398.0 61.71 249.0 640.0 0.0 640.0 0.0 61.7058
13:48:00 17.0 443.0 nan 61.68 61.71 61.66 61.68 1.0 61.71 202.0 443.0 119.0 324.0 0.0 61.6729
13:49:00 1.0 0.0 nan 61.68 61.68 61.68 61.69 1.0 61.71 3.0 nan 0.0 0.0 0.0 nan
13:50:00 26.0 542.0 nan 61.74 61.74 61.71 61.72 8.0 61.75 641.0 542.0 542.0 0.0 0.0 61.7238
13:51:00 30.0 1075.0 nan 61.79 61.79 61.75 61.77 211.0 61.8 14.0 1075.0 961.0 114.0 0.0 61.7667
13:52:00 7.0 214.0 nan 61.79 61.81 61.79 61.79 1.0 61.82 284.0 214.0 14.0 200.0 0.0 61.8
13:53:00 11.0 185.0 nan 61.81 61.82 61.78 61.78 332.0 61.82 271.0 185.0 108.0 77.0 0.0 61.7944
13:54:00 5.0 8.0 nan 61.78 61.795 61.78 61.78 1.0 61.82 269.0 8.0 0.0 8.0 0.0 61.78
13:55:00 11.0 274.0 nan 61.825 61.83 61.82 61.8 566.0 61.85 349.0 274.0 274.0 0.0 0.0 61.8202
13:56:00 3.0 0.0 nan 61.83 61.83 61.82 61.82 1.0 61.85 264.0 nan 0.0 0.0 0.0 nan
13:57:00 34.0 1023.0 nan 61.81 61.83 61.78 61.79 106.0 61.83 297.0 1023.0 120.0 903.0 0.0 61.8059
13:58:00 40.0 1784.0 nan 61.87 61.87 61.83 61.85 314.0 61.88 2.0 1784.0 1784.0 0.0 0.0 61.8415
13:59:00 2.0 2.0 nan 61.88 61.88 61.88 61.85 493.0 61.89 562.0 2.0 2.0 0.0 0.0 61.88
14:00:00 11.0 19.0 nan 61.875 61.89 61.87 61.86 313.0 61.88 1.0 19.0 19.0 0.0 0.0 61.8895
14:01:00 25.0 481.0 nan 61.88 61.9 61.88 61.87 2.0 61.9 346.0 481.0 379.0 102.0 0.0 61.8898
14:02:00 7.0 48.0 nan 61.89 61.9 61.88 61.87 450.0 61.91 759.0 48.0 46.0 2.0 0.0 61.8992
14:03:00 429.0 17403.0 nan 61.98 62.17 61.91 61.98 82.0 62.0 10.0 17403.0 12366.0 5037.0 0.0 62.07
14:04:00 18.0 721.0 nan 61.96 62.01 61.96 61.94 1.0 61.99 209.0 721.0 385.0 336.0 0.0 61.9906
14:05:00 14.0 356.0 nan 61.92 61.955 61.87 61.87 52.0 61.93 168.0 356.0 133.0 223.0 0.0 61.9144
14:06:00 0.0 0.0 nan 61.92 nan nan 61.88 2.0 61.92 66.0 nan 0.0 0.0 0.0 nan
14:07:00 23.0 559.0 nan 61.93 61.93 61.91 61.91 52.0 61.94 152.0 559.0 509.0 50.0 0.0 61.9239
14:08:00 4.0 2.0 nan 61.91 61.94 61.91 61.92 4.0 61.93 10.0 2.0 0.0 2.0 0.0 61.91
14:09:00 33.0 1153.0 nan 61.99 61.99 61.93 61.98 418.0 62.0 30.0 1153.0 1153.0 0.0 0.0 61.9556
14:10:00 18.0 644.0 nan 62.04 62.04 62.0 62.0 659.0 62.05 10.0 644.0 644.0 0.0 0.0 62.0243
14:11:00 31.0 686.0 nan 62.04 62.04 62.0 62.01 2.0 62.05 10.0 686.0 247.0 439.0 0.0 62.0113
14:12:00 0.0 0.0 nan 62.04 nan nan 62.03 29.0 62.05 410.0 nan 0.0 0.0 0.0 nan
14:13:00 15.0 234.0 nan 62.015 62.03 62.015 62.0 11.0 62.03 468.0 234.0 0.0 234.0 0.0 62.0212
14:14:00 62.0 1705.0 nan 62.06 62.07 62.0 62.05 101.0 62.08 485.0 1705.0 1564.0 141.0 0.0 62.0291
14:15:00 10.0 130.0 nan 62.05 62.065 62.05 62.04 2.0 62.07 350.0 130.0 0.0 130.0 0.0 62.05
14:16:00 0.0 0.0 nan 62.05 nan nan 62.04 6.0 62.07 206.0 nan 0.0 0.0 0.0 nan
14:17:00 17.0 338.0 nan 62.13 62.13 62.05 62.11 27.0 62.14 577.0 338.0 338.0 0.0 0.0 62.0834
14:18:00 114.0 3788.0 nan 62.16 62.17 62.13 62.15 2.0 62.17 212.0 3788.0 2226.0 1562.0 0.0 62.1513
14:19:00 25.0 726.0 nan 62.24 62.24 62.16 62.22 718.0 62.25 40.0 726.0 626.0 100.0 0.0 62.1828
14:20:00 23.0 906.0 nan 62.17 62.24 62.17 62.17 289.0 62.21 90.0 906.0 7.0 899.0 0.0 62.1975
14:21:00 43.0 1437.0 nan 62.22 62.23 62.17 62.19 1.0 62.25 80.0 1437.0 725.0 712.0 0.0 62.2026
14:22:00 0.0 0.0 nan 62.22 nan nan 62.19 303.0 62.25 433.0 nan 0.0 0.0 0.0 nan
14:23:00 14.0 216.0 nan 62.19 62.22 62.19 62.16 153.0 62.22 984.0 216.0 9.0 207.0 0.0 62.19
14:24:00 16.0 165.0 nan 62.17 62.17 62.16 62.16 1.0 62.19 847.0 165.0 0.0 165.0 0.0 62.16
14:25:00 69.0 2602.0 nan 62.1 62.165 62.06 62.07 200.0 62.12 102.0 2602.0 1100.0 1502.0 0.0 62.1147
14:26:00 0.0 0.0 nan 62.1 nan nan 62.07 103.0 62.12 111.0 nan 0.0 0.0 0.0 nan
14:27:00 35.0 457.0 nan 62.03 62.095 62.0 62.0 205.0 62.03 111.0 457.0 23.0 434.0 0.0 62.0415
14:28:00 104.0 3475.0 nan 61.99 62.02 61.96 61.96 294.0 62.02 2.0 3475.0 1272.0 2203.0 0.0 62.0005
14:29:00 21.0 608.0 nan 62.015 62.05 62.01 62.0 1.0 62.03 209.0 608.0 606.0 2.0 0.0 62.0361
14:30:00 27.0 1375.0 nan 62.01 62.05 62.01 62.0 76.0 62.04 120.0 1375.0 509.0 866.0 0.0 62.0288
14:31:00 26.0 594.0 nan 61.98 62.01 61.97 61.96 3.0 61.98 224.0 594.0 7.0 587.0 0.0 61.9896
14:32:00 85.0 2804.0 nan 61.98 61.98 61.89 61.94 122.0 61.98 82.0 2804.0 1620.0 1184.0 0.0 61.929
14:33:00 29.0 603.0 nan 62.05 62.05 61.98 62.02 335.0 62.06 121.0 603.0 603.0 0.0 0.0 62.0106
14:34:00 12.0 59.0 nan 62.04 62.06 62.03 62.03 6.0 62.06 681.0 59.0 32.0 27.0 0.0 62.0422
14:35:00 16.0 747.0 nan 62.06 62.07 62.03 62.06 1.0 62.07 2.0 747.0 641.0 106.0 0.0 62.0585
14:36:00 21.0 399.0 nan 62.07 62.07 62.05 62.04 94.0 62.08 320.0 399.0 157.0 242.0 0.0 62.054
14:37:00 17.0 307.0 nan 62.02 62.055 62.02 62.0 189.0 62.03 600.0 307.0 0.0 307.0 0.0 62.033
14:38:00 26.0 1027.0 nan 62.02 62.05 62.015 62.01 178.0 62.04 6.0 1027.0 667.0 360.0 0.0 62.0331
14:39:00 9.0 15.0 nan 62.0 62.02 62.0 62.0 2.0 62.01 46.0 15.0 6.0 9.0 0.0 62.0073
14:40:00 17.0 929.0 nan 62.03 62.03 62.01 62.0 250.0 62.04 263.0 929.0 822.0 107.0 0.0 62.021
14:41:00 38.0 568.0 nan 62.0 62.02 61.99 61.99 5.0 62.01 424.0 568.0 254.0 314.0 0.0 62.0035
14:42:00 34.0 1355.0 nan 61.96 61.99 61.94 61.95 102.0 61.97 302.0 1355.0 606.0 749.0 0.0 61.9628
14:43:00 7.0 105.0 nan 61.94 61.95 61.94 61.93 261.0 61.96 5.0 105.0 0.0 105.0 0.0 61.9498
14:44:00 24.0 1253.0 nan 61.96 61.97 61.94 61.95 113.0 61.97 210.0 1253.0 849.0 404.0 0.0 61.9645
14:45:00 52.0 2016.0 nan 62.01 62.03 61.95 62.0 254.0 62.03 100.0 2016.0 1704.0 312.0 0.0 61.9979
14:46:00 37.0 605.0 nan 62.06 62.06 62.0 62.04 163.0 62.07 150.0 605.0 374.0 231.0 0.0 62.0318
14:47:00 23.0 485.0 nan 62.03 62.04 62.0 62.01 352.0 62.05 206.0 485.0 205.0 280.0 0.0 62.0209
14:48:00 3.0 0.0 nan 62.04 62.04 62.03 62.01 664.0 62.05 208.0 nan 0.0 0.0 0.0 nan
14:49:00 22.0 236.0 nan 62.0 62.04 62.0 61.98 301.0 62.01 781.0 236.0 23.0 213.0 0.0 62.0165
14:50:00 73.0 1991.0 nan 62.01 62.01 61.98 62.0 150.0 62.03 100.0 1991.0 1204.0 787.0 0.0 62.0008
14:51:00 6.0 999.0 nan 62.0 62.0 62.0 61.98 105.0 61.99 7.0 999.0 999.0 0.0 0.0 62.0
14:52:00 18.0 617.0 nan 62.02 62.03 61.99 62.01 7.0 62.03 299.0 617.0 617.0 0.0 0.0 62.013
14:53:00 26.0 1078.0 nan 62.05 62.05 62.01 62.04 8.0 62.07 233.0 1078.0 1075.0 3.0 0.0 62.0391
14:54:00 27.0 1541.0 nan 62.11 62.11 62.07 62.08 6.0 62.11 236.0 1541.0 1541.0 0.0 0.0 62.0939
14:55:00 16.0 183.0 nan 62.08 62.095 62.07 62.07 50.0 62.11 269.0 183.0 0.0 183.0 0.0 62.0703
14:56:00 5.0 2.0 nan 62.09 62.09 62.09 62.08 95.0 62.1 174.0 2.0 0.0 2.0 0.0 62.09
14:57:00 32.0 1159.0 nan 62.13 62.13 62.1 62.11 95.0 62.13 21.0 1159.0 1159.0 0.0 0.0 62.1156
14:58:00 59.0 1851.0 nan 62.13 62.18 62.13 62.13 23.0 62.15 340.0 1851.0 1097.0 754.0 0.0 62.1565
14:59:00 27.0 561.0 nan 62.11 62.14 62.1 62.1 533.0 62.13 220.0 561.0 100.0 461.0 0.0 62.1272
15:00:00 34.0 774.0 nan 62.1 62.16 62.1 62.09 77.0 62.14 285.0 774.0 221.0 553.0 0.0 62.1184
15:01:00 14.0 158.0 nan 62.08 62.1 62.08 62.08 2.0 62.09 14.0 158.0 0.0 158.0 0.0 62.0901
15:02:00 20.0 416.0 nan 62.09 62.09 62.07 62.07 1.0 62.09 17.0 416.0 412.0 4.0 0.0 62.085
15:03:00 30.0 829.0 nan 62.08 62.09 62.06 62.06 20.0 62.09 17.0 829.0 695.0 134.0 0.0 62.0782
15:04:00 17.0 382.0 nan 62.09 62.1 62.07 62.07 74.0 62.1 772.0 382.0 178.0 204.0 0.0 62.0833
15:05:00 17.0 739.0 nan 62.02 62.07 62.02 62.0 463.0 62.05 514.0 739.0 0.0 739.0 0.0 62.052
15:06:00 26.0 1066.0 nan 62.08 62.08 62.05 62.06 2.0 62.09 107.0 1066.0 1066.0 0.0 0.0 62.0702
15:07:00 15.0 127.0 nan 62.06 62.06 62.04 62.04 301.0 62.06 622.0 127.0 101.0 26.0 0.0 62.056
15:08:00 19.0 298.0 nan 62.04 62.06 62.04 62.03 495.0 62.06 622.0 298.0 74.0 224.0 0.0 62.0431
15:09:00 18.0 522.0 nan 62.06 62.06 62.045 62.05 294.0 62.07 609.0 522.0 522.0 0.0 0.0 62.0598
15:10:00 33.0 1152.0 nan 62.02 62.06 62.02 62.02 108.0 62.05 997.0 1152.0 21.0 1131.0 0.0 62.045
15:11:00 38.0 699.0 nan 62.01 62.035 62.01 62.0 322.0 62.02 1.0 699.0 292.0 407.0 0.0 62.0172
15:12:00 46.0 1952.0 nan 62.0 62.01 61.98 61.97 304.0 61.99 150.0 1952.0 1255.0 697.0 0.0 61.9984
15:13:00 24.0 834.0 nan 62.0 62.0 61.99 61.98 2.0 62.01 405.0 834.0 784.0 50.0 0.0 61.9997
15:14:00 25.0 937.0 nan 62.05 62.05 62.01 62.02 178.0 62.05 397.0 937.0 937.0 0.0 0.0 62.0196
15:15:00 31.0 839.0 nan 62.07 62.09 62.05 62.06 4.0 62.09 434.0 839.0 823.0 16.0 0.0 62.0636
15:16:00 21.0 447.0 nan 62.11 62.12 62.08 62.1 1.0 62.13 519.0 447.0 447.0 0.0 0.0 62.1049
15:17:00 40.0 703.0 nan 62.11 62.13 62.09 62.08 105.0 62.11 625.0 703.0 215.0 488.0 0.0 62.0968
15:18:00 4.0 3.0 nan 62.08 62.09 62.08 62.08 5.0 62.11 943.0 3.0 0.0 3.0 0.0 62.08
15:19:00 72.0 1709.0 nan 62.06 62.09 62.02 62.02 562.0 62.06 1181.0 1709.0 857.0 852.0 0.0 62.0484
15:20:00 46.0 1817.0 nan 62.0 62.04 62.0 62.0 89.0 62.03 300.0 1817.0 1004.0 813.0 0.0 62.0189
15:21:00 38.0 795.0 nan 62.0 62.05 61.99 61.99 251.0 62.0 308.0 795.0 48.0 747.0 0.0 62.0067
15:22:00 20.0 732.0 nan 61.985 62.01 61.98 61.97 336.0 62.0 162.0 732.0 278.0 454.0 0.0 61.9943
15:23:00 67.0 2486.0 nan 61.95 61.98 61.94 61.93 664.0 61.96 505.0 2486.0 1491.0 995.0 0.0 61.9576
15:24:00 45.0 1191.0 nan 61.96 61.96 61.91 61.95 201.0 61.97 206.0 1191.0 863.0 328.0 0.0 61.9351
15:25:00 19.0 337.0 nan 62.005 62.02 61.97 61.99 411.0 62.02 689.0 337.0 337.0 0.0 0.0 61.9735
15:26:00 12.0 203.0 nan 62.01 62.02 62.005 62.0 401.0 62.01 15.0 203.0 201.0 2.0 0.0 62.0178
15:27:00 30.0 699.0 nan 61.98 62.01 61.98 61.97 1.0 62.0 538.0 699.0 57.0 642.0 0.0 61.9946
15:28:00 49.0 2734.0 nan 61.98 61.99 61.96 61.97 20.0 62.0 393.0 2734.0 866.0 1868.0 0.0 61.9802
15:29:00 30.0 792.0 nan 61.98 62.0 61.96 61.97 306.0 61.99 543.0 792.0 458.0 334.0 0.0 61.9758
15:30:00 42.0 1465.0 nan 61.9 61.99 61.9 61.89 253.0 61.93 470.0 1465.0 485.0 980.0 0.0 61.9601
15:31:00 66.0 1349.0 nan 61.9 61.93 61.89 61.89 171.0 61.93 7.0 1349.0 892.0 457.0 0.0 61.9114
15:32:00 21.0 516.0 nan 61.94 61.95 61.92 61.92 489.0 61.95 7.0 516.0 516.0 0.0 0.0 61.94
15:33:00 43.0 1630.0 nan 61.97 61.98 61.95 61.96 10.0 61.98 188.0 1630.0 984.0 646.0 0.0 61.9683
15:34:00 33.0 781.0 nan 61.99 62.0 61.98 61.98 556.0 62.0 134.0 781.0 167.0 614.0 0.0 61.9964
15:35:00 56.0 1985.0 nan 61.98 62.0 61.96 61.96 249.0 61.98 8.0 1985.0 920.0 1065.0 0.0 61.9714
15:36:00 26.0 710.0 nan 61.95 61.98 61.95 61.95 1.0 61.98 250.0 710.0 18.0 692.0 0.0 61.9727
15:37:00 31.0 826.0 nan 61.93 61.965 61.93 61.93 50.0 61.95 699.0 826.0 2.0 824.0 0.0 61.9448
15:38:00 48.0 1828.0 nan 62.0 62.03 61.95 62.0 1.0 62.02 331.0 1828.0 1323.0 505.0 0.0 61.9727
15:39:00 57.0 1835.0 nan 61.97 62.02 61.97 61.97 1.0 61.99 35.0 1835.0 588.0 1247.0 0.0 61.9934
15:40:00 34.0 1608.0 nan 61.98 61.99 61.95 61.98 114.0 62.0 254.0 1608.0 827.0 781.0 0.0 61.9718
15:41:00 44.0 971.0 nan 61.92 61.98 61.92 61.91 307.0 61.92 24.0 971.0 7.0 964.0 0.0 61.9493
15:42:00 48.0 1664.0 nan 61.93 61.94 61.92 61.93 2.0 61.94 5.0 1664.0 1390.0 274.0 0.0 61.9289
15:43:00 59.0 2696.0 nan 61.97 61.97 61.93 61.96 394.0 61.98 718.0 2696.0 1645.0 1051.0 0.0 61.955
15:44:00 42.0 1142.0 nan 61.96 61.97 61.94 61.95 281.0 61.98 873.0 1142.0 824.0 318.0 0.0 61.9579
15:45:00 37.0 978.0 nan 61.99 62.0 61.98 61.98 232.0 62.0 504.0 978.0 877.0 101.0 0.0 61.988
15:46:00 100.0 4568.0 nan 61.98 61.99 61.94 61.96 1101.0 61.99 474.0 4568.0 1684.0 2884.0 0.0 61.959
15:47:00 93.0 2340.0 nan 61.99 62.0 61.97 61.96 741.0 61.99 103.0 2340.0 1931.0 409.0 0.0 61.9936
15:48:00 23.0 601.0 nan 61.98 61.99 61.97 61.97 191.0 61.98 58.0 601.0 601.0 0.0 0.0 61.9797
15:49:00 70.0 1716.0 nan 62.02 62.02 61.98 61.99 41.0 62.02 1054.0 1716.0 1474.0 242.0 0.0 61.9951
15:50:00 74.0 1709.0 nan 61.98 62.02 61.98 61.97 58.0 61.99 4.0 1709.0 983.0 726.0 0.0 61.9957
15:51:00 87.0 2641.0 nan 61.97 62.05 61.97 61.97 7.0 61.99 729.0 2641.0 1442.0 1199.0 0.0 62.0041
15:52:00 71.0 3370.0 nan 61.93 61.98 61.91 61.92 209.0 61.94 952.0 3370.0 1294.0 2076.0 0.0 61.9353
15:53:00 56.0 2145.0 nan 61.92 61.93 61.915 61.91 294.0 61.93 1509.0 2145.0 1781.0 364.0 0.0 61.9201
15:54:00 120.0 4748.0 nan 61.83 61.92 61.83 61.83 340.0 61.86 1892.0 4748.0 2270.0 2478.0 0.0 61.8853
15:55:00 115.0 7127.0 nan 61.77 61.86 61.77 61.76 963.0 61.78 758.0 7127.0 3801.0 3326.0 0.0 61.8364
15:56:00 147.0 7310.0 nan 61.78 61.78 61.73 61.77 8.0 61.79 1289.0 7310.0 5317.0 1993.0 0.0 61.7657
15:57:00 89.0 4313.0 nan 61.74 61.79 61.73 61.74 102.0 61.75 1154.0 4313.0 2787.0 1526.0 0.0 61.744
15:58:00 155.0 6874.0 nan 61.74 61.74 61.7 61.73 348.0 61.74 703.0 6874.0 4571.0 2303.0 0.0 61.7306
15:59:00 188.0 7738.0 nan 61.74 61.77 61.69 61.74 1463.0 61.75 310.0 7738.0 4020.0 3718.0 0.0 61.7137
16:00:00 280.0 18045.0 nan 61.73 61.77 61.69 61.73 46465.0 61.74 800.0 18045.0 6732.0 11313.0 0.0 61.7266
16:01:00 2.0 0.0 nan 61.74 61.74 61.74 61.74 1158.0 61.78 3025.0 nan 0.0 0.0 0.0 nan
16:02:00 0.0 0.0 nan 61.74 nan nan 61.74 1158.0 61.78 3025.0 nan 0.0 0.0 0.0 nan
16:03:00 0.0 0.0 nan 61.74 nan nan 61.74 1158.0 61.78 3025.0 nan 0.0 0.0 0.0 nan
16:04:00 0.0 0.0 nan 61.74 nan nan 61.74 1158.0 61.78 3025.0 nan 0.0 0.0 0.0 nan
16:05:00 0.0 0.0 nan 61.74 nan nan 61.74 1158.0 61.78 3025.0 nan 0.0 0.0 0.0 nan
16:06:00 0.0 0.0 nan 61.74 nan nan 61.74 1158.0 61.78 3025.0 nan 0.0 0.0 0.0 nan
16:07:00 0.0 0.0 nan 61.74 nan nan 61.74 1158.0 61.78 3025.0 nan 0.0 0.0 0.0 nan
16:08:00 0.0 0.0 nan 61.74 nan nan 61.74 1158.0 61.78 3025.0 nan 0.0 0.0 0.0 nan
16:09:00 0.0 0.0 nan 61.74 nan nan 61.74 1158.0 61.78 3025.0 nan 0.0 0.0 0.0 nan
16:10:00 0.0 0.0 nan 61.74 nan nan 61.74 1158.0 61.78 3025.0 nan 0.0 0.0 0.0 nan
16:11:00 1.0 479.0 nan 62.0 62.0 62.0 61.74 1158.0 61.78 3025.0 479.0 0.0 479.0 0.0 62.0
16:12:00 0.0 0.0 nan 62.0 nan nan 61.74 1158.0 61.78 3025.0 nan 0.0 0.0 0.0 nan
16:13:00 0.0 0.0 nan 62.0 nan nan 61.74 1158.0 61.78 3025.0 nan 0.0 0.0 0.0 nan
16:14:00 0.0 0.0 nan 62.0 nan nan 61.74 1158.0 61.78 3025.0 nan 0.0 0.0 0.0 nan
16:15:00 0.0 0.0 nan 62.0 nan nan 61.74 1158.0 61.78 3025.0 nan 0.0 0.0 0.0 nan
16:16:00 0.0 0.0 nan 62.0 nan nan 61.74 1158.0 61.78 3025.0 nan 0.0 0.0 0.0 nan
16:17:00 0.0 0.0 nan 62.0 nan nan 61.74 1158.0 61.78 3025.0 nan 0.0 0.0 0.0 nan
16:18:00 0.0 0.0 nan 62.0 nan nan 61.74 1158.0 61.7 2.0 nan 0.0 0.0 0.0 nan
16:19:00 1.0 2.0 nan 61.65 61.65 61.65 61.74 1158.0 61.78 3025.0 2.0 2.0 0.0 0.0 61.65
16:20:00 0.0 0.0 nan 61.65 nan nan 61.74 1158.0 61.78 3025.0 nan 0.0 0.0 0.0 nan
16:21:00 1.0 100.0 nan 61.6 61.6 61.6 61.74 1158.0 61.78 3025.0 100.0 100.0 0.0 0.0 61.6
16:22:00 0.0 0.0 nan 61.6 nan nan 61.74 1158.0 61.78 3025.0 nan 0.0 0.0 0.0 nan
16:23:00 0.0 0.0 nan 61.6 nan nan 61.74 1158.0 61.78 3025.0 nan 0.0 0.0 0.0 nan
16:24:00 0.0 0.0 nan 61.6 nan nan 61.74 1158.0 61.78 3025.0 nan 0.0 0.0 0.0 nan
16:25:00 0.0 0.0 nan 61.6 nan nan 61.74 1158.0 61.78 3025.0 nan 0.0 0.0 0.0 nan
16:26:00 0.0 0.0 nan 61.6 nan nan 61.74 1158.0 61.78 3025.0 nan 0.0 0.0 0.0 nan
16:27:00 0.0 0.0 nan 61.6 nan nan 61.74 1158.0 61.78 3025.0 nan 0.0 0.0 0.0 nan
16:28:00 0.0 0.0 nan 61.6 nan nan 61.74 1158.0 61.78 3025.0 nan 0.0 0.0 0.0 nan
16:29:00 0.0 0.0 nan 61.6 nan nan 61.74 1161.0 61.78 3025.0 nan 0.0 0.0 0.0 nan
16:30:00 0.0 0.0 nan 61.6 nan nan 61.74 1161.0 61.78 3025.0 nan 0.0 0.0 0.0 nan
16:31:00 0.0 0.0 nan 61.6 nan nan 61.74 1161.0 61.78 3025.0 nan 0.0 0.0 0.0 nan
16:32:00 0.0 0.0 nan 61.6 nan nan 61.74 1161.0 61.78 3025.0 nan 0.0 0.0 0.0 nan
16:33:00 0.0 0.0 nan 61.6 nan nan 61.74 1161.0 61.78 3025.0 nan 0.0 0.0 0.0 nan
16:34:00 0.0 0.0 nan 61.6 nan nan 61.74 1161.0 61.78 3025.0 nan 0.0 0.0 0.0 nan
16:35:00 0.0 0.0 nan 61.6 nan nan 61.74 1161.0 61.78 3025.0 nan 0.0 0.0 0.0 nan
16:36:00 0.0 0.0 nan 61.6 nan nan 61.74 1161.0 61.78 3025.0 nan 0.0 0.0 0.0 nan
16:37:00 0.0 0.0 nan 61.6 nan nan 61.74 1161.0 61.78 3025.0 nan 0.0 0.0 0.0 nan
16:38:00 0.0 0.0 nan 61.6 nan nan 61.74 1161.0 61.78 3025.0 nan 0.0 0.0 0.0 nan
16:39:00 0.0 0.0 nan 61.6 nan nan 61.74 1211.0 61.78 3025.0 nan 0.0 0.0 0.0 nan
16:40:00 0.0 0.0 nan 61.6 nan nan 61.74 1211.0 61.78 3025.0 nan 0.0 0.0 0.0 nan
16:41:00 0.0 0.0 nan 61.6 nan nan 61.74 1211.0 61.78 3025.0 nan 0.0 0.0 0.0 nan
16:42:00 0.0 0.0 nan 61.6 nan nan 61.74 1211.0 61.78 3025.0 nan 0.0 0.0 0.0 nan
16:43:00 0.0 0.0 nan 61.6 nan nan 61.74 1211.0 61.78 3025.0 nan 0.0 0.0 0.0 nan
16:44:00 0.0 0.0 nan 61.6 nan nan 61.74 1211.0 61.78 3025.0 nan 0.0 0.0 0.0 nan
16:45:00 0.0 0.0 nan 61.6 nan nan 61.74 1211.0 61.78 3025.0 nan 0.0 0.0 0.0 nan
16:46:00 0.0 0.0 nan 61.6 nan nan 61.74 1211.0 61.78 3025.0 nan 0.0 0.0 0.0 nan
16:47:00 0.0 0.0 nan 61.6 nan nan 61.74 1211.0 61.78 3025.0 nan 0.0 0.0 0.0 nan
16:48:00 0.0 0.0 nan 61.6 nan nan 61.74 1211.0 61.78 3025.0 nan 0.0 0.0 0.0 nan
16:49:00 0.0 0.0 nan 61.6 nan nan 61.74 1211.0 61.78 3025.0 nan 0.0 0.0 0.0 nan
16:50:00 0.0 0.0 nan 61.6 nan nan 61.74 1211.0 61.78 3025.0 nan 0.0 0.0 0.0 nan
16:51:00 0.0 0.0 nan 61.6 nan nan 61.74 1211.0 61.78 3025.0 nan 0.0 0.0 0.0 nan
16:52:00 0.0 0.0 nan 61.6 nan nan 61.74 1211.0 61.78 3025.0 nan 0.0 0.0 0.0 nan
16:53:00 0.0 0.0 nan 61.6 nan nan 61.74 1211.0 61.78 3025.0 nan 0.0 0.0 0.0 nan
16:54:00 0.0 0.0 nan 61.6 nan nan 61.74 1211.0 61.78 3025.0 nan 0.0 0.0 0.0 nan
16:55:00 0.0 0.0 nan 61.6 nan nan 61.74 1211.0 61.78 3025.0 nan 0.0 0.0 0.0 nan
16:56:00 0.0 0.0 nan 61.6 nan nan 61.74 1211.0 61.78 3025.0 nan 0.0 0.0 0.0 nan
16:57:00 0.0 0.0 nan 61.6 nan nan 61.74 1211.0 61.78 3025.0 nan 0.0 0.0 0.0 nan
16:58:00 0.0 0.0 nan 61.6 nan nan 61.74 1211.0 61.78 3025.0 nan 0.0 0.0 0.0 nan
16:59:00 0.0 0.0 nan 61.6 nan nan 61.74 1211.0 61.78 3025.0 nan 0.0 0.0 0.0 nan
17:00:00 0.0 0.0 nan 61.6 nan nan 61.74 1208.0 61.78 3025.0 nan 0.0 0.0 0.0 nan
