time trade_count trade_volume trade_first trade_last trade_high trade_low bid_price bid_size ask_price ask_size hid_vol buy_vol sell_vol unsided_vol vwap
09:00:00 nan 0.0 nan nan nan nan 55.35 100.0 55.99 36.0 nan 0.0 0.0 0.0 nan
09:01:00 0.0 0.0 nan nan nan nan 55.35 100.0 55.99 36.0 nan 0.0 0.0 0.0 nan
09:02:00 0.0 0.0 nan nan nan nan 55.35 100.0 55.99 36.0 nan 0.0 0.0 0.0 nan
09:03:00 0.0 0.0 nan nan nan nan 55.35 100.0 55.99 36.0 nan 0.0 0.0 0.0 nan
09:04:00 0.0 0.0 nan nan nan nan 55.35 100.0 55.99 36.0 nan 0.0 0.0 0.0 nan
09:05:00 0.0 0.0 nan nan nan nan 55.35 100.0 55.99 36.0 nan 0.0 0.0 0.0 nan
09:06:00 0.0 0.0 nan nan nan nan 55.35 100.0 55.99 36.0 nan 0.0 0.0 0.0 nan
09:07:00 0.0 0.0 nan nan nan nan 55.35 100.0 55.99 36.0 nan 0.0 0.0 0.0 nan
09:08:00 0.0 0.0 nan nan nan nan 55.35 100.0 55.99 36.0 nan 0.0 0.0 0.0 nan
09:09:00 0.0 0.0 nan nan nan nan 55.35 100.0 55.99 36.0 nan 0.0 0.0 0.0 nan
09:10:00 0.0 0.0 nan nan nan nan 55.35 100.0 55.99 36.0 nan 0.0 0.0 0.0 nan
09:11:00 0.0 0.0 nan nan nan nan 55.35 100.0 55.99 36.0 nan 0.0 0.0 0.0 nan
09:12:00 0.0 0.0 nan nan nan nan 55.35 100.0 55.99 36.0 nan 0.0 0.0 0.0 nan
09:13:00 0.0 0.0 nan nan nan nan 55.35 100.0 55.99 36.0 nan 0.0 0.0 0.0 nan
09:14:00 0.0 0.0 nan nan nan nan 55.35 100.0 55.99 36.0 nan 0.0 0.0 0.0 nan
09:15:00 0.0 0.0 nan nan nan nan 55.35 100.0 55.99 36.0 nan 0.0 0.0 0.0 nan
09:16:00 0.0 0.0 nan nan nan nan 55.35 100.0 55.99 36.0 nan 0.0 0.0 0.0 nan
09:17:00 0.0 0.0 nan nan nan nan 55.35 100.0 55.99 36.0 nan 0.0 0.0 0.0 nan
09:18:00 0.0 0.0 nan nan nan nan 55.35 100.0 55.99 36.0 nan 0.0 0.0 0.0 nan
09:19:00 0.0 0.0 nan nan nan nan 55.35 100.0 55.99 36.0 nan 0.0 0.0 0.0 nan
09:20:00 0.0 0.0 nan nan nan nan 55.35 100.0 55.99 36.0 nan 0.0 0.0 0.0 nan
09:21:00 3.0 20.0 nan 55.79 55.84 55.79 55.35 100.0 55.99 36.0 20.0 0.0 20.0 0.0 55.815
09:22:00 0.0 0.0 nan 55.79 nan nan 55.35 100.0 55.99 36.0 nan 0.0 0.0 0.0 nan
09:23:00 0.0 0.0 nan 55.79 nan nan 55.35 100.0 55.99 36.0 nan 0.0 0.0 0.0 nan
09:24:00 0.0 0.0 nan 55.79 nan nan 55.35 100.0 55.99 36.0 nan 0.0 0.0 0.0 nan
09:25:00 0.0 0.0 nan 55.79 nan nan 55.35 100.0 55.95 36.0 nan 0.0 0.0 0.0 nan
09:26:00 0.0 0.0 nan 55.79 nan nan 55.35 100.0 55.95 36.0 nan 0.0 0.0 0.0 nan
09:27:00 0.0 0.0 nan 55.79 nan nan 55.35 100.0 55.94 300.0 nan 0.0 0.0 0.0 nan
09:28:00 0.0 0.0 nan 55.79 nan nan 55.35 100.0 55.94 300.0 nan 0.0 0.0 0.0 nan
09:29:00 0.0 0.0 nan 55.79 nan nan 55.18 101.0 56.0 100.0 nan 0.0 0.0 0.0 nan
09:30:00 0.0 0.0 nan 55.79 nan nan 55.24 400.0 56.0 100.0 nan 0.0 0.0 0.0 nan
09:31:00 15.0 575.0 nan 56.0 56.0 55.79 55.86 301.0 56.19 100.0 575.0 575.0 0.0 0.0 55.9217
09:32:00 0.0 0.0 nan 56.0 nan nan 55.86 301.0 56.15 200.0 nan 0.0 0.0 0.0 nan
09:33:00 3.0 135.0 nan 56.14 56.14 56.02 56.01 145.0 56.23 25.0 135.0 135.0 0.0 0.0 56.1089
09:34:00 5.0 126.0 nan 56.28 56.28 56.22 56.14 216.0 56.28 19.0 126.0 126.0 0.0 0.0 56.2403
09:35:00 0.0 0.0 nan 56.28 nan nan 56.2 326.0 56.28 20.0 nan 0.0 0.0 0.0 nan
09:36:00 52.0 1265.0 nan 56.23 56.42 56.23 56.19 100.0 56.29 25.0 1265.0 321.0 944.0 0.0 56.2806
09:37:00 1.0 0.0 nan 56.245 56.245 56.245 56.2 300.0 56.25 117.0 nan 0.0 0.0 0.0 nan
09:38:00 23.0 1151.0 nan 56.26 56.29 56.2 56.2 326.0 56.33 201.0 1151.0 535.0 616.0 0.0 56.2263
09:39:00 58.0 2548.0 nan 56.15 56.35 56.15 56.11 309.0 56.2 317.0 2548.0 1250.0 1298.0 0.0 56.2576
09:40:00 24.0 1667.0 nan 56.05 56.2 56.05 55.99 100.0 56.11 101.0 1667.0 706.0 961.0 0.0 56.1669
09:41:00 39.0 2127.0 nan 56.12 56.16 56.07 56.05 87.0 56.2 400.0 2127.0 1527.0 600.0 0.0 56.155
09:42:00 21.0 717.0 nan 56.32 56.32 56.2 56.2 4.0 56.32 451.0 717.0 717.0 0.0 0.0 56.2934
09:43:00 17.0 845.0 nan 56.38 56.38 56.31 56.33 14.0 56.44 225.0 845.0 845.0 0.0 0.0 56.3362
09:44:00 11.0 569.0 nan 56.52 56.53 56.44 56.5 69.0 56.6 302.0 569.0 569.0 0.0 0.0 56.4751
09:45:00 15.0 269.0 nan 56.46 56.52 56.46 56.36 25.0 56.47 318.0 269.0 0.0 269.0 0.0 56.4703
09:46:00 27.0 520.0 nan 56.52 56.52 56.44 56.44 206.0 56.52 309.0 520.0 520.0 0.0 0.0 56.4893
09:47:00 18.0 379.0 nan 56.48 56.51 56.45 56.45 1108.0 56.5 53.0 379.0 328.0 51.0 0.0 56.49
09:48:00 5.0 357.0 nan 56.48 56.52 56.48 56.43 27.0 56.54 302.0 357.0 353.0 4.0 0.0 56.5166
09:49:00 24.0 802.0 nan 56.46 56.58 56.46 56.46 126.0 56.53 250.0 802.0 219.0 583.0 0.0 56.482
09:50:00 17.0 464.0 nan 56.52 56.52 56.45 56.47 601.0 56.56 625.0 464.0 318.0 146.0 0.0 56.4915
09:51:00 0.0 0.0 nan 56.52 nan nan 56.47 818.0 56.55 451.0 nan 0.0 0.0 0.0 nan
09:52:00 29.0 824.0 nan 56.55 56.55 56.46 56.49 200.0 56.57 533.0 824.0 586.0 238.0 0.0 56.4928
09:53:00 0.0 0.0 nan 56.55 nan nan 56.49 115.0 56.57 434.0 nan 0.0 0.0 0.0 nan
09:54:00 0.0 0.0 nan 56.55 nan nan 56.46 209.0 56.55 479.0 nan 0.0 0.0 0.0 nan
09:55:00 76.0 3185.0 nan 56.7 56.7 56.55 56.69 200.0 56.76 368.0 3185.0 2463.0 722.0 0.0 56.6339
09:56:00 15.0 518.0 nan 56.72 56.72 56.68 56.64 10.0 56.74 700.0 518.0 201.0 317.0 0.0 56.6962
09:57:00 29.0 626.0 nan 56.54 56.66 56.54 56.5 1.0 56.57 301.0 626.0 0.0 626.0 0.0 56.5971
09:58:00 4.0 102.0 nan 56.56 56.57 56.56 56.5 25.0 56.6 350.0 102.0 102.0 0.0 0.0 56.5699
09:59:00 59.0 2153.0 nan 56.69 56.71 56.6 56.67 100.0 56.69 6.0 2153.0 1314.0 839.0 0.0 56.6553
10:00:00 19.0 716.0 nan 56.68 56.73 56.68 56.66 104.0 56.71 310.0 716.0 523.0 193.0 0.0 56.7085
10:01:00 24.0 1040.0 nan 56.73 56.73 56.66 56.7 15.0 56.77 27.0 1040.0 462.0 578.0 0.0 56.6999
10:02:00 41.0 1753.0 nan 56.8 56.8 56.72 56.77 304.0 56.82 156.0 1753.0 1206.0 547.0 0.0 56.7691
10:03:00 21.0 584.0 nan 56.76 56.78 56.7 56.69 12.0 56.76 44.0 584.0 216.0 368.0 0.0 56.7455
10:04:00 10.0 307.0 nan 56.71 56.72 56.69 56.67 109.0 56.73 33.0 307.0 295.0 12.0 0.0 56.7093
10:05:00 25.0 1006.0 nan 56.78 56.78 56.69 56.77 53.0 56.8 2.0 1006.0 701.0 305.0 0.0 56.7561
10:06:00 25.0 787.0 nan 56.72 56.82 56.72 56.68 213.0 56.74 3.0 787.0 305.0 482.0 0.0 56.7795
10:07:00 40.0 1220.0 nan 56.61 56.75 56.56 56.56 182.0 56.63 252.0 1220.0 392.0 828.0 0.0 56.6533
10:08:00 21.0 1168.0 nan 56.51 56.57 56.5 56.5 1.0 56.56 160.0 1168.0 148.0 1020.0 0.0 56.5562
10:09:00 10.0 218.0 nan 56.44 56.5 56.4 56.37 25.0 56.44 116.0 218.0 0.0 218.0 0.0 56.4683
10:10:00 28.0 1063.0 nan 56.39 56.46 56.28 56.32 334.0 56.38 12.0 1063.0 654.0 409.0 0.0 56.3461
10:11:00 8.0 112.0 nan 56.36 56.39 56.36 56.32 311.0 56.37 400.0 112.0 112.0 0.0 0.0 56.3889
10:12:00 38.0 1621.0 nan 56.48 56.48 56.32 56.44 211.0 56.5 6.0 1621.0 1310.0 311.0 0.0 56.4072
10:13:00 15.0 1017.0 nan 56.58 56.58 56.515 56.55 458.0 56.59 2.0 1017.0 816.0 201.0 0.0 56.5491
10:14:00 27.0 1141.0 nan 56.62 56.66 56.59 56.55 449.0 56.62 239.0 1141.0 726.0 415.0 0.0 56.6123
10:15:00 48.0 2090.0 nan 56.52 56.57 56.51 56.47 10.0 56.55 400.0 2090.0 147.0 1943.0 0.0 56.5497
10:16:00 19.0 632.0 nan 56.5 56.5 56.43 56.46 8.0 56.51 208.0 632.0 221.0 411.0 0.0 56.4868
10:17:00 60.0 2836.0 nan 56.47 56.54 56.47 56.47 204.0 56.52 176.0 2836.0 1342.0 1494.0 0.0 56.5216
10:18:00 20.0 817.0 nan 56.42 56.54 56.42 56.39 28.0 56.45 144.0 817.0 226.0 591.0 0.0 56.4622
10:19:00 34.0 1117.0 nan 56.5 56.51 56.45 56.47 205.0 56.52 220.0 1117.0 661.0 456.0 0.0 56.477
10:20:00 31.0 862.0 nan 56.48 56.53 56.46 56.47 300.0 56.54 535.0 862.0 555.0 307.0 0.0 56.4926
10:21:00 41.0 1492.0 nan 56.57 56.63 56.52 56.54 153.0 56.61 550.0 1492.0 1161.0 331.0 0.0 56.5795
10:22:00 71.0 4542.0 nan 56.7 56.76 56.54 56.67 304.0 56.74 100.0 4542.0 4038.0 504.0 0.0 56.6503
10:23:00 72.0 2807.0 nan 56.79 56.87 56.68 56.76 200.0 56.81 1.0 2807.0 2334.0 473.0 0.0 56.7965
10:24:00 38.0 1407.0 nan 56.79 56.81 56.77 56.76 509.0 56.79 1.0 1407.0 863.0 544.0 0.0 56.783
10:25:00 60.0 1475.0 nan 56.63 56.77 56.6 56.61 370.0 56.65 261.0 1475.0 120.0 1355.0 0.0 56.701
10:26:00 19.0 736.0 nan 56.67 56.675 56.65 56.62 300.0 56.68 101.0 736.0 510.0 226.0 0.0 56.6534
10:27:00 59.0 2326.0 nan 56.7 56.7 56.67 56.69 8.0 56.71 300.0 2326.0 1427.0 899.0 0.0 56.6825
10:28:00 22.0 709.0 nan 56.61 56.69 56.57 56.59 4.0 56.64 260.0 709.0 343.0 366.0 0.0 56.6309
10:29:00 103.0 5553.0 nan 56.88 56.88 56.64 56.83 240.0 56.9 50.0 5553.0 4146.0 1407.0 0.0 56.7838
10:30:00 70.0 2252.0 nan 56.95 57.02 56.91 56.93 200.0 56.98 166.0 2252.0 1334.0 918.0 0.0 56.9664
10:31:00 34.0 1234.0 nan 56.9 57.02 56.86 56.9 1.0 56.99 50.0 1234.0 535.0 699.0 0.0 56.9697
10:32:00 40.0 996.0 nan 56.9 56.96 56.79 56.82 200.0 56.9 130.0 996.0 638.0 358.0 0.0 56.8707
10:33:00 9.0 441.0 nan 56.75 56.83 56.75 56.75 228.0 56.82 100.0 441.0 0.0 441.0 0.0 56.8182
10:34:00 39.0 1437.0 nan 56.91 56.91 56.75 56.88 53.0 56.93 20.0 1437.0 1217.0 220.0 0.0 56.8188
10:35:00 21.0 740.0 nan 56.93 56.96 56.9 56.85 101.0 56.94 122.0 740.0 216.0 524.0 0.0 56.9439
10:36:00 17.0 481.0 nan 57.02 57.07 56.93 57.01 501.0 57.06 294.0 481.0 480.0 1.0 0.0 57.0101
10:37:00 15.0 893.0 nan 57.1 57.1 57.01 57.11 400.0 57.17 149.0 893.0 392.0 501.0 0.0 57.04
10:38:00 24.0 1010.0 nan 57.1 57.15 57.07 57.08 16.0 57.13 247.0 1010.0 300.0 710.0 0.0 57.1148
10:39:00 29.0 887.0 nan 57.15 57.15 57.06 57.13 353.0 57.22 260.0 887.0 668.0 219.0 0.0 57.0969
10:40:00 6.0 130.0 nan 57.13 57.13 57.13 57.07 3.0 57.16 100.0 130.0 0.0 130.0 0.0 57.13
10:41:00 13.0 469.0 nan 57.14 57.14 57.06 57.12 629.0 57.17 257.0 469.0 436.0 33.0 0.0 57.1242
10:42:00 64.0 1577.0 nan 57.14 57.17 57.06 57.1 201.0 57.15 173.0 1577.0 101.0 1476.0 0.0 57.1147
10:43:00 24.0 860.0 nan 57.02 57.1 57.02 57.0 205.0 57.06 203.0 860.0 330.0 530.0 0.0 57.0902
10:44:00 36.0 1436.0 nan 57.07 57.07 57.0 57.04 254.0 57.08 3.0 1436.0 1231.0 205.0 0.0 57.0245
10:45:00 32.0 1445.0 nan 57.02 57.13 57.0 57.01 151.0 57.06 401.0 1445.0 330.0 1115.0 0.0 57.0609
10:46:00 34.0 1108.0 nan 56.96 57.06 56.96 56.96 295.0 57.01 200.0 1108.0 466.0 642.0 0.0 57.0188
10:47:00 23.0 1013.0 nan 56.93 56.96 56.88 56.92 52.0 56.97 264.0 1013.0 502.0 511.0 0.0 56.9385
10:48:00 21.0 833.0 nan 56.95 56.99 56.95 56.95 563.0 57.01 414.0 833.0 715.0 118.0 0.0 56.9756
10:49:00 20.0 688.0 nan 56.99 56.99 56.92 56.96 302.0 57.01 438.0 688.0 207.0 481.0 0.0 56.954
10:50:00 42.0 2516.0 nan 57.01 57.03 56.99 57.0 400.0 57.03 297.0 2516.0 1913.0 603.0 0.0 57.0193
10:51:00 41.0 2126.0 nan 57.0 57.08 57.0 57.0 52.0 57.06 57.0 2126.0 805.0 1321.0 0.0 57.045
10:52:00 23.0 786.0 nan 56.91 57.03 56.91 56.89 399.0 56.96 107.0 786.0 300.0 486.0 0.0 56.9886
10:53:00 6.0 107.0 nan 56.96 56.96 56.95 56.91 514.0 56.96 200.0 107.0 107.0 0.0 0.0 56.96
10:54:00 20.0 942.0 nan 56.95 57.0 56.95 56.92 3.0 56.97 120.0 942.0 239.0 703.0 0.0 56.9535
10:55:00 20.0 280.0 nan 56.83 56.96 56.82 56.78 451.0 56.84 213.0 280.0 99.0 181.0 0.0 56.8722
10:56:00 65.0 1946.0 nan 56.88 56.93 56.81 56.86 401.0 56.9 8.0 1946.0 1457.0 489.0 0.0 56.8719
10:57:00 13.0 820.0 nan 56.92 56.92 56.86 56.86 225.0 56.94 1.0 820.0 419.0 401.0 0.0 56.8829
10:58:00 12.0 419.0 nan 56.92 56.92 56.83 56.87 304.0 56.92 234.0 419.0 300.0 119.0 0.0 56.8832
10:59:00 23.0 752.0 nan 56.94 56.94 56.91 56.9 118.0 56.95 226.0 752.0 752.0 0.0 0.0 56.9269
11:00:00 36.0 1341.0 nan 56.94 56.94 56.89 56.91 550.0 56.96 5.0 1341.0 271.0 1070.0 0.0 56.9091
11:01:00 27.0 306.0 nan 56.89 56.95 56.88 56.86 351.0 56.91 422.0 306.0 76.0 230.0 0.0 56.9015
11:02:00 10.0 347.0 nan 56.87 56.9 56.87 56.88 50.0 56.91 400.0 347.0 347.0 0.0 0.0 56.9
11:03:00 99.0 5435.0 nan 57.05 57.05 56.85 57.05 300.0 57.1 100.0 5435.0 3234.0 2201.0 0.0 56.9485
11:04:00 54.0 1947.0 nan 57.12 57.13 57.07 57.12 1.0 57.16 322.0 1947.0 1883.0 64.0 0.0 57.111
11:05:00 55.0 1809.0 nan 57.21 57.25 57.15 57.19 20.0 57.24 450.0 1809.0 1248.0 561.0 0.0 57.2148
11:06:00 35.0 1533.0 nan 57.09 57.24 57.08 57.08 251.0 57.12 300.0 1533.0 900.0 633.0 0.0 57.1432
11:07:00 41.0 1781.0 nan 57.15 57.22 57.12 57.14 200.0 57.17 400.0 1781.0 1209.0 572.0 0.0 57.1662
11:08:00 8.0 400.0 nan 57.2 57.2 57.15 57.18 205.0 57.22 350.0 400.0 400.0 0.0 0.0 57.17
11:09:00 33.0 982.0 nan 57.21 57.24 57.17 57.2 465.0 57.24 100.0 982.0 600.0 382.0 0.0 57.2007
11:10:00 13.0 470.0 nan 57.185 57.2 57.185 57.17 302.0 57.21 105.0 470.0 0.0 470.0 0.0 57.1904
11:11:00 21.0 1207.0 nan 57.17 57.23 57.17 57.16 200.0 57.21 211.0 1207.0 516.0 691.0 0.0 57.1967
11:12:00 20.0 1134.0 nan 57.18 57.21 57.17 57.16 100.0 57.2 11.0 1134.0 830.0 304.0 0.0 57.1856
11:13:00 24.0 796.0 nan 57.15 57.17 57.13 57.13 174.0 57.17 718.0 796.0 414.0 382.0 0.0 57.1379
11:14:00 10.0 710.0 nan 57.17 57.17 57.13 57.16 3.0 57.19 268.0 710.0 601.0 109.0 0.0 57.1554
11:15:00 18.0 676.0 nan 57.19 57.2 57.16 57.19 304.0 57.2 300.0 676.0 468.0 208.0 0.0 57.1868
11:16:00 75.0 3265.0 nan 57.22 57.25 57.18 57.2 261.0 57.23 200.0 3265.0 2135.0 1130.0 0.0 57.2069
11:17:00 29.0 1457.0 nan 57.24 57.24 57.22 57.22 797.0 57.26 100.0 1457.0 1006.0 451.0 0.0 57.2324
11:18:00 44.0 1642.0 nan 57.23 57.26 57.22 57.22 50.0 57.24 110.0 1642.0 480.0 1162.0 0.0 57.2396
11:19:00 14.0 597.0 nan 57.21 57.27 57.21 57.2 366.0 57.26 150.0 597.0 145.0 452.0 0.0 57.2302
11:20:00 9.0 319.0 nan 57.24 57.24 57.2 57.2 260.0 57.25 309.0 319.0 100.0 219.0 0.0 57.2125
11:21:00 12.0 883.0 nan 57.25 57.25 57.23 57.24 50.0 57.27 21.0 883.0 583.0 300.0 0.0 57.2442
11:22:00 19.0 408.0 nan 57.26 57.26 57.2 57.22 301.0 57.28 292.0 408.0 232.0 176.0 0.0 57.2365
11:23:00 14.0 763.0 nan 57.25 57.26 57.25 57.2 660.0 57.25 212.0 763.0 400.0 363.0 0.0 57.2539
11:24:00 16.0 583.0 nan 57.26 57.26 57.24 57.23 117.0 57.28 179.0 583.0 583.0 0.0 0.0 57.2526
11:25:00 40.0 932.0 nan 57.31 57.31 57.21 57.29 667.0 57.34 1000.0 932.0 549.0 383.0 0.0 57.2639
11:26:00 17.0 1214.0 nan 57.38 57.38 57.34 57.34 279.0 57.38 207.0 1214.0 1214.0 0.0 0.0 57.3471
11:27:00 10.0 432.0 nan 57.39 57.4 57.37 57.39 1.0 57.41 232.0 432.0 432.0 0.0 0.0 57.3712
11:28:00 23.0 925.0 nan 57.38 57.39 57.34 57.36 576.0 57.4 541.0 925.0 560.0 365.0 0.0 57.3753
11:29:00 52.0 2031.0 nan 57.36 57.42 57.34 57.34 159.0 57.4 100.0 2031.0 755.0 1276.0 0.0 57.3799
11:30:00 30.0 904.0 nan 57.34 57.4 57.34 57.32 50.0 57.37 13.0 904.0 200.0 704.0 0.0 57.3641
11:31:00 25.0 699.0 nan 57.5 57.5 57.36 57.45 476.0 57.53 101.0 699.0 599.0 100.0 0.0 57.4186
11:32:00 15.0 301.0 nan 57.57 57.57 57.52 57.55 1.0 57.59 510.0 301.0 209.0 92.0 0.0 57.5572
11:33:00 33.0 1939.0 nan 57.61 57.61 57.52 57.58 510.0 57.62 350.0 1939.0 1427.0 512.0 0.0 57.5791
11:34:00 33.0 1796.0 nan 57.615 57.62 57.58 57.6 317.0 57.63 307.0 1796.0 332.0 1464.0 0.0 57.585
11:35:00 23.0 769.0 nan 57.59 57.6 57.57 57.56 5.0 57.6 309.0 769.0 145.0 624.0 0.0 57.5887
11:36:00 45.0 975.0 nan 57.5 57.56 57.47 57.48 50.0 57.53 15.0 975.0 695.0 280.0 0.0 57.5097
11:37:00 18.0 295.0 nan 57.57 57.57 57.53 57.5 435.0 57.61 30.0 295.0 295.0 0.0 0.0 57.5402
11:38:00 16.0 13.0 nan 57.58 57.62 57.58 57.55 311.0 57.64 422.0 13.0 9.0 4.0 0.0 57.6169
11:39:00 11.0 80.0 nan 57.66 57.66 57.59 57.61 1.0 57.66 203.0 80.0 80.0 0.0 0.0 57.654
11:40:00 18.0 855.0 nan 57.62 57.68 57.62 57.61 2.0 57.65 207.0 855.0 350.0 505.0 0.0 57.6394
11:41:00 14.0 545.0 nan 57.72 57.72 57.61 57.66 401.0 57.72 200.0 545.0 543.0 2.0 0.0 57.6571
11:42:00 11.0 593.0 nan 57.61 57.66 57.61 57.56 50.0 57.63 50.0 593.0 0.0 593.0 0.0 57.6515
11:43:00 33.0 1080.0 nan 57.63 57.63 57.54 57.61 101.0 57.66 229.0 1080.0 747.0 333.0 0.0 57.58
11:44:00 11.0 399.0 nan 57.6 57.63 57.6 57.6 302.0 57.65 207.0 399.0 100.0 299.0 0.0 57.6225
11:45:00 27.0 1102.0 nan 57.57 57.62 57.56 57.56 90.0 57.61 309.0 1102.0 243.0 859.0 0.0 57.588
11:46:00 24.0 420.0 nan 57.69 57.69 57.57 57.67 88.0 57.7 280.0 420.0 420.0 0.0 0.0 57.6306
11:47:00 13.0 463.0 nan 57.69 57.7 57.65 57.68 305.0 57.72 219.0 463.0 306.0 157.0 0.0 57.6868
11:48:00 18.0 808.0 nan 57.71 57.74 57.67 57.7 201.0 57.74 128.0 808.0 502.0 306.0 0.0 57.7066
11:49:00 16.0 423.0 nan 57.68 57.72 57.68 57.65 100.0 57.7 130.0 423.0 0.0 423.0 0.0 57.6896
11:50:00 25.0 927.0 nan 57.7 57.7 57.65 57.67 110.0 57.72 150.0 927.0 625.0 302.0 0.0 57.6802
11:51:00 29.0 718.0 nan 57.7 57.72 57.64 57.69 501.0 57.74 300.0 718.0 357.0 361.0 0.0 57.6822
11:52:00 17.0 800.0 nan 57.71 57.74 57.69 57.7 3.0 57.74 102.0 800.0 353.0 447.0 0.0 57.7285
11:53:00 32.0 529.0 nan 57.79 57.79 57.7 57.75 350.0 57.81 360.0 529.0 322.0 207.0 0.0 57.7528
11:54:00 1.0 0.0 nan 57.78 57.78 57.78 57.77 302.0 57.81 248.0 nan 0.0 0.0 0.0 nan
11:55:00 23.0 789.0 nan 57.7 57.77 57.69 57.68 360.0 57.74 369.0 789.0 0.0 789.0 0.0 57.7376
11:56:00 25.0 1499.0 nan 57.75 57.77 57.72 57.72 225.0 57.77 166.0 1499.0 1084.0 415.0 0.0 57.7505
11:57:00 43.0 1131.0 nan 57.72 57.74 57.67 57.7 507.0 57.74 100.0 1131.0 727.0 404.0 0.0 57.709
11:58:00 50.0 4324.0 nan 57.67 57.74 57.67 57.67 600.0 57.71 1.0 4324.0 3107.0 1217.0 0.0 57.7087
11:59:00 47.0 2050.0 nan 57.66 57.71 57.64 57.62 223.0 57.68 250.0 2050.0 163.0 1887.0 0.0 57.6682
12:00:00 42.0 1231.0 nan 57.68 57.75 57.63 57.65 200.0 57.7 251.0 1231.0 510.0 721.0 0.0 57.6802
12:01:00 87.0 3732.0 nan 57.67 57.67 57.55 57.65 212.0 57.7 257.0 3732.0 1223.0 2509.0 0.0 57.6261
12:02:00 31.0 988.0 nan 57.8 57.8 57.65 57.77 60.0 57.81 228.0 988.0 766.0 222.0 0.0 57.6985
12:03:00 31.0 1130.0 nan 57.78 57.81 57.78 57.75 464.0 57.8 306.0 1130.0 228.0 902.0 0.0 57.7869
12:04:00 29.0 1020.0 nan 57.74 57.75 57.74 57.72 50.0 57.77 123.0 1020.0 206.0 814.0 0.0 57.748
12:05:00 6.0 226.0 nan 57.79 57.79 57.77 57.74 406.0 57.79 152.0 226.0 226.0 0.0 0.0 57.7791
12:06:00 24.0 645.0 nan 57.7 57.75 57.68 57.67 4.0 57.7 203.0 645.0 61.0 584.0 0.0 57.7225
12:07:00 45.0 1632.0 nan 57.72 57.73 57.67 57.7 300.0 57.75 257.0 1632.0 977.0 655.0 0.0 57.7122
12:08:00 11.0 573.0 nan 57.78 57.78 57.74 57.75 590.0 57.79 264.0 573.0 573.0 0.0 0.0 57.7573
12:09:00 47.0 1614.0 nan 57.87 57.87 57.79 57.84 50.0 57.87 300.0 1614.0 1223.0 391.0 0.0 57.8363
12:10:00 17.0 760.0 nan 57.88 57.88 57.85 57.86 161.0 57.89 68.0 760.0 348.0 412.0 0.0 57.8665
12:11:00 13.0 533.0 nan 57.85 57.88 57.85 57.84 196.0 57.88 259.0 533.0 100.0 433.0 0.0 57.8638
12:12:00 79.0 3463.0 nan 57.89 57.97 57.85 57.8 253.0 57.89 500.0 3463.0 1228.0 2235.0 0.0 57.9014
12:13:00 12.0 603.0 nan 57.91 57.91 57.87 57.84 157.0 57.91 53.0 603.0 603.0 0.0 0.0 57.8957
12:14:00 26.0 677.0 nan 57.93 57.97 57.91 57.91 156.0 57.97 278.0 677.0 351.0 326.0 0.0 57.933
12:15:00 3.0 50.0 nan 57.97 57.97 57.93 57.94 827.0 57.98 20.0 50.0 0.0 50.0 0.0 57.93
12:16:00 23.0 1114.0 nan 57.97 57.98 57.95 57.95 153.0 57.98 3.0 1114.0 305.0 809.0 0.0 57.9584
12:17:00 9.0 205.0 nan 57.97 57.98 57.95 57.95 4.0 57.98 623.0 205.0 100.0 105.0 0.0 57.9646
12:18:00 32.0 741.0 nan 57.9 57.96 57.9 57.89 307.0 57.92 28.0 741.0 125.0 616.0 0.0 57.9212
12:19:00 15.0 1119.0 nan 57.93 57.95 57.92 57.94 7.0 57.96 307.0 1119.0 619.0 500.0 0.0 57.9383
12:20:00 32.0 1409.0 nan 57.95 57.96 57.92 57.94 303.0 57.96 319.0 1409.0 501.0 908.0 0.0 57.9355
12:21:00 7.0 304.0 nan 57.94 57.94 57.94 57.91 110.0 57.94 505.0 304.0 0.0 304.0 0.0 57.94
12:22:00 19.0 865.0 nan 57.93 57.93 57.9 57.91 553.0 57.95 306.0 865.0 555.0 310.0 0.0 57.9182
12:23:00 11.0 581.0 nan 57.93 57.95 57.92 57.92 200.0 57.95 32.0 581.0 100.0 481.0 0.0 57.9334
12:24:00 9.0 216.0 nan 57.95 57.95 57.94 57.93 112.0 57.96 75.0 216.0 216.0 0.0 0.0 57.95
12:25:00 27.0 1444.0 nan 57.91 57.93 57.91 57.9 58.0 57.93 556.0 1444.0 0.0 1444.0 0.0 57.9186
12:26:00 17.0 576.0 nan 57.91 57.92 57.89 57.91 303.0 57.93 1.0 576.0 306.0 270.0 0.0 57.9016
12:27:00 23.0 1014.0 nan 57.88 57.91 57.87 57.87 200.0 57.9 200.0 1014.0 308.0 706.0 0.0 57.886
12:28:00 26.0 690.0 nan 57.96 57.975 57.9 57.93 361.0 57.97 151.0 690.0 532.0 158.0 0.0 57.9404
12:29:00 19.0 1343.0 nan 58.0 58.0 57.97 57.98 765.0 58.01 10.0 1343.0 1343.0 0.0 0.0 57.9916
12:30:00 13.0 761.0 nan 58.05 58.05 58.0 58.02 506.0 58.06 451.0 761.0 651.0 110.0 0.0 58.035
12:31:00 30.0 835.0 nan 58.01 58.055 58.01 58.01 286.0 58.06 160.0 835.0 102.0 733.0 0.0 58.026
12:32:00 9.0 169.0 nan 58.07 58.07 58.06 58.04 301.0 58.08 150.0 169.0 169.0 0.0 0.0 58.0634
12:33:00 17.0 416.0 nan 58.06 58.06 58.025 58.04 228.0 58.07 100.0 416.0 54.0 362.0 0.0 58.0423
12:34:00 8.0 329.0 nan 58.1 58.1 58.07 58.08 447.0 58.11 410.0 329.0 329.0 0.0 0.0 58.0782
12:35:00 1.0 14.0 nan 58.11 58.11 58.11 58.09 6.0 58.11 466.0 14.0 14.0 0.0 0.0 58.11
12:36:00 33.0 806.0 nan 58.03 58.09 58.03 58.02 5.0 58.04 60.0 806.0 0.0 806.0 0.0 58.0652
12:37:00 19.0 761.0 nan 58.08 58.08 58.04 58.06 135.0 58.1 306.0 761.0 761.0 0.0 0.0 58.0584
12:38:00 31.0 1186.0 nan 58.11 58.12 58.05 58.08 245.0 58.12 254.0 1186.0 899.0 287.0 0.0 58.0973
12:39:00 4.0 200.0 nan 58.11 58.11 58.11 58.09 192.0 58.13 857.0 200.0 200.0 0.0 0.0 58.11
12:40:00 34.0 851.0 nan 58.12 58.15 58.11 58.11 52.0 58.13 102.0 851.0 494.0 357.0 0.0 58.1298
12:41:00 25.0 508.0 nan 58.07 58.13 58.07 58.02 50.0 58.06 165.0 508.0 3.0 505.0 0.0 58.0819
12:42:00 2.0 5.0 nan 58.06 58.06 58.06 58.04 68.0 58.06 1.0 5.0 5.0 0.0 0.0 58.06
12:43:00 11.0 115.0 nan 58.02 58.06 58.02 57.99 226.0 58.04 655.0 115.0 1.0 114.0 0.0 58.0482
12:44:00 16.0 582.0 nan 58.01 58.01 57.97 57.98 473.0 58.02 200.0 582.0 205.0 377.0 0.0 57.9919
12:45:00 23.0 711.0 nan 58.04 58.06 58.02 58.03 11.0 58.06 129.0 711.0 375.0 336.0 0.0 58.0312
12:46:00 16.0 313.0 nan 58.02 58.03 58.0 58.0 152.0 58.03 72.0 313.0 129.0 184.0 0.0 58.0091
12:47:00 11.0 577.0 nan 58.02 58.03 58.02 58.01 6.0 58.04 303.0 577.0 274.0 303.0 0.0 58.0247
12:48:00 30.0 1077.0 nan 58.0 58.03 57.96 57.97 153.0 58.01 300.0 1077.0 343.0 734.0 0.0 57.994
12:49:00 6.0 249.0 nan 57.98 58.02 57.98 57.98 513.0 58.01 400.0 249.0 245.0 4.0 0.0 58.0113
12:50:00 33.0 1847.0 nan 58.01 58.03 57.98 57.97 550.0 58.02 375.0 1847.0 910.0 937.0 0.0 58.0095
12:51:00 19.0 863.0 nan 57.905 57.98 57.905 57.88 350.0 57.93 1250.0 863.0 1.0 862.0 0.0 57.9425
12:52:00 12.0 633.0 nan 57.9 57.91 57.88 57.89 515.0 57.91 200.0 633.0 333.0 300.0 0.0 57.8989
12:53:00 36.0 1931.0 nan 57.96 57.96 57.91 57.95 355.0 57.99 262.0 1931.0 1527.0 404.0 0.0 57.9295
12:54:00 17.0 408.0 nan 58.03 58.03 57.99 58.01 873.0 58.04 20.0 408.0 258.0 150.0 0.0 58.0128
12:55:00 14.0 270.0 nan 58.02 58.04 58.0 57.99 460.0 58.03 254.0 270.0 116.0 154.0 0.0 58.0103
12:56:00 8.0 500.0 nan 57.975 57.99 57.975 57.95 432.0 58.0 105.0 500.0 100.0 400.0 0.0 57.99
12:57:00 5.0 110.0 nan 57.99 58.0 57.975 57.96 279.0 57.98 275.0 110.0 110.0 0.0 0.0 57.9982
12:58:00 43.0 1645.0 nan 58.02 58.02 57.98 58.0 112.0 58.02 19.0 1645.0 927.0 718.0 0.0 57.9939
12:59:00 21.0 457.0 nan 58.05 58.06 58.01 58.04 425.0 58.05 1.0 457.0 291.0 166.0 0.0 58.0353
13:00:00 21.0 705.0 nan 58.04 58.04 58.02 58.02 263.0 58.05 194.0 705.0 167.0 538.0 0.0 58.0368
13:01:00 24.0 495.0 nan 58.08 58.08 58.05 58.06 261.0 58.08 100.0 495.0 332.0 163.0 0.0 58.0647
13:02:00 20.0 694.0 nan 58.11 58.11 58.08 58.09 499.0 58.12 20.0 694.0 694.0 0.0 0.0 58.1013
13:03:00 51.0 1544.0 nan 58.15 58.17 58.12 58.15 50.0 58.18 300.0 1544.0 632.0 912.0 0.0 58.1512
13:04:00 3.0 304.0 nan 58.14 58.14 58.14 58.13 263.0 58.17 200.0 304.0 100.0 204.0 0.0 58.14
13:05:00 3.0 1.0 nan 58.16 58.16 58.16 58.15 974.0 58.18 100.0 1.0 1.0 0.0 0.0 58.16
13:06:00 14.0 562.0 nan 58.2 58.21 58.18 58.18 278.0 58.22 347.0 562.0 562.0 0.0 0.0 58.1857
13:07:00 17.0 447.0 nan 58.16 58.2 58.15 58.13 172.0 58.17 124.0 447.0 0.0 447.0 0.0 58.158
13:08:00 5.0 326.0 nan 58.19 58.19 58.17 58.18 1771.0 58.22 538.0 326.0 326.0 0.0 0.0 58.1763
13:09:00 9.0 1621.0 nan 58.17 58.2 58.17 58.15 34.0 58.19 547.0 1621.0 0.0 1621.0 0.0 58.18
13:10:00 33.0 1129.0 nan 58.18 58.18 58.14 58.15 90.0 58.18 403.0 1129.0 435.0 694.0 0.0 58.1604
13:11:00 21.0 830.0 nan 58.19 58.2 58.17 58.17 78.0 58.2 469.0 830.0 740.0 90.0 0.0 58.1824
13:12:00 15.0 344.0 nan 58.2 58.205 58.19 58.2 6.0 58.22 469.0 344.0 334.0 10.0 0.0 58.2
13:13:00 9.0 203.0 nan 58.2 58.22 58.2 58.19 331.0 58.21 269.0 203.0 79.0 124.0 0.0 58.213
13:14:00 39.0 1021.0 nan 58.13 58.2 58.13 58.12 8.0 58.15 553.0 1021.0 255.0 766.0 0.0 58.1686
13:15:00 33.0 1065.0 nan 58.17 58.17 58.12 58.14 127.0 58.18 65.0 1065.0 1043.0 22.0 0.0 58.1477
13:16:00 21.0 696.0 nan 58.17 58.18 58.165 58.15 242.0 58.18 100.0 696.0 566.0 130.0 0.0 58.1781
13:17:00 8.0 259.0 nan 58.13 58.15 58.13 58.12 400.0 58.15 488.0 259.0 0.0 259.0 0.0 58.1452
13:18:00 21.0 1011.0 nan 58.11 58.13 58.11 58.1 210.0 58.13 152.0 1011.0 589.0 422.0 0.0 58.1248
13:19:00 26.0 935.0 nan 58.1 58.13 58.08 58.09 110.0 58.11 50.0 935.0 605.0 330.0 0.0 58.1085
13:20:00 12.0 377.0 nan 58.06 58.12 58.06 58.02 156.0 58.05 287.0 377.0 114.0 263.0 0.0 58.0808
13:21:00 10.0 389.0 nan 58.06 58.06 58.05 58.05 560.0 58.08 214.0 389.0 388.0 1.0 0.0 58.0526
13:22:00 12.0 652.0 nan 58.08 58.09 58.06 58.06 229.0 58.09 159.0 652.0 552.0 100.0 0.0 58.0769
13:23:00 2.0 8.0 nan 58.06 58.07 58.06 58.04 11.0 58.07 200.0 8.0 0.0 8.0 0.0 58.0625
13:24:00 13.0 313.0 nan 58.05 58.07 58.04 58.04 399.0 58.06 53.0 313.0 200.0 113.0 0.0 58.062
13:25:00 47.0 1896.0 nan 58.05 58.09 58.04 58.0 57.0 58.04 250.0 1896.0 936.0 960.0 0.0 58.0642
13:26:00 14.0 849.0 nan 58.05 58.05 58.01 58.06 761.0 58.11 200.0 849.0 227.0 622.0 0.0 58.0272
13:27:00 13.0 525.0 nan 58.09 58.12 58.09 58.07 304.0 58.11 101.0 525.0 200.0 325.0 0.0 58.1038
13:28:00 2.0 0.0 nan 58.09 58.09 58.09 58.07 254.0 58.11 101.0 nan 0.0 0.0 0.0 nan
13:29:00 16.0 314.0 nan 58.12 58.12 58.08 58.09 1566.0 58.12 284.0 314.0 290.0 24.0 0.0 58.1104
13:30:00 19.0 532.0 nan 58.1 58.12 58.07 58.07 614.0 58.11 104.0 532.0 201.0 331.0 0.0 58.0918
13:31:00 20.0 888.0 nan 58.18 58.18 58.11 58.17 415.0 58.19 20.0 888.0 888.0 0.0 0.0 58.1319
13:32:00 22.0 673.0 nan 58.2 58.2 58.16 58.19 117.0 58.2 1.0 673.0 358.0 315.0 0.0 58.1762
13:33:00 28.0 536.0 nan 58.21 58.21 58.18 58.18 270.0 58.22 280.0 536.0 110.0 426.0 0.0 58.1935
13:34:00 10.0 356.0 nan 58.23 58.23 58.21 58.22 583.0 58.25 659.0 356.0 356.0 0.0 0.0 58.23
13:35:00 43.0 1698.0 nan 58.26 58.27 58.24 58.24 50.0 58.26 105.0 1698.0 1029.0 669.0 0.0 58.2515
13:36:00 13.0 178.0 nan 58.25 58.26 58.22 58.22 100.0 58.26 361.0 178.0 12.0 166.0 0.0 58.2222
13:37:00 16.0 733.0 nan 58.26 58.26 58.24 58.25 213.0 58.28 402.0 733.0 451.0 282.0 0.0 58.2523
13:38:00 2.0 102.0 nan 58.26 58.26 58.26 58.25 8.0 58.28 326.0 102.0 0.0 102.0 0.0 58.26
13:39:00 20.0 511.0 nan 58.23 58.25 58.23 58.23 217.0 58.25 225.0 511.0 68.0 443.0 0.0 58.2443
13:40:00 20.0 692.0 nan 58.27 58.28 58.23 58.26 210.0 58.28 450.0 692.0 300.0 392.0 0.0 58.2642
13:41:00 38.0 863.0 nan 58.2 58.26 58.2 58.18 350.0 58.22 273.0 863.0 110.0 753.0 0.0 58.2377
13:42:00 3.0 300.0 nan 58.18 58.18 58.18 58.09 28.0 58.16 282.0 300.0 0.0 300.0 0.0 58.18
13:43:00 32.0 583.0 nan 58.15 58.2 58.14 58.15 1.0 58.19 462.0 583.0 526.0 57.0 0.0 58.1633
13:44:00 19.0 615.0 nan 58.17 58.19 58.17 58.15 260.0 58.19 250.0 615.0 216.0 399.0 0.0 58.1811
13:45:00 12.0 464.0 nan 58.14 58.16 58.14 58.13 308.0 58.16 200.0 464.0 0.0 464.0 0.0 58.1456
13:46:00 26.0 585.0 nan 58.17 58.17 58.11 58.16 68.0 58.18 6.0 585.0 417.0 168.0 0.0 58.1571
13:47:00 12.0 494.0 nan 58.15 58.16 58.15 58.15 442.0 58.18 6.0 494.0 0.0 494.0 0.0 58.1555
13:48:00 19.0 553.0 nan 58.22 58.22 58.17 58.2 511.0 58.23 300.0 553.0 455.0 98.0 0.0 58.195
13:49:00 28.0 954.0 nan 58.16 58.2 58.14 58.15 2.0 58.19 251.0 954.0 101.0 853.0 0.0 58.1883
13:50:00 20.0 628.0 nan 58.11 58.15 58.08 58.06 151.0 58.12 200.0 628.0 236.0 392.0 0.0 58.1099
13:51:00 24.0 1086.0 nan 58.11 58.14 58.11 58.08 2.0 58.1 411.0 1086.0 754.0 332.0 0.0 58.1255
13:52:00 36.0 783.0 nan 58.11 58.13 58.08 58.1 368.0 58.13 111.0 783.0 425.0 358.0 0.0 58.1053
13:53:00 59.0 1438.0 nan 58.15 58.15 58.11 58.14 6.0 58.17 562.0 1438.0 755.0 683.0 0.0 58.1337
13:54:00 1.0 6.0 nan 58.14 58.14 58.14 58.13 334.0 58.17 664.0 6.0 0.0 6.0 0.0 58.14
13:55:00 0.0 0.0 nan 58.14 nan nan 58.14 413.0 58.17 565.0 nan 0.0 0.0 0.0 nan
13:56:00 35.0 1258.0 nan 58.145 58.145 58.09 58.12 351.0 58.17 567.0 1258.0 421.0 837.0 0.0 58.1181
13:57:00 27.0 1026.0 nan 58.17 58.17 58.14 58.16 116.0 58.17 3.0 1026.0 523.0 503.0 0.0 58.1664
13:58:00 12.0 332.0 nan 58.14 58.16 58.14 58.12 631.0 58.15 223.0 332.0 0.0 332.0 0.0 58.1505
13:59:00 14.0 502.0 nan 58.12 58.12 58.12 58.1 242.0 58.13 256.0 502.0 0.0 502.0 0.0 58.12
14:00:00 25.0 990.0 nan 58.11 58.11 58.09 58.1 50.0 58.12 2.0 990.0 310.0 680.0 0.0 58.1011
14:01:00 22.0 627.0 nan 58.11 58.13 58.11 58.09 311.0 58.13 50.0 627.0 489.0 138.0 0.0 58.1196
14:02:00 19.0 729.0 nan 58.17 58.17 58.11 58.13 263.0 58.17 604.0 729.0 529.0 200.0 0.0 58.1477
14:03:00 16.0 559.0 nan 58.17 58.19 58.15 58.17 116.0 58.19 10.0 559.0 469.0 90.0 0.0 58.1567
14:04:00 43.0 1616.0 nan 58.17 58.19 58.16 58.17 16.0 58.19 200.0 1616.0 415.0 1201.0 0.0 58.1763
14:05:00 48.0 1682.0 nan 58.17 58.18 58.15 58.17 75.0 58.19 464.0 1682.0 1019.0 663.0 0.0 58.1673
14:06:00 32.0 888.0 nan 58.17 58.2 58.17 58.17 118.0 58.19 151.0 888.0 596.0 292.0 0.0 58.184
14:07:00 28.0 542.0 nan 58.19 58.2 58.19 58.18 187.0 58.2 203.0 542.0 427.0 115.0 0.0 58.198
14:08:00 22.0 745.0 nan 58.16 58.18 58.16 58.15 278.0 58.18 202.0 745.0 103.0 642.0 0.0 58.1691
14:09:00 35.0 568.0 nan 58.2 58.2 58.14 58.18 8.0 58.21 208.0 568.0 235.0 333.0 0.0 58.1849
14:10:00 19.0 370.0 nan 58.15 58.18 58.15 58.14 5.0 58.17 158.0 370.0 0.0 370.0 0.0 58.159
14:11:00 22.0 634.0 nan 58.15 58.16 58.13 58.13 1.0 58.16 7.0 634.0 215.0 419.0 0.0 58.1404
14:12:00 23.0 12.0 nan 58.18 58.18 58.15 58.17 397.0 58.19 229.0 12.0 12.0 0.0 0.0 58.1658
14:13:00 41.0 2520.0 nan 58.23 58.23 58.19 58.22 626.0 58.24 2971.0 2520.0 2420.0 100.0 0.0 58.2049
14:14:00 43.0 1077.0 nan 58.21 58.22 58.2 58.18 11.0 58.22 251.0 1077.0 202.0 875.0 0.0 58.2122
14:15:00 1.0 6.0 nan 58.18 58.18 58.18 58.17 518.0 58.21 410.0 6.0 0.0 6.0 0.0 58.18
14:16:00 29.0 655.0 nan 58.17 58.18 58.17 58.17 1.0 58.19 461.0 655.0 0.0 655.0 0.0 58.1736
14:17:00 28.0 679.0 nan 58.17 58.17 58.15 58.17 206.0 58.19 407.0 679.0 599.0 80.0 0.0 58.1686
14:18:00 30.0 735.0 nan 58.17 58.21 58.17 58.16 420.0 58.18 300.0 735.0 434.0 301.0 0.0 58.1856
14:19:00 9.0 404.0 nan 58.18 58.18 58.17 58.16 467.0 58.19 702.0 404.0 300.0 104.0 0.0 58.1774
14:20:00 22.0 761.0 nan 58.16 58.17 58.15 58.15 524.0 58.17 402.0 761.0 1.0 760.0 0.0 58.1596
14:21:00 84.0 3648.0 nan 58.16 58.19 58.15 58.16 150.0 58.17 100.0 3648.0 1669.0 1979.0 0.0 58.1724
14:22:00 38.0 1022.0 nan 58.1 58.16 58.1 58.08 234.0 58.11 161.0 1022.0 454.0 568.0 0.0 58.1322
14:23:00 20.0 505.0 nan 58.07 58.08 58.05 58.05 408.0 58.07 1.0 505.0 306.0 199.0 0.0 58.0546
14:24:00 22.0 668.0 nan 58.04 58.06 58.03 58.03 185.0 58.06 250.0 668.0 202.0 466.0 0.0 58.0494
14:25:00 23.0 306.0 nan 58.04 58.05 58.01 58.03 222.0 58.06 252.0 306.0 113.0 193.0 0.0 58.0335
14:26:00 14.0 476.0 nan 58.0 58.03 58.0 57.99 525.0 58.01 102.0 476.0 0.0 476.0 0.0 58.0142
14:27:00 39.0 748.0 nan 58.0 58.02 58.0 58.0 2.0 58.02 50.0 748.0 180.0 568.0 0.0 58.009
14:28:00 22.0 712.0 nan 57.97 58.0 57.96 57.95 250.0 57.98 201.0 712.0 60.0 652.0 0.0 57.9804
14:29:00 50.0 1451.0 nan 58.015 58.04 57.965 58.01 243.0 58.04 112.0 1451.0 708.0 743.0 0.0 58.0092
14:30:00 14.0 174.0 nan 58.04 58.05 58.02 58.03 300.0 58.06 157.0 174.0 174.0 0.0 0.0 58.0436
14:31:00 16.0 509.0 nan 58.0 58.03 58.0 57.99 774.0 58.03 258.0 509.0 0.0 509.0 0.0 58.0086
14:32:00 19.0 539.0 nan 57.99 58.03 57.99 57.99 406.0 58.01 112.0 539.0 4.0 535.0 0.0 58.0059
14:33:00 37.0 186.0 nan 58.02 58.03 58.0 58.01 423.0 58.03 455.0 186.0 151.0 35.0 0.0 58.0146
14:34:00 60.0 1992.0 nan 58.0 58.01 57.98 57.99 350.0 58.01 402.0 1992.0 940.0 1052.0 0.0 58.0015
14:35:00 41.0 1123.0 nan 58.0 58.01 57.97 57.99 452.0 58.02 307.0 1123.0 342.0 781.0 0.0 57.981
14:36:00 21.0 328.0 nan 58.02 58.02 58.0 58.01 357.0 58.04 300.0 328.0 307.0 21.0 0.0 58.0194
14:37:00 6.0 16.0 nan 58.03 58.04 58.02 58.01 478.0 58.04 355.0 16.0 4.0 12.0 0.0 58.0231
14:38:00 10.0 238.0 nan 58.01 58.03 58.01 58.01 124.0 58.03 201.0 238.0 11.0 227.0 0.0 58.0111
14:39:00 23.0 604.0 nan 58.0 58.01 57.99 57.98 610.0 58.01 377.0 604.0 201.0 403.0 0.0 58.0016
14:40:00 57.0 1304.0 nan 58.01 58.02 58.0 58.0 308.0 58.02 200.0 1304.0 781.0 523.0 0.0 58.0105
14:41:00 60.0 2105.0 nan 58.04 58.05 58.01 58.03 149.0 58.06 110.0 2105.0 1614.0 491.0 0.0 58.0323
14:42:00 2.0 10.0 nan 58.04 58.06 58.04 58.04 6.0 58.06 114.0 10.0 0.0 10.0 0.0 58.06
14:43:00 40.0 878.0 nan 58.1 58.1 58.06 58.09 315.0 58.11 262.0 878.0 559.0 319.0 0.0 58.0862
14:44:00 19.0 545.0 nan 58.09 58.1 58.07 58.08 263.0 58.11 679.0 545.0 166.0 379.0 0.0 58.089
14:45:00 21.0 736.0 nan 58.12 58.13 58.11 58.11 431.0 58.13 376.0 736.0 584.0 152.0 0.0 58.1149
14:46:00 35.0 926.0 nan 58.11 58.11 58.09 58.1 6.0 58.13 503.0 926.0 317.0 609.0 0.0 58.1091
14:47:00 14.0 589.0 nan 58.1 58.1 58.09 58.08 315.0 58.1 154.0 589.0 65.0 524.0 0.0 58.0912
14:48:00 38.0 1076.0 nan 58.01 58.08 58.01 58.01 17.0 58.04 152.0 1076.0 243.0 833.0 0.0 58.0501
14:49:00 9.0 202.0 nan 58.02 58.04 58.02 58.02 419.0 58.04 110.0 202.0 200.0 2.0 0.0 58.0398
14:50:00 35.0 892.0 nan 58.03 58.05 58.03 58.02 103.0 58.05 308.0 892.0 627.0 265.0 0.0 58.0417
14:51:00 42.0 1586.0 nan 58.07 58.08 58.05 58.05 551.0 58.08 328.0 1586.0 1101.0 485.0 0.0 58.0607
14:52:00 4.0 15.0 nan 58.05 58.07 58.05 58.05 613.0 58.08 345.0 15.0 0.0 15.0 0.0 58.06
14:53:00 46.0 1241.0 nan 57.95 58.08 57.95 57.9 100.0 57.95 50.0 1241.0 13.0 1228.0 0.0 58.011
14:54:00 35.0 1488.0 nan 57.92 57.92 57.84 57.9 370.0 57.92 83.0 1488.0 879.0 609.0 0.0 57.8941
14:55:00 49.0 1659.0 nan 57.88 57.95 57.86 57.88 133.0 57.9 159.0 1659.0 620.0 1039.0 0.0 57.9193
14:56:00 35.0 1078.0 nan 57.9 57.95 57.9 57.88 141.0 57.92 351.0 1078.0 333.0 745.0 0.0 57.9245
14:57:00 20.0 552.0 nan 57.9 57.92 57.89 57.88 374.0 57.92 108.0 552.0 151.0 401.0 0.0 57.9122
14:58:00 34.0 1489.0 nan 57.9 57.94 57.87 57.88 200.0 57.92 750.0 1489.0 571.0 918.0 0.0 57.8959
14:59:00 14.0 877.0 nan 57.89 57.9 57.89 57.87 309.0 57.9 450.0 877.0 200.0 677.0 0.0 57.8923
15:00:00 33.0 1252.0 nan 57.91 57.92 57.85 57.91 484.0 57.93 203.0 1252.0 919.0 333.0 0.0 57.8836
15:01:00 55.0 3019.0 nan 57.9 57.93 57.89 57.9 50.0 57.92 260.0 3019.0 810.0 2209.0 0.0 57.9066
15:02:00 45.0 1382.0 nan 58.0 58.01 57.92 57.99 568.0 58.01 162.0 1382.0 1360.0 22.0 0.0 57.9591
15:03:00 28.0 1295.0 nan 57.97 57.99 57.97 57.97 658.0 57.99 552.0 1295.0 204.0 1091.0 0.0 57.9812
15:04:00 41.0 1050.0 nan 58.05 58.05 57.99 58.03 767.0 58.07 300.0 1050.0 1050.0 0.0 0.0 58.0106
15:05:00 45.0 872.0 nan 57.99 58.03 57.99 57.98 524.0 57.99 24.0 872.0 214.0 658.0 0.0 58.0194
15:06:00 26.0 1011.0 nan 58.0 58.0 57.98 57.98 535.0 58.01 500.0 1011.0 236.0 775.0 0.0 57.9909
15:07:00 61.0 1832.0 nan 58.06 58.07 58.0 58.05 361.0 58.06 4.0 1832.0 1092.0 740.0 0.0 58.0385
15:08:00 18.0 911.0 nan 58.05 58.07 58.04 58.05 269.0 58.08 352.0 911.0 659.0 252.0 0.0 58.0523
15:09:00 28.0 1183.0 nan 58.01 58.06 57.99 57.99 568.0 58.02 251.0 1183.0 300.0 883.0 0.0 58.0116
15:10:00 47.0 1771.0 nan 58.04 58.08 57.99 58.01 250.0 58.06 450.0 1771.0 987.0 784.0 0.0 58.0212
15:11:00 22.0 1096.0 nan 58.02 58.06 58.02 58.02 82.0 58.06 351.0 1096.0 314.0 782.0 0.0 58.0441
15:12:00 31.0 1426.0 nan 57.98 58.04 57.95 57.99 100.0 58.01 200.0 1426.0 514.0 912.0 0.0 57.9811
15:13:00 52.0 1622.0 nan 57.98 58.01 57.97 57.96 4.0 58.0 450.0 1622.0 529.0 1093.0 0.0 57.9917
15:14:00 10.0 562.0 nan 58.0 58.0 57.97 57.97 652.0 58.01 314.0 562.0 359.0 203.0 0.0 57.9832
15:15:00 58.0 2154.0 nan 57.96 57.98 57.93 57.96 668.0 58.0 350.0 2154.0 1106.0 1048.0 0.0 57.9528
15:16:00 19.0 621.0 nan 57.93 58.0 57.92 57.92 465.0 57.94 301.0 621.0 104.0 517.0 0.0 57.973
15:17:00 32.0 1340.0 nan 57.95 57.95 57.92 57.93 475.0 57.96 479.0 1340.0 661.0 679.0 0.0 57.933
15:18:00 64.0 2111.0 nan 57.99 58.0 57.96 57.98 24.0 58.0 22.0 2111.0 901.0 1210.0 0.0 57.9869
15:19:00 15.0 183.0 nan 57.99 57.99 57.97 57.95 853.0 57.99 446.0 183.0 151.0 32.0 0.0 57.988
15:20:00 53.0 1117.0 nan 58.0 58.02 57.98 57.99 319.0 58.02 352.0 1117.0 557.0 560.0 0.0 57.9964
15:21:00 49.0 1431.0 nan 57.92 57.99 57.91 57.91 29.0 57.94 250.0 1431.0 108.0 1323.0 0.0 57.9682
15:22:00 34.0 826.0 nan 58.01 58.01 57.94 58.02 303.0 58.04 221.0 826.0 826.0 0.0 0.0 57.9753
15:23:00 33.0 572.0 nan 58.03 58.04 58.0 58.02 260.0 58.04 229.0 572.0 196.0 376.0 0.0 58.0213
15:24:00 36.0 1082.0 nan 58.02 58.02 57.98 57.99 405.0 58.02 152.0 1082.0 434.0 648.0 0.0 58.0003
15:25:00 44.0 1318.0 nan 57.99 58.0 57.99 57.99 100.0 58.01 611.0 1318.0 304.0 1014.0 0.0 57.9917
15:26:00 46.0 1556.0 nan 57.97 58.03 57.97 57.96 201.0 57.97 126.0 1556.0 727.0 829.0 0.0 58.0046
15:27:00 27.0 717.0 nan 58.02 58.025 57.97 58.01 135.0 58.03 227.0 717.0 717.0 0.0 0.0 57.9863
15:28:00 70.0 1941.0 nan 58.01 58.02 57.95 58.0 101.0 58.02 650.0 1941.0 599.0 1342.0 0.0 57.9859
15:29:00 29.0 1122.0 nan 58.01 58.01 57.99 58.01 172.0 58.02 328.0 1122.0 526.0 596.0 0.0 57.9974
15:30:00 48.0 1538.0 nan 58.08 58.1 58.02 58.07 32.0 58.09 250.0 1538.0 678.0 860.0 0.0 58.052
15:31:00 97.0 3592.0 nan 58.04 58.1 58.04 58.04 59.0 58.07 168.0 3592.0 963.0 2629.0 0.0 58.0765
15:32:00 39.0 857.0 nan 58.02 58.07 58.02 58.0 4.0 58.03 150.0 857.0 441.0 416.0 0.0 58.0367
15:33:00 25.0 761.0 nan 58.04 58.04 58.02 58.03 401.0 58.05 421.0 761.0 469.0 292.0 0.0 58.0304
15:34:00 53.0 1619.0 nan 58.03 58.04 58.0 58.01 564.0 58.03 110.0 1619.0 726.0 893.0 0.0 58.0242
15:35:00 63.0 2237.0 nan 58.02 58.08 58.01 58.01 100.0 58.03 239.0 2237.0 1091.0 1146.0 0.0 58.0511
15:36:00 58.0 2161.0 nan 58.02 58.04 58.0 58.01 146.0 58.02 243.0 2161.0 1120.0 1041.0 0.0 58.0179
15:37:00 52.0 1893.0 nan 58.03 58.06 57.99 58.02 300.0 58.04 200.0 1893.0 768.0 1125.0 0.0 58.0201
15:38:00 41.0 1046.0 nan 58.05 58.07 58.02 58.04 470.0 58.08 200.0 1046.0 629.0 417.0 0.0 58.0363
15:39:00 42.0 1296.0 nan 58.05 58.08 58.05 58.04 100.0 58.06 554.0 1296.0 425.0 871.0 0.0 58.0669
15:40:00 58.0 2292.0 nan 57.99 58.07 57.99 57.98 872.0 58.0 352.0 2292.0 843.0 1449.0 0.0 58.0493
15:41:00 109.0 4820.0 nan 58.03 58.03 57.96 58.03 220.0 58.06 318.0 4820.0 2620.0 2200.0 0.0 57.9894
15:42:00 40.0 1733.0 nan 58.02 58.07 58.02 58.0 201.0 58.03 417.0 1733.0 146.0 1587.0 0.0 58.046
15:43:00 130.0 6842.0 nan 58.01 58.04 57.98 57.99 501.0 58.01 29.0 6842.0 2590.0 4252.0 0.0 57.9948
15:44:00 63.0 4094.0 nan 58.01 58.04 57.99 57.99 1370.0 58.01 290.0 4094.0 664.0 3430.0 0.0 57.996
15:45:00 63.0 3137.0 nan 58.0 58.025 57.99 58.0 10.0 58.02 281.0 3137.0 937.0 2200.0 0.0 57.9975
15:46:00 67.0 2597.0 nan 58.03 58.05 58.0 58.02 250.0 58.04 191.0 2597.0 1525.0 1072.0 0.0 58.0214
15:47:00 69.0 2821.0 nan 58.04 58.06 57.98 58.02 160.0 58.06 482.0 2821.0 1180.0 1641.0 0.0 58.0257
15:48:00 37.0 924.0 nan 57.98 58.05 57.98 57.97 575.0 57.99 348.0 924.0 299.0 625.0 0.0 58.0017
15:49:00 68.0 1823.0 nan 57.98 57.99 57.95 57.96 310.0 57.98 307.0 1823.0 862.0 961.0 0.0 57.9724
15:50:00 65.0 2339.0 nan 57.97 57.99 57.95 57.95 366.0 57.97 197.0 2339.0 1191.0 1148.0 0.0 57.9685
15:51:00 122.0 7118.0 nan 57.97 58.04 57.92 57.97 313.0 58.0 450.0 7118.0 5786.0 1332.0 0.0 57.98
15:52:00 80.0 3128.0 nan 58.0 58.0 57.93 58.0 349.0 58.02 300.0 3128.0 1586.0 1542.0 0.0 57.9605
15:53:00 57.0 2399.0 nan 58.0 58.02 57.99 57.99 310.0 58.01 504.0 2399.0 781.0 1618.0 0.0 58.0009
15:54:00 62.0 2628.0 nan 57.95 58.01 57.945 57.94 109.0 57.95 395.0 2628.0 1075.0 1553.0 0.0 57.9912
15:55:00 141.0 5178.0 nan 57.93 57.95 57.9 57.91 300.0 57.94 560.0 5178.0 3223.0 1955.0 0.0 57.9306
15:56:00 105.0 4136.0 nan 57.81 57.91 57.785 57.8 273.0 57.82 379.0 4136.0 1670.0 2466.0 0.0 57.8337
15:57:00 94.0 3935.0 nan 57.79 57.82 57.79 57.78 402.0 57.79 196.0 3935.0 1945.0 1990.0 0.0 57.8011
15:58:00 156.0 7477.0 nan 57.72 57.795 57.72 57.71 1806.0 57.73 161.0 7477.0 4039.0 3438.0 0.0 57.7464
15:59:00 179.0 9812.0 nan 57.71 57.73 57.695 57.7 162.0 57.71 100.0 9812.0 3494.0 6318.0 0.0 57.7113
16:00:00 299.0 13215.0 nan 57.79 57.82 57.71 57.8 500.0 57.81 3729.0 13215.0 8080.0 5135.0 0.0 57.78
16:01:00 2.0 0.0 nan 57.79 57.79 57.79 57.79 1881.0 57.81 3729.0 nan 0.0 0.0 0.0 nan
16:02:00 0.0 0.0 nan 57.79 nan nan 57.79 1881.0 57.81 3729.0 nan 0.0 0.0 0.0 nan
16:03:00 0.0 0.0 nan 57.79 nan nan 57.79 1881.0 57.81 3729.0 nan 0.0 0.0 0.0 nan
16:04:00 0.0 0.0 nan 57.79 nan nan 57.79 1881.0 57.81 3729.0 nan 0.0 0.0 0.0 nan
16:05:00 0.0 0.0 nan 57.79 nan nan 57.79 1881.0 57.81 3729.0 nan 0.0 0.0 0.0 nan
16:06:00 0.0 0.0 nan 57.79 nan nan 57.79 1881.0 57.81 3729.0 nan 0.0 0.0 0.0 nan
16:07:00 0.0 0.0 nan 57.79 nan nan 57.79 1881.0 57.81 3729.0 nan 0.0 0.0 0.0 nan
16:08:00 0.0 0.0 nan 57.79 nan nan 57.79 1881.0 57.81 3729.0 nan 0.0 0.0 0.0 nan
16:09:00 0.0 0.0 nan 57.79 nan nan 57.79 1881.0 57.81 3729.0 nan 0.0 0.0 0.0 nan
16:10:00 0.0 0.0 nan 57.79 nan nan 57.79 1881.0 57.81 3729.0 nan 0.0 0.0 0.0 nan
16:11:00 0.0 0.0 nan 57.79 nan nan 57.79 1881.0 57.81 3729.0 nan 0.0 0.0 0.0 nan
16:12:00 0.0 0.0 nan 57.79 nan nan 57.79 1881.0 57.81 3729.0 nan 0.0 0.0 0.0 nan
16:13:00 0.0 0.0 nan 57.79 nan nan 57.79 1881.0 57.81 3729.0 nan 0.0 0.0 0.0 nan
16:14:00 0.0 0.0 nan 57.79 nan nan 57.79 1881.0 57.81 3729.0 nan 0.0 0.0 0.0 nan
16:15:00 1.0 0.0 nan 57.37 57.37 57.37 57.79 1881.0 57.81 3729.0 nan 0.0 0.0 0.0 nan
16:16:00 0.0 0.0 nan 57.37 nan nan 57.79 1881.0 57.81 3729.0 nan 0.0 0.0 0.0 nan
16:17:00 0.0 0.0 nan 57.37 nan nan 57.79 1881.0 57.81 3729.0 nan 0.0 0.0 0.0 nan
16:18:00 0.0 0.0 nan 57.37 nan nan 57.79 1881.0 57.81 3729.0 nan 0.0 0.0 0.0 nan
16:19:00 0.0 0.0 nan 57.37 nan nan 57.79 1881.0 57.81 3729.0 nan 0.0 0.0 0.0 nan
16:20:00 0.0 0.0 nan 57.37 nan nan 57.79 1881.0 57.81 3729.0 nan 0.0 0.0 0.0 nan
16:21:00 0.0 0.0 nan 57.37 nan nan 57.79 1881.0 57.81 3729.0 nan 0.0 0.0 0.0 nan
16:22:00 0.0 0.0 nan 57.37 nan nan 57.79 1881.0 57.81 3729.0 nan 0.0 0.0 0.0 nan
16:23:00 0.0 0.0 nan 57.37 nan nan 57.79 1881.0 57.81 3729.0 nan 0.0 0.0 0.0 nan
16:24:00 0.0 0.0 nan 57.37 nan nan 57.79 1881.0 57.81 3729.0 nan 0.0 0.0 0.0 nan
16:25:00 0.0 0.0 nan 57.37 nan nan 57.79 1881.0 57.81 3729.0 nan 0.0 0.0 0.0 nan
16:26:00 0.0 0.0 nan 57.37 nan nan 57.79 1881.0 57.81 3729.0 nan 0.0 0.0 0.0 nan
16:27:00 0.0 0.0 nan 57.37 nan nan 57.79 1881.0 57.81 3729.0 nan 0.0 0.0 0.0 nan
16:28:00 0.0 0.0 nan 57.37 nan nan 57.79 1881.0 57.81 3729.0 nan 0.0 0.0 0.0 nan
16:29:00 0.0 0.0 nan 57.37 nan nan 57.79 1881.0 57.81 3729.0 nan 0.0 0.0 0.0 nan
16:30:00 0.0 0.0 nan 57.37 nan nan 57.79 1881.0 57.81 3729.0 nan 0.0 0.0 0.0 nan
16:31:00 0.0 0.0 nan 57.37 nan nan 57.79 1881.0 57.81 3729.0 nan 0.0 0.0 0.0 nan
16:32:00 1.0 69.0 nan 57.4 57.4 57.4 57.79 1881.0 57.81 3729.0 69.0 69.0 0.0 0.0 57.4
16:33:00 0.0 0.0 nan 57.4 nan nan 57.79 1881.0 57.81 3729.0 nan 0.0 0.0 0.0 nan
16:34:00 0.0 0.0 nan 57.4 nan nan 57.79 1881.0 57.81 3729.0 nan 0.0 0.0 0.0 nan
16:35:00 0.0 0.0 nan 57.4 nan nan 57.79 1881.0 57.81 3729.0 nan 0.0 0.0 0.0 nan
16:36:00 0.0 0.0 nan 57.4 nan nan 57.79 1881.0 57.81 3729.0 nan 0.0 0.0 0.0 nan
16:37:00 0.0 0.0 nan 57.4 nan nan 57.79 1881.0 57.81 3729.0 nan 0.0 0.0 0.0 nan
16:38:00 0.0 0.0 nan 57.4 nan nan 57.79 1881.0 57.81 3729.0 nan 0.0 0.0 0.0 nan
16:39:00 0.0 0.0 nan 57.4 nan nan 57.79 1881.0 57.81 3729.0 nan 0.0 0.0 0.0 nan
16:40:00 0.0 0.0 nan 57.4 nan nan 57.79 1881.0 57.81 3729.0 nan 0.0 0.0 0.0 nan
16:41:00 0.0 0.0 nan 57.4 nan nan 57.79 1881.0 57.81 3729.0 nan 0.0 0.0 0.0 nan
16:42:00 0.0 0.0 nan 57.4 nan nan 57.79 1881.0 57.81 3729.0 nan 0.0 0.0 0.0 nan
16:43:00 0.0 0.0 nan 57.4 nan nan 57.79 1881.0 57.81 3729.0 nan 0.0 0.0 0.0 nan
16:44:00 0.0 0.0 nan 57.4 nan nan 57.79 1881.0 57.81 3729.0 nan 0.0 0.0 0.0 nan
16:45:00 0.0 0.0 nan 57.4 nan nan 57.79 1881.0 57.81 3729.0 nan 0.0 0.0 0.0 nan
16:46:00 0.0 0.0 nan 57.4 nan nan 57.79 1881.0 57.81 3729.0 nan 0.0 0.0 0.0 nan
16:47:00 0.0 0.0 nan 57.4 nan nan 57.79 1881.0 57.81 3729.0 nan 0.0 0.0 0.0 nan
16:48:00 0.0 0.0 nan 57.4 nan nan 57.79 1881.0 57.81 3729.0 nan 0.0 0.0 0.0 nan
16:49:00 0.0 0.0 nan 57.4 nan nan 57.79 1881.0 57.81 3729.0 nan 0.0 0.0 0.0 nan
16:50:00 0.0 0.0 nan 57.4 nan nan 57.79 1881.0 57.81 3729.0 nan 0.0 0.0 0.0 nan
16:51:00 0.0 0.0 nan 57.4 nan nan 57.79 1881.0 57.79 91.0 nan 0.0 0.0 0.0 nan
16:52:00 0.0 0.0 nan 57.4 nan nan 57.79 1881.0 57.79 91.0 nan 0.0 0.0 0.0 nan
16:53:00 0.0 0.0 nan 57.4 nan nan 57.79 1881.0 57.81 3729.0 nan 0.0 0.0 0.0 nan
16:54:00 0.0 0.0 nan 57.4 nan nan 57.79 1881.0 57.81 3729.0 nan 0.0 0.0 0.0 nan
16:55:00 0.0 0.0 nan 57.4 nan nan 57.79 1881.0 57.81 3729.0 nan 0.0 0.0 0.0 nan
16:56:00 0.0 0.0 nan 57.4 nan nan 57.79 1881.0 57.81 3729.0 nan 0.0 0.0 0.0 nan
16:57:00 0.0 0.0 nan 57.4 nan nan 57.79 1881.0 57.81 3729.0 nan 0.0 0.0 0.0 nan
16:58:00 0.0 0.0 nan 57.4 nan nan 57.79 1881.0 57.81 3729.0 nan 0.0 0.0 0.0 nan
16:59:00 0.0 0.0 nan 57.4 nan nan 57.79 1881.0 57.81 3729.0 nan 0.0 0.0 0.0 nan
17:00:00 0.0 0.0 nan 57.4 nan nan 57.79 1881.0 57.81 3729.0 nan 0.0 0.0 0.0 nan
