time trade_count trade_volume trade_first trade_last trade_high trade_low bid_price bid_size ask_price ask_size hid_vol buy_vol sell_vol unsided_vol vwap
09:00:00 nan 0.0 nan nan nan nan 65.0 3.0 68.0 43.0 nan 0.0 0.0 0.0 nan
09:01:00 0.0 0.0 nan nan nan nan 65.0 3.0 68.0 43.0 nan 0.0 0.0 0.0 nan
09:02:00 0.0 0.0 nan nan nan nan 65.0 3.0 68.0 43.0 nan 0.0 0.0 0.0 nan
09:03:00 0.0 0.0 nan nan nan nan 65.0 3.0 65.48 1.0 nan 0.0 0.0 0.0 nan
09:04:00 0.0 0.0 nan nan nan nan 65.0 3.0 65.48 1.0 nan 0.0 0.0 0.0 nan
09:05:00 0.0 0.0 nan nan nan nan 65.0 3.0 65.48 1.0 nan 0.0 0.0 0.0 nan
09:06:00 0.0 0.0 nan nan nan nan 65.0 3.0 65.48 1.0 nan 0.0 0.0 0.0 nan
09:07:00 0.0 0.0 nan nan nan nan 65.0 3.0 65.48 1.0 nan 0.0 0.0 0.0 nan
09:08:00 0.0 0.0 nan nan nan nan 65.0 3.0 65.48 1.0 nan 0.0 0.0 0.0 nan
09:09:00 0.0 0.0 nan nan nan nan 65.0 3.0 65.48 1.0 nan 0.0 0.0 0.0 nan
09:10:00 0.0 0.0 nan nan nan nan 65.0 3.0 65.48 1.0 nan 0.0 0.0 0.0 nan
09:11:00 0.0 0.0 nan nan nan nan 65.0 3.0 65.48 1.0 nan 0.0 0.0 0.0 nan
09:12:00 0.0 0.0 nan nan nan nan 65.0 3.0 65.48 1.0 nan 0.0 0.0 0.0 nan
09:13:00 0.0 0.0 nan nan nan nan 65.0 3.0 65.48 1.0 nan 0.0 0.0 0.0 nan
09:14:00 2.0 3.0 nan 65.0 65.0 65.0 64.85 50.0 67.92 100.0 3.0 0.0 3.0 0.0 65.0
09:15:00 0.0 0.0 nan 65.0 nan nan 64.85 50.0 67.91 20.0 nan 0.0 0.0 0.0 nan
09:16:00 0.0 0.0 nan 65.0 nan nan 64.85 50.0 67.91 20.0 nan 0.0 0.0 0.0 nan
09:17:00 0.0 0.0 nan 65.0 nan nan 64.85 50.0 67.91 20.0 nan 0.0 0.0 0.0 nan
09:18:00 0.0 0.0 nan 65.0 nan nan 64.85 50.0 67.91 20.0 nan 0.0 0.0 0.0 nan
09:19:00 0.0 0.0 nan 65.0 nan nan 64.85 50.0 67.91 20.0 nan 0.0 0.0 0.0 nan
09:20:00 3.0 50.0 nan 64.53 64.86 64.53 64.5 213.0 67.78 100.0 50.0 0.0 50.0 0.0 64.85
09:21:00 0.0 0.0 nan 64.53 nan nan 64.65 113.0 65.6 20.0 nan 0.0 0.0 0.0 nan
09:22:00 0.0 0.0 nan 64.53 nan nan 64.66 9.0 65.6 20.0 nan 0.0 0.0 0.0 nan
09:23:00 0.0 0.0 nan 64.53 nan nan 64.66 9.0 65.6 20.0 nan 0.0 0.0 0.0 nan
09:24:00 0.0 0.0 nan 64.53 nan nan 64.66 9.0 65.6 20.0 nan 0.0 0.0 0.0 nan
09:25:00 0.0 0.0 nan 64.53 nan nan 64.66 9.0 65.6 20.0 nan 0.0 0.0 0.0 nan
09:26:00 0.0 0.0 nan 64.53 nan nan 64.65 113.0 65.3 118.0 nan 0.0 0.0 0.0 nan
09:27:00 0.0 0.0 nan 64.53 nan nan 64.67 319.0 65.3 118.0 nan 0.0 0.0 0.0 nan
09:28:00 0.0 0.0 nan 64.53 nan nan 64.67 319.0 65.3 218.0 nan 0.0 0.0 0.0 nan
09:29:00 0.0 0.0 nan 64.53 nan nan 64.67 300.0 65.3 218.0 nan 0.0 0.0 0.0 nan
09:30:00 3.0 100.0 nan 64.9 64.93 64.9 64.5 200.0 65.28 200.0 100.0 0.0 100.0 0.0 64.9
09:31:00 36.0 1508.0 nan 64.76 64.98 64.65 64.76 1.0 64.9 4.0 1508.0 794.0 714.0 0.0 64.7104
09:32:00 0.0 0.0 nan 64.76 nan nan 64.63 104.0 64.88 102.0 nan 0.0 0.0 0.0 nan
09:33:00 3.0 1.0 nan 64.63 64.84 64.63 64.63 10.0 64.85 177.0 1.0 0.0 1.0 0.0 64.63
09:34:00 18.0 1438.0 nan 65.2 65.2 64.73 65.03 200.0 65.25 125.0 1438.0 1438.0 0.0 0.0 64.9739
09:35:00 2.0 200.0 nan 65.16 65.2 65.16 64.93 100.0 65.23 200.0 200.0 100.0 100.0 0.0 65.18
09:36:00 1.0 0.0 nan 65.0 65.0 65.0 64.93 527.0 65.23 410.0 nan 0.0 0.0 0.0 nan
09:37:00 7.0 545.0 nan 64.81 64.93 64.81 64.63 15.0 64.92 137.0 545.0 0.0 545.0 0.0 64.9057
09:38:00 8.0 217.0 nan 64.93 64.93 64.92 64.63 15.0 64.94 50.0 217.0 217.0 0.0 0.0 64.93
09:39:00 0.0 0.0 nan 64.93 nan nan 64.7 25.0 64.94 50.0 nan 0.0 0.0 0.0 nan
09:40:00 0.0 0.0 nan 64.93 nan nan 64.76 501.0 64.94 111.0 nan 0.0 0.0 0.0 nan
09:41:00 6.0 0.0 nan 64.92 64.92 64.77 64.76 300.0 64.93 110.0 nan 0.0 0.0 0.0 nan
09:42:00 9.0 352.0 nan 64.76 64.85 64.7 64.63 10.0 64.76 113.0 352.0 0.0 352.0 0.0 64.7389
09:43:00 56.0 1332.0 nan 64.72 64.78 64.63 64.66 296.0 64.77 7.0 1332.0 1331.0 1.0 0.0 64.779
09:44:00 11.0 325.0 nan 64.6 64.66 64.6 64.5 1330.0 64.67 101.0 325.0 0.0 325.0 0.0 64.6558
09:45:00 23.0 1331.0 nan 64.64 64.64 64.4 64.46 100.0 64.64 1.0 1331.0 0.0 1331.0 0.0 64.5
09:46:00 17.0 327.0 nan 64.52 64.63 64.37 64.47 25.0 64.6 36.0 327.0 63.0 264.0 0.0 64.4113
09:47:00 48.0 1375.0 nan 64.86 64.86 64.59 64.71 290.0 64.92 156.0 1375.0 1267.0 108.0 0.0 64.7901
09:48:00 12.0 200.0 nan 64.93 64.95 64.855 64.91 288.0 64.98 1.0 200.0 200.0 0.0 0.0 64.9308
09:49:00 62.0 938.0 nan 65.21 65.215 64.91 65.19 200.0 65.24 18.0 938.0 496.0 442.0 0.0 64.998
09:50:00 59.0 1995.0 nan 65.25 65.29 64.98 65.0 19.0 65.25 3.0 1995.0 261.0 1734.0 0.0 65.2257
09:51:00 52.0 269.0 nan 65.29 65.39 65.0 65.03 300.0 65.3 1500.0 269.0 243.0 26.0 0.0 65.2952
09:52:00 6.0 403.0 nan 64.87 65.13 64.87 64.7 501.0 64.99 443.0 403.0 0.0 403.0 0.0 65.0145
09:53:00 1.0 0.0 nan 64.73 64.73 64.73 64.72 13.0 64.99 343.0 nan 0.0 0.0 0.0 nan
09:54:00 3.0 39.0 nan 64.68 64.81 64.68 64.64 4.0 64.83 8.0 39.0 33.0 6.0 0.0 64.7715
09:55:00 2.0 44.0 nan 64.71 64.71 64.705 64.64 4.0 64.78 25.0 44.0 0.0 44.0 0.0 64.71
09:56:00 3.0 4.0 nan 64.63 64.64 64.54 64.57 400.0 64.72 9.0 4.0 0.0 4.0 0.0 64.64
09:57:00 0.0 0.0 nan 64.63 nan nan 64.58 86.0 64.65 8.0 nan 0.0 0.0 0.0 nan
09:58:00 45.0 1034.0 nan 64.77 64.77 64.6 64.72 490.0 64.81 100.0 1034.0 1034.0 0.0 0.0 64.7303
09:59:00 8.0 176.0 nan 64.9 64.9 64.81 64.81 300.0 64.99 25.0 176.0 175.0 1.0 0.0 64.8251
10:00:00 35.0 820.0 nan 64.89 64.9 64.78 64.76 25.0 64.99 25.0 820.0 545.0 275.0 0.0 64.8335
10:01:00 3.0 0.0 nan 64.85 64.91 64.85 64.77 10.0 64.94 447.0 nan 0.0 0.0 0.0 nan
10:02:00 13.0 721.0 nan 64.65 64.77 64.65 64.47 861.0 64.69 322.0 721.0 0.0 721.0 0.0 64.7444
10:03:00 1.0 0.0 nan 64.66 64.66 64.66 64.52 25.0 64.67 422.0 nan 0.0 0.0 0.0 nan
10:04:00 19.0 327.0 nan 64.81 64.81 64.585 64.58 200.0 64.86 34.0 327.0 327.0 0.0 0.0 64.6767
10:05:00 9.0 2.0 nan 64.72 64.78 64.59 64.61 200.0 64.83 100.0 2.0 0.0 2.0 0.0 64.71
10:06:00 5.0 150.0 nan 64.72 64.72 64.64 64.67 35.0 64.85 11.0 150.0 150.0 0.0 0.0 64.64
10:07:00 3.0 0.0 nan 64.75 64.78 64.75 64.75 110.0 64.88 26.0 nan 0.0 0.0 0.0 nan
10:08:00 11.0 423.0 nan 64.61 64.75 64.61 64.57 25.0 64.74 12.0 423.0 0.0 423.0 0.0 64.7011
10:09:00 0.0 0.0 nan 64.61 nan nan 64.57 26.0 64.82 495.0 nan 0.0 0.0 0.0 nan
10:10:00 2.0 9.0 nan 64.57 64.57 64.52 64.52 75.0 64.71 1.0 9.0 9.0 0.0 0.0 64.52
10:11:00 5.0 106.0 nan 64.51 64.61 64.51 64.46 25.0 64.62 907.0 106.0 0.0 106.0 0.0 64.5109
10:12:00 1.0 0.0 nan 64.545 64.545 64.545 64.47 643.0 64.62 978.0 nan 0.0 0.0 0.0 nan
10:13:00 27.0 3570.0 nan 64.395 64.48 64.35 64.34 235.0 64.46 251.0 3570.0 0.0 3570.0 0.0 64.3989
10:14:00 12.0 17.0 nan 64.38 64.46 64.34 64.35 237.0 64.46 364.0 17.0 15.0 2.0 0.0 64.4424
10:15:00 50.0 971.0 nan 64.45 64.46 64.35 64.47 100.0 64.52 4.0 971.0 630.0 341.0 0.0 64.4228
10:16:00 24.0 864.0 nan 64.56 64.6 64.52 64.53 42.0 64.61 211.0 864.0 253.0 611.0 0.0 64.569
10:17:00 14.0 443.0 nan 64.445 64.545 64.445 64.42 25.0 64.53 214.0 443.0 0.0 443.0 0.0 64.4893
10:18:00 16.0 12.0 nan 64.5 64.5 64.43 64.44 301.0 64.54 2.0 12.0 12.0 0.0 0.0 64.5
10:19:00 24.0 611.0 nan 64.43 64.57 64.43 64.35 25.0 64.44 219.0 611.0 309.0 302.0 0.0 64.5007
10:20:00 17.0 346.0 nan 64.44 64.44 64.33 64.39 105.0 64.52 636.0 346.0 229.0 117.0 0.0 64.406
10:21:00 0.0 0.0 nan 64.44 nan nan 64.33 207.0 64.5 300.0 nan 0.0 0.0 0.0 nan
10:22:00 1.0 2.0 nan 64.41 64.41 64.41 64.3 46.0 64.44 425.0 2.0 0.0 2.0 0.0 64.41
10:23:00 29.0 1132.0 nan 64.22 64.3 64.21 64.15 87.0 64.29 11.0 1132.0 0.0 1132.0 0.0 64.2499
10:24:00 47.0 1312.0 nan 64.39 64.39 64.29 64.33 234.0 64.39 100.0 1312.0 1087.0 225.0 0.0 64.3537
10:25:00 31.0 1447.0 nan 64.55 64.55 64.32 64.47 200.0 64.6 1.0 1447.0 1113.0 334.0 0.0 64.4459
10:26:00 2.0 32.0 nan 64.63 64.63 64.6 64.52 635.0 64.68 1.0 32.0 32.0 0.0 0.0 64.6291
10:27:00 12.0 235.0 nan 64.76 64.83 64.68 64.77 10.0 64.86 65.0 235.0 234.0 1.0 0.0 64.7922
10:28:00 2.0 66.0 nan 64.91 64.91 64.86 64.88 11.0 65.02 206.0 66.0 65.0 1.0 0.0 64.8608
10:29:00 11.0 84.0 nan 64.95 65.0 64.95 64.87 319.0 65.03 150.0 84.0 69.0 15.0 0.0 64.9911
10:30:00 14.0 529.0 nan 64.83 64.96 64.8 64.74 33.0 64.93 78.0 529.0 0.0 529.0 0.0 64.841
10:31:00 12.0 186.0 nan 64.845 64.89 64.84 64.81 1.0 64.91 124.0 186.0 186.0 0.0 0.0 64.8804
10:32:00 21.0 580.0 nan 64.96 65.01 64.85 64.9 302.0 65.03 151.0 580.0 425.0 155.0 0.0 64.9341
10:33:00 8.0 302.0 nan 64.9 64.9 64.89 64.88 58.0 64.97 2.0 302.0 200.0 102.0 0.0 64.8975
10:34:00 13.0 459.0 nan 65.02 65.03 64.97 64.95 479.0 65.07 107.0 459.0 259.0 200.0 0.0 65.0076
10:35:00 8.0 135.0 nan 65.1 65.1 65.07 65.03 669.0 65.16 1.0 135.0 134.0 1.0 0.0 65.0743
10:36:00 5.0 113.0 nan 65.15 65.18 65.15 65.1 720.0 65.19 1.0 113.0 112.0 1.0 0.0 65.1503
10:37:00 23.0 982.0 nan 65.22 65.22 65.1 65.17 103.0 65.26 27.0 982.0 262.0 720.0 0.0 65.1204
10:38:00 1.0 2.0 nan 65.26 65.26 65.26 65.18 246.0 65.27 1.0 2.0 2.0 0.0 0.0 65.26
10:39:00 9.0 336.0 nan 65.2 65.2 65.18 65.12 25.0 65.23 302.0 336.0 0.0 336.0 0.0 65.1854
10:40:00 16.0 746.0 nan 65.1 65.24 65.1 65.09 15.0 65.23 126.0 746.0 104.0 642.0 0.0 65.1283
10:41:00 5.0 210.0 nan 65.2 65.2 65.07 65.1 325.0 65.28 1005.0 210.0 0.0 210.0 0.0 65.1319
10:42:00 32.0 1660.0 nan 65.02 65.13 65.02 64.99 25.0 65.08 90.0 1660.0 101.0 1559.0 0.0 65.1077
10:43:00 45.0 1372.0 nan 65.16 65.18 64.99 65.02 336.0 65.2 25.0 1372.0 868.0 504.0 0.0 65.1288
10:44:00 1.0 0.0 nan 65.19 65.19 65.19 65.04 602.0 65.2 4.0 nan 0.0 0.0 0.0 nan
10:45:00 1.0 0.0 nan 65.13 65.13 65.13 65.05 347.0 65.2 4.0 nan 0.0 0.0 0.0 nan
10:46:00 19.0 467.0 nan 65.02 65.14 65.01 65.01 200.0 65.13 210.0 467.0 0.0 467.0 0.0 65.0467
10:47:00 17.0 396.0 nan 65.09 65.13 64.99 65.05 100.0 65.13 25.0 396.0 211.0 185.0 0.0 65.0682
10:48:00 22.0 552.0 nan 65.16 65.23 65.15 65.1 25.0 65.24 200.0 552.0 146.0 406.0 0.0 65.1598
10:49:00 7.0 355.0 nan 65.24 65.24 65.22 65.18 25.0 65.25 4.0 355.0 355.0 0.0 0.0 65.2344
10:50:00 2.0 4.0 nan 65.2 65.25 65.2 65.19 406.0 65.28 344.0 4.0 4.0 0.0 0.0 65.25
10:51:00 31.0 1018.0 nan 65.41 65.41 65.235 65.36 100.0 65.44 4.0 1018.0 910.0 108.0 0.0 65.3311
10:52:00 7.0 532.0 nan 65.41 65.42 65.33 65.32 413.0 65.46 319.0 532.0 101.0 431.0 0.0 65.3714
10:53:00 5.0 119.0 nan 65.41 65.46 65.35 65.38 253.0 65.48 63.0 119.0 119.0 0.0 0.0 65.46
10:54:00 23.0 773.0 nan 65.31 65.44 65.31 65.28 100.0 65.36 10.0 773.0 100.0 673.0 0.0 65.3234
10:55:00 8.0 106.0 nan 65.31 65.31 65.28 65.26 139.0 65.36 226.0 106.0 0.0 106.0 0.0 65.2814
10:56:00 30.0 976.0 nan 65.34 65.34 65.26 65.31 1.0 65.37 4.0 976.0 337.0 639.0 0.0 65.2833
10:57:00 6.0 41.0 nan 65.36 65.39 65.36 65.31 25.0 65.43 8.0 41.0 41.0 0.0 0.0 65.388
10:58:00 5.0 101.0 nan 65.38 65.38 65.38 65.28 64.0 65.43 8.0 101.0 0.0 101.0 0.0 65.38
10:59:00 47.0 1492.0 nan 65.18 65.31 65.17 65.05 387.0 65.22 29.0 1492.0 200.0 1292.0 0.0 65.1981
11:00:00 16.0 256.0 nan 65.29 65.29 65.23 65.24 70.0 65.34 100.0 256.0 256.0 0.0 0.0 65.256
11:01:00 6.0 200.0 nan 65.29 65.36 65.29 65.24 93.0 65.37 585.0 200.0 103.0 97.0 0.0 65.317
11:02:00 13.0 143.0 nan 65.25 65.33 65.25 65.16 25.0 65.31 32.0 143.0 5.0 138.0 0.0 65.2541
11:03:00 18.0 632.0 nan 65.29 65.29 65.2 65.16 339.0 65.31 282.0 632.0 200.0 432.0 0.0 65.2195
11:04:00 16.0 715.0 nan 65.37 65.37 65.32 65.3 154.0 65.48 63.0 715.0 715.0 0.0 0.0 65.3582
11:05:00 17.0 314.0 nan 65.38 65.47 65.38 65.34 1.0 65.39 257.0 314.0 0.0 314.0 0.0 65.3936
11:06:00 10.0 268.0 nan 65.32 65.46 65.32 65.31 529.0 65.48 63.0 268.0 267.0 1.0 0.0 65.3836
11:07:00 14.0 125.0 nan 65.54 65.58 65.48 65.44 4.0 65.62 27.0 125.0 122.0 3.0 0.0 65.496
11:08:00 3.0 1.0 nan 65.57 65.57 65.53 65.48 13.0 65.61 36.0 1.0 0.0 1.0 0.0 65.57
11:09:00 22.0 141.0 nan 65.57 65.61 65.55 65.54 25.0 65.66 39.0 141.0 49.0 92.0 0.0 65.5791
11:10:00 9.0 353.0 nan 65.52 65.62 65.51 65.48 8.0 65.6 18.0 353.0 111.0 242.0 0.0 65.5229
11:11:00 21.0 168.0 nan 65.4 65.48 65.4 65.34 9.0 65.47 431.0 168.0 0.0 168.0 0.0 65.439
11:12:00 37.0 816.0 nan 65.405 65.43 65.32 65.35 106.0 65.46 150.0 816.0 582.0 234.0 0.0 65.3499
11:13:00 12.0 18.0 nan 65.365 65.365 65.34 65.29 104.0 65.44 149.0 18.0 0.0 18.0 0.0 65.35
11:14:00 0.0 0.0 nan 65.365 nan nan 65.36 131.0 65.44 49.0 nan 0.0 0.0 0.0 nan
11:15:00 8.0 286.0 nan 65.28 65.36 65.28 65.24 11.0 65.35 4.0 286.0 0.0 286.0 0.0 65.3216
11:16:00 10.0 237.0 nan 65.32 65.35 65.32 65.25 100.0 65.35 4.0 237.0 4.0 233.0 0.0 65.3299
11:17:00 35.0 708.0 nan 65.32 65.32 65.26 65.23 8.0 65.37 100.0 708.0 493.0 215.0 0.0 65.2961
11:18:00 8.0 139.0 nan 65.35 65.38 65.35 65.32 223.0 65.43 100.0 139.0 139.0 0.0 0.0 65.3699
11:19:00 2.0 0.0 nan 65.42 65.42 65.42 65.34 25.0 65.43 201.0 nan 0.0 0.0 0.0 nan
11:20:00 2.0 0.0 nan 65.37 65.37 65.37 65.37 2.0 65.43 202.0 nan 0.0 0.0 0.0 nan
11:21:00 15.0 130.0 nan 65.32 65.37 65.32 65.26 275.0 65.42 41.0 130.0 0.0 130.0 0.0 65.3301
11:22:00 20.0 399.0 nan 65.5 65.51 65.42 65.48 1.0 65.55 200.0 399.0 374.0 25.0 0.0 65.4634
11:23:00 10.0 1.0 nan 65.48 65.54 65.48 65.47 423.0 65.55 101.0 1.0 0.0 1.0 0.0 65.48
11:24:00 7.0 349.0 nan 65.64 65.64 65.55 65.56 653.0 65.7 1.0 349.0 349.0 0.0 0.0 65.576
11:25:00 27.0 378.0 nan 65.56 65.695 65.56 65.56 79.0 65.64 319.0 378.0 0.0 378.0 0.0 65.6016
11:26:00 13.0 274.0 nan 65.43 65.52 65.43 65.44 325.0 65.56 180.0 274.0 27.0 247.0 0.0 65.4993
11:27:00 2.0 3.0 nan 65.5 65.54 65.5 65.48 517.0 65.56 79.0 3.0 0.0 3.0 0.0 65.5
11:28:00 17.0 441.0 nan 65.48 65.49 65.48 65.46 25.0 65.56 181.0 441.0 0.0 441.0 0.0 65.48
11:29:00 7.0 116.0 nan 65.6 65.6 65.56 65.5 365.0 65.6 200.0 116.0 116.0 0.0 0.0 65.5718
11:30:00 9.0 201.0 nan 65.63 65.64 65.59 65.54 86.0 65.6 101.0 201.0 201.0 0.0 0.0 65.6001
11:31:00 17.0 566.0 nan 65.48 65.55 65.48 65.46 28.0 65.58 81.0 566.0 100.0 466.0 0.0 65.5056
11:32:00 32.0 609.0 nan 65.27 65.51 65.27 65.18 75.0 65.36 10.0 609.0 1.0 608.0 0.0 65.4186
11:33:00 16.0 502.0 nan 65.39 65.42 65.3 65.33 590.0 65.49 250.0 502.0 501.0 1.0 0.0 65.3815
11:34:00 1.0 0.0 nan 65.455 65.455 65.455 65.4 4.0 65.49 50.0 nan 0.0 0.0 0.0 nan
11:35:00 4.0 25.0 nan 65.46 65.47 65.46 65.39 36.0 65.49 50.0 25.0 0.0 25.0 0.0 65.46
11:36:00 24.0 566.0 nan 65.4 65.49 65.39 65.33 246.0 65.54 25.0 566.0 253.0 313.0 0.0 65.4078
11:37:00 2.0 8.0 nan 65.37 65.38 65.37 65.34 37.0 65.49 25.0 8.0 0.0 8.0 0.0 65.38
11:38:00 45.0 1624.0 nan 65.26 65.41 65.2 65.21 90.0 65.3 100.0 1624.0 732.0 892.0 0.0 65.257
11:39:00 12.0 213.0 nan 65.19 65.25 65.19 65.13 10.0 65.26 25.0 213.0 0.0 213.0 0.0 65.2042
11:40:00 27.0 644.0 nan 65.07 65.16 65.06 65.07 38.0 65.18 1.0 644.0 0.0 644.0 0.0 65.0988
11:41:00 3.0 0.0 nan 65.145 65.155 65.145 65.08 363.0 65.18 14.0 nan 0.0 0.0 0.0 nan
11:42:00 7.0 15.0 nan 65.155 65.18 65.15 65.1 27.0 65.23 356.0 15.0 14.0 1.0 0.0 65.178
11:43:00 16.0 34.0 nan 65.17 65.23 65.17 65.13 12.0 65.22 223.0 34.0 16.0 18.0 0.0 65.1991
11:44:00 27.0 777.0 nan 65.21 65.26 65.15 65.15 200.0 65.28 25.0 777.0 124.0 653.0 0.0 65.1946
11:45:00 2.0 0.0 nan 65.25 65.26 65.25 65.16 4.0 65.26 8.0 nan 0.0 0.0 0.0 nan
11:46:00 11.0 21.0 nan 65.135 65.16 65.11 65.08 10.0 65.19 8.0 21.0 2.0 19.0 0.0 65.1486
11:47:00 7.0 8.0 nan 65.125 65.14 65.12 65.07 102.0 65.14 4.0 8.0 4.0 4.0 0.0 65.13
11:48:00 30.0 412.0 nan 64.925 65.07 64.925 64.88 34.0 64.99 230.0 412.0 108.0 304.0 0.0 65.027
11:49:00 16.0 326.0 nan 64.93 64.93 64.86 64.87 301.0 64.99 2.0 326.0 318.0 8.0 0.0 64.9186
11:50:00 13.0 148.0 nan 65.02 65.03 64.965 64.99 231.0 65.07 3.0 148.0 143.0 5.0 0.0 65.0241
11:51:00 2.0 3.0 nan 65.045 65.07 65.045 65.04 24.0 65.1 301.0 3.0 3.0 0.0 0.0 65.07
11:52:00 42.0 1077.0 nan 65.08 65.13 65.025 65.04 1.0 65.11 219.0 1077.0 628.0 449.0 0.0 65.086
11:53:00 19.0 259.0 nan 65.05 65.05 65.005 65.01 2.0 65.14 101.0 259.0 136.0 123.0 0.0 65.0361
11:54:00 23.0 474.0 nan 64.95 65.02 64.95 64.94 24.0 64.99 226.0 474.0 0.0 474.0 0.0 64.9837
11:55:00 4.0 104.0 nan 64.95 64.99 64.95 64.94 24.0 65.03 305.0 104.0 101.0 3.0 0.0 64.9888
11:56:00 7.0 206.0 nan 65.04 65.04 65.03 64.99 252.0 65.07 7.0 206.0 206.0 0.0 0.0 65.03
11:57:00 8.0 40.0 nan 65.03 65.07 65.03 65.03 460.0 65.11 301.0 40.0 7.0 33.0 0.0 65.0375
11:58:00 21.0 549.0 nan 65.1 65.16 65.1 65.04 84.0 65.2 78.0 549.0 312.0 237.0 0.0 65.1069
11:59:00 13.0 323.0 nan 65.07 65.07 65.03 64.99 32.0 65.14 100.0 323.0 0.0 323.0 0.0 65.0306
12:00:00 2.0 1.0 nan 65.08 65.09 65.08 65.03 35.0 65.15 426.0 1.0 0.0 1.0 0.0 65.09
12:01:00 23.0 1188.0 nan 65.055 65.06 65.01 65.0 501.0 65.11 402.0 1188.0 865.0 323.0 0.0 65.031
12:02:00 9.0 303.0 nan 65.22 65.22 65.11 65.19 8.0 65.28 425.0 303.0 303.0 0.0 0.0 65.1103
12:03:00 15.0 459.0 nan 65.18 65.19 65.18 65.14 16.0 65.31 376.0 459.0 128.0 331.0 0.0 65.1802
12:04:00 17.0 25.0 nan 65.13 65.17 65.11 65.1 5.0 65.21 101.0 25.0 0.0 25.0 0.0 65.1292
12:05:00 21.0 429.0 nan 65.22 65.26 65.135 65.17 5.0 65.27 301.0 429.0 203.0 226.0 0.0 65.2178
12:06:00 4.0 0.0 nan 65.215 65.215 65.21 65.17 18.0 65.27 301.0 nan 0.0 0.0 0.0 nan
12:07:00 23.0 675.0 nan 65.26 65.29 65.26 65.22 10.0 65.3 100.0 675.0 607.0 68.0 0.0 65.2746
12:08:00 22.0 537.0 nan 65.215 65.255 65.15 65.14 343.0 65.24 19.0 537.0 0.0 537.0 0.0 65.1707
12:09:00 3.0 28.0 nan 65.16 65.24 65.16 65.14 150.0 65.21 202.0 28.0 19.0 9.0 0.0 65.2143
12:10:00 62.0 1641.0 nan 65.15 65.17 65.1 65.1 123.0 65.19 125.0 1641.0 529.0 1112.0 0.0 65.1374
12:11:00 48.0 682.0 nan 65.05 65.145 65.03 65.02 1.0 65.12 210.0 682.0 0.0 682.0 0.0 65.0489
12:12:00 45.0 1240.0 nan 65.14 65.16 65.07 65.02 230.0 65.13 343.0 1240.0 934.0 306.0 0.0 65.0975
12:13:00 32.0 459.0 nan 64.92 65.075 64.9 64.85 5.0 64.95 734.0 459.0 0.0 459.0 0.0 64.9831
12:14:00 2.0 0.0 nan 64.865 64.89 64.865 64.85 5.0 64.94 301.0 nan 0.0 0.0 0.0 nan
12:15:00 64.0 1333.0 nan 64.93 64.93 64.8 64.86 220.0 64.94 101.0 1333.0 1031.0 302.0 0.0 64.8623
12:16:00 9.0 123.0 nan 64.98 64.98 64.94 64.9 214.0 64.98 138.0 123.0 123.0 0.0 0.0 64.9463
12:17:00 24.0 1528.0 nan 64.99 65.01 64.98 64.93 43.0 65.0 100.0 1528.0 1528.0 0.0 0.0 64.9991
12:18:00 39.0 792.0 nan 64.8 64.95 64.8 64.79 1.0 64.87 339.0 792.0 100.0 692.0 0.0 64.8974
12:19:00 22.0 641.0 nan 64.88 64.88 64.75 64.82 282.0 64.94 4.0 641.0 537.0 104.0 0.0 64.8324
12:20:00 18.0 598.0 nan 64.865 64.89 64.85 64.8 125.0 64.87 62.0 598.0 20.0 578.0 0.0 64.8704
12:21:00 16.0 188.0 nan 64.81 64.87 64.76 64.76 25.0 64.82 223.0 188.0 51.0 137.0 0.0 64.8256
12:22:00 0.0 0.0 nan 64.81 nan nan 64.76 25.0 64.82 130.0 nan 0.0 0.0 0.0 nan
12:23:00 27.0 452.0 nan 64.91 64.92 64.82 64.89 433.0 65.03 239.0 452.0 391.0 61.0 0.0 64.8765
12:24:00 14.0 556.0 nan 64.94 64.94 64.89 64.88 301.0 64.99 134.0 556.0 223.0 333.0 0.0 64.9078
12:25:00 2.0 1.0 nan 64.975 64.98 64.975 64.93 75.0 65.05 100.0 1.0 1.0 0.0 0.0 64.98
12:26:00 11.0 271.0 nan 65.105 65.105 65.05 65.03 223.0 65.12 35.0 271.0 271.0 0.0 0.0 65.06
12:27:00 22.0 327.0 nan 65.07 65.09 65.02 64.99 1.0 65.07 351.0 327.0 2.0 325.0 0.0 65.034
12:28:00 327.0 12477.0 nan 65.19 65.34 65.025 65.18 2.0 65.24 162.0 12477.0 7081.0 5396.0 0.0 65.2035
12:29:00 7.0 162.0 nan 65.2 65.24 65.2 65.19 25.0 65.27 103.0 162.0 162.0 0.0 0.0 65.24
12:30:00 6.0 154.0 nan 65.19 65.27 65.19 65.19 139.0 65.31 525.0 154.0 103.0 51.0 0.0 65.2443
12:31:00 20.0 193.0 nan 65.11 65.19 65.11 65.1 1.0 65.2 180.0 193.0 0.0 193.0 0.0 65.1746
12:32:00 12.0 356.0 nan 65.21 65.22 65.145 65.13 339.0 65.26 75.0 356.0 356.0 0.0 0.0 65.2084
12:33:00 4.0 2.0 nan 65.28 65.28 65.25 65.19 3.0 65.29 638.0 2.0 0.0 2.0 0.0 65.25
12:34:00 21.0 579.0 nan 65.31 65.35 65.25 65.27 370.0 65.39 733.0 579.0 578.0 1.0 0.0 65.2827
12:35:00 25.0 688.0 nan 65.31 65.31 65.24 65.24 5.0 65.36 348.0 688.0 102.0 586.0 0.0 65.2562
12:36:00 77.0 3249.0 nan 65.43 65.6 65.37 65.41 2.0 65.43 100.0 3249.0 2793.0 456.0 0.0 65.5021
12:37:00 47.0 1446.0 nan 65.25 65.41 65.21 65.2 1.0 65.31 440.0 1446.0 300.0 1146.0 0.0 65.3238
12:38:00 6.0 3.0 nan 65.23 65.23 65.2 65.16 347.0 65.31 533.0 3.0 0.0 3.0 0.0 65.2
12:39:00 15.0 441.0 nan 65.34 65.35 65.235 65.29 344.0 65.38 248.0 441.0 415.0 26.0 0.0 65.3118
12:40:00 32.0 852.0 nan 65.41 65.425 65.38 65.27 29.0 65.38 232.0 852.0 427.0 425.0 0.0 65.3829
12:41:00 7.0 219.0 nan 65.34 65.38 65.34 65.28 556.0 65.44 400.0 219.0 209.0 10.0 0.0 65.3782
12:42:00 5.0 60.0 nan 65.34 65.38 65.33 65.33 417.0 65.44 338.0 60.0 0.0 60.0 0.0 65.33
12:43:00 47.0 1123.0 nan 65.33 65.42 65.32 65.32 3.0 65.37 46.0 1123.0 302.0 821.0 0.0 65.3566
12:44:00 39.0 1156.0 nan 65.25 65.32 65.23 65.21 1.0 65.32 100.0 1156.0 716.0 440.0 0.0 65.28
12:45:00 16.0 269.0 nan 65.14 65.255 65.14 65.1 328.0 65.22 305.0 269.0 0.0 269.0 0.0 65.1917
12:46:00 8.0 308.0 nan 65.23 65.23 65.17 65.12 504.0 65.23 97.0 308.0 308.0 0.0 0.0 65.2201
12:47:00 31.0 657.0 nan 65.1 65.27 65.1 65.1 1.0 65.24 302.0 657.0 221.0 436.0 0.0 65.2043
12:48:00 8.0 107.0 nan 65.2 65.2 65.2 65.1 25.0 65.21 100.0 107.0 107.0 0.0 0.0 65.2
12:49:00 27.0 503.0 nan 65.07 65.21 65.07 65.03 25.0 65.15 310.0 503.0 183.0 320.0 0.0 65.1364
12:50:00 17.0 141.0 nan 64.98 65.06 64.98 64.95 24.0 65.04 512.0 141.0 0.0 141.0 0.0 64.9907
12:51:00 11.0 147.0 nan 65.04 65.04 64.95 64.96 744.0 65.07 7.0 147.0 123.0 24.0 0.0 65.0231
12:52:00 6.0 104.0 nan 64.96 64.96 64.96 64.9 38.0 65.03 25.0 104.0 0.0 104.0 0.0 64.96
12:53:00 5.0 102.0 nan 65.0 65.04 65.0 64.93 35.0 65.07 100.0 102.0 102.0 0.0 0.0 65.04
12:54:00 14.0 207.0 nan 65.09 65.09 65.02 65.0 14.0 65.1 3.0 207.0 207.0 0.0 0.0 65.0703
12:55:00 33.0 854.0 nan 64.98 65.05 64.95 64.98 25.0 65.0 3.0 854.0 442.0 412.0 0.0 64.9771
12:56:00 12.0 0.0 nan 64.965 64.965 64.965 64.92 45.0 65.02 421.0 nan 0.0 0.0 0.0 nan
12:57:00 6.0 50.0 nan 64.975 65.01 64.965 64.93 648.0 65.02 321.0 50.0 50.0 0.0 0.0 65.001
12:58:00 51.0 955.0 nan 65.07 65.13 65.0 65.03 542.0 65.13 242.0 955.0 530.0 425.0 0.0 65.0497
12:59:00 15.0 391.0 nan 65.26 65.26 65.13 65.17 3.0 65.26 107.0 391.0 391.0 0.0 0.0 65.1309
13:00:00 36.0 662.0 nan 65.11 65.2 65.11 65.08 25.0 65.16 21.0 662.0 151.0 511.0 0.0 65.1477
13:01:00 2.0 20.0 nan 65.16 65.16 65.135 65.09 382.0 65.25 154.0 20.0 20.0 0.0 0.0 65.16
13:02:00 2.0 12.0 nan 65.25 65.25 65.25 65.15 322.0 65.2 1.0 12.0 12.0 0.0 0.0 65.25
13:03:00 88.0 2510.0 nan 65.16 65.23 65.09 65.14 25.0 65.19 5.0 2510.0 1581.0 929.0 0.0 65.174
13:04:00 4.0 25.0 nan 65.136 65.16 65.13 65.12 33.0 65.17 107.0 25.0 0.0 25.0 0.0 65.13
13:05:00 20.0 133.0 nan 65.115 65.15 65.115 65.11 1.0 65.16 150.0 133.0 0.0 133.0 0.0 65.12
13:06:00 17.0 506.0 nan 65.24 65.24 65.16 65.2 10.0 65.26 101.0 506.0 506.0 0.0 0.0 65.1903
13:07:00 3.0 101.0 nan 65.26 65.26 65.26 65.2 122.0 65.29 377.0 101.0 101.0 0.0 0.0 65.26
13:08:00 18.0 354.0 nan 65.26 65.28 65.21 65.23 25.0 65.27 100.0 354.0 332.0 22.0 0.0 65.2683
13:09:00 16.0 651.0 nan 65.2 65.3 65.2 65.15 353.0 65.24 478.0 651.0 276.0 375.0 0.0 65.2578
13:10:00 10.0 110.0 nan 65.16 65.2 65.14 65.15 247.0 65.22 318.0 110.0 100.0 10.0 0.0 65.1588
13:11:00 37.0 1443.0 nan 65.29 65.3 65.22 65.27 223.0 65.32 3.0 1443.0 1218.0 225.0 0.0 65.2629
13:12:00 10.0 35.0 nan 65.37 65.37 65.32 65.31 220.0 65.37 100.0 35.0 33.0 2.0 0.0 65.3571
13:13:00 53.0 2378.0 nan 65.31 65.36 65.27 65.26 402.0 65.35 445.0 2378.0 1375.0 1003.0 0.0 65.3097
13:14:00 67.0 1932.0 nan 65.16 65.3 65.16 65.16 98.0 65.22 135.0 1932.0 525.0 1407.0 0.0 65.2147
13:15:00 7.0 104.0 nan 65.16 65.17 65.16 65.15 1.0 65.2 40.0 104.0 0.0 104.0 0.0 65.1605
13:16:00 25.0 859.0 nan 65.19 65.24 65.15 65.17 171.0 65.23 121.0 859.0 826.0 33.0 0.0 65.1941
13:17:00 35.0 384.0 nan 65.14 65.2 65.09 65.08 1.0 65.14 316.0 384.0 0.0 384.0 0.0 65.1577
13:18:00 7.0 45.0 nan 65.1 65.1 65.07 65.06 1.0 65.15 26.0 45.0 15.0 30.0 0.0 65.0802
13:19:00 25.0 161.0 nan 65.01 65.11 65.01 65.0 21.0 65.05 28.0 161.0 30.0 131.0 0.0 65.0265
13:20:00 13.0 102.0 nan 64.98 65.01 64.98 64.92 26.0 65.02 240.0 102.0 0.0 102.0 0.0 64.9885
13:21:00 17.0 409.0 nan 64.96 65.02 64.95 64.94 1.0 65.01 302.0 409.0 50.0 359.0 0.0 64.9598
13:22:00 30.0 364.0 nan 64.81 64.94 64.81 64.79 1.0 64.89 178.0 364.0 0.0 364.0 0.0 64.8687
13:23:00 1.0 1.0 nan 64.82 64.82 64.82 64.8 25.0 64.86 274.0 1.0 1.0 0.0 0.0 64.82
13:24:00 38.0 1006.0 nan 64.85 64.86 64.83 64.79 3.0 64.9 408.0 1006.0 496.0 510.0 0.0 64.8468
13:25:00 4.0 73.0 nan 64.81 64.855 64.81 64.81 18.0 64.9 303.0 73.0 0.0 73.0 0.0 64.81
13:26:00 35.0 779.0 nan 64.82 64.82 64.74 64.81 601.0 64.84 129.0 779.0 437.0 342.0 0.0 64.8051
13:27:00 24.0 832.0 nan 64.84 64.84 64.81 64.78 243.0 64.87 1.0 832.0 129.0 703.0 0.0 64.8147
13:28:00 19.0 474.0 nan 64.92 64.93 64.86 64.89 1.0 64.94 150.0 474.0 474.0 0.0 0.0 64.8982
13:29:00 10.0 318.0 nan 64.91 64.96 64.88 64.89 6.0 64.95 20.0 318.0 153.0 165.0 0.0 64.901
13:30:00 20.0 193.0 nan 64.9 64.9 64.82 64.86 30.0 64.93 20.0 193.0 10.0 183.0 0.0 64.8498
13:31:00 31.0 664.0 nan 64.92 64.96 64.83 64.89 644.0 64.98 430.0 664.0 323.0 341.0 0.0 64.8578
13:32:00 23.0 927.0 nan 64.77 64.89 64.77 64.76 2.0 64.81 452.0 927.0 35.0 892.0 0.0 64.8529
13:33:00 34.0 1090.0 nan 64.81 64.81 64.7 64.78 127.0 64.87 1.0 1090.0 639.0 451.0 0.0 64.7458
13:34:00 56.0 1762.0 nan 64.76 64.835 64.72 64.73 38.0 64.79 20.0 1762.0 683.0 1079.0 0.0 64.7617
13:35:00 7.0 82.0 nan 64.84 64.84 64.79 64.8 43.0 64.89 37.0 82.0 82.0 0.0 0.0 64.8184
13:36:00 16.0 477.0 nan 64.72 64.8 64.72 64.69 5.0 64.76 308.0 477.0 0.0 477.0 0.0 64.7705
13:37:00 49.0 1086.0 nan 64.79 64.89 64.76 64.76 3.0 64.84 146.0 1086.0 639.0 447.0 0.0 64.7913
13:38:00 9.0 20.0 nan 64.8 64.84 64.8 64.77 9.0 64.86 122.0 20.0 20.0 0.0 0.0 64.84
13:39:00 29.0 3024.0 nan 64.94 64.95 64.8 64.9 337.0 65.0 20.0 3024.0 2694.0 330.0 0.0 64.9019
13:40:00 58.0 2332.0 nan 64.83 64.9 64.77 64.78 205.0 64.85 4.0 2332.0 948.0 1384.0 0.0 64.8217
13:41:00 68.0 1691.0 nan 64.79 64.87 64.72 64.77 28.0 64.83 1.0 1691.0 347.0 1344.0 0.0 64.769
13:42:00 75.0 2801.0 nan 64.78 64.86 64.73 64.81 121.0 64.89 201.0 2801.0 1346.0 1455.0 0.0 64.8047
13:43:00 118.0 4223.0 nan 64.73 64.87 64.71 64.72 75.0 64.8 561.0 4223.0 1193.0 3030.0 0.0 64.7971
13:44:00 19.0 656.0 nan 64.86 64.87 64.79 64.8 1348.0 64.87 25.0 656.0 656.0 0.0 0.0 64.8037
13:45:00 53.0 6036.0 nan 64.78 64.93 64.78 64.82 3.0 64.93 245.0 6036.0 5283.0 753.0 0.0 64.8946
13:46:00 52.0 1372.0 nan 64.725 64.88 64.67 64.69 7.0 64.75 25.0 1372.0 307.0 1065.0 0.0 64.7626
13:47:00 37.0 673.0 nan 64.685 64.785 64.685 64.65 47.0 64.76 100.0 673.0 628.0 45.0 0.0 64.7564
13:48:00 15.0 236.0 nan 64.62 64.685 64.62 64.63 104.0 64.7 526.0 236.0 0.0 236.0 0.0 64.6336
13:49:00 31.0 819.0 nan 64.56 64.63 64.56 64.55 1.0 64.6 111.0 819.0 200.0 619.0 0.0 64.5782
13:50:00 25.0 792.0 nan 64.61 64.67 64.6 64.6 228.0 64.7 100.0 792.0 792.0 0.0 0.0 64.6192
13:51:00 12.0 426.0 nan 64.67 64.7 64.67 64.69 6.0 64.79 30.0 426.0 103.0 323.0 0.0 64.6979
13:52:00 32.0 286.0 nan 64.64 64.69 64.59 64.57 406.0 64.64 298.0 286.0 99.0 187.0 0.0 64.6533
13:53:00 36.0 985.0 nan 64.67 64.67 64.56 64.66 100.0 64.7 325.0 985.0 601.0 384.0 0.0 64.5851
13:54:00 11.0 117.0 nan 64.62 64.68 64.62 64.6 165.0 64.68 200.0 117.0 0.0 117.0 0.0 64.6247
13:55:00 14.0 225.0 nan 64.7 64.74 64.68 64.67 7.0 64.75 430.0 225.0 225.0 0.0 0.0 64.6867
13:56:00 28.0 767.0 nan 64.66 64.7 64.65 64.59 10.0 64.66 290.0 767.0 200.0 567.0 0.0 64.6772
13:57:00 10.0 217.0 nan 64.66 64.66 64.65 64.61 148.0 64.74 100.0 217.0 217.0 0.0 0.0 64.6591
13:58:00 63.0 5071.0 nan 64.68 64.74 64.63 64.66 9.0 64.7 60.0 5071.0 4218.0 853.0 0.0 64.6944
13:59:00 78.0 1450.0 nan 64.41 64.7 64.41 64.4 51.0 64.5 597.0 1450.0 0.0 1450.0 0.0 64.5389
14:00:00 40.0 1395.0 nan 64.52 64.55 64.41 64.48 25.0 64.56 141.0 1395.0 1196.0 199.0 0.0 64.5289
14:01:00 7.0 116.0 nan 64.56 64.6 64.54 64.53 486.0 64.64 202.0 116.0 116.0 0.0 0.0 64.5945
14:02:00 9.0 574.0 nan 64.55 64.55 64.55 64.5 9.0 64.61 532.0 574.0 0.0 574.0 0.0 64.55
14:03:00 20.0 212.0 nan 64.64 64.64 64.545 64.57 178.0 64.64 1.0 212.0 212.0 0.0 0.0 64.6051
14:04:00 60.0 5103.0 nan 64.52 64.65 64.52 64.52 94.0 64.67 25.0 5103.0 4386.0 717.0 0.0 64.6435
14:05:00 0.0 0.0 nan 64.52 nan nan 64.61 2.0 64.68 112.0 nan 0.0 0.0 0.0 nan
14:06:00 31.0 874.0 nan 64.67 64.68 64.61 64.61 38.0 64.73 200.0 874.0 243.0 631.0 0.0 64.6472
14:07:00 23.0 2023.0 nan 64.64 64.73 64.64 64.64 125.0 64.7 20.0 2023.0 1466.0 557.0 0.0 64.6643
14:08:00 133.0 4017.0 nan 64.4 64.65 64.4 64.42 191.0 64.54 108.0 4017.0 376.0 3641.0 0.0 64.5007
14:09:00 12.0 417.0 nan 64.53 64.54 64.51 64.45 15.0 64.55 25.0 417.0 417.0 0.0 0.0 64.5271
14:10:00 9.0 217.0 nan 64.52 64.54 64.44 64.47 7.0 64.55 25.0 217.0 15.0 202.0 0.0 64.4497
14:11:00 30.0 898.0 nan 64.57 64.6 64.55 64.55 51.0 64.57 59.0 898.0 374.0 524.0 0.0 64.5708
14:12:00 26.0 868.0 nan 64.54 64.62 64.54 64.53 7.0 64.63 329.0 868.0 142.0 726.0 0.0 64.5495
14:13:00 2.0 107.0 nan 64.53 64.54 64.53 64.52 25.0 64.62 202.0 107.0 100.0 7.0 0.0 64.5393
14:14:00 78.0 7020.0 nan 64.54 64.65 64.51 64.53 400.0 64.62 1.0 7020.0 5203.0 1817.0 0.0 64.6358
14:15:00 85.0 2796.0 nan 64.5 64.57 64.43 64.44 96.0 64.51 200.0 2796.0 780.0 2016.0 0.0 64.5306
14:16:00 49.0 1408.0 nan 64.64 64.67 64.5 64.6 319.0 64.67 25.0 1408.0 1103.0 305.0 0.0 64.5905
14:17:00 29.0 1174.0 nan 64.5 64.6 64.5 64.49 527.0 64.58 25.0 1174.0 100.0 1074.0 0.0 64.5652
14:18:00 2.0 1.0 nan 64.52 64.52 64.51 64.52 25.0 64.58 123.0 1.0 0.0 1.0 0.0 64.51
14:19:00 33.0 631.0 nan 64.49 64.56 64.49 64.49 2.0 64.55 148.0 631.0 0.0 631.0 0.0 64.5214
14:20:00 5.0 2.0 nan 64.52 64.54 64.5 64.49 422.0 64.55 558.0 2.0 2.0 0.0 0.0 64.505
14:21:00 40.0 1440.0 nan 64.54 64.54 64.43 64.51 200.0 64.58 25.0 1440.0 858.0 582.0 0.0 64.4902
14:22:00 1.0 0.0 nan 64.56 64.56 64.56 64.53 25.0 64.61 309.0 nan 0.0 0.0 0.0 nan
14:23:00 16.0 255.0 nan 64.52 64.555 64.52 64.49 490.0 64.57 184.0 255.0 0.0 255.0 0.0 64.52
14:24:00 1.0 0.0 nan 64.51 64.51 64.51 64.53 8.0 64.61 319.0 nan 0.0 0.0 0.0 nan
14:25:00 83.0 8635.0 nan 64.55 64.7 64.55 64.55 175.0 64.65 201.0 8635.0 6316.0 2319.0 0.0 64.6731
14:26:00 116.0 4650.0 nan 64.51 64.58 64.5 64.49 24.0 64.53 142.0 4650.0 1681.0 2969.0 0.0 64.5296
14:27:00 45.0 788.0 nan 64.44 64.57 64.41 64.41 30.0 64.47 30.0 788.0 177.0 611.0 0.0 64.4579
14:28:00 19.0 559.0 nan 64.39 64.41 64.39 64.34 429.0 64.44 25.0 559.0 100.0 459.0 0.0 64.4
14:29:00 9.0 156.0 nan 64.36 64.45 64.35 64.34 33.0 64.41 25.0 156.0 100.0 56.0 0.0 64.4279
14:30:00 9.0 66.0 nan 64.34 64.41 64.34 64.33 526.0 64.38 137.0 66.0 50.0 16.0 0.0 64.3939
14:31:00 21.0 561.0 nan 64.38 64.38 64.32 64.33 75.0 64.38 23.0 561.0 122.0 439.0 0.0 64.332
14:32:00 23.0 863.0 nan 64.35 64.41 64.35 64.33 1.0 64.35 151.0 863.0 574.0 289.0 0.0 64.3855
14:33:00 34.0 634.0 nan 64.32 64.33 64.23 64.22 145.0 64.32 25.0 634.0 0.0 634.0 0.0 64.3061
14:34:00 10.0 149.0 nan 64.33 64.33 64.28 64.28 82.0 64.34 144.0 149.0 145.0 4.0 0.0 64.327
14:35:00 5.0 59.0 nan 64.33 64.34 64.28 64.28 559.0 64.34 420.0 59.0 6.0 53.0 0.0 64.3008
14:36:00 32.0 854.0 nan 64.3 64.33 64.23 64.27 300.0 64.31 102.0 854.0 45.0 809.0 0.0 64.2763
14:37:00 38.0 927.0 nan 64.43 64.43 64.31 64.38 871.0 64.43 268.0 927.0 862.0 65.0 0.0 64.3836
14:38:00 45.0 2249.0 nan 64.35 64.44 64.33 64.31 3.0 64.4 406.0 2249.0 1558.0 691.0 0.0 64.4156
14:39:00 12.0 346.0 nan 64.45 64.45 64.39 64.41 3.0 64.5 225.0 346.0 346.0 0.0 0.0 64.3978
14:40:00 35.0 941.0 nan 64.49 64.49 64.38 64.4 32.0 64.53 40.0 941.0 527.0 414.0 0.0 64.43
14:41:00 13.0 316.0 nan 64.53 64.54 64.5 64.49 448.0 64.59 27.0 316.0 316.0 0.0 0.0 64.5395
14:42:00 21.0 737.0 nan 64.515 64.6 64.515 64.5 10.0 64.56 100.0 737.0 98.0 639.0 0.0 64.5376
14:43:00 89.0 5220.0 nan 64.47 64.53 64.42 64.44 321.0 64.48 1.0 5220.0 3476.0 1744.0 0.0 64.4886
14:44:00 31.0 1130.0 nan 64.43 64.5 64.43 64.42 102.0 64.49 222.0 1130.0 304.0 826.0 0.0 64.4565
14:45:00 7.0 4.0 nan 64.41 64.46 64.41 64.41 90.0 64.47 174.0 4.0 0.0 4.0 0.0 64.415
14:46:00 43.0 3555.0 nan 64.44 64.5 64.44 64.43 18.0 64.49 40.0 3555.0 3040.0 515.0 0.0 64.4866
14:47:00 50.0 2849.0 nan 64.46 64.51 64.4 64.46 351.0 64.52 301.0 2849.0 2276.0 573.0 0.0 64.4808
14:48:00 44.0 1853.0 nan 64.5 64.5 64.43 64.44 420.0 64.5 465.0 1853.0 596.0 1257.0 0.0 64.4551
14:49:00 73.0 2416.0 nan 64.37 64.45 64.37 64.38 7.0 64.42 4.0 2416.0 1028.0 1388.0 0.0 64.3981
14:50:00 58.0 2514.0 nan 64.4 64.47 64.35 64.4 1.0 64.49 291.0 2514.0 700.0 1814.0 0.0 64.4091
14:51:00 65.0 2605.0 nan 64.32 64.43 64.32 64.32 77.0 64.38 4.0 2605.0 812.0 1793.0 0.0 64.3643
14:52:00 60.0 1310.0 nan 64.24 64.335 64.22 64.23 107.0 64.3 623.0 1310.0 383.0 927.0 0.0 64.2826
14:53:00 42.0 1682.0 nan 64.3 64.3 64.23 64.27 25.0 64.33 4.0 1682.0 1273.0 409.0 0.0 64.2886
14:54:00 4.0 104.0 nan 64.37 64.38 64.33 64.31 10.0 64.38 131.0 104.0 104.0 0.0 0.0 64.3781
14:55:00 14.0 263.0 nan 64.38 64.38 64.36 64.33 640.0 64.38 25.0 263.0 145.0 118.0 0.0 64.3638
14:56:00 47.0 1630.0 nan 64.31 64.39 64.3 64.3 300.0 64.34 310.0 1630.0 277.0 1353.0 0.0 64.334
14:57:00 33.0 952.0 nan 64.27 64.3 64.27 64.27 21.0 64.31 464.0 952.0 0.0 952.0 0.0 64.2866
14:58:00 44.0 341.0 nan 64.17 64.27 64.17 64.16 6.0 64.23 287.0 341.0 1.0 340.0 0.0 64.2362
14:59:00 26.0 209.0 nan 64.1 64.21 64.1 64.11 40.0 64.15 310.0 209.0 64.0 145.0 0.0 64.1478
15:00:00 80.0 1266.0 nan 64.065 64.16 64.03 64.03 55.0 64.11 282.0 1266.0 210.0 1056.0 0.0 64.0761
15:01:00 32.0 414.0 nan 64.12 64.12 64.01 64.07 201.0 64.13 151.0 414.0 164.0 250.0 0.0 64.0405
15:02:00 24.0 504.0 nan 64.15 64.18 64.1 64.12 531.0 64.18 220.0 504.0 493.0 11.0 0.0 64.1478
15:03:00 17.0 832.0 nan 64.18 64.24 64.18 64.18 10.0 64.27 6.0 832.0 533.0 299.0 0.0 64.188
15:04:00 25.0 653.0 nan 64.13 64.185 64.13 64.12 432.0 64.18 121.0 653.0 0.0 653.0 0.0 64.1634
15:05:00 27.0 676.0 nan 64.1 64.15 64.07 64.06 426.0 64.12 508.0 676.0 13.0 663.0 0.0 64.1067
15:06:00 68.0 2105.0 nan 64.02 64.12 64.01 64.01 1.0 64.02 306.0 2105.0 1205.0 900.0 0.0 64.0397
15:07:00 88.0 3521.0 nan 63.81 64.035 63.81 63.81 18.0 63.89 66.0 3521.0 174.0 3347.0 0.0 63.908
15:08:00 2.0 24.0 nan 63.845 63.845 63.81 63.81 43.0 63.89 108.0 24.0 0.0 24.0 0.0 63.81
15:09:00 36.0 1710.0 nan 63.76 63.88 63.76 63.75 184.0 63.81 462.0 1710.0 23.0 1687.0 0.0 63.7981
15:10:00 37.0 1055.0 nan 63.885 63.92 63.79 63.83 16.0 63.92 100.0 1055.0 1055.0 0.0 0.0 63.8715
15:11:00 51.0 4884.0 nan 63.78 63.86 63.78 63.8 5.0 63.82 212.0 4884.0 4314.0 570.0 0.0 63.848
15:12:00 41.0 979.0 nan 63.74 63.88 63.74 63.71 310.0 63.76 28.0 979.0 222.0 757.0 0.0 63.7968
15:13:00 25.0 600.0 nan 63.72 63.8 63.71 63.72 240.0 63.78 20.0 600.0 51.0 549.0 0.0 63.7662
15:14:00 8.0 223.0 nan 63.85 63.85 63.78 63.82 31.0 63.89 25.0 223.0 223.0 0.0 0.0 63.8391
15:15:00 25.0 850.0 nan 63.92 63.92 63.85 63.87 440.0 63.92 18.0 850.0 308.0 542.0 0.0 63.8821
15:16:00 32.0 946.0 nan 63.87 63.91 63.8 63.79 532.0 63.87 7.0 946.0 238.0 708.0 0.0 63.8565
15:17:00 58.0 5274.0 nan 63.93 63.93 63.83 63.91 344.0 64.0 280.0 5274.0 4506.0 768.0 0.0 63.8931
15:18:00 24.0 901.0 nan 63.99 64.04 63.96 63.98 100.0 64.02 300.0 901.0 537.0 364.0 0.0 63.9971
15:19:00 51.0 2504.0 nan 63.97 63.98 63.91 63.95 1.0 63.98 201.0 2504.0 631.0 1873.0 0.0 63.9575
15:20:00 146.0 5237.0 nan 63.83 63.96 63.82 63.84 208.0 63.92 20.0 5237.0 1149.0 4088.0 0.0 63.8777
15:21:00 49.0 1789.0 nan 63.74 63.84 63.72 63.74 100.0 63.8 211.0 1789.0 0.0 1789.0 0.0 63.7745
15:22:00 4.0 56.0 nan 63.73 63.8 63.73 63.74 100.0 63.79 71.0 56.0 0.0 56.0 0.0 63.7929
15:23:00 52.0 1545.0 nan 63.74 63.83 63.74 63.73 10.0 63.79 125.0 1545.0 227.0 1318.0 0.0 63.79
15:24:00 64.0 2874.0 nan 63.77 63.84 63.77 63.73 10.0 63.75 300.0 2874.0 1729.0 1145.0 0.0 63.8187
15:25:00 65.0 3684.0 nan 63.71 63.75 63.67 63.71 1.0 63.77 50.0 3684.0 3296.0 388.0 0.0 63.7107
15:26:00 57.0 1663.0 nan 63.6 63.71 63.6 63.61 1.0 63.65 333.0 1663.0 720.0 943.0 0.0 63.6735
15:27:00 31.0 813.0 nan 63.61 63.65 63.6 63.61 1.0 63.63 301.0 813.0 133.0 680.0 0.0 63.6306
15:28:00 43.0 1271.0 nan 63.54 63.63 63.54 63.53 5.0 63.57 118.0 1271.0 455.0 816.0 0.0 63.5818
15:29:00 28.0 915.0 nan 63.48 63.55 63.48 63.48 10.0 63.54 115.0 915.0 0.0 915.0 0.0 63.5101
15:30:00 23.0 146.0 nan 63.54 63.6 63.52 63.53 1.0 63.61 320.0 146.0 146.0 0.0 0.0 63.5749
15:31:00 18.0 233.0 nan 63.55 63.61 63.52 63.53 488.0 63.61 21.0 233.0 233.0 0.0 0.0 63.5929
15:32:00 43.0 1188.0 nan 63.66 63.66 63.56 63.62 482.0 63.66 25.0 1188.0 565.0 623.0 0.0 63.6131
15:33:00 61.0 2311.0 nan 63.67 63.7 63.6 63.66 300.0 63.7 200.0 2311.0 1260.0 1051.0 0.0 63.6609
15:34:00 82.0 1608.0 nan 63.595 63.66 63.56 63.56 50.0 63.64 264.0 1608.0 484.0 1124.0 0.0 63.6043
15:35:00 37.0 1431.0 nan 63.62 63.68 63.6 63.61 387.0 63.66 25.0 1431.0 308.0 1123.0 0.0 63.6265
15:36:00 89.0 4727.0 nan 63.72 63.73 63.61 63.71 500.0 63.73 243.0 4727.0 3309.0 1418.0 0.0 63.6863
15:37:00 82.0 1984.0 nan 63.63 63.71 63.56 63.57 754.0 63.65 80.0 1984.0 298.0 1686.0 0.0 63.6555
15:38:00 41.0 1857.0 nan 63.58 63.65 63.58 63.57 200.0 63.62 230.0 1857.0 380.0 1477.0 0.0 63.5979
15:39:00 50.0 1231.0 nan 63.63 63.65 63.57 63.58 507.0 63.63 67.0 1231.0 425.0 806.0 0.0 63.596
15:40:00 106.0 3230.0 nan 63.72 63.72 63.61 63.71 23.0 63.73 400.0 3230.0 2178.0 1052.0 0.0 63.6964
15:41:00 109.0 10827.0 nan 63.83 63.89 63.71 63.83 269.0 63.87 78.0 10827.0 8861.0 1966.0 0.0 63.8051
15:42:00 109.0 4417.0 nan 63.82 63.9 63.79 63.83 120.0 63.9 165.0 4417.0 1248.0 3169.0 0.0 63.8182
15:43:00 25.0 2770.0 nan 63.97 63.97 63.83 63.96 26.0 64.04 100.0 2770.0 2770.0 0.0 0.0 63.9564
15:44:00 52.0 2180.0 nan 64.09 64.13 64.06 64.09 11.0 64.13 25.0 2180.0 316.0 1864.0 0.0 64.1043
15:45:00 76.0 1491.0 nan 63.93 64.095 63.93 63.93 43.0 63.99 225.0 1491.0 0.0 1491.0 0.0 64.0102
15:46:00 92.0 2396.0 nan 63.775 63.97 63.77 63.78 281.0 63.86 50.0 2396.0 41.0 2355.0 0.0 63.8655
15:47:00 77.0 2026.0 nan 63.8 63.93 63.74 63.8 175.0 63.85 214.0 2026.0 629.0 1397.0 0.0 63.8256
15:48:00 62.0 1712.0 nan 63.88 63.92 63.83 63.85 150.0 63.91 150.0 1712.0 587.0 1125.0 0.0 63.8635
15:49:00 78.0 3723.0 nan 63.99 64.02 63.91 63.94 282.0 63.99 153.0 3723.0 2928.0 795.0 0.0 63.9597
15:50:00 70.0 2372.0 nan 64.0 64.0 63.91 63.96 251.0 64.02 52.0 2372.0 1912.0 460.0 0.0 63.9868
15:51:00 180.0 6266.0 nan 63.81 64.06 63.74 63.79 191.0 63.83 250.0 6266.0 2061.0 4205.0 0.0 63.8594
15:52:00 120.0 4949.0 nan 63.85 63.97 63.75 63.84 9.0 63.85 124.0 4949.0 1423.0 3526.0 0.0 63.858
15:53:00 136.0 4163.0 nan 63.78 63.85 63.75 63.76 381.0 63.8 250.0 4163.0 1636.0 2527.0 0.0 63.792
15:54:00 67.0 3464.0 nan 63.76 63.8 63.75 63.75 250.0 63.77 3041.0 3464.0 1202.0 2262.0 0.0 63.7741
15:55:00 89.0 3963.0 nan 63.67 63.77 63.66 63.67 140.0 63.69 105.0 3963.0 1390.0 2573.0 0.0 63.7141
15:56:00 170.0 6335.0 nan 63.69 63.73 63.65 63.69 252.0 63.71 258.0 6335.0 2789.0 3546.0 0.0 63.6982
15:57:00 77.0 2618.0 nan 63.65 63.71 63.63 63.65 672.0 63.68 361.0 2618.0 1241.0 1377.0 0.0 63.6628
15:58:00 153.0 9708.0 nan 63.86 63.89 63.67 63.85 50.0 63.87 192.0 9708.0 6330.0 3378.0 0.0 63.8154
15:59:00 157.0 8470.0 nan 63.96 63.96 63.87 63.94 669.0 63.97 250.0 8470.0 4307.0 4163.0 0.0 63.9008
16:00:00 480.0 22159.0 nan 63.71 63.96 63.71 63.71 7769.0 63.72 13120.0 22159.0 4178.0 17981.0 0.0 63.8205
16:01:00 2.0 0.0 nan 63.72 63.72 63.72 63.71 7769.0 63.72 847.0 nan 0.0 0.0 0.0 nan
16:02:00 0.0 0.0 nan 63.72 nan nan 63.71 7769.0 63.72 847.0 nan 0.0 0.0 0.0 nan
16:03:00 0.0 0.0 nan 63.72 nan nan 63.71 7769.0 63.72 847.0 nan 0.0 0.0 0.0 nan
16:04:00 0.0 0.0 nan 63.72 nan nan 63.71 7769.0 63.72 847.0 nan 0.0 0.0 0.0 nan
16:05:00 0.0 0.0 nan 63.72 nan nan 63.71 7769.0 63.72 847.0 nan 0.0 0.0 0.0 nan
16:06:00 0.0 0.0 nan 63.72 nan nan 63.71 7769.0 63.72 847.0 nan 0.0 0.0 0.0 nan
16:07:00 0.0 0.0 nan 63.72 nan nan 63.71 7769.0 63.72 847.0 nan 0.0 0.0 0.0 nan
16:08:00 0.0 0.0 nan 63.72 nan nan 63.71 7769.0 63.72 847.0 nan 0.0 0.0 0.0 nan
16:09:00 0.0 0.0 nan 63.72 nan nan 63.71 7769.0 63.72 847.0 nan 0.0 0.0 0.0 nan
16:10:00 0.0 0.0 nan 63.72 nan nan 63.71 7769.0 63.72 847.0 nan 0.0 0.0 0.0 nan
16:11:00 0.0 0.0 nan 63.72 nan nan 63.71 7769.0 63.72 847.0 nan 0.0 0.0 0.0 nan
16:12:00 0.0 0.0 nan 63.72 nan nan 63.71 7769.0 63.72 847.0 nan 0.0 0.0 0.0 nan
16:13:00 0.0 0.0 nan 63.72 nan nan 63.71 7769.0 63.72 847.0 nan 0.0 0.0 0.0 nan
16:14:00 0.0 0.0 nan 63.72 nan nan 63.71 7769.0 63.72 847.0 nan 0.0 0.0 0.0 nan
16:15:00 0.0 0.0 nan 63.72 nan nan 63.71 7769.0 63.72 847.0 nan 0.0 0.0 0.0 nan
16:16:00 0.0 0.0 nan 63.72 nan nan 63.71 7769.0 63.72 847.0 nan 0.0 0.0 0.0 nan
16:17:00 0.0 0.0 nan 63.72 nan nan 63.71 7769.0 63.72 847.0 nan 0.0 0.0 0.0 nan
16:18:00 0.0 0.0 nan 63.72 nan nan 63.71 7769.0 63.72 847.0 nan 0.0 0.0 0.0 nan
16:19:00 0.0 0.0 nan 63.72 nan nan 63.71 7769.0 63.72 847.0 nan 0.0 0.0 0.0 nan
16:20:00 0.0 0.0 nan 63.72 nan nan 63.71 7769.0 63.72 847.0 nan 0.0 0.0 0.0 nan
16:21:00 0.0 0.0 nan 63.72 nan nan 63.71 7769.0 63.72 847.0 nan 0.0 0.0 0.0 nan
16:22:00 0.0 0.0 nan 63.72 nan nan 63.71 7769.0 63.72 847.0 nan 0.0 0.0 0.0 nan
16:23:00 0.0 0.0 nan 63.72 nan nan 63.71 7769.0 63.72 847.0 nan 0.0 0.0 0.0 nan
16:24:00 0.0 0.0 nan 63.72 nan nan 63.71 7769.0 63.72 847.0 nan 0.0 0.0 0.0 nan
16:25:00 0.0 0.0 nan 63.72 nan nan 63.71 7769.0 63.72 847.0 nan 0.0 0.0 0.0 nan
16:26:00 0.0 0.0 nan 63.72 nan nan 63.71 7769.0 63.72 847.0 nan 0.0 0.0 0.0 nan
16:27:00 0.0 0.0 nan 63.72 nan nan 63.71 7769.0 63.72 847.0 nan 0.0 0.0 0.0 nan
16:28:00 0.0 0.0 nan 63.72 nan nan 63.71 7769.0 63.72 847.0 nan 0.0 0.0 0.0 nan
16:29:00 0.0 0.0 nan 63.72 nan nan 63.71 7769.0 63.72 847.0 nan 0.0 0.0 0.0 nan
16:30:00 0.0 0.0 nan 63.72 nan nan 63.71 7769.0 63.72 847.0 nan 0.0 0.0 0.0 nan
16:31:00 0.0 0.0 nan 63.72 nan nan 63.71 7769.0 63.72 847.0 nan 0.0 0.0 0.0 nan
16:32:00 0.0 0.0 nan 63.72 nan nan 63.71 7769.0 63.72 847.0 nan 0.0 0.0 0.0 nan
16:33:00 0.0 0.0 nan 63.72 nan nan 63.71 7769.0 63.72 847.0 nan 0.0 0.0 0.0 nan
16:34:00 0.0 0.0 nan 63.72 nan nan 63.71 7769.0 63.72 847.0 nan 0.0 0.0 0.0 nan
16:35:00 0.0 0.0 nan 63.72 nan nan 63.71 7769.0 63.72 847.0 nan 0.0 0.0 0.0 nan
16:36:00 0.0 0.0 nan 63.72 nan nan 63.71 7769.0 63.72 847.0 nan 0.0 0.0 0.0 nan
16:37:00 1.0 1.0 nan 63.72 63.72 63.72 63.71 7769.0 63.72 847.0 1.0 0.0 1.0 0.0 63.72
16:38:00 0.0 0.0 nan 63.72 nan nan 63.71 7769.0 63.72 847.0 nan 0.0 0.0 0.0 nan
16:39:00 0.0 0.0 nan 63.72 nan nan 63.71 7769.0 63.72 847.0 nan 0.0 0.0 0.0 nan
16:40:00 0.0 0.0 nan 63.72 nan nan 63.71 7769.0 63.72 847.0 nan 0.0 0.0 0.0 nan
16:41:00 0.0 0.0 nan 63.72 nan nan 63.71 7769.0 63.72 847.0 nan 0.0 0.0 0.0 nan
16:42:00 0.0 0.0 nan 63.72 nan nan 63.71 7769.0 63.72 847.0 nan 0.0 0.0 0.0 nan
16:43:00 0.0 0.0 nan 63.72 nan nan 63.71 7769.0 63.72 847.0 nan 0.0 0.0 0.0 nan
16:44:00 0.0 0.0 nan 63.72 nan nan 63.71 7769.0 63.72 847.0 nan 0.0 0.0 0.0 nan
16:45:00 0.0 0.0 nan 63.72 nan nan 63.71 7769.0 63.72 847.0 nan 0.0 0.0 0.0 nan
16:46:00 0.0 0.0 nan 63.72 nan nan 63.71 7769.0 63.72 847.0 nan 0.0 0.0 0.0 nan
16:47:00 0.0 0.0 nan 63.72 nan nan 63.71 7769.0 63.72 847.0 nan 0.0 0.0 0.0 nan
16:48:00 0.0 0.0 nan 63.72 nan nan 63.71 7769.0 63.72 847.0 nan 0.0 0.0 0.0 nan
16:49:00 0.0 0.0 nan 63.72 nan nan 63.71 7769.0 63.72 847.0 nan 0.0 0.0 0.0 nan
16:50:00 0.0 0.0 nan 63.72 nan nan 63.71 7769.0 63.72 847.0 nan 0.0 0.0 0.0 nan
16:51:00 0.0 0.0 nan 63.72 nan nan 63.71 7769.0 63.72 847.0 nan 0.0 0.0 0.0 nan
16:52:00 0.0 0.0 nan 63.72 nan nan 63.71 7769.0 63.72 847.0 nan 0.0 0.0 0.0 nan
16:53:00 0.0 0.0 nan 63.72 nan nan 63.71 7769.0 63.72 847.0 nan 0.0 0.0 0.0 nan
16:54:00 0.0 0.0 nan 63.72 nan nan 63.71 7769.0 63.72 847.0 nan 0.0 0.0 0.0 nan
16:55:00 0.0 0.0 nan 63.72 nan nan 63.71 7769.0 63.72 847.0 nan 0.0 0.0 0.0 nan
16:56:00 0.0 0.0 nan 63.72 nan nan 63.71 7769.0 63.72 847.0 nan 0.0 0.0 0.0 nan
16:57:00 0.0 0.0 nan 63.72 nan nan 63.71 7769.0 63.72 847.0 nan 0.0 0.0 0.0 nan
16:58:00 0.0 0.0 nan 63.72 nan nan 63.71 7769.0 63.72 847.0 nan 0.0 0.0 0.0 nan
16:59:00 0.0 0.0 nan 63.72 nan nan 63.71 7769.0 63.72 847.0 nan 0.0 0.0 0.0 nan
17:00:00 0.0 0.0 nan 63.72 nan nan 63.71 7769.0 63.72 847.0 nan 0.0 0.0 0.0 nan
