time trade_count trade_volume trade_first trade_last trade_high trade_low bid_price bid_size ask_price ask_size hid_vol buy_vol sell_vol unsided_vol vwap
09:00:00 nan 0.0 nan nan nan nan 60.81 22.0 62.0 1.0 nan 0.0 0.0 0.0 nan
09:01:00 2.0 3.0 nan 61.75 61.75 61.75 60.81 22.0 62.0 1.0 3.0 0.0 3.0 0.0 61.75
09:02:00 0.0 0.0 nan 61.75 nan nan 60.81 22.0 62.0 1.0 nan 0.0 0.0 0.0 nan
09:03:00 0.0 0.0 nan 61.75 nan nan 60.81 22.0 62.0 1.0 nan 0.0 0.0 0.0 nan
09:04:00 0.0 0.0 nan 61.75 nan nan 60.81 22.0 61.48 50.0 nan 0.0 0.0 0.0 nan
09:05:00 0.0 0.0 nan 61.75 nan nan 60.81 22.0 62.0 1.0 nan 0.0 0.0 0.0 nan
09:06:00 0.0 0.0 nan 61.75 nan nan 60.81 22.0 61.48 50.0 nan 0.0 0.0 0.0 nan
09:07:00 0.0 0.0 nan 61.75 nan nan 60.81 22.0 61.48 50.0 nan 0.0 0.0 0.0 nan
09:08:00 0.0 0.0 nan 61.75 nan nan 60.81 22.0 62.0 1.0 nan 0.0 0.0 0.0 nan
09:09:00 0.0 0.0 nan 61.75 nan nan 60.81 22.0 62.0 1.0 nan 0.0 0.0 0.0 nan
09:10:00 0.0 0.0 nan 61.75 nan nan 60.81 22.0 62.0 1.0 nan 0.0 0.0 0.0 nan
09:11:00 0.0 0.0 nan 61.75 nan nan 60.81 22.0 62.0 1.0 nan 0.0 0.0 0.0 nan
09:12:00 0.0 0.0 nan 61.75 nan nan 60.81 22.0 62.0 1.0 nan 0.0 0.0 0.0 nan
09:13:00 0.0 0.0 nan 61.75 nan nan 60.81 22.0 62.0 1.0 nan 0.0 0.0 0.0 nan
09:14:00 0.0 0.0 nan 61.75 nan nan 60.81 22.0 62.0 1.0 nan 0.0 0.0 0.0 nan
09:15:00 0.0 0.0 nan 61.75 nan nan 60.81 2.0 62.0 1.0 nan 0.0 0.0 0.0 nan
09:16:00 0.0 0.0 nan 61.75 nan nan 60.81 2.0 62.0 1.0 nan 0.0 0.0 0.0 nan
09:17:00 0.0 0.0 nan 61.75 nan nan 60.81 2.0 61.48 50.0 nan 0.0 0.0 0.0 nan
09:18:00 0.0 0.0 nan 61.75 nan nan 60.81 2.0 61.48 50.0 nan 0.0 0.0 0.0 nan
09:19:00 0.0 0.0 nan 61.75 nan nan 60.81 2.0 61.48 50.0 nan 0.0 0.0 0.0 nan
09:20:00 0.0 0.0 nan 61.75 nan nan 60.81 2.0 61.48 50.0 nan 0.0 0.0 0.0 nan
09:21:00 0.0 0.0 nan 61.75 nan nan 60.81 2.0 61.48 50.0 nan 0.0 0.0 0.0 nan
09:22:00 0.0 0.0 nan 61.75 nan nan 60.81 2.0 61.48 50.0 nan 0.0 0.0 0.0 nan
09:23:00 0.0 0.0 nan 61.75 nan nan 60.81 2.0 61.48 50.0 nan 0.0 0.0 0.0 nan
09:24:00 0.0 0.0 nan 61.75 nan nan 60.81 2.0 61.89 100.0 nan 0.0 0.0 0.0 nan
09:25:00 0.0 0.0 nan 61.75 nan nan 60.81 22.0 61.88 20.0 nan 0.0 0.0 0.0 nan
09:26:00 0.0 0.0 nan 61.75 nan nan 60.81 22.0 61.73 200.0 nan 0.0 0.0 0.0 nan
09:27:00 0.0 0.0 nan 61.75 nan nan 60.81 2.0 61.87 400.0 nan 0.0 0.0 0.0 nan
09:28:00 0.0 0.0 nan 61.75 nan nan 60.83 400.0 61.94 600.0 nan 0.0 0.0 0.0 nan
09:29:00 0.0 0.0 nan 61.75 nan nan 60.83 600.0 61.89 400.0 nan 0.0 0.0 0.0 nan
09:30:00 0.0 0.0 nan 61.75 nan nan 60.83 300.0 61.67 300.0 nan 0.0 0.0 0.0 nan
09:31:00 1.0 0.0 nan nan nan nan 60.83 400.0 61.66 325.0 nan 0.0 0.0 0.0 nan
09:32:00 1.0 0.0 nan 61.25 61.25 61.25 61.01 302.0 61.29 227.0 nan 0.0 0.0 0.0 nan
09:33:00 1.0 0.0 nan 61.15 61.15 61.15 61.03 634.0 61.28 402.0 nan 0.0 0.0 0.0 nan
09:34:00 85.0 8701.0 nan 61.13 61.3 61.13 61.0 410.0 61.28 201.0 8701.0 8398.0 303.0 0.0 61.2937
09:35:00 1.0 0.0 nan 61.03 61.03 61.03 61.0 922.0 61.27 201.0 nan 0.0 0.0 0.0 nan
09:36:00 2.0 0.0 nan 61.16 61.21 61.16 61.0 305.0 61.18 426.0 nan 0.0 0.0 0.0 nan
09:37:00 14.0 215.0 nan 61.18 61.18 61.15 61.12 1.0 61.29 25.0 215.0 215.0 0.0 0.0 61.1793
09:38:00 0.0 0.0 nan 61.18 nan nan 61.15 8.0 61.29 25.0 nan 0.0 0.0 0.0 nan
09:39:00 10.0 243.0 nan 61.01 61.15 61.01 61.01 637.0 61.21 758.0 243.0 0.0 243.0 0.0 61.1281
09:40:00 1.0 0.0 nan 61.04 61.04 61.04 61.02 2.0 61.19 3.0 nan 0.0 0.0 0.0 nan
09:41:00 0.0 0.0 nan 61.04 nan nan 61.02 446.0 61.2 302.0 nan 0.0 0.0 0.0 nan
09:42:00 1.0 1.0 nan 61.09 61.09 61.09 61.04 1.0 61.14 18.0 1.0 0.0 1.0 0.0 61.09
09:43:00 12.0 383.0 nan 61.2 61.24 61.06 61.11 286.0 61.41 500.0 383.0 383.0 0.0 0.0 61.1833
09:44:00 1.0 1.0 nan 61.25 61.25 61.25 61.13 1.0 61.34 25.0 1.0 0.0 1.0 0.0 61.25
09:45:00 1.0 1.0 nan 61.2 61.2 61.2 61.12 12.0 61.34 30.0 1.0 0.0 1.0 0.0 61.2
09:46:00 1.0 1.0 nan 61.24 61.24 61.24 61.15 12.0 61.35 107.0 1.0 1.0 0.0 0.0 61.24
09:47:00 0.0 0.0 nan 61.24 nan nan 61.2 1.0 61.34 26.0 nan 0.0 0.0 0.0 nan
09:48:00 13.0 25.0 nan 61.29 61.38 61.285 61.21 12.0 61.36 11.0 25.0 25.0 0.0 0.0 61.3476
09:49:00 5.0 0.0 nan 61.24 61.35 61.24 61.15 280.0 61.26 59.0 nan 0.0 0.0 0.0 nan
09:50:00 33.0 739.0 nan 61.14 61.2 61.1 61.02 35.0 61.25 903.0 739.0 195.0 544.0 0.0 61.1563
09:51:00 16.0 577.0 nan 60.97 61.04 60.97 60.93 2.0 61.11 810.0 577.0 0.0 577.0 0.0 61.005
09:52:00 14.0 876.0 nan 60.97 61.07 60.92 60.93 2.0 60.99 17.0 876.0 776.0 100.0 0.0 60.9577
09:53:00 20.0 455.0 nan 61.09 61.11 60.99 61.02 101.0 61.11 183.0 455.0 455.0 0.0 0.0 61.0118
09:54:00 10.0 429.0 nan 60.9 61.02 60.9 60.84 3.0 60.97 423.0 429.0 0.0 429.0 0.0 60.9849
09:55:00 8.0 104.0 nan 60.97 60.97 60.96 60.88 125.0 60.97 143.0 104.0 104.0 0.0 0.0 60.97
09:56:00 7.0 267.0 nan 61.05 61.05 60.96 60.92 227.0 61.1 337.0 267.0 267.0 0.0 0.0 60.9746
09:57:00 5.0 3.0 nan 61.01 61.01 60.91 60.88 202.0 61.01 107.0 3.0 1.0 2.0 0.0 60.9567
09:58:00 20.0 536.0 nan 60.97 61.03 60.97 60.96 202.0 61.09 204.0 536.0 351.0 185.0 0.0 60.9975
09:59:00 34.0 627.0 nan 60.82 60.98 60.82 60.83 139.0 61.02 131.0 627.0 0.0 627.0 0.0 60.9084
10:00:00 32.0 1220.0 nan 60.91 60.93 60.83 60.86 53.0 60.93 40.0 1220.0 182.0 1038.0 0.0 60.8953
10:01:00 70.0 2598.0 nan 60.9 60.95 60.76 60.84 304.0 60.96 25.0 2598.0 1547.0 1051.0 0.0 60.8818
10:02:00 3.0 21.0 nan 60.87 60.87 60.87 60.84 4.0 60.9 11.0 21.0 0.0 21.0 0.0 60.87
10:03:00 41.0 1634.0 nan 60.75 60.85 60.74 60.75 85.0 60.79 203.0 1634.0 812.0 822.0 0.0 60.8165
10:04:00 47.0 1795.0 nan 60.73 60.83 60.73 60.72 303.0 60.76 53.0 1795.0 727.0 1068.0 0.0 60.7786
10:05:00 36.0 888.0 nan 60.83 60.85 60.74 60.82 202.0 60.85 18.0 888.0 766.0 122.0 0.0 60.8053
10:06:00 97.0 3992.0 nan 60.81 60.88 60.73 60.78 153.0 60.85 400.0 3992.0 2482.0 1510.0 0.0 60.8084
10:07:00 31.0 1412.0 nan 60.83 60.85 60.78 60.8 492.0 60.87 500.0 1412.0 907.0 505.0 0.0 60.8228
10:08:00 16.0 971.0 nan 60.8 60.87 60.79 60.8 10.0 60.83 28.0 971.0 500.0 471.0 0.0 60.8429
10:09:00 13.0 324.0 nan 60.78 60.81 60.78 60.77 301.0 60.84 603.0 324.0 200.0 124.0 0.0 60.8022
10:10:00 6.0 5.0 nan 60.78 60.8 60.78 60.78 398.0 60.83 742.0 5.0 2.0 3.0 0.0 60.788
10:11:00 44.0 1563.0 nan 60.84 60.89 60.78 60.82 532.0 60.88 414.0 1563.0 1206.0 357.0 0.0 60.8422
10:12:00 36.0 2473.0 nan 60.79 60.82 60.75 60.75 266.0 60.87 30.0 2473.0 1213.0 1260.0 0.0 60.7816
10:13:00 1.0 0.0 nan 60.78 60.78 60.78 60.77 499.0 60.87 1014.0 nan 0.0 0.0 0.0 nan
10:14:00 26.0 1000.0 nan 60.78 60.81 60.78 60.77 1.0 60.79 257.0 1000.0 200.0 800.0 0.0 60.797
10:15:00 59.0 2399.0 nan 60.72 60.77 60.63 60.68 200.0 60.74 300.0 2399.0 1699.0 700.0 0.0 60.6621
10:16:00 5.0 183.0 nan 60.68 60.74 60.68 60.62 380.0 60.7 323.0 183.0 10.0 173.0 0.0 60.6833
10:17:00 18.0 926.0 nan 60.65 60.71 60.65 60.63 341.0 60.71 751.0 926.0 623.0 303.0 0.0 60.6898
10:18:00 11.0 11.0 nan 60.64 60.68 60.64 60.63 597.0 60.69 689.0 11.0 0.0 11.0 0.0 60.65
10:19:00 39.0 1701.0 nan 60.64 60.73 60.64 60.61 7.0 60.66 369.0 1701.0 1195.0 506.0 0.0 60.6951
10:20:00 23.0 684.0 nan 60.6 60.61 60.54 60.54 462.0 60.61 411.0 684.0 580.0 104.0 0.0 60.5871
10:21:00 17.0 467.0 nan 60.52 60.6 60.52 60.5 5.0 60.54 2.0 467.0 20.0 447.0 0.0 60.5317
10:22:00 42.0 1376.0 nan 60.59 60.59 60.51 60.58 1.0 60.61 804.0 1376.0 1151.0 225.0 0.0 60.5553
10:23:00 85.0 3409.0 nan 60.57 60.69 60.57 60.56 148.0 60.6 660.0 3409.0 2043.0 1366.0 0.0 60.6215
10:24:00 60.0 2435.0 nan 60.61 60.63 60.56 60.6 144.0 60.63 713.0 2435.0 1864.0 571.0 0.0 60.5984
10:25:00 27.0 1633.0 nan 60.61 60.63 60.58 60.61 18.0 60.64 22.0 1633.0 1399.0 234.0 0.0 60.6177
10:26:00 39.0 1094.0 nan 60.69 60.69 60.64 60.65 25.0 60.71 859.0 1094.0 1094.0 0.0 0.0 60.6693
10:27:00 5.0 26.0 nan 60.64 60.66 60.64 60.63 795.0 60.69 601.0 26.0 0.0 26.0 0.0 60.6504
10:28:00 42.0 2092.0 nan 60.62 60.69 60.59 60.61 162.0 60.66 701.0 2092.0 801.0 1291.0 0.0 60.6565
10:29:00 84.0 3215.0 nan 60.67 60.67 60.58 60.62 374.0 60.67 364.0 3215.0 2125.0 1090.0 0.0 60.6397
10:30:00 75.0 3050.0 nan 60.67 60.67 60.59 60.64 450.0 60.69 6.0 3050.0 1623.0 1427.0 0.0 60.6473
10:31:00 68.0 3310.0 nan 60.63 60.69 60.56 60.62 321.0 60.67 350.0 3310.0 1960.0 1350.0 0.0 60.6105
10:32:00 41.0 2448.0 nan 60.62 60.71 60.59 60.61 508.0 60.66 24.0 2448.0 1011.0 1437.0 0.0 60.6412
10:33:00 58.0 2167.0 nan 60.68 60.68 60.56 60.64 100.0 60.68 157.0 2167.0 876.0 1291.0 0.0 60.6318
10:34:00 26.0 667.0 nan 60.78 60.78 60.67 60.73 200.0 60.82 88.0 667.0 667.0 0.0 0.0 60.7348
10:35:00 68.0 1216.0 nan 60.88 60.89 60.78 60.86 211.0 60.9 462.0 1216.0 1216.0 0.0 0.0 60.8365
10:36:00 38.0 1747.0 nan 60.92 60.94 60.81 60.87 35.0 60.91 9.0 1747.0 1080.0 667.0 0.0 60.8896
10:37:00 2.0 0.0 nan 60.89 60.89 60.89 60.9 303.0 60.95 36.0 nan 0.0 0.0 0.0 nan
10:38:00 9.0 575.0 nan 60.89 60.9 60.89 60.85 226.0 60.92 157.0 575.0 0.0 575.0 0.0 60.8935
10:39:00 11.0 111.0 nan 60.88 60.88 60.84 60.83 402.0 60.89 566.0 111.0 2.0 109.0 0.0 60.8498
10:40:00 1.0 0.0 nan 60.86 60.86 60.86 60.83 403.0 60.89 569.0 nan 0.0 0.0 0.0 nan
10:41:00 9.0 241.0 nan 60.91 60.91 60.84 60.88 502.0 60.92 4.0 241.0 241.0 0.0 0.0 60.89
10:42:00 8.0 208.0 nan 60.93 60.93 60.9 60.87 100.0 60.9 98.0 208.0 205.0 3.0 0.0 60.9293
10:43:00 11.0 309.0 nan 60.89 60.89 60.86 60.83 398.0 60.89 30.0 309.0 199.0 110.0 0.0 60.8826
10:44:00 21.0 387.0 nan 60.92 60.92 60.89 60.86 599.0 60.92 75.0 387.0 387.0 0.0 0.0 60.9005
10:45:00 18.0 494.0 nan 60.98 60.98 60.91 60.96 794.0 61.02 10.0 494.0 494.0 0.0 0.0 60.9535
10:46:00 11.0 0.0 nan 60.97 60.97 60.97 60.96 894.0 61.02 10.0 nan 0.0 0.0 0.0 nan
10:47:00 36.0 1597.0 nan 60.89 61.02 60.89 60.89 31.0 60.93 509.0 1597.0 5.0 1592.0 0.0 60.9474
10:48:00 19.0 382.0 nan 60.89 60.94 60.89 60.88 31.0 60.9 802.0 382.0 351.0 31.0 0.0 60.926
10:49:00 7.0 185.0 nan 60.85 60.88 60.85 60.83 200.0 60.89 728.0 185.0 0.0 185.0 0.0 60.8664
10:50:00 16.0 813.0 nan 60.83 60.86 60.81 60.79 100.0 60.83 157.0 813.0 420.0 393.0 0.0 60.8325
10:51:00 21.0 370.0 nan 60.85 60.85 60.83 60.82 301.0 60.87 301.0 370.0 370.0 0.0 0.0 60.8468
10:52:00 23.0 651.0 nan 60.95 60.95 60.86 60.9 37.0 60.94 56.0 651.0 651.0 0.0 0.0 60.8876
10:53:00 12.0 200.0 nan 60.86 60.9 60.85 60.85 28.0 60.89 51.0 200.0 0.0 200.0 0.0 60.8853
10:54:00 20.0 653.0 nan 60.88 60.9 60.88 60.85 154.0 60.89 101.0 653.0 155.0 498.0 0.0 60.884
10:55:00 5.0 103.0 nan 60.87 60.9 60.87 60.86 314.0 60.92 558.0 103.0 101.0 2.0 0.0 60.8902
10:56:00 5.0 54.0 nan 60.9 60.9 60.86 60.86 13.0 60.89 1.0 54.0 0.0 54.0 0.0 60.8719
10:57:00 14.0 266.0 nan 60.88 60.9 60.86 60.85 445.0 60.9 662.0 266.0 248.0 18.0 0.0 60.8877
10:58:00 25.0 737.0 nan 60.79 60.86 60.79 60.79 200.0 60.83 105.0 737.0 100.0 637.0 0.0 60.8372
10:59:00 16.0 536.0 nan 60.8 60.83 60.79 60.79 122.0 60.83 27.0 536.0 123.0 413.0 0.0 60.8052
11:00:00 22.0 343.0 nan 60.86 60.88 60.81 60.84 152.0 60.88 348.0 343.0 343.0 0.0 0.0 60.8479
11:01:00 21.0 328.0 nan 60.835 60.86 60.83 60.81 51.0 60.86 283.0 328.0 52.0 276.0 0.0 60.8413
11:02:00 11.0 254.0 nan 60.79 60.835 60.77 60.75 6.0 60.8 30.0 254.0 1.0 253.0 0.0 60.8008
11:03:00 5.0 100.0 nan 60.76 60.81 60.76 60.75 236.0 60.81 83.0 100.0 100.0 0.0 0.0 60.807
11:04:00 70.0 3033.0 nan 60.9 60.9 60.81 60.89 5.0 60.9 15.0 3033.0 2938.0 95.0 0.0 60.8581
11:05:00 15.0 189.0 nan 60.95 60.95 60.89 60.91 415.0 60.98 79.0 189.0 171.0 18.0 0.0 60.9109
11:06:00 23.0 467.0 nan 60.9 60.91 60.84 60.83 322.0 60.89 58.0 467.0 0.0 467.0 0.0 60.9062
11:07:00 30.0 776.0 nan 60.69 60.83 60.69 60.68 216.0 60.78 1.0 776.0 227.0 549.0 0.0 60.8007
11:08:00 32.0 798.0 nan 60.9 60.92 60.78 60.86 120.0 60.91 6.0 798.0 798.0 0.0 0.0 60.8452
11:09:00 11.0 451.0 nan 60.9 60.9 60.85 60.87 3.0 60.91 20.0 451.0 111.0 340.0 0.0 60.8587
11:10:00 5.0 120.0 nan 60.9 60.92 60.9 60.88 738.0 60.95 10.0 120.0 120.0 0.0 0.0 60.9133
11:11:00 8.0 311.0 nan 60.91 60.91 60.9 60.88 604.0 60.91 9.0 311.0 200.0 111.0 0.0 60.9097
11:12:00 19.0 1025.0 nan 60.86 60.91 60.86 60.84 428.0 60.9 226.0 1025.0 421.0 604.0 0.0 60.8923
11:13:00 10.0 413.0 nan 60.84 60.85 60.84 60.82 184.0 60.89 105.0 413.0 0.0 413.0 0.0 60.84
11:14:00 27.0 670.0 nan 60.9 60.91 60.86 60.86 657.0 60.92 812.0 670.0 670.0 0.0 0.0 60.8951
11:15:00 12.0 219.0 nan 60.86 60.92 60.86 60.82 54.0 60.87 1.0 219.0 3.0 216.0 0.0 60.8611
11:16:00 6.0 105.0 nan 60.88 60.9 60.87 60.82 221.0 60.89 7.0 105.0 105.0 0.0 0.0 60.8805
11:17:00 13.0 116.0 nan 60.91 60.91 60.88 60.88 300.0 60.91 99.0 116.0 116.0 0.0 0.0 60.8996
11:18:00 20.0 352.0 nan 60.97 60.97 60.91 60.95 7.0 60.97 3.0 352.0 352.0 0.0 0.0 60.936
11:19:00 15.0 393.0 nan 60.9 60.97 60.87 60.86 190.0 60.91 1.0 393.0 0.0 393.0 0.0 60.925
11:20:00 13.0 353.0 nan 60.82 60.85 60.82 60.8 413.0 60.87 406.0 353.0 0.0 353.0 0.0 60.8494
11:21:00 25.0 459.0 nan 60.81 60.81 60.74 60.76 350.0 60.86 105.0 459.0 309.0 150.0 0.0 60.7967
11:22:00 2.0 0.0 nan 60.8 60.8 60.8 60.76 840.0 60.85 506.0 nan 0.0 0.0 0.0 nan
11:23:00 3.0 0.0 nan 60.81 60.81 60.81 60.76 680.0 60.83 8.0 nan 0.0 0.0 0.0 nan
11:24:00 33.0 615.0 nan 60.845 60.87 60.82 60.81 364.0 60.87 14.0 615.0 611.0 4.0 0.0 60.8509
11:25:00 4.0 1.0 nan 60.83 60.83 60.83 60.81 14.0 60.86 273.0 1.0 0.0 1.0 0.0 60.83
11:26:00 128.0 2805.0 nan 60.84 60.86 60.78 60.8 592.0 60.85 171.0 2805.0 481.0 2324.0 0.0 60.8246
11:27:00 56.0 2016.0 nan 60.79 60.85 60.79 60.78 3.0 60.8 532.0 2016.0 683.0 1333.0 0.0 60.8121
11:28:00 20.0 722.0 nan 60.77 60.81 60.77 60.76 518.0 60.8 256.0 722.0 543.0 179.0 0.0 60.7951
11:29:00 13.0 111.0 nan 60.76 60.8 60.76 60.76 459.0 60.8 570.0 111.0 87.0 24.0 0.0 60.7914
11:30:00 85.0 2975.0 nan 60.77 60.82 60.76 60.76 361.0 60.8 285.0 2975.0 1801.0 1174.0 0.0 60.7933
11:31:00 16.0 312.0 nan 60.74 60.78 60.74 60.72 528.0 60.8 382.0 312.0 0.0 312.0 0.0 60.7475
11:32:00 33.0 1176.0 nan 60.77 60.82 60.76 60.76 4.0 60.8 100.0 1176.0 942.0 234.0 0.0 60.8017
11:33:00 11.0 669.0 nan 60.8 60.8 60.78 60.76 105.0 60.8 250.0 669.0 659.0 10.0 0.0 60.7997
11:34:00 2.0 1.0 nan 60.79 60.8 60.79 60.78 4.0 60.8 351.0 1.0 1.0 0.0 0.0 60.8
11:35:00 19.0 516.0 nan 60.84 60.84 60.8 60.82 610.0 60.86 355.0 516.0 486.0 30.0 0.0 60.8097
11:36:00 22.0 941.0 nan 60.8 60.82 60.79 60.78 478.0 60.84 241.0 941.0 172.0 769.0 0.0 60.8147
11:37:00 19.0 526.0 nan 60.825 60.86 60.825 60.79 558.0 60.86 182.0 526.0 526.0 0.0 0.0 60.843
11:38:00 0.0 0.0 nan 60.825 nan nan 60.79 577.0 60.86 362.0 nan 0.0 0.0 0.0 nan
11:39:00 2.0 2.0 nan 60.82 60.825 60.82 60.79 434.0 60.86 279.0 2.0 0.0 2.0 0.0 60.82
11:40:00 20.0 450.0 nan 60.83 60.83 60.77 60.77 159.0 60.85 49.0 450.0 0.0 450.0 0.0 60.7894
11:41:00 0.0 0.0 nan 60.83 nan nan 60.78 335.0 60.82 1.0 nan 0.0 0.0 0.0 nan
11:42:00 37.0 1460.0 nan 60.75 60.82 60.75 60.74 170.0 60.78 303.0 1460.0 398.0 1062.0 0.0 60.7809
11:43:00 5.0 172.0 nan 60.74 60.74 60.74 60.72 283.0 60.78 668.0 172.0 0.0 172.0 0.0 60.74
11:44:00 9.0 319.0 nan 60.68 60.72 60.68 60.67 2.0 60.74 775.0 319.0 0.0 319.0 0.0 60.7158
11:45:00 1.0 1.0 nan 60.7 60.7 60.7 60.67 7.0 60.72 383.0 1.0 1.0 0.0 0.0 60.7
11:46:00 17.0 268.0 nan 60.68 60.72 60.68 60.67 9.0 60.7 7.0 268.0 14.0 254.0 0.0 60.6836
11:47:00 14.0 26.0 nan 60.67 60.71 60.66 60.66 100.0 60.71 57.0 26.0 17.0 9.0 0.0 60.6935
11:48:00 20.0 740.0 nan 60.64 60.68 60.64 60.62 12.0 60.65 41.0 740.0 100.0 640.0 0.0 60.6638
11:49:00 44.0 1007.0 nan 60.7 60.71 60.63 60.68 240.0 60.72 57.0 1007.0 1007.0 0.0 0.0 60.6846
11:50:00 6.0 52.0 nan 60.7 60.72 60.7 60.69 1.0 60.72 108.0 52.0 36.0 16.0 0.0 60.7138
11:51:00 23.0 678.0 nan 60.71 60.72 60.68 60.69 382.0 60.71 11.0 678.0 347.0 331.0 0.0 60.7002
11:52:00 1.0 11.0 nan 60.71 60.71 60.71 60.69 843.0 60.72 4.0 11.0 11.0 0.0 0.0 60.71
11:53:00 23.0 814.0 nan 60.68 60.71 60.68 60.62 431.0 60.69 560.0 814.0 50.0 764.0 0.0 60.6894
11:54:00 16.0 650.0 nan 60.67 60.67 60.65 60.66 15.0 60.68 37.0 650.0 650.0 0.0 0.0 60.6692
11:55:00 20.0 867.0 nan 60.64 60.67 60.64 60.62 467.0 60.66 412.0 867.0 694.0 173.0 0.0 60.6686
11:56:00 45.0 1809.0 nan 60.67 60.69 60.62 60.64 351.0 60.7 851.0 1809.0 1241.0 568.0 0.0 60.6453
11:57:00 1.0 0.0 nan 60.68 60.68 60.68 60.66 312.0 60.7 502.0 nan 0.0 0.0 0.0 nan
11:58:00 46.0 1545.0 nan 60.65 60.7 60.65 60.63 94.0 60.66 701.0 1545.0 846.0 699.0 0.0 60.6874
11:59:00 12.0 653.0 nan 60.6 60.63 60.6 60.58 1.0 60.63 448.0 653.0 0.0 653.0 0.0 60.618
12:00:00 44.0 1519.0 nan 60.57 60.61 60.56 60.55 1674.0 60.6 256.0 1519.0 1202.0 317.0 0.0 60.5993
12:01:00 9.0 206.0 nan 60.6 60.6 60.575 60.59 201.0 60.61 3.0 206.0 206.0 0.0 0.0 60.6
12:02:00 25.0 1185.0 nan 60.65 60.65 60.61 60.66 684.0 60.71 453.0 1185.0 1089.0 96.0 0.0 60.6332
12:03:00 12.0 558.0 nan 60.65 60.68 60.65 60.62 358.0 60.66 602.0 558.0 0.0 558.0 0.0 60.6596
12:04:00 33.0 1557.0 nan 60.66 60.67 60.62 60.62 351.0 60.66 75.0 1557.0 1240.0 317.0 0.0 60.6522
12:05:00 2.0 100.0 nan 60.65 60.66 60.65 60.62 200.0 60.66 393.0 100.0 100.0 0.0 0.0 60.66
12:06:00 17.0 608.0 nan 60.69 60.69 60.66 60.66 351.0 60.71 1.0 608.0 608.0 0.0 0.0 60.6673
12:07:00 0.0 0.0 nan 60.69 nan nan 60.66 652.0 60.71 1.0 nan 0.0 0.0 0.0 nan
12:08:00 35.0 1350.0 nan 60.71 60.75 60.71 60.69 301.0 60.73 577.0 1350.0 604.0 746.0 0.0 60.7221
12:09:00 1.0 0.0 nan 60.7 60.7 60.7 60.69 571.0 60.73 756.0 nan 0.0 0.0 0.0 nan
12:10:00 1.0 1.0 nan 60.71 60.71 60.71 60.69 520.0 60.72 638.0 1.0 0.0 1.0 0.0 60.71
12:11:00 34.0 1433.0 nan 60.68 60.7 60.66 60.66 200.0 60.69 313.0 1433.0 508.0 925.0 0.0 60.6827
12:12:00 13.0 313.0 nan 60.69 60.69 60.68 60.67 450.0 60.72 708.0 313.0 313.0 0.0 0.0 60.69
12:13:00 0.0 0.0 nan 60.69 nan nan 60.67 551.0 60.71 504.0 nan 0.0 0.0 0.0 nan
12:14:00 1.0 0.0 nan 60.68 60.68 60.68 60.67 663.0 60.71 864.0 nan 0.0 0.0 0.0 nan
12:15:00 43.0 1436.0 nan 60.69 60.69 60.66 60.67 300.0 60.71 650.0 1436.0 813.0 623.0 0.0 60.6751
12:16:00 7.0 0.0 nan 60.7 60.7 60.69 60.68 519.0 60.71 651.0 nan 0.0 0.0 0.0 nan
12:17:00 14.0 803.0 nan 60.73 60.73 60.7 60.7 1364.0 60.76 783.0 803.0 803.0 0.0 0.0 60.7138
12:18:00 53.0 2898.0 nan 60.75 60.77 60.74 60.73 211.0 60.75 556.0 2898.0 1335.0 1563.0 0.0 60.7539
12:19:00 33.0 856.0 nan 60.71 60.74 60.7 60.7 458.0 60.75 556.0 856.0 628.0 228.0 0.0 60.7201
12:20:00 4.0 50.0 nan 60.71 60.72 60.71 60.7 713.0 60.75 859.0 50.0 0.0 50.0 0.0 60.72
12:21:00 53.0 2403.0 nan 60.65 60.75 60.64 60.64 148.0 60.67 7.0 2403.0 718.0 1685.0 0.0 60.6762
12:22:00 15.0 466.0 nan 60.68 60.69 60.67 60.65 900.0 60.68 59.0 466.0 466.0 0.0 0.0 60.6761
12:23:00 56.0 5226.0 nan 60.7 60.7 60.65 60.66 657.0 60.71 356.0 5226.0 4411.0 815.0 0.0 60.6946
12:24:00 13.0 625.0 nan 60.72 60.72 60.7 60.7 372.0 60.75 356.0 625.0 625.0 0.0 0.0 60.7103
12:25:00 56.0 4731.0 nan 60.65 60.72 60.61 60.64 400.0 60.68 30.0 4731.0 2602.0 2129.0 0.0 60.6874
12:26:00 37.0 1222.0 nan 60.73 60.73 60.62 60.68 691.0 60.74 100.0 1222.0 621.0 601.0 0.0 60.6601
12:27:00 19.0 429.0 nan 60.82 60.82 60.74 60.76 854.0 60.82 533.0 429.0 429.0 0.0 0.0 60.7694
12:28:00 54.0 313.0 nan 60.85 60.85 60.81 60.84 799.0 60.93 226.0 313.0 313.0 0.0 0.0 60.8177
12:29:00 54.0 1759.0 nan 60.87 60.97 60.87 60.86 202.0 60.92 82.0 1759.0 586.0 1173.0 0.0 60.9097
12:30:00 1.0 0.0 nan 60.88 60.88 60.88 60.87 200.0 60.92 911.0 nan 0.0 0.0 0.0 nan
12:31:00 50.0 2681.0 nan 60.76 60.87 60.76 60.75 207.0 60.8 254.0 2681.0 0.0 2681.0 0.0 60.8261
12:32:00 17.0 474.0 nan 60.74 60.76 60.72 60.72 499.0 60.76 455.0 474.0 138.0 336.0 0.0 60.7528
12:33:00 10.0 314.0 nan 60.74 60.75 60.72 60.71 237.0 60.76 958.0 314.0 15.0 299.0 0.0 60.7209
12:34:00 14.0 584.0 nan 60.68 60.71 60.68 60.67 200.0 60.7 367.0 584.0 0.0 584.0 0.0 60.6989
12:35:00 62.0 3047.0 nan 60.62 60.7 60.59 60.59 304.0 60.63 1.0 3047.0 1495.0 1552.0 0.0 60.642
12:36:00 0.0 0.0 nan 60.62 nan nan 60.59 409.0 60.63 1.0 nan 0.0 0.0 0.0 nan
12:37:00 24.0 1501.0 nan 60.62 60.64 60.59 60.62 482.0 60.65 210.0 1501.0 1476.0 25.0 0.0 60.6253
12:38:00 24.0 1014.0 nan 60.65 60.67 60.65 60.62 100.0 60.67 57.0 1014.0 215.0 799.0 0.0 60.6621
12:39:00 23.0 384.0 nan 60.67 60.67 60.65 60.64 250.0 60.68 5.0 384.0 384.0 0.0 0.0 60.6573
12:40:00 13.0 363.0 nan 60.68 60.68 60.66 60.66 250.0 60.69 1.0 363.0 363.0 0.0 0.0 60.6771
12:41:00 6.0 23.0 nan 60.69 60.69 60.68 60.68 201.0 60.7 37.0 23.0 23.0 0.0 0.0 60.6804
12:42:00 16.0 671.0 nan 60.68 60.69 60.68 60.67 514.0 60.69 140.0 671.0 214.0 457.0 0.0 60.6854
12:43:00 21.0 908.0 nan 60.655 60.67 60.64 60.64 102.0 60.67 180.0 908.0 144.0 764.0 0.0 60.6672
12:44:00 3.0 101.0 nan 60.64 60.64 60.64 60.63 207.0 60.65 1.0 101.0 0.0 101.0 0.0 60.64
12:45:00 7.0 307.0 nan 60.635 60.635 60.63 60.62 209.0 60.63 20.0 307.0 0.0 307.0 0.0 60.63
12:46:00 28.0 397.0 nan 60.65 60.65 60.63 60.63 301.0 60.65 386.0 397.0 397.0 0.0 0.0 60.6488
12:47:00 29.0 1203.0 nan 60.62 60.63 60.61 60.6 150.0 60.63 63.0 1203.0 386.0 817.0 0.0 60.6178
12:48:00 11.0 415.0 nan 60.65 60.66 60.63 60.62 251.0 60.67 322.0 415.0 415.0 0.0 0.0 60.6351
12:49:00 19.0 479.0 nan 60.67 60.67 60.65 60.65 102.0 60.68 158.0 479.0 479.0 0.0 0.0 60.67
12:50:00 9.0 192.0 nan 60.61 60.65 60.61 60.62 159.0 60.65 12.0 192.0 0.0 192.0 0.0 60.6481
12:51:00 2.0 1.0 nan 60.67 60.67 60.65 60.62 618.0 60.66 7.0 1.0 1.0 0.0 0.0 60.65
12:52:00 4.0 7.0 nan 60.63 60.63 60.62 60.62 600.0 60.64 12.0 7.0 6.0 1.0 0.0 60.6286
12:53:00 36.0 1267.0 nan 60.6 60.64 60.58 60.58 132.0 60.6 1.0 1267.0 121.0 1146.0 0.0 60.6118
12:54:00 12.0 322.0 nan 60.61 60.61 60.6 60.6 301.0 60.62 102.0 322.0 322.0 0.0 0.0 60.61
12:55:00 21.0 1008.0 nan 60.62 60.63 60.62 60.6 22.0 60.63 223.0 1008.0 604.0 404.0 0.0 60.626
12:56:00 6.0 305.0 nan 60.59 60.6 60.59 60.58 300.0 60.6 2.0 305.0 133.0 172.0 0.0 60.5907
12:57:00 26.0 1310.0 nan 60.55 60.58 60.55 60.55 1200.0 60.57 1.0 1310.0 861.0 449.0 0.0 60.5698
12:58:00 14.0 1439.0 nan 60.52 60.55 60.52 60.51 5.0 60.53 159.0 1439.0 0.0 1439.0 0.0 60.548
12:59:00 14.0 609.0 nan 60.54 60.54 60.52 60.51 306.0 60.53 13.0 609.0 409.0 200.0 0.0 60.5349
13:00:00 33.0 1008.0 nan 60.51 60.53 60.48 60.49 289.0 60.52 6.0 1008.0 370.0 638.0 0.0 60.5063
13:01:00 21.0 696.0 nan 60.54 60.54 60.5 60.51 502.0 60.55 152.0 696.0 495.0 201.0 0.0 60.5348
13:02:00 30.0 1177.0 nan 60.5 60.55 60.5 60.49 45.0 60.54 91.0 1177.0 470.0 707.0 0.0 60.5342
13:03:00 2.0 100.0 nan 60.5 60.5 60.49 60.48 223.0 60.54 394.0 100.0 0.0 100.0 0.0 60.49
13:04:00 2.0 1.0 nan 60.5 60.51 60.5 60.47 449.0 60.53 476.0 1.0 1.0 0.0 0.0 60.51
13:05:00 20.0 675.0 nan 60.44 60.48 60.44 60.43 400.0 60.48 422.0 675.0 0.0 675.0 0.0 60.4672
13:06:00 1.0 0.0 nan 60.47 60.47 60.47 60.44 60.0 60.46 1.0 nan 0.0 0.0 0.0 nan
13:07:00 19.0 272.0 nan 60.5 60.5 60.46 60.48 468.0 60.52 8.0 272.0 272.0 0.0 0.0 60.4801
13:08:00 21.0 765.0 nan 60.54 60.54 60.52 60.51 720.0 60.54 6.0 765.0 664.0 101.0 0.0 60.53
13:09:00 3.0 6.0 nan 60.53 60.53 60.53 60.51 627.0 60.54 115.0 6.0 6.0 0.0 0.0 60.53
13:10:00 45.0 1680.0 nan 60.45 60.56 60.45 60.46 51.0 60.5 100.0 1680.0 388.0 1292.0 0.0 60.5161
13:11:00 43.0 2193.0 nan 60.49 60.53 60.49 60.46 256.0 60.49 18.0 2193.0 1142.0 1051.0 0.0 60.506
13:12:00 19.0 794.0 nan 60.49 60.51 60.49 60.49 205.0 60.53 458.0 794.0 494.0 300.0 0.0 60.4972
13:13:00 4.0 127.0 nan 60.5 60.5 60.48 60.48 364.0 60.53 202.0 127.0 106.0 21.0 0.0 60.4967
13:14:00 1.0 0.0 nan 60.53 60.53 60.53 60.48 677.0 60.53 204.0 nan 0.0 0.0 0.0 nan
13:15:00 25.0 1165.0 nan 60.59 60.59 60.49 60.57 411.0 60.6 200.0 1165.0 764.0 401.0 0.0 60.5572
13:16:00 15.0 552.0 nan 60.56 60.57 60.55 60.55 656.0 60.58 6.0 552.0 0.0 552.0 0.0 60.57
13:17:00 3.0 206.0 nan 60.56 60.58 60.56 60.55 464.0 60.59 254.0 206.0 6.0 200.0 0.0 60.5606
13:18:00 0.0 0.0 nan 60.56 nan nan 60.55 427.0 60.59 656.0 nan 0.0 0.0 0.0 nan
13:19:00 32.0 1271.0 nan 60.53 60.57 60.53 60.53 506.0 60.56 2.0 1271.0 356.0 915.0 0.0 60.5533
13:20:00 56.0 2536.0 nan 60.5 60.53 60.5 60.49 501.0 60.52 501.0 2536.0 1120.0 1416.0 0.0 60.513
13:21:00 18.0 619.0 nan 60.49 60.51 60.49 60.48 104.0 60.5 312.0 619.0 100.0 519.0 0.0 60.4982
13:22:00 26.0 718.0 nan 60.49 60.5 60.475 60.48 582.0 60.5 500.0 718.0 671.0 47.0 0.0 60.4954
13:23:00 23.0 817.0 nan 60.515 60.52 60.49 60.5 608.0 60.52 332.0 817.0 817.0 0.0 0.0 60.5037
13:24:00 19.0 656.0 nan 60.49 60.52 60.48 60.48 380.0 60.5 512.0 656.0 515.0 141.0 0.0 60.5103
13:25:00 38.0 1244.0 nan 60.45 60.48 60.45 60.44 110.0 60.45 1.0 1244.0 25.0 1219.0 0.0 60.472
13:26:00 33.0 469.0 nan 60.43 60.44 60.42 60.42 197.0 60.43 2.0 469.0 223.0 246.0 0.0 60.4268
13:27:00 45.0 2080.0 nan 60.43 60.44 60.41 60.41 807.0 60.44 190.0 2080.0 1283.0 797.0 0.0 60.4178
13:28:00 14.0 432.0 nan 60.44 60.44 60.41 60.42 281.0 60.47 644.0 432.0 241.0 191.0 0.0 60.4305
13:29:00 4.0 0.0 nan 60.44 60.44 60.43 60.42 257.0 60.47 425.0 nan 0.0 0.0 0.0 nan
13:30:00 3.0 4.0 nan 60.45 60.46 60.42 60.43 578.0 60.47 578.0 4.0 1.0 3.0 0.0 60.43
13:31:00 73.0 3169.0 nan 60.41 60.45 60.41 60.41 381.0 60.43 11.0 3169.0 326.0 2843.0 0.0 60.4156
13:32:00 21.0 1388.0 nan 60.38 60.42 60.38 60.38 33.0 60.4 315.0 1388.0 50.0 1338.0 0.0 60.4054
13:33:00 38.0 1472.0 nan 60.4 60.42 60.39 60.39 141.0 60.4 200.0 1472.0 1279.0 193.0 0.0 60.4018
13:34:00 22.0 1170.0 nan 60.39 60.4 60.39 60.39 246.0 60.42 464.0 1170.0 728.0 442.0 0.0 60.3985
13:35:00 27.0 924.0 nan 60.38 60.4 60.37 60.36 140.0 60.38 47.0 924.0 128.0 796.0 0.0 60.3805
13:36:00 44.0 1856.0 nan 60.4 60.41 60.38 60.39 213.0 60.4 100.0 1856.0 1030.0 826.0 0.0 60.3979
13:37:00 54.0 2107.0 nan 60.42 60.42 60.39 60.4 503.0 60.42 79.0 2107.0 1665.0 442.0 0.0 60.4016
13:38:00 23.0 658.0 nan 60.45 60.45 60.42 60.44 50.0 60.47 335.0 658.0 358.0 300.0 0.0 60.4335
13:39:00 10.0 428.0 nan 60.43 60.43 60.41 60.4 344.0 60.44 112.0 428.0 0.0 428.0 0.0 60.43
13:40:00 3.0 0.0 nan 60.41 60.42 60.41 60.4 583.0 60.44 684.0 nan 0.0 0.0 0.0 nan
13:41:00 45.0 2195.0 nan 60.35 60.42 60.34 60.34 137.0 60.36 6.0 2195.0 125.0 2070.0 0.0 60.3753
13:42:00 20.0 730.0 nan 60.32 60.37 60.32 60.33 150.0 60.36 152.0 730.0 270.0 460.0 0.0 60.3506
13:43:00 6.0 101.0 nan 60.35 60.36 60.34 60.33 338.0 60.37 264.0 101.0 101.0 0.0 0.0 60.36
13:44:00 7.0 209.0 nan 60.37 60.37 60.37 60.35 514.0 60.39 265.0 209.0 209.0 0.0 0.0 60.37
13:45:00 12.0 736.0 nan 60.33 60.35 60.33 60.33 337.0 60.36 115.0 736.0 0.0 736.0 0.0 60.3481
13:46:00 44.0 1984.0 nan 60.33 60.35 60.31 60.31 940.0 60.35 291.0 1984.0 1021.0 963.0 0.0 60.3353
13:47:00 21.0 775.0 nan 60.35 60.36 60.35 60.35 89.0 60.39 313.0 775.0 575.0 200.0 0.0 60.3527
13:48:00 32.0 1148.0 nan 60.35 60.365 60.31 60.34 3.0 60.37 51.0 1148.0 123.0 1025.0 0.0 60.3334
13:49:00 8.0 296.0 nan 60.325 60.34 60.3 60.31 105.0 60.35 157.0 296.0 0.0 296.0 0.0 60.3231
13:50:00 6.0 176.0 nan 60.36 60.36 60.35 60.34 181.0 60.37 360.0 176.0 176.0 0.0 0.0 60.3503
13:51:00 37.0 1290.0 nan 60.36 60.39 60.36 60.35 206.0 60.39 331.0 1290.0 430.0 860.0 0.0 60.3685
13:52:00 24.0 631.0 nan 60.35 60.37 60.34 60.35 735.0 60.39 212.0 631.0 314.0 317.0 0.0 60.3484
13:53:00 7.0 262.0 nan 60.38 60.39 60.38 60.37 477.0 60.4 151.0 262.0 162.0 100.0 0.0 60.3862
13:54:00 11.0 496.0 nan 60.35 60.37 60.35 60.34 491.0 60.38 563.0 496.0 0.0 496.0 0.0 60.3694
13:55:00 35.0 438.0 nan 60.35 60.39 60.35 60.35 540.0 60.39 60.0 438.0 421.0 17.0 0.0 60.378
13:56:00 13.0 541.0 nan 60.37 60.37 60.32 60.32 311.0 60.35 6.0 541.0 0.0 541.0 0.0 60.3415
13:57:00 34.0 992.0 nan 60.3 60.35 60.3 60.3 1.0 60.33 358.0 992.0 206.0 786.0 0.0 60.3085
13:58:00 23.0 783.0 nan 60.27 60.3 60.27 60.26 427.0 60.31 519.0 783.0 78.0 705.0 0.0 60.2778
13:59:00 36.0 400.0 nan 60.31 60.31 60.27 60.29 107.0 60.32 19.0 400.0 400.0 0.0 0.0 60.31
14:00:00 34.0 899.0 nan 60.33 60.33 60.26 60.29 111.0 60.35 15.0 899.0 550.0 349.0 0.0 60.2949
14:01:00 46.0 1802.0 nan 60.57 60.57 60.34 60.55 430.0 60.63 353.0 1802.0 1700.0 102.0 0.0 60.5008
14:02:00 102.0 4349.0 nan 60.46 60.56 60.4 60.44 250.0 60.49 374.0 4349.0 1232.0 3117.0 0.0 60.4627
14:03:00 78.0 3570.0 nan 60.28 60.5 60.21 60.26 231.0 60.32 107.0 3570.0 1169.0 2401.0 0.0 60.3704
14:04:00 27.0 778.0 nan 60.42 60.42 60.31 60.37 326.0 60.43 3.0 778.0 778.0 0.0 0.0 60.3605
14:05:00 37.0 1832.0 nan 60.46 60.53 60.43 60.46 50.0 60.5 500.0 1832.0 1050.0 782.0 0.0 60.4959
14:06:00 43.0 1364.0 nan 60.45 60.52 60.4 60.4 25.0 60.48 102.0 1364.0 569.0 795.0 0.0 60.4633
14:07:00 40.0 923.0 nan 60.43 60.43 60.35 60.4 100.0 60.47 226.0 923.0 137.0 786.0 0.0 60.3774
14:08:00 34.0 1409.0 nan 60.55 60.55 60.39 60.49 426.0 60.55 325.0 1409.0 1309.0 100.0 0.0 60.5015
14:09:00 42.0 1536.0 nan 60.61 60.64 60.52 60.58 157.0 60.66 160.0 1536.0 1325.0 211.0 0.0 60.6045
14:10:00 42.0 1916.0 nan 60.51 60.66 60.51 60.5 450.0 60.55 500.0 1916.0 677.0 1239.0 0.0 60.5493
14:11:00 21.0 699.0 nan 60.45 60.525 60.43 60.42 270.0 60.48 10.0 699.0 119.0 580.0 0.0 60.4911
14:12:00 41.0 1685.0 nan 60.52 60.53 60.48 60.49 207.0 60.53 723.0 1685.0 1685.0 0.0 0.0 60.4933
14:13:00 87.0 3118.0 nan 60.355 60.49 60.34 60.34 150.0 60.38 100.0 3118.0 1065.0 2053.0 0.0 60.3963
14:14:00 33.0 1461.0 nan 60.4 60.43 60.37 60.37 100.0 60.41 201.0 1461.0 1254.0 207.0 0.0 60.4059
14:15:00 21.0 817.0 nan 60.4 60.41 60.36 60.36 312.0 60.44 752.0 817.0 423.0 394.0 0.0 60.3831
14:16:00 55.0 2333.0 nan 60.46 60.54 60.405 60.43 260.0 60.5 633.0 2333.0 1729.0 604.0 0.0 60.4771
14:17:00 16.0 633.0 nan 60.44 60.5 60.44 60.43 218.0 60.5 892.0 633.0 633.0 0.0 0.0 60.5
14:18:00 42.0 2023.0 nan 60.49 60.5 60.42 60.47 7.0 60.5 23.0 2023.0 1396.0 627.0 0.0 60.4667
14:19:00 30.0 2224.0 nan 60.47 60.52 60.47 60.46 50.0 60.5 903.0 2224.0 1691.0 533.0 0.0 60.5044
14:20:00 37.0 2190.0 nan 60.47 60.52 60.46 60.46 55.0 60.49 400.0 2190.0 1572.0 618.0 0.0 60.4934
14:21:00 34.0 1136.0 nan 60.47 60.49 60.44 60.44 894.0 60.49 306.0 1136.0 581.0 555.0 0.0 60.4611
14:22:00 87.0 5618.0 nan 60.65 60.65 60.49 60.6 284.0 60.67 1085.0 5618.0 5272.0 346.0 0.0 60.5645
14:23:00 22.0 848.0 nan 60.62 60.67 60.6 60.61 929.0 60.67 1038.0 848.0 650.0 198.0 0.0 60.6254
14:24:00 30.0 1833.0 nan 60.67 60.71 60.64 60.66 24.0 60.7 818.0 1833.0 1625.0 208.0 0.0 60.6861
14:25:00 25.0 1637.0 nan 60.72 60.75 60.68 60.72 722.0 60.75 804.0 1637.0 1626.0 11.0 0.0 60.7186
14:26:00 104.0 4336.0 nan 60.67 60.72 60.66 60.65 253.0 60.69 673.0 4336.0 2476.0 1860.0 0.0 60.6964
14:27:00 47.0 2707.0 nan 60.71 60.71 60.62 60.67 200.0 60.7 726.0 2707.0 1609.0 1098.0 0.0 60.658
14:28:00 82.0 3873.0 nan 60.73 60.74 60.68 60.69 163.0 60.73 1001.0 3873.0 3137.0 736.0 0.0 60.7086
14:29:00 45.0 1795.0 nan 60.675 60.71 60.67 60.66 492.0 60.69 546.0 1795.0 1064.0 731.0 0.0 60.6908
14:30:00 66.0 3301.0 nan 60.69 60.71 60.65 60.68 413.0 60.7 22.0 3301.0 2347.0 954.0 0.0 60.6767
14:31:00 118.0 7099.0 nan 60.76 60.79 60.7 60.74 300.0 60.76 8.0 7099.0 5346.0 1753.0 0.0 60.7352
14:32:00 43.0 3269.0 nan 60.77 60.77 60.72 60.75 774.0 60.79 761.0 3269.0 2500.0 769.0 0.0 60.739
14:33:00 102.0 3629.0 nan 60.77 60.82 60.77 60.76 100.0 60.79 329.0 3629.0 2554.0 1075.0 0.0 60.7909
14:34:00 73.0 3067.0 nan 60.73 60.78 60.71 60.71 120.0 60.74 1.0 3067.0 1355.0 1712.0 0.0 60.7446
14:35:00 29.0 2104.0 nan 60.77 60.77 60.73 60.73 1212.0 60.77 450.0 2104.0 1322.0 782.0 0.0 60.743
14:36:00 5.0 479.0 nan 60.77 60.77 60.77 60.73 1314.0 60.8 1380.0 479.0 479.0 0.0 0.0 60.77
14:37:00 64.0 2926.0 nan 60.71 60.765 60.69 60.69 200.0 60.73 464.0 2926.0 734.0 2192.0 0.0 60.7198
14:38:00 51.0 2327.0 nan 60.645 60.72 60.63 60.62 369.0 60.67 165.0 2327.0 357.0 1970.0 0.0 60.6649
14:39:00 52.0 2445.0 nan 60.67 60.7 60.67 60.67 408.0 60.71 550.0 2445.0 1508.0 937.0 0.0 60.686
14:40:00 42.0 2488.0 nan 60.73 60.73 60.69 60.71 197.0 60.75 607.0 2488.0 2488.0 0.0 0.0 60.7148
14:41:00 39.0 1397.0 nan 60.705 60.73 60.69 60.68 308.0 60.73 601.0 1397.0 564.0 833.0 0.0 60.7035
14:42:00 39.0 1562.0 nan 60.62 60.705 60.62 60.61 2.0 60.64 9.0 1562.0 247.0 1315.0 0.0 60.665
14:43:00 27.0 670.0 nan 60.66 60.67 60.63 60.65 433.0 60.7 655.0 670.0 670.0 0.0 0.0 60.6594
14:44:00 16.0 616.0 nan 60.71 60.72 60.7 60.71 452.0 60.75 1.0 616.0 611.0 5.0 0.0 60.7003
14:45:00 51.0 1796.0 nan 60.69 60.71 60.65 60.68 388.0 60.7 370.0 1796.0 762.0 1034.0 0.0 60.6976
14:46:00 33.0 1287.0 nan 60.69 60.72 60.67 60.66 100.0 60.7 550.0 1287.0 689.0 598.0 0.0 60.6906
14:47:00 10.0 504.0 nan 60.705 60.73 60.7 60.68 292.0 60.73 568.0 504.0 504.0 0.0 0.0 60.7002
14:48:00 40.0 1102.0 nan 60.68 60.72 60.66 60.66 153.0 60.7 369.0 1102.0 235.0 867.0 0.0 60.6753
14:49:00 82.0 2329.0 nan 60.61 60.67 60.61 60.61 1.0 60.63 400.0 2329.0 1148.0 1181.0 0.0 60.6281
14:50:00 90.0 2940.0 nan 60.6 60.62 60.57 60.59 207.0 60.64 50.0 2940.0 918.0 2022.0 0.0 60.5959
14:51:00 2.0 0.0 nan 60.615 60.615 60.615 60.6 415.0 60.64 102.0 nan 0.0 0.0 0.0 nan
14:52:00 35.0 1087.0 nan 60.65 60.68 60.62 60.64 10.0 60.66 4.0 1087.0 331.0 756.0 0.0 60.6523
14:53:00 33.0 938.0 nan 60.69 60.69 60.66 60.66 261.0 60.69 107.0 938.0 613.0 325.0 0.0 60.676
14:54:00 40.0 1609.0 nan 60.685 60.74 60.68 60.66 359.0 60.71 402.0 1609.0 916.0 693.0 0.0 60.699
14:55:00 28.0 889.0 nan 60.63 60.67 60.63 60.63 538.0 60.67 277.0 889.0 340.0 549.0 0.0 60.6479
14:56:00 50.0 2424.0 nan 60.74 60.74 60.67 60.71 251.0 60.74 57.0 2424.0 1966.0 458.0 0.0 60.6983
14:57:00 35.0 1179.0 nan 60.76 60.76 60.72 60.75 252.0 60.79 17.0 1179.0 842.0 337.0 0.0 60.7446
14:58:00 11.0 97.0 nan 60.85 60.86 60.79 60.82 519.0 60.88 486.0 97.0 97.0 0.0 0.0 60.8213
14:59:00 14.0 203.0 nan 60.88 60.9 60.85 60.86 287.0 60.9 242.0 203.0 203.0 0.0 0.0 60.8801
15:00:00 42.0 1318.0 nan 60.9 60.9 60.85 60.88 259.0 60.91 6.0 1318.0 638.0 680.0 0.0 60.8734
15:01:00 89.0 1925.0 nan 60.86 60.92 60.86 60.85 36.0 60.88 223.0 1925.0 502.0 1423.0 0.0 60.8858
15:02:00 24.0 697.0 nan 60.865 60.88 60.85 60.84 826.0 60.89 196.0 697.0 484.0 213.0 0.0 60.8749
15:03:00 26.0 513.0 nan 60.89 60.9 60.86 60.87 589.0 60.9 5.0 513.0 513.0 0.0 0.0 60.8902
15:04:00 43.0 1473.0 nan 60.98 61.0 60.9 60.97 20.0 61.0 350.0 1473.0 1472.0 1.0 0.0 60.9719
15:05:00 51.0 2403.0 nan 61.13 61.13 60.99 61.08 659.0 61.13 325.0 2403.0 2065.0 338.0 0.0 61.0541
15:06:00 62.0 2900.0 nan 61.13 61.13 61.06 61.11 9.0 61.15 256.0 2900.0 1378.0 1522.0 0.0 61.0861
15:07:00 56.0 1976.0 nan 61.11 61.15 61.08 61.11 100.0 61.15 494.0 1976.0 648.0 1328.0 0.0 61.1061
15:08:00 38.0 524.0 nan 61.16 61.16 61.11 61.13 466.0 61.17 209.0 524.0 519.0 5.0 0.0 61.1476
15:09:00 27.0 1361.0 nan 61.1 61.15 61.1 61.1 601.0 61.14 12.0 1361.0 0.0 1361.0 0.0 61.1199
15:10:00 5.0 50.0 nan 61.14 61.14 61.11 61.1 910.0 61.15 381.0 50.0 0.0 50.0 0.0 61.11
15:11:00 24.0 181.0 nan 61.16 61.16 61.11 61.13 1022.0 61.16 12.0 181.0 180.0 1.0 0.0 61.1489
15:12:00 47.0 2219.0 nan 61.105 61.15 61.1 61.09 2.0 61.13 384.0 2219.0 544.0 1675.0 0.0 61.1189
15:13:00 68.0 1977.0 nan 61.16 61.18 61.105 61.15 313.0 61.16 3.0 1977.0 1678.0 299.0 0.0 61.1554
15:14:00 77.0 2260.0 nan 61.15 61.18 61.14 61.13 933.0 61.16 100.0 2260.0 1157.0 1103.0 0.0 61.1589
15:15:00 17.0 895.0 nan 61.16 61.16 61.13 61.14 3.0 61.17 339.0 895.0 133.0 762.0 0.0 61.1403
15:16:00 11.0 256.0 nan 61.16 61.16 61.15 61.13 1583.0 61.16 305.0 256.0 253.0 3.0 0.0 61.1599
15:17:00 57.0 1916.0 nan 61.18 61.18 61.12 61.15 748.0 61.18 354.0 1916.0 900.0 1016.0 0.0 61.1431
15:18:00 70.0 2261.0 nan 61.13 61.18 61.13 61.13 323.0 61.15 322.0 2261.0 971.0 1290.0 0.0 61.1665
15:19:00 60.0 2093.0 nan 61.085 61.13 61.07 61.07 825.0 61.1 212.0 2093.0 820.0 1273.0 0.0 61.1015
15:20:00 57.0 1593.0 nan 61.14 61.14 61.09 61.11 757.0 61.15 8.0 1593.0 1482.0 111.0 0.0 61.1092
15:21:00 43.0 1660.0 nan 61.115 61.16 61.115 61.1 253.0 61.13 363.0 1660.0 258.0 1402.0 0.0 61.1342
15:22:00 53.0 1958.0 nan 61.11 61.11 61.06 61.1 2.0 61.13 331.0 1958.0 530.0 1428.0 0.0 61.0835
15:23:00 51.0 1439.0 nan 61.05 61.13 61.05 61.05 3.0 61.07 314.0 1439.0 594.0 845.0 0.0 61.0915
15:24:00 82.0 2229.0 nan 61.09 61.09 61.05 61.06 430.0 61.09 98.0 2229.0 2221.0 8.0 0.0 61.077
15:25:00 30.0 699.0 nan 61.14 61.14 61.09 61.09 503.0 61.14 441.0 699.0 699.0 0.0 0.0 61.112
15:26:00 53.0 1452.0 nan 61.19 61.2 61.14 61.16 1364.0 61.2 101.0 1452.0 1248.0 204.0 0.0 61.1487
15:27:00 90.0 3711.0 nan 61.16 61.22 61.16 61.15 720.0 61.18 151.0 3711.0 1372.0 2339.0 0.0 61.1865
15:28:00 31.0 830.0 nan 61.2 61.21 61.165 61.19 114.0 61.21 402.0 830.0 830.0 0.0 0.0 61.2014
15:29:00 51.0 1837.0 nan 61.17 61.2 61.15 61.14 877.0 61.18 328.0 1837.0 276.0 1561.0 0.0 61.1784
15:30:00 77.0 2697.0 nan 61.235 61.249 61.18 61.22 501.0 61.25 316.0 2697.0 2575.0 122.0 0.0 61.2085
15:31:00 97.0 3171.0 nan 61.21 61.24 61.18 61.18 553.0 61.23 262.0 3171.0 1512.0 1659.0 0.0 61.2148
15:32:00 27.0 658.0 nan 61.19 61.205 61.17 61.17 1324.0 61.19 4.0 658.0 136.0 522.0 0.0 61.1809
15:33:00 122.0 6712.0 nan 61.09 61.19 61.07 61.07 597.0 61.09 9.0 6712.0 1203.0 5509.0 0.0 61.1341
15:34:00 97.0 4626.0 nan 61.1 61.12 61.06 61.07 2.0 61.11 650.0 4626.0 2483.0 2143.0 0.0 61.0886
15:35:00 101.0 2272.0 nan 61.08 61.09 61.04 61.07 451.0 61.11 312.0 2272.0 794.0 1478.0 0.0 61.0579
15:36:00 53.0 1136.0 nan 61.165 61.19 61.11 61.13 1274.0 61.19 3.0 1136.0 1136.0 0.0 0.0 61.1172
15:37:00 82.0 3874.0 nan 61.13 61.18 61.13 61.13 814.0 61.18 301.0 3874.0 1688.0 2186.0 0.0 61.1583
15:38:00 92.0 3102.0 nan 61.22 61.24 61.18 61.22 505.0 61.24 203.0 3102.0 1911.0 1191.0 0.0 61.2056
15:39:00 68.0 3026.0 nan 61.275 61.28 61.24 61.26 1057.0 61.29 467.0 3026.0 2509.0 517.0 0.0 61.2636
15:40:00 103.0 4802.0 nan 61.24 61.29 61.24 61.24 150.0 61.26 204.0 4802.0 1362.0 3440.0 0.0 61.2618
15:41:00 126.0 4110.0 nan 61.28 61.29 61.22 61.27 200.0 61.28 5.0 4110.0 2146.0 1964.0 0.0 61.2569
15:42:00 79.0 3118.0 nan 61.3 61.3 61.23 61.28 231.0 61.3 239.0 3118.0 1510.0 1608.0 0.0 61.2605
15:43:00 58.0 2550.0 nan 61.3 61.3 61.24 61.28 509.0 61.3 201.0 2550.0 1179.0 1371.0 0.0 61.2737
15:44:00 96.0 4288.0 nan 61.25 61.3 61.24 61.24 610.0 61.26 283.0 4288.0 1120.0 3168.0 0.0 61.2715
15:45:00 55.0 1506.0 nan 61.28 61.3 61.25 61.27 1036.0 61.3 500.0 1506.0 1499.0 7.0 0.0 61.2716
15:46:00 179.0 7342.0 nan 61.31 61.33 61.25 61.29 372.0 61.33 360.0 7342.0 4196.0 3146.0 0.0 61.2857
15:47:00 114.0 5123.0 nan 61.36 61.42 61.31 61.35 150.0 61.38 6.0 5123.0 2590.0 2533.0 0.0 61.3448
15:48:00 69.0 3664.0 nan 61.38 61.42 61.35 61.36 154.0 61.39 332.0 3664.0 1939.0 1725.0 0.0 61.3895
15:49:00 116.0 4948.0 nan 61.38 61.38 61.32 61.36 507.0 61.38 119.0 4948.0 3133.0 1815.0 0.0 61.3464
15:50:00 83.0 3138.0 nan 61.42 61.45 61.37 61.4 483.0 61.42 1.0 3138.0 2890.0 248.0 0.0 61.4075
15:51:00 171.0 8351.0 nan 61.37 61.49 61.37 61.36 1100.0 61.38 748.0 8351.0 3226.0 5125.0 0.0 61.4217
15:52:00 94.0 4894.0 nan 61.4 61.41 61.36 61.36 1026.0 61.39 226.0 4894.0 2865.0 2029.0 0.0 61.3859
15:53:00 112.0 5081.0 nan 61.38 61.4 61.38 61.37 1246.0 61.39 1028.0 5081.0 3402.0 1679.0 0.0 61.392
15:54:00 102.0 5245.0 nan 61.36 61.41 61.355 61.35 421.0 61.37 350.0 5245.0 2287.0 2958.0 0.0 61.3821
15:55:00 146.0 7934.0 nan 61.27 61.37 61.26 61.27 50.0 61.28 1039.0 7934.0 2016.0 5918.0 0.0 61.3109
15:56:00 164.0 7238.0 nan 61.295 61.3 61.24 61.29 263.0 61.3 301.0 7238.0 4722.0 2516.0 0.0 61.2747
15:57:00 188.0 9866.0 nan 61.24 61.3 61.21 61.22 773.0 61.23 1.0 9866.0 3529.0 6337.0 0.0 61.2573
15:58:00 183.0 9245.0 nan 61.19 61.24 61.17 61.18 309.0 61.19 94.0 9245.0 5120.0 4125.0 0.0 61.1962
15:59:00 138.0 8150.0 nan 61.26 61.26 61.19 61.24 3198.0 61.26 463.0 8150.0 6190.0 1960.0 0.0 61.2234
16:00:00 348.0 17375.0 nan 61.15 61.27 61.14 61.14 17347.0 61.15 31606.0 17375.0 5657.0 11718.0 0.0 61.198
16:01:00 3.0 1946.0 nan 61.15 61.15 61.14 61.14 15256.0 61.15 9855.0 1946.0 0.0 1946.0 0.0 61.14
16:02:00 0.0 0.0 nan 61.15 nan nan 61.14 15256.0 61.15 9855.0 nan 0.0 0.0 0.0 nan
16:03:00 0.0 0.0 nan 61.15 nan nan 61.14 15256.0 61.15 9855.0 nan 0.0 0.0 0.0 nan
16:04:00 0.0 0.0 nan 61.15 nan nan 61.14 15256.0 61.15 9855.0 nan 0.0 0.0 0.0 nan
16:05:00 0.0 0.0 nan 61.15 nan nan 61.14 15256.0 61.15 9855.0 nan 0.0 0.0 0.0 nan
16:06:00 0.0 0.0 nan 61.15 nan nan 61.14 15256.0 61.15 9855.0 nan 0.0 0.0 0.0 nan
16:07:00 0.0 0.0 nan 61.15 nan nan 61.14 15256.0 61.15 9855.0 nan 0.0 0.0 0.0 nan
16:08:00 0.0 0.0 nan 61.15 nan nan 61.14 15256.0 61.15 9855.0 nan 0.0 0.0 0.0 nan
16:09:00 0.0 0.0 nan 61.15 nan nan 61.14 15256.0 61.15 9855.0 nan 0.0 0.0 0.0 nan
16:10:00 0.0 0.0 nan 61.15 nan nan 61.14 15256.0 61.15 9855.0 nan 0.0 0.0 0.0 nan
16:11:00 0.0 0.0 nan 61.15 nan nan 61.14 15256.0 61.15 9855.0 nan 0.0 0.0 0.0 nan
16:12:00 0.0 0.0 nan 61.15 nan nan 61.14 15256.0 61.15 9855.0 nan 0.0 0.0 0.0 nan
16:13:00 0.0 0.0 nan 61.15 nan nan 61.14 15256.0 61.15 9855.0 nan 0.0 0.0 0.0 nan
16:14:00 0.0 0.0 nan 61.15 nan nan 61.14 15256.0 61.15 9855.0 nan 0.0 0.0 0.0 nan
16:15:00 0.0 0.0 nan 61.15 nan nan 61.14 15256.0 61.15 9855.0 nan 0.0 0.0 0.0 nan
16:16:00 0.0 0.0 nan 61.15 nan nan 61.14 15256.0 61.15 9855.0 nan 0.0 0.0 0.0 nan
16:17:00 0.0 0.0 nan 61.15 nan nan 61.14 15256.0 61.15 9855.0 nan 0.0 0.0 0.0 nan
16:18:00 0.0 0.0 nan 61.15 nan nan 61.14 15256.0 61.15 9855.0 nan 0.0 0.0 0.0 nan
16:19:00 0.0 0.0 nan 61.15 nan nan 61.14 15256.0 61.15 9855.0 nan 0.0 0.0 0.0 nan
16:20:00 0.0 0.0 nan 61.15 nan nan 61.14 15256.0 61.15 9855.0 nan 0.0 0.0 0.0 nan
16:21:00 0.0 0.0 nan 61.15 nan nan 61.14 15256.0 61.15 9855.0 nan 0.0 0.0 0.0 nan
16:22:00 0.0 0.0 nan 61.15 nan nan 61.14 15256.0 61.15 9855.0 nan 0.0 0.0 0.0 nan
16:23:00 0.0 0.0 nan 61.15 nan nan 61.14 15256.0 61.15 9855.0 nan 0.0 0.0 0.0 nan
16:24:00 0.0 0.0 nan 61.15 nan nan 61.14 15256.0 61.15 9855.0 nan 0.0 0.0 0.0 nan
16:25:00 0.0 0.0 nan 61.15 nan nan 61.14 15256.0 61.15 9855.0 nan 0.0 0.0 0.0 nan
16:26:00 0.0 0.0 nan 61.15 nan nan 61.14 15256.0 61.15 9855.0 nan 0.0 0.0 0.0 nan
16:27:00 0.0 0.0 nan 61.15 nan nan 61.14 15256.0 61.15 9855.0 nan 0.0 0.0 0.0 nan
16:28:00 0.0 0.0 nan 61.15 nan nan 61.14 15256.0 61.15 9855.0 nan 0.0 0.0 0.0 nan
16:29:00 0.0 0.0 nan 61.15 nan nan 61.14 15256.0 61.15 9855.0 nan 0.0 0.0 0.0 nan
16:30:00 0.0 0.0 nan 61.15 nan nan 61.14 15256.0 61.15 9855.0 nan 0.0 0.0 0.0 nan
16:31:00 0.0 0.0 nan 61.15 nan nan 61.14 15256.0 61.15 9855.0 nan 0.0 0.0 0.0 nan
16:32:00 0.0 0.0 nan 61.15 nan nan 61.14 15256.0 61.15 9855.0 nan 0.0 0.0 0.0 nan
16:33:00 0.0 0.0 nan 61.15 nan nan 61.14 15256.0 61.15 9855.0 nan 0.0 0.0 0.0 nan
16:34:00 0.0 0.0 nan 61.15 nan nan 61.14 15256.0 61.15 9855.0 nan 0.0 0.0 0.0 nan
16:35:00 0.0 0.0 nan 61.15 nan nan 61.14 15256.0 61.15 9855.0 nan 0.0 0.0 0.0 nan
16:36:00 0.0 0.0 nan 61.15 nan nan 61.14 15256.0 61.15 9855.0 nan 0.0 0.0 0.0 nan
16:37:00 0.0 0.0 nan 61.15 nan nan 61.14 15256.0 61.15 9855.0 nan 0.0 0.0 0.0 nan
16:38:00 0.0 0.0 nan 61.15 nan nan 61.14 15256.0 61.15 9855.0 nan 0.0 0.0 0.0 nan
16:39:00 0.0 0.0 nan 61.15 nan nan 61.14 15256.0 61.15 9855.0 nan 0.0 0.0 0.0 nan
16:40:00 0.0 0.0 nan 61.15 nan nan 61.14 15256.0 61.15 9855.0 nan 0.0 0.0 0.0 nan
16:41:00 0.0 0.0 nan 61.15 nan nan 61.14 15256.0 61.15 9855.0 nan 0.0 0.0 0.0 nan
16:42:00 0.0 0.0 nan 61.15 nan nan 61.14 15256.0 61.15 9855.0 nan 0.0 0.0 0.0 nan
16:43:00 0.0 0.0 nan 61.15 nan nan 61.14 15256.0 61.15 9855.0 nan 0.0 0.0 0.0 nan
16:44:00 0.0 0.0 nan 61.15 nan nan 61.14 15256.0 61.15 9855.0 nan 0.0 0.0 0.0 nan
16:45:00 0.0 0.0 nan 61.15 nan nan 61.14 15256.0 61.15 9855.0 nan 0.0 0.0 0.0 nan
16:46:00 0.0 0.0 nan 61.15 nan nan 61.14 15256.0 61.15 9855.0 nan 0.0 0.0 0.0 nan
16:47:00 0.0 0.0 nan 61.15 nan nan 61.14 15256.0 61.15 9855.0 nan 0.0 0.0 0.0 nan
16:48:00 0.0 0.0 nan 61.15 nan nan 61.14 15256.0 61.15 9855.0 nan 0.0 0.0 0.0 nan
16:49:00 0.0 0.0 nan 61.15 nan nan 61.14 15256.0 61.15 9855.0 nan 0.0 0.0 0.0 nan
16:50:00 0.0 0.0 nan 61.15 nan nan 61.14 15256.0 61.15 9855.0 nan 0.0 0.0 0.0 nan
16:51:00 0.0 0.0 nan 61.15 nan nan 61.14 15256.0 61.15 9855.0 nan 0.0 0.0 0.0 nan
16:52:00 0.0 0.0 nan 61.15 nan nan 61.14 15256.0 61.15 9855.0 nan 0.0 0.0 0.0 nan
16:53:00 0.0 0.0 nan 61.15 nan nan 61.14 15256.0 61.15 9855.0 nan 0.0 0.0 0.0 nan
16:54:00 0.0 0.0 nan 61.15 nan nan 61.14 15256.0 61.15 9855.0 nan 0.0 0.0 0.0 nan
16:55:00 0.0 0.0 nan 61.15 nan nan 61.14 15256.0 61.15 9855.0 nan 0.0 0.0 0.0 nan
16:56:00 0.0 0.0 nan 61.15 nan nan 61.14 15256.0 61.15 9855.0 nan 0.0 0.0 0.0 nan
16:57:00 0.0 0.0 nan 61.15 nan nan 61.14 15256.0 61.15 9855.0 nan 0.0 0.0 0.0 nan
16:58:00 0.0 0.0 nan 61.15 nan nan 61.14 15256.0 61.15 9855.0 nan 0.0 0.0 0.0 nan
16:59:00 0.0 0.0 nan 61.15 nan nan 61.14 15256.0 61.15 9855.0 nan 0.0 0.0 0.0 nan
17:00:00 0.0 0.0 nan 61.15 nan nan 61.14 15256.0 61.15 9855.0 nan 0.0 0.0 0.0 nan
