time trade_count trade_volume trade_first trade_last trade_high trade_low bid_price bid_size ask_price ask_size hid_vol buy_vol sell_vol unsided_vol vwap
09:00:00 nan 0.0 nan nan nan nan 58.92 650.0 59.56 14.0 nan 0.0 0.0 0.0 nan
09:01:00 0.0 0.0 nan nan nan nan 58.92 650.0 59.56 14.0 nan 0.0 0.0 0.0 nan
09:02:00 0.0 0.0 nan nan nan nan 58.92 650.0 59.56 14.0 nan 0.0 0.0 0.0 nan
09:03:00 0.0 0.0 nan nan nan nan 58.92 650.0 59.56 14.0 nan 0.0 0.0 0.0 nan
09:04:00 0.0 0.0 nan nan nan nan 58.92 650.0 59.56 14.0 nan 0.0 0.0 0.0 nan
09:05:00 0.0 0.0 nan nan nan nan 58.92 650.0 59.56 14.0 nan 0.0 0.0 0.0 nan
09:06:00 0.0 0.0 nan nan nan nan 58.92 650.0 59.56 14.0 nan 0.0 0.0 0.0 nan
09:07:00 0.0 0.0 nan nan nan nan 58.92 650.0 59.56 14.0 nan 0.0 0.0 0.0 nan
09:08:00 0.0 0.0 nan nan nan nan 58.92 650.0 59.56 14.0 nan 0.0 0.0 0.0 nan
09:09:00 0.0 0.0 nan nan nan nan 58.92 650.0 59.56 14.0 nan 0.0 0.0 0.0 nan
09:10:00 0.0 0.0 nan nan nan nan 58.93 20.0 59.56 14.0 nan 0.0 0.0 0.0 nan
09:11:00 0.0 0.0 nan nan nan nan 58.92 650.0 59.56 14.0 nan 0.0 0.0 0.0 nan
09:12:00 0.0 0.0 nan nan nan nan 58.92 650.0 59.56 14.0 nan 0.0 0.0 0.0 nan
09:13:00 0.0 0.0 nan nan nan nan 58.92 650.0 59.56 14.0 nan 0.0 0.0 0.0 nan
09:14:00 0.0 0.0 nan nan nan nan 58.92 650.0 59.56 14.0 nan 0.0 0.0 0.0 nan
09:15:00 0.0 0.0 nan nan nan nan 58.92 650.0 59.56 14.0 nan 0.0 0.0 0.0 nan
09:16:00 0.0 0.0 nan nan nan nan 58.92 650.0 59.56 14.0 nan 0.0 0.0 0.0 nan
09:17:00 0.0 0.0 nan nan nan nan 58.92 650.0 59.56 14.0 nan 0.0 0.0 0.0 nan
09:18:00 0.0 0.0 nan nan nan nan 58.92 650.0 59.56 14.0 nan 0.0 0.0 0.0 nan
09:19:00 0.0 0.0 nan nan nan nan 58.92 650.0 59.56 14.0 nan 0.0 0.0 0.0 nan
09:20:00 2.0 0.0 nan 58.94 58.94 58.94 58.92 650.0 59.56 14.0 nan 0.0 0.0 0.0 nan
09:21:00 1.0 0.0 nan 58.94 58.94 58.94 58.93 20.0 59.56 42.0 nan 0.0 0.0 0.0 nan
09:22:00 0.0 0.0 nan 58.94 nan nan 58.93 20.0 59.56 42.0 nan 0.0 0.0 0.0 nan
09:23:00 0.0 0.0 nan 58.94 nan nan 58.93 20.0 59.56 42.0 nan 0.0 0.0 0.0 nan
09:24:00 0.0 0.0 nan 58.94 nan nan 58.92 650.0 59.56 42.0 nan 0.0 0.0 0.0 nan
09:25:00 0.0 0.0 nan 58.94 nan nan 58.92 650.0 59.56 42.0 nan 0.0 0.0 0.0 nan
09:26:00 0.0 0.0 nan 58.94 nan nan 58.92 650.0 59.56 142.0 nan 0.0 0.0 0.0 nan
09:27:00 0.0 0.0 nan 58.94 nan nan 58.92 650.0 59.55 140.0 nan 0.0 0.0 0.0 nan
09:28:00 0.0 0.0 nan 58.94 nan nan 58.92 650.0 59.55 240.0 nan 0.0 0.0 0.0 nan
09:29:00 0.0 0.0 nan 58.94 nan nan 58.92 650.0 59.55 200.0 nan 0.0 0.0 0.0 nan
09:30:00 8.0 650.0 nan 58.81 58.93 58.81 58.8 50.0 59.55 200.0 650.0 0.0 650.0 0.0 58.92
09:31:00 37.0 1736.0 nan 58.88 58.88 58.55 58.57 1.0 58.9 30.0 1736.0 400.0 1336.0 0.0 58.782
09:32:00 18.0 1086.0 nan 58.91 58.91 58.85 58.73 476.0 58.98 201.0 1086.0 1086.0 0.0 0.0 58.9017
09:33:00 1.0 0.0 nan 58.96 58.96 58.96 58.73 402.0 58.98 201.0 nan 0.0 0.0 0.0 nan
09:34:00 8.0 1001.0 nan 58.83 58.85 58.83 58.77 300.0 58.98 201.0 1001.0 0.0 1001.0 0.0 58.83
09:35:00 6.0 302.0 nan 58.62 58.79 58.62 58.59 425.0 58.87 530.0 302.0 0.0 302.0 0.0 58.79
09:36:00 11.0 2050.0 nan 58.66 58.71 58.59 58.61 100.0 58.81 30.0 2050.0 0.0 2050.0 0.0 58.6672
09:37:00 32.0 251.0 nan 58.72 58.8 58.5 58.64 201.0 58.82 203.0 251.0 43.0 208.0 0.0 58.6167
09:38:00 28.0 383.0 nan 58.87 58.88 58.8 58.74 2430.0 58.99 25.0 383.0 383.0 0.0 0.0 58.8401
09:39:00 1.0 0.0 nan 58.8 58.8 58.8 58.8 2191.0 58.99 25.0 nan 0.0 0.0 0.0 nan
09:40:00 2.0 0.0 nan 58.97 58.97 58.97 58.82 1706.0 59.0 168.0 nan 0.0 0.0 0.0 nan
09:41:00 1.0 1.0 nan 59.0 59.0 59.0 58.85 3401.0 59.0 817.0 1.0 1.0 0.0 0.0 59.0
09:42:00 52.0 4427.0 nan 58.88 58.88 58.72 58.8 996.0 58.95 3.0 4427.0 1511.0 2916.0 0.0 58.8431
09:43:00 6.0 100.0 nan 58.94 58.94 58.84 58.85 501.0 58.95 2.0 100.0 100.0 0.0 0.0 58.94
09:44:00 1.0 5.0 nan 58.95 58.95 58.95 58.87 371.0 58.95 2.0 5.0 0.0 5.0 0.0 58.95
09:45:00 0.0 0.0 nan 58.95 nan nan 58.9 909.0 58.98 2.0 nan 0.0 0.0 0.0 nan
09:46:00 9.0 107.0 nan 59.12 59.12 58.9 59.06 25.0 59.2 114.0 107.0 94.0 13.0 0.0 58.9955
09:47:00 7.0 81.0 nan 59.24 59.24 59.2 59.17 156.0 59.28 3.0 81.0 79.0 2.0 0.0 59.204
09:48:00 7.0 181.0 nan 59.42 59.42 59.35 59.38 22.0 59.5 4.0 181.0 181.0 0.0 0.0 59.4189
09:49:00 14.0 834.0 nan 59.5 59.5 59.4 59.37 2514.0 59.51 283.0 834.0 4.0 830.0 0.0 59.4005
09:50:00 31.0 748.0 nan 59.61 59.62 59.45 59.54 1034.0 59.65 5.0 748.0 748.0 0.0 0.0 59.5419
09:51:00 43.0 2148.0 nan 59.65 59.655 59.56 59.59 63.0 59.74 328.0 2148.0 403.0 1745.0 0.0 59.5826
09:52:00 40.0 918.0 nan 59.73 59.8 59.71 59.7 31.0 59.8 102.0 918.0 76.0 842.0 0.0 59.7491
09:53:00 20.0 388.0 nan 59.79 59.845 59.74 59.73 30.0 59.86 226.0 388.0 288.0 100.0 0.0 59.7594
09:54:00 41.0 779.0 nan 59.98 60.0 59.79 59.94 902.0 59.98 11.0 779.0 739.0 40.0 0.0 59.9412
09:55:00 76.0 3649.0 nan 59.98 60.01 59.89 59.93 25.0 60.03 50.0 3649.0 1395.0 2254.0 0.0 59.9294
09:56:00 27.0 800.0 nan 59.9 60.02 59.9 59.89 219.0 59.97 300.0 800.0 7.0 793.0 0.0 59.9267
09:57:00 32.0 939.0 nan 59.82 59.96 59.82 59.8 13.0 59.85 301.0 939.0 0.0 939.0 0.0 59.8789
09:58:00 31.0 1835.0 nan 59.94 59.94 59.8 59.87 727.0 59.96 2.0 1835.0 1828.0 7.0 0.0 59.8651
09:59:00 20.0 548.0 nan 59.93 59.99 59.89 59.9 732.0 59.95 200.0 548.0 146.0 402.0 0.0 59.9124
10:00:00 26.0 1605.0 nan 59.88 59.91 59.88 59.88 503.0 59.94 50.0 1605.0 55.0 1550.0 0.0 59.8943
10:01:00 50.0 2100.0 nan 59.74 59.88 59.74 59.72 2.0 59.8 1438.0 2100.0 118.0 1982.0 0.0 59.8231
10:02:00 10.0 242.0 nan 59.7 59.78 59.7 59.66 25.0 59.73 27.0 242.0 11.0 231.0 0.0 59.7036
10:03:00 11.0 613.0 nan 59.65 59.73 59.65 59.62 300.0 59.67 2.0 613.0 3.0 610.0 0.0 59.6504
10:04:00 43.0 2440.0 nan 59.86 59.86 59.67 59.84 527.0 59.9 8.0 2440.0 2240.0 200.0 0.0 59.7397
10:05:00 46.0 2360.0 nan 59.85 59.9 59.81 59.79 25.0 59.84 300.0 2360.0 746.0 1614.0 0.0 59.8484
10:06:00 58.0 2046.0 nan 59.72 59.84 59.64 59.68 602.0 59.75 42.0 2046.0 328.0 1718.0 0.0 59.7167
10:07:00 36.0 1468.0 nan 59.67 59.71 59.63 59.65 289.0 59.73 174.0 1468.0 955.0 513.0 0.0 59.67
10:08:00 14.0 285.0 nan 59.8 59.8 59.71 59.75 25.0 59.82 49.0 285.0 180.0 105.0 0.0 59.7241
10:09:00 13.0 249.0 nan 59.84 59.86 59.8 59.75 740.0 59.88 215.0 249.0 136.0 113.0 0.0 59.8161
10:10:00 3.0 0.0 nan 59.825 59.825 59.825 59.77 650.0 59.88 1115.0 nan 0.0 0.0 0.0 nan
10:11:00 40.0 1264.0 nan 59.745 59.78 59.73 59.72 3.0 59.78 25.0 1264.0 2.0 1262.0 0.0 59.7566
10:12:00 26.0 401.0 nan 59.8 59.8 59.7 59.72 100.0 59.81 140.0 401.0 207.0 194.0 0.0 59.7509
10:13:00 61.0 1192.0 nan 59.98 60.0 59.765 59.97 1.0 60.0 117.0 1192.0 632.0 560.0 0.0 59.9192
10:14:00 50.0 2143.0 nan 59.92 60.03 59.92 59.9 4.0 59.94 5.0 2143.0 567.0 1576.0 0.0 59.9761
10:15:00 50.0 1190.0 nan 59.9 59.97 59.89 59.86 509.0 59.95 239.0 1190.0 273.0 917.0 0.0 59.9003
10:16:00 36.0 887.0 nan 59.84 59.86 59.79 59.8 20.0 59.86 256.0 887.0 228.0 659.0 0.0 59.8379
10:17:00 5.0 162.0 nan 59.91 59.91 59.86 59.86 25.0 59.95 25.0 162.0 162.0 0.0 0.0 59.8619
10:18:00 3.0 0.0 nan 59.95 59.95 59.92 59.87 6.0 59.96 142.0 nan 0.0 0.0 0.0 nan
10:19:00 6.0 142.0 nan 59.99 59.99 59.91 59.94 3.0 59.99 1.0 142.0 142.0 0.0 0.0 59.9811
10:20:00 8.0 107.0 nan 60.04 60.04 60.0 59.98 738.0 60.08 1030.0 107.0 107.0 0.0 0.0 60.0019
10:21:00 39.0 1812.0 nan 60.0 60.0 59.94 59.93 25.0 60.01 298.0 1812.0 273.0 1539.0 0.0 59.9687
10:22:00 7.0 0.0 nan 59.965 59.965 59.965 59.93 25.0 60.01 308.0 nan 0.0 0.0 0.0 nan
10:23:00 90.0 1764.0 nan 60.08 60.1 59.92 60.0 1683.0 60.1 419.0 1764.0 1187.0 577.0 0.0 60.0118
10:24:00 32.0 723.0 nan 59.9 60.045 59.9 59.89 73.0 59.94 5.0 723.0 0.0 723.0 0.0 59.994
10:25:00 6.0 74.0 nan 59.88 59.89 59.88 59.85 191.0 59.91 211.0 74.0 0.0 74.0 0.0 59.8899
10:26:00 6.0 112.0 nan 59.92 59.92 59.88 59.88 217.0 59.97 954.0 112.0 112.0 0.0 0.0 59.9101
10:27:00 32.0 573.0 nan 59.89 60.0 59.89 59.88 104.0 59.95 35.0 573.0 280.0 293.0 0.0 59.948
10:28:00 24.0 402.0 nan 59.96 59.96 59.86 59.94 63.0 59.98 202.0 402.0 293.0 109.0 0.0 59.9235
10:29:00 47.0 1180.0 nan 59.86 59.99 59.86 59.83 14.0 59.89 406.0 1180.0 202.0 978.0 0.0 59.9228
10:30:00 38.0 1358.0 nan 60.03 60.03 59.84 59.94 1918.0 60.03 48.0 1358.0 1033.0 325.0 0.0 59.9311
10:31:00 27.0 736.0 nan 59.85 60.03 59.85 59.82 5.0 59.87 42.0 736.0 96.0 640.0 0.0 59.9091
10:32:00 23.0 908.0 nan 59.81 59.85 59.78 59.79 121.0 59.84 272.0 908.0 578.0 330.0 0.0 59.8021
10:33:00 24.0 700.0 nan 59.79 59.84 59.79 59.73 1.0 59.86 438.0 700.0 245.0 455.0 0.0 59.8187
10:34:00 0.0 0.0 nan 59.79 nan nan 59.76 1.0 59.86 379.0 nan 0.0 0.0 0.0 nan
10:35:00 5.0 3.0 nan 59.82 59.82 59.815 59.77 262.0 59.83 384.0 3.0 3.0 0.0 0.0 59.82
10:36:00 16.0 443.0 nan 59.75 59.8 59.75 59.74 491.0 59.78 259.0 443.0 0.0 443.0 0.0 59.7666
10:37:00 43.0 1704.0 nan 59.76 59.76 59.71 59.72 250.0 59.81 53.0 1704.0 779.0 925.0 0.0 59.7423
10:38:00 4.0 58.0 nan 59.79 59.79 59.73 59.73 966.0 59.8 25.0 58.0 53.0 5.0 0.0 59.7666
10:39:00 10.0 162.0 nan 59.83 59.83 59.8 59.79 468.0 59.85 151.0 162.0 162.0 0.0 0.0 59.8169
10:40:00 37.0 1083.0 nan 59.65 59.82 59.65 59.61 1.0 59.66 326.0 1083.0 0.0 1083.0 0.0 59.7622
10:41:00 34.0 775.0 nan 59.63 59.69 59.62 59.6 1216.0 59.66 401.0 775.0 326.0 449.0 0.0 59.6458
10:42:00 26.0 1681.0 nan 59.54 59.63 59.54 59.49 212.0 59.55 1001.0 1681.0 10.0 1671.0 0.0 59.5892
10:43:00 31.0 973.0 nan 59.51 59.51 59.44 59.48 304.0 59.53 202.0 973.0 672.0 301.0 0.0 59.4988
10:44:00 20.0 655.0 nan 59.46 59.48 59.46 59.44 106.0 59.48 305.0 655.0 0.0 655.0 0.0 59.4754
10:45:00 22.0 650.0 nan 59.51 59.57 59.48 59.5 204.0 59.58 441.0 650.0 640.0 10.0 0.0 59.5029
10:46:00 11.0 15.0 nan 59.63 59.63 59.53 59.53 399.0 59.64 37.0 15.0 14.0 1.0 0.0 59.602
10:47:00 27.0 1189.0 nan 59.56 59.56 59.5 59.5 33.0 59.58 4.0 1189.0 706.0 483.0 0.0 59.5208
10:48:00 16.0 196.0 nan 59.5 59.545 59.49 59.48 14.0 59.51 48.0 196.0 150.0 46.0 0.0 59.4993
10:49:00 1.0 48.0 nan 59.51 59.51 59.51 59.48 494.0 59.56 31.0 48.0 48.0 0.0 0.0 59.51
10:50:00 48.0 1619.0 nan 59.47 59.56 59.47 59.46 30.0 59.5 200.0 1619.0 33.0 1586.0 0.0 59.4952
10:51:00 48.0 1384.0 nan 59.21 59.46 59.1 59.16 425.0 59.23 100.0 1384.0 730.0 654.0 0.0 59.2275
10:52:00 14.0 515.0 nan 59.18 59.25 59.18 59.17 16.0 59.22 253.0 515.0 362.0 153.0 0.0 59.2174
10:53:00 35.0 1283.0 nan 59.28 59.28 59.19 59.22 775.0 59.28 400.0 1283.0 628.0 655.0 0.0 59.2334
10:54:00 33.0 1550.0 nan 59.26 59.3 59.245 59.23 22.0 59.3 146.0 1550.0 321.0 1229.0 0.0 59.2643
10:55:00 34.0 693.0 nan 59.23 59.31 59.23 59.22 161.0 59.28 200.0 693.0 420.0 273.0 0.0 59.2688
10:56:00 11.0 393.0 nan 59.22 59.22 59.19 59.18 168.0 59.23 203.0 393.0 0.0 393.0 0.0 59.2125
10:57:00 5.0 2.0 nan 59.19 59.195 59.17 59.17 28.0 59.22 301.0 2.0 0.0 2.0 0.0 59.17
10:58:00 16.0 412.0 nan 59.28 59.28 59.22 59.23 6.0 59.29 508.0 412.0 409.0 3.0 0.0 59.2259
10:59:00 70.0 2369.0 nan 59.24 59.31 59.24 59.24 32.0 59.28 405.0 2369.0 1261.0 1108.0 0.0 59.2746
11:00:00 66.0 1847.0 nan 59.18 59.25 59.1 59.11 280.0 59.18 214.0 1847.0 839.0 1008.0 0.0 59.1496
11:01:00 39.0 2007.0 nan 59.18 59.2 59.1 59.13 410.0 59.21 542.0 2007.0 1572.0 435.0 0.0 59.1553
11:02:00 22.0 826.0 nan 59.25 59.25 59.13 59.2 877.0 59.31 226.0 826.0 582.0 244.0 0.0 59.1543
11:03:00 0.0 0.0 nan 59.25 nan nan 59.2 1088.0 59.31 726.0 nan 0.0 0.0 0.0 nan
11:04:00 31.0 757.0 nan 59.24 59.25 59.2 59.19 259.0 59.24 1.0 757.0 5.0 752.0 0.0 59.2007
11:05:00 25.0 870.0 nan 59.22 59.22 59.17 59.17 288.0 59.24 302.0 870.0 202.0 668.0 0.0 59.1939
11:06:00 20.0 1002.0 nan 59.24 59.3 59.24 59.23 453.0 59.29 50.0 1002.0 1002.0 0.0 0.0 59.2759
11:07:00 19.0 616.0 nan 59.22 59.265 59.21 59.19 112.0 59.25 132.0 616.0 0.0 616.0 0.0 59.2269
11:08:00 12.0 412.0 nan 59.19 59.19 59.19 59.18 10.0 59.25 262.0 412.0 300.0 112.0 0.0 59.19
11:09:00 37.0 1034.0 nan 59.23 59.23 59.16 59.19 150.0 59.25 50.0 1034.0 523.0 511.0 0.0 59.1781
11:10:00 0.0 0.0 nan 59.23 nan nan 59.2 463.0 59.26 253.0 nan 0.0 0.0 0.0 nan
11:11:00 6.0 180.0 nan 59.22 59.26 59.22 59.21 664.0 59.31 1180.0 180.0 180.0 0.0 0.0 59.26
11:12:00 11.0 398.0 nan 59.36 59.36 59.28 59.32 591.0 59.38 204.0 398.0 397.0 1.0 0.0 59.3101
11:13:00 7.0 104.0 nan 59.39 59.39 59.35 59.34 673.0 59.44 75.0 104.0 104.0 0.0 0.0 59.38
11:14:00 44.0 1456.0 nan 59.22 59.35 59.22 59.22 213.0 59.29 102.0 1456.0 0.0 1456.0 0.0 59.3195
11:15:00 2.0 102.0 nan 59.29 59.29 59.29 59.22 349.0 59.31 200.0 102.0 102.0 0.0 0.0 59.29
11:16:00 17.0 543.0 nan 59.27 59.31 59.24 59.23 161.0 59.28 203.0 543.0 401.0 142.0 0.0 59.3011
11:17:00 32.0 622.0 nan 59.15 59.255 59.15 59.13 107.0 59.19 28.0 622.0 0.0 622.0 0.0 59.2171
11:18:00 36.0 1003.0 nan 59.15 59.16 59.11 59.1 348.0 59.17 2.0 1003.0 646.0 357.0 0.0 59.1447
11:19:00 7.0 3.0 nan 59.17 59.17 59.16 59.1 357.0 59.19 308.0 3.0 3.0 0.0 0.0 59.1667
11:20:00 30.0 558.0 nan 59.14 59.145 59.1 59.09 25.0 59.16 8.0 558.0 108.0 450.0 0.0 59.1059
11:21:00 12.0 229.0 nan 59.21 59.21 59.15 59.17 6.0 59.21 733.0 229.0 229.0 0.0 0.0 59.191
11:22:00 19.0 734.0 nan 59.23 59.23 59.18 59.21 681.0 59.25 100.0 734.0 730.0 4.0 0.0 59.2092
11:23:00 39.0 1471.0 nan 59.29 59.29 59.2 59.23 654.0 59.3 203.0 1471.0 690.0 781.0 0.0 59.2239
11:24:00 1.0 0.0 nan 59.26 59.26 59.26 59.23 768.0 59.28 205.0 nan 0.0 0.0 0.0 nan
11:25:00 9.0 220.0 nan 59.33 59.33 59.28 59.31 3.0 59.37 897.0 220.0 220.0 0.0 0.0 59.2834
11:26:00 67.0 1794.0 nan 59.25 59.31 59.24 59.22 605.0 59.28 1021.0 1794.0 97.0 1697.0 0.0 59.2876
11:27:00 46.0 2117.0 nan 59.44 59.44 59.28 59.38 458.0 59.5 745.0 2117.0 1481.0 636.0 0.0 59.3308
11:28:00 3.0 0.0 nan 59.435 59.49 59.435 59.38 462.0 59.44 142.0 nan 0.0 0.0 0.0 nan
11:29:00 38.0 653.0 nan 59.31 59.41 59.31 59.27 235.0 59.34 142.0 653.0 0.0 653.0 0.0 59.3659
11:30:00 35.0 1413.0 nan 59.33 59.42 59.33 59.31 41.0 59.38 600.0 1413.0 735.0 678.0 0.0 59.3547
11:31:00 31.0 1489.0 nan 59.49 59.49 59.36 59.43 3.0 59.49 225.0 1489.0 1001.0 488.0 0.0 59.408
11:32:00 14.0 173.0 nan 59.44 59.44 59.36 59.37 30.0 59.43 100.0 173.0 142.0 31.0 0.0 59.4271
11:33:00 41.0 1102.0 nan 59.3 59.44 59.3 59.29 339.0 59.33 31.0 1102.0 556.0 546.0 0.0 59.3676
11:34:00 22.0 638.0 nan 59.41 59.41 59.33 59.35 32.0 59.47 76.0 638.0 638.0 0.0 0.0 59.3741
11:35:00 6.0 106.0 nan 59.505 59.51 59.49 59.46 429.0 59.55 200.0 106.0 106.0 0.0 0.0 59.4901
11:36:00 4.0 2.0 nan 59.51 59.51 59.5 59.47 6.0 59.55 75.0 2.0 0.0 2.0 0.0 59.505
11:37:00 33.0 782.0 nan 59.475 59.48 59.45 59.44 311.0 59.5 3.0 782.0 0.0 782.0 0.0 59.4596
11:38:00 36.0 792.0 nan 59.43 59.5 59.4 59.38 7.0 59.44 301.0 792.0 5.0 787.0 0.0 59.4201
11:39:00 8.0 300.0 nan 59.42 59.44 59.42 59.39 406.0 59.45 19.0 300.0 300.0 0.0 0.0 59.44
11:40:00 25.0 491.0 nan 59.46 59.5 59.45 59.46 68.0 59.5 200.0 491.0 373.0 118.0 0.0 59.4579
11:41:00 15.0 674.0 nan 59.45 59.5 59.45 59.43 160.0 59.5 101.0 674.0 200.0 474.0 0.0 59.4718
11:42:00 18.0 396.0 nan 59.53 59.55 59.49 59.46 452.0 59.52 200.0 396.0 396.0 0.0 0.0 59.52
11:43:00 9.0 160.0 nan 59.54 59.55 59.49 59.52 371.0 59.56 200.0 160.0 160.0 0.0 0.0 59.5224
11:44:00 35.0 1157.0 nan 59.55 59.55 59.49 59.52 420.0 59.56 101.0 1157.0 444.0 713.0 0.0 59.5232
11:45:00 19.0 460.0 nan 59.56 59.56 59.5 59.5 223.0 59.58 1085.0 460.0 143.0 317.0 0.0 59.5318
11:46:00 36.0 1133.0 nan 59.42 59.57 59.42 59.42 436.0 59.48 2.0 1133.0 128.0 1005.0 0.0 59.4816
11:47:00 13.0 571.0 nan 59.49 59.49 59.44 59.46 103.0 59.49 50.0 571.0 471.0 100.0 0.0 59.4754
11:48:00 7.0 132.0 nan 59.43 59.46 59.43 59.43 268.0 59.49 63.0 132.0 0.0 132.0 0.0 59.4577
11:49:00 25.0 709.0 nan 59.52 59.52 59.48 59.49 151.0 59.54 461.0 709.0 409.0 300.0 0.0 59.4978
11:50:00 11.0 459.0 nan 59.49 59.54 59.49 59.47 44.0 59.53 69.0 459.0 250.0 209.0 0.0 59.5172
11:51:00 41.0 1647.0 nan 59.54 59.58 59.52 59.5 24.0 59.56 201.0 1647.0 1045.0 602.0 0.0 59.5686
11:52:00 27.0 549.0 nan 59.46 59.5 59.42 59.4 937.0 59.5 502.0 549.0 6.0 543.0 0.0 59.4644
11:53:00 9.0 105.0 nan 59.49 59.49 59.45 59.41 252.0 59.47 25.0 105.0 0.0 105.0 0.0 59.45
11:54:00 26.0 811.0 nan 59.38 59.41 59.34 59.32 201.0 59.37 100.0 811.0 232.0 579.0 0.0 59.3768
11:55:00 23.0 473.0 nan 59.3 59.37 59.3 59.27 1.0 59.32 587.0 473.0 200.0 273.0 0.0 59.3399
11:56:00 30.0 636.0 nan 59.28 59.32 59.23 59.26 60.0 59.32 83.0 636.0 336.0 300.0 0.0 59.276
11:57:00 14.0 258.0 nan 59.28 59.335 59.25 59.26 6.0 59.32 310.0 258.0 141.0 117.0 0.0 59.3024
11:58:00 5.0 0.0 nan 59.31 59.31 59.29 59.26 366.0 59.32 144.0 nan 0.0 0.0 0.0 nan
11:59:00 13.0 412.0 nan 59.34 59.34 59.32 59.3 602.0 59.38 187.0 412.0 412.0 0.0 0.0 59.3233
12:00:00 23.0 830.0 nan 59.35 59.38 59.34 59.33 193.0 59.39 100.0 830.0 406.0 424.0 0.0 59.3596
12:01:00 5.0 265.0 nan 59.39 59.39 59.38 59.33 284.0 59.41 534.0 265.0 265.0 0.0 0.0 59.39
12:02:00 7.0 101.0 nan 59.37 59.4 59.34 59.33 333.0 59.38 200.0 101.0 100.0 1.0 0.0 59.3699
12:03:00 27.0 1328.0 nan 59.46 59.465 59.38 59.43 271.0 59.48 404.0 1328.0 1228.0 100.0 0.0 59.3901
12:04:00 34.0 850.0 nan 59.44 59.47 59.41 59.39 288.0 59.48 404.0 850.0 307.0 543.0 0.0 59.4283
12:05:00 6.0 239.0 nan 59.45 59.45 59.44 59.39 507.0 59.45 361.0 239.0 239.0 0.0 0.0 59.45
12:06:00 54.0 1481.0 nan 59.51 59.56 59.44 59.49 10.0 59.52 20.0 1481.0 1018.0 463.0 0.0 59.4847
12:07:00 13.0 130.0 nan 59.46 59.5 59.45 59.44 155.0 59.46 1.0 130.0 2.0 128.0 0.0 59.4716
12:08:00 24.0 625.0 nan 59.39 59.46 59.39 59.39 159.0 59.41 1.0 625.0 186.0 439.0 0.0 59.4091
12:09:00 20.0 586.0 nan 59.39 59.4 59.36 59.33 453.0 59.41 250.0 586.0 261.0 325.0 0.0 59.3804
12:10:00 3.0 200.0 nan 59.41 59.41 59.41 59.34 715.0 59.41 112.0 200.0 200.0 0.0 0.0 59.41
12:11:00 44.0 1167.0 nan 59.3 59.41 59.29 59.29 100.0 59.33 1.0 1167.0 390.0 777.0 0.0 59.3351
12:12:00 20.0 438.0 nan 59.26 59.34 59.26 59.24 5.0 59.27 401.0 438.0 55.0 383.0 0.0 59.2908
12:13:00 15.0 154.0 nan 59.23 59.24 59.23 59.22 2.0 59.24 1.0 154.0 0.0 154.0 0.0 59.2303
12:14:00 37.0 710.0 nan 59.2 59.22 59.18 59.17 30.0 59.2 150.0 710.0 381.0 329.0 0.0 59.2003
12:15:00 18.0 236.0 nan 59.13 59.17 59.13 59.12 1.0 59.15 300.0 236.0 0.0 236.0 0.0 59.1527
12:16:00 40.0 1155.0 nan 59.11 59.15 59.11 59.11 7.0 59.14 351.0 1155.0 309.0 846.0 0.0 59.1311
12:17:00 15.0 82.0 nan 59.13 59.14 59.09 59.09 23.0 59.14 254.0 82.0 75.0 7.0 0.0 59.1374
12:18:00 17.0 720.0 nan 59.15 59.16 59.14 59.14 18.0 59.16 50.0 720.0 720.0 0.0 0.0 59.1521
12:19:00 6.0 57.0 nan 59.13 59.15 59.13 59.11 747.0 59.15 3.0 57.0 0.0 57.0 0.0 59.1332
12:20:00 45.0 1519.0 nan 59.04 59.13 59.04 59.03 2.0 59.07 370.0 1519.0 200.0 1319.0 0.0 59.0878
12:21:00 1.0 0.0 nan 59.045 59.045 59.045 59.03 13.0 59.06 2.0 nan 0.0 0.0 0.0 nan
12:22:00 54.0 2066.0 nan 59.08 59.1 59.03 59.06 544.0 59.11 376.0 2066.0 1709.0 357.0 0.0 59.0589
12:23:00 46.0 1421.0 nan 59.11 59.13 59.09 59.09 178.0 59.15 300.0 1421.0 867.0 554.0 0.0 59.1141
12:24:00 9.0 343.0 nan 59.18 59.18 59.14 59.1 61.0 59.16 150.0 343.0 343.0 0.0 0.0 59.1479
12:25:00 55.0 926.0 nan 59.03 59.1 59.03 59.02 123.0 59.05 2.0 926.0 0.0 926.0 0.0 59.0654
12:26:00 29.0 1186.0 nan 59.07 59.07 58.99 59.04 240.0 59.09 150.0 1186.0 318.0 868.0 0.0 59.0163
12:27:00 19.0 265.0 nan 59.1 59.15 59.065 59.09 104.0 59.15 420.0 265.0 265.0 0.0 0.0 59.1173
12:28:00 25.0 380.0 nan 59.13 59.13 59.07 59.09 11.0 59.14 300.0 380.0 204.0 176.0 0.0 59.0966
12:29:00 1.0 0.0 nan 59.115 59.115 59.115 59.1 27.0 59.16 362.0 nan 0.0 0.0 0.0 nan
12:30:00 70.0 2121.0 nan 59.02 59.1 59.02 59.0 157.0 59.04 1.0 2121.0 593.0 1528.0 0.0 59.0459
12:31:00 28.0 503.0 nan 59.01 59.01 58.96 58.98 172.0 59.04 314.0 503.0 229.0 274.0 0.0 58.9903
12:32:00 18.0 314.0 nan 59.055 59.06 59.03 59.03 21.0 59.09 50.0 314.0 314.0 0.0 0.0 59.0406
12:33:00 9.0 69.0 nan 59.01 59.03 59.01 58.99 99.0 59.07 476.0 69.0 0.0 69.0 0.0 59.0229
12:34:00 47.0 1397.0 nan 58.92 59.07 58.92 58.92 5.0 58.99 316.0 1397.0 856.0 541.0 0.0 58.9619
12:35:00 1.0 32.0 nan 58.95 58.95 58.95 58.92 249.0 58.98 81.0 32.0 32.0 0.0 0.0 58.95
12:36:00 43.0 768.0 nan 59.05 59.09 58.955 59.03 363.0 59.09 52.0 768.0 647.0 121.0 0.0 59.0467
12:37:00 41.0 1070.0 nan 59.03 59.075 59.03 59.01 1.0 59.08 286.0 1070.0 449.0 621.0 0.0 59.0353
12:38:00 2.0 0.0 nan 59.04 59.04 59.04 59.01 10.0 59.08 4.0 nan 0.0 0.0 0.0 nan
12:39:00 47.0 1131.0 nan 59.0 59.045 58.96 58.95 2.0 58.99 269.0 1131.0 438.0 693.0 0.0 58.9978
12:40:00 12.0 541.0 nan 58.96 59.0 58.96 58.96 439.0 59.01 2.0 541.0 533.0 8.0 0.0 58.9896
12:41:00 18.0 255.0 nan 58.94 58.96 58.94 58.94 143.0 58.98 8.0 255.0 0.0 255.0 0.0 58.9584
12:42:00 8.0 361.0 nan 58.975 58.99 58.975 58.94 92.0 59.02 11.0 361.0 361.0 0.0 0.0 58.9883
12:43:00 2.0 0.0 nan 58.97 58.99 58.97 58.94 289.0 59.0 243.0 nan 0.0 0.0 0.0 nan
12:44:00 18.0 436.0 nan 58.97 59.01 58.97 58.96 995.0 59.01 12.0 436.0 434.0 2.0 0.0 59.0043
12:45:00 19.0 426.0 nan 59.02 59.04 59.01 58.96 1027.0 59.03 208.0 426.0 426.0 0.0 0.0 59.032
12:46:00 1.0 1.0 nan 58.99 58.99 58.99 58.96 719.0 59.02 779.0 1.0 0.0 1.0 0.0 58.99
12:47:00 79.0 2225.0 nan 58.87 58.96 58.87 58.85 436.0 58.89 537.0 2225.0 690.0 1535.0 0.0 58.9193
12:48:00 64.0 3429.0 nan 58.79 58.9 58.76 58.75 113.0 58.8 449.0 3429.0 1222.0 2207.0 0.0 58.8125
12:49:00 31.0 1241.0 nan 58.7 58.75 58.69 58.68 177.0 58.71 84.0 1241.0 751.0 490.0 0.0 58.7008
12:50:00 8.0 132.0 nan 58.7 58.72 58.69 58.68 137.0 58.72 170.0 132.0 132.0 0.0 0.0 58.7123
12:51:00 30.0 812.0 nan 58.82 58.82 58.72 58.79 279.0 58.87 150.0 812.0 812.0 0.0 0.0 58.7605
12:52:00 7.0 175.0 nan 58.865 58.87 58.86 58.83 318.0 58.9 290.0 175.0 175.0 0.0 0.0 58.87
12:53:00 37.0 1068.0 nan 58.8 58.83 58.78 58.78 28.0 58.83 288.0 1068.0 364.0 704.0 0.0 58.8064
12:54:00 12.0 460.0 nan 58.82 58.82 58.76 58.78 30.0 58.85 225.0 460.0 432.0 28.0 0.0 58.8063
12:55:00 19.0 424.0 nan 58.75 58.79 58.75 58.75 26.0 58.77 201.0 424.0 88.0 336.0 0.0 58.7792
12:56:00 24.0 482.0 nan 58.85 58.85 58.77 58.81 5.0 58.85 389.0 482.0 482.0 0.0 0.0 58.8049
12:57:00 41.0 1356.0 nan 58.78 58.81 58.75 58.74 597.0 58.79 285.0 1356.0 856.0 500.0 0.0 58.772
12:58:00 14.0 287.0 nan 58.85 58.85 58.765 58.77 182.0 58.86 478.0 287.0 287.0 0.0 0.0 58.7937
12:59:00 8.0 144.0 nan 58.815 58.85 58.79 58.79 3.0 58.85 290.0 144.0 0.0 144.0 0.0 58.84
13:00:00 28.0 612.0 nan 58.77 58.845 58.76 58.76 55.0 58.8 387.0 612.0 2.0 610.0 0.0 58.7908
13:01:00 16.0 703.0 nan 58.84 58.84 58.79 58.78 218.0 58.85 239.0 703.0 703.0 0.0 0.0 58.8251
13:02:00 11.0 182.0 nan 58.84 58.85 58.79 58.8 50.0 58.84 47.0 182.0 47.0 135.0 0.0 58.8403
13:03:00 27.0 748.0 nan 58.8 58.83 58.76 58.76 491.0 58.83 455.0 748.0 281.0 467.0 0.0 58.7958
13:04:00 29.0 1112.0 nan 58.79 58.84 58.79 58.78 17.0 58.81 180.0 1112.0 962.0 150.0 0.0 58.8173
13:05:00 27.0 1029.0 nan 58.91 58.91 58.81 58.85 135.0 58.91 542.0 1029.0 1029.0 0.0 0.0 58.8543
13:06:00 16.0 826.0 nan 58.94 58.97 58.91 58.91 8.0 58.96 244.0 826.0 517.0 309.0 0.0 58.9164
13:07:00 36.0 850.0 nan 58.9 58.93 58.89 58.88 164.0 58.92 290.0 850.0 312.0 538.0 0.0 58.894
13:08:00 41.0 732.0 nan 58.79 58.89 58.79 58.78 5.0 58.82 383.0 732.0 0.0 732.0 0.0 58.8544
13:09:00 24.0 1503.0 nan 58.9 58.9 58.82 58.86 321.0 58.94 164.0 1503.0 1196.0 307.0 0.0 58.8562
13:10:00 3.0 101.0 nan 58.9 58.94 58.9 58.86 992.0 58.92 91.0 101.0 100.0 1.0 0.0 58.9396
13:11:00 47.0 1466.0 nan 58.9 59.0 58.89 58.88 618.0 58.93 87.0 1466.0 660.0 806.0 0.0 58.9087
13:12:00 21.0 813.0 nan 58.9 58.92 58.87 58.86 374.0 58.9 8.0 813.0 363.0 450.0 0.0 58.8922
13:13:00 11.0 398.0 nan 58.94 58.94 58.89 58.91 364.0 58.96 100.0 398.0 398.0 0.0 0.0 58.929
13:14:00 26.0 460.0 nan 58.92 58.96 58.9 58.88 298.0 58.92 76.0 460.0 10.0 450.0 0.0 58.9092
13:15:00 24.0 886.0 nan 58.84 58.88 58.84 58.84 5.0 58.86 284.0 886.0 100.0 786.0 0.0 58.8561
13:16:00 43.0 950.0 nan 58.74 58.84 58.74 58.72 33.0 58.76 526.0 950.0 164.0 786.0 0.0 58.7822
13:17:00 79.0 1853.0 nan 58.6 58.74 58.59 58.58 2.0 58.61 230.0 1853.0 422.0 1431.0 0.0 58.6768
13:18:00 14.0 735.0 nan 58.63 58.63 58.57 58.6 114.0 58.64 440.0 735.0 543.0 192.0 0.0 58.6047
13:19:00 19.0 740.0 nan 58.605 58.63 58.58 58.58 528.0 58.63 100.0 740.0 430.0 310.0 0.0 58.6098
13:20:00 7.0 236.0 nan 58.625 58.65 58.625 58.58 648.0 58.67 727.0 236.0 236.0 0.0 0.0 58.6415
13:21:00 1.0 11.0 nan 58.62 58.62 58.62 58.62 2.0 58.65 184.0 11.0 0.0 11.0 0.0 58.62
13:22:00 12.0 392.0 nan 58.69 58.69 58.65 58.66 510.0 58.69 81.0 392.0 392.0 0.0 0.0 58.6612
13:23:00 57.0 1994.0 nan 58.65 58.745 58.65 58.64 3.0 58.66 87.0 1994.0 759.0 1235.0 0.0 58.6945
13:24:00 23.0 777.0 nan 58.73 58.75 58.66 58.68 39.0 58.72 278.0 777.0 727.0 50.0 0.0 58.7163
13:25:00 13.0 503.0 nan 58.72 58.72 58.68 58.69 203.0 58.72 306.0 503.0 402.0 101.0 0.0 58.7084
13:26:00 41.0 1427.0 nan 58.71 58.72 58.69 58.69 101.0 58.71 84.0 1427.0 962.0 465.0 0.0 58.7108
13:27:00 24.0 652.0 nan 58.7 58.71 58.675 58.68 97.0 58.71 14.0 652.0 211.0 441.0 0.0 58.6913
13:28:00 9.0 131.0 nan 58.74 58.74 58.68 58.68 316.0 58.75 150.0 131.0 126.0 5.0 0.0 58.7377
13:29:00 1.0 0.0 nan 58.715 58.715 58.715 58.68 484.0 58.74 701.0 nan 0.0 0.0 0.0 nan
13:30:00 20.0 430.0 nan 58.735 58.75 58.71 58.71 723.0 58.76 450.0 430.0 428.0 2.0 0.0 58.7422
13:31:00 73.0 2317.0 nan 58.78 58.78 58.65 58.75 400.0 58.8 10.0 2317.0 1413.0 904.0 0.0 58.7082
13:32:00 15.0 527.0 nan 58.78 58.78 58.72 58.73 165.0 58.8 400.0 527.0 94.0 433.0 0.0 58.751
13:33:00 13.0 239.0 nan 58.8 58.8 58.79 58.73 928.0 58.8 124.0 239.0 239.0 0.0 0.0 58.8
13:34:00 53.0 1316.0 nan 58.69 58.8 58.69 58.68 1.0 58.74 1276.0 1316.0 124.0 1192.0 0.0 58.7439
13:35:00 24.0 697.0 nan 58.72 58.75 58.65 58.68 1.0 58.73 300.0 697.0 559.0 138.0 0.0 58.7434
13:36:00 12.0 27.0 nan 58.65 58.695 58.65 58.64 28.0 58.69 286.0 27.0 0.0 27.0 0.0 58.6548
13:37:00 67.0 1833.0 nan 58.62 58.66 58.6 58.59 8.0 58.63 359.0 1833.0 753.0 1080.0 0.0 58.637
13:38:00 38.0 832.0 nan 58.61 58.62 58.56 58.6 5.0 58.63 20.0 832.0 556.0 276.0 0.0 58.5845
13:39:00 5.0 140.0 nan 58.62 58.62 58.6 58.58 137.0 58.62 1.0 140.0 135.0 5.0 0.0 58.6193
13:40:00 6.0 187.0 nan 58.61 58.61 58.6 58.58 472.0 58.63 98.0 187.0 185.0 2.0 0.0 58.6099
13:41:00 24.0 727.0 nan 58.66 58.66 58.63 58.64 542.0 58.68 182.0 727.0 675.0 52.0 0.0 58.6493
13:42:00 75.0 2330.0 nan 58.54 58.67 58.54 58.53 2.0 58.6 232.0 2330.0 751.0 1579.0 0.0 58.5806
13:43:00 70.0 1094.0 nan 58.49 58.53 58.406 58.46 125.0 58.52 418.0 1094.0 582.0 512.0 0.0 58.486
13:44:00 34.0 1236.0 nan 58.48 58.55 58.48 58.48 9.0 58.5 83.0 1236.0 562.0 674.0 0.0 58.5073
13:45:00 20.0 12.0 nan 58.46 58.48 58.42 58.41 335.0 58.47 284.0 12.0 0.0 12.0 0.0 58.4692
13:46:00 21.0 319.0 nan 58.43 58.44 58.4 58.38 21.0 58.44 297.0 319.0 1.0 318.0 0.0 58.4088
13:47:00 21.0 406.0 nan 58.45 58.45 58.42 58.43 313.0 58.48 486.0 406.0 406.0 0.0 0.0 58.4427
13:48:00 26.0 455.0 nan 58.41 58.455 58.41 58.4 212.0 58.44 205.0 455.0 0.0 455.0 0.0 58.4275
13:49:00 22.0 489.0 nan 58.4 58.41 58.37 58.37 12.0 58.41 8.0 489.0 241.0 248.0 0.0 58.3956
13:50:00 0.0 0.0 nan 58.4 nan nan 58.37 194.0 58.41 10.0 nan 0.0 0.0 0.0 nan
13:51:00 47.0 1335.0 nan 58.37 58.37 58.33 58.32 329.0 58.38 87.0 1335.0 886.0 449.0 0.0 58.3518
13:52:00 11.0 187.0 nan 58.41 58.42 58.38 58.37 373.0 58.42 306.0 187.0 187.0 0.0 0.0 58.4014
13:53:00 1.0 0.0 nan 58.41 58.41 58.41 58.37 656.0 58.42 199.0 nan 0.0 0.0 0.0 nan
13:54:00 50.0 1436.0 nan 58.37 58.42 58.36 58.35 461.0 58.37 177.0 1436.0 551.0 885.0 0.0 58.3903
13:55:00 60.0 2497.0 nan 58.22 58.35 58.22 58.21 1.0 58.25 651.0 2497.0 585.0 1912.0 0.0 58.2997
13:56:00 64.0 2695.0 nan 58.31 58.31 58.21 58.28 1151.0 58.34 232.0 2695.0 1827.0 868.0 0.0 58.2548
13:57:00 0.0 0.0 nan 58.31 nan nan 58.29 3.0 58.34 332.0 nan 0.0 0.0 0.0 nan
13:58:00 66.0 1669.0 nan 58.23 58.31 58.22 58.2 410.0 58.24 203.0 1669.0 100.0 1569.0 0.0 58.2582
13:59:00 31.0 1219.0 nan 58.21 58.26 58.21 58.22 1.0 58.25 276.0 1219.0 717.0 502.0 0.0 58.2336
14:00:00 99.0 5784.0 nan 58.28 58.3 58.24 58.23 469.0 58.28 258.0 5784.0 3683.0 2101.0 0.0 58.2845
14:01:00 58.0 1790.0 nan 58.15 58.24 58.1 58.13 462.0 58.17 281.0 1790.0 936.0 854.0 0.0 58.1734
14:02:00 33.0 1221.0 nan 58.1 58.15 58.1 58.08 237.0 58.14 377.0 1221.0 275.0 946.0 0.0 58.112
14:03:00 24.0 460.0 nan 58.15 58.15 58.09 58.08 550.0 58.16 200.0 460.0 460.0 0.0 0.0 58.1398
14:04:00 5.0 101.0 nan 58.15 58.16 58.125 58.09 449.0 58.16 100.0 101.0 101.0 0.0 0.0 58.16
14:05:00 14.0 292.0 nan 58.21 58.21 58.16 58.15 634.0 58.21 212.0 292.0 292.0 0.0 0.0 58.1849
14:06:00 29.0 743.0 nan 58.14 58.18 58.14 58.11 139.0 58.14 783.0 743.0 0.0 743.0 0.0 58.1472
14:07:00 42.0 881.0 nan 58.12 58.12 58.08 58.1 142.0 58.12 53.0 881.0 475.0 406.0 0.0 58.0955
14:08:00 12.0 451.0 nan 58.1 58.13 58.1 58.09 415.0 58.12 86.0 451.0 319.0 132.0 0.0 58.1141
14:09:00 45.0 1509.0 nan 58.09 58.12 58.06 58.07 1.0 58.1 231.0 1509.0 540.0 969.0 0.0 58.0876
14:10:00 17.0 367.0 nan 58.09 58.09 58.05 58.08 303.0 58.12 92.0 367.0 181.0 186.0 0.0 58.0794
14:11:00 28.0 903.0 nan 58.06 58.12 58.05 58.04 200.0 58.06 215.0 903.0 298.0 605.0 0.0 58.0799
14:12:00 24.0 568.0 nan 58.09 58.09 58.05 58.07 346.0 58.1 5.0 568.0 425.0 143.0 0.0 58.0648
14:13:00 33.0 1435.0 nan 58.18 58.19 58.1 58.16 431.0 58.2 187.0 1435.0 735.0 700.0 0.0 58.1761
14:14:00 42.0 1689.0 nan 58.14 58.17 58.11 58.11 136.0 58.17 300.0 1689.0 964.0 725.0 0.0 58.1431
14:15:00 88.0 7206.0 nan 58.17 58.2 58.1 58.11 300.0 58.19 605.0 7206.0 5179.0 2027.0 0.0 58.1741
14:16:00 32.0 1254.0 nan 58.28 58.28 58.19 58.24 317.0 58.29 289.0 1254.0 1254.0 0.0 0.0 58.2081
14:17:00 24.0 645.0 nan 58.24 58.28 58.24 58.24 293.0 58.31 346.0 645.0 254.0 391.0 0.0 58.2528
14:18:00 2.0 1.0 nan 58.3 58.3 58.25 58.24 375.0 58.3 490.0 1.0 1.0 0.0 0.0 58.3
14:19:00 60.0 1644.0 nan 58.15 58.24 58.15 58.15 164.0 58.2 312.0 1644.0 126.0 1518.0 0.0 58.2051
14:20:00 67.0 1839.0 nan 58.16 58.175 58.1 58.13 312.0 58.16 1.0 1839.0 470.0 1369.0 0.0 58.1353
14:21:00 47.0 1856.0 nan 58.22 58.23 58.15 58.2 28.0 58.25 371.0 1856.0 1485.0 371.0 0.0 58.1891
14:22:00 32.0 667.0 nan 58.23 58.275 58.21 58.2 337.0 58.24 200.0 667.0 334.0 333.0 0.0 58.2375
14:23:00 22.0 862.0 nan 58.21 58.21 58.19 58.19 226.0 58.23 573.0 862.0 0.0 862.0 0.0 58.1977
14:24:00 74.0 2481.0 nan 58.05 58.19 58.05 58.04 2.0 58.07 281.0 2481.0 1143.0 1338.0 0.0 58.1116
14:25:00 82.0 2757.0 nan 58.11 58.155 58.01 58.09 278.0 58.13 290.0 2757.0 1372.0 1385.0 0.0 58.0921
14:26:00 56.0 2505.0 nan 58.32 58.49 58.13 58.31 10.0 58.35 186.0 2505.0 1768.0 737.0 0.0 58.2694
14:27:00 25.0 827.0 nan 58.31 58.35 58.24 58.27 25.0 58.35 4.0 827.0 453.0 374.0 0.0 58.2866
14:28:00 18.0 301.0 nan 58.37 58.38 58.3 58.33 49.0 58.46 271.0 301.0 100.0 201.0 0.0 58.3304
14:29:00 41.0 997.0 nan 58.37 58.395 58.29 58.33 34.0 58.4 2.0 997.0 572.0 425.0 0.0 58.3353
14:30:00 66.0 2535.0 nan 58.46 58.49 58.39 58.45 132.0 58.47 15.0 2535.0 1322.0 1213.0 0.0 58.4628
14:31:00 111.0 3307.0 nan 58.38 58.45 58.31 58.35 312.0 58.4 241.0 3307.0 1924.0 1383.0 0.0 58.3723
14:32:00 23.0 922.0 nan 58.48 58.48 58.33 58.4 1366.0 58.53 402.0 922.0 691.0 231.0 0.0 58.3911
14:33:00 111.0 2911.0 nan 58.49 58.61 58.42 58.46 405.0 58.55 115.0 2911.0 778.0 2133.0 0.0 58.5189
14:34:00 62.0 1326.0 nan 58.37 58.48 58.33 58.33 203.0 58.42 410.0 1326.0 268.0 1058.0 0.0 58.391
14:35:00 23.0 684.0 nan 58.47 58.47 58.34 58.42 26.0 58.47 88.0 684.0 684.0 0.0 0.0 58.4239
14:36:00 49.0 1405.0 nan 58.48 58.55 58.41 58.44 26.0 58.51 25.0 1405.0 833.0 572.0 0.0 58.4716
14:37:00 23.0 1205.0 nan 58.5 58.5 58.4 58.46 106.0 58.53 213.0 1205.0 969.0 236.0 0.0 58.4347
14:38:00 23.0 518.0 nan 58.5 58.59 58.5 58.51 390.0 58.64 108.0 518.0 518.0 0.0 0.0 58.5519
14:39:00 50.0 1837.0 nan 58.48 58.54 58.42 58.44 53.0 58.51 1413.0 1837.0 854.0 983.0 0.0 58.4862
14:40:00 36.0 999.0 nan 58.45 58.48 58.39 58.4 751.0 58.47 384.0 999.0 421.0 578.0 0.0 58.4512
14:41:00 16.0 722.0 nan 58.54 58.56 58.47 58.51 530.0 58.56 89.0 722.0 672.0 50.0 0.0 58.4836
14:42:00 36.0 1049.0 nan 58.54 58.55 58.48 58.47 776.0 58.55 181.0 1049.0 300.0 749.0 0.0 58.5158
14:43:00 67.0 2566.0 nan 58.39 58.49 58.39 58.39 100.0 58.41 20.0 2566.0 1315.0 1251.0 0.0 58.4255
14:44:00 58.0 1679.0 nan 58.39 58.42 58.35 58.35 126.0 58.39 80.0 1679.0 717.0 962.0 0.0 58.3924
14:45:00 38.0 1131.0 nan 58.42 58.46 58.38 58.37 225.0 58.43 109.0 1131.0 960.0 171.0 0.0 58.4199
14:46:00 20.0 608.0 nan 58.42 58.42 58.37 58.38 340.0 58.46 494.0 608.0 300.0 308.0 0.0 58.3868
14:47:00 37.0 1753.0 nan 58.41 58.41 58.34 58.35 421.0 58.42 109.0 1753.0 1103.0 650.0 0.0 58.3749
14:48:00 41.0 1581.0 nan 58.45 58.45 58.4 58.41 100.0 58.46 135.0 1581.0 987.0 594.0 0.0 58.4311
14:49:00 29.0 1239.0 nan 58.6 58.6 58.46 58.58 357.0 58.65 290.0 1239.0 1239.0 0.0 0.0 58.5597
14:50:00 41.0 641.0 nan 58.69 58.74 58.65 58.65 330.0 58.74 188.0 641.0 193.0 448.0 0.0 58.672
14:51:00 93.0 4442.0 nan 58.65 58.84 58.65 58.68 12.0 58.73 182.0 4442.0 462.0 3980.0 0.0 58.7541
14:52:00 36.0 4273.0 nan 58.85 58.85 58.7 58.79 567.0 58.85 320.0 4273.0 1273.0 3000.0 0.0 58.783
14:53:00 95.0 2947.0 nan 58.81 58.835 58.69 58.79 118.0 58.82 200.0 2947.0 1052.0 1895.0 0.0 58.7617
14:54:00 68.0 2801.0 nan 58.88 58.9 58.76 58.87 81.0 58.97 25.0 2801.0 1607.0 1194.0 0.0 58.812
14:55:00 1.0 3.0 nan 58.91 58.91 58.91 58.88 340.0 58.98 462.0 3.0 0.0 3.0 0.0 58.91
14:56:00 31.0 685.0 nan 58.88 58.93 58.88 58.88 126.0 58.95 108.0 685.0 0.0 685.0 0.0 58.8989
14:57:00 36.0 2092.0 nan 59.01 59.01 58.9 58.94 516.0 59.01 235.0 2092.0 1966.0 126.0 0.0 58.9715
14:58:00 91.0 3520.0 nan 58.91 59.03 58.86 58.89 47.0 58.94 78.0 3520.0 930.0 2590.0 0.0 58.9399
14:59:00 95.0 3970.0 nan 58.82 58.96 58.81 58.82 881.0 58.88 76.0 3970.0 1685.0 2285.0 0.0 58.8779
15:00:00 100.0 4785.0 nan 58.78 58.92 58.74 58.74 100.0 58.79 284.0 4785.0 2275.0 2510.0 0.0 58.8572
15:01:00 8.0 492.0 nan 58.84 58.84 58.79 58.81 9.0 58.88 301.0 492.0 492.0 0.0 0.0 58.8066
15:02:00 50.0 1922.0 nan 58.96 58.96 58.88 58.91 435.0 58.97 296.0 1922.0 1209.0 713.0 0.0 58.9206
15:03:00 171.0 8679.0 nan 58.97 59.06 58.88 58.98 104.0 59.05 100.0 8679.0 4828.0 3851.0 0.0 58.9663
15:04:00 37.0 1833.0 nan 59.02 59.07 58.93 59.0 10.0 59.06 200.0 1833.0 867.0 966.0 0.0 58.9912
15:05:00 63.0 1781.0 nan 59.07 59.07 58.93 59.04 10.0 59.07 4.0 1781.0 702.0 1079.0 0.0 59.0107
15:06:00 55.0 1955.0 nan 59.04 59.1 58.99 59.03 299.0 59.1 7.0 1955.0 1019.0 936.0 0.0 59.0356
15:07:00 74.0 1785.0 nan 59.03 59.12 58.99 59.0 7.0 59.07 128.0 1785.0 189.0 1596.0 0.0 59.0778
15:08:00 57.0 2720.0 nan 59.0 59.01 58.94 58.94 101.0 59.0 200.0 2720.0 1061.0 1659.0 0.0 58.9806
15:09:00 46.0 1221.0 nan 58.89 59.01 58.89 58.89 530.0 58.97 679.0 1221.0 211.0 1010.0 0.0 58.9631
15:10:00 29.0 852.0 nan 58.87 58.92 58.85 58.86 240.0 58.92 25.0 852.0 0.0 852.0 0.0 58.8862
15:11:00 41.0 1861.0 nan 58.95 58.99 58.88 58.95 100.0 58.99 9.0 1861.0 941.0 920.0 0.0 58.9309
15:12:00 23.0 502.0 nan 58.98 59.01 58.94 58.97 8.0 59.01 101.0 502.0 72.0 430.0 0.0 58.9772
15:13:00 39.0 1050.0 nan 58.94 59.0 58.94 58.92 267.0 58.97 558.0 1050.0 100.0 950.0 0.0 58.9581
15:14:00 60.0 2135.0 nan 58.95 59.04 58.95 58.94 20.0 58.97 155.0 2135.0 1027.0 1108.0 0.0 58.9744
15:15:00 43.0 939.0 nan 58.9 58.97 58.9 58.89 100.0 58.94 269.0 939.0 522.0 417.0 0.0 58.9186
15:16:00 118.0 4277.0 nan 58.92 58.96 58.89 58.9 182.0 58.97 308.0 4277.0 1713.0 2564.0 0.0 58.9227
15:17:00 89.0 3247.0 nan 58.89 58.9 58.79 58.89 416.0 58.97 34.0 3247.0 790.0 2457.0 0.0 58.8392
15:18:00 65.0 5565.0 nan 58.87 58.99 58.86 58.86 19.0 58.92 1076.0 5565.0 4307.0 1258.0 0.0 58.9466
15:19:00 37.0 945.0 nan 58.78 58.87 58.78 58.78 6.0 58.84 726.0 945.0 0.0 945.0 0.0 58.8423
15:20:00 17.0 517.0 nan 58.84 58.84 58.78 58.81 369.0 58.85 235.0 517.0 511.0 6.0 0.0 58.8393
15:21:00 92.0 3595.0 nan 58.85 58.88 58.8 58.82 115.0 58.86 8.0 3595.0 2462.0 1133.0 0.0 58.8447
15:22:00 63.0 1553.0 nan 58.8 58.89 58.8 58.8 30.0 58.83 625.0 1553.0 609.0 944.0 0.0 58.8414
15:23:00 58.0 2019.0 nan 58.79 58.84 58.78 58.79 8.0 58.82 89.0 2019.0 1191.0 828.0 0.0 58.812
15:24:00 150.0 6609.0 nan 58.7 58.79 58.63 58.64 2.0 58.71 400.0 6609.0 1976.0 4633.0 0.0 58.6927
15:25:00 15.0 423.0 nan 58.71 58.71 58.66 58.68 273.0 58.72 58.0 423.0 423.0 0.0 0.0 58.71
15:26:00 71.0 2532.0 nan 58.77 58.78 58.7 58.75 13.0 58.78 12.0 2532.0 1041.0 1491.0 0.0 58.7558
15:27:00 56.0 2070.0 nan 58.765 58.795 58.74 58.75 5.0 58.78 100.0 2070.0 855.0 1215.0 0.0 58.7639
15:28:00 34.0 1258.0 nan 58.87 58.9 58.78 58.86 59.0 58.9 719.0 1258.0 1010.0 248.0 0.0 58.8406
15:29:00 100.0 5102.0 nan 58.83 58.91 58.8 58.8 294.0 58.86 181.0 5102.0 2186.0 2916.0 0.0 58.8555
15:30:00 99.0 4177.0 nan 58.79 58.83 58.76 58.78 28.0 58.82 230.0 4177.0 1139.0 3038.0 0.0 58.7912
15:31:00 105.0 4517.0 nan 58.66 58.78 58.62 58.64 100.0 58.68 150.0 4517.0 1875.0 2642.0 0.0 58.7233
15:32:00 45.0 1578.0 nan 58.65 58.7 58.63 58.61 444.0 58.65 286.0 1578.0 778.0 800.0 0.0 58.6551
15:33:00 24.0 734.0 nan 58.71 58.71 58.63 58.69 150.0 58.73 8.0 734.0 572.0 162.0 0.0 58.6566
15:34:00 58.0 1887.0 nan 58.66 58.73 58.64 58.63 544.0 58.68 372.0 1887.0 461.0 1426.0 0.0 58.6751
15:35:00 52.0 2654.0 nan 58.75 58.75 58.67 58.74 164.0 58.77 10.0 2654.0 1343.0 1311.0 0.0 58.7115
15:36:00 27.0 1454.0 nan 58.85 58.86 58.77 58.83 946.0 58.88 158.0 1454.0 781.0 673.0 0.0 58.8347
15:37:00 101.0 4672.0 nan 58.88 58.89 58.79 58.86 962.0 58.9 8.0 4672.0 1920.0 2752.0 0.0 58.8362
15:38:00 86.0 3519.0 nan 58.81 58.9 58.79 58.79 151.0 58.83 208.0 3519.0 886.0 2633.0 0.0 58.847
15:39:00 49.0 2052.0 nan 58.82 58.88 58.81 58.81 334.0 58.86 599.0 2052.0 1215.0 837.0 0.0 58.8344
15:40:00 68.0 3137.0 nan 58.9 58.91 58.78 58.9 18.0 58.94 622.0 3137.0 1630.0 1507.0 0.0 58.8382
15:41:00 78.0 3284.0 nan 58.82 58.91 58.82 58.81 342.0 58.83 451.0 3284.0 915.0 2369.0 0.0 58.8554
15:42:00 64.0 2712.0 nan 58.9 58.955 58.82 58.89 221.0 58.92 189.0 2712.0 1704.0 1008.0 0.0 58.9123
15:43:00 124.0 4723.0 nan 58.76 58.9 58.73 58.71 560.0 58.76 181.0 4723.0 1703.0 3020.0 0.0 58.8189
15:44:00 532.0 27314.0 nan 58.69 58.78 58.44 58.62 551.0 58.69 509.0 27314.0 9913.0 17401.0 0.0 58.5976
15:45:00 79.0 4548.0 nan 58.64 58.655 58.6 58.62 752.0 58.65 481.0 4548.0 3063.0 1485.0 0.0 58.6246
15:46:00 104.0 4406.0 nan 58.59 58.635 58.54 58.56 563.0 58.63 1490.0 4406.0 2164.0 2242.0 0.0 58.5895
15:47:00 95.0 4514.0 nan 58.55 58.63 58.53 58.53 608.0 58.58 500.0 4514.0 2200.0 2314.0 0.0 58.5781
15:48:00 102.0 4537.0 nan 58.6 58.61 58.51 58.56 247.0 58.6 759.0 4537.0 3304.0 1233.0 0.0 58.5677
15:49:00 88.0 3417.0 nan 58.56 58.58 58.51 58.55 150.0 58.58 377.0 3417.0 1646.0 1771.0 0.0 58.5454
15:50:00 107.0 4759.0 nan 58.57 58.59 58.52 58.55 204.0 58.57 395.0 4759.0 1984.0 2775.0 0.0 58.5539
15:51:00 140.0 4079.0 nan 58.49 58.55 58.38 58.44 168.0 58.49 183.0 4079.0 1911.0 2168.0 0.0 58.4619
15:52:00 100.0 4484.0 nan 58.42 58.45 58.39 58.4 477.0 58.44 137.0 4484.0 2098.0 2386.0 0.0 58.4219
15:53:00 70.0 2990.0 nan 58.4 58.44 58.36 58.37 761.0 58.4 567.0 2990.0 1527.0 1463.0 0.0 58.3805
15:54:00 98.0 3753.0 nan 58.33 58.385 58.31 58.31 820.0 58.33 300.0 3753.0 1565.0 2188.0 0.0 58.3397
15:55:00 112.0 4341.0 nan 58.34 58.36 58.285 58.31 50.0 58.34 102.0 4341.0 1789.0 2552.0 0.0 58.3193
15:56:00 177.0 7991.0 nan 58.465 58.51 58.34 58.44 863.0 58.49 571.0 7991.0 4520.0 3471.0 0.0 58.4234
15:57:00 175.0 8272.0 nan 58.35 58.49 58.34 58.34 734.0 58.37 1.0 8272.0 3464.0 4808.0 0.0 58.4006
15:58:00 116.0 5893.0 nan 58.41 58.42 58.34 58.4 824.0 58.42 254.0 5893.0 3945.0 1948.0 0.0 58.3826
15:59:00 226.0 12446.0 nan 58.38 58.42 58.36 58.37 635.0 58.39 485.0 12446.0 5280.0 7166.0 0.0 58.3883
16:00:00 304.0 18375.0 nan 58.34 58.42 58.31 58.35 4966.0 58.36 14225.0 18375.0 5138.0 13237.0 0.0 58.3514
16:01:00 2.0 0.0 nan 58.36 58.36 58.36 58.35 100.0 58.36 12990.0 nan 0.0 0.0 0.0 nan
16:02:00 0.0 0.0 nan 58.36 nan nan 58.35 100.0 58.36 12990.0 nan 0.0 0.0 0.0 nan
16:03:00 0.0 0.0 nan 58.36 nan nan 58.35 100.0 58.36 12990.0 nan 0.0 0.0 0.0 nan
16:04:00 0.0 0.0 nan 58.36 nan nan 58.35 100.0 58.36 12990.0 nan 0.0 0.0 0.0 nan
16:05:00 0.0 0.0 nan 58.36 nan nan 58.35 100.0 58.36 12990.0 nan 0.0 0.0 0.0 nan
16:06:00 0.0 0.0 nan 58.36 nan nan 58.35 100.0 58.36 12990.0 nan 0.0 0.0 0.0 nan
16:07:00 0.0 0.0 nan 58.36 nan nan 58.35 100.0 58.36 12990.0 nan 0.0 0.0 0.0 nan
16:08:00 0.0 0.0 nan 58.36 nan nan 58.35 100.0 58.36 12990.0 nan 0.0 0.0 0.0 nan
16:09:00 0.0 0.0 nan 58.36 nan nan 58.35 100.0 58.36 12990.0 nan 0.0 0.0 0.0 nan
16:10:00 0.0 0.0 nan 58.36 nan nan 58.35 100.0 58.36 12990.0 nan 0.0 0.0 0.0 nan
16:11:00 0.0 0.0 nan 58.36 nan nan 58.35 100.0 58.36 12990.0 nan 0.0 0.0 0.0 nan
16:12:00 0.0 0.0 nan 58.36 nan nan 58.35 100.0 58.36 12990.0 nan 0.0 0.0 0.0 nan
16:13:00 0.0 0.0 nan 58.36 nan nan 58.35 100.0 58.36 12990.0 nan 0.0 0.0 0.0 nan
16:14:00 0.0 0.0 nan 58.36 nan nan 58.35 100.0 58.36 12990.0 nan 0.0 0.0 0.0 nan
16:15:00 0.0 0.0 nan 58.36 nan nan 58.35 100.0 58.36 12990.0 nan 0.0 0.0 0.0 nan
16:16:00 0.0 0.0 nan 58.36 nan nan 58.35 100.0 58.36 12990.0 nan 0.0 0.0 0.0 nan
16:17:00 1.0 15.0 nan 58.5 58.5 58.5 58.35 100.0 58.36 12990.0 15.0 15.0 0.0 0.0 58.5
16:18:00 0.0 0.0 nan 58.5 nan nan 58.35 100.0 58.36 12990.0 nan 0.0 0.0 0.0 nan
16:19:00 0.0 0.0 nan 58.5 nan nan 58.35 100.0 58.36 12990.0 nan 0.0 0.0 0.0 nan
16:20:00 0.0 0.0 nan 58.5 nan nan 58.35 100.0 58.36 12990.0 nan 0.0 0.0 0.0 nan
16:21:00 0.0 0.0 nan 58.5 nan nan 58.35 100.0 58.36 12990.0 nan 0.0 0.0 0.0 nan
16:22:00 0.0 0.0 nan 58.5 nan nan 58.35 100.0 58.36 12990.0 nan 0.0 0.0 0.0 nan
16:23:00 0.0 0.0 nan 58.5 nan nan 58.35 100.0 58.36 12990.0 nan 0.0 0.0 0.0 nan
16:24:00 1.0 0.0 nan 59.1 59.1 59.1 58.35 100.0 58.36 12990.0 nan 0.0 0.0 0.0 nan
16:25:00 0.0 0.0 nan 59.1 nan nan 58.35 100.0 58.36 12990.0 nan 0.0 0.0 0.0 nan
16:26:00 0.0 0.0 nan 59.1 nan nan 58.35 100.0 58.36 12990.0 nan 0.0 0.0 0.0 nan
16:27:00 0.0 0.0 nan 59.1 nan nan 58.35 100.0 58.36 12990.0 nan 0.0 0.0 0.0 nan
16:28:00 0.0 0.0 nan 59.1 nan nan 58.35 100.0 58.36 12990.0 nan 0.0 0.0 0.0 nan
16:29:00 0.0 0.0 nan 59.1 nan nan 58.35 100.0 58.36 12990.0 nan 0.0 0.0 0.0 nan
16:30:00 0.0 0.0 nan 59.1 nan nan 58.35 100.0 58.36 12990.0 nan 0.0 0.0 0.0 nan
16:31:00 0.0 0.0 nan 59.1 nan nan 58.35 100.0 58.36 12990.0 nan 0.0 0.0 0.0 nan
16:32:00 0.0 0.0 nan 59.1 nan nan 58.35 100.0 58.36 12990.0 nan 0.0 0.0 0.0 nan
16:33:00 0.0 0.0 nan 59.1 nan nan 58.35 100.0 58.36 12990.0 nan 0.0 0.0 0.0 nan
16:34:00 0.0 0.0 nan 59.1 nan nan 58.35 100.0 58.36 12990.0 nan 0.0 0.0 0.0 nan
16:35:00 0.0 0.0 nan 59.1 nan nan 58.35 100.0 58.36 12990.0 nan 0.0 0.0 0.0 nan
16:36:00 0.0 0.0 nan 59.1 nan nan 58.35 100.0 58.36 12990.0 nan 0.0 0.0 0.0 nan
16:37:00 0.0 0.0 nan 59.1 nan nan 58.35 100.0 58.36 12990.0 nan 0.0 0.0 0.0 nan
16:38:00 0.0 0.0 nan 59.1 nan nan 58.65 3.0 58.36 12990.0 nan 0.0 0.0 0.0 nan
16:39:00 0.0 0.0 nan 59.1 nan nan 58.65 3.0 58.36 12990.0 nan 0.0 0.0 0.0 nan
16:40:00 0.0 0.0 nan 59.1 nan nan 58.65 3.0 58.36 12990.0 nan 0.0 0.0 0.0 nan
16:41:00 0.0 0.0 nan 59.1 nan nan 58.65 3.0 58.36 12990.0 nan 0.0 0.0 0.0 nan
16:42:00 0.0 0.0 nan 59.1 nan nan 58.65 3.0 58.36 12990.0 nan 0.0 0.0 0.0 nan
16:43:00 0.0 0.0 nan 59.1 nan nan 58.65 3.0 58.36 12990.0 nan 0.0 0.0 0.0 nan
16:44:00 0.0 0.0 nan 59.1 nan nan 58.65 3.0 58.36 12990.0 nan 0.0 0.0 0.0 nan
16:45:00 0.0 0.0 nan 59.1 nan nan 58.65 3.0 58.36 12990.0 nan 0.0 0.0 0.0 nan
16:46:00 0.0 0.0 nan 59.1 nan nan 58.65 3.0 58.36 12990.0 nan 0.0 0.0 0.0 nan
16:47:00 0.0 0.0 nan 59.1 nan nan 58.65 3.0 58.36 12990.0 nan 0.0 0.0 0.0 nan
16:48:00 0.0 0.0 nan 59.1 nan nan 58.65 3.0 58.36 12990.0 nan 0.0 0.0 0.0 nan
16:49:00 0.0 0.0 nan 59.1 nan nan 58.65 3.0 58.36 12990.0 nan 0.0 0.0 0.0 nan
16:50:00 0.0 0.0 nan 59.1 nan nan 58.65 3.0 58.36 12990.0 nan 0.0 0.0 0.0 nan
16:51:00 0.0 0.0 nan 59.1 nan nan 58.65 3.0 58.36 12990.0 nan 0.0 0.0 0.0 nan
16:52:00 0.0 0.0 nan 59.1 nan nan 58.65 3.0 58.36 12990.0 nan 0.0 0.0 0.0 nan
16:53:00 0.0 0.0 nan 59.1 nan nan 58.65 3.0 58.36 12990.0 nan 0.0 0.0 0.0 nan
16:54:00 0.0 0.0 nan 59.1 nan nan 58.65 3.0 58.36 12990.0 nan 0.0 0.0 0.0 nan
16:55:00 0.0 0.0 nan 59.1 nan nan 58.65 3.0 58.36 12990.0 nan 0.0 0.0 0.0 nan
16:56:00 0.0 0.0 nan 59.1 nan nan 58.65 3.0 58.36 12990.0 nan 0.0 0.0 0.0 nan
16:57:00 0.0 0.0 nan 59.1 nan nan 58.65 3.0 58.36 12990.0 nan 0.0 0.0 0.0 nan
16:58:00 0.0 0.0 nan 59.1 nan nan 58.65 3.0 58.36 12990.0 nan 0.0 0.0 0.0 nan
16:59:00 0.0 0.0 nan 59.1 nan nan 58.65 3.0 58.36 12990.0 nan 0.0 0.0 0.0 nan
17:00:00 0.0 0.0 nan 59.1 nan nan 58.65 3.0 58.36 12990.0 nan 0.0 0.0 0.0 nan
