time trade_count trade_volume trade_first trade_last trade_high trade_low bid_price bid_size ask_price ask_size hid_vol buy_vol sell_vol unsided_vol vwap
09:00:00 nan 0.0 nan nan nan nan 70.35 1.0 72.0 25.0 nan 0.0 0.0 0.0 nan
09:01:00 0.0 0.0 nan nan nan nan 70.35 1.0 72.0 25.0 nan 0.0 0.0 0.0 nan
09:02:00 0.0 0.0 nan nan nan nan 70.35 1.0 72.0 25.0 nan 0.0 0.0 0.0 nan
09:03:00 1.0 84.0 nan 70.5 70.5 70.5 70.35 1.0 72.0 25.0 84.0 84.0 0.0 0.0 70.5
09:04:00 0.0 0.0 nan 70.5 nan nan 70.35 1.0 72.0 25.0 nan 0.0 0.0 0.0 nan
09:05:00 0.0 0.0 nan 70.5 nan nan 70.35 1.0 72.0 25.0 nan 0.0 0.0 0.0 nan
09:06:00 0.0 0.0 nan 70.5 nan nan 70.35 1.0 72.0 25.0 nan 0.0 0.0 0.0 nan
09:07:00 0.0 0.0 nan 70.5 nan nan 70.35 1.0 72.0 25.0 nan 0.0 0.0 0.0 nan
09:08:00 0.0 0.0 nan 70.5 nan nan 70.35 1.0 72.0 25.0 nan 0.0 0.0 0.0 nan
09:09:00 0.0 0.0 nan 70.5 nan nan 70.35 1.0 72.0 25.0 nan 0.0 0.0 0.0 nan
09:10:00 0.0 0.0 nan 70.5 nan nan 70.35 1.0 71.99 14.0 nan 0.0 0.0 0.0 nan
09:11:00 0.0 0.0 nan 70.5 nan nan 70.35 1.0 71.99 14.0 nan 0.0 0.0 0.0 nan
09:12:00 0.0 0.0 nan 70.5 nan nan 70.35 1.0 71.99 14.0 nan 0.0 0.0 0.0 nan
09:13:00 0.0 0.0 nan 70.5 nan nan 70.35 1.0 71.99 14.0 nan 0.0 0.0 0.0 nan
09:14:00 0.0 0.0 nan 70.5 nan nan 70.35 1.0 71.99 14.0 nan 0.0 0.0 0.0 nan
09:15:00 0.0 0.0 nan 70.5 nan nan 70.35 1.0 71.99 14.0 nan 0.0 0.0 0.0 nan
09:16:00 0.0 0.0 nan 70.5 nan nan 70.35 1.0 71.99 14.0 nan 0.0 0.0 0.0 nan
09:17:00 0.0 0.0 nan 70.5 nan nan 70.35 1.0 71.99 14.0 nan 0.0 0.0 0.0 nan
09:18:00 0.0 0.0 nan 70.5 nan nan 70.35 1.0 71.99 14.0 nan 0.0 0.0 0.0 nan
09:19:00 0.0 0.0 nan 70.5 nan nan 70.35 1.0 71.99 14.0 nan 0.0 0.0 0.0 nan
09:20:00 0.0 0.0 nan 70.5 nan nan 70.35 1.0 71.99 14.0 nan 0.0 0.0 0.0 nan
09:21:00 0.0 0.0 nan 70.5 nan nan 70.35 1.0 71.43 25.0 nan 0.0 0.0 0.0 nan
09:22:00 0.0 0.0 nan 70.5 nan nan 70.35 1.0 71.43 25.0 nan 0.0 0.0 0.0 nan
09:23:00 0.0 0.0 nan 70.5 nan nan 70.35 1.0 71.43 25.0 nan 0.0 0.0 0.0 nan
09:24:00 0.0 0.0 nan 70.5 nan nan 70.35 1.0 71.43 25.0 nan 0.0 0.0 0.0 nan
09:25:00 0.0 0.0 nan 70.5 nan nan 70.35 1.0 71.43 25.0 nan 0.0 0.0 0.0 nan
09:26:00 0.0 0.0 nan 70.5 nan nan 70.35 101.0 71.42 125.0 nan 0.0 0.0 0.0 nan
09:27:00 1.0 10.0 nan 70.5 70.5 70.5 70.36 100.0 71.42 100.0 10.0 10.0 0.0 0.0 70.5
09:28:00 0.0 0.0 nan 70.5 nan nan 70.36 200.0 71.33 600.0 nan 0.0 0.0 0.0 nan
09:29:00 1.0 0.0 nan 71.32 71.32 71.32 70.36 200.0 71.44 400.0 nan 0.0 0.0 0.0 nan
09:30:00 0.0 0.0 nan 71.32 nan nan 70.36 200.0 71.44 300.0 nan 0.0 0.0 0.0 nan
09:31:00 5.0 27.0 nan 70.79 70.95 70.62 70.8 309.0 70.97 25.0 27.0 0.0 27.0 0.0 70.62
09:32:00 40.0 2325.0 nan 71.06 71.14 70.97 70.91 8.0 71.2 10.0 2325.0 2164.0 161.0 0.0 71.0165
09:33:00 1.0 200.0 nan 71.05 71.05 71.05 71.0 37.0 71.2 10.0 200.0 0.0 200.0 0.0 71.05
09:34:00 10.0 371.0 nan 71.29 71.29 71.2 71.2 1102.0 71.45 300.0 371.0 366.0 5.0 0.0 71.2454
09:35:00 15.0 844.0 nan 71.58 71.6 71.44 71.46 405.0 71.69 216.0 844.0 844.0 0.0 0.0 71.484
09:36:00 16.0 720.0 nan 71.4 71.46 71.4 71.34 6.0 71.57 216.0 720.0 0.0 720.0 0.0 71.4345
09:37:00 25.0 509.0 nan 71.3 71.34 71.19 71.24 7.0 71.46 62.0 509.0 197.0 312.0 0.0 71.2941
09:38:00 0.0 0.0 nan 71.3 nan nan 71.34 8.0 71.46 62.0 nan 0.0 0.0 0.0 nan
09:39:00 11.0 1319.0 nan 71.325 71.38 71.3 71.28 637.0 71.46 162.0 1319.0 297.0 1022.0 0.0 71.3562
09:40:00 6.0 123.0 nan 71.59 71.59 71.46 71.46 201.0 71.62 125.0 123.0 123.0 0.0 0.0 71.5245
09:41:00 24.0 822.0 nan 71.57 71.7 71.47 71.46 6.0 71.64 25.0 822.0 262.0 560.0 0.0 71.5842
09:42:00 4.0 43.0 nan 71.63 71.65 71.55 71.46 7.0 71.63 110.0 43.0 43.0 0.0 0.0 71.6314
09:43:00 2.0 7.0 nan 71.49 71.58 71.49 71.49 206.0 71.62 100.0 7.0 0.0 7.0 0.0 71.58
09:44:00 16.0 252.0 nan 71.48 71.61 71.48 71.45 8.0 71.56 100.0 252.0 0.0 252.0 0.0 71.4894
09:45:00 6.0 28.0 nan 71.48 71.48 71.45 71.44 14.0 71.54 310.0 28.0 0.0 28.0 0.0 71.4714
09:46:00 15.0 388.0 nan 71.47 71.475 71.42 71.42 400.0 71.49 168.0 388.0 0.0 388.0 0.0 71.4215
09:47:00 6.0 405.0 nan 71.42 71.42 71.42 71.27 153.0 71.42 25.0 405.0 0.0 405.0 0.0 71.42
09:48:00 19.0 510.0 nan 71.08 71.28 71.08 71.01 27.0 71.18 172.0 510.0 0.0 510.0 0.0 71.2025
09:49:00 34.0 515.0 nan 71.1 71.1 70.97 70.96 259.0 71.22 119.0 515.0 183.0 332.0 0.0 71.0115
09:50:00 22.0 875.0 nan 70.835 71.01 70.835 70.76 10.0 70.92 104.0 875.0 374.0 501.0 0.0 70.9527
09:51:00 2.0 0.0 nan 70.86 70.86 70.86 70.76 10.0 70.89 129.0 nan 0.0 0.0 0.0 nan
09:52:00 19.0 795.0 nan 70.84 70.93 70.84 70.91 25.0 71.0 1.0 795.0 785.0 10.0 0.0 70.907
09:53:00 5.0 109.0 nan 71.01 71.01 71.0 70.91 5.0 71.14 48.0 109.0 109.0 0.0 0.0 71.0099
09:54:00 1.0 0.0 nan 71.13 71.13 71.13 71.04 5.0 71.14 48.0 nan 0.0 0.0 0.0 nan
09:55:00 6.0 66.0 nan 71.14 71.15 71.0 70.99 750.0 71.14 48.0 66.0 66.0 0.0 0.0 71.0
09:56:00 25.0 807.0 nan 70.89 71.14 70.89 70.8 300.0 70.98 103.0 807.0 0.0 807.0 0.0 70.9815
09:57:00 11.0 513.0 nan 70.98 70.99 70.97 70.89 204.0 71.04 540.0 513.0 503.0 10.0 0.0 70.9839
09:58:00 3.0 1.0 nan 71.02 71.02 70.95 70.95 3.0 71.01 494.0 1.0 0.0 1.0 0.0 70.95
09:59:00 5.0 5.0 nan 71.0 71.0 70.92 70.91 50.0 71.01 575.0 5.0 5.0 0.0 0.0 70.92
10:00:00 26.0 1281.0 nan 71.0 71.03 70.91 71.03 35.0 71.09 100.0 1281.0 751.0 530.0 0.0 70.9752
10:01:00 147.0 4750.0 nan 71.09 71.1 71.0 71.03 200.0 71.1 381.0 4750.0 2530.0 2220.0 0.0 71.0459
10:02:00 5.0 0.0 nan 71.04 71.065 71.04 71.03 201.0 71.1 531.0 nan 0.0 0.0 0.0 nan
10:03:00 34.0 1132.0 nan 70.88 71.03 70.88 70.85 367.0 70.98 126.0 1132.0 0.0 1132.0 0.0 70.9853
10:04:00 21.0 1079.0 nan 70.91 70.93 70.855 70.87 300.0 70.95 25.0 1079.0 711.0 368.0 0.0 70.9071
10:05:00 49.0 1583.0 nan 70.86 70.98 70.86 70.85 426.0 70.93 100.0 1583.0 630.0 953.0 0.0 70.9443
10:06:00 52.0 1421.0 nan 70.82 70.93 70.82 70.82 400.0 70.9 170.0 1421.0 627.0 794.0 0.0 70.9054
10:07:00 62.0 2053.0 nan 70.88 70.93 70.82 70.83 502.0 70.92 602.0 2053.0 1348.0 705.0 0.0 70.8867
10:08:00 24.0 1079.0 nan 70.82 70.84 70.81 70.82 353.0 70.9 592.0 1079.0 9.0 1070.0 0.0 70.8296
10:09:00 2.0 10.0 nan 70.83 70.83 70.83 70.82 495.0 70.89 27.0 10.0 0.0 10.0 0.0 70.83
10:10:00 33.0 1352.0 nan 70.91 70.91 70.83 70.91 384.0 70.95 33.0 1352.0 957.0 395.0 0.0 70.8952
10:11:00 55.0 2075.0 nan 70.91 71.0 70.87 70.84 271.0 70.91 101.0 2075.0 814.0 1261.0 0.0 70.9501
10:12:00 31.0 1610.0 nan 70.78 70.84 70.73 70.72 570.0 70.78 52.0 1610.0 25.0 1585.0 0.0 70.7932
10:13:00 60.0 2333.0 nan 70.77 70.84 70.75 70.72 200.0 70.79 166.0 2333.0 1263.0 1070.0 0.0 70.7917
10:14:00 43.0 753.0 nan 70.83 70.85 70.76 70.81 103.0 70.88 210.0 753.0 528.0 225.0 0.0 70.8197
10:15:00 24.0 548.0 nan 70.94 70.99 70.88 70.93 104.0 70.99 220.0 548.0 443.0 105.0 0.0 70.9336
10:16:00 75.0 2182.0 nan 70.9 71.11 70.9 70.89 225.0 70.97 194.0 2182.0 155.0 2027.0 0.0 70.9602
10:17:00 21.0 621.0 nan 71.03 71.04 70.97 71.03 399.0 71.09 12.0 621.0 416.0 205.0 0.0 71.0032
10:18:00 18.0 668.0 nan 71.36 71.36 71.105 71.26 89.0 71.37 201.0 668.0 668.0 0.0 0.0 71.2165
10:19:00 29.0 818.0 nan 71.36 71.4 71.35 71.35 3.0 71.41 201.0 818.0 251.0 567.0 0.0 71.3561
10:20:00 39.0 1083.0 nan 71.06 71.35 71.06 71.02 401.0 71.1 1051.0 1083.0 0.0 1083.0 0.0 71.1977
10:21:00 20.0 1347.0 nan 71.13 71.205 71.02 71.09 200.0 71.25 235.0 1347.0 1345.0 2.0 0.0 71.0993
10:22:00 16.0 320.0 nan 71.16 71.22 71.1 71.06 101.0 71.17 467.0 320.0 10.0 310.0 0.0 71.1312
10:23:00 14.0 326.0 nan 71.23 71.23 71.1 71.12 109.0 71.25 500.0 326.0 326.0 0.0 0.0 71.2297
10:24:00 18.0 484.0 nan 71.15 71.17 71.09 71.12 62.0 71.18 5.0 484.0 50.0 434.0 0.0 71.1118
10:25:00 37.0 1141.0 nan 71.22 71.22 71.14 71.18 4.0 71.34 27.0 1141.0 770.0 371.0 0.0 71.1822
10:26:00 44.0 1354.0 nan 71.24 71.29 71.24 71.26 300.0 71.29 219.0 1354.0 103.0 1251.0 0.0 71.2438
10:27:00 77.0 3473.0 nan 71.16 71.31 71.16 71.16 103.0 71.26 124.0 3473.0 1842.0 1631.0 0.0 71.2814
10:28:00 31.0 983.0 nan 71.23 71.23 71.15 71.2 2.0 71.28 10.0 983.0 773.0 210.0 0.0 71.1938
10:29:00 1.0 5.0 nan 71.23 71.23 71.23 71.2 1.0 71.28 21.0 5.0 0.0 5.0 0.0 71.23
10:30:00 59.0 2146.0 nan 71.17 71.25 71.1 71.17 53.0 71.26 100.0 2146.0 1085.0 1061.0 0.0 71.1552
10:31:00 9.0 246.0 nan 71.185 71.22 71.17 71.11 100.0 71.23 25.0 246.0 0.0 246.0 0.0 71.1846
10:32:00 28.0 422.0 nan 71.16 71.235 71.12 71.15 452.0 71.22 8.0 422.0 41.0 381.0 0.0 71.1504
10:33:00 46.0 1536.0 nan 71.06 71.19 71.01 70.99 546.0 71.06 1.0 1536.0 204.0 1332.0 0.0 71.0662
10:34:00 49.0 1239.0 nan 70.91 71.03 70.88 70.86 225.0 70.97 210.0 1239.0 60.0 1179.0 0.0 70.9574
10:35:00 24.0 183.0 nan 71.045 71.08 70.925 71.02 25.0 71.15 24.0 183.0 178.0 5.0 0.0 71.056
10:36:00 1.0 3.0 nan 71.11 71.11 71.11 71.06 211.0 71.16 526.0 3.0 0.0 3.0 0.0 71.11
10:37:00 32.0 1632.0 nan 71.14 71.14 71.09 71.07 2.0 71.13 51.0 1632.0 375.0 1257.0 0.0 71.1093
10:38:00 38.0 977.0 nan 71.14 71.15 71.09 71.09 243.0 71.17 122.0 977.0 36.0 941.0 0.0 71.114
10:39:00 24.0 1107.0 nan 71.06 71.19 71.06 71.05 128.0 71.13 315.0 1107.0 105.0 1002.0 0.0 71.1215
10:40:00 25.0 711.0 nan 71.11 71.15 71.09 71.05 233.0 71.12 610.0 711.0 682.0 29.0 0.0 71.1411
10:41:00 21.0 493.0 nan 70.99 71.06 70.99 70.98 127.0 71.03 5.0 493.0 0.0 493.0 0.0 71.0219
10:42:00 19.0 334.0 nan 71.12 71.12 71.03 71.1 4.0 71.16 1.0 334.0 334.0 0.0 0.0 71.1185
10:43:00 9.0 12.0 nan 71.08 71.16 71.07 71.04 201.0 71.12 25.0 12.0 1.0 11.0 0.0 71.0858
10:44:00 10.0 107.0 nan 71.02 71.07 70.98 70.99 360.0 71.09 2.0 107.0 3.0 104.0 0.0 70.9837
10:45:00 19.0 313.0 nan 71.03 71.11 71.03 71.0 200.0 71.12 372.0 313.0 2.0 311.0 0.0 71.0738
10:46:00 22.0 307.0 nan 71.1 71.1 71.015 71.07 25.0 71.12 196.0 307.0 307.0 0.0 0.0 71.0562
10:47:00 7.0 136.0 nan 71.08 71.08 71.06 71.01 512.0 71.09 474.0 136.0 0.0 136.0 0.0 71.0618
10:48:00 17.0 468.0 nan 70.98 71.09 70.98 70.96 600.0 71.02 434.0 468.0 5.0 463.0 0.0 71.0023
10:49:00 13.0 806.0 nan 70.95 70.96 70.95 70.9 602.0 70.99 439.0 806.0 0.0 806.0 0.0 70.9582
10:50:00 92.0 1956.0 nan 70.94 71.02 70.9 70.92 200.0 70.99 110.0 1956.0 1745.0 211.0 0.0 70.9611
10:51:00 57.0 2552.0 nan 70.95 70.99 70.9 70.93 9.0 70.97 500.0 2552.0 2046.0 506.0 0.0 70.9387
10:52:00 76.0 3218.0 nan 71.03 71.03 70.91 70.99 841.0 71.05 200.0 3218.0 2711.0 507.0 0.0 70.9743
10:53:00 4.0 18.0 nan 71.0 71.05 71.0 70.99 203.0 71.05 193.0 18.0 18.0 0.0 0.0 71.05
10:54:00 43.0 3744.0 nan 70.96 70.99 70.91 70.9 377.0 70.97 199.0 3744.0 469.0 3275.0 0.0 70.9772
10:55:00 2.0 3.0 nan 70.96 70.96 70.96 70.93 4.0 70.97 112.0 3.0 0.0 3.0 0.0 70.96
10:56:00 38.0 717.0 nan 70.79 70.93 70.79 70.77 28.0 70.85 202.0 717.0 0.0 717.0 0.0 70.8601
10:57:00 5.0 127.0 nan 70.865 70.865 70.85 70.81 25.0 70.92 33.0 127.0 127.0 0.0 0.0 70.8599
10:58:00 2.0 0.0 nan 70.91 70.91 70.91 70.84 11.0 70.93 585.0 nan 0.0 0.0 0.0 nan
10:59:00 13.0 341.0 nan 70.76 70.84 70.76 70.71 3.0 70.8 657.0 341.0 0.0 341.0 0.0 70.7929
11:00:00 8.0 260.0 nan 70.82 70.82 70.8 70.75 487.0 70.84 234.0 260.0 260.0 0.0 0.0 70.8011
11:01:00 35.0 1508.0 nan 70.75 70.84 70.75 70.73 3.0 70.81 407.0 1508.0 1371.0 137.0 0.0 70.8338
11:02:00 3.0 0.0 nan 70.76 70.77 70.76 70.73 14.0 70.79 401.0 nan 0.0 0.0 0.0 nan
11:03:00 26.0 1114.0 nan 70.73 70.8 70.73 70.71 97.0 70.75 26.0 1114.0 901.0 213.0 0.0 70.786
11:04:00 22.0 1126.0 nan 70.73 70.73 70.65 70.68 25.0 70.75 26.0 1126.0 149.0 977.0 0.0 70.6917
11:05:00 7.0 268.0 nan 70.8 70.8 70.75 70.74 311.0 70.8 238.0 268.0 268.0 0.0 0.0 70.7793
11:06:00 34.0 327.0 nan 70.79 70.8 70.68 70.71 125.0 70.8 194.0 327.0 65.0 262.0 0.0 70.7468
11:07:00 5.0 236.0 nan 70.8 70.8 70.8 70.76 114.0 70.84 25.0 236.0 236.0 0.0 0.0 70.8
11:08:00 1.0 0.0 nan 70.8 70.8 70.8 70.76 110.0 70.84 358.0 nan 0.0 0.0 0.0 nan
11:09:00 24.0 722.0 nan 70.79 70.79 70.71 70.79 61.0 70.85 81.0 722.0 299.0 423.0 0.0 70.7582
11:10:00 10.0 122.0 nan 70.785 70.82 70.785 70.75 26.0 70.83 113.0 122.0 0.0 122.0 0.0 70.7999
11:11:00 0.0 0.0 nan 70.785 nan nan 70.74 1.0 70.8 353.0 nan 0.0 0.0 0.0 nan
11:12:00 50.0 1985.0 nan 70.78 70.78 70.64 70.74 212.0 70.79 33.0 1985.0 868.0 1117.0 0.0 70.6843
11:13:00 1.0 1.0 nan 70.74 70.74 70.74 70.74 45.0 70.79 10.0 1.0 0.0 1.0 0.0 70.74
11:14:00 5.0 203.0 nan 70.765 70.765 70.75 70.74 235.0 70.79 3.0 203.0 199.0 4.0 0.0 70.75
11:15:00 20.0 261.0 nan 70.73 70.765 70.71 70.7 50.0 70.74 4.0 261.0 8.0 253.0 0.0 70.7355
11:16:00 19.0 480.0 nan 70.68 70.72 70.68 70.64 40.0 70.67 38.0 480.0 0.0 480.0 0.0 70.6863
11:17:00 17.0 418.0 nan 70.71 70.71 70.66 70.68 6.0 70.73 40.0 418.0 418.0 0.0 0.0 70.7065
11:18:00 26.0 25.0 nan 70.685 70.71 70.665 70.63 332.0 70.73 493.0 25.0 0.0 25.0 0.0 70.68
11:19:00 3.0 0.0 nan 70.72 70.72 70.7 70.69 7.0 70.76 1.0 nan 0.0 0.0 0.0 nan
11:20:00 17.0 468.0 nan 70.66 70.74 70.66 70.64 48.0 70.71 477.0 468.0 0.0 468.0 0.0 70.6908
11:21:00 2.0 0.0 nan 70.665 70.665 70.64 70.64 4.0 70.67 1.0 nan 0.0 0.0 0.0 nan
11:22:00 25.0 770.0 nan 70.7 70.73 70.66 70.69 8.0 70.74 25.0 770.0 268.0 502.0 0.0 70.7017
11:23:00 44.0 1108.0 nan 70.69 70.73 70.66 70.65 402.0 70.72 200.0 1108.0 121.0 987.0 0.0 70.6943
11:24:00 5.0 12.0 nan 70.69 70.7 70.66 70.66 534.0 70.73 8.0 12.0 0.0 12.0 0.0 70.6733
11:25:00 0.0 0.0 nan 70.69 nan nan 70.66 25.0 70.72 166.0 nan 0.0 0.0 0.0 nan
11:26:00 38.0 1380.0 nan 70.63 70.65 70.57 70.56 1057.0 70.63 321.0 1380.0 44.0 1336.0 0.0 70.6179
11:27:00 0.0 0.0 nan 70.63 nan nan 70.56 742.0 70.62 35.0 nan 0.0 0.0 0.0 nan
11:28:00 10.0 221.0 nan 70.63 70.63 70.6 70.58 370.0 70.65 228.0 221.0 221.0 0.0 0.0 70.6284
11:29:00 2.0 0.0 nan 70.62 70.62 70.62 70.58 240.0 70.62 8.0 nan 0.0 0.0 0.0 nan
11:30:00 23.0 218.0 nan 70.7 70.7 70.62 70.64 408.0 70.71 265.0 218.0 218.0 0.0 0.0 70.6458
11:31:00 36.0 1308.0 nan 70.63 70.67 70.61 70.6 1004.0 70.67 300.0 1308.0 770.0 538.0 0.0 70.6458
11:32:00 1.0 1.0 nan 70.68 70.68 70.68 70.62 64.0 70.68 67.0 1.0 1.0 0.0 0.0 70.68
11:33:00 2.0 1.0 nan 70.655 70.655 70.65 70.62 316.0 70.68 314.0 1.0 0.0 1.0 0.0 70.65
11:34:00 3.0 162.0 nan 70.67 70.67 70.66 70.62 323.0 70.67 701.0 162.0 0.0 162.0 0.0 70.6698
11:35:00 14.0 718.0 nan 70.69 70.69 70.65 70.63 334.0 70.7 101.0 718.0 705.0 13.0 0.0 70.6698
11:36:00 48.0 2587.0 nan 70.565 70.71 70.56 70.54 144.0 70.6 150.0 2587.0 515.0 2072.0 0.0 70.628
11:37:00 10.0 199.0 nan 70.53 70.59 70.53 70.5 990.0 70.57 101.0 199.0 0.0 199.0 0.0 70.5399
11:38:00 20.0 1188.0 nan 70.47 70.51 70.46 70.41 105.0 70.48 1.0 1188.0 0.0 1188.0 0.0 70.4901
11:39:00 1.0 30.0 nan 70.45 70.45 70.45 70.41 107.0 70.48 1.0 30.0 0.0 30.0 0.0 70.45
11:40:00 0.0 0.0 nan 70.45 nan nan 70.41 211.0 70.47 401.0 nan 0.0 0.0 0.0 nan
11:41:00 8.0 244.0 nan 70.5 70.5 70.45 70.45 2.0 70.51 226.0 244.0 144.0 100.0 0.0 70.4618
11:42:00 12.0 9.0 nan 70.6 70.6 70.49 70.52 119.0 70.6 225.0 9.0 4.0 5.0 0.0 70.5456
11:43:00 1.0 1.0 nan 70.61 70.61 70.61 70.57 29.0 70.61 16.0 1.0 1.0 0.0 0.0 70.61
11:44:00 14.0 490.0 nan 70.65 70.65 70.59 70.62 59.0 70.69 720.0 490.0 144.0 346.0 0.0 70.6041
11:45:00 9.0 170.0 nan 70.6 70.62 70.6 70.59 4.0 70.64 5.0 170.0 0.0 170.0 0.0 70.6066
11:46:00 2.0 4.0 nan 70.59 70.59 70.59 70.58 107.0 70.63 268.0 4.0 0.0 4.0 0.0 70.59
11:47:00 2.0 2.0 nan 70.65 70.65 70.63 70.59 151.0 70.67 7.0 2.0 1.0 1.0 0.0 70.64
11:48:00 6.0 207.0 nan 70.7 70.7 70.67 70.7 56.0 70.74 6.0 207.0 7.0 200.0 0.0 70.699
11:49:00 3.0 103.0 nan 70.71 70.74 70.71 70.7 55.0 70.74 145.0 103.0 1.0 102.0 0.0 70.7105
11:50:00 13.0 393.0 nan 70.65 70.71 70.65 70.64 1.0 70.7 288.0 393.0 0.0 393.0 0.0 70.6987
11:51:00 23.0 615.0 nan 70.57 70.64 70.54 70.5 374.0 70.58 344.0 615.0 2.0 613.0 0.0 70.5913
11:52:00 1.0 3.0 nan 70.55 70.55 70.55 70.5 318.0 70.55 87.0 3.0 3.0 0.0 0.0 70.55
11:53:00 8.0 394.0 nan 70.55 70.56 70.55 70.53 2.0 70.55 187.0 394.0 192.0 202.0 0.0 70.5501
11:54:00 7.0 346.0 nan 70.6 70.6 70.55 70.57 10.0 70.62 33.0 346.0 342.0 4.0 0.0 70.5684
11:55:00 7.0 75.0 nan 70.6 70.65 70.6 70.59 318.0 70.64 144.0 75.0 74.0 1.0 0.0 70.6348
11:56:00 13.0 238.0 nan 70.59 70.61 70.59 70.54 174.0 70.61 325.0 238.0 0.0 238.0 0.0 70.5901
11:57:00 2.0 1.0 nan 70.52 70.52 70.52 70.49 439.0 70.55 222.0 1.0 1.0 0.0 0.0 70.52
11:58:00 29.0 555.0 nan 70.46 70.56 70.46 70.45 398.0 70.5 17.0 555.0 412.0 143.0 0.0 70.5374
11:59:00 1.0 0.0 nan 70.51 70.51 70.51 70.45 598.0 70.5 17.0 nan 0.0 0.0 0.0 nan
12:00:00 5.0 7.0 nan 70.48 70.49 70.48 70.46 208.0 70.49 128.0 7.0 2.0 5.0 0.0 70.4843
12:01:00 36.0 1070.0 nan 70.42 70.49 70.42 70.42 100.0 70.47 154.0 1070.0 257.0 813.0 0.0 70.4511
12:02:00 24.0 1118.0 nan 70.36 70.41 70.35 70.35 43.0 70.4 517.0 1118.0 0.0 1118.0 0.0 70.3902
12:03:00 0.0 0.0 nan 70.36 nan nan 70.36 241.0 70.4 414.0 nan 0.0 0.0 0.0 nan
12:04:00 10.0 677.0 nan 70.41 70.41 70.36 70.39 22.0 70.46 98.0 677.0 602.0 75.0 0.0 70.3983
12:05:00 8.0 213.0 nan 70.51 70.51 70.44 70.45 116.0 70.51 275.0 213.0 213.0 0.0 0.0 70.4654
12:06:00 18.0 503.0 nan 70.43 70.48 70.43 70.4 206.0 70.49 326.0 503.0 0.0 503.0 0.0 70.4401
12:07:00 1.0 14.0 nan 70.48 70.48 70.48 70.43 129.0 70.5 371.0 14.0 14.0 0.0 0.0 70.48
12:08:00 1.0 0.0 nan 70.49 70.49 70.49 70.43 5.0 70.5 547.0 nan 0.0 0.0 0.0 nan
12:09:00 2.0 159.0 nan 70.465 70.48 70.465 70.46 2.0 70.5 601.0 159.0 0.0 159.0 0.0 70.48
12:10:00 10.0 376.0 nan 70.54 70.54 70.5 70.46 232.0 70.53 1.0 376.0 376.0 0.0 0.0 70.5117
12:11:00 15.0 328.0 nan 70.46 70.46 70.45 70.44 203.0 70.5 600.0 328.0 215.0 113.0 0.0 70.4599
12:12:00 0.0 0.0 nan 70.46 nan nan 70.44 1.0 70.5 604.0 nan 0.0 0.0 0.0 nan
12:13:00 2.0 61.0 nan 70.5 70.5 70.44 70.47 410.0 70.54 441.0 61.0 60.0 1.0 0.0 70.499
12:14:00 4.0 6.0 nan 70.54 70.54 70.47 70.49 312.0 70.58 900.0 6.0 4.0 2.0 0.0 70.5167
12:15:00 2.0 0.0 nan 70.57 70.57 70.55 70.52 212.0 70.58 229.0 nan 0.0 0.0 0.0 nan
12:16:00 3.0 6.0 nan 70.61 70.61 70.58 70.57 56.0 70.61 345.0 6.0 6.0 0.0 0.0 70.605
12:17:00 15.0 417.0 nan 70.58 70.61 70.58 70.57 357.0 70.61 321.0 417.0 33.0 384.0 0.0 70.5802
12:18:00 23.0 1115.0 nan 70.515 70.58 70.515 70.5 43.0 70.55 746.0 1115.0 0.0 1115.0 0.0 70.5536
12:19:00 6.0 325.0 nan 70.53 70.55 70.53 70.51 161.0 70.54 30.0 325.0 325.0 0.0 0.0 70.55
12:20:00 22.0 614.0 nan 70.49 70.53 70.49 70.48 33.0 70.5 165.0 614.0 1.0 613.0 0.0 70.4996
12:21:00 24.0 566.0 nan 70.59 70.59 70.5 70.53 987.0 70.6 225.0 566.0 566.0 0.0 0.0 70.5218
12:22:00 2.0 100.0 nan 70.61 70.61 70.57 70.54 155.0 70.63 493.0 100.0 100.0 0.0 0.0 70.61
12:23:00 2.0 2.0 nan 70.67 70.67 70.62 70.61 107.0 70.71 595.0 2.0 0.0 2.0 0.0 70.67
12:24:00 23.0 561.0 nan 70.65 70.73 70.61 70.63 105.0 70.73 316.0 561.0 352.0 209.0 0.0 70.6531
12:25:00 8.0 1099.0 nan 70.63 70.64 70.63 70.61 202.0 70.64 97.0 1099.0 8.0 1091.0 0.0 70.63
12:26:00 12.0 309.0 nan 70.59 70.61 70.59 70.58 18.0 70.62 110.0 309.0 1.0 308.0 0.0 70.6099
12:27:00 4.0 296.0 nan 70.63 70.63 70.62 70.63 14.0 70.68 201.0 296.0 296.0 0.0 0.0 70.6263
12:28:00 1.0 1.0 nan 70.68 70.68 70.68 70.65 258.0 70.7 5.0 1.0 1.0 0.0 0.0 70.68
12:29:00 4.0 39.0 nan 70.69 70.69 70.69 70.65 229.0 70.7 223.0 39.0 0.0 39.0 0.0 70.69
12:30:00 9.0 102.0 nan 70.69 70.69 70.66 70.65 434.0 70.7 5.0 102.0 100.0 2.0 0.0 70.6896
12:31:00 2.0 2.0 nan 70.67 70.67 70.67 70.65 234.0 70.69 169.0 2.0 0.0 2.0 0.0 70.67
12:32:00 3.0 12.0 nan 70.67 70.67 70.65 70.65 252.0 70.69 279.0 12.0 0.0 12.0 0.0 70.6617
12:33:00 22.0 335.0 nan 70.645 70.66 70.64 70.63 15.0 70.68 101.0 335.0 0.0 335.0 0.0 70.647
12:34:00 1.0 1.0 nan 70.64 70.64 70.64 70.63 14.0 70.69 288.0 1.0 1.0 0.0 0.0 70.64
12:35:00 0.0 0.0 nan 70.64 nan nan 70.63 14.0 70.69 454.0 nan 0.0 0.0 0.0 nan
12:36:00 2.0 4.0 nan 70.69 70.69 70.64 70.63 14.0 70.69 268.0 4.0 3.0 1.0 0.0 70.6775
12:37:00 7.0 3.0 nan 70.68 70.69 70.64 70.63 14.0 70.69 144.0 3.0 3.0 0.0 0.0 70.69
12:38:00 39.0 696.0 nan 70.58 70.65 70.58 70.57 9.0 70.61 392.0 696.0 100.0 596.0 0.0 70.5998
12:39:00 2.0 9.0 nan 70.57 70.57 70.57 70.56 3.0 70.61 669.0 9.0 0.0 9.0 0.0 70.57
12:40:00 1.0 1.0 nan 70.58 70.58 70.58 70.55 201.0 70.6 231.0 1.0 1.0 0.0 0.0 70.58
12:41:00 12.0 115.0 nan 70.54 70.55 70.54 70.53 11.0 70.57 659.0 115.0 0.0 115.0 0.0 70.549
12:42:00 11.0 568.0 nan 70.57 70.57 70.57 70.54 298.0 70.59 144.0 568.0 568.0 0.0 0.0 70.57
12:43:00 0.0 0.0 nan 70.57 nan nan 70.57 1.0 70.59 254.0 nan 0.0 0.0 0.0 nan
12:44:00 95.0 4645.0 nan 70.7 70.7 70.56 70.68 2.0 70.74 25.0 4645.0 3417.0 1228.0 0.0 70.6351
12:45:00 7.0 110.0 nan 70.7 70.71 70.695 70.7 69.0 70.73 282.0 110.0 0.0 110.0 0.0 70.7009
12:46:00 22.0 926.0 nan 70.77 70.79 70.71 70.77 210.0 70.83 25.0 926.0 701.0 225.0 0.0 70.7496
12:47:00 65.0 2791.0 nan 70.81 70.81 70.77 70.79 3.0 70.81 200.0 2791.0 1787.0 1004.0 0.0 70.778
12:48:00 16.0 649.0 nan 70.81 70.81 70.77 70.8 571.0 70.86 200.0 649.0 325.0 324.0 0.0 70.784
12:49:00 1.0 0.0 nan 70.96 70.96 70.96 70.92 2.0 70.97 400.0 nan 0.0 0.0 0.0 nan
12:50:00 19.0 267.0 nan 70.85 70.92 70.85 70.82 58.0 70.87 201.0 267.0 0.0 267.0 0.0 70.8936
12:51:00 0.0 0.0 nan 70.85 nan nan 70.82 29.0 70.87 213.0 nan 0.0 0.0 0.0 nan
12:52:00 11.0 181.0 nan 70.89 70.91 70.87 70.88 167.0 70.93 350.0 181.0 173.0 8.0 0.0 70.8814
12:53:00 2.0 2.0 nan 70.91 70.91 70.89 70.89 2.0 70.92 200.0 2.0 2.0 0.0 0.0 70.9
12:54:00 12.0 373.0 nan 70.85 70.91 70.85 70.85 3.0 70.89 263.0 373.0 0.0 373.0 0.0 70.8797
12:55:00 3.0 129.0 nan 70.84 70.85 70.84 70.81 4.0 70.85 413.0 129.0 0.0 129.0 0.0 70.8402
12:56:00 10.0 530.0 nan 70.9 70.9 70.85 70.85 266.0 70.91 201.0 530.0 430.0 100.0 0.0 70.8504
12:57:00 0.0 0.0 nan 70.9 nan nan 70.86 314.0 70.91 201.0 nan 0.0 0.0 0.0 nan
12:58:00 6.0 36.0 nan 70.87 70.92 70.87 70.87 10.0 70.93 177.0 36.0 11.0 25.0 0.0 70.8853
12:59:00 1.0 1.0 nan 70.93 70.93 70.93 70.87 10.0 70.92 301.0 1.0 1.0 0.0 0.0 70.93
13:00:00 23.0 402.0 nan 70.84 70.9 70.82 70.81 29.0 70.84 105.0 402.0 3.0 399.0 0.0 70.8366
13:01:00 4.0 106.0 nan 70.83 70.84 70.83 70.82 254.0 70.86 392.0 106.0 106.0 0.0 0.0 70.8399
13:02:00 9.0 349.0 nan 70.87 70.87 70.84 70.84 1.0 70.87 146.0 349.0 349.0 0.0 0.0 70.8633
13:03:00 1.0 1.0 nan 70.88 70.88 70.88 70.84 429.0 70.88 396.0 1.0 1.0 0.0 0.0 70.88
13:04:00 15.0 491.0 nan 70.89 70.9 70.86 70.89 1.0 70.92 112.0 491.0 467.0 24.0 0.0 70.8791
13:05:00 24.0 576.0 nan 70.87 70.9 70.87 70.84 3.0 70.86 1.0 576.0 101.0 475.0 0.0 70.878
13:06:00 5.0 4.0 nan 70.87 70.87 70.84 70.83 1.0 70.88 382.0 4.0 1.0 3.0 0.0 70.8475
13:07:00 88.0 3765.0 nan 70.96 70.97 70.87 70.94 326.0 70.99 428.0 3765.0 1904.0 1861.0 0.0 70.9353
13:08:00 51.0 1203.0 nan 70.82 70.98 70.78 70.81 186.0 70.86 412.0 1203.0 28.0 1175.0 0.0 70.8973
13:09:00 28.0 738.0 nan 70.77 70.84 70.74 70.77 110.0 70.84 543.0 738.0 311.0 427.0 0.0 70.7767
13:10:00 6.0 126.0 nan 70.77 70.77 70.77 70.72 1.0 70.81 46.0 126.0 0.0 126.0 0.0 70.77
13:11:00 3.0 20.0 nan 70.72 70.77 70.72 70.72 25.0 70.78 525.0 20.0 19.0 1.0 0.0 70.72
13:12:00 15.0 1090.0 nan 70.79 70.8 70.77 70.76 10.0 70.84 283.0 1090.0 965.0 125.0 0.0 70.7852
13:13:00 6.0 120.0 nan 70.825 70.825 70.78 70.78 25.0 70.87 26.0 120.0 95.0 25.0 0.0 70.7958
13:14:00 0.0 0.0 nan 70.825 nan nan 70.79 14.0 70.84 304.0 nan 0.0 0.0 0.0 nan
13:15:00 17.0 259.0 nan 70.8 70.87 70.8 70.76 14.0 70.82 300.0 259.0 35.0 224.0 0.0 70.8129
13:16:00 12.0 238.0 nan 70.75 70.76 70.73 70.71 538.0 70.77 344.0 238.0 101.0 137.0 0.0 70.7508
13:17:00 1.0 0.0 nan 70.74 70.74 70.74 70.71 516.0 70.76 524.0 nan 0.0 0.0 0.0 nan
13:18:00 11.0 257.0 nan 70.75 70.77 70.72 70.72 407.0 70.77 300.0 257.0 254.0 3.0 0.0 70.7605
13:19:00 2.0 0.0 nan 70.73 70.73 70.73 70.74 1.0 70.77 392.0 nan 0.0 0.0 0.0 nan
13:20:00 16.0 610.0 nan 70.82 70.82 70.77 70.76 172.0 70.81 200.0 610.0 605.0 5.0 0.0 70.7735
13:21:00 11.0 169.0 nan 70.8 70.8 70.77 70.76 307.0 70.8 101.0 169.0 0.0 169.0 0.0 70.8
13:22:00 8.0 199.0 nan 70.81 70.81 70.8 70.77 464.0 70.82 404.0 199.0 199.0 0.0 0.0 70.8096
13:23:00 4.0 79.0 nan 70.77 70.77 70.77 70.77 117.0 70.79 1.0 79.0 0.0 79.0 0.0 70.77
13:24:00 8.0 220.0 nan 70.75 70.79 70.75 70.72 27.0 70.77 13.0 220.0 0.0 220.0 0.0 70.7518
13:25:00 1.0 8.0 nan 70.74 70.74 70.74 70.72 27.0 70.76 384.0 8.0 0.0 8.0 0.0 70.74
13:26:00 0.0 0.0 nan 70.74 nan nan 70.72 27.0 70.76 341.0 nan 0.0 0.0 0.0 nan
13:27:00 11.0 293.0 nan 70.69 70.72 70.69 70.69 1.0 70.72 570.0 293.0 0.0 293.0 0.0 70.707
13:28:00 8.0 101.0 nan 70.69 70.69 70.67 70.67 291.0 70.71 647.0 101.0 1.0 100.0 0.0 70.6715
13:29:00 69.0 3026.0 nan 70.77 70.78 70.71 70.73 100.0 70.78 580.0 3026.0 1592.0 1434.0 0.0 70.7576
13:30:00 4.0 117.0 nan 70.71 70.73 70.71 70.7 1.0 70.75 271.0 117.0 0.0 117.0 0.0 70.7293
13:31:00 0.0 0.0 nan 70.71 nan nan 70.7 5.0 70.75 432.0 nan 0.0 0.0 0.0 nan
13:32:00 2.0 1.0 nan 70.72 70.72 70.72 70.7 311.0 70.75 769.0 1.0 0.0 1.0 0.0 70.72
13:33:00 0.0 0.0 nan 70.72 nan nan 70.7 483.0 70.75 509.0 nan 0.0 0.0 0.0 nan
13:34:00 25.0 411.0 nan 70.66 70.7 70.66 70.63 1.0 70.68 624.0 411.0 0.0 411.0 0.0 70.6992
13:35:00 1.0 0.0 nan 70.64 70.64 70.64 70.63 1.0 70.68 647.0 nan 0.0 0.0 0.0 nan
13:36:00 16.0 542.0 nan 70.71 70.71 70.64 70.7 226.0 70.75 200.0 542.0 542.0 0.0 0.0 70.703
13:37:00 14.0 399.0 nan 70.73 70.73 70.71 70.72 20.0 70.76 218.0 399.0 10.0 389.0 0.0 70.7191
13:38:00 3.0 83.0 nan 70.71 70.72 70.71 70.69 1.0 70.74 605.0 83.0 0.0 83.0 0.0 70.7124
13:39:00 13.0 174.0 nan 70.67 70.69 70.67 70.66 81.0 70.7 421.0 174.0 0.0 174.0 0.0 70.6784
13:40:00 1.0 1.0 nan 70.7 70.7 70.7 70.66 82.0 70.7 845.0 1.0 1.0 0.0 0.0 70.7
13:41:00 4.0 32.0 nan 70.67 70.67 70.66 70.64 423.0 70.69 652.0 32.0 1.0 31.0 0.0 70.6603
13:42:00 0.0 0.0 nan 70.67 nan nan 70.66 50.0 70.69 407.0 nan 0.0 0.0 0.0 nan
13:43:00 10.0 519.0 nan 70.7 70.7 70.69 70.67 265.0 70.71 254.0 519.0 519.0 0.0 0.0 70.6922
13:44:00 18.0 669.0 nan 70.71 70.76 70.71 70.66 247.0 70.72 171.0 669.0 372.0 297.0 0.0 70.7107
13:45:00 0.0 0.0 nan 70.71 nan nan 70.67 293.0 70.71 258.0 nan 0.0 0.0 0.0 nan
13:46:00 9.0 258.0 nan 70.71 70.71 70.71 70.7 138.0 70.75 231.0 258.0 258.0 0.0 0.0 70.71
13:47:00 7.0 73.0 nan 70.73 70.73 70.7 70.68 263.0 70.75 250.0 73.0 16.0 57.0 0.0 70.7066
13:48:00 2.0 57.0 nan 70.77 70.77 70.75 70.72 305.0 70.78 200.0 57.0 57.0 0.0 0.0 70.756
13:49:00 9.0 129.0 nan 70.75 70.75 70.72 70.69 116.0 70.76 404.0 129.0 0.0 129.0 0.0 70.72
13:50:00 0.0 0.0 nan 70.75 nan nan 70.69 337.0 70.76 259.0 nan 0.0 0.0 0.0 nan
13:51:00 3.0 1.0 nan 70.73 70.73 70.7 70.69 321.0 70.75 272.0 1.0 1.0 0.0 0.0 70.73
13:52:00 10.0 305.0 nan 70.78 70.81 70.74 70.75 234.0 70.81 454.0 305.0 300.0 5.0 0.0 70.7559
13:53:00 7.0 116.0 nan 70.75 70.75 70.75 70.73 226.0 70.78 140.0 116.0 0.0 116.0 0.0 70.75
13:54:00 3.0 8.0 nan 70.78 70.78 70.755 70.75 142.0 70.78 141.0 8.0 8.0 0.0 0.0 70.78
13:55:00 13.0 444.0 nan 70.76 70.76 70.75 70.73 117.0 70.77 101.0 444.0 299.0 145.0 0.0 70.755
13:56:00 5.0 103.0 nan 70.78 70.78 70.75 70.74 355.0 70.79 62.0 103.0 103.0 0.0 0.0 70.7699
13:57:00 0.0 0.0 nan 70.78 nan nan 70.74 659.0 70.79 62.0 nan 0.0 0.0 0.0 nan
13:58:00 3.0 6.0 nan 70.77 70.77 70.77 70.75 411.0 70.78 1.0 6.0 1.0 5.0 0.0 70.77
13:59:00 3.0 1.0 nan 70.78 70.78 70.77 70.76 408.0 70.79 673.0 1.0 1.0 0.0 0.0 70.78
14:00:00 20.0 626.0 nan 70.85 70.86 70.775 70.83 10.0 70.86 33.0 626.0 625.0 1.0 0.0 70.7917
14:01:00 2.0 2.0 nan 70.85 70.86 70.85 70.83 531.0 70.87 358.0 2.0 2.0 0.0 0.0 70.86
14:02:00 32.0 1280.0 nan 70.82 70.85 70.82 70.81 40.0 70.84 374.0 1280.0 101.0 1179.0 0.0 70.8328
14:03:00 25.0 1027.0 nan 70.75 70.81 70.75 70.73 201.0 70.76 147.0 1027.0 2.0 1025.0 0.0 70.7791
14:04:00 8.0 346.0 nan 70.76 70.76 70.76 70.75 115.0 70.79 100.0 346.0 346.0 0.0 0.0 70.76
14:05:00 7.0 78.0 nan 70.73 70.78 70.73 70.73 277.0 70.79 628.0 78.0 29.0 49.0 0.0 70.7537
14:06:00 27.0 539.0 nan 70.7 70.76 70.7 70.69 2.0 70.74 356.0 539.0 5.0 534.0 0.0 70.7148
14:07:00 22.0 813.0 nan 70.69 70.7 70.69 70.68 287.0 70.7 528.0 813.0 406.0 407.0 0.0 70.6949
14:08:00 12.0 295.0 nan 70.69 70.69 70.68 70.67 127.0 70.7 573.0 295.0 0.0 295.0 0.0 70.68
14:09:00 20.0 684.0 nan 70.69 70.7 70.69 70.67 226.0 70.7 202.0 684.0 674.0 10.0 0.0 70.7
14:10:00 18.0 470.0 nan 70.67 70.67 70.66 70.64 172.0 70.67 443.0 470.0 50.0 420.0 0.0 70.6662
14:11:00 55.0 1205.0 nan 70.64 70.64 70.59 70.64 5.0 70.65 400.0 1205.0 738.0 467.0 0.0 70.6187
14:12:00 1.0 5.0 nan 70.64 70.64 70.64 70.62 598.0 70.68 333.0 5.0 0.0 5.0 0.0 70.64
14:13:00 3.0 1.0 nan 70.65 70.65 70.63 70.63 116.0 70.68 489.0 1.0 0.0 1.0 0.0 70.63
14:14:00 15.0 206.0 nan 70.63 70.65 70.62 70.6 685.0 70.64 588.0 206.0 0.0 206.0 0.0 70.6204
14:15:00 18.0 610.0 nan 70.64 70.65 70.64 70.61 150.0 70.65 24.0 610.0 610.0 0.0 0.0 70.6404
14:16:00 4.0 11.0 nan 70.65 70.65 70.64 70.64 3.0 70.65 18.0 11.0 6.0 5.0 0.0 70.6455
14:17:00 2.0 18.0 nan 70.65 70.65 70.65 70.65 122.0 70.67 277.0 18.0 18.0 0.0 0.0 70.65
14:18:00 23.0 999.0 nan 70.65 70.67 70.64 70.62 161.0 70.67 249.0 999.0 765.0 234.0 0.0 70.6629
14:19:00 14.0 327.0 nan 70.64 70.67 70.64 70.62 40.0 70.67 24.0 327.0 200.0 127.0 0.0 70.6583
14:20:00 2.0 1.0 nan 70.67 70.67 70.64 70.62 40.0 70.67 24.0 1.0 0.0 1.0 0.0 70.67
14:21:00 2.0 0.0 nan 70.655 70.655 70.655 70.62 489.0 70.67 24.0 nan 0.0 0.0 0.0 nan
14:22:00 2.0 5.0 nan 70.65 70.66 70.65 70.63 249.0 70.67 341.0 5.0 0.0 5.0 0.0 70.656
14:23:00 12.0 275.0 nan 70.6 70.63 70.6 70.6 423.0 70.64 654.0 275.0 0.0 275.0 0.0 70.6297
14:24:00 1.0 1.0 nan 70.61 70.61 70.61 70.6 478.0 70.64 863.0 1.0 1.0 0.0 0.0 70.61
14:25:00 2.0 0.0 nan 70.61 70.61 70.61 70.6 585.0 70.64 846.0 nan 0.0 0.0 0.0 nan
14:26:00 30.0 878.0 nan 70.59 70.61 70.59 70.58 40.0 70.61 584.0 878.0 27.0 851.0 0.0 70.5987
14:27:00 1.0 0.0 nan 70.6 70.6 70.6 70.59 50.0 70.61 755.0 nan 0.0 0.0 0.0 nan
14:28:00 27.0 1279.0 nan 70.59 70.62 70.59 70.57 646.0 70.6 2.0 1279.0 878.0 401.0 0.0 70.6062
14:29:00 12.0 5.0 nan 70.61 70.61 70.6 70.57 556.0 70.63 1110.0 5.0 5.0 0.0 0.0 70.606
14:30:00 0.0 0.0 nan 70.61 nan nan 70.59 350.0 70.63 687.0 nan 0.0 0.0 0.0 nan
14:31:00 23.0 476.0 nan 70.6 70.61 70.59 70.59 336.0 70.63 873.0 476.0 240.0 236.0 0.0 70.6001
14:32:00 6.0 438.0 nan 70.59 70.59 70.59 70.57 360.0 70.59 108.0 438.0 0.0 438.0 0.0 70.59
14:33:00 38.0 1285.0 nan 70.56 70.6 70.56 70.56 68.0 70.59 453.0 1285.0 764.0 521.0 0.0 70.5829
14:34:00 0.0 0.0 nan 70.56 nan nan 70.56 268.0 70.58 100.0 nan 0.0 0.0 0.0 nan
14:35:00 20.0 503.0 nan 70.55 70.57 70.55 70.54 466.0 70.55 200.0 503.0 114.0 389.0 0.0 70.568
14:36:00 67.0 3055.0 nan 70.48 70.55 70.47 70.46 2.0 70.49 342.0 3055.0 962.0 2093.0 0.0 70.5339
14:37:00 3.0 5.0 nan 70.46 70.46 70.45 70.44 237.0 70.47 481.0 5.0 1.0 4.0 0.0 70.456
14:38:00 25.0 1355.0 nan 70.48 70.49 70.44 70.47 272.0 70.54 303.0 1355.0 1354.0 1.0 0.0 70.4778
14:39:00 15.0 422.0 nan 70.48 70.48 70.47 70.45 461.0 70.49 3.0 422.0 100.0 322.0 0.0 70.4776
14:40:00 5.0 9.0 nan 70.47 70.49 70.47 70.47 652.0 70.51 401.0 9.0 3.0 6.0 0.0 70.4767
14:41:00 20.0 900.0 nan 70.53 70.54 70.51 70.52 316.0 70.56 233.0 900.0 795.0 105.0 0.0 70.518
14:42:00 8.0 607.0 nan 70.56 70.58 70.55 70.54 230.0 70.58 499.0 607.0 601.0 6.0 0.0 70.5526
14:43:00 4.0 125.0 nan 70.54 70.55 70.54 70.54 421.0 70.58 441.0 125.0 0.0 125.0 0.0 70.54
14:44:00 25.0 782.0 nan 70.58 70.62 70.56 70.57 278.0 70.59 102.0 782.0 660.0 122.0 0.0 70.5747
14:45:00 26.0 1139.0 nan 70.58 70.59 70.56 70.57 82.0 70.6 3.0 1139.0 432.0 707.0 0.0 70.58
14:46:00 2.0 4.0 nan 70.59 70.6 70.59 70.54 42.0 70.6 251.0 4.0 3.0 1.0 0.0 70.5975
14:47:00 0.0 0.0 nan 70.59 nan nan 70.57 130.0 70.6 260.0 nan 0.0 0.0 0.0 nan
14:48:00 11.0 388.0 nan 70.59 70.6 70.59 70.57 24.0 70.61 229.0 388.0 260.0 128.0 0.0 70.5967
14:49:00 0.0 0.0 nan 70.59 nan nan 70.57 23.0 70.59 49.0 nan 0.0 0.0 0.0 nan
14:50:00 7.0 74.0 nan 70.57 70.57 70.57 70.56 10.0 70.58 96.0 74.0 0.0 74.0 0.0 70.57
14:51:00 24.0 397.0 nan 70.55 70.58 70.55 70.54 2.0 70.55 65.0 397.0 77.0 320.0 0.0 70.5559
14:52:00 25.0 734.0 nan 70.54 70.54 70.52 70.52 83.0 70.56 169.0 734.0 395.0 339.0 0.0 70.5313
14:53:00 3.0 32.0 nan 70.56 70.56 70.56 70.53 440.0 70.57 351.0 32.0 32.0 0.0 0.0 70.56
14:54:00 11.0 296.0 nan 70.53 70.545 70.53 70.5 603.0 70.55 860.0 296.0 0.0 296.0 0.0 70.5302
14:55:00 21.0 868.0 nan 70.58 70.58 70.525 70.57 400.0 70.59 52.0 868.0 868.0 0.0 0.0 70.5602
14:56:00 14.0 226.0 nan 70.57 70.61 70.57 70.57 2.0 70.59 472.0 226.0 52.0 174.0 0.0 70.5746
14:57:00 4.0 34.0 nan 70.565 70.57 70.55 70.54 125.0 70.57 2.0 34.0 0.0 34.0 0.0 70.5512
14:58:00 6.0 11.0 nan 70.57 70.57 70.57 70.55 59.0 70.57 2.0 11.0 5.0 6.0 0.0 70.57
14:59:00 16.0 348.0 nan 70.55 70.55 70.53 70.52 3.0 70.56 166.0 348.0 151.0 197.0 0.0 70.5367
15:00:00 2.0 2.0 nan 70.55 70.55 70.55 70.53 100.0 70.56 161.0 2.0 2.0 0.0 0.0 70.55
15:01:00 7.0 161.0 nan 70.55 70.56 70.55 70.53 390.0 70.57 186.0 161.0 161.0 0.0 0.0 70.56
15:02:00 17.0 414.0 nan 70.555 70.555 70.52 70.53 221.0 70.55 6.0 414.0 270.0 144.0 0.0 70.5301
15:03:00 10.0 128.0 nan 70.55 70.55 70.53 70.53 181.0 70.55 3.0 128.0 9.0 119.0 0.0 70.5309
15:04:00 17.0 375.0 nan 70.55 70.57 70.54 70.53 175.0 70.57 11.0 375.0 308.0 67.0 0.0 70.5659
15:05:00 18.0 675.0 nan 70.61 70.61 70.55 70.59 674.0 70.64 164.0 675.0 675.0 0.0 0.0 70.5854
15:06:00 0.0 0.0 nan 70.61 nan nan 70.59 133.0 70.63 328.0 nan 0.0 0.0 0.0 nan
15:07:00 1.0 1.0 nan 70.6 70.6 70.6 70.59 240.0 70.61 5.0 1.0 0.0 1.0 0.0 70.6
15:08:00 17.0 121.0 nan 70.62 70.63 70.61 70.61 138.0 70.63 29.0 121.0 104.0 17.0 0.0 70.6237
15:09:00 24.0 332.0 nan 70.66 70.69 70.63 70.66 102.0 70.69 311.0 332.0 189.0 143.0 0.0 70.6565
15:10:00 6.0 103.0 nan 70.65 70.66 70.65 70.65 4.0 70.67 346.0 103.0 0.0 103.0 0.0 70.6502
15:11:00 10.0 226.0 nan 70.69 70.69 70.67 70.67 231.0 70.71 480.0 226.0 224.0 2.0 0.0 70.6713
15:12:00 5.0 74.0 nan 70.7 70.7 70.69 70.68 316.0 70.71 235.0 74.0 74.0 0.0 0.0 70.6928
15:13:00 8.0 104.0 nan 70.72 70.72 70.71 70.71 341.0 70.73 288.0 104.0 104.0 0.0 0.0 70.72
15:14:00 8.0 200.0 nan 70.72 70.72 70.72 70.71 299.0 70.73 194.0 200.0 0.0 200.0 0.0 70.72
15:15:00 37.0 910.0 nan 70.73 70.76 70.73 70.72 13.0 70.74 81.0 910.0 122.0 788.0 0.0 70.7368
15:16:00 6.0 34.0 nan 70.76 70.76 70.73 70.73 377.0 70.77 2.0 34.0 24.0 10.0 0.0 70.7371
15:17:00 7.0 4.0 nan 70.76 70.77 70.74 70.75 8.0 70.78 401.0 4.0 4.0 0.0 0.0 70.765
15:18:00 17.0 404.0 nan 70.79 70.79 70.77 70.77 8.0 70.81 200.0 404.0 279.0 125.0 0.0 70.7781
15:19:00 19.0 303.0 nan 70.82 70.82 70.76 70.79 395.0 70.83 100.0 303.0 196.0 107.0 0.0 70.7774
15:20:00 23.0 237.0 nan 70.82 70.82 70.78 70.79 497.0 70.83 154.0 237.0 25.0 212.0 0.0 70.7916
15:21:00 4.0 0.0 nan 70.81 70.81 70.805 70.8 435.0 70.83 276.0 nan 0.0 0.0 0.0 nan
15:22:00 43.0 730.0 nan 70.84 70.86 70.8 70.82 318.0 70.85 417.0 730.0 280.0 450.0 0.0 70.8348
15:23:00 0.0 0.0 nan 70.84 nan nan 70.82 234.0 70.85 339.0 nan 0.0 0.0 0.0 nan
15:24:00 47.0 1159.0 nan 70.79 70.83 70.78 70.77 105.0 70.8 628.0 1159.0 103.0 1056.0 0.0 70.8011
15:25:00 21.0 923.0 nan 70.81 70.81 70.77 70.8 129.0 70.84 115.0 923.0 921.0 2.0 0.0 70.8001
15:26:00 7.0 40.0 nan 70.84 70.84 70.82 70.82 173.0 70.85 315.0 40.0 33.0 7.0 0.0 70.84
15:27:00 29.0 538.0 nan 70.85 70.86 70.84 70.84 143.0 70.87 720.0 538.0 180.0 358.0 0.0 70.8496
15:28:00 23.0 654.0 nan 70.83 70.85 70.82 70.81 418.0 70.83 38.0 654.0 1.0 653.0 0.0 70.8273
15:29:00 10.0 321.0 nan 70.83 70.84 70.82 70.81 531.0 70.83 14.0 321.0 312.0 9.0 0.0 70.8378
15:30:00 52.0 592.0 nan 70.8 70.84 70.79 70.78 227.0 70.82 409.0 592.0 142.0 450.0 0.0 70.8152
15:31:00 47.0 1338.0 nan 70.69 70.81 70.69 70.66 172.0 70.7 431.0 1338.0 1.0 1337.0 0.0 70.7638
15:32:00 33.0 542.0 nan 70.59 70.68 70.57 70.55 207.0 70.59 92.0 542.0 103.0 439.0 0.0 70.6321
15:33:00 22.0 406.0 nan 70.54 70.57 70.52 70.51 118.0 70.54 784.0 406.0 180.0 226.0 0.0 70.5449
15:34:00 67.0 2656.0 nan 70.54 70.54 70.51 70.51 344.0 70.54 248.0 2656.0 1930.0 726.0 0.0 70.5347
15:35:00 21.0 121.0 nan 70.53 70.53 70.51 70.51 520.0 70.54 169.0 121.0 5.0 116.0 0.0 70.5108
15:36:00 22.0 719.0 nan 70.48 70.515 70.48 70.48 273.0 70.5 208.0 719.0 0.0 719.0 0.0 70.4984
15:37:00 17.0 386.0 nan 70.48 70.51 70.48 70.48 184.0 70.5 1.0 386.0 233.0 153.0 0.0 70.4927
15:38:00 47.0 1450.0 nan 70.495 70.51 70.47 70.48 423.0 70.51 207.0 1450.0 1152.0 298.0 0.0 70.4836
15:39:00 36.0 1605.0 nan 70.44 70.49 70.44 70.44 1.0 70.46 111.0 1605.0 459.0 1146.0 0.0 70.4767
15:40:00 31.0 488.0 nan 70.44 70.46 70.42 70.4 309.0 70.44 14.0 488.0 299.0 189.0 0.0 70.4473
15:41:00 18.0 375.0 nan 70.37 70.41 70.37 70.35 420.0 70.39 600.0 375.0 0.0 375.0 0.0 70.3874
15:42:00 67.0 2975.0 nan 70.37 70.38 70.33 70.37 14.0 70.38 200.0 2975.0 1990.0 985.0 0.0 70.3533
15:43:00 21.0 733.0 nan 70.35 70.38 70.35 70.35 692.0 70.38 8.0 733.0 98.0 635.0 0.0 70.3661
15:44:00 37.0 1186.0 nan 70.345 70.35 70.32 70.33 123.0 70.36 612.0 1186.0 356.0 830.0 0.0 70.3379
15:45:00 16.0 227.0 nan 70.33 70.34 70.33 70.32 37.0 70.34 207.0 227.0 0.0 227.0 0.0 70.33
15:46:00 103.0 3356.0 nan 70.37 70.37 70.3 70.36 4.0 70.38 717.0 3356.0 1601.0 1755.0 0.0 70.3253
15:47:00 41.0 2298.0 nan 70.35 70.36 70.32 70.34 2.0 70.35 105.0 2298.0 889.0 1409.0 0.0 70.3459
15:48:00 22.0 384.0 nan 70.4 70.4 70.34 70.37 192.0 70.4 494.0 384.0 316.0 68.0 0.0 70.3628
15:49:00 35.0 1862.0 nan 70.43 70.43 70.4 70.43 202.0 70.44 108.0 1862.0 1146.0 716.0 0.0 70.4191
15:50:00 48.0 1783.0 nan 70.46 70.46 70.4 70.47 181.0 70.5 209.0 1783.0 827.0 956.0 0.0 70.4226
15:51:00 88.0 3182.0 nan 70.42 70.49 70.4 70.42 240.0 70.44 204.0 3182.0 1030.0 2152.0 0.0 70.4419
15:52:00 61.0 1763.0 nan 70.44 70.45 70.43 70.43 279.0 70.45 510.0 1763.0 982.0 781.0 0.0 70.4386
15:53:00 28.0 1494.0 nan 70.48 70.49 70.45 70.49 303.0 70.5 186.0 1494.0 659.0 835.0 0.0 70.4716
15:54:00 77.0 3723.0 nan 70.46 70.52 70.44 70.45 276.0 70.46 135.0 3723.0 1219.0 2504.0 0.0 70.4794
15:55:00 64.0 2313.0 nan 70.535 70.54 70.44 70.52 281.0 70.55 539.0 2313.0 741.0 1572.0 0.0 70.4984
15:56:00 60.0 3587.0 nan 70.47 70.55 70.44 70.44 495.0 70.46 525.0 3587.0 994.0 2593.0 0.0 70.4914
15:57:00 81.0 3622.0 nan 70.45 70.45 70.42 70.42 1076.0 70.45 338.0 3622.0 2292.0 1330.0 0.0 70.4336
15:58:00 57.0 3765.0 nan 70.46 70.49 70.45 70.46 445.0 70.47 564.0 3765.0 1757.0 2008.0 0.0 70.4638
15:59:00 155.0 8461.0 nan 70.5 70.5 70.44 70.48 619.0 70.5 361.0 8461.0 4852.0 3609.0 0.0 70.4662
16:00:00 176.0 6222.0 nan 70.47 70.49 70.39 70.47 105.0 70.49 1818.0 6222.0 875.0 5347.0 0.0 70.4346
16:01:00 3.0 0.0 nan 70.78 70.78 70.46 70.45 400.0 70.49 2218.0 nan 0.0 0.0 0.0 nan
16:02:00 0.0 0.0 nan 70.78 nan nan 70.45 400.0 70.49 2218.0 nan 0.0 0.0 0.0 nan
16:03:00 0.0 0.0 nan 70.78 nan nan 70.45 400.0 70.49 2218.0 nan 0.0 0.0 0.0 nan
16:04:00 0.0 0.0 nan 70.78 nan nan 70.45 400.0 70.49 2218.0 nan 0.0 0.0 0.0 nan
16:05:00 0.0 0.0 nan 70.78 nan nan 70.45 400.0 70.49 2218.0 nan 0.0 0.0 0.0 nan
16:06:00 0.0 0.0 nan 70.78 nan nan 70.45 400.0 70.49 2218.0 nan 0.0 0.0 0.0 nan
16:07:00 0.0 0.0 nan 70.78 nan nan 70.45 400.0 70.49 2218.0 nan 0.0 0.0 0.0 nan
16:08:00 0.0 0.0 nan 70.78 nan nan 70.45 400.0 70.49 2218.0 nan 0.0 0.0 0.0 nan
16:09:00 0.0 0.0 nan 70.78 nan nan 70.45 400.0 70.49 2218.0 nan 0.0 0.0 0.0 nan
16:10:00 0.0 0.0 nan 70.78 nan nan 70.45 400.0 70.49 2218.0 nan 0.0 0.0 0.0 nan
16:11:00 0.0 0.0 nan 70.78 nan nan 70.45 400.0 70.49 2218.0 nan 0.0 0.0 0.0 nan
16:12:00 0.0 0.0 nan 70.78 nan nan 70.45 400.0 70.49 2218.0 nan 0.0 0.0 0.0 nan
16:13:00 0.0 0.0 nan 70.78 nan nan 70.45 400.0 70.49 2218.0 nan 0.0 0.0 0.0 nan
16:14:00 0.0 0.0 nan 70.78 nan nan 70.45 400.0 70.49 2218.0 nan 0.0 0.0 0.0 nan
16:15:00 0.0 0.0 nan 70.78 nan nan 70.45 400.0 70.49 2218.0 nan 0.0 0.0 0.0 nan
16:16:00 0.0 0.0 nan 70.78 nan nan 70.45 400.0 70.49 2218.0 nan 0.0 0.0 0.0 nan
16:17:00 0.0 0.0 nan 70.78 nan nan 70.45 400.0 70.49 2218.0 nan 0.0 0.0 0.0 nan
16:18:00 0.0 0.0 nan 70.78 nan nan 70.45 400.0 70.49 2218.0 nan 0.0 0.0 0.0 nan
16:19:00 0.0 0.0 nan 70.78 nan nan 70.45 400.0 70.49 2218.0 nan 0.0 0.0 0.0 nan
16:20:00 0.0 0.0 nan 70.78 nan nan 70.45 400.0 70.49 2218.0 nan 0.0 0.0 0.0 nan
16:21:00 0.0 0.0 nan 70.78 nan nan 70.45 400.0 70.49 2218.0 nan 0.0 0.0 0.0 nan
16:22:00 0.0 0.0 nan 70.78 nan nan 70.45 400.0 70.49 2218.0 nan 0.0 0.0 0.0 nan
16:23:00 0.0 0.0 nan 70.78 nan nan 70.45 400.0 70.49 2218.0 nan 0.0 0.0 0.0 nan
16:24:00 0.0 0.0 nan 70.78 nan nan 70.45 400.0 70.49 2218.0 nan 0.0 0.0 0.0 nan
16:25:00 0.0 0.0 nan 70.78 nan nan 70.45 400.0 70.49 2218.0 nan 0.0 0.0 0.0 nan
16:26:00 0.0 0.0 nan 70.78 nan nan 70.45 400.0 70.49 2218.0 nan 0.0 0.0 0.0 nan
16:27:00 0.0 0.0 nan 70.78 nan nan 70.45 400.0 70.49 2218.0 nan 0.0 0.0 0.0 nan
16:28:00 0.0 0.0 nan 70.78 nan nan 70.45 400.0 70.49 2218.0 nan 0.0 0.0 0.0 nan
16:29:00 0.0 0.0 nan 70.78 nan nan 70.45 400.0 70.49 2218.0 nan 0.0 0.0 0.0 nan
16:30:00 0.0 0.0 nan 70.78 nan nan 70.45 400.0 70.49 2218.0 nan 0.0 0.0 0.0 nan
16:31:00 0.0 0.0 nan 70.78 nan nan 70.45 400.0 70.49 2218.0 nan 0.0 0.0 0.0 nan
16:32:00 0.0 0.0 nan 70.78 nan nan 70.45 400.0 70.49 2218.0 nan 0.0 0.0 0.0 nan
16:33:00 1.0 3.0 nan 70.38 70.38 70.38 70.45 400.0 70.49 2218.0 3.0 3.0 0.0 0.0 70.38
16:34:00 0.0 0.0 nan 70.38 nan nan 70.45 400.0 70.49 2218.0 nan 0.0 0.0 0.0 nan
16:35:00 0.0 0.0 nan 70.38 nan nan 70.45 400.0 70.49 2218.0 nan 0.0 0.0 0.0 nan
16:36:00 0.0 0.0 nan 70.38 nan nan 70.45 400.0 70.49 2218.0 nan 0.0 0.0 0.0 nan
16:37:00 0.0 0.0 nan 70.38 nan nan 70.45 400.0 70.49 2218.0 nan 0.0 0.0 0.0 nan
16:38:00 0.0 0.0 nan 70.38 nan nan 70.45 400.0 70.49 2218.0 nan 0.0 0.0 0.0 nan
16:39:00 0.0 0.0 nan 70.38 nan nan 70.45 400.0 70.49 2218.0 nan 0.0 0.0 0.0 nan
16:40:00 0.0 0.0 nan 70.38 nan nan 70.45 400.0 70.49 2218.0 nan 0.0 0.0 0.0 nan
16:41:00 0.0 0.0 nan 70.38 nan nan 70.45 400.0 70.49 2218.0 nan 0.0 0.0 0.0 nan
16:42:00 0.0 0.0 nan 70.38 nan nan 70.45 400.0 70.49 2218.0 nan 0.0 0.0 0.0 nan
16:43:00 0.0 0.0 nan 70.38 nan nan 70.45 400.0 70.49 2218.0 nan 0.0 0.0 0.0 nan
16:44:00 0.0 0.0 nan 70.38 nan nan 70.45 400.0 70.49 2218.0 nan 0.0 0.0 0.0 nan
16:45:00 0.0 0.0 nan 70.38 nan nan 70.45 400.0 70.49 2218.0 nan 0.0 0.0 0.0 nan
16:46:00 0.0 0.0 nan 70.38 nan nan 70.45 400.0 70.49 2218.0 nan 0.0 0.0 0.0 nan
16:47:00 0.0 0.0 nan 70.38 nan nan 70.45 400.0 70.49 2218.0 nan 0.0 0.0 0.0 nan
16:48:00 0.0 0.0 nan 70.38 nan nan 70.45 400.0 70.49 2218.0 nan 0.0 0.0 0.0 nan
16:49:00 0.0 0.0 nan 70.38 nan nan 70.45 400.0 70.49 2218.0 nan 0.0 0.0 0.0 nan
16:50:00 0.0 0.0 nan 70.38 nan nan 70.45 400.0 70.49 2218.0 nan 0.0 0.0 0.0 nan
16:51:00 0.0 0.0 nan 70.38 nan nan 70.45 400.0 70.49 2218.0 nan 0.0 0.0 0.0 nan
16:52:00 0.0 0.0 nan 70.38 nan nan 70.45 400.0 70.49 2218.0 nan 0.0 0.0 0.0 nan
16:53:00 0.0 0.0 nan 70.38 nan nan 70.45 400.0 70.49 2218.0 nan 0.0 0.0 0.0 nan
16:54:00 0.0 0.0 nan 70.38 nan nan 70.45 400.0 70.49 2218.0 nan 0.0 0.0 0.0 nan
16:55:00 0.0 0.0 nan 70.38 nan nan 70.45 400.0 70.49 2218.0 nan 0.0 0.0 0.0 nan
16:56:00 0.0 0.0 nan 70.38 nan nan 70.45 400.0 70.49 2218.0 nan 0.0 0.0 0.0 nan
16:57:00 0.0 0.0 nan 70.38 nan nan 70.45 400.0 70.49 2218.0 nan 0.0 0.0 0.0 nan
16:58:00 0.0 0.0 nan 70.38 nan nan 70.45 400.0 70.49 2218.0 nan 0.0 0.0 0.0 nan
16:59:00 0.0 0.0 nan 70.38 nan nan 70.45 400.0 70.49 2218.0 nan 0.0 0.0 0.0 nan
17:00:00 0.0 0.0 nan 70.38 nan nan 70.45 400.0 70.49 2218.0 nan 0.0 0.0 0.0 nan
