time trade_count trade_volume trade_first trade_last trade_high trade_low bid_price bid_size ask_price ask_size hid_vol buy_vol sell_vol unsided_vol vwap
09:00:00 nan 0.0 nan nan nan nan 60.25 1.0 61.0 150.0 nan 0.0 0.0 0.0 nan
09:01:00 0.0 0.0 nan nan nan nan 60.25 1.0 61.0 150.0 nan 0.0 0.0 0.0 nan
09:02:00 0.0 0.0 nan nan nan nan 60.25 1.0 61.0 150.0 nan 0.0 0.0 0.0 nan
09:03:00 0.0 0.0 nan nan nan nan 60.25 1.0 61.0 150.0 nan 0.0 0.0 0.0 nan
09:04:00 0.0 0.0 nan nan nan nan 60.25 1.0 61.0 150.0 nan 0.0 0.0 0.0 nan
09:05:00 0.0 0.0 nan nan nan nan 60.25 1.0 61.0 150.0 nan 0.0 0.0 0.0 nan
09:06:00 0.0 0.0 nan nan nan nan 60.25 1.0 61.0 150.0 nan 0.0 0.0 0.0 nan
09:07:00 0.0 0.0 nan nan nan nan 60.25 1.0 61.0 150.0 nan 0.0 0.0 0.0 nan
09:08:00 0.0 0.0 nan nan nan nan 60.25 1.0 61.0 150.0 nan 0.0 0.0 0.0 nan
09:09:00 0.0 0.0 nan nan nan nan 60.25 1.0 61.0 150.0 nan 0.0 0.0 0.0 nan
09:10:00 0.0 0.0 nan nan nan nan 60.25 1.0 61.0 150.0 nan 0.0 0.0 0.0 nan
09:11:00 0.0 0.0 nan nan nan nan 60.25 1.0 61.0 150.0 nan 0.0 0.0 0.0 nan
09:12:00 0.0 0.0 nan nan nan nan 60.25 1.0 61.0 150.0 nan 0.0 0.0 0.0 nan
09:13:00 0.0 0.0 nan nan nan nan 60.25 1.0 61.0 150.0 nan 0.0 0.0 0.0 nan
09:14:00 0.0 0.0 nan nan nan nan 60.25 1.0 61.0 150.0 nan 0.0 0.0 0.0 nan
09:15:00 0.0 0.0 nan nan nan nan 60.25 1.0 61.0 150.0 nan 0.0 0.0 0.0 nan
09:16:00 0.0 0.0 nan nan nan nan 60.25 1.0 61.0 150.0 nan 0.0 0.0 0.0 nan
09:17:00 0.0 0.0 nan nan nan nan 60.25 1.0 61.0 150.0 nan 0.0 0.0 0.0 nan
09:18:00 0.0 0.0 nan nan nan nan 60.25 3.0 60.99 37.0 nan 0.0 0.0 0.0 nan
09:19:00 0.0 0.0 nan nan nan nan 60.25 3.0 60.99 37.0 nan 0.0 0.0 0.0 nan
09:20:00 0.0 0.0 nan nan nan nan 60.25 3.0 60.99 37.0 nan 0.0 0.0 0.0 nan
09:21:00 0.0 0.0 nan nan nan nan 60.35 80.0 61.0 150.0 nan 0.0 0.0 0.0 nan
09:22:00 0.0 0.0 nan nan nan nan 60.35 80.0 61.0 150.0 nan 0.0 0.0 0.0 nan
09:23:00 0.0 0.0 nan nan nan nan 60.35 80.0 61.0 150.0 nan 0.0 0.0 0.0 nan
09:24:00 0.0 0.0 nan nan nan nan 60.35 80.0 61.0 150.0 nan 0.0 0.0 0.0 nan
09:25:00 0.0 0.0 nan nan nan nan 60.35 80.0 61.0 150.0 nan 0.0 0.0 0.0 nan
09:26:00 0.0 0.0 nan nan nan nan 60.35 80.0 61.0 150.0 nan 0.0 0.0 0.0 nan
09:27:00 0.0 0.0 nan nan nan nan 60.35 80.0 61.0 150.0 nan 0.0 0.0 0.0 nan
09:28:00 0.0 0.0 nan nan nan nan 60.35 80.0 61.0 150.0 nan 0.0 0.0 0.0 nan
09:29:00 0.0 0.0 nan nan nan nan 60.35 50.0 61.0 150.0 nan 0.0 0.0 0.0 nan
09:30:00 0.0 0.0 nan nan nan nan 60.35 252.0 61.0 150.0 nan 0.0 0.0 0.0 nan
09:31:00 7.0 47.0 nan 60.83 60.83 60.5 60.5 32.0 60.93 25.0 47.0 0.0 47.0 0.0 60.5087
09:32:00 0.0 0.0 nan 60.83 nan nan 60.5 32.0 60.93 25.0 nan 0.0 0.0 0.0 nan
09:33:00 0.0 0.0 nan 60.83 nan nan 60.5 32.0 60.93 25.0 nan 0.0 0.0 0.0 nan
09:34:00 37.0 1754.0 nan 60.42 60.6 60.42 60.41 100.0 60.6 3.0 1754.0 70.0 1684.0 0.0 60.4773
09:35:00 5.0 165.0 nan 60.4 60.41 60.39 60.37 47.0 60.5 203.0 165.0 0.0 165.0 0.0 60.4021
09:36:00 38.0 528.0 nan 60.5 60.5 60.35 60.5 16.0 60.66 25.0 528.0 431.0 97.0 0.0 60.4512
09:37:00 0.0 0.0 nan 60.5 nan nan 60.5 233.0 60.78 26.0 nan 0.0 0.0 0.0 nan
09:38:00 0.0 0.0 nan 60.5 nan nan 60.5 233.0 60.78 26.0 nan 0.0 0.0 0.0 nan
09:39:00 19.0 389.0 nan 60.5 60.52 60.43 60.33 25.0 60.52 1.0 389.0 0.0 389.0 0.0 60.4784
09:40:00 73.0 2098.0 nan 60.47 60.55 60.45 60.41 30.0 60.55 201.0 2098.0 400.0 1698.0 0.0 60.501
09:41:00 10.0 567.0 nan 60.4 60.4 60.33 60.31 25.0 60.55 675.0 567.0 0.0 567.0 0.0 60.3947
09:42:00 0.0 0.0 nan 60.4 nan nan 60.32 440.0 60.55 792.0 nan 0.0 0.0 0.0 nan
09:43:00 1.0 0.0 nan 60.33 60.33 60.33 60.33 469.0 60.55 777.0 nan 0.0 0.0 0.0 nan
09:44:00 0.0 0.0 nan 60.33 nan nan 60.33 353.0 60.55 1077.0 nan 0.0 0.0 0.0 nan
09:45:00 7.0 553.0 nan 60.25 60.33 60.25 60.25 1.0 60.48 242.0 553.0 0.0 553.0 0.0 60.3137
09:46:00 0.0 0.0 nan 60.25 nan nan 60.25 1.0 60.48 127.0 nan 0.0 0.0 0.0 nan
09:47:00 2.0 1.0 nan 60.35 60.35 60.3 60.25 1.0 60.47 25.0 1.0 1.0 0.0 0.0 60.35
09:48:00 4.0 1.0 nan 60.29 60.3 60.25 60.27 603.0 60.47 25.0 1.0 0.0 1.0 0.0 60.25
09:49:00 0.0 0.0 nan 60.29 nan nan 60.28 40.0 60.47 25.0 nan 0.0 0.0 0.0 nan
09:50:00 1.0 5.0 nan 60.32 60.32 60.32 60.28 40.0 60.45 1076.0 5.0 0.0 5.0 0.0 60.32
09:51:00 62.0 1290.0 nan 60.37 60.4 60.28 60.34 2.0 60.4 200.0 1290.0 1128.0 162.0 0.0 60.3922
09:52:00 33.0 1270.0 nan 60.37 60.4 60.34 60.34 400.0 60.47 100.0 1270.0 423.0 847.0 0.0 60.3586
09:53:00 8.0 416.0 nan 60.48 60.48 60.45 60.46 500.0 60.55 6.0 416.0 416.0 0.0 0.0 60.4748
09:54:00 2.0 6.0 nan 60.55 60.55 60.55 60.51 636.0 60.6 302.0 6.0 6.0 0.0 0.0 60.55
09:55:00 0.0 0.0 nan 60.55 nan nan 60.51 711.0 60.6 302.0 nan 0.0 0.0 0.0 nan
09:56:00 35.0 1060.0 nan 60.65 60.68 60.6 60.59 100.0 60.74 230.0 1060.0 402.0 658.0 0.0 60.637
09:57:00 0.0 0.0 nan 60.65 nan nan 60.59 100.0 60.74 230.0 nan 0.0 0.0 0.0 nan
09:58:00 0.0 0.0 nan 60.65 nan nan 60.59 409.0 60.74 225.0 nan 0.0 0.0 0.0 nan
09:59:00 7.0 439.0 nan 60.59 60.59 60.58 60.53 329.0 60.71 519.0 439.0 0.0 439.0 0.0 60.5893
10:00:00 1.0 0.0 nan 60.62 60.62 60.62 60.54 115.0 60.71 679.0 nan 0.0 0.0 0.0 nan
10:01:00 18.0 1.0 nan 60.63 60.7 60.57 60.54 224.0 60.7 418.0 1.0 1.0 0.0 0.0 60.7
10:02:00 29.0 1060.0 nan 60.43 60.54 60.43 60.38 99.0 60.49 120.0 1060.0 0.0 1060.0 0.0 60.4852
10:03:00 0.0 0.0 nan 60.43 nan nan 60.37 227.0 60.49 117.0 nan 0.0 0.0 0.0 nan
10:04:00 20.0 732.0 nan 60.45 60.45 60.44 60.37 364.0 60.49 261.0 732.0 732.0 0.0 0.0 60.45
10:05:00 0.0 0.0 nan 60.45 nan nan 60.37 390.0 60.49 136.0 nan 0.0 0.0 0.0 nan
10:06:00 22.0 657.0 nan 60.57 60.57 60.49 60.51 574.0 60.58 3.0 657.0 657.0 0.0 0.0 60.5198
10:07:00 2.0 3.0 nan 60.55 60.58 60.55 60.52 1.0 60.63 100.0 3.0 3.0 0.0 0.0 60.58
10:08:00 1.0 1.0 nan 60.54 60.54 60.54 60.51 692.0 60.63 140.0 1.0 0.0 1.0 0.0 60.54
10:09:00 2.0 0.0 nan 60.62 60.62 60.57 60.51 889.0 60.63 115.0 nan 0.0 0.0 0.0 nan
10:10:00 0.0 0.0 nan 60.62 nan nan 60.51 964.0 60.63 148.0 nan 0.0 0.0 0.0 nan
10:11:00 36.0 1002.0 nan 60.5 60.57 60.5 60.46 60.0 60.53 5.0 1002.0 0.0 1002.0 0.0 60.507
10:12:00 30.0 636.0 nan 60.35 60.51 60.34 60.24 1.0 60.36 468.0 636.0 0.0 636.0 0.0 60.4261
10:13:00 5.0 37.0 nan 60.32 60.32 60.23 60.23 201.0 60.35 326.0 37.0 32.0 5.0 0.0 60.3092
10:14:00 2.0 1.0 nan 60.29 60.29 60.24 60.23 193.0 60.35 333.0 1.0 1.0 0.0 0.0 60.29
10:15:00 13.0 0.0 nan 60.24 60.35 60.24 60.23 272.0 60.35 259.0 nan 0.0 0.0 0.0 nan
10:16:00 11.0 2.0 nan 60.26 60.35 60.24 60.23 659.0 60.36 160.0 2.0 2.0 0.0 0.0 60.35
10:17:00 24.0 492.0 nan 60.34 60.39 60.26 60.32 109.0 60.42 37.0 492.0 492.0 0.0 0.0 60.3699
10:18:00 43.0 788.0 nan 60.34 60.395 60.31 60.31 1.0 60.42 37.0 788.0 239.0 549.0 0.0 60.3336
10:19:00 16.0 442.0 nan 60.42 60.42 60.35 60.38 332.0 60.46 1.0 442.0 101.0 341.0 0.0 60.393
10:20:00 27.0 366.0 nan 60.38 60.44 60.37 60.31 1.0 60.43 154.0 366.0 0.0 366.0 0.0 60.3792
10:21:00 11.0 282.0 nan 60.3 60.31 60.28 60.25 47.0 60.35 110.0 282.0 0.0 282.0 0.0 60.2929
10:22:00 19.0 387.0 nan 60.33 60.38 60.33 60.31 383.0 60.42 74.0 387.0 387.0 0.0 0.0 60.3661
10:23:00 0.0 0.0 nan 60.33 nan nan 60.31 384.0 60.42 74.0 nan 0.0 0.0 0.0 nan
10:24:00 10.0 376.0 nan 60.44 60.44 60.42 60.38 257.0 60.5 3.0 376.0 376.0 0.0 0.0 60.4361
10:25:00 0.0 0.0 nan 60.44 nan nan 60.38 1030.0 60.5 3.0 nan 0.0 0.0 0.0 nan
10:26:00 1.0 3.0 nan 60.5 60.5 60.5 60.45 25.0 60.57 1.0 3.0 3.0 0.0 0.0 60.5
10:27:00 2.0 0.0 nan 60.49 60.49 60.49 60.42 75.0 60.57 201.0 nan 0.0 0.0 0.0 nan
10:28:00 16.0 302.0 nan 60.545 60.58 60.52 60.5 1.0 60.62 625.0 302.0 302.0 0.0 0.0 60.57
10:29:00 0.0 0.0 nan 60.545 nan nan 60.47 280.0 60.62 342.0 nan 0.0 0.0 0.0 nan
10:30:00 4.0 105.0 nan 60.545 60.545 60.53 60.47 551.0 60.62 343.0 105.0 0.0 105.0 0.0 60.5305
10:31:00 0.0 0.0 nan 60.545 nan nan 60.48 923.0 60.62 344.0 nan 0.0 0.0 0.0 nan
10:32:00 14.0 283.0 nan 60.67 60.67 60.61 60.62 1050.0 60.73 200.0 283.0 283.0 0.0 0.0 60.6263
10:33:00 2.0 101.0 nan 60.7 60.71 60.7 60.64 411.0 60.73 115.0 101.0 101.0 0.0 0.0 60.7
10:34:00 24.0 427.0 nan 60.72 60.74 60.65 60.68 509.0 60.8 325.0 427.0 282.0 145.0 0.0 60.7286
10:35:00 5.0 100.0 nan 60.83 60.83 60.8 60.72 559.0 60.86 37.0 100.0 100.0 0.0 0.0 60.8
10:36:00 1.0 1.0 nan 60.83 60.83 60.83 60.76 731.0 60.86 42.0 1.0 0.0 1.0 0.0 60.83
10:37:00 2.0 37.0 nan 60.83 60.86 60.83 60.79 600.0 60.87 116.0 37.0 37.0 0.0 0.0 60.86
10:38:00 35.0 1534.0 nan 60.73 60.83 60.73 60.72 236.0 60.83 1.0 1534.0 0.0 1534.0 0.0 60.7749
10:39:00 13.0 376.0 nan 60.73 60.8 60.72 60.72 263.0 60.82 111.0 376.0 0.0 376.0 0.0 60.7551
10:40:00 6.0 3.0 nan 60.73 60.77 60.72 60.72 544.0 60.81 25.0 3.0 0.0 3.0 0.0 60.72
10:41:00 34.0 1069.0 nan 60.67 60.76 60.67 60.66 97.0 60.69 1.0 1069.0 10.0 1059.0 0.0 60.7126
10:42:00 18.0 339.0 nan 60.57 60.66 60.56 60.56 427.0 60.63 127.0 339.0 1.0 338.0 0.0 60.6098
10:43:00 39.0 691.0 nan 60.48 60.58 60.47 60.47 477.0 60.54 35.0 691.0 0.0 691.0 0.0 60.5542
10:44:00 5.0 10.0 nan 60.54 60.54 60.48 60.49 25.0 60.6 25.0 10.0 10.0 0.0 0.0 60.54
10:45:00 11.0 189.0 nan 60.51 60.59 60.49 60.51 25.0 60.6 133.0 189.0 9.0 180.0 0.0 60.5024
10:46:00 69.0 2753.0 nan 60.48 60.6 60.44 60.47 526.0 60.53 40.0 2753.0 1374.0 1379.0 0.0 60.4946
10:47:00 38.0 458.0 nan 60.51 60.54 60.46 60.49 285.0 60.55 2.0 458.0 147.0 311.0 0.0 60.4872
10:48:00 16.0 148.0 nan 60.56 60.57 60.49 60.49 608.0 60.58 440.0 148.0 102.0 46.0 0.0 60.5449
10:49:00 47.0 894.0 nan 60.53 60.55 60.49 60.47 432.0 60.58 890.0 894.0 10.0 884.0 0.0 60.5002
10:50:00 14.0 308.0 nan 60.46 60.5 60.46 60.46 1.0 60.54 466.0 308.0 0.0 308.0 0.0 60.4797
10:51:00 19.0 1551.0 nan 60.43 60.46 60.43 60.44 219.0 60.48 10.0 1551.0 0.0 1551.0 0.0 60.4493
10:52:00 48.0 1672.0 nan 60.54 60.55 60.42 60.54 105.0 60.6 45.0 1672.0 747.0 925.0 0.0 60.4757
10:53:00 24.0 823.0 nan 60.59 60.62 60.58 60.59 15.0 60.67 242.0 823.0 648.0 175.0 0.0 60.6167
10:54:00 1.0 0.0 nan 60.665 60.665 60.665 60.59 462.0 60.72 25.0 nan 0.0 0.0 0.0 nan
10:55:00 3.0 25.0 nan 60.63 60.655 60.63 60.63 386.0 60.72 25.0 25.0 0.0 25.0 0.0 60.63
10:56:00 87.0 2517.0 nan 60.42 60.64 60.41 60.42 423.0 60.5 10.0 2517.0 195.0 2322.0 0.0 60.5523
10:57:00 32.0 1474.0 nan 60.52 60.52 60.42 60.47 25.0 60.58 100.0 1474.0 414.0 1060.0 0.0 60.4425
10:58:00 3.0 0.0 nan 60.54 60.54 60.54 60.51 309.0 60.58 130.0 nan 0.0 0.0 0.0 nan
10:59:00 9.0 409.0 nan 60.5 60.51 60.5 60.49 1.0 60.58 55.0 409.0 0.0 409.0 0.0 60.5076
11:00:00 8.0 233.0 nan 60.61 60.61 60.58 60.57 494.0 60.67 10.0 233.0 233.0 0.0 0.0 60.5976
11:01:00 0.0 0.0 nan 60.61 nan nan 60.57 489.0 60.65 10.0 nan 0.0 0.0 0.0 nan
11:02:00 8.0 117.0 nan 60.605 60.63 60.605 60.58 3.0 60.63 10.0 117.0 2.0 115.0 0.0 60.6103
11:03:00 11.0 155.0 nan 60.62 60.65 60.59 60.58 745.0 60.63 10.0 155.0 31.0 124.0 0.0 60.592
11:04:00 43.0 996.0 nan 60.51 60.62 60.51 60.51 1.0 60.6 499.0 996.0 0.0 996.0 0.0 60.5561
11:05:00 69.0 2274.0 nan 60.365 60.51 60.36 60.31 153.0 60.42 284.0 2274.0 603.0 1671.0 0.0 60.4081
11:06:00 22.0 530.0 nan 60.5 60.5 60.32 60.42 312.0 60.55 2.0 530.0 527.0 3.0 0.0 60.4603
11:07:00 3.0 2.0 nan 60.6 60.6 60.53 60.47 51.0 60.61 50.0 2.0 2.0 0.0 0.0 60.55
11:08:00 4.0 4.0 nan 60.52 60.57 60.52 60.51 6.0 60.62 240.0 4.0 0.0 4.0 0.0 60.57
11:09:00 22.0 367.0 nan 60.5 60.53 60.5 60.5 5.0 60.57 24.0 367.0 0.0 367.0 0.0 60.5026
11:10:00 2.0 5.0 nan 60.53 60.53 60.5 60.46 815.0 60.57 30.0 5.0 0.0 5.0 0.0 60.5
11:11:00 12.0 1.0 nan 60.56 60.57 60.525 60.48 906.0 60.57 210.0 1.0 1.0 0.0 0.0 60.57
11:12:00 89.0 2911.0 nan 60.43 60.49 60.37 60.35 429.0 60.44 179.0 2911.0 301.0 2610.0 0.0 60.4295
11:13:00 1.0 20.0 nan 60.44 60.44 60.44 60.4 596.0 60.51 27.0 20.0 20.0 0.0 0.0 60.44
11:14:00 2.0 7.0 nan 60.48 60.48 60.45 60.4 703.0 60.48 115.0 7.0 3.0 4.0 0.0 60.4629
11:15:00 15.0 347.0 nan 60.51 60.51 60.48 60.45 834.0 60.51 2.0 347.0 347.0 0.0 0.0 60.4886
11:16:00 3.0 3.0 nan 60.485 60.52 60.485 60.45 752.0 60.51 50.0 3.0 3.0 0.0 0.0 60.5133
11:17:00 33.0 1233.0 nan 60.44 60.51 60.44 60.41 402.0 60.47 1.0 1233.0 3.0 1230.0 0.0 60.4505
11:18:00 18.0 276.0 nan 60.35 60.47 60.35 60.32 10.0 60.38 165.0 276.0 8.0 268.0 0.0 60.4041
11:19:00 1.0 3.0 nan 60.39 60.39 60.39 60.32 10.0 60.39 187.0 3.0 3.0 0.0 0.0 60.39
11:20:00 14.0 306.0 nan 60.44 60.44 60.35 60.4 331.0 60.47 101.0 306.0 306.0 0.0 0.0 60.4019
11:21:00 2.0 0.0 nan 60.46 60.46 60.435 60.4 28.0 60.47 61.0 nan 0.0 0.0 0.0 nan
11:22:00 5.0 100.0 nan 60.47 60.47 60.445 60.42 555.0 60.47 11.0 100.0 100.0 0.0 0.0 60.47
11:23:00 18.0 453.0 nan 60.42 60.445 60.42 60.38 238.0 60.45 10.0 453.0 0.0 453.0 0.0 60.42
11:24:00 19.0 35.0 nan 60.43 60.45 60.405 60.4 23.0 60.45 25.0 35.0 35.0 0.0 0.0 60.45
11:25:00 2.0 17.0 nan 60.4 60.42 60.4 60.4 11.0 60.46 602.0 17.0 0.0 17.0 0.0 60.4
11:26:00 11.0 353.0 nan 60.56 60.56 60.46 60.49 25.0 60.56 256.0 353.0 353.0 0.0 0.0 60.4689
11:27:00 21.0 376.0 nan 60.56 60.59 60.52 60.54 34.0 60.58 3.0 376.0 300.0 76.0 0.0 60.5529
11:28:00 67.0 1754.0 nan 60.54 60.54 60.49 60.51 1.0 60.56 103.0 1754.0 585.0 1169.0 0.0 60.5127
11:29:00 2.0 2.0 nan 60.51 60.51 60.51 60.49 1.0 60.54 50.0 2.0 0.0 2.0 0.0 60.51
11:30:00 24.0 479.0 nan 60.48 60.51 60.47 60.45 367.0 60.53 216.0 479.0 0.0 479.0 0.0 60.4778
11:31:00 1.0 105.0 nan 60.47 60.47 60.47 60.46 381.0 60.54 252.0 105.0 105.0 0.0 0.0 60.47
11:32:00 9.0 191.0 nan 60.55 60.55 60.53 60.51 499.0 60.57 100.0 191.0 105.0 86.0 0.0 60.5446
11:33:00 19.0 666.0 nan 60.46 60.51 60.46 60.46 454.0 60.52 50.0 666.0 0.0 666.0 0.0 60.5046
11:34:00 34.0 1339.0 nan 60.545 60.545 60.43 60.5 256.0 60.59 475.0 1339.0 923.0 416.0 0.0 60.4888
11:35:00 42.0 1589.0 nan 60.67 60.67 60.58 60.64 307.0 60.7 1.0 1589.0 1207.0 382.0 0.0 60.6272
11:36:00 2.0 2.0 nan 60.71 60.71 60.7 60.67 234.0 60.72 101.0 2.0 2.0 0.0 0.0 60.705
11:37:00 43.0 1230.0 nan 60.61 60.7 60.61 60.61 150.0 60.65 111.0 1230.0 91.0 1139.0 0.0 60.6484
11:38:00 45.0 1141.0 nan 60.61 60.64 60.58 60.58 51.0 60.65 369.0 1141.0 507.0 634.0 0.0 60.6118
11:39:00 33.0 970.0 nan 60.54 60.6 60.5 60.51 1.0 60.55 100.0 970.0 185.0 785.0 0.0 60.5557
11:40:00 17.0 677.0 nan 60.48 60.51 60.48 60.46 501.0 60.53 397.0 677.0 90.0 587.0 0.0 60.4973
11:41:00 21.0 939.0 nan 60.46 60.47 60.44 60.43 1.0 60.46 175.0 939.0 196.0 743.0 0.0 60.4579
11:42:00 2.0 175.0 nan 60.46 60.46 60.46 60.44 542.0 60.53 121.0 175.0 175.0 0.0 0.0 60.46
11:43:00 4.0 80.0 nan 60.53 60.53 60.5 60.48 6.0 60.55 111.0 80.0 80.0 0.0 0.0 60.53
11:44:00 3.0 8.0 nan 60.5 60.5 60.48 60.48 1.0 60.52 10.0 8.0 0.0 8.0 0.0 60.4875
11:45:00 35.0 1050.0 nan 60.39 60.49 60.39 60.37 1.0 60.43 526.0 1050.0 145.0 905.0 0.0 60.4472
11:46:00 11.0 311.0 nan 60.45 60.45 60.42 60.43 456.0 60.5 25.0 311.0 311.0 0.0 0.0 60.4364
11:47:00 14.0 437.0 nan 60.42 60.43 60.41 60.37 48.0 60.46 1.0 437.0 0.0 437.0 0.0 60.43
11:48:00 0.0 0.0 nan 60.42 nan nan 60.37 333.0 60.45 126.0 nan 0.0 0.0 0.0 nan
11:49:00 2.0 1.0 nan 60.435 60.45 60.435 60.37 963.0 60.5 526.0 1.0 1.0 0.0 0.0 60.45
11:50:00 14.0 122.0 nan 60.52 60.52 60.46 60.48 481.0 60.56 731.0 122.0 101.0 21.0 0.0 60.5048
11:51:00 0.0 0.0 nan 60.52 nan nan 60.49 1104.0 60.56 300.0 nan 0.0 0.0 0.0 nan
11:52:00 12.0 261.0 nan 60.54 60.54 60.51 60.51 1036.0 60.56 608.0 261.0 86.0 175.0 0.0 60.5233
11:53:00 33.0 1133.0 nan 60.54 60.56 60.51 60.51 839.0 60.54 2.0 1133.0 897.0 236.0 0.0 60.5496
11:54:00 34.0 1122.0 nan 60.51 60.56 60.5 60.49 402.0 60.52 60.0 1122.0 214.0 908.0 0.0 60.5171
11:55:00 15.0 1045.0 nan 60.57 60.57 60.52 60.55 296.0 60.62 162.0 1045.0 1045.0 0.0 0.0 60.5521
11:56:00 6.0 283.0 nan 60.62 60.63 60.61 60.58 688.0 60.65 190.0 283.0 283.0 0.0 0.0 60.6233
11:57:00 5.0 196.0 nan 60.67 60.67 60.62 60.58 927.0 60.7 275.0 196.0 196.0 0.0 0.0 60.6638
11:58:00 6.0 8.0 nan 60.78 60.78 60.74 60.75 643.0 60.81 485.0 8.0 6.0 2.0 0.0 60.7625
11:59:00 3.0 25.0 nan 60.8 60.8 60.78 60.76 799.0 60.81 835.0 25.0 0.0 25.0 0.0 60.8
12:00:00 53.0 1956.0 nan 60.78 60.79 60.76 60.77 3.0 60.78 1.0 1956.0 470.0 1486.0 0.0 60.7713
12:01:00 25.0 279.0 nan 60.75 60.77 60.75 60.74 53.0 60.81 750.0 279.0 144.0 135.0 0.0 60.7647
12:02:00 18.0 641.0 nan 60.72 60.74 60.72 60.7 1.0 60.76 560.0 641.0 0.0 641.0 0.0 60.7307
12:03:00 0.0 0.0 nan 60.72 nan nan 60.7 1.0 60.76 191.0 nan 0.0 0.0 0.0 nan
12:04:00 14.0 299.0 nan 60.76 60.78 60.75 60.76 54.0 60.81 101.0 299.0 294.0 5.0 0.0 60.7669
12:05:00 13.0 368.0 nan 60.81 60.81 60.81 60.79 544.0 60.87 568.0 368.0 301.0 67.0 0.0 60.81
12:06:00 14.0 514.0 nan 60.79 60.83 60.79 60.77 716.0 60.83 3.0 514.0 0.0 514.0 0.0 60.7901
12:07:00 9.0 218.0 nan 60.77 60.77 60.77 60.76 61.0 60.8 238.0 218.0 0.0 218.0 0.0 60.77
12:08:00 9.0 188.0 nan 60.76 60.8 60.76 60.73 350.0 60.79 142.0 188.0 25.0 163.0 0.0 60.7653
12:09:00 4.0 3.0 nan 60.74 60.74 60.72 60.71 525.0 60.77 213.0 3.0 0.0 3.0 0.0 60.72
12:10:00 20.0 577.0 nan 60.75 60.79 60.73 60.71 418.0 60.76 150.0 577.0 557.0 20.0 0.0 60.7754
12:11:00 4.0 111.0 nan 60.78 60.78 60.78 60.71 433.0 60.82 758.0 111.0 111.0 0.0 0.0 60.78
12:12:00 2.0 4.0 nan 60.76 60.765 60.76 60.71 570.0 60.8 229.0 4.0 0.0 4.0 0.0 60.76
12:13:00 2.0 28.0 nan 60.755 60.76 60.755 60.71 649.0 60.8 1068.0 28.0 28.0 0.0 0.0 60.76
12:14:00 36.0 1032.0 nan 60.77 60.8 60.76 60.73 437.0 60.79 29.0 1032.0 692.0 340.0 0.0 60.7879
12:15:00 45.0 1275.0 nan 60.68 60.76 60.67 60.66 127.0 60.73 56.0 1275.0 132.0 1143.0 0.0 60.7148
12:16:00 8.0 92.0 nan 60.67 60.67 60.66 60.66 66.0 60.7 10.0 92.0 0.0 92.0 0.0 60.6627
12:17:00 9.0 193.0 nan 60.71 60.75 60.7 60.71 1.0 60.76 217.0 193.0 193.0 0.0 0.0 60.7368
12:18:00 13.0 221.0 nan 60.755 60.79 60.73 60.73 405.0 60.8 517.0 221.0 217.0 4.0 0.0 60.7643
12:19:00 0.0 0.0 nan 60.755 nan nan 60.73 420.0 60.8 338.0 nan 0.0 0.0 0.0 nan
12:20:00 1.0 3.0 nan 60.76 60.76 60.76 60.74 464.0 60.79 52.0 3.0 0.0 3.0 0.0 60.76
12:21:00 21.0 733.0 nan 60.83 60.84 60.74 60.81 590.0 60.87 270.0 733.0 707.0 26.0 0.0 60.8117
12:22:00 16.0 463.0 nan 60.8 60.81 60.8 60.79 879.0 60.86 265.0 463.0 0.0 463.0 0.0 60.8099
12:23:00 2.0 0.0 nan 60.85 60.85 60.85 60.79 887.0 60.86 165.0 nan 0.0 0.0 0.0 nan
12:24:00 4.0 3.0 nan 60.83 60.85 60.83 60.82 1.0 60.87 15.0 3.0 0.0 3.0 0.0 60.83
12:25:00 10.0 123.0 nan 60.9 60.9 60.87 60.85 1.0 60.93 346.0 123.0 123.0 0.0 0.0 60.8878
12:26:00 2.0 3.0 nan 60.88 60.92 60.88 60.85 1.0 60.92 168.0 3.0 0.0 3.0 0.0 60.88
12:27:00 1.0 0.0 nan 60.91 60.91 60.91 60.85 1.0 60.91 25.0 nan 0.0 0.0 0.0 nan
12:28:00 40.0 1091.0 nan 60.86 60.91 60.84 60.83 623.0 60.88 37.0 1091.0 170.0 921.0 0.0 60.8537
12:29:00 42.0 1212.0 nan 60.74 60.84 60.74 60.75 100.0 60.79 50.0 1212.0 203.0 1009.0 0.0 60.8094
12:30:00 0.0 0.0 nan 60.74 nan nan 60.75 39.0 60.79 50.0 nan 0.0 0.0 0.0 nan
12:31:00 13.0 302.0 nan 60.73 60.75 60.7 60.71 1.0 60.78 190.0 302.0 248.0 54.0 0.0 60.7236
12:32:00 3.0 0.0 nan 60.76 60.76 60.76 60.71 858.0 60.8 54.0 nan 0.0 0.0 0.0 nan
12:33:00 28.0 771.0 nan 60.8 60.88 60.79 60.79 205.0 60.85 7.0 771.0 746.0 25.0 0.0 60.8145
12:34:00 6.0 110.0 nan 60.78 60.79 60.78 60.77 2.0 60.81 130.0 110.0 0.0 110.0 0.0 60.7895
12:35:00 7.0 130.0 nan 60.81 60.81 60.8 60.77 4.0 60.84 325.0 130.0 130.0 0.0 0.0 60.81
12:36:00 2.0 3.0 nan 60.81 60.81 60.81 60.78 1.0 60.84 101.0 3.0 0.0 3.0 0.0 60.81
12:37:00 6.0 105.0 nan 60.91 60.91 60.84 60.82 174.0 60.91 195.0 105.0 105.0 0.0 0.0 60.841
12:38:00 1.0 3.0 nan 60.86 60.86 60.86 60.82 2.0 60.91 736.0 3.0 0.0 3.0 0.0 60.86
12:39:00 31.0 597.0 nan 60.77 60.86 60.77 60.77 60.0 60.83 25.0 597.0 0.0 597.0 0.0 60.7859
12:40:00 18.0 430.0 nan 60.77 60.81 60.72 60.73 198.0 60.81 589.0 430.0 133.0 297.0 0.0 60.7541
12:41:00 11.0 439.0 nan 60.87 60.87 60.81 60.82 171.0 60.9 282.0 439.0 395.0 44.0 0.0 60.8259
12:42:00 1.0 500.0 nan 60.84 60.84 60.84 60.85 495.0 60.9 3.0 500.0 500.0 0.0 0.0 60.84
12:43:00 0.0 0.0 nan 60.84 nan nan 60.87 196.0 60.9 3.0 nan 0.0 0.0 0.0 nan
12:44:00 15.0 536.0 nan 60.93 60.95 60.87 60.9 32.0 60.97 325.0 536.0 445.0 91.0 0.0 60.9122
12:45:00 2.0 2.0 nan 60.9 60.92 60.9 60.9 29.0 60.96 205.0 2.0 0.0 2.0 0.0 60.9
12:46:00 70.0 1674.0 nan 60.8 60.9 60.8 60.78 1.0 60.82 25.0 1674.0 65.0 1609.0 0.0 60.844
12:47:00 25.0 861.0 nan 60.88 60.88 60.79 60.84 339.0 60.92 284.0 861.0 658.0 203.0 0.0 60.8292
12:48:00 2.0 0.0 nan 60.88 60.88 60.88 60.84 383.0 60.92 117.0 nan 0.0 0.0 0.0 nan
12:49:00 71.0 7580.0 nan 60.81 60.89 60.66 60.76 100.0 60.82 4.0 7580.0 6366.0 1214.0 0.0 60.8267
12:50:00 2.0 4.0 nan 60.82 60.82 60.82 60.76 297.0 60.85 25.0 4.0 4.0 0.0 0.0 60.82
12:51:00 3.0 0.0 nan 60.81 60.81 60.81 60.8 203.0 60.86 242.0 nan 0.0 0.0 0.0 nan
12:52:00 16.0 593.0 nan 60.81 60.81 60.79 60.78 1.0 60.81 84.0 593.0 226.0 367.0 0.0 60.8054
12:53:00 8.0 363.0 nan 60.83 60.83 60.79 60.78 6.0 60.82 50.0 363.0 363.0 0.0 0.0 60.8164
12:54:00 32.0 937.0 nan 60.76 60.83 60.76 60.75 5.0 60.77 337.0 937.0 599.0 338.0 0.0 60.787
12:55:00 17.0 167.0 nan 60.72 60.75 60.72 60.71 3.0 60.74 316.0 167.0 0.0 167.0 0.0 60.7254
12:56:00 8.0 226.0 nan 60.73 60.74 60.73 60.71 3.0 60.73 50.0 226.0 226.0 0.0 0.0 60.73
12:57:00 15.0 783.0 nan 60.74 60.75 60.72 60.71 157.0 60.74 6.0 783.0 783.0 0.0 0.0 60.74
12:58:00 7.0 111.0 nan 60.7 60.71 60.7 60.69 206.0 60.72 6.0 111.0 0.0 111.0 0.0 60.7004
12:59:00 18.0 502.0 nan 60.71 60.72 60.69 60.68 187.0 60.74 402.0 502.0 188.0 314.0 0.0 60.7057
13:00:00 1.0 0.0 nan 60.73 60.73 60.73 60.68 222.0 60.74 216.0 nan 0.0 0.0 0.0 nan
13:01:00 8.0 142.0 nan 60.67 60.68 60.67 60.66 9.0 60.7 201.0 142.0 0.0 142.0 0.0 60.6799
13:02:00 8.0 211.0 nan 60.7 60.7 60.66 60.7 1.0 60.76 155.0 211.0 210.0 1.0 0.0 60.6998
13:03:00 3.0 116.0 nan 60.74 60.74 60.74 60.72 171.0 60.76 257.0 116.0 116.0 0.0 0.0 60.74
13:04:00 31.0 1516.0 nan 60.75 60.79 60.75 60.74 2.0 60.78 482.0 1516.0 1078.0 438.0 0.0 60.7654
13:05:00 11.0 612.0 nan 60.74 60.76 60.72 60.72 534.0 60.76 72.0 612.0 500.0 112.0 0.0 60.7554
13:06:00 0.0 0.0 nan 60.74 nan nan 60.73 50.0 60.76 272.0 nan 0.0 0.0 0.0 nan
13:07:00 34.0 648.0 nan 60.75 60.75 60.7 60.72 362.0 60.76 260.0 648.0 187.0 461.0 0.0 60.7245
13:08:00 38.0 1217.0 nan 60.65 60.72 60.65 60.64 205.0 60.68 10.0 1217.0 443.0 774.0 0.0 60.6836
13:09:00 19.0 660.0 nan 60.69 60.69 60.63 60.65 500.0 60.73 287.0 660.0 508.0 152.0 0.0 60.67
13:10:00 0.0 0.0 nan 60.69 nan nan 60.67 25.0 60.73 37.0 nan 0.0 0.0 0.0 nan
13:11:00 0.0 0.0 nan 60.69 nan nan 60.68 1.0 60.73 361.0 nan 0.0 0.0 0.0 nan
13:12:00 44.0 2028.0 nan 60.74 60.74 60.7 60.68 335.0 60.72 8.0 2028.0 1723.0 305.0 0.0 60.7285
13:13:00 67.0 7929.0 nan 60.73 60.78 60.71 60.72 1101.0 60.76 42.0 7929.0 7360.0 569.0 0.0 60.7387
13:14:00 108.0 5380.0 nan 60.71 60.78 60.71 60.71 172.0 60.76 10.0 5380.0 592.0 4788.0 0.0 60.7347
13:15:00 128.0 5348.0 nan 60.68 60.78 60.66 60.68 100.0 60.76 251.0 5348.0 529.0 4819.0 0.0 60.6979
13:16:00 177.0 9021.0 nan 60.67 60.74 60.61 60.65 155.0 60.69 260.0 9021.0 2014.0 7007.0 0.0 60.6605
13:17:00 148.0 9115.0 nan 60.63 60.73 60.58 60.61 94.0 60.65 300.0 9115.0 2674.0 6441.0 0.0 60.6411
13:18:00 84.0 3544.0 nan 60.61 60.64 60.53 60.58 302.0 60.61 8.0 3544.0 2175.0 1369.0 0.0 60.6043
13:19:00 18.0 819.0 nan 60.68 60.68 60.61 60.63 17.0 60.69 6.0 819.0 743.0 76.0 0.0 60.6521
13:20:00 3.0 2.0 nan 60.65 60.66 60.65 60.62 606.0 60.69 456.0 2.0 0.0 2.0 0.0 60.65
13:21:00 16.0 416.0 nan 60.69 60.69 60.67 60.66 552.0 60.7 1.0 416.0 416.0 0.0 0.0 60.6825
13:22:00 13.0 438.0 nan 60.66 60.67 60.66 60.66 1.0 60.7 1.0 438.0 0.0 438.0 0.0 60.665
13:23:00 51.0 2059.0 nan 60.64 60.7 60.63 60.64 1.0 60.68 683.0 2059.0 1737.0 322.0 0.0 60.6675
13:24:00 52.0 4068.0 nan 60.65 60.68 60.65 60.65 1.0 60.69 316.0 4068.0 2806.0 1262.0 0.0 60.6729
13:25:00 12.0 531.0 nan 60.63 60.65 60.62 60.6 502.0 60.65 401.0 531.0 100.0 431.0 0.0 60.625
13:26:00 2.0 101.0 nan 60.65 60.65 60.65 60.62 358.0 60.69 525.0 101.0 101.0 0.0 0.0 60.65
13:27:00 19.0 393.0 nan 60.62 60.63 60.62 60.61 14.0 60.64 711.0 393.0 0.0 393.0 0.0 60.62
13:28:00 15.0 711.0 nan 60.64 60.64 60.64 60.63 7.0 60.69 15.0 711.0 711.0 0.0 0.0 60.64
13:29:00 1.0 0.0 nan 60.66 60.66 60.66 60.63 348.0 60.69 15.0 nan 0.0 0.0 0.0 nan
13:30:00 36.0 908.0 nan 60.65 60.69 60.59 60.59 587.0 60.66 101.0 908.0 316.0 592.0 0.0 60.6229
13:31:00 45.0 2024.0 nan 60.65 60.68 60.58 60.62 973.0 60.68 65.0 2024.0 669.0 1355.0 0.0 60.6085
13:32:00 1.0 0.0 nan 60.68 60.68 60.68 60.62 596.0 60.68 65.0 nan 0.0 0.0 0.0 nan
13:33:00 12.0 492.0 nan 60.68 60.69 60.65 60.62 791.0 60.68 86.0 492.0 439.0 53.0 0.0 60.6806
13:34:00 16.0 485.0 nan 60.68 60.69 60.65 60.65 6.0 60.69 500.0 485.0 435.0 50.0 0.0 60.6749
13:35:00 30.0 1179.0 nan 60.6 60.65 60.6 60.59 5.0 60.62 4.0 1179.0 0.0 1179.0 0.0 60.6232
13:36:00 11.0 237.0 nan 60.57 60.59 60.57 60.56 569.0 60.6 10.0 237.0 0.0 237.0 0.0 60.5797
13:37:00 12.0 475.0 nan 60.65 60.65 60.58 60.62 51.0 60.68 5.0 475.0 471.0 4.0 0.0 60.6267
13:38:00 2.0 3.0 nan 60.66 60.66 60.65 60.62 353.0 60.69 392.0 3.0 0.0 3.0 0.0 60.65
13:39:00 35.0 1238.0 nan 60.68 60.69 60.62 60.66 12.0 60.7 9.0 1238.0 680.0 558.0 0.0 60.6647
13:40:00 19.0 744.0 nan 60.64 60.69 60.64 60.61 95.0 60.66 128.0 744.0 0.0 744.0 0.0 60.6494
13:41:00 0.0 0.0 nan 60.64 nan nan 60.61 70.0 60.66 5.0 nan 0.0 0.0 0.0 nan
13:42:00 34.0 1020.0 nan 60.57 60.63 60.57 60.57 50.0 60.61 10.0 1020.0 0.0 1020.0 0.0 60.5935
13:43:00 56.0 2518.0 nan 60.53 60.62 60.53 60.53 29.0 60.57 200.0 2518.0 693.0 1825.0 0.0 60.5632
13:44:00 6.0 214.0 nan 60.59 60.59 60.57 60.56 1.0 60.59 76.0 214.0 214.0 0.0 0.0 60.5802
13:45:00 8.0 291.0 nan 60.59 60.59 60.59 60.57 11.0 60.6 10.0 291.0 291.0 0.0 0.0 60.59
13:46:00 3.0 83.0 nan 60.62 60.62 60.59 60.57 1.0 60.62 1.0 83.0 83.0 0.0 0.0 60.6176
13:47:00 7.0 105.0 nan 60.59 60.62 60.59 60.58 2.0 60.62 364.0 105.0 105.0 0.0 0.0 60.6189
13:48:00 28.0 675.0 nan 60.59 60.59 60.56 60.56 373.0 60.62 450.0 675.0 243.0 432.0 0.0 60.5659
13:49:00 15.0 369.0 nan 60.57 60.59 60.56 60.56 410.0 60.62 300.0 369.0 0.0 369.0 0.0 60.56
13:50:00 16.0 632.0 nan 60.54 60.56 60.54 60.53 370.0 60.58 187.0 632.0 0.0 632.0 0.0 60.5515
13:51:00 1.0 0.0 nan 60.54 60.54 60.54 60.53 280.0 60.58 174.0 nan 0.0 0.0 0.0 nan
13:52:00 11.0 353.0 nan 60.57 60.58 60.57 60.54 864.0 60.6 115.0 353.0 353.0 0.0 0.0 60.58
13:53:00 6.0 215.0 nan 60.63 60.63 60.6 60.58 553.0 60.62 10.0 215.0 215.0 0.0 0.0 60.6093
13:54:00 29.0 715.0 nan 60.55 60.58 60.55 60.55 743.0 60.6 54.0 715.0 0.0 715.0 0.0 60.5784
13:55:00 0.0 0.0 nan 60.55 nan nan 60.58 522.0 60.61 5.0 nan 0.0 0.0 0.0 nan
13:56:00 39.0 1815.0 nan 60.6 60.64 60.6 60.59 209.0 60.64 150.0 1815.0 1003.0 812.0 0.0 60.6143
13:57:00 44.0 2448.0 nan 60.59 60.64 60.59 60.58 273.0 60.62 191.0 2448.0 811.0 1637.0 0.0 60.6092
13:58:00 46.0 2983.0 nan 60.54 60.59 60.54 60.54 353.0 60.6 50.0 2983.0 333.0 2650.0 0.0 60.5617
13:59:00 61.0 4317.0 nan 60.63 60.68 60.54 60.62 345.0 60.67 263.0 4317.0 3149.0 1168.0 0.0 60.6151
14:00:00 98.0 4656.0 nan 60.63 60.64 60.57 60.6 100.0 60.63 39.0 4656.0 929.0 3727.0 0.0 60.5989
14:01:00 102.0 6501.0 nan 60.62 60.63 60.5 60.55 841.0 60.63 115.0 6501.0 2726.0 3775.0 0.0 60.5719
14:02:00 137.0 10518.0 nan 60.59 60.61 60.53 60.58 1.0 60.6 52.0 10518.0 4969.0 5549.0 0.0 60.5795
14:03:00 107.0 6567.0 nan 60.45 60.595 60.45 60.45 145.0 60.49 265.0 6567.0 1080.0 5487.0 0.0 60.5171
14:04:00 40.0 1737.0 nan 60.5 60.5 60.47 60.48 5.0 60.51 261.0 1737.0 1361.0 376.0 0.0 60.4938
14:05:00 26.0 1126.0 nan 60.54 60.54 60.5 60.51 693.0 60.54 121.0 1126.0 1126.0 0.0 0.0 60.5174
14:06:00 46.0 2020.0 nan 60.49 60.54 60.47 60.46 6.0 60.5 304.0 2020.0 510.0 1510.0 0.0 60.5103
14:07:00 35.0 1374.0 nan 60.43 60.51 60.43 60.43 6.0 60.47 267.0 1374.0 200.0 1174.0 0.0 60.46
14:08:00 94.0 3157.0 nan 60.48 60.48 60.4 60.46 488.0 60.5 12.0 3157.0 2150.0 1007.0 0.0 60.4356
14:09:00 12.0 310.0 nan 60.45 60.46 60.45 60.44 179.0 60.49 550.0 310.0 0.0 310.0 0.0 60.46
14:10:00 68.0 2324.0 nan 60.4 60.44 60.37 60.38 200.0 60.41 11.0 2324.0 609.0 1715.0 0.0 60.4
14:11:00 70.0 3016.0 nan 60.57 60.57 60.41 60.51 843.0 60.58 260.0 3016.0 2882.0 134.0 0.0 60.4618
14:12:00 107.0 4393.0 nan 60.48 60.58 60.44 60.43 5.0 60.48 10.0 4393.0 2087.0 2306.0 0.0 60.5262
14:13:00 13.0 141.0 nan 60.57 60.57 60.48 60.51 328.0 60.57 300.0 141.0 141.0 0.0 0.0 60.5487
14:14:00 41.0 3004.0 nan 60.5 60.54 60.49 60.48 60.0 60.53 10.0 3004.0 2011.0 993.0 0.0 60.5113
14:15:00 10.0 25.0 nan 60.52 60.52 60.5 60.48 433.0 60.52 2000.0 25.0 10.0 15.0 0.0 60.508
14:16:00 123.0 8931.0 nan 60.47 60.52 60.45 60.47 265.0 60.49 225.0 8931.0 6475.0 2456.0 0.0 60.4903
14:17:00 132.0 7632.0 nan 60.47 60.51 60.43 60.47 792.0 60.52 174.0 7632.0 2212.0 5420.0 0.0 60.4633
14:18:00 68.0 4057.0 nan 60.56 60.56 60.46 60.51 645.0 60.56 207.0 4057.0 2080.0 1977.0 0.0 60.4889
14:19:00 15.0 941.0 nan 60.5 60.51 60.5 60.48 28.0 60.55 161.0 941.0 492.0 449.0 0.0 60.5048
14:20:00 4.0 0.0 nan 60.53 60.53 60.52 60.48 387.0 60.55 35.0 nan 0.0 0.0 0.0 nan
14:21:00 23.0 439.0 nan 60.6 60.6 60.53 60.58 33.0 60.63 7.0 439.0 439.0 0.0 0.0 60.5961
14:22:00 3.0 3.0 nan 60.62 60.62 60.61 60.58 793.0 60.63 7.0 3.0 0.0 3.0 0.0 60.61
14:23:00 7.0 7.0 nan 60.61 60.63 60.61 60.58 780.0 60.64 319.0 7.0 7.0 0.0 0.0 60.63
14:24:00 36.0 746.0 nan 60.54 60.61 60.53 60.55 633.0 60.62 372.0 746.0 4.0 742.0 0.0 60.5758
14:25:00 23.0 1055.0 nan 60.59 60.62 60.57 60.55 994.0 60.6 411.0 1055.0 834.0 221.0 0.0 60.5932
14:26:00 112.0 4353.0 nan 60.47 60.56 60.47 60.47 220.0 60.51 10.0 4353.0 723.0 3630.0 0.0 60.5118
14:27:00 73.0 2525.0 nan 60.55 60.55 60.42 60.48 50.0 60.58 414.0 2525.0 1275.0 1250.0 0.0 60.4973
14:28:00 8.0 325.0 nan 60.59 60.59 60.58 60.55 335.0 60.63 186.0 325.0 325.0 0.0 0.0 60.58
14:29:00 24.0 592.0 nan 60.57 60.61 60.56 60.56 3.0 60.6 1.0 592.0 392.0 200.0 0.0 60.5855
14:30:00 3.0 3.0 nan 60.59 60.61 60.59 60.57 523.0 60.61 102.0 3.0 3.0 0.0 0.0 60.6067
14:31:00 77.0 2233.0 nan 60.53 60.61 60.53 60.53 81.0 60.57 125.0 2233.0 842.0 1391.0 0.0 60.578
14:32:00 13.0 661.0 nan 60.56 60.56 60.52 60.51 440.0 60.57 119.0 661.0 60.0 601.0 0.0 60.5324
14:33:00 0.0 0.0 nan 60.56 nan nan 60.51 567.0 60.57 119.0 nan 0.0 0.0 0.0 nan
14:34:00 16.0 562.0 nan 60.61 60.61 60.57 60.57 554.0 60.63 7.0 562.0 557.0 5.0 0.0 60.5949
14:35:00 2.0 8.0 nan 60.63 60.63 60.61 60.59 569.0 60.65 128.0 8.0 7.0 1.0 0.0 60.6275
14:36:00 11.0 331.0 nan 60.63 60.66 60.63 60.62 678.0 60.66 200.0 331.0 128.0 203.0 0.0 60.6383
14:37:00 3.0 8.0 nan 60.66 60.68 60.66 60.63 5.0 60.68 350.0 8.0 8.0 0.0 0.0 60.68
14:38:00 102.0 4102.0 nan 60.61 60.65 60.52 60.58 200.0 60.61 30.0 4102.0 1710.0 2392.0 0.0 60.5935
14:39:00 12.0 369.0 nan 60.61 60.64 60.61 60.62 23.0 60.66 111.0 369.0 369.0 0.0 0.0 60.6328
14:40:00 22.0 728.0 nan 60.63 60.64 60.6 60.59 1209.0 60.63 5.0 728.0 431.0 297.0 0.0 60.623
14:41:00 8.0 155.0 nan 60.59 60.64 60.59 60.59 243.0 60.62 50.0 155.0 1.0 154.0 0.0 60.6
14:42:00 15.0 608.0 nan 60.64 60.64 60.62 60.6 523.0 60.64 63.0 608.0 608.0 0.0 0.0 60.6383
14:43:00 52.0 2600.0 nan 60.69 60.69 60.64 60.67 243.0 60.69 24.0 2600.0 1664.0 936.0 0.0 60.6632
14:44:00 19.0 301.0 nan 60.68 60.7 60.68 60.67 950.0 60.75 154.0 301.0 301.0 0.0 0.0 60.6992
14:45:00 44.0 1272.0 nan 60.69 60.71 60.64 60.65 50.0 60.73 5.0 1272.0 15.0 1257.0 0.0 60.6765
14:46:00 129.0 5959.0 nan 60.62 60.69 60.6 60.62 325.0 60.66 10.0 5959.0 1384.0 4575.0 0.0 60.6354
14:47:00 131.0 5721.0 nan 60.56 60.66 60.56 60.57 325.0 60.61 10.0 5721.0 973.0 4748.0 0.0 60.5959
14:48:00 211.0 10708.0 nan 60.605 60.64 60.56 60.59 300.0 60.62 110.0 10708.0 3061.0 7647.0 0.0 60.5902
14:49:00 143.0 6414.0 nan 60.65 60.66 60.56 60.64 20.0 60.66 41.0 6414.0 2940.0 3474.0 0.0 60.6138
14:50:00 106.0 4843.0 nan 60.59 60.65 60.53 60.56 623.0 60.61 371.0 4843.0 1792.0 3051.0 0.0 60.5841
14:51:00 47.0 2443.0 nan 60.57 60.61 60.56 60.55 42.0 60.58 17.0 2443.0 1629.0 814.0 0.0 60.5739
14:52:00 57.0 1835.0 nan 60.63 60.63 60.58 60.62 92.0 60.66 42.0 1835.0 1077.0 758.0 0.0 60.6036
14:53:00 2.0 174.0 nan 60.65 60.65 60.65 60.63 8.0 60.66 192.0 174.0 174.0 0.0 0.0 60.65
14:54:00 33.0 2346.0 nan 60.615 60.63 60.59 60.59 367.0 60.62 99.0 2346.0 74.0 2272.0 0.0 60.6045
14:55:00 10.0 95.0 nan 60.62 60.62 60.615 60.59 422.0 60.66 472.0 95.0 95.0 0.0 0.0 60.62
14:56:00 0.0 0.0 nan 60.62 nan nan 60.61 596.0 60.66 183.0 nan 0.0 0.0 0.0 nan
14:57:00 55.0 2501.0 nan 60.64 60.66 60.63 60.62 627.0 60.64 49.0 2501.0 1619.0 882.0 0.0 60.6432
14:58:00 70.0 2972.0 nan 60.7 60.7 60.61 60.67 511.0 60.71 3.0 2972.0 2114.0 858.0 0.0 60.6432
14:59:00 32.0 941.0 nan 60.71 60.77 60.69 60.71 749.0 60.79 162.0 941.0 726.0 215.0 0.0 60.7169
15:00:00 40.0 1644.0 nan 60.71 60.81 60.71 60.7 70.0 60.71 100.0 1644.0 223.0 1421.0 0.0 60.7557
15:01:00 25.0 937.0 nan 60.67 60.7 60.65 60.64 12.0 60.68 304.0 937.0 0.0 937.0 0.0 60.6574
15:02:00 30.0 1339.0 nan 60.7 60.7 60.65 60.64 497.0 60.71 294.0 1339.0 1037.0 302.0 0.0 60.6772
15:03:00 48.0 3252.0 nan 60.7 60.71 60.65 60.67 513.0 60.73 236.0 3252.0 2576.0 676.0 0.0 60.6806
15:04:00 1.0 4.0 nan 60.7 60.7 60.7 60.67 566.0 60.73 305.0 4.0 0.0 4.0 0.0 60.7
15:05:00 6.0 141.0 nan 60.74 60.74 60.73 60.71 852.0 60.77 103.0 141.0 140.0 1.0 0.0 60.7301
15:06:00 63.0 1929.0 nan 60.77 60.81 60.75 60.78 584.0 60.83 7.0 1929.0 1553.0 376.0 0.0 60.7826
15:07:00 30.0 1077.0 nan 60.76 60.805 60.76 60.76 88.0 60.82 1365.0 1077.0 0.0 1077.0 0.0 60.7985
15:08:00 97.0 4303.0 nan 60.63 60.76 60.63 60.64 497.0 60.69 155.0 4303.0 556.0 3747.0 0.0 60.6755
15:09:00 62.0 2864.0 nan 60.71 60.74 60.67 60.7 263.0 60.75 138.0 2864.0 2757.0 107.0 0.0 60.7105
15:10:00 74.0 2959.0 nan 60.76 60.83 60.75 60.76 98.0 60.79 103.0 2959.0 2113.0 846.0 0.0 60.7743
15:11:00 26.0 1628.0 nan 60.77 60.78 60.74 60.74 74.0 60.77 9.0 1628.0 1248.0 380.0 0.0 60.7668
15:12:00 19.0 1195.0 nan 60.8 60.83 60.77 60.8 186.0 60.84 50.0 1195.0 1036.0 159.0 0.0 60.8027
15:13:00 0.0 0.0 nan 60.8 nan nan 60.83 560.0 60.87 470.0 nan 0.0 0.0 0.0 nan
15:14:00 78.0 3491.0 nan 60.81 60.83 60.75 60.74 858.0 60.81 782.0 3491.0 1163.0 2328.0 0.0 60.7922
15:15:00 30.0 1208.0 nan 60.88 60.88 60.8 60.85 53.0 60.96 165.0 1208.0 1208.0 0.0 0.0 60.8232
15:16:00 69.0 2930.0 nan 60.79 60.89 60.78 60.78 415.0 60.86 32.0 2930.0 943.0 1987.0 0.0 60.8252
15:17:00 162.0 7048.0 nan 60.8 60.81 60.75 60.79 83.0 60.83 325.0 7048.0 1894.0 5154.0 0.0 60.7805
15:18:00 82.0 4186.0 nan 60.85 60.86 60.72 60.83 76.0 60.9 147.0 4186.0 2467.0 1719.0 0.0 60.7878
15:19:00 34.0 813.0 nan 60.83 60.88 60.82 60.8 416.0 60.87 153.0 813.0 96.0 717.0 0.0 60.8351
15:20:00 4.0 85.0 nan 60.87 60.87 60.81 60.8 787.0 60.87 452.0 85.0 85.0 0.0 0.0 60.8553
15:21:00 44.0 1911.0 nan 60.81 60.81 60.78 60.78 20.0 60.83 652.0 1911.0 403.0 1508.0 0.0 60.8024
15:22:00 11.0 528.0 nan 60.78 60.78 60.78 60.78 284.0 60.83 220.0 528.0 0.0 528.0 0.0 60.78
15:23:00 35.0 1247.0 nan 60.74 60.78 60.74 60.73 481.0 60.8 316.0 1247.0 177.0 1070.0 0.0 60.7692
15:24:00 14.0 648.0 nan 60.84 60.84 60.8 60.78 477.0 60.84 572.0 648.0 648.0 0.0 0.0 60.8077
15:25:00 45.0 1922.0 nan 60.78 60.81 60.76 60.75 520.0 60.81 582.0 1922.0 581.0 1341.0 0.0 60.7775
15:26:00 73.0 3803.0 nan 60.77 60.81 60.75 60.75 300.0 60.78 105.0 3803.0 1553.0 2250.0 0.0 60.7747
15:27:00 97.0 4915.0 nan 60.69 60.79 60.67 60.67 626.0 60.7 249.0 4915.0 1226.0 3689.0 0.0 60.716
15:28:00 128.0 6530.0 nan 60.6 60.71 60.59 60.58 58.0 60.63 55.0 6530.0 1080.0 5450.0 0.0 60.6577
15:29:00 61.0 2569.0 nan 60.64 60.69 60.63 60.63 2.0 60.66 2.0 2569.0 1547.0 1022.0 0.0 60.6578
15:30:00 44.0 697.0 nan 60.64 60.66 60.63 60.63 332.0 60.67 350.0 697.0 327.0 370.0 0.0 60.6447
15:31:00 54.0 1618.0 nan 60.67 60.7 60.6 60.67 2.0 60.71 350.0 1618.0 1218.0 400.0 0.0 60.6453
15:32:00 160.0 6185.0 nan 60.64 60.68 60.6 60.63 41.0 60.67 250.0 6185.0 1008.0 5177.0 0.0 60.6291
15:33:00 139.0 6475.0 nan 60.69 60.69 60.6 60.66 331.0 60.69 200.0 6475.0 3891.0 2584.0 0.0 60.6431
15:34:00 74.0 2595.0 nan 60.675 60.71 60.66 60.65 564.0 60.7 500.0 2595.0 1287.0 1308.0 0.0 60.6851
15:35:00 39.0 1194.0 nan 60.67 60.69 60.65 60.65 319.0 60.67 100.0 1194.0 591.0 603.0 0.0 60.6691
15:36:00 62.0 4743.0 nan 60.64 60.69 60.64 60.63 322.0 60.67 154.0 4743.0 3336.0 1407.0 0.0 60.6699
15:37:00 45.0 4410.0 nan 60.72 60.72 60.64 60.68 460.0 60.73 258.0 4410.0 3694.0 716.0 0.0 60.6733
15:38:00 148.0 6848.0 nan 60.6 60.72 60.6 60.61 402.0 60.65 650.0 6848.0 715.0 6133.0 0.0 60.6574
15:39:00 48.0 2264.0 nan 60.58 60.61 60.53 60.55 551.0 60.61 915.0 2264.0 132.0 2132.0 0.0 60.5801
15:40:00 90.0 4155.0 nan 60.5 60.59 60.5 60.49 609.0 60.52 777.0 4155.0 1376.0 2779.0 0.0 60.5456
15:41:00 63.0 2944.0 nan 60.52 60.52 60.48 60.52 5.0 60.53 3.0 2944.0 1333.0 1611.0 0.0 60.5042
15:42:00 65.0 1999.0 nan 60.51 60.52 60.49 60.5 242.0 60.53 105.0 1999.0 604.0 1395.0 0.0 60.5121
15:43:00 54.0 1740.0 nan 60.56 60.58 60.52 60.56 522.0 60.58 298.0 1740.0 1252.0 488.0 0.0 60.5597
15:44:00 113.0 4633.0 nan 60.58 60.65 60.55 60.55 955.0 60.61 439.0 4633.0 2422.0 2211.0 0.0 60.6136
15:45:00 7.0 225.0 nan 60.63 60.63 60.55 60.58 1189.0 60.63 693.0 225.0 200.0 25.0 0.0 60.6122
15:46:00 104.0 3806.0 nan 60.51 60.59 60.49 60.49 152.0 60.52 374.0 3806.0 508.0 3298.0 0.0 60.5405
15:47:00 61.0 1360.0 nan 60.52 60.53 60.49 60.51 633.0 60.54 215.0 1360.0 786.0 574.0 0.0 60.5085
15:48:00 74.0 2805.0 nan 60.51 60.51 60.46 60.49 373.0 60.52 100.0 2805.0 201.0 2604.0 0.0 60.488
15:49:00 123.0 5041.0 nan 60.46 60.52 60.42 60.43 16.0 60.45 230.0 5041.0 831.0 4210.0 0.0 60.4908
15:50:00 78.0 2962.0 nan 60.4 60.43 60.35 60.38 474.0 60.42 3.0 2962.0 1716.0 1246.0 0.0 60.3821
15:51:00 99.0 2916.0 nan 60.49 60.53 60.42 60.47 313.0 60.52 515.0 2916.0 1643.0 1273.0 0.0 60.4839
15:52:00 92.0 3389.0 nan 60.4 60.5 60.38 60.39 12.0 60.43 151.0 3389.0 833.0 2556.0 0.0 60.4411
15:53:00 113.0 3246.0 nan 60.295 60.41 60.28 60.27 441.0 60.32 550.0 3246.0 634.0 2612.0 0.0 60.3307
15:54:00 54.0 1559.0 nan 60.3 60.31 60.26 60.3 621.0 60.35 92.0 1559.0 1017.0 542.0 0.0 60.2914
15:55:00 116.0 3734.0 nan 60.25 60.32 60.23 60.22 502.0 60.26 200.0 3734.0 544.0 3190.0 0.0 60.2709
15:56:00 153.0 5989.0 nan 60.18 60.29 60.17 60.17 590.0 60.22 282.0 5989.0 1990.0 3999.0 0.0 60.2313
15:57:00 120.0 5008.0 nan 60.21 60.27 60.13 60.2 101.0 60.24 160.0 5008.0 1805.0 3203.0 0.0 60.2109
15:58:00 95.0 3614.0 nan 60.23 60.28 60.19 60.22 843.0 60.27 178.0 3614.0 1389.0 2225.0 0.0 60.2291
15:59:00 169.0 6821.0 nan 60.26 60.26 60.19 60.25 300.0 60.27 239.0 6821.0 511.0 6310.0 0.0 60.2184
16:00:00 293.0 11765.0 nan 60.36 60.36 60.22 60.35 3565.0 60.36 20945.0 11765.0 5010.0 6755.0 0.0 60.2931
16:01:00 2.0 0.0 nan 60.36 60.36 60.36 60.35 1100.0 60.36 20689.0 nan 0.0 0.0 0.0 nan
16:02:00 0.0 0.0 nan 60.36 nan nan 60.35 1100.0 60.36 20689.0 nan 0.0 0.0 0.0 nan
16:03:00 0.0 0.0 nan 60.36 nan nan 60.35 1100.0 60.36 20689.0 nan 0.0 0.0 0.0 nan
16:04:00 0.0 0.0 nan 60.36 nan nan 60.35 1100.0 60.36 20638.0 nan 0.0 0.0 0.0 nan
16:05:00 0.0 0.0 nan 60.36 nan nan 60.35 1100.0 60.36 20689.0 nan 0.0 0.0 0.0 nan
16:06:00 0.0 0.0 nan 60.36 nan nan 60.35 1100.0 60.36 20689.0 nan 0.0 0.0 0.0 nan
16:07:00 0.0 0.0 nan 60.36 nan nan 60.35 1100.0 60.36 20689.0 nan 0.0 0.0 0.0 nan
16:08:00 0.0 0.0 nan 60.36 nan nan 60.35 1100.0 60.36 20689.0 nan 0.0 0.0 0.0 nan
16:09:00 0.0 0.0 nan 60.36 nan nan 60.35 1100.0 60.36 20689.0 nan 0.0 0.0 0.0 nan
16:10:00 0.0 0.0 nan 60.36 nan nan 60.35 1100.0 60.36 20689.0 nan 0.0 0.0 0.0 nan
16:11:00 0.0 0.0 nan 60.36 nan nan 60.35 1100.0 60.36 20689.0 nan 0.0 0.0 0.0 nan
16:12:00 0.0 0.0 nan 60.36 nan nan 60.35 1100.0 60.36 20689.0 nan 0.0 0.0 0.0 nan
16:13:00 0.0 0.0 nan 60.36 nan nan 60.35 1100.0 60.36 20689.0 nan 0.0 0.0 0.0 nan
16:14:00 1.0 51.0 nan 60.36 60.36 60.36 60.35 1100.0 60.36 20638.0 51.0 51.0 0.0 0.0 60.36
16:15:00 0.0 0.0 nan 60.36 nan nan 60.35 1100.0 60.36 20638.0 nan 0.0 0.0 0.0 nan
16:16:00 0.0 0.0 nan 60.36 nan nan 60.35 1100.0 60.36 20638.0 nan 0.0 0.0 0.0 nan
16:17:00 0.0 0.0 nan 60.36 nan nan 60.35 1100.0 60.36 20638.0 nan 0.0 0.0 0.0 nan
16:18:00 0.0 0.0 nan 60.36 nan nan 60.35 1100.0 60.36 20638.0 nan 0.0 0.0 0.0 nan
16:19:00 0.0 0.0 nan 60.36 nan nan 60.35 1100.0 60.36 20638.0 nan 0.0 0.0 0.0 nan
16:20:00 0.0 0.0 nan 60.36 nan nan 60.35 1100.0 60.36 20638.0 nan 0.0 0.0 0.0 nan
16:21:00 0.0 0.0 nan 60.36 nan nan 60.35 1100.0 60.36 20638.0 nan 0.0 0.0 0.0 nan
16:22:00 0.0 0.0 nan 60.36 nan nan 60.35 1100.0 60.36 20638.0 nan 0.0 0.0 0.0 nan
16:23:00 0.0 0.0 nan 60.36 nan nan 60.35 1100.0 60.36 20638.0 nan 0.0 0.0 0.0 nan
16:24:00 0.0 0.0 nan 60.36 nan nan 60.35 1100.0 60.36 20638.0 nan 0.0 0.0 0.0 nan
16:25:00 0.0 0.0 nan 60.36 nan nan 60.35 1100.0 60.36 20638.0 nan 0.0 0.0 0.0 nan
16:26:00 0.0 0.0 nan 60.36 nan nan 60.35 1100.0 60.36 20638.0 nan 0.0 0.0 0.0 nan
16:27:00 0.0 0.0 nan 60.36 nan nan 60.35 1100.0 60.36 20638.0 nan 0.0 0.0 0.0 nan
16:28:00 0.0 0.0 nan 60.36 nan nan 60.35 1100.0 60.36 20638.0 nan 0.0 0.0 0.0 nan
16:29:00 0.0 0.0 nan 60.36 nan nan 60.35 1100.0 60.36 20638.0 nan 0.0 0.0 0.0 nan
16:30:00 0.0 0.0 nan 60.36 nan nan 60.35 1100.0 60.36 20638.0 nan 0.0 0.0 0.0 nan
16:31:00 0.0 0.0 nan 60.36 nan nan 60.35 1100.0 60.36 20638.0 nan 0.0 0.0 0.0 nan
16:32:00 0.0 0.0 nan 60.36 nan nan 60.35 1100.0 60.36 20638.0 nan 0.0 0.0 0.0 nan
16:33:00 0.0 0.0 nan 60.36 nan nan 60.35 1100.0 60.36 20638.0 nan 0.0 0.0 0.0 nan
16:34:00 0.0 0.0 nan 60.36 nan nan 60.35 1100.0 60.36 20638.0 nan 0.0 0.0 0.0 nan
16:35:00 0.0 0.0 nan 60.36 nan nan 60.35 1100.0 60.36 20638.0 nan 0.0 0.0 0.0 nan
16:36:00 0.0 0.0 nan 60.36 nan nan 60.35 1100.0 60.36 20638.0 nan 0.0 0.0 0.0 nan
16:37:00 0.0 0.0 nan 60.36 nan nan 60.35 1100.0 60.36 20638.0 nan 0.0 0.0 0.0 nan
16:38:00 0.0 0.0 nan 60.36 nan nan 60.35 1100.0 60.36 20638.0 nan 0.0 0.0 0.0 nan
16:39:00 0.0 0.0 nan 60.36 nan nan 60.35 1100.0 60.36 20638.0 nan 0.0 0.0 0.0 nan
16:40:00 0.0 0.0 nan 60.36 nan nan 60.35 1100.0 60.36 20638.0 nan 0.0 0.0 0.0 nan
16:41:00 0.0 0.0 nan 60.36 nan nan 60.35 1100.0 60.36 20638.0 nan 0.0 0.0 0.0 nan
16:42:00 0.0 0.0 nan 60.36 nan nan 60.35 1100.0 60.36 20638.0 nan 0.0 0.0 0.0 nan
16:43:00 0.0 0.0 nan 60.36 nan nan 60.35 1100.0 60.36 20638.0 nan 0.0 0.0 0.0 nan
16:44:00 0.0 0.0 nan 60.36 nan nan 60.35 1100.0 60.36 20638.0 nan 0.0 0.0 0.0 nan
16:45:00 0.0 0.0 nan 60.36 nan nan 60.35 1100.0 60.36 20638.0 nan 0.0 0.0 0.0 nan
16:46:00 0.0 0.0 nan 60.36 nan nan 60.35 1100.0 60.36 20638.0 nan 0.0 0.0 0.0 nan
16:47:00 0.0 0.0 nan 60.36 nan nan 60.35 1100.0 60.36 20638.0 nan 0.0 0.0 0.0 nan
16:48:00 0.0 0.0 nan 60.36 nan nan 60.35 1100.0 60.36 20638.0 nan 0.0 0.0 0.0 nan
16:49:00 0.0 0.0 nan 60.36 nan nan 60.35 1100.0 60.36 20638.0 nan 0.0 0.0 0.0 nan
16:50:00 0.0 0.0 nan 60.36 nan nan 60.35 1100.0 60.36 20638.0 nan 0.0 0.0 0.0 nan
16:51:00 0.0 0.0 nan 60.36 nan nan 60.35 1100.0 60.36 20638.0 nan 0.0 0.0 0.0 nan
16:52:00 0.0 0.0 nan 60.36 nan nan 60.35 1100.0 60.36 20638.0 nan 0.0 0.0 0.0 nan
16:53:00 0.0 0.0 nan 60.36 nan nan 60.35 1100.0 60.36 20638.0 nan 0.0 0.0 0.0 nan
16:54:00 0.0 0.0 nan 60.36 nan nan 60.35 1100.0 60.36 20638.0 nan 0.0 0.0 0.0 nan
16:55:00 0.0 0.0 nan 60.36 nan nan 60.35 1100.0 60.36 20638.0 nan 0.0 0.0 0.0 nan
16:56:00 0.0 0.0 nan 60.36 nan nan 60.35 1100.0 60.36 20638.0 nan 0.0 0.0 0.0 nan
16:57:00 0.0 0.0 nan 60.36 nan nan 60.35 1100.0 60.36 20638.0 nan 0.0 0.0 0.0 nan
16:58:00 0.0 0.0 nan 60.36 nan nan 60.35 1100.0 60.36 20638.0 nan 0.0 0.0 0.0 nan
16:59:00 0.0 0.0 nan 60.36 nan nan 60.35 1100.0 60.36 20638.0 nan 0.0 0.0 0.0 nan
17:00:00 0.0 0.0 nan 60.36 nan nan 60.35 1100.0 60.36 20638.0 nan 0.0 0.0 0.0 nan
