time trade_count trade_volume trade_first trade_last trade_high trade_low bid_price bid_size ask_price ask_size hid_vol buy_vol sell_vol unsided_vol vwap
09:00:00 nan 581.0 188.4 188.29 188.4 188.29 188.28 3.0 188.55 12.0 581.0 555.0 26.0 0.0 188.3851
09:01:00 1.0 0.0 188.4 188.49 188.49 188.49 188.33 120.0 188.55 12.0 nan 0.0 0.0 0.0 nan
09:02:00 7.0 238.0 188.4 188.35 188.5 188.35 188.35 29.0 188.5 35.0 238.0 0.0 238.0 0.0 188.4553
09:03:00 2.0 35.0 188.4 188.35 188.35 188.35 188.33 170.0 188.55 122.0 35.0 5.0 30.0 0.0 188.35
09:04:00 1.0 0.0 188.4 188.49 188.49 188.49 188.37 1.0 188.54 14.0 nan 0.0 0.0 0.0 nan
09:05:00 2.0 2.0 188.4 188.4 188.48 188.4 188.38 50.0 188.54 14.0 2.0 2.0 0.0 0.0 188.4
09:06:00 3.0 50.0 188.4 188.45 188.45 188.38 188.37 5.0 188.54 14.0 50.0 0.0 50.0 0.0 188.4472
09:07:00 1.0 0.0 188.4 188.52 188.52 188.52 188.37 10.0 188.55 138.0 nan 0.0 0.0 0.0 nan
09:08:00 2.0 40.0 188.4 188.45 188.45 188.45 188.37 15.0 188.44 40.0 40.0 0.0 40.0 0.0 188.45
09:09:00 7.0 20.0 188.4 188.34 188.44 188.34 188.37 1.0 188.44 35.0 20.0 5.0 15.0 0.0 188.3875
09:10:00 3.0 3.0 188.4 188.44 188.44 188.37 188.4 359.0 188.44 35.0 3.0 2.0 1.0 0.0 188.4033
09:11:00 14.0 232.0 188.4 188.47 188.5 188.44 188.4 359.0 188.47 8.0 232.0 42.0 190.0 0.0 188.4826
09:12:00 6.0 18.0 188.4 188.44 188.45 188.41 188.4 359.0 188.45 155.0 18.0 18.0 0.0 0.0 188.45
09:13:00 11.0 154.0 188.4 188.46 188.47 188.43 188.4 359.0 188.48 88.0 154.0 154.0 0.0 0.0 188.4466
09:14:00 13.0 98.0 188.4 188.49 188.49 188.47 188.48 521.0 188.5 310.0 98.0 98.0 0.0 0.0 188.481
09:15:00 7.0 85.0 188.4 188.49 188.5 188.48 188.48 461.0 188.5 1285.0 85.0 25.0 60.0 0.0 188.4859
09:16:00 22.0 817.0 188.4 188.42 188.5 188.42 188.4 359.0 188.48 125.0 817.0 305.0 512.0 0.0 188.488
09:17:00 18.0 488.0 188.4 188.29 188.4 188.29 188.25 10.0 188.3 732.0 488.0 0.0 488.0 0.0 188.382
09:18:00 40.0 884.0 188.4 188.21 188.27 188.15 188.06 5.0 188.26 197.0 884.0 597.0 287.0 0.0 188.2165
09:19:00 3.0 4.0 188.4 188.26 188.26 188.16 188.15 5.0 188.26 230.0 4.0 4.0 0.0 0.0 188.21
09:20:00 10.0 431.0 188.4 188.22 188.31 188.11 188.15 5.0 188.32 64.0 431.0 431.0 0.0 0.0 188.2567
09:21:00 12.0 218.0 188.4 188.25 188.32 188.15 188.15 1.0 188.47 500.0 218.0 213.0 5.0 0.0 188.248
09:22:00 2.0 51.0 188.4 188.31 188.31 188.26 188.3 100.0 188.47 500.0 51.0 51.0 0.0 0.0 188.261
09:23:00 20.0 1017.0 188.4 188.28 188.33 188.15 188.15 99.0 188.21 5.0 1017.0 105.0 912.0 0.0 188.1831
09:24:00 3.0 4.0 188.4 188.15 188.2 188.15 188.15 3.0 188.2 245.0 4.0 2.0 2.0 0.0 188.175
09:25:00 13.0 450.0 188.4 188.19 188.26 188.19 188.14 2.0 188.33 105.0 450.0 450.0 0.0 0.0 188.2267
09:26:00 1.0 5.0 188.4 188.19 188.19 188.19 188.18 1.0 188.33 105.0 5.0 5.0 0.0 0.0 188.19
09:27:00 7.0 6.0 188.4 188.1 188.18 188.09 188.06 5.0 188.2 100.0 6.0 0.0 6.0 0.0 188.1417
09:28:00 3.0 1.0 188.4 188.2 188.2 188.1 188.1 303.0 188.2 119.0 1.0 1.0 0.0 0.0 188.2
09:29:00 27.0 450.0 188.4 188.14 188.21 188.0 188.04 1.0 188.2 320.0 450.0 0.0 450.0 0.0 188.03
09:30:00 97.0 1890.0 188.4 187.83 188.16 187.34 187.25 263.0 188.09 400.0 1890.0 180.0 1710.0 0.0 187.883
09:31:00 424.0 8233.0 188.4 188.21 188.64 187.53 188.14 30.0 188.27 5.0 8233.0 5625.0 2608.0 0.0 188.2887
09:32:00 294.0 9997.0 188.4 188.49 188.7 188.1 188.47 1.0 188.62 69.0 9997.0 4441.0 5556.0 0.0 188.333
09:33:00 387.0 11519.0 188.4 189.19 189.34 188.56 189.11 138.0 189.22 44.0 11519.0 8007.0 3512.0 0.0 189.1055
09:34:00 525.0 19916.0 188.4 189.39 189.39 189.14 189.33 200.0 189.4 210.0 19916.0 7542.0 12374.0 0.0 189.2777
09:35:00 498.0 23125.0 188.4 190.11 190.12 189.33 190.05 70.0 190.12 2.0 23125.0 18830.0 4295.0 0.0 189.8216
09:36:00 453.0 12262.0 188.4 189.8 190.05 189.43 189.72 25.0 189.86 11.0 12262.0 7339.0 4923.0 0.0 189.7195
09:37:00 444.0 9825.0 188.4 189.84 189.9 189.19 189.82 500.0 189.95 100.0 9825.0 6089.0 3736.0 0.0 189.5879
09:38:00 361.0 17712.0 188.4 190.0 190.34 189.89 189.91 50.0 190.08 69.0 17712.0 12585.0 5127.0 0.0 190.1408
09:39:00 306.0 7765.0 188.4 189.82 190.11 189.82 189.78 55.0 189.86 28.0 7765.0 4706.0 3059.0 0.0 189.9676
09:40:00 600.0 14142.0 188.4 189.65 190.3 189.6 189.56 22.0 189.67 50.0 14142.0 8965.0 5177.0 0.0 190.0271
09:41:00 397.0 12119.0 188.4 189.23 189.7 189.1 189.16 100.0 189.27 50.0 12119.0 6470.0 5649.0 0.0 189.3746
09:42:00 402.0 12492.0 188.4 190.3 190.4 189.26 190.29 431.0 190.38 25.0 12492.0 10380.0 2112.0 0.0 189.9086
09:43:00 349.0 15011.0 188.4 190.61 190.68 190.3 190.54 54.0 190.68 157.0 15011.0 9524.0 5487.0 0.0 190.5154
09:44:00 257.0 8780.0 188.4 190.53 190.8 190.5 190.49 58.0 190.57 2.0 8780.0 3314.0 5466.0 0.0 190.6304
09:45:00 242.0 5967.0 188.4 190.22 190.65 190.15 190.21 100.0 190.28 76.0 5967.0 1562.0 4405.0 0.0 190.4249
09:46:00 312.0 10284.0 188.4 190.78 190.78 190.05 190.72 1.0 190.8 210.0 10284.0 7968.0 2316.0 0.0 190.3714
09:47:00 511.0 24056.0 188.4 191.15 191.21 190.58 191.14 25.0 191.18 100.0 24056.0 19317.0 4739.0 0.0 190.9258
09:48:00 422.0 12827.0 188.4 191.37 191.5 191.08 191.3 1200.0 191.39 41.0 12827.0 6178.0 6649.0 0.0 191.2985
09:49:00 704.0 16678.0 188.4 191.17 191.41 190.99 191.14 1.0 191.21 25.0 16678.0 7780.0 8898.0 0.0 191.1722
09:50:00 407.0 18315.0 188.4 190.96 191.24 190.76 190.9 25.0 190.99 91.0 18315.0 7502.0 10813.0 0.0 191.0573
09:51:00 248.0 4482.0 188.4 190.99 191.06 190.66 190.95 43.0 191.02 20.0 4482.0 2392.0 2090.0 0.0 190.8702
09:52:00 242.0 11534.0 188.4 191.26 191.35 191.0 191.22 245.0 191.3 41.0 11534.0 8254.0 3280.0 0.0 191.1561
09:53:00 255.0 5657.0 188.4 191.11 191.3 190.88 191.0 38.0 191.11 100.0 5657.0 1559.0 4098.0 0.0 191.0888
09:54:00 206.0 6835.0 188.4 191.27 191.34 191.11 191.2 76.0 191.26 100.0 6835.0 3430.0 3405.0 0.0 191.2453
09:55:00 247.0 5650.0 188.4 191.22 191.33 191.08 191.16 25.0 191.22 8.0 5650.0 4072.0 1578.0 0.0 191.252
09:56:00 536.0 15848.0 188.4 191.6 191.69 191.19 191.55 25.0 191.63 25.0 15848.0 12398.0 3450.0 0.0 191.4225
09:57:00 220.0 5586.0 188.4 190.96 191.63 190.96 190.91 57.0 190.99 6.0 5586.0 1235.0 4351.0 0.0 191.3454
09:58:00 182.0 3770.0 188.4 190.75 191.13 190.62 190.68 2.0 190.74 64.0 3770.0 1832.0 1938.0 0.0 190.8662
09:59:00 246.0 9356.0 188.4 190.57 190.7 190.52 190.52 50.0 190.57 12.0 9356.0 1730.0 7626.0 0.0 190.6086
10:00:00 274.0 9304.0 188.4 190.64 190.76 190.45 190.57 32.0 190.71 19.0 9304.0 5522.0 3782.0 0.0 190.5732
10:01:00 207.0 4536.0 188.4 190.67 190.77 190.46 190.64 36.0 190.69 50.0 4536.0 2359.0 2177.0 0.0 190.5813
10:02:00 244.0 7200.0 188.4 191.03 191.03 190.69 190.96 25.0 191.06 44.0 7200.0 5591.0 1609.0 0.0 190.8752
10:03:00 134.0 2717.0 188.4 190.69 191.06 190.68 190.65 4.0 190.72 19.0 2717.0 1662.0 1055.0 0.0 190.8033
10:04:00 152.0 4093.0 188.4 190.51 190.71 190.48 190.47 66.0 190.53 218.0 4093.0 2365.0 1728.0 0.0 190.6001
10:05:00 248.0 4957.0 188.4 190.45 190.6 190.38 190.45 7.0 190.51 124.0 4957.0 2810.0 2147.0 0.0 190.4939
10:06:00 286.0 7444.0 188.4 190.47 190.52 190.16 190.46 2.0 190.5 1.0 7444.0 3729.0 3715.0 0.0 190.3492
10:07:00 157.0 3038.0 188.4 190.28 190.5 190.25 190.23 1.0 190.29 19.0 3038.0 1578.0 1460.0 0.0 190.3558
10:08:00 217.0 6001.0 188.4 190.38 190.39 190.16 190.38 4.0 190.39 300.0 6001.0 1850.0 4151.0 0.0 190.2871
10:09:00 283.0 7176.0 188.4 190.33 190.43 190.2 190.31 107.0 190.36 161.0 7176.0 1641.0 5535.0 0.0 190.2882
10:10:00 111.0 3242.0 188.4 190.38 190.47 190.31 190.37 102.0 190.42 100.0 3242.0 2392.0 850.0 0.0 190.4037
10:11:00 224.0 10014.0 188.4 190.32 190.41 190.19 190.3 100.0 190.32 4.0 10014.0 2348.0 7666.0 0.0 190.2596
10:12:00 150.0 4352.0 188.4 190.58 190.58 190.22 190.55 125.0 190.59 57.0 4352.0 3655.0 697.0 0.0 190.4599
10:13:00 257.0 7551.0 188.4 190.06 190.55 189.98 190.01 5.0 190.06 21.0 7551.0 2067.0 5484.0 0.0 190.1611
10:14:00 252.0 7257.0 188.4 190.16 190.16 189.95 190.1 44.0 190.15 11.0 7257.0 4650.0 2607.0 0.0 190.0296
10:15:00 204.0 2923.0 188.4 190.09 190.24 190.03 190.02 103.0 190.06 21.0 2923.0 1691.0 1232.0 0.0 190.1123
10:16:00 222.0 4032.0 188.4 190.1 190.17 190.0 190.09 44.0 190.17 200.0 4032.0 2013.0 2019.0 0.0 190.0713
10:17:00 207.0 3090.0 188.4 190.01 190.11 189.96 189.95 365.0 190.0 1.0 3090.0 1361.0 1729.0 0.0 190.0213
10:18:00 301.0 6894.0 188.4 189.78 190.08 189.74 189.76 154.0 189.82 25.0 6894.0 2677.0 4217.0 0.0 189.8561
10:19:00 267.0 5460.0 188.4 189.81 189.88 189.75 189.8 108.0 189.84 5.0 5460.0 2376.0 3084.0 0.0 189.8044
10:20:00 308.0 9048.0 188.4 190.19 190.32 189.69 190.16 1.0 190.21 65.0 9048.0 7045.0 2003.0 0.0 189.9554
10:21:00 148.0 7266.0 188.4 190.27 190.35 190.15 190.24 30.0 190.27 56.0 7266.0 5361.0 1905.0 0.0 190.2789
10:22:00 256.0 9926.0 188.4 190.37 190.41 190.14 190.33 252.0 190.38 21.0 9926.0 4248.0 5678.0 0.0 190.2352
10:23:00 175.0 7878.0 188.4 190.97 190.97 190.39 190.91 258.0 190.97 109.0 7878.0 5783.0 2095.0 0.0 190.7072
10:24:00 199.0 5675.0 188.4 190.66 190.95 190.64 190.63 33.0 190.67 10.0 5675.0 1772.0 3903.0 0.0 190.7983
10:25:00 138.0 2838.0 188.4 190.55 190.77 190.55 190.51 1.0 190.56 266.0 2838.0 827.0 2011.0 0.0 190.6539
10:26:00 148.0 2651.0 188.4 190.27 190.54 190.27 190.27 3.0 190.31 23.0 2651.0 1574.0 1077.0 0.0 190.3888
10:27:00 250.0 3902.0 188.4 190.34 190.48 190.175 190.31 5.0 190.35 32.0 3902.0 2279.0 1623.0 0.0 190.3545
10:28:00 135.0 1649.0 188.4 190.32 190.43 190.3 190.3 2.0 190.35 54.0 1649.0 1115.0 534.0 0.0 190.3567
10:29:00 151.0 5707.0 188.4 189.96 190.3 189.96 189.92 123.0 189.99 186.0 5707.0 744.0 4963.0 0.0 190.0627
10:30:00 197.0 4247.0 188.4 189.73 189.94 189.66 189.72 100.0 189.76 42.0 4247.0 1747.0 2500.0 0.0 189.8031
10:31:00 372.0 7748.0 188.4 189.82 189.83 189.6 189.77 43.0 189.84 50.0 7748.0 3915.0 3833.0 0.0 189.7165
10:32:00 202.0 8440.0 188.4 189.7 189.89 189.6 189.68 2.0 189.74 196.0 8440.0 2360.0 6080.0 0.0 189.7089
10:33:00 237.0 6780.0 188.4 189.64 189.7 189.45 189.63 248.0 189.69 143.0 6780.0 3009.0 3771.0 0.0 189.5835
10:34:00 267.0 9021.0 188.4 189.79 189.86 189.5 189.78 501.0 189.84 23.0 9021.0 4726.0 4295.0 0.0 189.7148
10:35:00 236.0 8664.0 188.4 189.795 189.83 189.72 189.78 116.0 189.8 100.0 8664.0 6510.0 2154.0 0.0 189.7912
10:36:00 357.0 11177.0 188.4 190.07 190.09 189.8 190.04 144.0 190.09 100.0 11177.0 8222.0 2955.0 0.0 189.8621
10:37:00 97.0 2918.0 188.4 190.03 190.1 189.99 190.01 21.0 190.06 43.0 2918.0 1100.0 1818.0 0.0 190.0543
10:38:00 201.0 4056.0 188.4 189.87 190.03 189.79 189.82 202.0 189.88 32.0 4056.0 1031.0 3025.0 0.0 189.887
10:39:00 65.0 2120.0 188.4 189.73 189.89 189.7 189.68 35.0 189.73 1.0 2120.0 478.0 1642.0 0.0 189.7477
10:40:00 92.0 1859.0 188.4 189.58 189.73 189.58 189.57 103.0 189.61 10.0 1859.0 564.0 1295.0 0.0 189.6491
10:41:00 124.0 3552.0 188.4 189.72 189.72 189.49 189.68 49.0 189.75 209.0 3552.0 1631.0 1921.0 0.0 189.5657
10:42:00 126.0 3376.0 188.4 189.76 189.8 189.64 189.71 175.0 189.77 31.0 3376.0 1095.0 2281.0 0.0 189.7336
10:43:00 151.0 5081.0 188.4 189.71 189.91 189.71 189.7 8.0 189.74 22.0 5081.0 2638.0 2443.0 0.0 189.8214
10:44:00 76.0 1341.0 188.4 189.8 189.83 189.75 189.78 244.0 189.81 11.0 1341.0 794.0 547.0 0.0 189.798
10:45:00 114.0 2434.0 188.4 189.89 189.92 189.78 189.88 106.0 189.92 135.0 2434.0 1435.0 999.0 0.0 189.8506
10:46:00 73.0 2107.0 188.4 189.85 189.88 189.71 189.85 20.0 189.88 20.0 2107.0 653.0 1454.0 0.0 189.7743
10:47:00 130.0 4161.0 188.4 189.8 189.91 189.8 189.82 11.0 189.86 150.0 4161.0 2595.0 1566.0 0.0 189.8874
10:48:00 61.0 1264.0 188.4 189.84 189.9 189.84 189.82 159.0 189.87 700.0 1264.0 620.0 644.0 0.0 189.8734
10:49:00 79.0 2801.0 188.4 189.77 189.88 189.7 189.73 162.0 189.79 100.0 2801.0 1049.0 1752.0 0.0 189.7663
10:50:00 77.0 1668.0 188.4 189.7 189.84 189.69 189.7 71.0 189.74 219.0 1668.0 917.0 751.0 0.0 189.7571
10:51:00 156.0 5241.0 188.4 189.83 189.91 189.6 189.81 5.0 189.86 43.0 5241.0 3649.0 1592.0 0.0 189.7911
10:52:00 68.0 2013.0 188.4 189.78 189.86 189.7 189.78 5.0 189.81 30.0 2013.0 1619.0 394.0 0.0 189.798
10:53:00 96.0 1318.0 188.4 189.82 189.89 189.75 189.8 185.0 189.86 226.0 1318.0 721.0 597.0 0.0 189.8185
10:54:00 136.0 4067.0 188.4 189.58 189.91 189.56 189.56 352.0 189.61 150.0 4067.0 1450.0 2617.0 0.0 189.7738
10:55:00 168.0 3437.0 188.4 189.56 189.6 189.43 189.51 226.0 189.59 55.0 3437.0 1488.0 1949.0 0.0 189.5197
10:56:00 232.0 4581.0 188.4 189.42 189.61 189.37 189.37 329.0 189.42 5.0 4581.0 1902.0 2679.0 0.0 189.4662
10:57:00 122.0 5085.0 188.4 189.43 189.5 189.38 189.44 50.0 189.49 294.0 5085.0 3206.0 1879.0 0.0 189.4639
10:58:00 188.0 5686.0 188.4 189.5 189.58 189.47 189.5 6.0 189.55 43.0 5686.0 4386.0 1300.0 0.0 189.513
10:59:00 146.0 3339.0 188.4 189.67 189.73 189.53 189.66 100.0 189.7 50.0 3339.0 1997.0 1342.0 0.0 189.6174
11:00:00 105.0 2387.0 188.4 189.78 189.78 189.63 189.72 45.0 189.79 82.0 2387.0 1780.0 607.0 0.0 189.7089
11:01:00 123.0 2751.0 188.4 189.77 189.86 189.71 189.75 2.0 189.79 43.0 2751.0 2142.0 609.0 0.0 189.7946
11:02:00 58.0 1235.0 188.4 189.66 189.8 189.61 189.63 302.0 189.69 126.0 1235.0 398.0 837.0 0.0 189.6919
11:03:00 75.0 1194.0 188.4 189.625 189.7 189.57 189.61 43.0 189.66 20.0 1194.0 216.0 978.0 0.0 189.6258
11:04:00 90.0 1597.0 188.4 189.7 189.71 189.59 189.69 300.0 189.71 36.0 1597.0 765.0 832.0 0.0 189.6617
11:05:00 92.0 2723.0 188.4 189.54 189.63 189.5 189.51 331.0 189.56 152.0 2723.0 1077.0 1646.0 0.0 189.5556
11:06:00 133.0 3136.0 188.4 189.42 189.51 189.34 189.38 43.0 189.43 87.0 3136.0 1843.0 1293.0 0.0 189.4074
11:07:00 91.0 2377.0 188.4 189.49 189.49 189.35 189.46 43.0 189.5 51.0 2377.0 1828.0 549.0 0.0 189.4005
11:08:00 197.0 6732.0 188.4 189.63 189.69 189.41 189.61 317.0 189.66 146.0 6732.0 4122.0 2610.0 0.0 189.612
11:09:00 103.0 2607.0 188.4 189.33 189.62 189.33 189.31 114.0 189.36 11.0 2607.0 495.0 2112.0 0.0 189.4554
11:10:00 258.0 8009.0 188.4 189.07 189.36 189.02 189.06 143.0 189.12 100.0 8009.0 3288.0 4721.0 0.0 189.1572
11:11:00 225.0 13066.0 188.4 188.88 189.13 188.83 188.85 218.0 188.93 28.0 13066.0 2017.0 11049.0 0.0 188.9831
11:12:00 159.0 3834.0 188.4 188.94 189.01 188.85 188.94 109.0 189.0 41.0 3834.0 1963.0 1871.0 0.0 188.9353
11:13:00 202.0 6095.0 188.4 188.73 188.96 188.73 188.71 2.0 188.75 43.0 6095.0 2957.0 3138.0 0.0 188.8616
11:14:00 304.0 17835.0 188.4 188.63 188.75 188.5 188.61 209.0 188.67 319.0 17835.0 14358.0 3477.0 0.0 188.6056
11:15:00 95.0 1722.0 188.4 188.58 188.63 188.52 188.53 144.0 188.58 159.0 1722.0 914.0 808.0 0.0 188.5777
11:16:00 320.0 10968.0 188.4 188.55 188.59 188.4 188.51 43.0 188.58 20.0 10968.0 5767.0 5201.0 0.0 188.4855
11:17:00 195.0 5832.0 188.4 188.57 188.72 188.57 188.54 2.0 188.59 100.0 5832.0 2303.0 3529.0 0.0 188.6435
11:18:00 98.0 3102.0 188.4 188.64 188.68 188.52 188.6 23.0 188.64 2.0 3102.0 1976.0 1126.0 0.0 188.596
11:19:00 55.0 2032.0 188.4 188.55 188.63 188.51 188.52 22.0 188.58 530.0 2032.0 1308.0 724.0 0.0 188.5796
11:20:00 259.0 6955.0 188.4 188.26 188.51 188.26 188.3 23.0 188.34 67.0 6955.0 2126.0 4829.0 0.0 188.3611
11:21:00 210.0 6083.0 188.4 188.12 188.35 188.02 188.09 351.0 188.15 43.0 6083.0 2365.0 3718.0 0.0 188.1189
11:22:00 311.0 11479.0 188.4 187.92 188.16 187.89 187.89 11.0 187.93 337.0 11479.0 2865.0 8614.0 0.0 187.9967
11:23:00 101.0 3033.0 188.4 188.02 188.09 187.92 188.02 100.0 188.04 103.0 3033.0 1796.0 1237.0 0.0 188.007
11:24:00 318.0 11043.0 188.4 187.68 188.04 187.68 187.68 134.0 187.75 193.0 11043.0 3328.0 7715.0 0.0 187.8658
11:25:00 164.0 5807.0 188.4 187.62 187.78 187.62 187.61 1004.0 187.67 43.0 5807.0 4491.0 1316.0 0.0 187.6742
11:26:00 129.0 6197.0 188.4 187.54 187.69 187.54 187.53 188.0 187.57 43.0 6197.0 2886.0 3311.0 0.0 187.6181
11:27:00 189.0 7710.0 188.4 187.22 187.58 187.21 187.21 402.0 187.24 81.0 7710.0 2850.0 4860.0 0.0 187.3701
11:28:00 396.0 15574.0 188.4 187.02 187.27 186.93 186.99 43.0 187.06 254.0 15574.0 7277.0 8297.0 0.0 187.0692
11:29:00 300.0 12554.0 188.4 187.1 187.15 186.95 187.09 43.0 187.13 338.0 12554.0 6555.0 5999.0 0.0 187.0197
11:30:00 323.0 20013.0 188.4 187.48 187.49 187.1 187.44 281.0 187.48 43.0 20013.0 17503.0 2510.0 0.0 187.3085
11:31:00 296.0 9345.0 188.4 187.84 187.87 187.38 187.8 144.0 187.84 200.0 9345.0 6664.0 2681.0 0.0 187.692
11:32:00 264.0 6420.0 188.4 187.7 187.82 187.6 187.66 1.0 187.7 300.0 6420.0 4033.0 2387.0 0.0 187.7038
11:33:00 189.0 3709.0 188.4 187.63 187.76 187.6 187.61 200.0 187.64 20.0 3709.0 1174.0 2535.0 0.0 187.6661
11:34:00 175.0 5093.0 188.4 187.69 187.85 187.64 187.68 150.0 187.73 231.0 5093.0 2035.0 3058.0 0.0 187.7639
11:35:00 276.0 6911.0 188.4 187.64 187.76 187.43 187.64 5.0 187.72 43.0 6911.0 3685.0 3226.0 0.0 187.5577
11:36:00 85.0 1571.0 188.4 187.71 187.75 187.58 187.67 43.0 187.74 17.0 1571.0 991.0 580.0 0.0 187.6748
11:37:00 129.0 4141.0 188.4 187.91 187.91 187.55 187.88 207.0 187.94 384.0 4141.0 3068.0 1073.0 0.0 187.6903
11:38:00 137.0 3419.0 188.4 187.81 187.91 187.73 187.81 38.0 187.85 120.0 3419.0 1689.0 1730.0 0.0 187.8266
11:39:00 56.0 1404.0 188.4 187.75 187.8 187.66 187.73 202.0 187.79 29.0 1404.0 819.0 585.0 0.0 187.7334
11:40:00 78.0 2071.0 188.4 187.88 187.88 187.73 187.84 31.0 187.88 112.0 2071.0 1303.0 768.0 0.0 187.831
11:41:00 128.0 3948.0 188.4 187.98 188.08 187.79 187.95 30.0 187.99 17.0 3948.0 2449.0 1499.0 0.0 187.9468
11:42:00 217.0 4899.0 188.4 188.01 188.18 187.94 188.0 10.0 188.04 50.0 4899.0 2951.0 1948.0 0.0 188.0429
11:43:00 163.0 5090.0 188.4 188.0 188.05 187.95 187.98 1.0 188.02 167.0 5090.0 2287.0 2803.0 0.0 188.0117
11:44:00 274.0 10140.0 188.4 188.5 188.5 188.02 188.45 97.0 188.49 7.0 10140.0 8393.0 1747.0 0.0 188.2969
11:45:00 246.0 6783.0 188.4 188.67 188.71 188.39 188.67 222.0 188.7 2.0 6783.0 4428.0 2355.0 0.0 188.6013
11:46:00 160.0 5350.0 188.4 188.62 188.74 188.53 188.61 5.0 188.65 51.0 5350.0 2175.0 3175.0 0.0 188.6178
11:47:00 84.0 2744.0 188.4 188.4 188.61 188.33 188.38 11.0 188.42 33.0 2744.0 927.0 1817.0 0.0 188.5063
11:48:00 73.0 1692.0 188.4 188.29 188.38 188.24 188.28 150.0 188.31 52.0 1692.0 683.0 1009.0 0.0 188.2918
11:49:00 191.0 3469.0 188.4 188.26 188.41 188.21 188.27 100.0 188.33 248.0 3469.0 1019.0 2450.0 0.0 188.3043
11:50:00 83.0 3432.0 188.4 188.16 188.29 188.11 188.16 194.0 188.2 100.0 3432.0 912.0 2520.0 0.0 188.1988
11:51:00 124.0 3692.0 188.4 188.36 188.4 188.14 188.34 22.0 188.39 43.0 3692.0 3062.0 630.0 0.0 188.2617
11:52:00 91.0 3228.0 188.4 188.26 188.35 188.14 188.25 216.0 188.28 45.0 3228.0 817.0 2411.0 0.0 188.272
11:53:00 91.0 1832.0 188.4 188.45 188.48 188.24 188.4 286.0 188.45 200.0 1832.0 1195.0 637.0 0.0 188.3866
11:54:00 69.0 1624.0 188.4 188.42 188.5 188.39 188.4 24.0 188.43 1.0 1624.0 831.0 793.0 0.0 188.4478
11:55:00 88.0 1879.0 188.4 188.09 188.4 188.06 188.07 31.0 188.11 93.0 1879.0 321.0 1558.0 0.0 188.2217
11:56:00 100.0 4330.0 188.4 187.94 188.14 187.9 187.93 93.0 187.99 165.0 4330.0 906.0 3424.0 0.0 188.0257
11:57:00 387.0 12988.0 188.4 187.74 188.04 187.61 187.72 202.0 187.79 121.0 12988.0 3595.0 9393.0 0.0 187.7638
11:58:00 181.0 5882.0 188.4 187.66 187.79 187.52 187.66 43.0 187.72 350.0 5882.0 2051.0 3831.0 0.0 187.6532
11:59:00 388.0 10494.0 188.4 187.94 188.08 187.55 187.95 77.0 188.03 115.0 10494.0 7692.0 2802.0 0.0 187.8838
12:00:00 171.0 5040.0 188.4 188.01 188.25 187.98 187.99 144.0 188.06 29.0 5040.0 2558.0 2482.0 0.0 188.1097
12:01:00 112.0 2576.0 188.4 187.92 188.0 187.87 187.91 18.0 187.94 43.0 2576.0 1717.0 859.0 0.0 187.9768
12:02:00 39.0 891.0 188.4 187.84 187.94 187.81 187.82 53.0 187.88 145.0 891.0 568.0 323.0 0.0 187.8707
12:03:00 104.0 3036.0 188.4 187.83 188.0 187.83 187.82 122.0 187.88 136.0 3036.0 2378.0 658.0 0.0 187.9503
12:04:00 95.0 1904.0 188.4 187.985 188.01 187.8 187.96 236.0 188.0 100.0 1904.0 1237.0 667.0 0.0 187.9471
12:05:00 91.0 2434.0 188.4 187.96 188.01 187.92 187.95 12.0 188.0 100.0 2434.0 1381.0 1053.0 0.0 187.9759
12:06:00 247.0 6194.0 188.4 187.94 188.03 187.92 187.91 35.0 187.96 200.0 6194.0 4169.0 2025.0 0.0 187.9835
12:07:00 91.0 1665.0 188.4 187.95 188.03 187.91 187.94 38.0 187.98 173.0 1665.0 939.0 726.0 0.0 187.9883
12:08:00 82.0 1592.0 188.4 187.98 188.0 187.9 187.98 68.0 188.0 100.0 1592.0 823.0 769.0 0.0 187.96
12:09:00 96.0 2444.0 188.4 188.0 188.0 187.9 187.96 205.0 188.0 131.0 2444.0 1947.0 497.0 0.0 187.9915
12:10:00 147.0 3678.0 188.4 188.05 188.115 188.0 188.03 113.0 188.07 62.0 3678.0 2298.0 1380.0 0.0 188.053
12:11:00 118.0 4137.0 188.4 187.9 188.1 187.89 187.88 161.0 187.91 100.0 4137.0 987.0 3150.0 0.0 187.9811
12:12:00 92.0 1661.0 188.4 188.05 188.07 187.85 188.0 110.0 188.03 2.0 1661.0 1051.0 610.0 0.0 187.9526
12:13:00 105.0 5527.0 188.4 188.05 188.12 188.02 188.03 14.0 188.07 27.0 5527.0 2148.0 3379.0 0.0 188.0731
12:14:00 45.0 789.0 188.4 187.98 188.08 187.98 187.97 111.0 188.01 52.0 789.0 423.0 366.0 0.0 188.0282
12:15:00 53.0 1589.0 188.4 188.08 188.11 187.99 188.07 248.0 188.13 450.0 1589.0 764.0 825.0 0.0 188.0506
12:16:00 180.0 6515.0 188.4 187.84 188.14 187.79 187.81 150.0 187.86 174.0 6515.0 1831.0 4684.0 0.0 187.9623
12:17:00 52.0 1043.0 188.4 187.88 187.91 187.8 187.85 206.0 187.9 43.0 1043.0 338.0 705.0 0.0 187.8442
12:18:00 90.0 2122.0 188.4 187.98 188.035 187.82 187.98 3.0 188.01 65.0 2122.0 1116.0 1006.0 0.0 187.895
12:19:00 107.0 3540.0 188.4 188.19 188.23 188.01 188.19 3.0 188.22 290.0 3540.0 1720.0 1820.0 0.0 188.1687
12:20:00 116.0 3580.0 188.4 188.31 188.37 188.19 188.3 22.0 188.35 193.0 3580.0 2915.0 665.0 0.0 188.2714
12:21:00 63.0 2725.0 188.4 188.31 188.45 188.31 188.31 35.0 188.35 30.0 2725.0 2090.0 635.0 0.0 188.409
12:22:00 234.0 6487.0 188.4 188.57 188.69 188.29 188.55 156.0 188.57 26.0 6487.0 3927.0 2560.0 0.0 188.5659
12:23:00 150.0 4095.0 188.4 188.58 188.73 188.51 188.57 1.0 188.61 63.0 4095.0 2432.0 1663.0 0.0 188.6415
12:24:00 49.0 839.0 188.4 188.42 188.6 188.42 188.4 42.0 188.44 268.0 839.0 320.0 519.0 0.0 188.5233
12:25:00 161.0 4743.0 188.4 188.37 188.41 188.33 188.35 69.0 188.38 135.0 4743.0 3839.0 904.0 0.0 188.3673
12:26:00 103.0 2817.0 188.4 188.48 188.64 188.38 188.41 100.0 188.48 122.0 2817.0 1913.0 904.0 0.0 188.5669
12:27:00 87.0 2491.0 188.4 188.34 188.49 188.28 188.31 44.0 188.37 300.0 2491.0 575.0 1916.0 0.0 188.3261
12:28:00 59.0 1275.0 188.4 188.47 188.49 188.31 188.45 246.0 188.5 1.0 1275.0 561.0 714.0 0.0 188.3747
12:29:00 42.0 1489.0 188.4 188.6 188.64 188.5 188.55 126.0 188.62 9.0 1489.0 762.0 727.0 0.0 188.5995
12:30:00 64.0 1316.0 188.4 188.46 188.56 188.37 188.46 59.0 188.5 57.0 1316.0 543.0 773.0 0.0 188.4543
12:31:00 45.0 854.0 188.4 188.37 188.5 188.33 188.36 198.0 188.41 50.0 854.0 247.0 607.0 0.0 188.3949
12:32:00 72.0 2743.0 188.4 188.36 188.38 188.24 188.35 22.0 188.4 98.0 2743.0 1695.0 1048.0 0.0 188.3226
12:33:00 37.0 884.0 188.4 188.27 188.42 188.27 188.26 27.0 188.31 22.0 884.0 203.0 681.0 0.0 188.3709
12:34:00 50.0 1085.0 188.4 188.35 188.44 188.2 188.35 26.0 188.4 100.0 1085.0 623.0 462.0 0.0 188.2957
12:35:00 66.0 1955.0 188.4 188.23 188.37 188.15 188.23 43.0 188.29 150.0 1955.0 781.0 1174.0 0.0 188.2652
12:36:00 66.0 1769.0 188.4 188.11 188.23 188.05 188.08 153.0 188.15 103.0 1769.0 359.0 1410.0 0.0 188.1145
12:37:00 75.0 2446.0 188.4 188.06 188.15 188.03 188.03 20.0 188.06 7.0 2446.0 717.0 1729.0 0.0 188.0545
12:38:00 86.0 2073.0 188.4 187.99 188.03 187.93 187.95 23.0 188.0 224.0 2073.0 376.0 1697.0 0.0 187.9976
12:39:00 93.0 2944.0 188.4 187.8 188.0 187.77 187.78 20.0 187.83 43.0 2944.0 460.0 2484.0 0.0 187.8851
12:40:00 121.0 2521.0 188.4 187.85 187.87 187.66 187.82 119.0 187.9 285.0 2521.0 696.0 1825.0 0.0 187.7507
12:41:00 41.0 962.0 188.4 187.86 187.96 187.79 187.84 43.0 187.9 220.0 962.0 431.0 531.0 0.0 187.8904
12:42:00 43.0 1510.0 188.4 187.87 187.9 187.75 187.84 43.0 187.9 54.0 1510.0 212.0 1298.0 0.0 187.7828
12:43:00 82.0 3626.0 188.4 187.75 187.97 187.75 187.76 1.0 187.81 221.0 3626.0 384.0 3242.0 0.0 187.8102
12:44:00 80.0 1523.0 188.4 187.85 187.85 187.68 187.81 18.0 187.87 184.0 1523.0 870.0 653.0 0.0 187.7599
12:45:00 50.0 1163.0 188.4 187.92 187.92 187.75 187.9 255.0 187.96 216.0 1163.0 835.0 328.0 0.0 187.8308
12:46:00 57.0 1507.0 188.4 187.9 187.96 187.82 187.86 45.0 187.94 47.0 1507.0 379.0 1128.0 0.0 187.8973
12:47:00 84.0 2431.0 188.4 188.08 188.1 187.9 188.05 5.0 188.1 198.0 2431.0 1286.0 1145.0 0.0 187.9778
12:48:00 87.0 3165.0 188.4 188.12 188.14 188.09 188.11 32.0 188.14 12.0 3165.0 627.0 2538.0 0.0 188.1072
12:49:00 85.0 1783.0 188.4 188.03 188.17 188.03 188.02 52.0 188.07 32.0 1783.0 536.0 1247.0 0.0 188.1044
12:50:00 38.0 1012.0 188.4 188.15 188.18 188.08 188.12 43.0 188.17 96.0 1012.0 540.0 472.0 0.0 188.1278
12:51:00 43.0 1044.0 188.4 188.15 188.23 188.08 188.15 1.0 188.2 243.0 1044.0 637.0 407.0 0.0 188.1619
12:52:00 76.0 1257.0 188.4 188.3 188.4 188.19 188.27 42.0 188.32 143.0 1257.0 732.0 525.0 0.0 188.3003
12:53:00 53.0 1036.0 188.4 188.09 188.29 188.09 188.07 243.0 188.15 43.0 1036.0 183.0 853.0 0.0 188.2157
12:54:00 87.0 3452.0 188.4 188.09 188.1 187.95 188.09 41.0 188.13 26.0 3452.0 494.0 2958.0 0.0 188.0262
12:55:00 31.0 760.0 188.4 188.16 188.2 188.08 188.16 2.0 188.19 200.0 760.0 77.0 683.0 0.0 188.1739
12:56:00 148.0 4076.0 188.4 187.99 188.17 187.91 187.97 236.0 188.02 200.0 4076.0 1653.0 2423.0 0.0 187.9923
12:57:00 61.0 2004.0 188.4 188.06 188.11 187.99 188.04 44.0 188.09 367.0 2004.0 911.0 1093.0 0.0 188.0627
12:58:00 68.0 1709.0 188.4 188.08 188.12 188.0 188.05 146.0 188.09 1.0 1709.0 1007.0 702.0 0.0 188.0626
12:59:00 83.0 1338.0 188.4 188.2 188.22 188.1 188.18 25.0 188.23 93.0 1338.0 853.0 485.0 0.0 188.1493
13:00:00 70.0 1567.0 188.4 188.2 188.22 188.13 188.2 7.0 188.23 2.0 1567.0 222.0 1345.0 0.0 188.1802
13:01:00 48.0 1841.0 188.4 188.19 188.23 188.14 188.18 230.0 188.22 42.0 1841.0 1408.0 433.0 0.0 188.199
13:02:00 58.0 1357.0 188.4 188.03 188.19 188.03 188.03 1.0 188.08 91.0 1357.0 316.0 1041.0 0.0 188.1168
13:03:00 56.0 1171.0 188.4 188.11 188.13 187.97 188.1 243.0 188.17 43.0 1171.0 389.0 782.0 0.0 188.0435
13:04:00 46.0 1510.0 188.4 188.23 188.25 188.14 188.2 246.0 188.26 26.0 1510.0 1030.0 480.0 0.0 188.1721
13:05:00 39.0 1732.0 188.4 188.22 188.27 188.21 188.21 44.0 188.25 43.0 1732.0 127.0 1605.0 0.0 188.2345
13:06:00 58.0 2330.0 188.4 188.0 188.22 187.99 187.98 10.0 188.01 49.0 2330.0 372.0 1958.0 0.0 188.0669
13:07:00 101.0 2588.0 188.4 188.08 188.11 187.9 188.08 352.0 188.12 1.0 2588.0 1715.0 873.0 0.0 188.0333
13:08:00 32.0 811.0 188.4 188.16 188.17 188.1 188.13 22.0 188.16 43.0 811.0 411.0 400.0 0.0 188.1405
13:09:00 54.0 1115.0 188.4 188.05 188.13 187.99 188.02 43.0 188.07 8.0 1115.0 176.0 939.0 0.0 188.0621
13:10:00 55.0 2146.0 188.4 187.99 188.04 187.99 187.98 331.0 188.03 25.0 2146.0 368.0 1778.0 0.0 188.0021
13:11:00 72.0 2287.0 188.4 187.96 188.04 187.92 187.94 3.0 187.98 43.0 2287.0 563.0 1724.0 0.0 187.9771
13:12:00 112.0 2344.0 188.4 187.76 187.93 187.76 187.76 49.0 187.82 202.0 2344.0 947.0 1397.0 0.0 187.8339
13:13:00 157.0 5232.0 188.4 187.69 187.8 187.66 187.65 292.0 187.69 40.0 5232.0 906.0 4326.0 0.0 187.7236
13:14:00 185.0 5589.0 188.4 187.52 187.7 187.51 187.51 906.0 187.56 251.0 5589.0 1806.0 3783.0 0.0 187.595
13:15:00 263.0 11517.0 188.4 187.47 187.61 187.4 187.45 204.0 187.49 301.0 11517.0 3726.0 7791.0 0.0 187.4942
13:16:00 149.0 3344.0 188.4 187.73 187.73 187.41 187.69 160.0 187.73 100.0 3344.0 2064.0 1280.0 0.0 187.5184
13:17:00 69.0 1476.0 188.4 188.01 188.02 187.68 187.98 133.0 188.02 31.0 1476.0 1442.0 34.0 0.0 187.8618
13:18:00 201.0 6071.0 188.4 188.24 188.3 188.0 188.23 2.0 188.26 43.0 6071.0 4361.0 1710.0 0.0 188.2212
13:19:00 181.0 7918.0 188.4 188.57 188.7 188.26 188.57 193.0 188.64 37.0 7918.0 6421.0 1497.0 0.0 188.4387
13:20:00 120.0 3964.0 188.4 188.65 188.74 188.55 188.6 204.0 188.66 101.0 3964.0 1305.0 2659.0 0.0 188.6324
13:21:00 54.0 1927.0 188.4 188.55 188.69 188.55 188.53 27.0 188.57 200.0 1927.0 686.0 1241.0 0.0 188.6181
13:22:00 380.0 5753.0 188.4 188.25 188.55 188.25 188.17 202.0 188.24 111.0 5753.0 1290.0 4463.0 0.0 188.4141
13:23:00 73.0 2020.0 188.4 188.23 188.28 188.16 188.2 43.0 188.26 100.0 2020.0 947.0 1073.0 0.0 188.2413
13:24:00 329.0 9219.0 188.4 188.0 188.19 187.86 187.98 101.0 188.03 30.0 9219.0 1618.0 7601.0 0.0 187.9226
13:25:00 65.0 1189.0 188.4 187.94 187.99 187.9 187.93 5.0 187.96 43.0 1189.0 554.0 635.0 0.0 187.9442
13:26:00 71.0 1872.0 188.4 188.17 188.2 187.94 188.13 271.0 188.18 2.0 1872.0 1120.0 752.0 0.0 188.0806
13:27:00 54.0 1485.0 188.4 188.15 188.19 188.1 188.15 150.0 188.2 25.0 1485.0 664.0 821.0 0.0 188.1419
13:28:00 28.0 732.0 188.4 188.14 188.22 188.11 188.12 43.0 188.18 47.0 732.0 464.0 268.0 0.0 188.1406
13:29:00 37.0 866.0 188.4 188.07 188.22 188.07 188.08 58.0 188.13 125.0 866.0 206.0 660.0 0.0 188.1346
13:30:00 58.0 1859.0 188.4 188.12 188.15 188.0 188.11 1.0 188.15 47.0 1859.0 936.0 923.0 0.0 188.0417
13:31:00 82.0 1333.0 188.4 188.16 188.22 188.09 188.15 10.0 188.18 66.0 1333.0 590.0 743.0 0.0 188.1602
13:32:00 126.0 2885.0 188.4 188.24 188.29 188.1 188.23 200.0 188.25 12.0 2885.0 1250.0 1635.0 0.0 188.2028
13:33:00 77.0 1898.0 188.4 188.21 188.27 188.18 188.2 1.0 188.23 3.0 1898.0 902.0 996.0 0.0 188.226
13:34:00 195.0 3509.0 188.4 188.14 188.32 188.14 188.12 24.0 188.15 800.0 3509.0 1817.0 1692.0 0.0 188.2205
13:35:00 105.0 3531.0 188.4 188.2 188.2 188.1 188.18 43.0 188.22 400.0 3531.0 2698.0 833.0 0.0 188.1525
13:36:00 110.0 2656.0 188.4 188.19 188.26 188.14 188.16 43.0 188.2 100.0 2656.0 992.0 1664.0 0.0 188.1898
13:37:00 73.0 10670.0 188.4 188.4 188.4 188.2 188.37 502.0 188.4 4199.0 10670.0 10308.0 362.0 0.0 188.3448
13:38:00 145.0 15046.0 188.4 188.43 188.47 188.37 188.41 158.0 188.45 196.0 15046.0 11952.0 3094.0 0.0 188.4035
13:39:00 233.0 15293.0 188.4 188.33 188.41 188.31 188.31 1695.0 188.34 89.0 15293.0 2219.0 13074.0 0.0 188.3223
13:40:00 107.0 6051.0 188.4 188.38 188.41 188.19 188.37 300.0 188.41 46.0 6051.0 2836.0 3215.0 0.0 188.3052
13:41:00 47.0 1243.0 188.4 188.38 188.405 188.3 188.38 220.0 188.43 78.0 1243.0 368.0 875.0 0.0 188.371
13:42:00 48.0 2712.0 188.4 188.42 188.45 188.38 188.41 44.0 188.44 43.0 2712.0 1170.0 1542.0 0.0 188.4328
13:43:00 104.0 4567.0 188.4 188.52 188.52 188.34 188.49 51.0 188.51 800.0 4567.0 3786.0 781.0 0.0 188.4416
13:44:00 35.0 1366.0 188.4 188.47 188.49 188.41 188.47 7.0 188.5 6.0 1366.0 205.0 1161.0 0.0 188.4609
13:45:00 150.0 9040.0 188.4 188.79 188.8 188.45 188.77 232.0 188.82 31.0 9040.0 7289.0 1751.0 0.0 188.6753
13:46:00 175.0 8458.0 188.4 188.82 188.97 188.79 188.81 1.0 188.85 76.0 8458.0 4840.0 3618.0 0.0 188.8845
13:47:00 155.0 3894.0 188.4 188.77 188.82 188.71 188.75 59.0 188.79 150.0 3894.0 1780.0 2114.0 0.0 188.788
13:48:00 91.0 3593.0 188.4 188.67 188.78 188.65 188.66 56.0 188.69 50.0 3593.0 1053.0 2540.0 0.0 188.7005
13:49:00 56.0 1175.0 188.4 188.65 188.7 188.61 188.64 107.0 188.68 50.0 1175.0 638.0 537.0 0.0 188.6464
13:50:00 79.0 2614.0 188.4 188.6 188.64 188.49 188.6 1.0 188.63 20.0 2614.0 185.0 2429.0 0.0 188.5738
13:51:00 31.0 887.0 188.4 188.62 188.67 188.6 188.61 202.0 188.65 264.0 887.0 511.0 376.0 0.0 188.6431
13:52:00 56.0 1785.0 188.4 188.63 188.67 188.59 188.62 102.0 188.66 161.0 1785.0 1237.0 548.0 0.0 188.6254
13:53:00 98.0 2783.0 188.4 188.64 188.76 188.6 188.63 29.0 188.7 43.0 2783.0 1547.0 1236.0 0.0 188.6871
13:54:00 32.0 1223.0 188.4 188.72 188.73 188.65 188.71 111.0 188.74 47.0 1223.0 675.0 548.0 0.0 188.6966
13:55:00 57.0 1970.0 188.4 188.67 188.77 188.64 188.63 1.0 188.69 552.0 1970.0 645.0 1325.0 0.0 188.7017
13:56:00 69.0 2382.0 188.4 188.69 188.72 188.65 188.65 43.0 188.69 154.0 2382.0 1566.0 816.0 0.0 188.6875
13:57:00 152.0 6526.0 188.4 188.65 188.68 188.6 188.64 12.0 188.65 100.0 6526.0 5791.0 735.0 0.0 188.6473
13:58:00 163.0 5746.0 188.4 188.67 188.76 188.645 188.65 202.0 188.68 177.0 5746.0 4274.0 1472.0 0.0 188.672
13:59:00 52.0 1303.0 188.4 188.71 188.73 188.65 188.67 232.0 188.71 160.0 1303.0 247.0 1056.0 0.0 188.6816
14:00:00 92.0 2881.0 188.4 188.64 188.69 188.57 188.62 200.0 188.66 10.0 2881.0 1014.0 1867.0 0.0 188.6362
14:01:00 84.0 2650.0 188.4 188.64 188.69 188.59 188.62 333.0 188.66 13.0 2650.0 848.0 1802.0 0.0 188.6222
14:02:00 72.0 1857.0 188.4 188.76 188.79 188.66 188.75 69.0 188.78 43.0 1857.0 1223.0 634.0 0.0 188.7609
14:03:00 60.0 1854.0 188.4 188.82 188.83 188.75 188.8 89.0 188.83 21.0 1854.0 548.0 1306.0 0.0 188.7857
14:04:00 88.0 2295.0 188.4 188.82 188.9 188.8 188.81 227.0 188.83 10.0 2295.0 956.0 1339.0 0.0 188.86
14:05:00 67.0 2149.0 188.4 188.79 188.89 188.76 188.77 100.0 188.8 72.0 2149.0 527.0 1622.0 0.0 188.835
14:06:00 80.0 3925.0 188.4 188.84 188.87 188.74 188.83 1.0 188.87 432.0 3925.0 2737.0 1188.0 0.0 188.824
14:07:00 64.0 1036.0 188.4 188.87 188.89 188.78 188.86 63.0 188.89 345.0 1036.0 871.0 165.0 0.0 188.8461
14:08:00 146.0 5170.0 188.4 188.85 188.96 188.85 188.83 171.0 188.87 95.0 5170.0 3350.0 1820.0 0.0 188.9106
14:09:00 36.0 800.0 188.4 188.84 188.92 188.81 188.81 161.0 188.85 334.0 800.0 398.0 402.0 0.0 188.8585
14:10:00 68.0 2717.0 188.4 188.81 188.87 188.8 188.8 336.0 188.82 13.0 2717.0 517.0 2200.0 0.0 188.8238
14:11:00 92.0 2723.0 188.4 188.73 188.9 188.73 188.72 2.0 188.75 212.0 2723.0 936.0 1787.0 0.0 188.8226
14:12:00 37.0 1130.0 188.4 188.67 188.72 188.62 188.63 232.0 188.67 622.0 1130.0 337.0 793.0 0.0 188.6848
14:13:00 88.0 2311.0 188.4 188.65 188.65 188.57 188.64 5.0 188.67 555.0 2311.0 1104.0 1207.0 0.0 188.6107
14:14:00 46.0 1444.0 188.4 188.63 188.71 188.61 188.6 500.0 188.64 251.0 1444.0 1141.0 303.0 0.0 188.6832
14:15:00 84.0 3054.0 188.4 188.58 188.64 188.52 188.56 43.0 188.58 50.0 3054.0 762.0 2292.0 0.0 188.5717
14:16:00 73.0 1422.0 188.4 188.6 188.61 188.52 188.58 6.0 188.6 7.0 1422.0 569.0 853.0 0.0 188.5574
14:17:00 63.0 1560.0 188.4 188.56 188.63 188.55 188.55 206.0 188.59 300.0 1560.0 607.0 953.0 0.0 188.5946
14:18:00 85.0 1881.0 188.4 188.52 188.59 188.48 188.49 58.0 188.52 100.0 1881.0 466.0 1415.0 0.0 188.5149
14:19:00 123.0 2620.0 188.4 188.45 188.54 188.41 188.44 1.0 188.47 240.0 2620.0 1329.0 1291.0 0.0 188.4806
14:20:00 88.0 3316.0 188.4 188.32 188.46 188.3 188.29 7.0 188.32 383.0 3316.0 517.0 2799.0 0.0 188.4045
14:21:00 47.0 1084.0 188.4 188.29 188.37 188.29 188.28 341.0 188.31 3.0 1084.0 606.0 478.0 0.0 188.3244
14:22:00 108.0 3225.0 188.4 188.35 188.41 188.3 188.33 1.0 188.36 4.0 3225.0 1714.0 1511.0 0.0 188.3591
14:23:00 65.0 1809.0 188.4 188.43 188.43 188.34 188.4 1652.0 188.43 508.0 1809.0 1356.0 453.0 0.0 188.3921
14:24:00 78.0 3901.0 188.4 188.36 188.47 188.36 188.36 201.0 188.4 1.0 3901.0 626.0 3275.0 0.0 188.4369
14:25:00 51.0 1170.0 188.4 188.44 188.46 188.38 188.43 233.0 188.46 100.0 1170.0 1088.0 82.0 0.0 188.4238
14:26:00 52.0 2044.0 188.4 188.39 188.46 188.36 188.38 1.0 188.4 274.0 2044.0 689.0 1355.0 0.0 188.3918
14:27:00 126.0 3548.0 188.4 188.48 188.5 188.3 188.47 504.0 188.5 50.0 3548.0 2141.0 1407.0 0.0 188.3863
14:28:00 71.0 1825.0 188.4 188.47 188.52 188.43 188.47 101.0 188.49 229.0 1825.0 807.0 1018.0 0.0 188.4764
14:29:00 110.0 2584.0 188.4 188.37 188.55 188.37 188.36 3.0 188.39 14.0 2584.0 1261.0 1323.0 0.0 188.4746
14:30:00 74.0 2318.0 188.4 188.38 188.45 188.36 188.37 109.0 188.4 23.0 2318.0 1251.0 1067.0 0.0 188.407
14:31:00 129.0 4120.0 188.4 188.51 188.55 188.39 188.5 190.0 188.53 268.0 4120.0 2301.0 1819.0 0.0 188.4629
14:32:00 112.0 3292.0 188.4 188.53 188.6 188.5 188.51 293.0 188.54 2.0 3292.0 1622.0 1670.0 0.0 188.5603
14:33:00 72.0 1859.0 188.4 188.42 188.52 188.4 188.4 1.0 188.43 250.0 1859.0 551.0 1308.0 0.0 188.4473
14:34:00 81.0 2488.0 188.4 188.31 188.4 188.27 188.31 1.0 188.34 193.0 2488.0 1332.0 1156.0 0.0 188.3285
14:35:00 55.0 1182.0 188.4 188.32 188.38 188.3 188.31 1197.0 188.33 1.0 1182.0 626.0 556.0 0.0 188.3355
14:36:00 111.0 2923.0 188.4 188.4 188.45 188.28 188.4 300.0 188.42 206.0 2923.0 846.0 2077.0 0.0 188.3348
14:37:00 83.0 2599.0 188.4 188.49 188.53 188.38 188.47 202.0 188.5 115.0 2599.0 1257.0 1342.0 0.0 188.4355
14:38:00 85.0 2981.0 188.4 188.65 188.68 188.45 188.64 625.0 188.66 1.0 2981.0 2173.0 808.0 0.0 188.562
14:39:00 156.0 4603.0 188.4 188.65 188.76 188.61 188.61 101.0 188.65 236.0 4603.0 2256.0 2347.0 0.0 188.6849
14:40:00 76.0 1955.0 188.4 188.57 188.66 188.55 188.55 114.0 188.59 297.0 1955.0 254.0 1701.0 0.0 188.5949
14:41:00 99.0 2542.0 188.4 188.56 188.64 188.5 188.57 190.0 188.6 201.0 2542.0 1065.0 1477.0 0.0 188.5795
14:42:00 50.0 1399.0 188.4 188.58 188.62 188.55 188.56 11.0 188.6 312.0 1399.0 661.0 738.0 0.0 188.5926
14:43:00 117.0 3799.0 188.4 188.62 188.67 188.57 188.62 2.0 188.65 334.0 3799.0 2101.0 1698.0 0.0 188.6171
14:44:00 117.0 7292.0 188.4 188.64 188.65 188.59 188.62 100.0 188.65 11.0 7292.0 1791.0 5501.0 0.0 188.5997
14:45:00 168.0 5567.0 188.4 188.76 188.78 188.59 188.75 255.0 188.78 200.0 5567.0 3754.0 1813.0 0.0 188.704
14:46:00 200.0 6727.0 188.4 188.75 188.78 188.68 188.74 100.0 188.75 49.0 6727.0 3325.0 3402.0 0.0 188.718
14:47:00 300.0 12188.0 188.4 188.9 188.94 188.74 188.91 74.0 188.93 357.0 12188.0 7337.0 4851.0 0.0 188.8499
14:48:00 73.0 2143.0 188.4 188.84 188.95 188.83 188.84 100.0 188.86 62.0 2143.0 1075.0 1068.0 0.0 188.9053
14:49:00 110.0 3416.0 188.4 188.7 188.87 188.64 188.69 54.0 188.73 101.0 3416.0 741.0 2675.0 0.0 188.7452
14:50:00 51.0 1713.0 188.4 188.66 188.69 188.63 188.64 1.0 188.67 333.0 1713.0 319.0 1394.0 0.0 188.6448
14:51:00 47.0 1377.0 188.4 188.69 188.69 188.64 188.66 135.0 188.69 301.0 1377.0 1041.0 336.0 0.0 188.6654
14:52:00 51.0 1683.0 188.4 188.68 188.71 188.62 188.67 202.0 188.71 447.0 1683.0 699.0 984.0 0.0 188.6672
14:53:00 54.0 1363.0 188.4 188.64 188.69 188.64 188.64 47.0 188.67 330.0 1363.0 455.0 908.0 0.0 188.6611
14:54:00 110.0 4023.0 188.4 188.63 188.67 188.6 188.61 377.0 188.65 400.0 4023.0 1011.0 3012.0 0.0 188.6155
14:55:00 51.0 1508.0 188.4 188.59 188.64 188.57 188.57 399.0 188.61 314.0 1508.0 690.0 818.0 0.0 188.5999
14:56:00 101.0 3072.0 188.4 188.61 188.66 188.57 188.61 201.0 188.64 104.0 3072.0 1607.0 1465.0 0.0 188.6118
14:57:00 108.0 2952.0 188.4 188.54 188.62 188.52 188.52 2.0 188.54 225.0 2952.0 953.0 1999.0 0.0 188.5522
14:58:00 67.0 1579.0 188.4 188.56 188.59 188.47 188.54 18.0 188.57 300.0 1579.0 811.0 768.0 0.0 188.5116
14:59:00 100.0 2042.0 188.4 188.59 188.61 188.5 188.55 175.0 188.6 230.0 2042.0 1303.0 739.0 0.0 188.5515
15:00:00 69.0 2170.0 188.4 188.59 188.65 188.58 188.57 257.0 188.6 350.0 2170.0 697.0 1473.0 0.0 188.6048
15:01:00 113.0 4281.0 188.4 188.47 188.64 188.42 188.45 186.0 188.5 333.0 4281.0 1393.0 2888.0 0.0 188.5185
15:02:00 139.0 6003.0 188.4 188.35 188.55 188.33 188.34 1.0 188.37 237.0 6003.0 1474.0 4529.0 0.0 188.4048
15:03:00 140.0 4806.0 188.4 188.27 188.41 188.24 188.25 216.0 188.29 2.0 4806.0 1145.0 3661.0 0.0 188.3047
15:04:00 113.0 3934.0 188.4 188.26 188.3 188.23 188.24 1.0 188.28 200.0 3934.0 2041.0 1893.0 0.0 188.2609
15:05:00 53.0 1642.0 188.4 188.32 188.33 188.26 188.3 111.0 188.33 243.0 1642.0 1226.0 416.0 0.0 188.295
15:06:00 103.0 2520.0 188.4 188.36 188.44 188.32 188.35 25.0 188.38 347.0 2520.0 1721.0 799.0 0.0 188.3779
15:07:00 59.0 1889.0 188.4 188.4 188.4 188.33 188.39 1.0 188.4 350.0 1889.0 1609.0 280.0 0.0 188.3516
15:08:00 195.0 4950.0 188.4 188.29 188.41 188.17 188.28 250.0 188.3 5.0 4950.0 1793.0 3157.0 0.0 188.2898
15:09:00 128.0 4042.0 188.4 188.23 188.32 188.12 188.19 50.0 188.23 234.0 4042.0 2229.0 1813.0 0.0 188.2116
15:10:00 58.0 1563.0 188.4 188.16 188.2 188.15 188.13 601.0 188.17 380.0 1563.0 1040.0 523.0 0.0 188.1681
15:11:00 114.0 4491.0 188.4 188.11 188.19 188.1 188.12 135.0 188.16 297.0 4491.0 1423.0 3068.0 0.0 188.1376
15:12:00 83.0 2876.0 188.4 188.24 188.26 188.13 188.22 143.0 188.26 300.0 2876.0 1593.0 1283.0 0.0 188.1987
15:13:00 71.0 2467.0 188.4 188.2 188.3 188.2 188.17 8.0 188.19 46.0 2467.0 386.0 2081.0 0.0 188.2524
15:14:00 68.0 3079.0 188.4 188.14 188.21 188.14 188.14 375.0 188.18 150.0 3079.0 1178.0 1901.0 0.0 188.1746
15:15:00 73.0 3217.0 188.4 188.16 188.18 188.1 188.15 300.0 188.18 279.0 3217.0 1652.0 1565.0 0.0 188.1244
15:16:00 53.0 1866.0 188.4 188.24 188.26 188.18 188.22 18.0 188.25 430.0 1866.0 990.0 876.0 0.0 188.2109
15:17:00 74.0 3574.0 188.4 188.06 188.23 188.05 188.06 10.0 188.08 50.0 3574.0 427.0 3147.0 0.0 188.1026
15:18:00 191.0 8244.0 188.4 188.08 188.13 188.03 188.06 400.0 188.09 10.0 8244.0 3632.0 4612.0 0.0 188.0548
15:19:00 95.0 4886.0 188.4 188.08 188.14 188.07 188.06 14.0 188.09 165.0 4886.0 3134.0 1752.0 0.0 188.0955
15:20:00 125.0 8400.0 188.4 188.05 188.1 188.03 188.04 150.0 188.07 33.0 8400.0 3414.0 4986.0 0.0 188.0594
15:21:00 237.0 10808.0 188.4 187.94 188.07 187.94 187.93 302.0 187.96 123.0 10808.0 2780.0 8028.0 0.0 188.012
15:22:00 169.0 7907.0 188.4 187.86 187.97 187.83 187.87 200.0 187.91 568.0 7907.0 3546.0 4361.0 0.0 187.8637
15:23:00 115.0 5649.0 188.4 187.89 187.94 187.83 187.86 97.0 187.89 296.0 5649.0 5126.0 523.0 0.0 187.8505
15:24:00 151.0 6138.0 188.4 187.84 187.89 187.73 187.8 156.0 187.86 385.0 6138.0 2213.0 3925.0 0.0 187.8016
15:25:00 133.0 6504.0 188.4 187.75 187.82 187.69 187.71 150.0 187.73 41.0 6504.0 3544.0 2960.0 0.0 187.7256
15:26:00 199.0 11770.0 188.4 187.84 187.85 187.73 187.81 201.0 187.84 250.0 11770.0 8485.0 3285.0 0.0 187.8004
15:27:00 121.0 4274.0 188.4 187.67 187.84 187.65 187.64 412.0 187.68 5666.0 4274.0 2017.0 2257.0 0.0 187.7298
15:28:00 192.0 11540.0 188.4 187.68 187.68 187.51 187.68 310.0 187.69 13.0 11540.0 7965.0 3575.0 0.0 187.5826
15:29:00 131.0 8792.0 188.4 187.59 187.73 187.56 187.59 117.0 187.63 250.0 8792.0 6598.0 2194.0 0.0 187.611
15:30:00 157.0 4273.0 188.4 187.52 187.6 187.48 187.51 1.0 187.53 100.0 4273.0 1181.0 3092.0 0.0 187.5182
15:31:00 185.0 4856.0 188.4 187.57 187.57 187.47 187.57 100.0 187.6 427.0 4856.0 2667.0 2189.0 0.0 187.5306
15:32:00 218.0 5976.0 188.4 187.6 187.68 187.58 187.58 100.0 187.59 25.0 5976.0 2618.0 3358.0 0.0 187.6169
15:33:00 145.0 5473.0 188.4 187.52 187.59 187.46 187.51 202.0 187.53 210.0 5473.0 1567.0 3906.0 0.0 187.5257
15:34:00 199.0 6268.0 188.4 187.45 187.6 187.415 187.44 10.0 187.45 100.0 6268.0 2644.0 3624.0 0.0 187.5038
15:35:00 136.0 3794.0 188.4 187.55 187.57 187.41 187.54 248.0 187.57 376.0 3794.0 1671.0 2123.0 0.0 187.4629
15:36:00 132.0 4976.0 188.4 187.56 187.61 187.53 187.55 132.0 187.58 442.0 4976.0 1957.0 3019.0 0.0 187.5603
15:37:00 134.0 3756.0 188.4 187.65 187.68 187.55 187.64 100.0 187.68 480.0 3756.0 2187.0 1569.0 0.0 187.6219
15:38:00 122.0 3790.0 188.4 187.66 187.77 187.63 187.66 80.0 187.69 201.0 3790.0 1769.0 2021.0 0.0 187.701
15:39:00 157.0 5869.0 188.4 187.65 187.79 187.62 187.62 46.0 187.67 350.0 5869.0 3424.0 2445.0 0.0 187.713
15:40:00 123.0 2918.0 188.4 187.55 187.67 187.54 187.54 231.0 187.57 554.0 2918.0 1133.0 1785.0 0.0 187.5947
15:41:00 156.0 4074.0 188.4 187.8 187.85 187.56 187.78 179.0 187.82 400.0 4074.0 2908.0 1166.0 0.0 187.6931
15:42:00 84.0 2396.0 188.4 187.95 187.95 187.76 187.94 221.0 187.96 63.0 2396.0 1601.0 795.0 0.0 187.8659
15:43:00 208.0 6734.0 188.4 188.0 188.05 187.85 187.98 300.0 188.01 43.0 6734.0 3562.0 3172.0 0.0 187.9566
15:44:00 133.0 4112.0 188.4 188.0 188.12 187.99 187.98 3.0 188.01 154.0 4112.0 2014.0 2098.0 0.0 188.0499
15:45:00 202.0 6490.0 188.4 187.85 188.01 187.82 187.83 16.0 187.86 500.0 6490.0 1723.0 4767.0 0.0 187.9032
15:46:00 151.0 5165.0 188.4 188.01 188.02 187.85 188.01 351.0 188.03 368.0 5165.0 3195.0 1970.0 0.0 187.9477
15:47:00 244.0 9365.0 188.4 188.17 188.17 187.98 188.16 1.0 188.18 2.0 9365.0 5517.0 3848.0 0.0 188.0668
15:48:00 245.0 6682.0 188.4 188.03 188.19 188.01 188.02 14.0 188.04 204.0 6682.0 2443.0 4239.0 0.0 188.083
15:49:00 190.0 4662.0 188.4 188.13 188.15 188.03 188.11 463.0 188.14 4.0 4662.0 2832.0 1830.0 0.0 188.1081
15:50:00 258.0 8672.0 188.4 188.1 188.2 188.09 188.08 55.0 188.1 169.0 8672.0 4898.0 3774.0 0.0 188.1489
15:51:00 625.0 21835.0 188.4 188.19 188.2 187.92 188.17 151.0 188.19 153.0 21835.0 13767.0 8068.0 0.0 188.0834
15:52:00 291.0 10180.0 188.4 188.27 188.35 188.18 188.26 1.0 188.28 655.0 10180.0 6765.0 3415.0 0.0 188.278
15:53:00 288.0 10283.0 188.4 188.38 188.41 188.26 188.37 151.0 188.38 10.0 10283.0 7755.0 2528.0 0.0 188.3325
15:54:00 323.0 9168.0 188.4 188.43 188.48 188.38 188.42 19.0 188.44 50.0 9168.0 4791.0 4377.0 0.0 188.4311
15:55:00 403.0 10995.0 188.4 188.43 188.49 188.37 188.42 17.0 188.43 3.0 10995.0 6503.0 4492.0 0.0 188.4298
15:56:00 543.0 14359.0 188.4 188.39 188.44 188.27 188.38 160.0 188.39 107.0 14359.0 5885.0 8474.0 0.0 188.3824
15:57:00 676.0 23359.0 188.4 188.56 188.64 188.39 188.54 907.0 188.56 67.0 23359.0 15222.0 8137.0 0.0 188.5163
15:58:00 580.0 18597.0 188.4 188.69 188.73 188.56 188.68 13.0 188.69 188.0 18597.0 9472.0 9125.0 0.0 188.6483
15:59:00 505.0 21101.0 188.4 188.59 188.7 188.57 188.58 18.0 188.59 345.0 21101.0 9384.0 11717.0 0.0 188.6398
16:00:00 1117.0 67627.0 188.4 188.94 188.99 188.57 188.93 2500.0 188.94 24667.0 67627.0 39746.0 27881.0 0.0 188.8089
16:01:00 8.0 1.0 188.4 188.95 188.99 188.41 188.93 2500.0 188.89 100.0 1.0 1.0 0.0 0.0 188.95
16:02:00 0.0 0.0 188.4 188.95 nan nan 188.93 2500.0 188.89 100.0 nan 0.0 0.0 0.0 nan
16:03:00 1.0 25.0 188.4 188.8 188.8 188.8 188.93 2500.0 188.79 17.0 25.0 25.0 0.0 0.0 188.8
16:04:00 2.0 6.0 188.4 188.8 188.8 188.8 188.93 2500.0 188.74 20.0 6.0 6.0 0.0 0.0 188.8
16:05:00 4.0 330.0 188.4 188.8 188.8 188.7 188.93 2500.0 188.89 100.0 330.0 269.0 61.0 0.0 188.7997
16:06:00 1.0 1.0 188.4 188.8 188.8 188.8 188.93 2500.0 188.89 100.0 1.0 0.0 1.0 0.0 188.8
16:07:00 2.0 0.0 188.4 188.81 188.81 188.81 188.93 2500.0 188.85 1.0 nan 0.0 0.0 0.0 nan
16:08:00 4.0 18.0 188.4 188.81 188.83 188.8 188.93 2500.0 188.83 1.0 18.0 0.0 18.0 0.0 188.8133
16:09:00 2.0 100.0 188.4 188.83 188.89 188.83 188.93 2500.0 188.89 101.0 100.0 100.0 0.0 0.0 188.8894
16:10:00 0.0 0.0 188.4 188.83 nan nan 188.93 2500.0 188.89 101.0 nan 0.0 0.0 0.0 nan
16:11:00 0.0 0.0 188.4 188.83 nan nan 188.93 2500.0 188.85 800.0 nan 0.0 0.0 0.0 nan
16:12:00 2.0 10.0 188.4 188.85 188.85 188.81 188.93 2500.0 188.85 800.0 10.0 0.0 10.0 0.0 188.85
16:13:00 3.0 1.0 188.4 188.82 188.82 188.81 188.93 2500.0 188.82 799.0 1.0 1.0 0.0 0.0 188.82
16:14:00 8.0 322.0 188.4 188.81 188.82 188.8 188.93 2500.0 188.82 652.0 322.0 152.0 170.0 0.0 188.8091
16:15:00 7.0 14.0 188.4 188.75 188.81 188.75 188.93 2500.0 188.82 652.0 14.0 7.0 7.0 0.0 188.7571
16:16:00 2.0 0.0 188.4 188.8 188.8 188.8 188.93 2500.0 188.82 652.0 nan 0.0 0.0 0.0 nan
16:17:00 0.0 0.0 188.4 188.8 nan nan 188.93 2500.0 188.82 652.0 nan 0.0 0.0 0.0 nan
16:18:00 0.0 0.0 188.4 188.8 nan nan 188.93 2500.0 188.82 652.0 nan 0.0 0.0 0.0 nan
16:19:00 0.0 0.0 188.4 188.8 nan nan 188.93 2500.0 188.82 652.0 nan 0.0 0.0 0.0 nan
16:20:00 2.0 5.0 188.4 188.8 188.8 188.8 188.93 2500.0 188.82 652.0 5.0 0.0 5.0 0.0 188.8
16:21:00 2.0 0.0 188.4 188.7 188.8 188.7 188.93 2500.0 188.81 17.0 nan 0.0 0.0 0.0 nan
16:22:00 0.0 0.0 188.4 188.7 nan nan 188.93 2500.0 188.81 17.0 nan 0.0 0.0 0.0 nan
16:23:00 0.0 0.0 188.4 188.7 nan nan 188.93 2500.0 188.81 17.0 nan 0.0 0.0 0.0 nan
16:24:00 8.0 301.0 188.4 188.79 188.79 188.69 188.93 2500.0 188.79 17.0 301.0 0.0 301.0 0.0 188.7066
16:25:00 0.0 0.0 188.4 188.79 nan nan 188.93 2500.0 188.78 17.0 nan 0.0 0.0 0.0 nan
16:26:00 0.0 0.0 188.4 188.79 nan nan 188.93 2500.0 188.78 17.0 nan 0.0 0.0 0.0 nan
16:27:00 4.0 100.0 188.4 188.67 188.69 188.67 188.93 2500.0 188.78 17.0 100.0 48.0 52.0 0.0 188.6804
16:28:00 0.0 0.0 188.4 188.67 nan nan 188.93 2500.0 188.78 17.0 nan 0.0 0.0 0.0 nan
16:29:00 3.0 10.0 188.4 188.52 188.55 188.52 188.93 2500.0 188.78 17.0 10.0 0.0 10.0 0.0 188.55
16:30:00 0.0 0.0 188.4 188.52 nan nan 188.93 2500.0 188.78 17.0 nan 0.0 0.0 0.0 nan
16:31:00 0.0 0.0 188.4 188.52 nan nan 188.93 2500.0 188.78 17.0 nan 0.0 0.0 0.0 nan
16:32:00 1.0 0.0 188.4 188.76 188.76 188.76 188.93 2500.0 188.78 17.0 nan 0.0 0.0 0.0 nan
16:33:00 0.0 0.0 188.4 188.76 nan nan 188.93 2500.0 188.78 17.0 nan 0.0 0.0 0.0 nan
16:34:00 0.0 0.0 188.4 188.76 nan nan 188.93 2500.0 188.78 17.0 nan 0.0 0.0 0.0 nan
16:35:00 3.0 3.0 188.4 188.55 188.55 188.53 188.93 2500.0 188.78 17.0 3.0 0.0 3.0 0.0 188.53
16:36:00 6.0 17.0 188.4 188.56 188.78 188.56 188.93 2500.0 188.82 652.0 17.0 17.0 0.0 0.0 188.78
16:37:00 0.0 0.0 188.4 188.56 nan nan 188.93 2500.0 188.82 652.0 nan 0.0 0.0 0.0 nan
16:38:00 0.0 0.0 188.4 188.56 nan nan 188.93 2500.0 188.82 652.0 nan 0.0 0.0 0.0 nan
16:39:00 0.0 0.0 188.4 188.56 nan nan 188.93 2500.0 188.82 652.0 nan 0.0 0.0 0.0 nan
16:40:00 4.0 131.0 188.4 188.6 188.65 188.6 188.93 2500.0 188.8 2268.0 131.0 130.0 1.0 0.0 188.6496
16:41:00 0.0 0.0 188.4 188.6 nan nan 188.93 2500.0 188.8 2268.0 nan 0.0 0.0 0.0 nan
16:42:00 1.0 0.0 188.4 188.64 188.64 188.64 188.93 2500.0 188.76 100.0 nan 0.0 0.0 0.0 nan
16:43:00 10.0 419.0 188.4 188.73 188.75 188.7 188.93 2500.0 188.8 2268.0 419.0 20.0 399.0 0.0 188.7286
16:44:00 0.0 0.0 188.4 188.73 nan nan 188.93 2500.0 188.82 652.0 nan 0.0 0.0 0.0 nan
16:45:00 0.0 0.0 188.4 188.73 nan nan 188.93 2500.0 188.82 652.0 nan 0.0 0.0 0.0 nan
16:46:00 0.0 0.0 188.4 188.73 nan nan 188.93 2500.0 188.75 2.0 nan 0.0 0.0 0.0 nan
16:47:00 6.0 602.0 188.4 188.69 188.75 188.69 188.93 2500.0 188.7 1667.0 602.0 602.0 0.0 0.0 188.7001
16:48:00 6.0 52.0 188.4 188.69 188.69 188.6 188.93 2500.0 188.75 501.0 52.0 0.0 52.0 0.0 188.6
16:49:00 0.0 0.0 188.4 188.69 nan nan 188.93 2500.0 188.75 501.0 nan 0.0 0.0 0.0 nan
16:50:00 0.0 0.0 188.4 188.69 nan nan 188.93 2500.0 188.75 501.0 nan 0.0 0.0 0.0 nan
16:51:00 1.0 5.0 188.4 188.63 188.63 188.63 188.93 2500.0 188.75 1.0 5.0 5.0 0.0 0.0 188.63
16:52:00 0.0 0.0 188.4 188.63 nan nan 188.93 2500.0 188.75 1.0 nan 0.0 0.0 0.0 nan
16:53:00 1.0 1.0 188.4 188.75 188.75 188.75 188.93 2500.0 188.8 10.0 1.0 1.0 0.0 0.0 188.75
16:54:00 1.0 3.0 188.4 188.8 188.8 188.8 188.93 2500.0 188.8 7.0 3.0 3.0 0.0 0.0 188.8
16:55:00 0.0 0.0 188.4 188.8 nan nan 188.93 2500.0 188.82 652.0 nan 0.0 0.0 0.0 nan
16:56:00 1.0 0.0 188.4 188.79 188.79 188.79 188.93 2500.0 188.82 652.0 nan 0.0 0.0 0.0 nan
16:57:00 1.0 0.0 188.4 188.61 188.61 188.61 188.93 2500.0 188.82 652.0 nan 0.0 0.0 0.0 nan
16:58:00 1.0 0.0 188.4 188.78 188.78 188.78 188.93 2500.0 188.82 652.0 nan 0.0 0.0 0.0 nan
16:59:00 0.0 0.0 188.4 188.78 nan nan 188.93 2500.0 188.82 652.0 nan 0.0 0.0 0.0 nan
17:00:00 0.0 0.0 188.4 188.78 nan nan 188.93 2500.0 188.82 652.0 nan 0.0 0.0 0.0 nan
