time trade_count trade_volume trade_first trade_last trade_high trade_low bid_price bid_size ask_price ask_size hid_vol buy_vol sell_vol unsided_vol vwap
09:00:00 nan 1493.0 190.49 190.71 190.75 190.49 190.53 50.0 190.72 274.0 1493.0 1493.0 0.0 0.0 190.6
09:01:00 16.0 376.0 190.49 190.4 190.72 190.4 190.4 43.0 190.5 228.0 376.0 40.0 336.0 0.0 190.4404
09:02:00 5.0 96.0 190.49 190.52 190.52 190.4 190.5 6.0 190.72 162.0 96.0 76.0 20.0 0.0 190.4792
09:03:00 2.0 2.0 190.49 190.65 190.65 190.6 190.6 68.0 190.65 27.0 2.0 2.0 0.0 0.0 190.625
09:04:00 7.0 75.0 190.49 190.64 190.64 190.46 190.5 3.0 190.65 27.0 75.0 3.0 72.0 0.0 190.5891
09:05:00 11.0 0.0 190.49 190.59 190.68 190.51 190.5 3.0 190.65 27.0 nan 0.0 0.0 0.0 nan
09:06:00 1.0 1.0 190.49 190.65 190.65 190.65 190.5 3.0 190.62 15.0 1.0 1.0 0.0 0.0 190.65
09:07:00 13.0 304.0 190.49 190.55 190.65 190.55 190.55 102.0 190.6 2.0 304.0 256.0 48.0 0.0 190.6316
09:08:00 8.0 23.0 190.49 190.68 190.68 190.55 190.55 100.0 190.7 406.0 23.0 0.0 23.0 0.0 190.6196
09:09:00 7.0 141.0 190.49 190.64 190.65 190.51 190.55 51.0 190.69 3.0 141.0 0.0 141.0 0.0 190.5507
09:10:00 8.0 46.0 190.49 190.7 190.7 190.65 190.55 61.0 190.7 816.0 46.0 46.0 0.0 0.0 190.6993
09:11:00 4.0 11.0 190.49 190.55 190.6 190.55 190.55 51.0 190.6 149.0 11.0 1.0 10.0 0.0 190.5545
09:12:00 1.0 5.0 190.49 190.6 190.6 190.6 190.55 52.0 190.6 144.0 5.0 5.0 0.0 0.0 190.6
09:13:00 4.0 101.0 190.49 190.66 190.66 190.6 190.6 20.0 190.69 3.0 101.0 101.0 0.0 0.0 190.6
09:14:00 4.0 23.0 190.49 190.65 190.69 190.65 190.57 3.0 190.65 64.0 23.0 3.0 20.0 0.0 190.6517
09:15:00 31.0 413.0 190.49 190.5 190.57 190.45 190.5 55.0 190.65 60.0 413.0 155.0 258.0 0.0 190.5057
09:16:00 41.0 762.0 190.49 190.25 190.63 190.25 190.25 725.0 190.51 188.0 762.0 1.0 761.0 0.0 190.3758
09:17:00 2.0 100.0 190.49 190.25 190.25 190.25 190.25 626.0 190.5 3.0 100.0 0.0 100.0 0.0 190.25
09:18:00 0.0 0.0 190.49 190.25 nan nan 190.3 15.0 190.41 50.0 nan 0.0 0.0 0.0 nan
09:19:00 4.0 200.0 190.49 190.25 190.3 190.25 190.25 541.0 190.5 60.0 200.0 0.0 200.0 0.0 190.2537
09:20:00 4.0 5.0 190.49 190.39 190.47 190.36 190.25 541.0 190.43 34.0 5.0 0.0 5.0 0.0 190.36
09:21:00 15.0 225.0 190.49 190.56 190.57 190.43 190.36 5.0 190.65 60.0 225.0 225.0 0.0 0.0 190.5692
09:22:00 29.0 166.0 190.49 190.59 190.65 190.3 190.26 1.0 190.65 309.0 166.0 57.0 109.0 0.0 190.3659
09:23:00 17.0 263.0 190.49 190.51 190.65 190.39 190.26 1.0 190.52 100.0 263.0 43.0 220.0 0.0 190.518
09:24:00 6.0 194.0 190.49 190.52 190.52 190.36 190.36 1.0 190.59 30.0 194.0 189.0 5.0 0.0 190.3641
09:25:00 1.0 5.0 190.49 190.5 190.5 190.5 190.36 1.0 190.59 30.0 5.0 0.0 5.0 0.0 190.5
09:26:00 57.0 967.0 190.49 190.72 190.75 190.42 190.5 300.0 190.72 154.0 967.0 867.0 100.0 0.0 190.7227
09:27:00 9.0 216.0 190.49 190.72 190.72 190.7 190.61 100.0 190.72 45.0 216.0 216.0 0.0 0.0 190.7181
09:28:00 6.0 145.0 190.49 190.62 190.68 190.62 190.61 100.0 190.64 1.0 145.0 145.0 0.0 0.0 190.66
09:29:00 37.0 1124.0 190.49 190.9 190.97 190.62 190.79 50.0 191.0 99.0 1124.0 1039.0 85.0 0.0 190.729
09:30:00 71.0 1451.0 190.49 190.7 191.39 190.68 190.68 200.0 191.4 350.0 1451.0 622.0 829.0 0.0 190.9819
09:31:00 1324.0 51454.0 190.49 191.58 191.7 190.0 191.56 30.0 191.74 5.0 51454.0 25851.0 25603.0 0.0 190.6022
09:32:00 553.0 16087.0 190.49 191.71 192.15 191.12 191.61 216.0 191.83 100.0 16087.0 7915.0 8172.0 0.0 191.7872
09:33:00 416.0 15745.0 190.49 190.83 191.7 190.5 190.72 25.0 190.87 105.0 15745.0 2108.0 13637.0 0.0 191.0781
09:34:00 273.0 8233.0 190.49 191.21 191.71 190.73 191.1 216.0 191.25 25.0 8233.0 3177.0 5056.0 0.0 191.2502
09:35:00 385.0 22303.0 190.49 192.18 192.38 191.205 192.07 367.0 192.17 26.0 22303.0 16112.0 6191.0 0.0 191.7847
09:36:00 370.0 10223.0 190.49 192.2 192.35 191.57 192.16 825.0 192.28 100.0 10223.0 2919.0 7304.0 0.0 192.0749
09:37:00 372.0 15769.0 190.49 192.64 192.65 191.6 192.51 25.0 192.65 138.0 15769.0 7490.0 8279.0 0.0 192.1978
09:38:00 410.0 12328.0 190.49 192.45 192.82 192.2 192.33 32.0 192.5 150.0 12328.0 3038.0 9290.0 0.0 192.5283
09:39:00 488.0 14905.0 190.49 192.17 192.71 191.92 192.15 811.0 192.31 100.0 14905.0 4334.0 10571.0 0.0 192.3443
09:40:00 390.0 17573.0 190.49 192.61 192.79 192.3 192.59 214.0 192.68 100.0 17573.0 8124.0 9449.0 0.0 192.5591
09:41:00 345.0 13755.0 190.49 192.67 193.06 192.39 192.61 25.0 192.7 100.0 13755.0 8567.0 5188.0 0.0 192.8328
09:42:00 278.0 12585.0 190.49 192.04 192.83 191.88 192.05 25.0 192.2 235.0 12585.0 1778.0 10807.0 0.0 192.3981
09:43:00 394.0 11234.0 190.49 192.08 192.19 191.83 192.05 100.0 192.15 4.0 11234.0 2698.0 8536.0 0.0 191.9737
09:44:00 155.0 3584.0 190.49 192.35 192.35 191.94 192.32 25.0 192.4 50.0 3584.0 1530.0 2054.0 0.0 192.1173
09:45:00 135.0 6029.0 190.49 192.34 192.67 192.34 192.35 118.0 192.4 4.0 6029.0 3236.0 2793.0 0.0 192.4699
09:46:00 419.0 14793.0 190.49 192.97 193.24 192.31 192.98 400.0 193.03 50.0 14793.0 8837.0 5956.0 0.0 192.8195
09:47:00 263.0 12182.0 190.49 193.09 193.15 192.48 193.05 25.0 193.17 4.0 12182.0 6594.0 5588.0 0.0 192.9176
09:48:00 253.0 10725.0 190.49 193.15 193.45 193.06 193.1 500.0 193.22 200.0 10725.0 5298.0 5427.0 0.0 193.2216
09:49:00 288.0 8919.0 190.49 193.18 193.4 193.1 193.13 13.0 193.25 25.0 8919.0 4781.0 4138.0 0.0 193.2269
09:50:00 285.0 7784.0 190.49 193.14 193.3 193.03 193.1 433.0 193.23 100.0 7784.0 3460.0 4324.0 0.0 193.1755
09:51:00 291.0 8605.0 190.49 193.13 193.3 193.05 193.13 200.0 193.23 25.0 8605.0 3722.0 4883.0 0.0 193.1446
09:52:00 311.0 9451.0 190.49 192.99 193.25 192.87 192.98 43.0 193.12 784.0 9451.0 3133.0 6318.0 0.0 193.0697
09:53:00 378.0 13925.0 190.49 193.48 193.55 193.02 193.48 16.0 193.55 449.0 13925.0 9771.0 4154.0 0.0 193.3111
09:54:00 315.0 11532.0 190.49 192.99 193.55 192.95 192.98 6.0 193.03 148.0 11532.0 4150.0 7382.0 0.0 193.3211
09:55:00 443.0 9905.0 190.49 192.86 193.05 192.54 192.87 1.0 192.94 53.0 9905.0 2396.0 7509.0 0.0 192.7332
09:56:00 184.0 5674.0 190.49 192.99 193.07 192.87 192.93 125.0 193.0 17.0 5674.0 1504.0 4170.0 0.0 192.9597
09:57:00 227.0 8804.0 190.49 192.86 193.12 192.84 192.83 200.0 192.91 225.0 8804.0 4440.0 4364.0 0.0 192.9443
09:58:00 135.0 4529.0 190.49 192.65 192.9 192.49 192.63 25.0 192.7 17.0 4529.0 604.0 3925.0 0.0 192.6861
09:59:00 402.0 10319.0 190.49 192.99 193.05 192.63 192.96 122.0 193.01 3.0 10319.0 4869.0 5450.0 0.0 192.8557
10:00:00 306.0 9186.0 190.49 193.23 193.39 192.98 193.22 37.0 193.27 25.0 9186.0 5028.0 4158.0 0.0 193.1342
10:01:00 328.0 8552.0 190.49 193.24 193.34 193.02 193.19 156.0 193.26 422.0 8552.0 3236.0 5316.0 0.0 193.2176
10:02:00 901.0 34632.0 190.49 193.72 194.0 193.09 193.67 218.0 193.78 25.0 34632.0 25434.0 9198.0 0.0 193.5802
10:03:00 522.0 25208.0 190.49 194.41 194.44 193.59 194.36 125.0 194.41 1.0 25208.0 15023.0 10185.0 0.0 194.1526
10:04:00 839.0 25977.0 190.49 194.14 194.43 194.05 194.11 500.0 194.23 150.0 25977.0 14600.0 11377.0 0.0 194.2645
10:05:00 559.0 18344.0 190.49 194.15 194.41 193.99 194.12 50.0 194.23 75.0 18344.0 10069.0 8275.0 0.0 194.1994
10:06:00 172.0 6421.0 190.49 194.3 194.38 193.9 194.3 480.0 194.39 10.0 6421.0 3786.0 2635.0 0.0 194.1332
10:07:00 496.0 11945.0 190.49 194.45 194.73 194.29 194.47 25.0 194.55 1.0 11945.0 5852.0 6093.0 0.0 194.5036
10:08:00 279.0 8786.0 190.49 194.78 194.86 194.49 194.76 497.0 194.84 531.0 8786.0 3274.0 5512.0 0.0 194.6915
10:09:00 397.0 25155.0 190.49 194.94 195.12 194.84 194.88 95.0 194.98 100.0 25155.0 19307.0 5848.0 0.0 194.9869
10:10:00 282.0 12926.0 190.49 195.17 195.28 194.95 195.13 25.0 195.2 30.0 12926.0 7503.0 5423.0 0.0 195.1968
10:11:00 376.0 16442.0 190.49 195.12 195.38 195.04 195.09 25.0 195.19 2.0 16442.0 5340.0 11102.0 0.0 195.2063
10:12:00 127.0 5875.0 190.49 195.3 195.37 195.03 195.25 123.0 195.3 13.0 5875.0 3321.0 2554.0 0.0 195.2333
10:13:00 218.0 5862.0 190.49 195.54 195.54 195.25 195.5 315.0 195.55 56.0 5862.0 4320.0 1542.0 0.0 195.4189
10:14:00 397.0 8266.0 190.49 195.6 195.68 195.27 195.52 226.0 195.6 5.0 8266.0 4124.0 4142.0 0.0 195.4971
10:15:00 253.0 7118.0 190.49 195.57 195.82 195.52 195.54 25.0 195.62 7.0 7118.0 4220.0 2898.0 0.0 195.7229
10:16:00 297.0 5385.0 190.49 195.47 195.73 195.33 195.41 327.0 195.52 25.0 5385.0 2307.0 3078.0 0.0 195.555
10:17:00 190.0 8847.0 190.49 195.73 195.81 195.4 195.66 425.0 195.74 23.0 8847.0 4891.0 3956.0 0.0 195.667
10:18:00 264.0 11473.0 190.49 195.69 195.93 195.64 195.67 270.0 195.73 9.0 11473.0 4547.0 6926.0 0.0 195.7869
10:19:00 324.0 15207.0 190.49 195.73 196.07 195.62 195.72 25.0 195.74 15.0 15207.0 11510.0 3697.0 0.0 195.9393
10:20:00 445.0 11439.0 190.49 195.82 195.95 195.6 195.79 25.0 195.87 100.0 11439.0 5285.0 6154.0 0.0 195.763
10:21:00 220.0 8186.0 190.49 195.91 196.1 195.7 195.82 174.0 195.91 25.0 8186.0 5485.0 2701.0 0.0 195.9441
10:22:00 188.0 7664.0 190.49 195.92 196.08 195.86 195.92 100.0 195.97 17.0 7664.0 3785.0 3879.0 0.0 195.9642
10:23:00 203.0 7892.0 190.49 196.14 196.24 195.9 196.08 122.0 196.18 50.0 7892.0 5612.0 2280.0 0.0 196.076
10:24:00 210.0 6700.0 190.49 195.79 196.16 195.79 195.78 50.0 195.83 31.0 6700.0 3137.0 3563.0 0.0 196.0
10:25:00 166.0 5531.0 190.49 195.7 195.78 195.54 195.68 435.0 195.74 225.0 5531.0 2253.0 3278.0 0.0 195.6617
10:26:00 198.0 8914.0 190.49 195.49 195.75 195.43 195.46 34.0 195.57 3.0 8914.0 2626.0 6288.0 0.0 195.5841
10:27:00 306.0 11320.0 190.49 195.5 195.57 195.29 195.48 230.0 195.56 25.0 11320.0 3488.0 7832.0 0.0 195.4295
10:28:00 182.0 6486.0 190.49 195.68 195.77 195.54 195.64 125.0 195.69 1.0 6486.0 4541.0 1945.0 0.0 195.6523
10:29:00 256.0 13783.0 190.49 195.67 195.81 195.5 195.65 525.0 195.72 325.0 13783.0 7768.0 6015.0 0.0 195.6825
10:30:00 208.0 6924.0 190.49 195.29 195.95 195.29 195.28 325.0 195.36 6.0 6924.0 3110.0 3814.0 0.0 195.7184
10:31:00 221.0 5702.0 190.49 195.43 195.89 195.33 195.39 25.0 195.44 30.0 5702.0 2088.0 3614.0 0.0 195.5829
10:32:00 102.0 4098.0 190.49 195.86 195.86 195.36 195.82 25.0 195.88 18.0 4098.0 2154.0 1944.0 0.0 195.6091
10:33:00 163.0 4957.0 190.49 195.76 195.89 195.67 195.69 25.0 195.77 6.0 4957.0 3209.0 1748.0 0.0 195.7763
10:34:00 240.0 15984.0 190.49 196.21 196.21 195.75 196.16 50.0 196.22 5.0 15984.0 15137.0 847.0 0.0 196.0036
10:35:00 231.0 9952.0 190.49 196.47 196.47 196.1 196.37 250.0 196.45 46.0 9952.0 6862.0 3090.0 0.0 196.2531
10:36:00 332.0 17455.0 190.49 196.66 196.73 196.28 196.63 141.0 196.69 200.0 17455.0 11437.0 6018.0 0.0 196.565
10:37:00 164.0 7277.0 190.49 196.46 196.79 196.45 196.45 100.0 196.53 45.0 7277.0 3618.0 3659.0 0.0 196.6529
10:38:00 143.0 5278.0 190.49 196.44 196.5 196.25 196.38 484.0 196.45 239.0 5278.0 2685.0 2593.0 0.0 196.4019
10:39:00 206.0 8338.0 190.49 196.36 196.58 196.34 196.34 125.0 196.38 60.0 8338.0 5219.0 3119.0 0.0 196.4589
10:40:00 144.0 7220.0 190.49 196.37 196.5 196.24 196.36 6.0 196.42 50.0 7220.0 2368.0 4852.0 0.0 196.3377
10:41:00 262.0 7162.0 190.49 196.06 196.35 195.98 196.02 3.0 196.08 74.0 7162.0 1797.0 5365.0 0.0 196.1569
10:42:00 213.0 6413.0 190.49 196.03 196.2 195.89 195.99 328.0 196.03 40.0 6413.0 2570.0 3843.0 0.0 196.0428
10:43:00 2033.0 56267.0 190.49 195.02 196.17 195.02 195.02 46.0 195.08 25.0 56267.0 19321.0 36946.0 0.0 195.4418
10:44:00 1521.0 49155.0 190.49 195.17 195.51 194.72 195.14 100.0 195.21 12.0 49155.0 25079.0 24076.0 0.0 195.104
10:45:00 370.0 13812.0 190.49 195.11 195.23 194.86 195.12 225.0 195.19 40.0 13812.0 8864.0 4948.0 0.0 195.0206
10:46:00 900.0 39643.0 190.49 194.24 195.12 194.24 194.23 110.0 194.24 102.0 39643.0 20792.0 18851.0 0.0 194.551
10:47:00 552.0 15778.0 190.49 194.59 194.72 194.13 194.58 250.0 194.62 25.0 15778.0 10321.0 5457.0 0.0 194.4193
10:48:00 779.0 27703.0 190.49 193.7 194.65 193.7 193.71 7.0 193.78 180.0 27703.0 13231.0 14472.0 0.0 194.1093
10:49:00 851.0 28063.0 190.49 194.04 194.1 193.45 194.01 42.0 194.05 30.0 28063.0 18007.0 10056.0 0.0 193.6512
10:50:00 468.0 17787.0 190.49 194.39 194.39 193.96 194.3 51.0 194.37 1.0 17787.0 8509.0 9278.0 0.0 194.128
10:51:00 410.0 15125.0 190.49 195.09 195.16 194.36 195.05 500.0 195.09 100.0 15125.0 9667.0 5458.0 0.0 194.8153
10:52:00 371.0 14031.0 190.49 195.52 195.55 195.03 195.46 425.0 195.52 12.0 14031.0 8917.0 5114.0 0.0 195.29
10:53:00 351.0 16770.0 190.49 195.36 195.54 195.2 195.34 4.0 195.38 13.0 16770.0 5882.0 10888.0 0.0 195.3188
10:54:00 336.0 14486.0 190.49 195.31 195.38 195.25 195.26 250.0 195.32 162.0 14486.0 3954.0 10532.0 0.0 195.3224
10:55:00 223.0 10108.0 190.49 195.35 195.5 195.3 195.35 3.0 195.39 152.0 10108.0 6944.0 3164.0 0.0 195.3969
10:56:00 189.0 6970.0 190.49 195.22 195.43 195.19 195.22 40.0 195.28 415.0 6970.0 4407.0 2563.0 0.0 195.2729
10:57:00 309.0 12046.0 190.49 195.1 195.22 194.88 195.09 250.0 195.17 312.0 12046.0 7027.0 5019.0 0.0 195.0594
10:58:00 211.0 7648.0 190.49 195.02 195.34 195.02 195.0 411.0 195.08 127.0 7648.0 4093.0 3555.0 0.0 195.2252
10:59:00 380.0 14226.0 190.49 195.22 195.3 194.98 195.19 200.0 195.24 10.0 14226.0 7078.0 7148.0 0.0 195.1276
11:00:00 523.0 17702.0 190.49 195.72 195.86 195.19 195.71 153.0 195.76 77.0 17702.0 9436.0 8266.0 0.0 195.6723
11:01:00 212.0 7672.0 190.49 195.47 195.82 195.47 195.47 205.0 195.54 625.0 7672.0 2923.0 4749.0 0.0 195.6772
11:02:00 405.0 16164.0 190.49 195.23 195.49 195.04 195.17 3.0 195.23 200.0 16164.0 6454.0 9710.0 0.0 195.2911
11:03:00 557.0 20110.0 190.49 195.15 195.35 194.83 195.14 100.0 195.19 165.0 20110.0 12767.0 7343.0 0.0 195.1048
11:04:00 178.0 5867.0 190.49 195.2 195.29 195.08 195.19 225.0 195.25 414.0 5867.0 3769.0 2098.0 0.0 195.1708
11:05:00 222.0 10194.0 190.49 195.44 195.49 195.21 195.41 250.0 195.45 1.0 10194.0 8301.0 1893.0 0.0 195.3677
11:06:00 234.0 9645.0 190.49 195.71 195.72 195.24 195.63 25.0 195.73 125.0 9645.0 4062.0 5583.0 0.0 195.529
11:07:00 221.0 12044.0 190.49 195.57 195.84 195.46 195.55 500.0 195.63 35.0 12044.0 4622.0 7422.0 0.0 195.6571
11:08:00 157.0 7703.0 190.49 195.1 195.55 195.1 195.09 100.0 195.17 25.0 7703.0 3509.0 4194.0 0.0 195.2469
11:09:00 185.0 6693.0 190.49 195.12 195.25 195.01 195.09 75.0 195.15 10.0 6693.0 2423.0 4270.0 0.0 195.1376
11:10:00 292.0 11816.0 190.49 194.76 195.16 194.75 194.76 25.0 194.83 108.0 11816.0 3501.0 8315.0 0.0 194.9697
11:11:00 670.0 31220.0 190.49 194.23 194.8 194.23 194.22 21.0 194.27 130.0 31220.0 5263.0 25957.0 0.0 194.4741
11:12:00 1012.0 39303.0 190.49 193.7 194.23 193.49 193.63 125.0 193.69 26.0 39303.0 17766.0 21537.0 0.0 193.7279
11:13:00 220.0 12144.0 190.49 194.22 194.22 193.69 194.12 50.0 194.23 42.0 12144.0 8742.0 3402.0 0.0 193.9105
11:14:00 228.0 10956.0 190.49 194.53 194.56 194.15 194.48 269.0 194.57 50.0 10956.0 5906.0 5050.0 0.0 194.4031
11:15:00 163.0 8171.0 190.49 194.36 194.66 194.36 194.36 24.0 194.45 482.0 8171.0 3505.0 4666.0 0.0 194.5285
11:16:00 248.0 10310.0 190.49 193.93 194.45 193.93 193.94 214.0 193.99 456.0 10310.0 4146.0 6164.0 0.0 194.1654
11:17:00 291.0 10441.0 190.49 193.82 194.03 193.66 193.78 225.0 193.85 1500.0 10441.0 6100.0 4341.0 0.0 193.8363
11:18:00 344.0 12724.0 190.49 193.8 193.82 193.54 193.76 410.0 193.82 182.0 12724.0 5522.0 7202.0 0.0 193.7003
11:19:00 661.0 33022.0 190.49 192.96 193.8 192.9 192.94 7.0 192.98 17.0 33022.0 8523.0 24499.0 0.0 193.274
11:20:00 278.0 12030.0 190.49 193.08 193.24 192.94 193.03 200.0 193.1 78.0 12030.0 7752.0 4278.0 0.0 193.0579
11:21:00 392.0 21897.0 190.49 192.99 193.18 192.8 192.98 100.0 193.03 50.0 21897.0 8929.0 12968.0 0.0 192.9905
11:22:00 426.0 21406.0 190.49 192.91 192.98 192.65 192.9 251.0 192.98 176.0 21406.0 11374.0 10032.0 0.0 192.8252
11:23:00 250.0 12802.0 190.49 192.78 192.93 192.62 192.77 236.0 192.84 337.0 12802.0 5558.0 7244.0 0.0 192.7773
11:24:00 271.0 10187.0 190.49 192.79 192.9 192.67 192.75 500.0 192.83 259.0 10187.0 5044.0 5143.0 0.0 192.784
11:25:00 233.0 9035.0 190.49 192.81 192.93 192.58 192.83 500.0 192.87 343.0 9035.0 4575.0 4460.0 0.0 192.7376
11:26:00 265.0 11404.0 190.49 192.95 193.0 192.79 192.95 27.0 193.01 300.0 11404.0 7097.0 4307.0 0.0 192.8924
11:27:00 305.0 11155.0 190.49 193.35 193.64 193.01 193.35 35.0 193.39 208.0 11155.0 6716.0 4439.0 0.0 193.3646
11:28:00 256.0 8767.0 190.49 193.3 193.42 193.23 193.26 100.0 193.31 174.0 8767.0 3300.0 5467.0 0.0 193.3118
11:29:00 316.0 12980.0 190.49 193.31 193.36 193.14 193.25 700.0 193.33 333.0 12980.0 5818.0 7162.0 0.0 193.2364
11:30:00 281.0 18782.0 190.49 192.84 193.29 192.7 192.84 100.0 192.91 233.0 18782.0 6850.0 11932.0 0.0 193.037
11:31:00 205.0 11875.0 190.49 192.73 193.06 192.7 192.67 150.0 192.74 200.0 11875.0 5119.0 6756.0 0.0 192.912
11:32:00 256.0 12822.0 190.49 193.04 193.11 192.48 193.03 1251.0 193.09 300.0 12822.0 7229.0 5593.0 0.0 192.6843
11:33:00 227.0 10774.0 190.49 193.14 193.14 192.92 193.05 100.0 193.14 300.0 10774.0 5253.0 5521.0 0.0 193.0363
11:34:00 156.0 5901.0 190.49 193.17 193.22 193.04 193.14 258.0 193.21 600.0 5901.0 3531.0 2370.0 0.0 193.1391
11:35:00 108.0 4466.0 190.49 193.14 193.19 193.07 193.12 65.0 193.16 260.0 4466.0 2335.0 2131.0 0.0 193.1277
11:36:00 240.0 10299.0 190.49 192.92 193.15 192.79 192.92 650.0 193.0 5.0 10299.0 3499.0 6800.0 0.0 193.0111
11:37:00 114.0 6951.0 190.49 193.07 193.21 192.92 193.06 35.0 193.13 125.0 6951.0 4012.0 2939.0 0.0 193.1037
11:38:00 130.0 6017.0 190.49 193.1 193.23 193.05 193.1 18.0 193.16 150.0 6017.0 3731.0 2286.0 0.0 193.1445
11:39:00 188.0 9036.0 190.49 192.84 193.17 192.77 192.77 329.0 192.87 400.0 9036.0 1286.0 7750.0 0.0 192.9366
11:40:00 144.0 8292.0 190.49 192.84 192.86 192.59 192.81 244.0 192.88 250.0 8292.0 2896.0 5396.0 0.0 192.734
11:41:00 112.0 6921.0 190.49 192.99 193.06 192.81 192.96 25.0 193.04 50.0 6921.0 5108.0 1813.0 0.0 192.9361
11:42:00 181.0 8195.0 190.49 192.66 192.95 192.52 192.64 250.0 192.74 125.0 8195.0 2544.0 5651.0 0.0 192.7355
11:43:00 122.0 4010.0 190.49 192.66 192.77 192.5 192.61 429.0 192.69 100.0 4010.0 1926.0 2084.0 0.0 192.6328
11:44:00 185.0 12138.0 190.49 192.61 192.75 192.51 192.59 200.0 192.63 10.0 12138.0 7062.0 5076.0 0.0 192.631
11:45:00 267.0 13635.0 190.49 192.49 192.63 192.32 192.44 1.0 192.5 401.0 13635.0 3631.0 10004.0 0.0 192.4418
11:46:00 75.0 3221.0 190.49 192.41 192.54 192.41 192.4 560.0 192.47 615.0 3221.0 1287.0 1934.0 0.0 192.481
11:47:00 134.0 6666.0 190.49 192.62 192.65 192.46 192.59 23.0 192.63 339.0 6666.0 4445.0 2221.0 0.0 192.5469
11:48:00 213.0 9970.0 190.49 192.55 192.77 192.51 192.55 100.0 192.58 119.0 9970.0 6854.0 3116.0 0.0 192.6511
11:49:00 129.0 6429.0 190.49 192.65 192.77 192.51 192.62 151.0 192.69 400.0 6429.0 3321.0 3108.0 0.0 192.6289
11:50:00 114.0 5592.0 190.49 192.65 192.7 192.53 192.65 104.0 192.7 709.0 5592.0 3046.0 2546.0 0.0 192.6255
11:51:00 149.0 5973.0 190.49 192.58 192.65 192.48 192.52 272.0 192.58 299.0 5973.0 2901.0 3072.0 0.0 192.5373
11:52:00 244.0 12411.0 190.49 192.7 192.77 192.57 192.71 255.0 192.74 210.0 12411.0 9892.0 2519.0 0.0 192.6899
11:53:00 245.0 11646.0 190.49 193.07 193.08 192.67 193.04 453.0 193.08 25.0 11646.0 8548.0 3098.0 0.0 192.814
11:54:00 157.0 6820.0 190.49 193.18 193.18 193.0 193.14 155.0 193.2 101.0 6820.0 3752.0 3068.0 0.0 193.1022
11:55:00 157.0 7452.0 190.49 193.25 193.3 193.16 193.22 380.0 193.28 414.0 7452.0 4409.0 3043.0 0.0 193.2372
11:56:00 133.0 4199.0 190.49 193.17 193.3 193.17 193.16 336.0 193.21 1.0 4199.0 1381.0 2818.0 0.0 193.2279
11:57:00 129.0 4344.0 190.49 193.21 193.23 193.13 193.19 1.0 193.22 12.0 4344.0 2240.0 2104.0 0.0 193.1753
11:58:00 190.0 7477.0 190.49 193.53 193.58 193.22 193.52 134.0 193.53 9.0 7477.0 4287.0 3190.0 0.0 193.4215
11:59:00 269.0 9229.0 190.49 193.78 193.78 193.41 193.72 71.0 193.8 273.0 9229.0 4261.0 4968.0 0.0 193.5814
12:00:00 188.0 8041.0 190.49 193.9 193.94 193.62 193.86 217.0 193.89 96.0 8041.0 3417.0 4624.0 0.0 193.841
12:01:00 140.0 5664.0 190.49 193.78 193.91 193.57 193.71 266.0 193.79 100.0 5664.0 794.0 4870.0 0.0 193.7552
12:02:00 136.0 4025.0 190.49 193.79 193.9 193.73 193.75 155.0 193.82 12.0 4025.0 1431.0 2594.0 0.0 193.8043
12:03:00 119.0 2916.0 190.49 193.78 193.82 193.67 193.76 289.0 193.82 1.0 2916.0 946.0 1970.0 0.0 193.7468
12:04:00 104.0 6027.0 190.49 193.82 193.85 193.72 193.81 565.0 193.88 210.0 6027.0 1898.0 4129.0 0.0 193.7944
12:05:00 134.0 5624.0 190.49 194.02 194.05 193.88 194.01 306.0 194.05 3.0 5624.0 3338.0 2286.0 0.0 193.9574
12:06:00 122.0 4675.0 190.49 194.19 194.29 194.05 194.18 135.0 194.25 628.0 4675.0 2746.0 1929.0 0.0 194.1935
12:07:00 126.0 6162.0 190.49 194.09 194.19 193.97 194.06 671.0 194.12 208.0 6162.0 2137.0 4025.0 0.0 194.0385
12:08:00 125.0 5004.0 190.49 194.08 194.15 194.02 194.05 6.0 194.1 50.0 5004.0 2006.0 2998.0 0.0 194.0789
12:09:00 217.0 9648.0 190.49 193.93 194.08 193.83 193.9 357.0 193.96 100.0 9648.0 2941.0 6707.0 0.0 193.9433
12:10:00 241.0 8140.0 190.49 193.69 193.99 193.62 193.67 7.0 193.74 125.0 8140.0 3197.0 4943.0 0.0 193.7438
12:11:00 115.0 5188.0 190.49 193.99 194.04 193.76 193.96 26.0 194.01 100.0 5188.0 2917.0 2271.0 0.0 193.8864
12:12:00 108.0 3156.0 190.49 194.15 194.22 193.96 194.12 52.0 194.19 748.0 3156.0 584.0 2572.0 0.0 194.1202
12:13:00 141.0 8062.0 190.49 194.44 194.5 194.17 194.44 252.0 194.5 242.0 8062.0 3566.0 4496.0 0.0 194.3199
12:14:00 116.0 4748.0 190.49 194.49 194.55 194.43 194.46 300.0 194.53 25.0 4748.0 2505.0 2243.0 0.0 194.5078
12:15:00 121.0 4650.0 190.49 194.48 194.48 194.22 194.45 13.0 194.5 74.0 4650.0 1559.0 3091.0 0.0 194.3593
12:16:00 157.0 7590.0 190.49 194.66 194.66 194.44 194.63 251.0 194.68 2.0 7590.0 4317.0 3273.0 0.0 194.5769
12:17:00 88.0 3072.0 190.49 194.96 194.96 194.68 194.94 206.0 194.99 107.0 3072.0 1970.0 1102.0 0.0 194.8779
12:18:00 174.0 8739.0 190.49 195.07 195.11 194.95 195.03 7.0 195.09 100.0 8739.0 6508.0 2231.0 0.0 195.017
12:19:00 123.0 4566.0 190.49 195.025 195.17 195.0 195.0 617.0 195.05 98.0 4566.0 981.0 3585.0 0.0 195.0675
12:20:00 81.0 2434.0 190.49 195.03 195.05 194.97 195.01 29.0 195.07 100.0 2434.0 605.0 1829.0 0.0 195.0104
12:21:00 1333.0 85710.0 190.49 195.58 196.2 194.98 195.55 17.0 195.63 820.0 85710.0 45215.0 40495.0 0.0 195.637
12:22:00 357.0 10798.0 190.49 195.18 195.63 195.0 195.1 617.0 195.23 200.0 10798.0 4145.0 6653.0 0.0 195.2823
12:23:00 226.0 7274.0 190.49 195.07 195.26 194.92 195.06 100.0 195.14 151.0 7274.0 1284.0 5990.0 0.0 195.0847
12:24:00 105.0 8845.0 190.49 194.93 195.12 194.88 194.9 241.0 194.96 25.0 8845.0 901.0 7944.0 0.0 194.9694
12:25:00 276.0 6846.0 190.49 194.71 195.04 194.64 194.69 15.0 194.76 132.0 6846.0 1686.0 5160.0 0.0 194.8334
12:26:00 171.0 4721.0 190.49 194.64 194.84 194.52 194.59 250.0 194.65 8.0 4721.0 3060.0 1661.0 0.0 194.7047
12:27:00 93.0 3351.0 190.49 194.8 194.86 194.66 194.78 625.0 194.85 138.0 3351.0 2648.0 703.0 0.0 194.7594
12:28:00 94.0 3980.0 190.49 195.11 195.11 194.78 195.06 25.0 195.14 149.0 3980.0 3102.0 878.0 0.0 194.9094
12:29:00 80.0 3800.0 190.49 195.09 195.2 195.06 195.08 10.0 195.15 7.0 3800.0 1663.0 2137.0 0.0 195.1311
12:30:00 92.0 2626.0 190.49 195.05 195.24 195.05 195.02 100.0 195.08 276.0 2626.0 1302.0 1324.0 0.0 195.1481
12:31:00 111.0 3701.0 190.49 194.77 195.15 194.77 194.75 201.0 194.83 149.0 3701.0 494.0 3207.0 0.0 194.9712
12:32:00 117.0 3272.0 190.49 194.88 194.97 194.78 194.84 225.0 194.9 172.0 3272.0 1774.0 1498.0 0.0 194.8941
12:33:00 133.0 3788.0 190.49 194.87 195.01 194.85 194.87 176.0 194.92 72.0 3788.0 2254.0 1534.0 0.0 194.9448
12:34:00 100.0 2827.0 190.49 194.7 194.87 194.67 194.68 125.0 194.75 100.0 2827.0 953.0 1874.0 0.0 194.7831
12:35:00 126.0 4872.0 190.49 194.76 194.84 194.6 194.73 1.0 194.82 300.0 4872.0 3760.0 1112.0 0.0 194.7531
12:36:00 65.0 1740.0 190.49 194.96 194.96 194.65 194.91 376.0 194.97 1.0 1740.0 687.0 1053.0 0.0 194.804
12:37:00 101.0 4978.0 190.49 194.98 194.98 194.81 194.93 25.0 195.0 572.0 4978.0 902.0 4076.0 0.0 194.9004
12:38:00 90.0 3111.0 190.49 194.99 195.14 194.94 195.0 50.0 195.06 20.0 3111.0 1851.0 1260.0 0.0 195.0366
12:39:00 180.0 6404.0 190.49 195.3 195.3 194.87 195.26 250.0 195.32 150.0 6404.0 4408.0 1996.0 0.0 195.0925
12:40:00 122.0 5841.0 190.49 195.26 195.45 195.26 195.26 570.0 195.31 38.0 5841.0 2973.0 2868.0 0.0 195.351
12:41:00 71.0 2798.0 190.49 195.15 195.31 195.03 195.16 251.0 195.24 175.0 2798.0 1023.0 1775.0 0.0 195.2066
12:42:00 84.0 2735.0 190.49 195.32 195.32 195.2 195.28 203.0 195.35 225.0 2735.0 1115.0 1620.0 0.0 195.262
12:43:00 92.0 4545.0 190.49 195.4 195.4 195.14 195.37 589.0 195.44 114.0 4545.0 3035.0 1510.0 0.0 195.2827
12:44:00 191.0 9807.0 190.49 195.31 195.5 195.31 195.33 35.0 195.39 1.0 9807.0 4850.0 4957.0 0.0 195.4526
12:45:00 162.0 5719.0 190.49 195.27 195.47 195.22 195.23 875.0 195.29 40.0 5719.0 1289.0 4430.0 0.0 195.3112
12:46:00 204.0 11542.0 190.49 195.52 195.52 195.29 195.45 26.0 195.54 312.0 11542.0 8660.0 2882.0 0.0 195.4725
12:47:00 72.0 3097.0 190.49 195.41 195.5 195.355 195.39 9.0 195.44 35.0 3097.0 1060.0 2037.0 0.0 195.443
12:48:00 111.0 6833.0 190.49 195.47 195.52 195.32 195.43 210.0 195.48 46.0 6833.0 2269.0 4564.0 0.0 195.4326
12:49:00 65.0 3350.0 190.49 195.61 195.62 195.48 195.56 536.0 195.61 50.0 3350.0 1788.0 1562.0 0.0 195.5682
12:50:00 103.0 5641.0 190.49 195.6 195.69 195.555 195.57 50.0 195.63 150.0 5641.0 2946.0 2695.0 0.0 195.6145
12:51:00 94.0 6457.0 190.49 195.61 195.63 195.49 195.57 150.0 195.62 309.0 6457.0 1046.0 5411.0 0.0 195.5303
12:52:00 186.0 9529.0 190.49 195.7 195.76 195.59 195.67 156.0 195.72 200.0 9529.0 5574.0 3955.0 0.0 195.6721
12:53:00 93.0 3542.0 190.49 195.88 195.9 195.68 195.88 39.0 195.91 200.0 3542.0 1308.0 2234.0 0.0 195.8237
12:54:00 140.0 6797.0 190.49 195.8 195.93 195.76 195.79 18.0 195.85 150.0 6797.0 1310.0 5487.0 0.0 195.8457
12:55:00 66.0 3004.0 190.49 195.97 195.97 195.88 195.94 290.0 195.98 10.0 3004.0 831.0 2173.0 0.0 195.9448
12:56:00 171.0 16627.0 190.49 196.07 196.15 195.98 196.06 51.0 196.1 208.0 16627.0 14931.0 1696.0 0.0 196.017
12:57:00 109.0 5706.0 190.49 196.25 196.25 196.0 196.22 66.0 196.26 201.0 5706.0 3759.0 1947.0 0.0 196.1269
12:58:00 112.0 3692.0 190.49 196.07 196.25 196.06 196.05 238.0 196.1 39.0 3692.0 1310.0 2382.0 0.0 196.1516
12:59:00 94.0 2797.0 190.49 196.08 196.12 195.96 196.06 150.0 196.08 5.0 2797.0 926.0 1871.0 0.0 196.0395
13:00:00 99.0 2803.0 190.49 196.17 196.21 196.06 196.15 225.0 196.21 25.0 2803.0 1463.0 1340.0 0.0 196.1513
13:01:00 145.0 5347.0 190.49 196.01 196.17 195.95 195.99 125.0 196.06 5.0 5347.0 1262.0 4085.0 0.0 196.0945
13:02:00 117.0 5417.0 190.49 196.04 196.1 195.88 196.02 5.0 196.06 111.0 5417.0 2156.0 3261.0 0.0 195.992
13:03:00 89.0 3808.0 190.49 195.98 196.13 195.89 195.9 393.0 196.0 255.0 3808.0 1099.0 2709.0 0.0 195.9679
13:04:00 61.0 3052.0 190.49 195.94 196.0 195.89 195.94 26.0 195.99 25.0 3052.0 1031.0 2021.0 0.0 195.9376
13:05:00 104.0 4641.0 190.49 196.13 196.13 195.95 196.11 25.0 196.15 13.0 4641.0 2594.0 2047.0 0.0 196.0615
13:06:00 81.0 2597.0 190.49 196.06 196.16 196.04 196.05 340.0 196.11 151.0 2597.0 813.0 1784.0 0.0 196.1066
13:07:00 529.0 23381.0 190.49 196.28 196.68 196.01 196.27 236.0 196.33 367.0 23381.0 18280.0 5101.0 0.0 196.4098
13:08:00 154.0 4853.0 190.49 196.28 196.33 196.16 196.25 200.0 196.34 483.0 4853.0 2724.0 2129.0 0.0 196.2566
13:09:00 80.0 2627.0 190.49 196.2 196.25 196.13 196.19 24.0 196.24 25.0 2627.0 1161.0 1466.0 0.0 196.2117
13:10:00 67.0 2628.0 190.49 196.42 196.43 196.17 196.38 2.0 196.43 62.0 2628.0 1435.0 1193.0 0.0 196.3027
13:11:00 105.0 5405.0 190.49 196.26 196.46 196.16 196.24 401.0 196.3 268.0 5405.0 809.0 4596.0 0.0 196.3148
13:12:00 98.0 4851.0 190.49 196.36 196.4 196.14 196.32 265.0 196.4 25.0 4851.0 2789.0 2062.0 0.0 196.2898
13:13:00 100.0 4024.0 190.49 196.35 196.43 196.17 196.32 225.0 196.38 300.0 4024.0 2068.0 1956.0 0.0 196.3241
13:14:00 107.0 3888.0 190.49 196.28 196.54 196.21 196.24 301.0 196.3 2.0 3888.0 2106.0 1782.0 0.0 196.4034
13:15:00 501.0 25450.0 190.49 196.9 196.98 196.23 196.91 275.0 196.98 50.0 25450.0 16969.0 8481.0 0.0 196.6186
13:16:00 1467.0 66960.0 190.49 197.45 197.7 196.91 197.45 11.0 197.49 38.0 66960.0 41613.0 25347.0 0.0 197.3301
13:17:00 1147.0 36745.0 190.49 198.21 198.3 197.47 198.2 700.0 198.27 66.0 36745.0 25358.0 11387.0 0.0 197.9088
13:18:00 555.0 32649.0 190.49 198.22 198.49 198.04 198.22 2.0 198.28 25.0 32649.0 11281.0 21368.0 0.0 198.303
13:19:00 529.0 19023.0 190.49 198.3 198.36 198.05 198.23 26.0 198.3 99.0 19023.0 8181.0 10842.0 0.0 198.2372
13:20:00 1049.0 46651.0 190.49 199.04 199.2 198.23 199.0 385.0 199.07 25.0 46651.0 35841.0 10810.0 0.0 198.8021
13:21:00 364.0 12155.0 190.49 198.63 199.07 198.61 198.62 66.0 198.67 17.0 12155.0 4426.0 7729.0 0.0 198.7503
13:22:00 359.0 19787.0 190.49 198.61 198.81 198.51 198.6 650.0 198.63 36.0 19787.0 11570.0 8217.0 0.0 198.6444
13:23:00 294.0 14565.0 190.49 198.47 198.79 198.47 198.45 375.0 198.5 1.0 14565.0 4517.0 10048.0 0.0 198.5954
13:24:00 375.0 12374.0 190.49 198.45 198.47 198.26 198.41 100.0 198.45 62.0 12374.0 6531.0 5843.0 0.0 198.3577
13:25:00 436.0 16176.0 190.49 198.76 199.0 198.4 198.71 260.0 198.77 82.0 16176.0 11196.0 4980.0 0.0 198.7692
13:26:00 439.0 13957.0 190.49 198.92 199.15 198.69 198.86 5.0 198.95 5.0 13957.0 7336.0 6621.0 0.0 198.9391
13:27:00 258.0 6182.0 190.49 198.59 199.03 198.57 198.56 717.0 198.61 100.0 6182.0 2096.0 4086.0 0.0 198.7917
13:28:00 148.0 2753.0 190.49 198.64 198.84 198.6 198.62 1.0 198.68 50.0 2753.0 1359.0 1394.0 0.0 198.7132
13:29:00 293.0 7898.0 190.49 198.52 198.67 198.37 198.51 230.0 198.58 3.0 7898.0 2722.0 5176.0 0.0 198.5227
13:30:00 219.0 8555.0 190.49 198.23 198.56 198.15 198.21 425.0 198.28 217.0 8555.0 3893.0 4662.0 0.0 198.337
13:31:00 248.0 12444.0 190.49 197.94 198.43 197.94 197.92 5.0 197.99 107.0 12444.0 3432.0 9012.0 0.0 198.1284
13:32:00 311.0 12025.0 190.49 198.07 198.11 197.7 198.02 25.0 198.08 150.0 12025.0 6020.0 6005.0 0.0 197.8608
13:33:00 251.0 10010.0 190.49 198.47 198.48 198.08 198.38 325.0 198.5 429.0 10010.0 5063.0 4947.0 0.0 198.2761
13:34:00 188.0 5795.0 190.49 198.44 198.67 198.39 198.43 25.0 198.5 1092.0 5795.0 3717.0 2078.0 0.0 198.5167
13:35:00 131.0 4319.0 190.49 198.4 198.46 198.26 198.37 10.0 198.44 203.0 4319.0 1745.0 2574.0 0.0 198.3795
13:36:00 119.0 5454.0 190.49 198.45 198.45 198.09 198.44 493.0 198.49 50.0 5454.0 2932.0 2522.0 0.0 198.2609
13:37:00 218.0 10849.0 190.49 198.61 198.65 198.43 198.58 24.0 198.68 88.0 10849.0 3750.0 7099.0 0.0 198.5336
13:38:00 339.0 17655.0 190.49 199.0 199.08 198.54 198.95 40.0 199.0 391.0 17655.0 14078.0 3577.0 0.0 198.8726
13:39:00 347.0 15270.0 190.49 199.12 199.295 198.94 199.09 25.0 199.17 125.0 15270.0 9730.0 5540.0 0.0 199.1462
13:40:00 186.0 8868.0 190.49 198.7 199.14 198.68 198.66 874.0 198.75 39.0 8868.0 3194.0 5674.0 0.0 198.9024
13:41:00 184.0 6227.0 190.49 198.61 198.72 198.35 198.57 50.0 198.63 100.0 6227.0 3525.0 2702.0 0.0 198.5375
13:42:00 124.0 4050.0 190.49 198.72 198.75 198.52 198.68 140.0 198.73 200.0 4050.0 2186.0 1864.0 0.0 198.6479
13:43:00 140.0 6256.0 190.49 198.84 198.94 198.62 198.8 20.0 198.86 151.0 6256.0 3317.0 2939.0 0.0 198.8046
13:44:00 109.0 5318.0 190.49 198.65 198.93 198.61 198.61 25.0 198.66 200.0 5318.0 1016.0 4302.0 0.0 198.8406
13:45:00 221.0 8767.0 190.49 198.48 198.76 198.3 198.36 136.0 198.46 2.0 8767.0 4010.0 4757.0 0.0 198.5315
13:46:00 141.0 5081.0 190.49 198.52 198.6 198.42 198.47 12.0 198.51 10.0 5081.0 2064.0 3017.0 0.0 198.5066
13:47:00 129.0 4922.0 190.49 198.78 198.84 198.51 198.77 443.0 198.88 899.0 4922.0 1925.0 2997.0 0.0 198.7085
13:48:00 109.0 5807.0 190.49 198.59 198.83 198.54 198.57 334.0 198.62 25.0 5807.0 1931.0 3876.0 0.0 198.6778
13:49:00 170.0 9955.0 190.49 198.865 198.93 198.63 198.8 220.0 198.9 93.0 9955.0 5129.0 4826.0 0.0 198.776
13:50:00 167.0 12354.0 190.49 199.07 199.2 198.9 199.07 200.0 199.11 467.0 12354.0 7440.0 4914.0 0.0 199.0309
13:51:00 179.0 5765.0 190.49 198.95 199.11 198.92 198.93 20.0 199.02 401.0 5765.0 2066.0 3699.0 0.0 199.0076
13:52:00 140.0 5472.0 190.49 199.0 199.05 198.82 199.0 210.0 199.05 54.0 5472.0 1657.0 3815.0 0.0 198.9423
13:53:00 197.0 6847.0 190.49 199.07 199.2 199.0 199.05 301.0 199.09 62.0 6847.0 4269.0 2578.0 0.0 199.0975
13:54:00 139.0 7026.0 190.49 199.14 199.24 199.04 199.13 200.0 199.19 19.0 7026.0 3779.0 3247.0 0.0 199.1148
13:55:00 165.0 6351.0 190.49 198.84 199.2 198.84 198.81 200.0 198.87 100.0 6351.0 1301.0 5050.0 0.0 199.0202
13:56:00 155.0 12374.0 190.49 198.98 199.01 198.81 198.93 327.0 199.05 99.0 12374.0 10944.0 1430.0 0.0 198.9829
13:57:00 84.0 4977.0 190.49 199.07 199.13 198.98 199.04 47.0 199.09 25.0 4977.0 1741.0 3236.0 0.0 199.0686
13:58:00 136.0 9838.0 190.49 198.87 199.22 198.86 198.85 269.0 198.9 106.0 9838.0 2647.0 7191.0 0.0 199.0886
13:59:00 78.0 3260.0 190.49 198.81 199.03 198.81 198.8 137.0 198.92 25.0 3260.0 781.0 2479.0 0.0 198.9559
14:00:00 178.0 7243.0 190.49 198.78 198.83 198.61 198.76 225.0 198.85 100.0 7243.0 3389.0 3854.0 0.0 198.7233
14:01:00 57.0 2648.0 190.49 198.83 198.9 198.73 198.78 458.0 198.84 43.0 2648.0 672.0 1976.0 0.0 198.8287
14:02:00 113.0 6024.0 190.49 198.98 199.02 198.78 198.97 492.0 199.03 163.0 6024.0 3062.0 2962.0 0.0 198.9659
14:03:00 107.0 4180.0 190.49 198.74 199.02 198.71 198.74 41.0 198.8 35.0 4180.0 1717.0 2463.0 0.0 198.9122
14:04:00 114.0 3577.0 190.49 198.7 198.78 198.56 198.69 15.0 198.76 102.0 3577.0 1131.0 2446.0 0.0 198.6865
14:05:00 94.0 4469.0 190.49 198.81 198.915 198.74 198.77 17.0 198.82 450.0 4469.0 2071.0 2398.0 0.0 198.8438
14:06:00 445.0 28809.0 190.49 199.6 199.625 198.73 199.56 800.0 199.63 253.0 28809.0 25149.0 3660.0 0.0 199.3422
14:07:00 132.0 5963.0 190.49 199.42 199.57 199.28 199.38 144.0 199.44 600.0 5963.0 2197.0 3766.0 0.0 199.4532
14:08:00 143.0 6820.0 190.49 199.4 199.55 199.35 199.39 100.0 199.46 115.0 6820.0 2560.0 4260.0 0.0 199.4345
14:09:00 93.0 3664.0 190.49 199.42 199.51 199.37 199.4 58.0 199.48 50.0 3664.0 1059.0 2605.0 0.0 199.4451
14:10:00 90.0 3243.0 190.49 199.26 199.4 199.16 199.24 23.0 199.31 444.0 3243.0 634.0 2609.0 0.0 199.2241
14:11:00 78.0 3570.0 190.49 199.34 199.42 199.22 199.31 600.0 199.37 313.0 3570.0 788.0 2782.0 0.0 199.3321
14:12:00 124.0 8273.0 190.49 199.44 199.52 199.37 199.41 38.0 199.49 50.0 8273.0 4357.0 3916.0 0.0 199.4703
14:13:00 136.0 10237.0 190.49 199.5 199.64 199.48 199.47 200.0 199.53 116.0 10237.0 6996.0 3241.0 0.0 199.547
14:14:00 151.0 7469.0 190.49 199.46 199.5 199.35 199.43 139.0 199.48 350.0 7469.0 1561.0 5908.0 0.0 199.4032
14:15:00 98.0 4323.0 190.49 199.38 199.49 199.3 199.34 22.0 199.4 550.0 4323.0 1113.0 3210.0 0.0 199.3929
14:16:00 85.0 3538.0 190.49 199.41 199.45 199.28 199.39 37.0 199.46 1050.0 3538.0 1218.0 2320.0 0.0 199.3417
14:17:00 272.0 14394.0 190.49 199.6 199.75 199.44 199.59 10.0 199.62 164.0 14394.0 9332.0 5062.0 0.0 199.6034
14:18:00 89.0 5027.0 190.49 199.72 199.72 199.54 199.69 224.0 199.73 5.0 5027.0 3618.0 1409.0 0.0 199.6566
14:19:00 138.0 8360.0 190.49 199.64 199.79 199.61 199.62 35.0 199.66 360.0 8360.0 3578.0 4782.0 0.0 199.7135
14:20:00 52.0 2185.0 190.49 199.57 199.74 199.57 199.56 2.0 199.59 60.0 2185.0 768.0 1417.0 0.0 199.6466
14:21:00 84.0 4593.0 190.49 199.57 199.6 199.43 199.53 825.0 199.6 25.0 4593.0 1901.0 2692.0 0.0 199.5138
14:22:00 51.0 2076.0 190.49 199.63 199.73 199.52 199.6 625.0 199.7 25.0 2076.0 1141.0 935.0 0.0 199.6092
14:23:00 69.0 2578.0 190.49 199.63 199.71 199.58 199.64 25.0 199.72 945.0 2578.0 1282.0 1296.0 0.0 199.6581
14:24:00 51.0 2719.0 190.49 199.67 199.74 199.59 199.59 414.0 199.65 1.0 2719.0 1581.0 1138.0 0.0 199.6565
14:25:00 255.0 6526.0 190.49 199.75 199.93 199.64 199.75 243.0 199.8 26.0 6526.0 4283.0 2243.0 0.0 199.8305
14:26:00 126.0 5361.0 190.49 199.57 199.78 199.57 199.56 302.0 199.63 50.0 5361.0 1875.0 3486.0 0.0 199.6587
14:27:00 96.0 4949.0 190.49 199.67 199.76 199.6 199.64 225.0 199.69 43.0 4949.0 1775.0 3174.0 0.0 199.7012
14:28:00 109.0 7655.0 190.49 199.5 199.7 199.44 199.49 538.0 199.52 521.0 7655.0 2916.0 4739.0 0.0 199.5627
14:29:00 96.0 6151.0 190.49 199.42 199.55 199.41 199.41 2.0 199.45 41.0 6151.0 2521.0 3630.0 0.0 199.4675
14:30:00 176.0 8166.0 190.49 199.19 199.46 199.16 199.2 10.0 199.24 250.0 8166.0 3170.0 4996.0 0.0 199.3119
14:31:00 114.0 5922.0 190.49 199.22 199.3 199.16 199.22 19.0 199.28 258.0 5922.0 3471.0 2451.0 0.0 199.2116
14:32:00 105.0 4620.0 190.49 199.17 199.29 199.14 199.17 349.0 199.22 225.0 4620.0 1152.0 3468.0 0.0 199.2268
14:33:00 192.0 9191.0 190.49 199.12 199.18 198.93 199.1 197.0 199.15 7.0 9191.0 1557.0 7634.0 0.0 199.0423
14:34:00 110.0 3479.0 190.49 199.1 199.16 199.0 199.09 100.0 199.13 50.0 3479.0 1814.0 1665.0 0.0 199.0486
14:35:00 126.0 5250.0 190.49 199.1 199.19 199.01 199.09 644.0 199.14 537.0 5250.0 1485.0 3765.0 0.0 199.0866
14:36:00 105.0 4897.0 190.49 199.23 199.25 199.09 199.19 694.0 199.25 336.0 4897.0 2016.0 2881.0 0.0 199.1638
14:37:00 134.0 6203.0 190.49 199.27 199.27 199.11 199.23 527.0 199.28 212.0 6203.0 3446.0 2757.0 0.0 199.192
14:38:00 135.0 6345.0 190.49 199.33 199.46 199.21 199.32 33.0 199.36 50.0 6345.0 1466.0 4879.0 0.0 199.3462
14:39:00 99.0 4076.0 190.49 199.29 199.35 199.15 199.26 200.0 199.31 425.0 4076.0 1078.0 2998.0 0.0 199.2776
14:40:00 139.0 3792.0 190.49 199.24 199.31 199.13 199.26 25.0 199.29 116.0 3792.0 1264.0 2528.0 0.0 199.2151
14:41:00 94.0 4413.0 190.49 199.23 199.3 199.13 199.19 146.0 199.25 25.0 4413.0 1821.0 2592.0 0.0 199.2167
14:42:00 125.0 4757.0 190.49 199.13 199.28 199.13 199.09 861.0 199.15 12.0 4757.0 2427.0 2330.0 0.0 199.2004
14:43:00 111.0 5811.0 190.49 199.22 199.22 199.08 199.15 100.0 199.24 195.0 5811.0 1521.0 4290.0 0.0 199.1459
14:44:00 86.0 3586.0 190.49 199.09 199.18 199.03 199.03 29.0 199.11 125.0 3586.0 878.0 2708.0 0.0 199.1116
14:45:00 57.0 2115.0 190.49 199.08 199.2 199.08 199.06 25.0 199.12 150.0 2115.0 553.0 1562.0 0.0 199.112
14:46:00 127.0 6467.0 190.49 199.07 199.16 198.9 199.05 14.0 199.1 325.0 6467.0 1891.0 4576.0 0.0 199.0763
14:47:00 105.0 3648.0 190.49 199.03 199.17 198.97 199.01 310.0 199.07 38.0 3648.0 1206.0 2442.0 0.0 199.0639
14:48:00 183.0 6718.0 190.49 198.91 199.16 198.85 198.89 28.0 198.94 241.0 6718.0 2300.0 4418.0 0.0 198.9714
14:49:00 171.0 8426.0 190.49 198.87 199.04 198.84 198.84 25.0 198.89 39.0 8426.0 3710.0 4716.0 0.0 198.9104
14:50:00 125.0 3828.0 190.49 198.96 199.05 198.89 198.94 225.0 198.98 100.0 3828.0 1766.0 2062.0 0.0 198.9804
14:51:00 124.0 4260.0 190.49 199.0 199.12 198.96 198.98 33.0 199.02 50.0 4260.0 2148.0 2112.0 0.0 199.0208
14:52:00 125.0 4719.0 190.49 198.97 199.05 198.88 198.94 323.0 199.0 1.0 4719.0 1529.0 3190.0 0.0 198.9623
14:53:00 247.0 10254.0 190.49 198.82 199.02 198.69 198.8 100.0 198.87 25.0 10254.0 5248.0 5006.0 0.0 198.8716
14:54:00 201.0 7245.0 190.49 198.55 198.8 198.51 198.56 390.0 198.6 49.0 7245.0 2110.0 5135.0 0.0 198.6067
14:55:00 203.0 7581.0 190.49 198.54 198.66 198.42 198.55 3.0 198.6 210.0 7581.0 3076.0 4505.0 0.0 198.5328
14:56:00 82.0 3226.0 190.49 198.66 198.71 198.53 198.66 150.0 198.71 15.0 3226.0 2146.0 1080.0 0.0 198.646
14:57:00 162.0 5628.0 190.49 198.92 198.93 198.71 198.89 34.0 198.94 111.0 5628.0 2770.0 2858.0 0.0 198.8525
14:58:00 109.0 4237.0 190.49 199.01 199.04 198.91 199.01 450.0 199.05 210.0 4237.0 3079.0 1158.0 0.0 198.9776
14:59:00 137.0 6130.0 190.49 199.08 199.115 198.99 199.06 746.0 199.11 100.0 6130.0 3893.0 2237.0 0.0 199.0444
15:00:00 183.0 15956.0 190.49 199.1 199.24 199.1 199.07 100.0 199.12 170.0 15956.0 3554.0 12402.0 0.0 199.1875
15:01:00 144.0 5270.0 190.49 199.18 199.2 199.0 199.13 797.0 199.2 1135.0 5270.0 2567.0 2703.0 0.0 199.1242
15:02:00 236.0 8065.0 190.49 199.295 199.35 199.15 199.27 305.0 199.33 49.0 8065.0 5183.0 2882.0 0.0 199.2556
15:03:00 122.0 4796.0 190.49 199.49 199.49 199.23 199.43 360.0 199.49 802.0 4796.0 2913.0 1883.0 0.0 199.3555
15:04:00 183.0 8902.0 190.49 199.5 199.54 199.36 199.49 150.0 199.54 155.0 8902.0 5269.0 3633.0 0.0 199.464
15:05:00 84.0 3437.0 190.49 199.54 199.64 199.53 199.52 172.0 199.59 315.0 3437.0 1500.0 1937.0 0.0 199.5871
15:06:00 59.0 2955.0 190.49 199.57 199.61 199.44 199.56 437.0 199.62 26.0 2955.0 1768.0 1187.0 0.0 199.5452
15:07:00 108.0 4177.0 190.49 199.48 199.595 199.43 199.44 19.0 199.49 200.0 4177.0 1716.0 2461.0 0.0 199.5107
15:08:00 100.0 3420.0 190.49 199.45 199.55 199.41 199.42 870.0 199.48 80.0 3420.0 1326.0 2094.0 0.0 199.4671
15:09:00 222.0 11901.0 190.49 199.0 199.44 198.98 199.0 32.0 199.05 187.0 11901.0 4518.0 7383.0 0.0 199.1582
15:10:00 126.0 5205.0 190.49 198.74 199.015 198.72 198.72 47.0 198.81 200.0 5205.0 2378.0 2827.0 0.0 198.8776
15:11:00 142.0 5274.0 190.49 198.53 198.89 198.53 198.51 183.0 198.57 306.0 5274.0 2861.0 2413.0 0.0 198.7285
15:12:00 117.0 4597.0 190.49 198.49 198.59 198.41 198.47 35.0 198.51 50.0 4597.0 1930.0 2667.0 0.0 198.5032
15:13:00 192.0 9505.0 190.49 198.23 198.5 198.1 198.18 150.0 198.26 325.0 9505.0 2256.0 7249.0 0.0 198.2942
15:14:00 252.0 16434.0 190.49 197.98 198.19 197.95 197.97 128.0 198.02 250.0 16434.0 2658.0 13776.0 0.0 198.0097
15:15:00 287.0 14693.0 190.49 197.67 198.07 197.58 197.65 56.0 197.7 422.0 14693.0 7249.0 7444.0 0.0 197.8839
15:16:00 270.0 8971.0 190.49 197.88 198.01 197.62 197.84 50.0 197.89 121.0 8971.0 5823.0 3148.0 0.0 197.8094
15:17:00 171.0 16887.0 190.49 197.82 197.94 197.76 197.8 38.0 197.85 355.0 16887.0 11068.0 5819.0 0.0 197.8589
15:18:00 254.0 12286.0 190.49 197.74 197.86 197.61 197.73 600.0 197.79 169.0 12286.0 7859.0 4427.0 0.0 197.7307
15:19:00 125.0 5689.0 190.49 197.81 197.84 197.62 197.75 200.0 197.85 103.0 5689.0 1919.0 3770.0 0.0 197.7293
15:20:00 125.0 4512.0 190.49 197.72 197.77 197.58 197.71 322.0 197.77 100.0 4512.0 1033.0 3479.0 0.0 197.6525
15:21:00 226.0 12805.0 190.49 197.9 198.09 197.71 197.9 67.0 197.97 10.0 12805.0 6701.0 6104.0 0.0 197.9543
15:22:00 104.0 4094.0 190.49 198.13 198.14 197.97 198.13 40.0 198.17 5.0 4094.0 2707.0 1387.0 0.0 198.0564
15:23:00 187.0 8296.0 190.49 198.49 198.5 198.14 198.43 46.0 198.5 200.0 8296.0 4630.0 3666.0 0.0 198.2942
15:24:00 163.0 9205.0 190.49 198.58 198.7 198.5 198.56 489.0 198.62 150.0 9205.0 3692.0 5513.0 0.0 198.6066
15:25:00 120.0 3783.0 190.49 198.44 198.64 198.44 198.42 113.0 198.49 240.0 3783.0 1149.0 2634.0 0.0 198.5365
15:26:00 160.0 4760.0 190.49 198.545 198.59 198.4 198.48 344.0 198.55 7.0 4760.0 2400.0 2360.0 0.0 198.496
15:27:00 102.0 3923.0 190.49 198.39 198.59 198.26 198.36 344.0 198.42 32.0 3923.0 1363.0 2560.0 0.0 198.4082
15:28:00 138.0 6445.0 190.49 198.12 198.45 198.09 198.08 50.0 198.16 220.0 6445.0 1722.0 4723.0 0.0 198.2236
15:29:00 130.0 6045.0 190.49 198.15 198.25 198.13 198.14 40.0 198.21 25.0 6045.0 4576.0 1469.0 0.0 198.1982
15:30:00 127.0 6115.0 190.49 198.02 198.17 197.95 198.03 327.0 198.1 250.0 6115.0 666.0 5449.0 0.0 198.0514
15:31:00 243.0 9700.0 190.49 198.21 198.44 197.93 198.2 28.0 198.26 288.0 9700.0 4530.0 5170.0 0.0 198.1918
15:32:00 161.0 6577.0 190.49 198.36 198.47 198.21 198.31 379.0 198.41 293.0 6577.0 4083.0 2494.0 0.0 198.322
15:33:00 222.0 8826.0 190.49 198.72 198.76 198.36 198.72 286.0 198.77 50.0 8826.0 6387.0 2439.0 0.0 198.608
15:34:00 128.0 5233.0 190.49 198.83 198.89 198.73 198.8 487.0 198.87 301.0 5233.0 2741.0 2492.0 0.0 198.8087
15:35:00 159.0 5651.0 190.49 199.0 199.0 198.83 198.98 292.0 199.02 250.0 5651.0 3124.0 2527.0 0.0 198.9372
15:36:00 130.0 5858.0 190.49 198.89 198.98 198.86 198.84 183.0 198.91 200.0 5858.0 2707.0 3151.0 0.0 198.921
15:37:00 90.0 2884.0 190.49 198.83 198.88 198.76 198.81 77.0 198.86 298.0 2884.0 912.0 1972.0 0.0 198.8273
15:38:00 200.0 7856.0 190.49 198.67 198.86 198.61 198.61 386.0 198.71 259.0 7856.0 2191.0 5665.0 0.0 198.754
15:39:00 349.0 15135.0 190.49 198.61 198.76 198.39 198.55 480.0 198.65 1.0 15135.0 4410.0 10725.0 0.0 198.5199
15:40:00 126.0 4602.0 190.49 198.52 198.66 198.37 198.48 400.0 198.52 240.0 4602.0 1502.0 3100.0 0.0 198.4731
15:41:00 182.0 7705.0 190.49 198.33 198.59 198.29 198.32 429.0 198.37 500.0 7705.0 3216.0 4489.0 0.0 198.4296
15:42:00 180.0 7455.0 190.49 198.33 198.56 198.32 198.33 104.0 198.37 50.0 7455.0 4220.0 3235.0 0.0 198.4321
15:43:00 250.0 7502.0 190.49 198.45 198.58 198.35 198.45 34.0 198.51 200.0 7502.0 5022.0 2480.0 0.0 198.4569
15:44:00 175.0 6223.0 190.49 198.52 198.52 198.33 198.5 511.0 198.53 700.0 6223.0 3301.0 2922.0 0.0 198.4274
15:45:00 246.0 9644.0 190.49 198.61 198.76 198.53 198.57 45.0 198.63 1640.0 9644.0 5652.0 3992.0 0.0 198.6358
15:46:00 347.0 13090.0 190.49 198.75 198.85 198.54 198.71 300.0 198.75 296.0 13090.0 7766.0 5324.0 0.0 198.6766
15:47:00 204.0 7383.0 190.49 198.68 198.78 198.57 198.68 50.0 198.71 151.0 7383.0 3996.0 3387.0 0.0 198.6665
15:48:00 188.0 6825.0 190.49 198.93 198.94 198.68 198.91 94.0 198.95 590.0 6825.0 4788.0 2037.0 0.0 198.8084
15:49:00 203.0 7793.0 190.49 198.91 198.95 198.85 198.89 33.0 198.94 290.0 7793.0 3260.0 4533.0 0.0 198.9007
15:50:00 293.0 12473.0 190.49 199.0 199.02 198.89 199.0 82.0 199.03 140.0 12473.0 8077.0 4396.0 0.0 198.9577
15:51:00 486.0 19950.0 190.49 199.49 199.56 199.0 199.47 295.0 199.51 200.0 19950.0 10713.0 9237.0 0.0 199.3608
15:52:00 482.0 20574.0 190.49 199.56 199.59 199.42 199.55 650.0 199.58 128.0 20574.0 10678.0 9896.0 0.0 199.5023
15:53:00 470.0 24486.0 190.49 199.66 199.7 199.53 199.64 167.0 199.67 250.0 24486.0 12802.0 11684.0 0.0 199.6229
15:54:00 313.0 11674.0 190.49 199.67 199.71 199.6 199.66 250.0 199.7 254.0 11674.0 6671.0 5003.0 0.0 199.6504
15:55:00 816.0 40044.0 190.49 199.95 199.99 199.69 199.94 69.0 199.96 50.0 40044.0 26229.0 13815.0 0.0 199.8421
15:56:00 1475.0 65900.0 190.49 200.21 200.21 199.81 200.2 550.0 200.22 413.0 65900.0 53029.0 12871.0 0.0 200.0376
15:57:00 729.0 30354.0 190.49 200.18 200.3 200.01 200.17 308.0 200.19 110.0 30354.0 13259.0 17095.0 0.0 200.1875
15:58:00 604.0 22970.0 190.49 200.12 200.23 200.07 200.11 331.0 200.13 169.0 22970.0 8312.0 14658.0 0.0 200.151
15:59:00 818.0 45429.0 190.49 200.08 200.14 200.0 200.07 250.0 200.09 63.0 45429.0 18598.0 26831.0 0.0 200.0957
16:00:00 1785.0 99792.0 190.49 200.24 200.34 200.08 200.23 2263.0 200.24 8906.0 99792.0 51169.0 48623.0 0.0 200.2238
16:01:00 24.0 196.0 190.49 199.99 200.48 199.94 200.23 1663.0 200.0 440.0 196.0 63.0 133.0 0.0 200.1455
16:02:00 10.0 391.0 190.49 199.9 200.0 199.9 200.23 1663.0 200.0 92.0 391.0 386.0 5.0 0.0 199.9988
16:03:00 15.0 676.0 190.49 200.0 200.0 199.81 200.23 1663.0 200.0 156.0 676.0 106.0 570.0 0.0 199.8859
16:04:00 6.0 317.0 190.49 199.9 200.0 199.81 200.23 1663.0 200.0 243.0 317.0 18.0 299.0 0.0 199.822
16:05:00 5.0 24.0 190.49 199.94 200.0 199.87 200.23 1663.0 199.94 88.0 24.0 24.0 0.0 0.0 199.9479
16:06:00 5.0 43.0 190.49 199.94 199.94 199.94 200.23 1663.0 199.94 45.0 43.0 43.0 0.0 0.0 199.94
16:07:00 11.0 272.0 190.49 199.96 199.96 199.94 200.23 1663.0 199.95 200.0 272.0 174.0 98.0 0.0 199.9484
16:08:00 3.0 350.0 190.49 199.9 199.9 199.9 200.23 1663.0 199.95 701.0 350.0 350.0 0.0 0.0 199.9
16:09:00 8.0 311.0 190.49 199.9 199.95 199.9 200.23 1663.0 199.9 303.0 311.0 1.0 310.0 0.0 199.9002
16:10:00 0.0 0.0 190.49 199.9 nan nan 200.23 1663.0 199.95 300.0 nan 0.0 0.0 0.0 nan
16:11:00 10.0 164.0 190.49 199.75 199.86 199.75 200.23 1663.0 199.75 187.0 164.0 16.0 148.0 0.0 199.773
16:12:00 6.0 39.0 190.49 199.75 199.75 199.59 200.23 1663.0 199.75 161.0 39.0 26.0 13.0 0.0 199.7
16:13:00 3.0 252.0 190.49 199.72 199.75 199.65 200.23 1663.0 199.75 160.0 252.0 252.0 0.0 0.0 199.6507
16:14:00 6.0 74.0 190.49 199.75 199.75 199.65 200.23 1663.0 199.75 91.0 74.0 74.0 0.0 0.0 199.7432
16:15:00 8.0 121.0 190.49 199.61 199.75 199.61 200.23 1663.0 199.75 149.0 121.0 10.0 111.0 0.0 199.6318
16:16:00 14.0 521.0 190.49 199.9 199.9 199.61 200.23 1663.0 199.9 30.0 521.0 259.0 262.0 0.0 199.8145
16:17:00 6.0 63.0 190.49 199.92 199.95 199.75 200.23 1663.0 199.93 100.0 63.0 63.0 0.0 0.0 199.8913
16:18:00 1.0 7.0 190.49 199.76 199.76 199.76 200.23 1663.0 199.91 53.0 7.0 0.0 7.0 0.0 199.76
16:19:00 5.0 240.0 190.49 199.75 199.75 199.75 200.23 1663.0 199.75 22.0 240.0 240.0 0.0 0.0 199.75
16:20:00 0.0 0.0 190.49 199.75 nan nan 200.23 1663.0 199.75 8.0 nan 0.0 0.0 0.0 nan
16:21:00 2.0 25.0 190.49 199.75 199.75 199.75 200.23 1663.0 199.8 51.0 25.0 8.0 17.0 0.0 199.75
16:22:00 9.0 531.0 190.49 199.9 199.9 199.8 200.23 1663.0 199.91 53.0 531.0 201.0 330.0 0.0 199.8902
16:23:00 5.0 400.0 190.49 199.7 199.75 199.7 200.23 1663.0 199.73 100.0 400.0 400.0 0.0 0.0 199.72
16:24:00 6.0 240.0 190.49 199.68 199.68 199.66 200.23 1663.0 199.7 100.0 240.0 240.0 0.0 0.0 199.6725
16:25:00 14.0 602.0 190.49 199.7 199.7 199.65 200.23 1663.0 199.88 3.0 602.0 350.0 252.0 0.0 199.6658
16:26:00 2.0 2.0 190.49 199.88 199.88 199.88 200.23 1663.0 199.88 1.0 2.0 2.0 0.0 0.0 199.88
16:27:00 4.0 219.0 190.49 199.65 199.66 199.65 200.23 1663.0 199.87 4.0 219.0 99.0 120.0 0.0 199.6545
16:28:00 3.0 19.0 190.49 199.65 199.65 199.65 200.23 1663.0 199.85 31.0 19.0 0.0 19.0 0.0 199.65
16:29:00 9.0 141.0 190.49 199.8 199.9 199.8 200.23 1663.0 199.9 25.0 141.0 91.0 50.0 0.0 199.8522
16:30:00 0.0 0.0 190.49 199.8 nan nan 200.23 1663.0 199.8 100.0 nan 0.0 0.0 0.0 nan
16:31:00 2.0 14.0 190.49 199.7 199.8 199.7 200.23 1663.0 199.8 124.0 14.0 0.0 14.0 0.0 199.7643
16:32:00 5.0 82.0 190.49 199.8 199.8 199.8 200.23 1663.0 199.8 42.0 82.0 82.0 0.0 0.0 199.8
16:33:00 6.0 44.0 190.49 199.9 199.9 199.8 200.23 1663.0 199.9 138.0 44.0 44.0 0.0 0.0 199.8432
16:34:00 4.0 26.0 190.49 199.9 199.9 199.75 200.23 1663.0 199.9 144.0 26.0 9.0 17.0 0.0 199.8019
16:35:00 0.0 0.0 190.49 199.9 nan nan 200.23 1663.0 199.9 554.0 nan 0.0 0.0 0.0 nan
16:36:00 3.0 50.0 190.49 199.89 199.9 199.89 200.23 1663.0 199.9 504.0 50.0 50.0 0.0 0.0 199.9
16:37:00 13.0 1000.0 190.49 199.95 199.95 199.89 200.23 1663.0 199.95 199.0 1000.0 1000.0 0.0 0.0 199.919
16:38:00 8.0 81.0 190.49 199.95 199.95 199.9 200.23 1663.0 199.9 10.0 81.0 66.0 15.0 0.0 199.9432
16:39:00 8.0 363.0 190.49 199.74 199.75 199.74 200.23 1663.0 199.74 637.0 363.0 310.0 53.0 0.0 199.7415
16:40:00 2.0 15.0 190.49 199.71 199.71 199.71 200.23 1663.0 199.74 637.0 15.0 0.0 15.0 0.0 199.71
16:41:00 2.0 220.0 190.49 199.74 199.74 199.74 200.23 1663.0 199.74 417.0 220.0 220.0 0.0 0.0 199.74
16:42:00 3.0 251.0 190.49 199.74 199.74 199.74 200.23 1663.0 199.74 166.0 251.0 251.0 0.0 0.0 199.74
16:43:00 1.0 1.0 190.49 199.74 199.74 199.74 200.23 1663.0 199.74 165.0 1.0 1.0 0.0 0.0 199.74
16:44:00 18.0 827.0 190.49 199.73 199.98 199.73 200.23 1663.0 199.9 1.0 827.0 796.0 31.0 0.0 199.9072
16:45:00 3.0 5.0 190.49 199.74 199.9 199.74 200.23 1663.0 199.98 93.0 5.0 1.0 4.0 0.0 199.9
16:46:00 21.0 329.0 190.49 200.0 200.0 199.78 200.23 1663.0 200.0 1.0 329.0 221.0 108.0 0.0 199.9943
16:47:00 2.0 1.0 190.49 199.98 199.98 199.8 200.23 1663.0 199.97 11.0 1.0 1.0 0.0 0.0 199.98
16:48:00 1.0 10.0 190.49 199.8 199.8 199.8 200.23 1663.0 200.0 1.0 10.0 0.0 10.0 0.0 199.8
16:49:00 0.0 0.0 190.49 199.8 nan nan 200.23 1663.0 200.0 36.0 nan 0.0 0.0 0.0 nan
16:50:00 0.0 0.0 190.49 199.8 nan nan 200.23 1663.0 200.0 36.0 nan 0.0 0.0 0.0 nan
16:51:00 1.0 1.0 190.49 199.89 199.89 199.89 200.23 1663.0 200.0 36.0 1.0 0.0 1.0 0.0 199.89
16:52:00 1.0 0.0 190.49 199.99 199.99 199.99 200.23 1663.0 200.0 57.0 nan 0.0 0.0 0.0 nan
16:53:00 5.0 47.0 190.49 200.0 200.0 199.8 200.23 1663.0 199.86 30.0 47.0 25.0 22.0 0.0 199.9064
16:54:00 5.0 114.0 190.49 199.75 199.86 199.75 200.23 1663.0 199.86 18.0 114.0 12.0 102.0 0.0 199.7616
16:55:00 0.0 0.0 190.49 199.75 nan nan 200.23 1663.0 199.86 18.0 nan 0.0 0.0 0.0 nan
16:56:00 1.0 1.0 190.49 199.86 199.86 199.86 200.23 1663.0 199.86 17.0 1.0 1.0 0.0 0.0 199.86
16:57:00 0.0 0.0 190.49 199.86 nan nan 200.23 1663.0 199.86 17.0 nan 0.0 0.0 0.0 nan
16:58:00 4.0 2002.0 190.49 199.66 199.86 199.66 200.23 1663.0 199.86 16.0 2002.0 1.0 2001.0 0.0 199.7001
16:59:00 20.0 368.0 190.49 199.65 200.0 199.65 200.23 1663.0 200.0 707.0 368.0 148.0 220.0 0.0 199.7911
17:00:00 1.0 1.0 190.49 199.65 199.65 199.65 200.23 1663.0 199.87 8.0 1.0 0.0 1.0 0.0 199.65
