time trade_count trade_volume trade_first trade_last trade_high trade_low bid_price bid_size ask_price ask_size hid_vol buy_vol sell_vol unsided_vol vwap
09:00:00 nan 200.0 217.87 217.84 217.9 217.78 217.8 20.0 217.9 174.0 200.0 60.0 140.0 0.0 217.8485
09:01:00 2.0 17.0 217.87 217.8 217.8 217.8 217.8 3.0 217.8 4.0 17.0 0.0 17.0 0.0 217.8
09:02:00 5.0 22.0 217.87 217.78 217.8 217.75 217.7 5158.0 217.8 919.0 22.0 0.0 22.0 0.0 217.7568
09:03:00 36.0 2436.0 217.87 217.7 217.8 217.7 217.7 2745.0 217.8 896.0 2436.0 23.0 2413.0 0.0 217.7009
09:04:00 1.0 0.0 217.87 217.75 217.75 217.75 217.7 2765.0 217.8 896.0 nan 0.0 0.0 0.0 nan
09:05:00 16.0 240.0 217.87 217.61 217.7 217.6 217.66 1.0 217.76 964.0 240.0 0.0 240.0 0.0 217.6196
09:06:00 3.0 91.0 217.87 217.61 217.61 217.6 217.66 1.0 217.76 964.0 91.0 0.0 91.0 0.0 217.6004
09:07:00 24.0 2467.0 217.87 217.6 217.72 217.6 217.6 222.0 217.8 150.0 2467.0 0.0 2467.0 0.0 217.6002
09:08:00 1.0 100.0 217.87 217.6 217.6 217.6 217.6 150.0 217.8 150.0 100.0 0.0 100.0 0.0 217.6
09:09:00 4.0 23.0 217.87 217.74 217.74 217.6 217.6 121.0 217.8 150.0 23.0 0.0 23.0 0.0 217.6
09:10:00 1.0 0.0 217.87 217.69 217.69 217.69 217.65 7.0 217.75 287.0 nan 0.0 0.0 0.0 nan
09:11:00 3.0 6.0 217.87 217.6 217.7 217.6 217.6 44.0 217.75 287.0 6.0 0.0 6.0 0.0 217.6833
09:12:00 12.0 487.0 217.87 217.75 217.75 217.69 217.7 55.0 217.83 50.0 487.0 287.0 200.0 0.0 217.7295
09:13:00 3.0 55.0 217.87 217.87 217.87 217.7 217.6 34.0 217.97 162.0 55.0 0.0 55.0 0.0 217.7
09:14:00 20.0 89.0 217.87 217.73 217.76 217.55 217.55 2.0 217.99 20.0 89.0 51.0 38.0 0.0 217.6772
09:15:00 2.0 0.0 217.87 217.6 217.6 217.6 217.55 4.0 217.99 60.0 nan 0.0 0.0 0.0 nan
09:16:00 9.0 774.0 217.87 217.73 217.73 217.7 217.73 65.0 217.9 100.0 774.0 637.0 137.0 0.0 217.7053
09:17:00 3.0 6.0 217.87 217.75 217.75 217.72 217.75 29.0 217.89 20.0 6.0 4.0 2.0 0.0 217.7283
09:18:00 7.0 16.0 217.87 217.8 217.8 217.73 217.73 53.0 217.89 20.0 16.0 0.0 16.0 0.0 217.7344
09:19:00 11.0 59.0 217.87 217.73 217.88 217.73 217.73 15.0 217.73 1.0 59.0 6.0 53.0 0.0 217.73
09:20:00 9.0 18.0 217.87 217.8 217.84 217.73 217.73 15.0 217.89 20.0 18.0 18.0 0.0 0.0 217.7939
09:21:00 59.0 808.0 217.87 217.27 217.8 217.27 217.45 2.0 217.56 58.0 808.0 78.0 730.0 0.0 217.6293
09:22:00 56.0 2501.0 217.87 217.2 217.53 217.1 217.2 21.0 217.68 5.0 2501.0 1.0 2500.0 0.0 217.1091
09:23:00 14.0 515.0 217.87 217.46 217.46 217.31 217.2 21.0 217.52 86.0 515.0 0.0 515.0 0.0 217.4005
09:24:00 14.0 289.0 217.87 217.68 217.68 217.3 217.5 46.0 217.7 5.0 289.0 5.0 284.0 0.0 217.5031
09:25:00 6.0 150.0 217.87 217.5 217.55 217.5 217.55 70.0 217.72 170.0 150.0 6.0 144.0 0.0 217.502
09:26:00 1.0 5.0 217.87 217.55 217.55 217.55 217.5 11.0 217.72 170.0 5.0 0.0 5.0 0.0 217.55
09:27:00 0.0 0.0 217.87 217.55 nan nan 217.5 11.0 217.67 103.0 nan 0.0 0.0 0.0 nan
09:28:00 6.0 77.0 217.87 217.35 217.62 217.35 217.25 31.0 217.5 366.0 77.0 0.0 77.0 0.0 217.3721
09:29:00 15.0 132.0 217.87 217.24 217.49 217.16 217.2 16.0 217.5 213.0 132.0 55.0 77.0 0.0 217.2146
09:30:00 22.0 536.0 217.87 217.1 217.24 217.1 217.14 200.0 217.5 13.0 536.0 200.0 336.0 0.0 217.1424
09:31:00 520.0 24602.0 217.87 218.42 218.48 217.25 218.34 424.0 218.48 10.0 24602.0 7269.0 17333.0 0.0 217.9169
09:32:00 580.0 13665.0 217.87 217.77 218.74 217.59 217.75 208.0 217.99 200.0 13665.0 6184.0 7481.0 0.0 218.3041
09:33:00 266.0 5606.0 217.87 218.4 218.74 217.5 218.39 52.0 218.57 25.0 5606.0 2652.0 2954.0 0.0 218.1161
09:34:00 377.0 9359.0 217.87 217.95 218.6 217.89 217.91 118.0 218.08 245.0 9359.0 3324.0 6035.0 0.0 218.2226
09:35:00 450.0 13615.0 217.87 218.61 218.68 217.95 218.51 1.0 218.63 174.0 13615.0 5532.0 8083.0 0.0 218.3009
09:36:00 306.0 11918.0 217.87 218.11 218.83 218.1 218.12 25.0 218.28 1.0 11918.0 4789.0 7129.0 0.0 218.6012
09:37:00 300.0 9347.0 217.87 218.19 218.56 218.13 218.11 25.0 218.3 25.0 9347.0 3451.0 5896.0 0.0 218.2846
09:38:00 250.0 10232.0 217.87 218.03 218.64 217.93 217.98 42.0 218.06 100.0 10232.0 2923.0 7309.0 0.0 218.2799
09:39:00 258.0 8368.0 217.87 218.39 218.51 218.06 218.34 23.0 218.41 3.0 8368.0 3895.0 4473.0 0.0 218.3408
09:40:00 233.0 4205.0 217.87 218.285 218.46 218.25 218.27 1.0 218.34 100.0 4205.0 2167.0 2038.0 0.0 218.3555
09:41:00 373.0 8449.0 217.87 218.7 218.76 218.11 218.6 40.0 218.7 100.0 8449.0 6091.0 2358.0 0.0 218.4312
09:42:00 774.0 20579.0 217.87 218.83 219.5 218.55 218.77 125.0 218.86 100.0 20579.0 9937.0 10642.0 0.0 219.0536
09:43:00 408.0 5212.0 217.87 219.11 219.25 218.52 219.08 19.0 219.14 100.0 5212.0 3077.0 2135.0 0.0 218.9618
09:44:00 471.0 7946.0 217.87 218.74 219.12 218.6 218.65 14.0 218.74 25.0 7946.0 3707.0 4239.0 0.0 218.861
09:45:00 316.0 7951.0 217.87 218.11 218.74 218.11 218.1 27.0 218.17 120.0 7951.0 2504.0 5447.0 0.0 218.3416
09:46:00 599.0 18522.0 217.87 217.32 218.19 217.24 217.3 220.0 217.39 225.0 18522.0 7665.0 10857.0 0.0 217.6681
09:47:00 405.0 12985.0 217.87 217.72 217.93 217.23 217.69 25.0 217.78 100.0 12985.0 7540.0 5445.0 0.0 217.6194
09:48:00 651.0 24458.0 217.87 216.91 217.91 216.76 216.9 313.0 217.01 12.0 24458.0 4998.0 19460.0 0.0 217.1624
09:49:00 345.0 12565.0 217.87 217.11 217.16 216.6 217.1 25.0 217.16 100.0 12565.0 4329.0 8236.0 0.0 216.866
09:50:00 311.0 8660.0 217.87 216.88 217.1 216.75 216.8 222.0 216.87 225.0 8660.0 4588.0 4072.0 0.0 216.9366
09:51:00 404.0 17111.0 217.87 216.79 217.3 216.69 216.76 125.0 216.86 30.0 17111.0 7395.0 9716.0 0.0 216.9199
09:52:00 613.0 25459.0 217.87 216.62 216.96 216.3 216.6 301.0 216.68 100.0 25459.0 13602.0 11857.0 0.0 216.5519
09:53:00 589.0 25870.0 217.87 216.5 216.9 216.09 216.49 25.0 216.57 10.0 25870.0 12332.0 13538.0 0.0 216.5034
09:54:00 259.0 9565.0 217.87 217.03 217.22 216.58 217.01 305.0 217.11 200.0 9565.0 5919.0 3646.0 0.0 216.9659
09:55:00 315.0 16625.0 217.87 217.3 217.5 217.07 217.28 125.0 217.39 152.0 16625.0 10448.0 6177.0 0.0 217.3315
09:56:00 163.0 5960.0 217.87 217.43 217.51 217.06 217.4 31.0 217.49 20.0 5960.0 2697.0 3263.0 0.0 217.2427
09:57:00 234.0 9125.0 217.87 217.86 217.99 217.48 217.81 25.0 217.92 225.0 9125.0 6107.0 3018.0 0.0 217.7966
09:58:00 198.0 13297.0 217.87 218.01 218.07 217.79 217.94 149.0 218.04 1025.0 13297.0 5039.0 8258.0 0.0 217.9104
09:59:00 168.0 7711.0 217.87 218.16 218.33 217.89 218.14 425.0 218.22 125.0 7711.0 5522.0 2189.0 0.0 218.0398
10:00:00 142.0 12146.0 217.87 218.16 218.3 218.09 218.13 225.0 218.22 35.0 12146.0 7427.0 4719.0 0.0 218.2278
10:01:00 399.0 19860.0 217.87 217.5 218.26 217.3 217.44 200.0 217.52 2.0 19860.0 4401.0 15459.0 0.0 217.8706
10:02:00 220.0 6289.0 217.87 217.74 217.9 217.44 217.7 101.0 217.77 133.0 6289.0 3510.0 2779.0 0.0 217.654
10:03:00 200.0 10850.0 217.87 218.39 218.48 217.77 218.3 25.0 218.39 25.0 10850.0 6901.0 3949.0 0.0 218.3036
10:04:00 168.0 4474.0 217.87 218.15 218.3 218.0 218.09 301.0 218.19 221.0 4474.0 1336.0 3138.0 0.0 218.1554
10:05:00 411.0 16289.0 217.87 218.0 218.27 217.69 217.99 150.0 218.06 54.0 16289.0 9583.0 6706.0 0.0 217.9187
10:06:00 252.0 7408.0 217.87 218.19 218.4 217.94 218.13 11.0 218.19 25.0 7408.0 4224.0 3184.0 0.0 218.2045
10:07:00 276.0 11896.0 217.87 218.97 219.04 218.2 218.9 25.0 219.0 50.0 11896.0 7764.0 4132.0 0.0 218.7385
10:08:00 288.0 6627.0 217.87 218.57 219.13 218.55 218.51 25.0 218.61 41.0 6627.0 2186.0 4441.0 0.0 218.9434
10:09:00 263.0 11002.0 217.87 219.05 219.1 218.61 219.0 3000.0 219.07 19.0 11002.0 7269.0 3733.0 0.0 218.8982
10:10:00 147.0 6450.0 217.87 218.66 219.17 218.63 218.64 30.0 218.73 454.0 6450.0 863.0 5587.0 0.0 218.8983
10:11:00 164.0 4046.0 217.87 218.8 218.9 218.49 218.69 37.0 218.8 125.0 4046.0 1237.0 2809.0 0.0 218.7292
10:12:00 244.0 5661.0 217.87 218.43 218.77 218.32 218.42 20.0 218.51 24.0 5661.0 2047.0 3614.0 0.0 218.4823
10:13:00 187.0 5799.0 217.87 218.25 218.67 218.07 218.08 25.0 218.23 25.0 5799.0 1762.0 4037.0 0.0 218.2948
10:14:00 157.0 4565.0 217.87 218.46 218.63 218.1 218.38 3.0 218.55 175.0 4565.0 3703.0 862.0 0.0 218.3768
10:15:00 93.0 2869.0 217.87 218.24 218.62 218.2 218.22 42.0 218.34 312.0 2869.0 1323.0 1546.0 0.0 218.4373
10:16:00 84.0 2367.0 217.87 218.32 218.57 218.19 218.32 377.0 218.45 300.0 2367.0 1419.0 948.0 0.0 218.36
10:17:00 141.0 4314.0 217.87 218.73 218.73 218.39 218.63 101.0 218.75 35.0 4314.0 3621.0 693.0 0.0 218.5611
10:18:00 147.0 6904.0 217.87 218.94 219.13 218.75 218.92 175.0 219.01 215.0 6904.0 5140.0 1764.0 0.0 218.8824
10:19:00 212.0 10066.0 217.87 218.92 219.3 218.92 218.92 1.0 219.0 233.0 10066.0 5262.0 4804.0 0.0 219.1281
10:20:00 229.0 6930.0 217.87 218.78 219.07 218.78 218.77 211.0 218.88 4.0 6930.0 1940.0 4990.0 0.0 218.9188
10:21:00 175.0 4418.0 217.87 218.73 219.03 218.7 218.7 105.0 218.76 300.0 4418.0 1457.0 2961.0 0.0 218.8285
10:22:00 171.0 4456.0 217.87 219.0 219.08 218.65 218.91 1.0 219.02 25.0 4456.0 1753.0 2703.0 0.0 218.8198
10:23:00 61.0 1985.0 217.87 218.61 218.94 218.58 218.55 331.0 218.64 25.0 1985.0 35.0 1950.0 0.0 218.8094
10:24:00 138.0 4248.0 217.87 218.47 218.64 218.4 218.41 50.0 218.53 25.0 4248.0 1324.0 2924.0 0.0 218.5001
10:25:00 56.0 1340.0 217.87 218.67 218.76 218.55 218.67 25.0 218.76 125.0 1340.0 724.0 616.0 0.0 218.6784
10:26:00 96.0 4116.0 217.87 218.25 218.67 218.25 218.25 188.0 218.3 276.0 4116.0 371.0 3745.0 0.0 218.3934
10:27:00 175.0 4399.0 217.87 218.26 218.3 217.86 218.21 230.0 218.3 150.0 4399.0 1228.0 3171.0 0.0 218.1059
10:28:00 128.0 3412.0 217.87 218.46 218.82 218.27 218.47 507.0 218.56 246.0 3412.0 1781.0 1631.0 0.0 218.5399
10:29:00 131.0 2886.0 217.87 218.8 218.8 218.5 218.75 179.0 218.83 53.0 2886.0 1867.0 1019.0 0.0 218.6348
10:30:00 129.0 4668.0 217.87 219.04 219.09 218.75 219.0 100.0 219.09 20.0 4668.0 3642.0 1026.0 0.0 218.9276
10:31:00 266.0 9676.0 217.87 219.56 219.65 219.03 219.57 501.0 219.63 25.0 9676.0 8279.0 1397.0 0.0 219.3633
10:32:00 313.0 14651.0 217.87 219.86 219.95 219.53 219.81 34.0 219.91 734.0 14651.0 8867.0 5784.0 0.0 219.7897
10:33:00 484.0 19138.0 217.87 220.34 220.4 219.83 220.3 450.0 220.36 157.0 19138.0 16298.0 2840.0 0.0 220.0906
10:34:00 352.0 7169.0 217.87 220.36 220.44 220.1 220.3 185.0 220.42 52.0 7169.0 3661.0 3508.0 0.0 220.2739
10:35:00 267.0 7628.0 217.87 220.32 220.41 220.21 220.28 102.0 220.33 110.0 7628.0 3330.0 4298.0 0.0 220.3231
10:36:00 212.0 5952.0 217.87 220.2 220.33 220.04 220.18 100.0 220.22 14.0 5952.0 3219.0 2733.0 0.0 220.2183
10:37:00 206.0 4455.0 217.87 220.39 220.4 220.13 220.26 325.0 220.35 95.0 4455.0 3332.0 1123.0 0.0 220.2626
10:38:00 261.0 9087.0 217.87 220.63 220.7 220.25 220.63 59.0 220.66 200.0 9087.0 8258.0 829.0 0.0 220.5018
10:39:00 225.0 6943.0 217.87 220.67 220.7 220.52 220.64 100.0 220.71 251.0 6943.0 3906.0 3037.0 0.0 220.6119
10:40:00 341.0 10849.0 217.87 221.05 221.06 220.6 221.01 452.0 221.05 25.0 10849.0 9781.0 1068.0 0.0 220.857
10:41:00 222.0 7846.0 217.87 221.1 221.1 220.91 221.05 500.0 221.11 2.0 7846.0 4451.0 3395.0 0.0 221.0423
10:42:00 351.0 11618.0 217.87 221.12 221.46 221.11 221.09 330.0 221.13 23.0 11618.0 7755.0 3863.0 0.0 221.2656
10:43:00 156.0 5644.0 217.87 221.18 221.39 221.13 221.11 25.0 221.18 16.0 5644.0 2844.0 2800.0 0.0 221.279
10:44:00 153.0 4337.0 217.87 221.35 221.35 221.11 221.29 201.0 221.36 25.0 4337.0 3581.0 756.0 0.0 221.2533
10:45:00 148.0 3862.0 217.87 221.39 221.4 221.23 221.35 25.0 221.41 4.0 3862.0 1904.0 1958.0 0.0 221.3223
10:46:00 172.0 3848.0 217.87 221.325 221.45 221.25 221.28 300.0 221.36 25.0 3848.0 1870.0 1978.0 0.0 221.3585
10:47:00 161.0 5016.0 217.87 221.55 221.6 221.28 221.52 532.0 221.58 6.0 5016.0 4397.0 619.0 0.0 221.4531
10:48:00 181.0 5846.0 217.87 221.73 221.79 221.56 221.68 25.0 221.75 581.0 5846.0 3335.0 2511.0 0.0 221.6736
10:49:00 192.0 11040.0 217.87 221.8 221.91 221.73 221.73 167.0 221.78 100.0 11040.0 6584.0 4456.0 0.0 221.8223
10:50:00 170.0 5192.0 217.87 221.63 221.87 221.46 221.64 151.0 221.7 151.0 5192.0 2247.0 2945.0 0.0 221.6621
10:51:00 227.0 7468.0 217.87 221.59 221.68 221.42 221.59 23.0 221.63 20.0 7468.0 4234.0 3234.0 0.0 221.5589
10:52:00 108.0 2428.0 217.87 221.58 221.69 221.5 221.53 200.0 221.6 25.0 2428.0 894.0 1534.0 0.0 221.6087
10:53:00 183.0 5813.0 217.87 221.93 221.95 221.53 221.88 50.0 221.93 17.0 5813.0 4472.0 1341.0 0.0 221.7775
10:54:00 169.0 5159.0 217.87 221.75 221.95 221.57 221.72 325.0 221.8 55.0 5159.0 1419.0 3740.0 0.0 221.7453
10:55:00 111.0 2196.0 217.87 221.88 221.88 221.63 221.81 27.0 221.88 224.0 2196.0 1212.0 984.0 0.0 221.7436
10:56:00 176.0 4559.0 217.87 221.54 221.85 221.54 221.46 17.0 221.55 260.0 4559.0 1216.0 3343.0 0.0 221.6984
10:57:00 171.0 3878.0 217.87 221.51 221.66 221.45 221.47 365.0 221.54 11.0 3878.0 1294.0 2584.0 0.0 221.5621
10:58:00 218.0 8470.0 217.87 221.25 221.61 221.25 221.24 25.0 221.31 25.0 8470.0 1758.0 6712.0 0.0 221.4082
10:59:00 177.0 6475.0 217.87 221.52 221.59 221.265 221.47 25.0 221.53 30.0 6475.0 3966.0 2509.0 0.0 221.4728
11:00:00 170.0 8825.0 217.87 221.56 221.85 221.53 221.52 8.0 221.59 241.0 8825.0 5835.0 2990.0 0.0 221.7102
11:01:00 191.0 5379.0 217.87 221.36 221.54 221.27 221.3 348.0 221.39 6.0 5379.0 3896.0 1483.0 0.0 221.3849
11:02:00 96.0 2782.0 217.87 221.38 221.55 221.34 221.4 200.0 221.42 37.0 2782.0 728.0 2054.0 0.0 221.414
11:03:00 202.0 6375.0 217.87 221.27 221.46 221.21 221.21 276.0 221.28 24.0 6375.0 3705.0 2670.0 0.0 221.3075
11:04:00 170.0 8847.0 217.87 221.16 221.31 221.15 221.11 10.0 221.15 685.0 8847.0 1781.0 7066.0 0.0 221.2399
11:05:00 107.0 3762.0 217.87 221.08 221.19 221.02 221.07 245.0 221.13 17.0 3762.0 2261.0 1501.0 0.0 221.0972
11:06:00 105.0 4584.0 217.87 221.1 221.13 220.96 221.04 401.0 221.12 150.0 4584.0 2829.0 1755.0 0.0 221.0408
11:07:00 100.0 4348.0 217.87 220.87 221.06 220.83 220.82 810.0 220.9 82.0 4348.0 1762.0 2586.0 0.0 220.9411
11:08:00 186.0 9949.0 217.87 220.76 221.04 220.75 220.75 2.0 220.81 143.0 9949.0 2813.0 7136.0 0.0 220.8626
11:09:00 83.0 2553.0 217.87 220.83 220.91 220.78 220.78 1123.0 220.84 155.0 2553.0 1128.0 1425.0 0.0 220.8316
11:10:00 310.0 11608.0 217.87 220.75 220.9 220.6 220.68 300.0 220.75 194.0 11608.0 4361.0 7247.0 0.0 220.7184
11:11:00 169.0 6004.0 217.87 220.6 220.85 220.5 220.51 173.0 220.61 1.0 6004.0 2236.0 3768.0 0.0 220.6234
11:12:00 212.0 14225.0 217.87 220.63 220.64 220.47 220.59 116.0 220.65 100.0 14225.0 10066.0 4159.0 0.0 220.5701
11:13:00 153.0 4325.0 217.87 220.37 220.61 220.34 220.3 45.0 220.37 751.0 4325.0 858.0 3467.0 0.0 220.5118
11:14:00 192.0 6632.0 217.87 220.18 220.44 220.11 220.13 50.0 220.22 338.0 6632.0 2618.0 4014.0 0.0 220.2758
11:15:00 179.0 4800.0 217.87 220.33 220.38 220.07 220.27 129.0 220.35 274.0 4800.0 2227.0 2573.0 0.0 220.1871
11:16:00 120.0 3967.0 217.87 220.22 220.32 220.02 220.19 100.0 220.26 386.0 3967.0 1541.0 2426.0 0.0 220.1625
11:17:00 118.0 3140.0 217.87 220.01 220.23 220.01 220.01 94.0 220.06 50.0 3140.0 1920.0 1220.0 0.0 220.1203
11:18:00 241.0 6226.0 217.87 220.21 220.26 219.93 220.21 139.0 220.25 100.0 6226.0 3255.0 2971.0 0.0 220.083
11:19:00 113.0 5176.0 217.87 220.16 220.26 220.055 220.14 112.0 220.22 25.0 5176.0 2874.0 2302.0 0.0 220.1348
11:20:00 56.0 2295.0 217.87 220.0 220.2 220.0 219.95 100.0 220.02 624.0 2295.0 1011.0 1284.0 0.0 220.1036
11:21:00 127.0 3871.0 217.87 219.71 219.98 219.705 219.71 9.0 219.77 308.0 3871.0 1946.0 1925.0 0.0 219.8276
11:22:00 105.0 3264.0 217.87 219.75 219.85 219.71 219.72 125.0 219.78 25.0 3264.0 2345.0 919.0 0.0 219.7758
11:23:00 153.0 4413.0 217.87 219.68 219.82 219.65 219.67 32.0 219.7 200.0 4413.0 1194.0 3219.0 0.0 219.7131
11:24:00 165.0 3970.0 217.87 219.53 219.69 219.53 219.52 92.0 219.58 582.0 3970.0 1661.0 2309.0 0.0 219.6219
11:25:00 169.0 5069.0 217.87 219.74 219.74 219.45 219.71 1.0 219.75 2.0 5069.0 2939.0 2130.0 0.0 219.5686
11:26:00 94.0 2775.0 217.87 219.59 219.71 219.53 219.56 25.0 219.63 142.0 2775.0 1000.0 1775.0 0.0 219.6147
11:27:00 116.0 3166.0 217.87 219.68 219.77 219.61 219.66 285.0 219.71 53.0 3166.0 767.0 2399.0 0.0 219.7289
11:28:00 144.0 2427.0 217.87 219.85 219.85 219.7 219.81 250.0 219.87 7.0 2427.0 1443.0 984.0 0.0 219.7876
11:29:00 210.0 4638.0 217.87 220.18 220.18 219.85 220.16 20.0 220.21 324.0 4638.0 3717.0 921.0 0.0 219.9969
11:30:00 220.0 5598.0 217.87 220.31 220.39 220.07 220.3 75.0 220.34 58.0 5598.0 3772.0 1826.0 0.0 220.2327
11:31:00 137.0 6039.0 217.87 220.42 220.57 220.25 220.43 200.0 220.48 369.0 6039.0 3552.0 2487.0 0.0 220.4233
11:32:00 133.0 4727.0 217.87 220.37 220.49 220.29 220.35 50.0 220.4 516.0 4727.0 1812.0 2915.0 0.0 220.4051
11:33:00 115.0 4640.0 217.87 220.4 220.58 220.3 220.35 226.0 220.43 225.0 4640.0 2320.0 2320.0 0.0 220.3847
11:34:00 60.0 2376.0 217.87 220.33 220.41 220.32 220.32 200.0 220.38 137.0 2376.0 785.0 1591.0 0.0 220.3693
11:35:00 64.0 2279.0 217.87 220.49 220.49 220.36 220.47 141.0 220.5 174.0 2279.0 1876.0 403.0 0.0 220.4211
11:36:00 87.0 2603.0 217.87 220.51 220.72 220.5 220.5 226.0 220.55 341.0 2603.0 943.0 1660.0 0.0 220.616
11:37:00 131.0 4212.0 217.87 220.245 220.57 220.22 220.21 300.0 220.28 352.0 4212.0 1555.0 2657.0 0.0 220.4434
11:38:00 26.0 1311.0 217.87 220.42 220.52 220.28 220.45 25.0 220.47 111.0 1311.0 1022.0 289.0 0.0 220.4074
11:39:00 92.0 3693.0 217.87 220.62 220.68 220.47 220.61 250.0 220.65 554.0 3693.0 1426.0 2267.0 0.0 220.5677
11:40:00 93.0 2875.0 217.87 220.73 220.8 220.62 220.7 273.0 220.76 222.0 2875.0 2434.0 441.0 0.0 220.7384
11:41:00 92.0 2324.0 217.87 220.47 220.7 220.47 220.45 101.0 220.51 10.0 2324.0 801.0 1523.0 0.0 220.626
11:42:00 107.0 2207.0 217.87 220.19 220.465 220.19 220.15 20.0 220.21 125.0 2207.0 410.0 1797.0 0.0 220.3186
11:43:00 223.0 6883.0 217.87 220.01 220.27 219.91 219.99 350.0 220.04 5.0 6883.0 2340.0 4543.0 0.0 220.0232
11:44:00 102.0 2499.0 217.87 219.98 220.08 219.83 219.92 210.0 219.98 25.0 2499.0 1554.0 945.0 0.0 219.9283
11:45:00 151.0 3582.0 217.87 220.0 220.15 219.89 219.97 200.0 220.03 100.0 3582.0 1204.0 2378.0 0.0 220.0354
11:46:00 90.0 2152.0 217.87 220.17 220.23 219.97 220.15 294.0 220.24 26.0 2152.0 1883.0 269.0 0.0 220.0967
11:47:00 134.0 2984.0 217.87 220.47 220.55 220.21 220.44 214.0 220.49 125.0 2984.0 1543.0 1441.0 0.0 220.4327
11:48:00 56.0 1795.0 217.87 220.52 220.58 220.465 220.48 301.0 220.54 377.0 1795.0 853.0 942.0 0.0 220.5366
11:49:00 103.0 3841.0 217.87 220.68 220.73 220.54 220.61 78.0 220.72 215.0 3841.0 2529.0 1312.0 0.0 220.6143
11:50:00 89.0 3107.0 217.87 220.6 220.7 220.53 220.54 100.0 220.61 232.0 3107.0 493.0 2614.0 0.0 220.6008
11:51:00 113.0 2960.0 217.87 220.72 220.77 220.6 220.66 75.0 220.76 314.0 2960.0 2035.0 925.0 0.0 220.6734
11:52:00 102.0 2173.0 217.87 220.81 220.92 220.76 220.77 150.0 220.83 268.0 2173.0 1182.0 991.0 0.0 220.8315
11:53:00 121.0 3177.0 217.87 220.79 220.85 220.7 220.73 200.0 220.8 9.0 3177.0 1074.0 2103.0 0.0 220.7632
11:54:00 65.0 1145.0 217.87 220.69 220.76 220.67 220.67 8.0 220.72 376.0 1145.0 544.0 601.0 0.0 220.7161
11:55:00 175.0 4645.0 217.87 220.52 220.68 220.4 220.49 100.0 220.53 62.0 4645.0 2570.0 2075.0 0.0 220.5236
11:56:00 110.0 3202.0 217.87 220.66 220.67 220.45 220.61 311.0 220.68 46.0 3202.0 2425.0 777.0 0.0 220.5579
11:57:00 162.0 5774.0 217.87 220.78 220.86 220.65 220.73 265.0 220.79 364.0 5774.0 4422.0 1352.0 0.0 220.7632
11:58:00 63.0 2322.0 217.87 220.88 220.94 220.77 220.87 150.0 220.94 237.0 2322.0 1399.0 923.0 0.0 220.875
11:59:00 49.0 1564.0 217.87 220.77 220.9 220.77 220.76 2.0 220.81 225.0 1564.0 202.0 1362.0 0.0 220.84
12:00:00 68.0 1994.0 217.87 220.85 220.85 220.73 220.83 120.0 220.89 285.0 1994.0 1151.0 843.0 0.0 220.7815
12:01:00 205.0 9635.0 217.87 221.0 221.04 220.89 220.97 251.0 221.03 20.0 9635.0 6394.0 3241.0 0.0 220.9751
12:02:00 239.0 4681.0 217.87 220.56 220.99 220.51 220.57 200.0 220.63 14.0 4681.0 2154.0 2527.0 0.0 220.637
12:03:00 45.0 1526.0 217.87 220.63 220.63 220.47 220.59 268.0 220.66 16.0 1526.0 1061.0 465.0 0.0 220.551
12:04:00 106.0 3265.0 217.87 220.64 220.68 220.5 220.62 122.0 220.66 150.0 3265.0 1711.0 1554.0 0.0 220.5834
12:05:00 82.0 2857.0 217.87 220.7 220.83 220.66 220.69 483.0 220.74 250.0 2857.0 781.0 2076.0 0.0 220.7587
12:06:00 143.0 5128.0 217.87 220.461 220.69 220.45 220.45 125.0 220.53 132.0 5128.0 1279.0 3849.0 0.0 220.5413
12:07:00 112.0 4200.0 217.87 220.38 220.47 220.25 220.3 150.0 220.4 25.0 4200.0 1176.0 3024.0 0.0 220.3539
12:08:00 122.0 3460.0 217.87 220.6 220.6 220.29 220.55 350.0 220.62 10.0 3460.0 2245.0 1215.0 0.0 220.4294
12:09:00 112.0 3131.0 217.87 220.3 220.56 220.23 220.29 1.0 220.38 214.0 3131.0 906.0 2225.0 0.0 220.3496
12:10:00 131.0 2758.0 217.87 220.2 220.35 220.13 220.18 1.0 220.22 166.0 2758.0 1161.0 1597.0 0.0 220.2576
12:11:00 136.0 4464.0 217.87 220.19 220.22 220.03 220.17 400.0 220.25 179.0 4464.0 1741.0 2723.0 0.0 220.0946
12:12:00 78.0 1776.0 217.87 220.2 220.27 220.13 220.16 30.0 220.21 4.0 1776.0 1199.0 577.0 0.0 220.2021
12:13:00 95.0 2075.0 217.87 220.2 220.26 220.15 220.19 50.0 220.21 144.0 2075.0 1089.0 986.0 0.0 220.2135
12:14:00 105.0 4184.0 217.87 220.25 220.26 220.1 220.17 250.0 220.26 150.0 4184.0 1755.0 2429.0 0.0 220.2145
12:15:00 117.0 3192.0 217.87 220.42 220.43 220.24 220.38 544.0 220.42 98.0 3192.0 2066.0 1126.0 0.0 220.3231
12:16:00 73.0 2848.0 217.87 220.26 220.4 220.22 220.19 200.0 220.28 180.0 2848.0 770.0 2078.0 0.0 220.3434
12:17:00 112.0 3207.0 217.87 220.01 220.22 219.98 220.0 10.0 220.04 40.0 3207.0 1333.0 1874.0 0.0 220.0863
12:18:00 96.0 2460.0 217.87 220.06 220.09 219.99 219.99 442.0 220.08 183.0 2460.0 1765.0 695.0 0.0 220.059
12:19:00 78.0 2206.0 217.87 220.02 220.02 219.91 220.0 248.0 220.06 71.0 2206.0 1128.0 1078.0 0.0 219.9696
12:20:00 122.0 2803.0 217.87 219.63 220.03 219.63 219.6 51.0 219.66 452.0 2803.0 291.0 2512.0 0.0 219.7901
12:21:00 171.0 7136.0 217.87 219.72 219.82 219.6 219.72 1111.0 219.77 37.0 7136.0 3171.0 3965.0 0.0 219.7084
12:22:00 97.0 3285.0 217.87 219.785 219.92 219.72 219.75 150.0 219.82 169.0 3285.0 995.0 2290.0 0.0 219.8588
12:23:00 107.0 1460.0 217.87 219.85 219.86 219.73 219.83 25.0 219.87 158.0 1460.0 906.0 554.0 0.0 219.8215
12:24:00 106.0 2726.0 217.87 219.86 219.94 219.75 219.85 100.0 219.89 40.0 2726.0 1592.0 1134.0 0.0 219.8295
12:25:00 36.0 2187.0 217.87 219.76 219.9 219.76 219.75 126.0 219.83 275.0 2187.0 57.0 2130.0 0.0 219.8218
12:26:00 86.0 2584.0 217.87 219.67 219.75 219.59 219.65 102.0 219.72 473.0 2584.0 1077.0 1507.0 0.0 219.6819
12:27:00 55.0 2158.0 217.87 219.65 219.705 219.6 219.62 101.0 219.67 320.0 2158.0 858.0 1300.0 0.0 219.6529
12:28:00 140.0 3154.0 217.87 219.95 220.0 219.61 219.93 9.0 219.98 75.0 3154.0 2233.0 921.0 0.0 219.7574
12:29:00 69.0 2100.0 217.87 219.99 220.0 219.89 219.98 1.0 220.02 16.0 2100.0 1448.0 652.0 0.0 219.9588
12:30:00 101.0 2397.0 217.87 220.075 220.1 219.97 220.03 419.0 220.12 137.0 2397.0 1373.0 1024.0 0.0 220.0386
12:31:00 155.0 4756.0 217.87 220.26 220.39 220.04 220.19 63.0 220.26 170.0 4756.0 2380.0 2376.0 0.0 220.267
12:32:00 56.0 1083.0 217.87 220.27 220.33 220.16 220.23 125.0 220.3 10.0 1083.0 521.0 562.0 0.0 220.2118
12:33:00 50.0 1246.0 217.87 220.27 220.3 220.15 220.25 1.0 220.32 239.0 1246.0 750.0 496.0 0.0 220.2192
12:34:00 129.0 5153.0 217.87 220.48 220.54 220.28 220.47 121.0 220.52 129.0 5153.0 4107.0 1046.0 0.0 220.4507
12:35:00 113.0 3735.0 217.87 220.7 220.7 220.49 220.65 200.0 220.7 103.0 3735.0 1729.0 2006.0 0.0 220.5884
12:36:00 128.0 6273.0 217.87 220.77 220.89 220.63 220.7 109.0 220.81 389.0 6273.0 2483.0 3790.0 0.0 220.7117
12:37:00 106.0 2348.0 217.87 220.86 220.89 220.74 220.79 465.0 220.86 35.0 2348.0 1225.0 1123.0 0.0 220.8517
12:38:00 195.0 4924.0 217.87 220.54 220.85 220.5 220.51 204.0 220.57 359.0 4924.0 1739.0 3185.0 0.0 220.6845
12:39:00 131.0 4420.0 217.87 220.63 220.63 220.47 220.55 220.0 220.64 252.0 4420.0 1567.0 2853.0 0.0 220.5228
12:40:00 110.0 2889.0 217.87 220.72 220.75 220.54 220.71 2.0 220.75 64.0 2889.0 1289.0 1600.0 0.0 220.6521
12:41:00 45.0 1207.0 217.87 220.78 220.8 220.74 220.74 361.0 220.8 203.0 1207.0 923.0 284.0 0.0 220.7758
12:42:00 81.0 3192.0 217.87 220.59 220.76 220.59 220.57 100.0 220.61 23.0 3192.0 1330.0 1862.0 0.0 220.6707
12:43:00 82.0 2602.0 217.87 220.425 220.68 220.425 220.42 5.0 220.46 254.0 2602.0 1404.0 1198.0 0.0 220.5708
12:44:00 70.0 3243.0 217.87 220.53 220.53 220.42 220.5 307.0 220.59 72.0 3243.0 2192.0 1051.0 0.0 220.452
12:45:00 64.0 1882.0 217.87 220.5 220.56 220.49 220.49 858.0 220.57 289.0 1882.0 621.0 1261.0 0.0 220.5314
12:46:00 92.0 3495.0 217.87 220.55 220.555 220.37 220.52 250.0 220.58 3.0 3495.0 1987.0 1508.0 0.0 220.4625
12:47:00 44.0 675.0 217.87 220.5 220.58 220.4 220.47 400.0 220.53 175.0 675.0 173.0 502.0 0.0 220.4809
12:48:00 36.0 1139.0 217.87 220.44 220.52 220.41 220.36 347.0 220.43 244.0 1139.0 330.0 809.0 0.0 220.4604
12:49:00 48.0 1663.0 217.87 220.33 220.41 220.25 220.24 206.0 220.31 281.0 1663.0 426.0 1237.0 0.0 220.3088
12:50:00 53.0 1984.0 217.87 220.24 220.29 220.19 220.18 300.0 220.24 180.0 1984.0 788.0 1196.0 0.0 220.2406
12:51:00 185.0 4893.0 217.87 220.07 220.2 219.98 220.04 30.0 220.09 100.0 4893.0 1506.0 3387.0 0.0 220.0748
12:52:00 72.0 3578.0 217.87 220.05 220.15 220.02 220.05 460.0 220.13 574.0 3578.0 684.0 2894.0 0.0 220.1035
12:53:00 104.0 2467.0 217.87 220.18 220.24 220.05 220.09 25.0 220.15 192.0 2467.0 1584.0 883.0 0.0 220.1127
12:54:00 50.0 1890.0 217.87 220.0 220.16 219.97 219.97 2.0 220.04 513.0 1890.0 636.0 1254.0 0.0 220.0761
12:55:00 115.0 5953.0 217.87 219.77 219.97 219.77 219.71 302.0 219.77 300.0 5953.0 816.0 5137.0 0.0 219.8742
12:56:00 91.0 1990.0 217.87 219.77 219.77 219.65 219.72 200.0 219.77 23.0 1990.0 1191.0 799.0 0.0 219.7049
12:57:00 58.0 1712.0 217.87 219.76 219.76 219.66 219.72 202.0 219.78 40.0 1712.0 1155.0 557.0 0.0 219.6889
12:58:00 103.0 2131.0 217.87 219.83 219.95 219.78 219.78 170.0 219.84 50.0 2131.0 1364.0 767.0 0.0 219.8847
12:59:00 45.0 2195.0 217.87 219.69 219.87 219.69 219.65 226.0 219.72 336.0 2195.0 685.0 1510.0 0.0 219.7934
13:00:00 57.0 1942.0 217.87 219.78 219.85 219.65 219.72 150.0 219.8 176.0 1942.0 1767.0 175.0 0.0 219.7783
13:01:00 74.0 2796.0 217.87 219.56 219.75 219.56 219.56 150.0 219.62 24.0 2796.0 993.0 1803.0 0.0 219.6389
13:02:00 109.0 4154.0 217.87 219.69 219.77 219.53 219.66 100.0 219.69 29.0 4154.0 2136.0 2018.0 0.0 219.6346
13:03:00 50.0 662.0 217.87 219.7 219.79 219.67 219.65 205.0 219.71 316.0 662.0 364.0 298.0 0.0 219.7336
13:04:00 181.0 13250.0 217.87 219.5 219.66 219.35 219.48 32.0 219.55 47.0 13250.0 2298.0 10952.0 0.0 219.5139
13:05:00 33.0 735.0 217.87 219.53 219.55 219.46 219.52 1109.0 219.58 3.0 735.0 415.0 320.0 0.0 219.5281
13:06:00 132.0 4861.0 217.87 219.31 219.56 219.2 219.3 25.0 219.33 2.0 4861.0 1666.0 3195.0 0.0 219.3841
13:07:00 136.0 4351.0 217.87 219.56 219.66 219.33 219.48 525.0 219.57 311.0 4351.0 1882.0 2469.0 0.0 219.5513
13:08:00 57.0 1394.0 217.87 219.49 219.54 219.42 219.45 111.0 219.52 47.0 1394.0 716.0 678.0 0.0 219.4757
13:09:00 41.0 1556.0 217.87 219.28 219.5 219.28 219.27 1.0 219.33 25.0 1556.0 681.0 875.0 0.0 219.3914
13:10:00 66.0 1408.0 217.87 219.39 219.4 219.2 219.34 325.0 219.42 113.0 1408.0 1078.0 330.0 0.0 219.3354
13:11:00 47.0 1296.0 217.87 219.6 219.6 219.31 219.58 25.0 219.62 46.0 1296.0 872.0 424.0 0.0 219.4458
13:12:00 52.0 710.0 217.87 219.65 219.71 219.61 219.62 5.0 219.68 100.0 710.0 473.0 237.0 0.0 219.6492
13:13:00 61.0 2563.0 217.87 219.64 219.68 219.51 219.61 149.0 219.67 31.0 2563.0 1432.0 1131.0 0.0 219.6161
13:14:00 72.0 2913.0 217.87 219.83 219.86 219.67 219.81 43.0 219.86 25.0 2913.0 2430.0 483.0 0.0 219.7768
13:15:00 149.0 3647.0 217.87 219.85 219.94 219.79 219.84 23.0 219.87 39.0 3647.0 1634.0 2013.0 0.0 219.8669
13:16:00 95.0 2779.0 217.87 219.6 219.84 219.57 219.59 1.0 219.64 216.0 2779.0 872.0 1907.0 0.0 219.6621
13:17:00 54.0 1469.0 217.87 219.4 219.59 219.4 219.37 26.0 219.45 93.0 1469.0 279.0 1190.0 0.0 219.4902
13:18:00 99.0 2751.0 217.87 219.28 219.5 219.1 219.26 25.0 219.3 50.0 2751.0 1366.0 1385.0 0.0 219.319
13:19:00 50.0 1634.0 217.87 219.41 219.5 219.28 219.39 25.0 219.42 49.0 1634.0 686.0 948.0 0.0 219.3909
13:20:00 38.0 806.0 217.87 219.4 219.5 219.36 219.41 362.0 219.5 91.0 806.0 451.0 355.0 0.0 219.4306
13:21:00 134.0 2166.0 217.87 219.61 219.76 219.4 219.59 52.0 219.65 187.0 2166.0 1008.0 1158.0 0.0 219.5925
13:22:00 52.0 1195.0 217.87 219.5 219.63 219.43 219.46 1.0 219.5 10.0 1195.0 685.0 510.0 0.0 219.4892
13:23:00 81.0 2900.0 217.87 219.46 219.48 219.3 219.46 25.0 219.51 118.0 2900.0 1324.0 1576.0 0.0 219.3771
13:24:00 44.0 1860.0 217.87 219.35 219.52 219.31 219.32 240.0 219.37 57.0 1860.0 717.0 1143.0 0.0 219.3895
13:25:00 32.0 1059.0 217.87 219.28 219.4 219.28 219.23 200.0 219.3 37.0 1059.0 113.0 946.0 0.0 219.3652
13:26:00 101.0 3548.0 217.87 219.5 219.5 219.23 219.46 1193.0 219.52 156.0 3548.0 1776.0 1772.0 0.0 219.3307
13:27:00 77.0 3419.0 217.87 219.68 219.68 219.45 219.64 300.0 219.7 20.0 3419.0 1569.0 1850.0 0.0 219.5147
13:28:00 50.0 557.0 217.87 219.67 219.73 219.65 219.67 519.0 219.74 113.0 557.0 254.0 303.0 0.0 219.6922
13:29:00 129.0 3987.0 217.87 219.7 219.77 219.63 219.67 352.0 219.75 400.0 3987.0 1745.0 2242.0 0.0 219.7077
13:30:00 39.0 740.0 217.87 219.7 219.7 219.59 219.63 100.0 219.7 25.0 740.0 165.0 575.0 0.0 219.6392
13:31:00 66.0 4048.0 217.87 219.615 219.8 219.45 219.56 300.0 219.64 50.0 4048.0 686.0 3362.0 0.0 219.5853
13:32:00 45.0 1420.0 217.87 219.56 219.66 219.47 219.53 10.0 219.63 190.0 1420.0 443.0 977.0 0.0 219.5596
13:33:00 64.0 1573.0 217.87 219.54 219.71 219.53 219.5 25.0 219.55 29.0 1573.0 470.0 1103.0 0.0 219.6317
13:34:00 61.0 2783.0 217.87 219.41 219.5 219.37 219.43 25.0 219.48 5.0 2783.0 2484.0 299.0 0.0 219.4101
13:35:00 54.0 1615.0 217.87 219.38 219.48 219.31 219.36 122.0 219.44 125.0 1615.0 1003.0 612.0 0.0 219.35
13:36:00 46.0 500.0 217.87 219.46 219.46 219.36 219.45 327.0 219.51 207.0 500.0 232.0 268.0 0.0 219.3993
13:37:00 119.0 2563.0 217.87 219.18 219.51 219.15 219.17 1.0 219.21 25.0 2563.0 543.0 2020.0 0.0 219.3578
13:38:00 77.0 1633.0 217.87 219.47 219.5 219.15 219.37 25.0 219.46 175.0 1633.0 900.0 733.0 0.0 219.3838
13:39:00 27.0 1031.0 217.87 219.5 219.5 219.37 219.47 200.0 219.54 2.0 1031.0 848.0 183.0 0.0 219.4607
13:40:00 48.0 1667.0 217.87 219.47 219.54 219.42 219.44 1.0 219.5 95.0 1667.0 553.0 1114.0 0.0 219.466
13:41:00 42.0 656.0 217.87 219.4 219.52 219.38 219.41 125.0 219.48 302.0 656.0 265.0 391.0 0.0 219.4474
13:42:00 32.0 648.0 217.87 219.41 219.46 219.38 219.35 178.0 219.43 25.0 648.0 144.0 504.0 0.0 219.4126
13:43:00 31.0 1084.0 217.87 219.41 219.47 219.38 219.38 6.0 219.45 402.0 1084.0 685.0 399.0 0.0 219.4393
13:44:00 47.0 1237.0 217.87 219.51 219.55 219.4 219.48 24.0 219.53 50.0 1237.0 851.0 386.0 0.0 219.4663
13:45:00 80.0 2762.0 217.87 219.4 219.61 219.4 219.35 7.0 219.44 701.0 2762.0 1697.0 1065.0 0.0 219.5555
13:46:00 60.0 1015.0 217.87 219.4 219.4 219.23 219.36 125.0 219.43 50.0 1015.0 785.0 230.0 0.0 219.3064
13:47:00 33.0 906.0 217.87 219.4 219.52 219.35 219.36 35.0 219.46 25.0 906.0 318.0 588.0 0.0 219.434
13:48:00 54.0 2070.0 217.87 219.38 219.57 219.35 219.32 944.0 219.43 115.0 2070.0 560.0 1510.0 0.0 219.4676
13:49:00 66.0 2427.0 217.87 219.28 219.4 219.27 219.25 1.0 219.3 200.0 2427.0 512.0 1915.0 0.0 219.3296
13:50:00 72.0 1653.0 217.87 219.33 219.42 219.2 219.32 326.0 219.38 2.0 1653.0 623.0 1030.0 0.0 219.3427
13:51:00 24.0 671.0 217.87 219.35 219.39 219.32 219.33 1.0 219.37 1.0 671.0 565.0 106.0 0.0 219.3374
13:52:00 59.0 1125.0 217.87 219.34 219.37 219.25 219.3 250.0 219.38 53.0 1125.0 678.0 447.0 0.0 219.2991
13:53:00 24.0 424.0 217.87 219.41 219.48 219.37 219.39 25.0 219.45 310.0 424.0 258.0 166.0 0.0 219.4264
13:54:00 60.0 2276.0 217.87 219.44 219.44 219.33 219.39 820.0 219.48 200.0 2276.0 661.0 1615.0 0.0 219.377
13:55:00 39.0 1399.0 217.87 219.54 219.54 219.41 219.49 150.0 219.55 20.0 1399.0 559.0 840.0 0.0 219.4702
13:56:00 62.0 1097.0 217.87 219.54 219.56 219.44 219.5 216.0 219.57 75.0 1097.0 388.0 709.0 0.0 219.5043
13:57:00 77.0 2314.0 217.87 219.5 219.61 219.47 219.43 316.0 219.51 450.0 2314.0 734.0 1580.0 0.0 219.5344
13:58:00 140.0 4852.0 217.87 219.29 219.5 219.25 219.26 25.0 219.33 17.0 4852.0 3497.0 1355.0 0.0 219.3222
13:59:00 55.0 1024.0 217.87 219.3 219.31 219.13 219.23 350.0 219.31 200.0 1024.0 455.0 569.0 0.0 219.2336
14:00:00 83.0 2250.0 217.87 219.33 219.33 219.15 219.22 350.0 219.34 176.0 2250.0 1438.0 812.0 0.0 219.2377
14:01:00 90.0 2679.0 217.87 219.64 219.64 219.31 219.59 25.0 219.64 100.0 2679.0 1872.0 807.0 0.0 219.482
14:02:00 69.0 1754.0 217.87 219.44 219.59 219.44 219.38 11.0 219.46 302.0 1754.0 546.0 1208.0 0.0 219.5336
14:03:00 78.0 2482.0 217.87 219.71 219.71 219.34 219.67 206.0 219.74 438.0 2482.0 2125.0 357.0 0.0 219.5547
14:04:00 73.0 4561.0 217.87 219.9 219.9 219.68 219.85 25.0 219.9 102.0 4561.0 3064.0 1497.0 0.0 219.8026
14:05:00 191.0 6596.0 217.87 220.0 220.1 219.86 220.0 100.0 220.06 200.0 6596.0 5477.0 1119.0 0.0 220.0003
14:06:00 63.0 1867.0 217.87 219.91 220.06 219.9 219.9 5.0 219.95 2.0 1867.0 1025.0 842.0 0.0 219.9993
14:07:00 67.0 3099.0 217.87 220.01 220.08 219.9 219.99 150.0 220.05 10.0 3099.0 2504.0 595.0 0.0 220.0047
14:08:00 41.0 1295.0 217.87 220.09 220.12 220.02 220.05 50.0 220.14 194.0 1295.0 785.0 510.0 0.0 220.0842
14:09:00 37.0 1305.0 217.87 220.05 220.15 220.05 220.04 2.0 220.09 300.0 1305.0 582.0 723.0 0.0 220.0772
14:10:00 32.0 304.0 217.87 220.04 220.11 220.0 220.04 25.0 220.11 3.0 304.0 115.0 189.0 0.0 220.0529
14:11:00 56.0 2140.0 217.87 220.01 220.11 220.01 219.97 1.0 220.04 200.0 2140.0 475.0 1665.0 0.0 220.06
14:12:00 75.0 1910.0 217.87 219.85 220.04 219.8 219.82 250.0 219.92 95.0 1910.0 706.0 1204.0 0.0 219.9061
14:13:00 135.0 4447.0 217.87 219.37 219.87 219.16 219.33 55.0 219.38 2.0 4447.0 1863.0 2584.0 0.0 219.4184
14:14:00 59.0 2016.0 217.87 219.21 219.41 219.16 219.13 325.0 219.21 100.0 2016.0 1397.0 619.0 0.0 219.2471
14:15:00 143.0 9376.0 217.87 218.98 219.2 218.92 218.95 25.0 219.02 127.0 9376.0 3079.0 6297.0 0.0 219.0138
14:16:00 114.0 3162.0 217.87 218.77 219.03 218.77 218.76 900.0 218.82 150.0 3162.0 1151.0 2011.0 0.0 218.8792
14:17:00 108.0 2702.0 217.87 218.63 218.84 218.57 218.62 100.0 218.69 100.0 2702.0 1410.0 1292.0 0.0 218.6818
14:18:00 107.0 5354.0 217.87 218.92 218.95 218.67 218.9 101.0 218.99 225.0 5354.0 3963.0 1391.0 0.0 218.7823
14:19:00 135.0 4897.0 217.87 218.95 219.16 218.89 218.88 125.0 218.97 275.0 4897.0 3262.0 1635.0 0.0 219.015
14:20:00 90.0 1587.0 217.87 218.87 219.18 218.87 218.82 338.0 218.97 127.0 1587.0 902.0 685.0 0.0 219.016
14:21:00 59.0 912.0 217.87 219.03 219.09 218.96 219.03 25.0 219.1 25.0 912.0 676.0 236.0 0.0 219.0305
14:22:00 52.0 1196.0 217.87 219.0 219.08 218.94 218.92 735.0 219.03 244.0 1196.0 398.0 798.0 0.0 219.0019
14:23:00 97.0 3431.0 217.87 218.85 219.0 218.81 218.77 200.0 218.86 305.0 3431.0 1434.0 1997.0 0.0 218.9171
14:24:00 192.0 9940.0 217.87 218.55 218.87 218.37 218.51 104.0 218.58 8.0 9940.0 1524.0 8416.0 0.0 218.5757
14:25:00 61.0 1971.0 217.87 218.79 218.79 218.47 218.76 322.0 218.84 25.0 1971.0 1089.0 882.0 0.0 218.5922
14:26:00 92.0 2273.0 217.87 218.57 218.76 218.5 218.52 204.0 218.58 2.0 2273.0 371.0 1902.0 0.0 218.5976
14:27:00 56.0 1601.0 217.87 218.57 218.76 218.49 218.53 25.0 218.63 36.0 1601.0 742.0 859.0 0.0 218.5604
14:28:00 198.0 8613.0 217.87 218.41 218.6 218.26 218.34 225.0 218.4 2.0 8613.0 919.0 7694.0 0.0 218.4283
14:29:00 42.0 908.0 217.87 218.34 218.5 218.33 218.28 350.0 218.36 152.0 908.0 299.0 609.0 0.0 218.3991
14:30:00 83.0 3760.0 217.87 218.2 218.39 218.18 218.19 6.0 218.25 327.0 3760.0 2726.0 1034.0 0.0 218.2965
14:31:00 134.0 2891.0 217.87 218.13 218.22 218.02 218.13 150.0 218.21 102.0 2891.0 979.0 1912.0 0.0 218.1238
14:32:00 145.0 5463.0 217.87 218.0 218.15 217.92 217.98 300.0 218.04 296.0 5463.0 898.0 4565.0 0.0 218.0309
14:33:00 78.0 2544.0 217.87 218.23 218.29 218.02 218.21 50.0 218.3 60.0 2544.0 1314.0 1230.0 0.0 218.1082
14:34:00 66.0 1608.0 217.87 218.18 218.26 218.06 218.13 225.0 218.2 2.0 1608.0 330.0 1278.0 0.0 218.1601
14:35:00 189.0 7836.0 217.87 218.36 218.4 218.09 218.3 2.0 218.37 46.0 7836.0 2698.0 5138.0 0.0 218.2944
14:36:00 129.0 3162.0 217.87 218.3 218.41 218.21 218.27 12.0 218.32 50.0 3162.0 689.0 2473.0 0.0 218.3091
14:37:00 75.0 1275.0 217.87 218.24 218.39 218.22 218.21 1.0 218.27 101.0 1275.0 362.0 913.0 0.0 218.2756
14:38:00 81.0 2061.0 217.87 218.29 218.29 218.08 218.22 124.0 218.3 152.0 2061.0 394.0 1667.0 0.0 218.1462
14:39:00 92.0 2139.0 217.87 218.32 218.4 218.17 218.25 175.0 218.32 2.0 2139.0 995.0 1144.0 0.0 218.279
14:40:00 180.0 6891.0 217.87 218.59 218.59 218.24 218.5 25.0 218.59 25.0 6891.0 4670.0 2221.0 0.0 218.4743
14:41:00 137.0 2091.0 217.87 218.3 218.51 218.3 218.26 11.0 218.33 200.0 2091.0 700.0 1391.0 0.0 218.4034
14:42:00 43.0 779.0 217.87 218.41 218.46 218.31 218.37 317.0 218.48 27.0 779.0 323.0 456.0 0.0 218.4097
14:43:00 55.0 749.0 217.87 218.36 218.46 218.3 218.29 344.0 218.36 435.0 749.0 84.0 665.0 0.0 218.3721
14:44:00 132.0 3933.0 217.87 218.27 218.51 218.21 218.23 100.0 218.32 231.0 3933.0 1194.0 2739.0 0.0 218.4085
14:45:00 72.0 964.0 217.87 218.38 218.5 218.23 218.32 530.0 218.4 3.0 964.0 539.0 425.0 0.0 218.3776
14:46:00 109.0 3335.0 217.87 218.55 218.62 218.33 218.49 225.0 218.6 75.0 3335.0 2092.0 1243.0 0.0 218.5337
14:47:00 22.0 485.0 217.87 218.61 218.61 218.45 218.54 30.0 218.62 26.0 485.0 282.0 203.0 0.0 218.5164
14:48:00 87.0 2126.0 217.87 218.43 218.54 218.35 218.39 3.0 218.45 45.0 2126.0 633.0 1493.0 0.0 218.4297
14:49:00 94.0 3428.0 217.87 218.29 218.41 218.24 218.26 510.0 218.31 25.0 3428.0 457.0 2971.0 0.0 218.3193
14:50:00 108.0 4109.0 217.87 218.6 218.76 218.31 218.59 3.0 218.65 25.0 4109.0 3188.0 921.0 0.0 218.5387
14:51:00 180.0 14770.0 217.87 218.75 218.82 218.53 218.73 211.0 218.81 325.0 14770.0 3269.0 11501.0 0.0 218.7747
14:52:00 97.0 2708.0 217.87 218.52 218.73 218.49 218.43 50.0 218.52 500.0 2708.0 938.0 1770.0 0.0 218.5921
14:53:00 62.0 2481.0 217.87 218.39 218.53 218.27 218.36 1.0 218.43 25.0 2481.0 946.0 1535.0 0.0 218.3744
14:54:00 46.0 1301.0 217.87 218.41 218.44 218.36 218.32 150.0 218.42 225.0 1301.0 648.0 653.0 0.0 218.3806
14:55:00 29.0 1068.0 217.87 218.42 218.44 218.36 218.38 236.0 218.44 27.0 1068.0 1043.0 25.0 0.0 218.4098
14:56:00 101.0 4475.0 217.87 218.56 218.56 218.3 218.52 25.0 218.57 4.0 4475.0 3220.0 1255.0 0.0 218.4447
14:57:00 77.0 3273.0 217.87 218.36 218.5 218.3 218.33 1.0 218.41 25.0 3273.0 1388.0 1885.0 0.0 218.3589
14:58:00 58.0 2339.0 217.87 218.47 218.5 218.37 218.41 225.0 218.49 25.0 2339.0 1711.0 628.0 0.0 218.4721
14:59:00 39.0 2309.0 217.87 218.07 218.4 218.07 218.07 111.0 218.12 50.0 2309.0 46.0 2263.0 0.0 218.27
15:00:00 91.0 2895.0 217.87 218.09 218.24 218.01 218.0 2350.0 218.07 25.0 2895.0 2285.0 610.0 0.0 218.1431
15:01:00 79.0 2255.0 217.87 218.23 218.27 218.04 218.21 1.0 218.27 42.0 2255.0 1540.0 715.0 0.0 218.1728
15:02:00 61.0 2139.0 217.87 218.22 218.32 218.13 218.21 154.0 218.29 120.0 2139.0 913.0 1226.0 0.0 218.2023
15:03:00 70.0 1290.0 217.87 218.24 218.29 218.135 218.17 26.0 218.25 25.0 1290.0 908.0 382.0 0.0 218.2196
15:04:00 245.0 11523.0 217.87 217.85 218.21 217.81 217.81 204.0 217.88 350.0 11523.0 1347.0 10176.0 0.0 218.052
15:05:00 196.0 4857.0 217.87 217.74 217.88 217.63 217.72 113.0 217.77 25.0 4857.0 1447.0 3410.0 0.0 217.7438
15:06:00 93.0 4964.0 217.87 217.53 217.82 217.53 217.51 2.0 217.57 25.0 4964.0 3408.0 1556.0 0.0 217.6313
15:07:00 105.0 2015.0 217.87 217.48 217.59 217.45 217.47 111.0 217.54 154.0 2015.0 548.0 1467.0 0.0 217.5025
15:08:00 79.0 2241.0 217.87 217.35 217.48 217.31 217.33 19.0 217.41 229.0 2241.0 333.0 1908.0 0.0 217.385
15:09:00 162.0 3836.0 217.87 217.2 217.46 217.13 217.17 25.0 217.23 6.0 3836.0 1068.0 2768.0 0.0 217.2606
15:10:00 155.0 4915.0 217.87 217.2 217.32 217.14 217.19 354.0 217.25 100.0 4915.0 2767.0 2148.0 0.0 217.2357
15:11:00 230.0 6680.0 217.87 217.54 217.54 217.12 217.5 50.0 217.55 4.0 6680.0 4280.0 2400.0 0.0 217.2911
15:12:00 103.0 3344.0 217.87 217.445 217.6 217.32 217.45 322.0 217.53 25.0 3344.0 1659.0 1685.0 0.0 217.4377
15:13:00 87.0 2486.0 217.87 217.44 217.59 217.32 217.39 25.0 217.47 70.0 2486.0 1468.0 1018.0 0.0 217.4308
15:14:00 95.0 3593.0 217.87 217.49 217.52 217.28 217.39 135.0 217.48 335.0 3593.0 1098.0 2495.0 0.0 217.384
15:15:00 94.0 3689.0 217.87 217.11 217.39 217.07 217.07 74.0 217.16 1.0 3689.0 1649.0 2040.0 0.0 217.1808
15:16:00 72.0 1893.0 217.87 217.29 217.32 217.14 217.23 16.0 217.32 150.0 1893.0 491.0 1402.0 0.0 217.238
15:17:00 119.0 4001.0 217.87 217.36 217.41 217.22 217.34 225.0 217.41 100.0 4001.0 2661.0 1340.0 0.0 217.2775
15:18:00 134.0 4288.0 217.87 217.39 217.43 217.27 217.34 22.0 217.4 100.0 4288.0 733.0 3555.0 0.0 217.3294
15:19:00 77.0 2769.0 217.87 217.36 217.38 217.26 217.32 45.0 217.39 1044.0 2769.0 539.0 2230.0 0.0 217.3032
15:20:00 171.0 6039.0 217.87 217.52 217.61 217.3 217.5 2.0 217.55 413.0 6039.0 3045.0 2994.0 0.0 217.4375
15:21:00 52.0 1051.0 217.87 217.57 217.57 217.42 217.52 547.0 217.59 200.0 1051.0 629.0 422.0 0.0 217.467
15:22:00 74.0 2633.0 217.87 217.34 217.52 217.25 217.32 50.0 217.34 104.0 2633.0 686.0 1947.0 0.0 217.3369
15:23:00 140.0 5221.0 217.87 217.27 217.35 217.19 217.25 10.0 217.3 250.0 5221.0 3255.0 1966.0 0.0 217.2666
15:24:00 276.0 12149.0 217.87 216.88 217.25 216.81 216.87 126.0 216.92 16.0 12149.0 1464.0 10685.0 0.0 216.9894
15:25:00 176.0 3920.0 217.87 216.87 216.99 216.82 216.87 7.0 216.9 818.0 3920.0 1556.0 2364.0 0.0 216.9047
15:26:00 260.0 11138.0 217.87 216.68 216.95 216.59 216.67 7.0 216.7 1.0 11138.0 2589.0 8549.0 0.0 216.7774
15:27:00 211.0 5944.0 217.87 216.6 216.74 216.58 216.6 50.0 216.63 201.0 5944.0 2264.0 3680.0 0.0 216.6491
15:28:00 290.0 7011.0 217.87 216.57 216.68 216.5 216.54 710.0 216.61 234.0 7011.0 3039.0 3972.0 0.0 216.5623
15:29:00 223.0 6259.0 217.87 216.77 216.83 216.45 216.71 200.0 216.79 14.0 6259.0 3545.0 2714.0 0.0 216.6433
15:30:00 170.0 6126.0 217.87 216.64 216.98 216.6 216.61 107.0 216.7 200.0 6126.0 2551.0 3575.0 0.0 216.7492
15:31:00 302.0 8238.0 217.87 216.32 216.61 216.27 216.3 214.0 216.34 4.0 8238.0 3219.0 5019.0 0.0 216.3622
15:32:00 488.0 12585.0 217.87 216.12 216.36 216.05 216.09 223.0 216.14 171.0 12585.0 4623.0 7962.0 0.0 216.2343
15:33:00 340.0 13711.0 217.87 215.97 216.14 215.93 215.96 250.0 216.03 300.0 13711.0 2472.0 11239.0 0.0 216.0035
15:34:00 370.0 11967.0 217.87 216.0 216.12 215.85 215.95 499.0 216.01 207.0 11967.0 3436.0 8531.0 0.0 216.0012
15:35:00 235.0 7441.0 217.87 215.85 216.04 215.83 215.83 96.0 215.88 505.0 7441.0 2503.0 4938.0 0.0 215.9243
15:36:00 246.0 10960.0 217.87 215.9 215.96 215.75 215.87 12.0 215.91 397.0 10960.0 4096.0 6864.0 0.0 215.8618
15:37:00 217.0 7981.0 217.87 215.8 215.98 215.8 215.8 50.0 215.82 20.0 7981.0 2805.0 5176.0 0.0 215.8764
15:38:00 322.0 10914.0 217.87 215.5 215.82 215.5 215.5 372.0 215.6 296.0 10914.0 2584.0 8330.0 0.0 215.7055
15:39:00 245.0 8640.0 217.87 215.31 215.61 215.31 215.32 1200.0 215.38 350.0 8640.0 2206.0 6434.0 0.0 215.4793
15:40:00 350.0 13908.0 217.87 215.58 215.64 215.24 215.56 269.0 215.63 100.0 13908.0 6538.0 7370.0 0.0 215.4434
15:41:00 254.0 7333.0 217.87 215.515 215.68 215.4 215.47 500.0 215.56 446.0 7333.0 2723.0 4610.0 0.0 215.539
15:42:00 312.0 8633.0 217.87 215.69 215.915 215.47 215.67 109.0 215.72 50.0 8633.0 3133.0 5500.0 0.0 215.737
15:43:00 151.0 5283.0 217.87 215.5 215.75 215.48 215.49 100.0 215.54 421.0 5283.0 1348.0 3935.0 0.0 215.6419
15:44:00 170.0 5699.0 217.87 215.58 215.68 215.49 215.56 17.0 215.6 196.0 5699.0 2633.0 3066.0 0.0 215.5872
15:45:00 301.0 7566.0 217.87 215.32 215.58 215.22 215.28 105.0 215.33 603.0 7566.0 2977.0 4589.0 0.0 215.3411
15:46:00 1091.0 38332.0 217.87 215.08 215.28 214.84 215.07 200.0 215.12 50.0 38332.0 10007.0 28325.0 0.0 215.0365
15:47:00 407.0 12926.0 217.87 214.7 215.18 214.68 214.68 250.0 214.72 150.0 12926.0 5291.0 7635.0 0.0 214.9503
15:48:00 425.0 12660.0 217.87 214.65 214.84 214.64 214.63 51.0 214.66 50.0 12660.0 4173.0 8487.0 0.0 214.7261
15:49:00 487.0 17085.0 217.87 214.49 214.96 214.48 214.47 150.0 214.51 510.0 17085.0 7337.0 9748.0 0.0 214.7348
15:50:00 354.0 12317.0 217.87 214.57 214.69 214.49 214.55 8.0 214.58 61.0 12317.0 5544.0 6773.0 0.0 214.6075
15:51:00 1039.0 34995.0 217.87 214.62 214.82 214.22 214.63 104.0 214.67 352.0 34995.0 12783.0 22212.0 0.0 214.6072
15:52:00 551.0 17254.0 217.87 214.44 214.74 214.44 214.42 61.0 214.45 218.0 17254.0 6215.0 11039.0 0.0 214.5908
15:53:00 691.0 21146.0 217.87 214.13 214.49 214.07 214.13 258.0 214.17 150.0 21146.0 8683.0 12463.0 0.0 214.2759
15:54:00 605.0 20075.0 217.87 213.9 214.17 213.9 213.9 58.0 213.94 406.0 20075.0 5793.0 14282.0 0.0 214.0075
15:55:00 563.0 27234.0 217.87 213.99 214.12 213.89 213.97 350.0 214.01 82.0 27234.0 13620.0 13614.0 0.0 213.9938
15:56:00 989.0 41038.0 217.87 213.55 214.0 213.43 213.53 63.0 213.56 100.0 41038.0 15983.0 25055.0 0.0 213.663
15:57:00 1004.0 41324.0 217.87 213.88 213.88 213.45 213.87 207.0 213.9 200.0 41324.0 12948.0 28376.0 0.0 213.621
15:58:00 1237.0 51004.0 217.87 213.88 213.96 213.71 213.88 187.0 213.91 110.0 51004.0 18394.0 32610.0 0.0 213.8172
15:59:00 1274.0 48617.0 217.87 213.72 213.99 213.72 213.72 240.0 213.73 62.0 48617.0 18457.0 30160.0 0.0 213.8618
16:00:00 1802.0 95306.0 217.87 213.87 214.22 213.67 213.87 4032.0 213.95 2300.0 95306.0 53693.0 41613.0 0.0 213.9662
16:01:00 5.0 2.0 217.87 213.53 214.19 213.53 213.87 3900.0 214.11 50.0 2.0 0.0 2.0 0.0 213.7
16:02:00 6.0 72.0 217.87 214.0 214.0 213.5 213.87 3900.0 214.0 30.0 72.0 70.0 2.0 0.0 213.9861
16:03:00 3.0 50.0 217.87 213.8 213.8 213.8 213.87 3900.0 214.11 50.0 50.0 50.0 0.0 0.0 213.8
16:04:00 6.0 48.0 217.87 214.11 214.11 213.9 214.0 1.0 214.11 41.0 48.0 38.0 10.0 0.0 213.9623
16:05:00 8.0 162.0 217.87 214.05 214.05 214.0 213.91 5.0 214.0 85.0 162.0 104.0 58.0 0.0 214.0173
16:06:00 19.0 168.0 217.87 214.15 214.15 213.91 214.0 54.0 214.15 133.0 168.0 128.0 40.0 0.0 214.0393
16:07:00 26.0 769.0 217.87 214.0 214.0 213.88 213.9 200.0 214.0 764.0 769.0 535.0 234.0 0.0 213.9381
16:08:00 9.0 107.0 217.87 213.95 214.0 213.91 213.93 3.0 214.0 713.0 107.0 51.0 56.0 0.0 213.9716
16:09:00 18.0 1222.0 217.87 213.95 214.02 213.94 213.93 3.0 214.1 82.0 1222.0 912.0 310.0 0.0 213.9932
16:10:00 2.0 1.0 217.87 214.0 214.0 214.0 214.01 100.0 214.1 82.0 1.0 0.0 1.0 0.0 214.0
16:11:00 22.0 537.0 217.87 214.18 214.5 214.01 214.05 155.0 214.2 1240.0 537.0 379.0 158.0 0.0 214.1529
16:12:00 11.0 62.0 217.87 214.24 214.48 214.15 214.05 155.0 214.2 1240.0 62.0 50.0 12.0 0.0 214.2132
16:13:00 6.0 5.0 217.87 214.17 214.25 214.05 214.05 160.0 214.2 1240.0 5.0 1.0 4.0 0.0 214.1
16:14:00 0.0 0.0 217.87 214.17 nan nan 214.05 161.0 214.2 1240.0 nan 0.0 0.0 0.0 nan
16:15:00 5.0 65.0 217.87 214.02 214.17 214.02 214.1 2.0 214.2 1290.0 65.0 0.0 65.0 0.0 214.0242
16:16:00 14.0 723.0 217.87 214.08 214.15 214.08 214.08 80.0 214.16 33.0 723.0 0.0 723.0 0.0 214.1203
16:17:00 2.0 20.0 217.87 214.11 214.11 214.08 214.1 10.0 214.15 50.0 20.0 0.0 20.0 0.0 214.08
16:18:00 1.0 16.0 217.87 214.15 214.15 214.15 214.1 1.0 214.15 34.0 16.0 16.0 0.0 0.0 214.15
16:19:00 4.0 11.0 217.87 214.23 214.23 214.08 214.08 59.0 214.15 24.0 11.0 10.0 1.0 0.0 214.1436
16:20:00 25.0 777.0 217.87 214.02 214.24 214.02 214.01 33.0 214.02 854.0 777.0 354.0 423.0 0.0 214.0471
16:21:00 10.0 202.0 217.87 214.0 214.01 214.0 213.93 3.0 214.0 15.0 202.0 0.0 202.0 0.0 214.0016
16:22:00 26.0 934.0 217.87 213.75 213.96 213.6 213.87 3900.0 213.9 1533.0 934.0 322.0 612.0 0.0 213.7444
16:23:00 10.0 164.0 217.87 213.7 213.8 213.5 213.87 3900.0 213.7 853.0 164.0 147.0 17.0 0.0 213.6874
16:24:00 26.0 595.0 217.87 213.5 213.7 213.5 213.87 3900.0 213.5 8.0 595.0 310.0 285.0 0.0 213.5727
16:25:00 20.0 696.0 217.87 213.7 213.7 213.18 213.87 3900.0 213.5 10.0 696.0 548.0 148.0 0.0 213.6248
16:26:00 12.0 1199.0 217.87 213.7 213.72 213.4 213.87 3900.0 213.7 15.0 1199.0 307.0 892.0 0.0 213.7061
16:27:00 10.0 170.0 217.87 213.5 213.87 213.5 213.87 3900.0 213.85 10.0 170.0 136.0 34.0 0.0 213.7565
16:28:00 16.0 369.0 217.87 213.39 213.6 213.19 213.87 3900.0 213.39 8.0 369.0 62.0 307.0 0.0 213.4498
16:29:00 10.0 324.0 217.87 213.25 213.25 213.17 213.87 3900.0 213.39 8.0 324.0 124.0 200.0 0.0 213.1793
16:30:00 11.0 164.0 217.87 213.1 213.25 213.1 213.87 3900.0 213.39 8.0 164.0 0.0 164.0 0.0 213.1006
16:31:00 7.0 177.0 217.87 213.1 213.25 213.05 213.87 3900.0 213.25 300.0 177.0 38.0 139.0 0.0 213.098
16:32:00 4.0 3.0 217.87 213.13 213.13 213.1 213.87 3900.0 213.24 300.0 3.0 0.0 3.0 0.0 213.1
16:33:00 58.0 2757.0 217.87 213.0 213.24 212.93 213.87 3900.0 213.0 1061.0 2757.0 454.0 2303.0 0.0 213.0122
16:34:00 18.0 91.0 217.87 212.95 213.0 212.27 213.87 3900.0 212.68 75.0 91.0 11.0 80.0 0.0 212.5981
16:35:00 20.0 555.0 217.87 212.35 212.9 212.35 213.87 3900.0 212.63 1.0 555.0 175.0 380.0 0.0 212.4708
16:36:00 24.0 1857.0 217.87 212.5 213.0 212.35 213.87 3900.0 212.57 202.0 1857.0 1356.0 501.0 0.0 212.5557
16:37:00 8.0 292.0 217.87 212.7 212.75 212.57 213.87 3900.0 212.75 586.0 292.0 202.0 90.0 0.0 212.5711
16:38:00 5.0 101.0 217.87 212.5 212.75 212.5 213.87 3900.0 212.75 598.0 101.0 1.0 100.0 0.0 212.515
16:39:00 6.0 210.0 217.87 212.62 212.75 212.62 213.87 3900.0 212.75 498.0 210.0 200.0 10.0 0.0 212.6621
16:40:00 15.0 368.0 217.87 212.47 212.6 212.47 213.87 3900.0 212.75 498.0 368.0 100.0 268.0 0.0 212.5038
16:41:00 3.0 25.0 217.87 212.75 212.75 212.55 213.87 3900.0 212.75 728.0 25.0 25.0 0.0 0.0 212.71
16:42:00 3.0 105.0 217.87 212.37 212.75 212.37 213.87 3900.0 212.75 723.0 105.0 5.0 100.0 0.0 212.4195
16:43:00 18.0 2418.0 217.87 212.37 212.77 212.37 213.87 3900.0 212.37 1593.0 2418.0 2377.0 41.0 0.0 212.488
16:44:00 4.0 1611.0 217.87 212.37 212.37 212.35 213.87 3900.0 212.69 20.0 1611.0 1593.0 18.0 0.0 212.3698
16:45:00 8.0 45.0 217.87 212.45 212.5 212.22 213.87 3900.0 212.5 150.0 45.0 2.0 43.0 0.0 212.4049
16:46:00 14.0 267.0 217.87 212.25 212.45 212.25 213.87 3900.0 212.35 818.0 267.0 15.0 252.0 0.0 212.369
16:47:00 11.0 343.0 217.87 212.27 212.35 212.12 213.87 3900.0 212.27 77.0 343.0 58.0 285.0 0.0 212.2573
16:48:00 9.0 126.0 217.87 212.27 212.3 212.2 213.87 3900.0 212.27 72.0 126.0 7.0 119.0 0.0 212.2071
16:49:00 7.0 580.0 217.87 212.35 212.35 212.25 213.87 3900.0 212.4 39.0 580.0 479.0 101.0 0.0 212.3314
16:50:00 7.0 200.0 217.87 212.4 212.5 212.36 213.87 3900.0 212.4 68.0 200.0 136.0 64.0 0.0 212.4472
16:51:00 21.0 446.0 217.87 212.4 212.4 212.21 213.87 3900.0 212.3 50.0 446.0 150.0 296.0 0.0 212.3721
16:52:00 10.0 205.0 217.87 212.24 212.45 212.21 213.87 3900.0 212.45 206.0 205.0 120.0 85.0 0.0 212.2863
16:53:00 13.0 2382.0 217.87 212.99 212.99 212.43 213.87 3900.0 212.95 10.0 2382.0 492.0 1890.0 0.0 212.7434
16:54:00 26.0 408.0 217.87 212.79 213.0 212.79 213.87 3900.0 212.99 29.0 408.0 270.0 138.0 0.0 212.9224
16:55:00 33.0 1356.0 217.87 213.35 213.35 212.79 213.87 3900.0 213.39 59.0 1356.0 1296.0 60.0 0.0 213.1631
16:56:00 14.0 351.0 217.87 213.28 213.48 213.28 213.87 3900.0 213.5 100.0 351.0 74.0 277.0 0.0 213.305
16:57:00 10.0 321.0 217.87 213.87 213.87 213.28 213.87 3900.0 213.87 74.0 321.0 215.0 106.0 0.0 213.6967
16:58:00 6.0 301.0 217.87 213.88 213.9 213.5 213.87 3900.0 213.87 74.0 301.0 110.0 191.0 0.0 213.7538
16:59:00 1.0 20.0 217.87 213.75 213.75 213.75 213.87 3900.0 213.5 20.0 20.0 0.0 20.0 0.0 213.75
17:00:00 1.0 1.0 217.87 213.5 213.5 213.5 213.87 3900.0 213.3 15.0 1.0 1.0 0.0 0.0 213.5
