time trade_count trade_volume trade_first trade_last trade_high trade_low bid_price bid_size ask_price ask_size hid_vol buy_vol sell_vol unsided_vol vwap
09:00:00 nan 6275.0 183.01 182.68 183.15 182.5 182.7 360.0 182.89 30.0 6275.0 1192.0 5083.0 0.0 182.7831
09:01:00 235.0 10542.0 183.01 182.53 182.9 182.29 182.5 15.0 182.64 10.0 10542.0 4102.0 6440.0 0.0 182.5014
09:02:00 144.0 2040.0 183.01 182.68 182.8 182.54 182.67 30.0 182.74 1.0 2040.0 469.0 1571.0 0.0 182.6584
09:03:00 112.0 2869.0 183.01 182.82 182.9 182.62 182.75 872.0 182.9 559.0 2869.0 1391.0 1478.0 0.0 182.7697
09:04:00 185.0 6530.0 183.01 182.91 183.0 182.81 182.91 30.0 183.0 312.0 6530.0 4827.0 1703.0 0.0 182.9697
09:05:00 212.0 5120.0 183.01 183.78 183.89 182.92 183.52 15.0 183.73 21.0 5120.0 3773.0 1347.0 0.0 183.2896
09:06:00 172.0 4370.0 183.01 183.79 183.8 183.5 183.75 75.0 183.79 57.0 4370.0 1261.0 3109.0 0.0 183.6861
09:07:00 187.0 12053.0 183.01 183.98 184.0 183.7 183.95 231.0 184.0 6611.0 12053.0 8237.0 3816.0 0.0 183.8046
09:08:00 413.0 24728.0 183.01 183.59 184.17 183.46 183.59 29.0 183.67 40.0 24728.0 10757.0 13971.0 0.0 183.9628
09:09:00 100.0 2223.0 183.01 183.57 183.59 183.35 183.5 242.0 183.57 48.0 2223.0 2053.0 170.0 0.0 183.4446
09:10:00 121.0 2404.0 183.01 183.35 183.58 183.34 183.35 164.0 183.44 100.0 2404.0 976.0 1428.0 0.0 183.4274
09:11:00 156.0 5209.0 183.01 183.49 183.59 183.11 183.34 502.0 183.49 4172.0 5209.0 3262.0 1947.0 0.0 183.4204
09:12:00 158.0 7027.0 183.01 183.68 183.82 183.35 183.6 120.0 183.7 200.0 7027.0 5236.0 1791.0 0.0 183.5174
09:13:00 285.0 14147.0 183.01 183.84 184.11 183.66 183.81 363.0 183.9 240.0 14147.0 8960.0 5187.0 0.0 183.9106
09:14:00 322.0 12945.0 183.01 184.5 184.5 183.89 184.41 362.0 184.5 2741.0 12945.0 11132.0 1813.0 0.0 184.1849
09:15:00 544.0 19067.0 183.01 184.93 185.36 184.45 184.8 24.0 184.99 200.0 19067.0 14471.0 4596.0 0.0 184.9187
09:16:00 221.0 6769.0 183.01 184.5 184.99 184.42 184.39 10.0 184.55 5.0 6769.0 2360.0 4409.0 0.0 184.8419
09:17:00 175.0 6199.0 183.01 184.95 184.95 184.42 184.92 104.0 184.99 68.0 6199.0 2715.0 3484.0 0.0 184.7839
09:18:00 150.0 3862.0 183.01 184.5 184.95 184.5 184.51 3.0 184.6 10.0 3862.0 1155.0 2707.0 0.0 184.7355
09:19:00 130.0 4322.0 183.01 184.53 184.67 184.4 184.5 164.0 184.63 100.0 4322.0 1616.0 2706.0 0.0 184.5778
09:20:00 156.0 5698.0 183.01 184.47 184.53 184.2 184.33 231.0 184.4 100.0 5698.0 1501.0 4197.0 0.0 184.3511
09:21:00 119.0 2887.0 183.01 184.32 184.47 184.23 184.3 177.0 184.34 100.0 2887.0 776.0 2111.0 0.0 184.394
09:22:00 396.0 21812.0 183.01 183.9 184.33 183.86 183.88 1.0 184.0 497.0 21812.0 7914.0 13898.0 0.0 184.1125
09:23:00 225.0 7577.0 183.01 184.18 184.39 183.72 184.01 1631.0 184.29 100.0 7577.0 4337.0 3240.0 0.0 184.0377
09:24:00 115.0 3151.0 183.01 184.39 184.39 184.03 184.31 108.0 184.39 6.0 3151.0 2264.0 887.0 0.0 184.2773
09:25:00 223.0 9352.0 183.01 184.32 184.6 184.19 184.32 73.0 184.35 5.0 9352.0 4149.0 5203.0 0.0 184.4533
09:26:00 228.0 5169.0 183.01 184.1 184.45 184.1 184.1 139.0 184.21 100.0 5169.0 2700.0 2469.0 0.0 184.2911
09:27:00 149.0 3581.0 183.01 184.31 184.32 184.1 184.15 25.0 184.38 227.0 3581.0 2411.0 1170.0 0.0 184.1643
09:28:00 397.0 14344.0 183.01 184.24 184.55 183.76 184.1 359.0 184.24 8.0 14344.0 7963.0 6381.0 0.0 184.1988
09:29:00 202.0 3885.0 183.01 184.5 184.65 184.0 184.25 52.0 184.5 50.0 3885.0 2925.0 960.0 0.0 184.448
09:30:00 294.0 18709.0 183.01 184.38 185.11 184.05 184.21 1.0 184.49 200.0 18709.0 14123.0 4586.0 0.0 184.7772
09:31:00 3062.0 107116.0 183.01 183.18 184.89 183.05 183.1 300.0 183.19 3.0 107116.0 48646.0 58470.0 0.0 183.9901
09:32:00 2589.0 110133.0 183.01 183.18 183.81 182.6 183.14 100.0 183.22 282.0 110133.0 41090.0 69043.0 0.0 183.0077
09:33:00 1727.0 73879.0 183.01 184.26 184.37 182.72 184.23 50.0 184.38 31.0 73879.0 36279.0 37600.0 0.0 183.4571
09:34:00 2395.0 90835.0 183.01 184.0 184.46 182.55 183.99 203.0 184.09 35.0 90835.0 36907.0 53928.0 0.0 183.4525
09:35:00 1643.0 73181.0 183.01 183.92 184.17 183.4 183.78 25.0 183.97 25.0 73181.0 57696.0 15485.0 0.0 183.8485
09:36:00 1463.0 65854.0 183.01 183.44 184.03 182.82 183.33 50.0 183.44 8.0 65854.0 27699.0 38155.0 0.0 183.4096
09:37:00 1812.0 77575.0 183.01 182.99 183.44 182.21 182.98 200.0 183.05 200.0 77575.0 22255.0 55320.0 0.0 182.6401
09:38:00 1772.0 107179.0 183.01 182.29 183.0 181.81 182.28 100.0 182.36 125.0 107179.0 19781.0 87398.0 0.0 182.0899
09:39:00 1075.0 45951.0 183.01 182.65 182.91 182.05 182.6 62.0 182.69 25.0 45951.0 23692.0 22259.0 0.0 182.4157
09:40:00 1194.0 49671.0 183.01 182.24 182.91 182.13 182.25 100.0 182.29 400.0 49671.0 23389.0 26282.0 0.0 182.5043
09:41:00 1672.0 80958.0 183.01 182.27 182.29 181.77 182.2 32.0 182.27 298.0 80958.0 25382.0 55576.0 0.0 181.9917
09:42:00 1055.0 42483.0 183.01 182.34 182.79 182.2 182.32 2.0 182.38 350.0 42483.0 22265.0 20218.0 0.0 182.4887
09:43:00 2040.0 115955.0 183.01 181.18 182.36 181.18 181.15 1145.0 181.21 153.0 115955.0 28364.0 87591.0 0.0 181.6457
09:44:00 1178.0 57340.0 183.01 181.32 181.77 181.14 181.3 166.0 181.36 244.0 57340.0 29372.0 27968.0 0.0 181.4365
09:45:00 1922.0 133866.0 183.01 181.32 181.38 181.0 181.29 367.0 181.38 350.0 133866.0 24021.0 109845.0 0.0 181.0837
09:46:00 1157.0 46484.0 183.01 181.69 182.18 181.08 181.63 50.0 181.69 19.0 46484.0 24910.0 21574.0 0.0 181.5914
09:47:00 898.0 42700.0 183.01 181.26 181.72 181.16 181.26 93.0 181.3 200.0 42700.0 20620.0 22080.0 0.0 181.3954
09:48:00 1208.0 74627.0 183.01 181.05 181.29 180.91 181.0 267.0 181.06 700.0 74627.0 19676.0 54951.0 0.0 181.0562
09:49:00 1081.0 52986.0 183.01 181.13 181.38 180.74 181.12 339.0 181.21 50.0 52986.0 22374.0 30612.0 0.0 180.9859
09:50:00 705.0 39465.0 183.01 180.89 181.28 180.78 180.86 215.0 180.93 100.0 39465.0 10756.0 28709.0 0.0 181.0094
09:51:00 970.0 42299.0 183.01 181.33 181.34 180.61 181.29 50.0 181.35 50.0 42299.0 20770.0 21529.0 0.0 180.9501
09:52:00 904.0 44513.0 183.01 181.81 181.85 180.96 181.77 27.0 181.81 470.0 44513.0 20699.0 23814.0 0.0 181.3616
09:53:00 920.0 53268.0 183.01 182.0 182.23 181.56 182.0 20.0 182.03 52.0 53268.0 34375.0 18893.0 0.0 181.9652
09:54:00 657.0 32528.0 183.01 181.98 182.25 181.9 181.97 550.0 182.01 345.0 32528.0 17062.0 15466.0 0.0 182.0676
09:55:00 620.0 28157.0 183.01 182.04 182.5 181.95 182.04 100.0 182.11 100.0 28157.0 14854.0 13303.0 0.0 182.229
09:56:00 740.0 45302.0 183.01 182.05 182.27 181.9 182.01 48.0 182.06 205.0 45302.0 14773.0 30529.0 0.0 182.0603
09:57:00 852.0 44376.0 183.01 182.88 182.9 181.91 182.85 700.0 182.9 50.0 44376.0 33160.0 11216.0 0.0 182.4791
09:58:00 765.0 41541.0 183.01 182.75 183.0 182.49 182.74 100.0 182.81 100.0 41541.0 15202.0 26339.0 0.0 182.8376
09:59:00 562.0 21464.0 183.01 182.88 183.1 182.53 182.88 400.0 182.94 50.0 21464.0 15873.0 5591.0 0.0 182.8364
10:00:00 567.0 26307.0 183.01 182.2 182.92 182.14 182.14 350.0 182.21 249.0 26307.0 7905.0 18402.0 0.0 182.5077
10:01:00 703.0 38387.0 183.01 182.235 182.26 181.96 182.21 100.0 182.25 100.0 38387.0 15311.0 23076.0 0.0 182.0464
10:02:00 512.0 28960.0 183.01 182.98 183.05 182.24 182.94 499.0 182.99 100.0 28960.0 24325.0 4635.0 0.0 182.8101
10:03:00 672.0 37985.0 183.01 183.31 183.38 182.95 183.26 300.0 183.31 400.0 37985.0 20404.0 17581.0 0.0 183.2399
10:04:00 908.0 55174.0 183.01 182.81 183.55 182.56 182.78 50.0 182.83 44.0 55174.0 16736.0 38438.0 0.0 183.1473
10:05:00 438.0 21306.0 183.01 182.6 182.92 182.58 182.58 100.0 182.61 100.0 21306.0 11906.0 9400.0 0.0 182.7746
10:06:00 549.0 28425.0 183.01 182.58 182.88 182.49 182.53 185.0 182.58 290.0 28425.0 18718.0 9707.0 0.0 182.6391
10:07:00 418.0 18320.0 183.01 182.71 182.73 182.35 182.7 201.0 182.75 600.0 18320.0 8328.0 9992.0 0.0 182.575
10:08:00 436.0 22284.0 183.01 182.2 182.85 182.12 182.13 222.0 182.2 498.0 22284.0 6616.0 15668.0 0.0 182.4722
10:09:00 667.0 40476.0 183.01 182.05 182.16 181.95 182.05 11.0 182.08 114.0 40476.0 7475.0 33001.0 0.0 182.0265
10:10:00 500.0 20588.0 183.01 182.32 182.45 181.96 182.28 60.0 182.36 10.0 20588.0 10141.0 10447.0 0.0 182.1259
10:11:00 386.0 11097.0 183.01 182.37 182.66 182.28 182.34 44.0 182.41 95.0 11097.0 6578.0 4519.0 0.0 182.4951
10:12:00 695.0 35659.0 183.01 181.9 182.44 181.83 181.88 1.0 181.93 49.0 35659.0 6730.0 28929.0 0.0 182.0274
10:13:00 569.0 20208.0 183.01 181.67 181.88 181.53 181.68 9.0 181.74 300.0 20208.0 8889.0 11319.0 0.0 181.7038
10:14:00 392.0 12288.0 183.01 181.6 181.98 181.52 181.56 1.0 181.62 401.0 12288.0 5581.0 6707.0 0.0 181.7156
10:15:00 402.0 10004.0 183.01 181.91 182.0 181.54 181.91 100.0 181.96 100.0 10004.0 6678.0 3326.0 0.0 181.7579
10:16:00 396.0 12603.0 183.01 182.11 182.43 181.92 182.1 290.0 182.17 111.0 12603.0 6349.0 6254.0 0.0 182.1667
10:17:00 313.0 16263.0 183.01 182.14 182.14 181.77 182.1 108.0 182.17 8.0 16263.0 7322.0 8941.0 0.0 181.9764
10:18:00 333.0 12059.0 183.01 182.1 182.38 182.07 182.07 218.0 182.16 75.0 12059.0 3380.0 8679.0 0.0 182.2179
10:19:00 457.0 19263.0 183.01 182.7 182.75 181.93 182.69 2.0 182.71 35.0 19263.0 13103.0 6160.0 0.0 182.3852
10:20:00 422.0 13753.0 183.01 182.58 182.83 182.45 182.51 100.0 182.58 100.0 13753.0 6792.0 6961.0 0.0 182.7029
10:21:00 319.0 10333.0 183.01 182.03 182.56 182.03 182.01 214.0 182.06 41.0 10333.0 3103.0 7230.0 0.0 182.2772
10:22:00 1489.0 122585.0 183.01 182.22 182.57 181.91 182.24 51.0 182.29 201.0 122585.0 33450.0 89135.0 0.0 182.3616
10:23:00 327.0 12103.0 183.01 182.26 182.62 182.16 182.26 1.0 182.3 400.0 12103.0 5512.0 6591.0 0.0 182.3694
10:24:00 347.0 15567.0 183.01 182.3 182.5 182.24 182.23 185.0 182.3 200.0 15567.0 6050.0 9517.0 0.0 182.3538
10:25:00 361.0 12125.0 183.01 182.23 182.35 182.03 182.2 100.0 182.24 100.0 12125.0 5593.0 6532.0 0.0 182.1897
10:26:00 408.0 13623.0 183.01 181.98 182.24 181.95 181.99 1.0 182.02 144.0 13623.0 3985.0 9638.0 0.0 182.0748
10:27:00 349.0 12940.0 183.01 181.83 182.12 181.82 181.82 114.0 181.85 100.0 12940.0 4428.0 8512.0 0.0 181.9602
10:28:00 347.0 12431.0 183.01 182.07 182.15 181.8 182.05 101.0 182.08 9.0 12431.0 8171.0 4260.0 0.0 181.9272
10:29:00 209.0 7023.0 183.01 182.06 182.25 182.02 182.04 58.0 182.09 150.0 7023.0 3697.0 3326.0 0.0 182.1273
10:30:00 277.0 13816.0 183.01 182.03 182.14 181.97 182.01 144.0 182.06 100.0 13816.0 3171.0 10645.0 0.0 182.0215
10:31:00 408.0 18731.0 183.01 182.05 182.11 181.91 182.01 250.0 182.07 85.0 18731.0 6738.0 11993.0 0.0 182.0216
10:32:00 430.0 18032.0 183.01 182.28 182.49 182.0 182.22 150.0 182.27 153.0 18032.0 8885.0 9147.0 0.0 182.2482
10:33:00 447.0 19244.0 183.01 182.8 182.81 182.15 182.77 200.0 182.82 200.0 19244.0 13028.0 6216.0 0.0 182.5896
10:34:00 487.0 22742.0 183.01 182.58 182.99 182.58 182.57 200.0 182.64 52.0 22742.0 10538.0 12204.0 0.0 182.8055
10:35:00 261.0 8827.0 183.01 182.38 182.72 182.34 182.34 194.0 182.41 400.0 8827.0 2903.0 5924.0 0.0 182.5356
10:36:00 333.0 11656.0 183.01 182.485 182.57 182.18 182.47 160.0 182.5 50.0 11656.0 4045.0 7611.0 0.0 182.4154
10:37:00 395.0 17289.0 183.01 182.4 182.47 182.1 182.38 144.0 182.42 100.0 17289.0 6616.0 10673.0 0.0 182.2464
10:38:00 317.0 14035.0 183.01 182.53 182.71 182.42 182.52 305.0 182.58 150.0 14035.0 5682.0 8353.0 0.0 182.5989
10:39:00 205.0 9213.0 183.01 182.62 182.72 182.46 182.62 150.0 182.66 200.0 9213.0 4149.0 5064.0 0.0 182.594
10:40:00 644.0 45141.0 183.01 182.96 183.12 182.62 182.93 165.0 182.98 150.0 45141.0 38375.0 6766.0 0.0 182.9526
10:41:00 499.0 19880.0 183.01 183.14 183.23 182.86 183.11 49.0 183.18 102.0 19880.0 10839.0 9041.0 0.0 183.0623
10:42:00 485.0 21588.0 183.01 182.79 183.27 182.79 182.78 1.0 182.81 50.0 21588.0 3843.0 17745.0 0.0 183.0327
10:43:00 345.0 18341.0 183.01 182.62 182.81 182.57 182.61 101.0 182.63 1.0 18341.0 9721.0 8620.0 0.0 182.692
10:44:00 453.0 24588.0 183.01 182.5 182.65 182.44 182.48 1.0 182.5 200.0 24588.0 3199.0 21389.0 0.0 182.5434
10:45:00 329.0 13249.0 183.01 182.65 182.67 182.25 182.6 85.0 182.67 200.0 13249.0 6125.0 7124.0 0.0 182.4333
10:46:00 187.0 5808.0 183.01 182.6 182.66 182.52 182.59 100.0 182.64 300.0 5808.0 1735.0 4073.0 0.0 182.5737
10:47:00 267.0 11586.0 183.01 182.93 182.95 182.55 182.9 172.0 182.95 150.0 11586.0 6532.0 5054.0 0.0 182.7962
10:48:00 334.0 17012.0 183.01 183.125 183.2 182.86 183.1 358.0 183.14 89.0 17012.0 11864.0 5148.0 0.0 183.0341
10:49:00 329.0 16477.0 183.01 183.38 183.43 183.13 183.37 655.0 183.41 100.0 16477.0 11598.0 4879.0 0.0 183.2876
10:50:00 411.0 32484.0 183.01 183.54 183.57 183.3 183.52 786.0 183.55 23.0 32484.0 21218.0 11266.0 0.0 183.4665
10:51:00 521.0 25251.0 183.01 183.75 183.85 183.34 183.74 700.0 183.75 1.0 25251.0 14371.0 10880.0 0.0 183.591
10:52:00 437.0 28896.0 183.01 183.77 183.9 183.67 183.74 100.0 183.78 160.0 28896.0 17845.0 11051.0 0.0 183.8294
10:53:00 259.0 13534.0 183.01 183.63 183.77 183.52 183.61 187.0 183.64 100.0 13534.0 4077.0 9457.0 0.0 183.6359
10:54:00 332.0 12249.0 183.01 183.83 183.96 183.61 183.81 1.0 183.86 200.0 12249.0 6674.0 5575.0 0.0 183.8509
10:55:00 330.0 14028.0 183.01 183.88 183.88 183.58 183.86 2.0 183.9 401.0 14028.0 5924.0 8104.0 0.0 183.6898
10:56:00 464.0 37948.0 183.01 183.93 184.0 183.68 183.89 50.0 183.96 90.0 37948.0 31265.0 6683.0 0.0 183.9545
10:57:00 386.0 14845.0 183.01 184.03 184.19 183.91 184.03 431.0 184.1 209.0 14845.0 9415.0 5430.0 0.0 184.0348
10:58:00 445.0 23138.0 183.01 184.37 184.44 184.04 184.34 220.0 184.38 4.0 23138.0 14164.0 8974.0 0.0 184.2865
10:59:00 487.0 31988.0 183.01 184.3 184.53 184.22 184.27 100.0 184.3 1.0 31988.0 17057.0 14931.0 0.0 184.3948
11:00:00 445.0 18665.0 183.01 184.45 184.58 184.24 184.41 41.0 184.48 204.0 18665.0 12274.0 6391.0 0.0 184.4603
11:01:00 205.0 10197.0 183.01 184.54 184.55 184.25 184.54 300.0 184.56 100.0 10197.0 4966.0 5231.0 0.0 184.4158
11:02:00 258.0 14832.0 183.01 184.53 184.64 184.46 184.5 400.0 184.54 310.0 14832.0 6894.0 7938.0 0.0 184.553
11:03:00 241.0 10911.0 183.01 184.61 184.62 184.39 184.6 200.0 184.63 90.0 10911.0 6642.0 4269.0 0.0 184.5217
11:04:00 311.0 14670.0 183.01 184.43 184.66 184.35 184.41 1.0 184.43 124.0 14670.0 4526.0 10144.0 0.0 184.5144
11:05:00 301.0 12739.0 183.01 184.34 184.7 184.34 184.34 407.0 184.41 500.0 12739.0 7187.0 5552.0 0.0 184.5311
11:06:00 544.0 20164.0 183.01 184.23 184.38 184.11 184.2 50.0 184.25 10.0 20164.0 7924.0 12240.0 0.0 184.2281
11:07:00 218.0 10324.0 183.01 184.03 184.23 184.0 184.01 582.0 184.06 150.0 10324.0 2870.0 7454.0 0.0 184.0625
11:08:00 352.0 16445.0 183.01 183.83 184.06 183.76 183.83 200.0 183.89 202.0 16445.0 4440.0 12005.0 0.0 183.9348
11:09:00 257.0 10795.0 183.01 183.96 184.1 183.65 183.94 1.0 183.99 200.0 10795.0 5842.0 4953.0 0.0 183.8593
11:10:00 211.0 8682.0 183.01 184.1 184.35 183.93 184.06 179.0 184.12 1154.0 8682.0 4451.0 4231.0 0.0 184.1827
11:11:00 315.0 11157.0 183.01 184.27 184.45 184.01 184.19 364.0 184.26 40.0 11157.0 5905.0 5252.0 0.0 184.2183
11:12:00 364.0 22097.0 183.01 184.69 184.7 184.22 184.65 250.0 184.7 102.0 22097.0 13604.0 8493.0 0.0 184.508
11:13:00 306.0 20850.0 183.01 184.83 184.88 184.55 184.8 660.0 184.86 119.0 20850.0 11447.0 9403.0 0.0 184.7785
11:14:00 308.0 19705.0 183.01 184.62 184.99 184.62 184.61 40.0 184.68 287.0 19705.0 10246.0 9459.0 0.0 184.876
11:15:00 171.0 9505.0 183.01 184.84 184.85 184.58 184.8 299.0 184.86 650.0 9505.0 5377.0 4128.0 0.0 184.7361
11:16:00 168.0 7986.0 183.01 184.6 184.85 184.52 184.58 550.0 184.63 1.0 7986.0 2723.0 5263.0 0.0 184.6158
11:17:00 728.0 67163.0 183.01 185.26 185.29 184.63 185.25 820.0 185.26 318.0 67163.0 55776.0 11387.0 0.0 185.0459
11:18:00 466.0 26923.0 183.01 185.38 185.55 185.25 185.38 12.0 185.43 241.0 26923.0 10718.0 16205.0 0.0 185.4172
11:19:00 294.0 17362.0 183.01 185.58 185.68 185.4 185.54 240.0 185.58 100.0 17362.0 6328.0 11034.0 0.0 185.5873
11:20:00 370.0 17793.0 183.01 185.2 185.54 185.11 185.19 26.0 185.21 18.0 17793.0 4761.0 13032.0 0.0 185.2652
11:21:00 312.0 21589.0 183.01 184.84 185.19 184.79 184.86 1.0 184.92 90.0 21589.0 2651.0 18938.0 0.0 184.9959
11:22:00 217.0 11936.0 183.01 184.98 185.13 184.91 184.94 22.0 184.99 244.0 11936.0 5953.0 5983.0 0.0 185.0441
11:23:00 229.0 23421.0 183.01 185.12 185.21 184.92 185.09 45.0 185.16 50.0 23421.0 6838.0 16583.0 0.0 185.0344
11:24:00 119.0 4506.0 183.01 185.22 185.22 185.06 185.18 250.0 185.22 355.0 4506.0 1733.0 2773.0 0.0 185.1687
11:25:00 139.0 4839.0 183.01 185.17 185.22 185.1 185.12 185.0 185.18 300.0 4839.0 1761.0 3078.0 0.0 185.1512
11:26:00 224.0 12565.0 183.01 185.35 185.5 185.09 185.34 56.0 185.37 50.0 12565.0 8374.0 4191.0 0.0 185.3049
11:27:00 356.0 15794.0 183.01 185.11 185.38 185.0 185.11 29.0 185.16 241.0 15794.0 3592.0 12202.0 0.0 185.2163
11:28:00 195.0 9636.0 183.01 185.415 185.415 185.13 185.39 478.0 185.42 81.0 9636.0 7078.0 2558.0 0.0 185.3048
11:29:00 251.0 13279.0 183.01 185.17 185.48 185.13 185.14 34.0 185.19 200.0 13279.0 5941.0 7338.0 0.0 185.2479
11:30:00 247.0 7189.0 183.01 185.25 185.42 185.15 185.21 156.0 185.25 166.0 7189.0 3526.0 3663.0 0.0 185.3312
11:31:00 400.0 17117.0 183.01 184.86 185.27 184.82 184.87 100.0 184.9 44.0 17117.0 2976.0 14141.0 0.0 185.0245
11:32:00 358.0 14961.0 183.01 185.13 185.31 184.88 185.11 161.0 185.17 188.0 14961.0 9465.0 5496.0 0.0 185.0911
11:33:00 198.0 7505.0 183.01 184.87 185.13 184.87 184.82 313.0 184.88 264.0 7505.0 1774.0 5731.0 0.0 184.9768
11:34:00 252.0 13056.0 183.01 184.8 184.92 184.73 184.77 250.0 184.83 190.0 13056.0 5373.0 7683.0 0.0 184.8294
11:35:00 243.0 9696.0 183.01 184.86 185.05 184.77 184.84 200.0 184.87 63.0 9696.0 4781.0 4915.0 0.0 184.9308
11:36:00 352.0 13028.0 183.01 184.7 185.03 184.68 184.67 20.0 184.72 250.0 13028.0 4416.0 8612.0 0.0 184.8427
11:37:00 412.0 12528.0 183.01 184.9 184.9 184.41 184.86 300.0 184.91 2.0 12528.0 5887.0 6641.0 0.0 184.5277
11:38:00 246.0 8339.0 183.01 185.02 185.25 184.88 184.97 152.0 185.03 91.0 8339.0 4408.0 3931.0 0.0 185.0733
11:39:00 183.0 7150.0 183.01 185.2 185.21 184.91 185.14 50.0 185.22 150.0 7150.0 4304.0 2846.0 0.0 185.0509
11:40:00 304.0 12903.0 183.01 184.96 185.24 184.8 184.93 393.0 184.99 569.0 12903.0 4344.0 8559.0 0.0 185.0044
11:41:00 203.0 9997.0 183.01 184.94 185.07 184.87 184.94 50.0 185.0 1445.0 9997.0 5892.0 4105.0 0.0 184.9667
11:42:00 249.0 13284.0 183.01 185.04 185.33 185.0 185.01 387.0 185.08 150.0 13284.0 8973.0 4311.0 0.0 185.1515
11:43:00 230.0 7997.0 183.01 184.86 185.17 184.82 184.81 100.0 184.87 100.0 7997.0 2145.0 5852.0 0.0 184.9975
11:44:00 166.0 8011.0 183.01 184.93 184.95 184.65 184.92 106.0 184.97 103.0 8011.0 3819.0 4192.0 0.0 184.7619
11:45:00 268.0 8569.0 183.01 184.745 185.22 184.73 184.73 100.0 184.76 200.0 8569.0 4851.0 3718.0 0.0 185.0349
11:46:00 168.0 6885.0 183.01 184.9 185.0 184.75 184.86 197.0 184.91 102.0 6885.0 3896.0 2989.0 0.0 184.8951
11:47:00 154.0 5257.0 183.01 184.91 185.02 184.86 184.91 141.0 184.94 300.0 5257.0 2837.0 2420.0 0.0 184.93
11:48:00 116.0 6817.0 183.01 185.05 185.09 184.92 185.04 41.0 185.08 400.0 6817.0 4784.0 2033.0 0.0 185.006
11:49:00 106.0 8910.0 183.01 185.17 185.23 185.07 185.15 302.0 185.19 92.0 8910.0 5585.0 3325.0 0.0 185.165
11:50:00 109.0 4910.0 183.01 185.07 185.2 185.01 185.03 250.0 185.08 181.0 4910.0 1547.0 3363.0 0.0 185.0909
11:51:00 108.0 6463.0 183.01 185.13 185.19 185.07 185.12 42.0 185.15 40.0 6463.0 4081.0 2382.0 0.0 185.1217
11:52:00 154.0 7223.0 183.01 185.07 185.12 184.94 185.05 186.0 185.1 152.0 7223.0 1622.0 5601.0 0.0 185.0191
11:53:00 286.0 24148.0 183.01 185.53 185.55 185.05 185.51 347.0 185.55 640.0 24148.0 18215.0 5933.0 0.0 185.3657
11:54:00 242.0 13965.0 183.01 185.66 185.76 185.52 185.66 75.0 185.69 150.0 13965.0 8668.0 5297.0 0.0 185.6471
11:55:00 215.0 13447.0 183.01 185.71 185.79 185.61 185.71 800.0 185.75 100.0 13447.0 6339.0 7108.0 0.0 185.7105
11:56:00 259.0 18423.0 183.01 185.72 185.72 185.4 185.71 100.0 185.73 100.0 18423.0 6092.0 12331.0 0.0 185.5783
11:57:00 479.0 17508.0 183.01 185.75 185.86 185.57 185.68 50.0 185.75 100.0 17508.0 9336.0 8172.0 0.0 185.7363
11:58:00 166.0 7857.0 183.01 185.71 185.77 185.46 185.68 484.0 185.72 20.0 7857.0 4004.0 3853.0 0.0 185.6372
11:59:00 145.0 8337.0 183.01 185.48 185.75 185.41 185.43 100.0 185.53 261.0 8337.0 3219.0 5118.0 0.0 185.6146
12:00:00 120.0 7896.0 183.01 185.4 185.58 185.38 185.39 10.0 185.41 157.0 7896.0 5298.0 2598.0 0.0 185.4795
12:01:00 268.0 14913.0 183.01 185.36 185.62 185.3 185.31 151.0 185.38 50.0 14913.0 7462.0 7451.0 0.0 185.4095
12:02:00 111.0 3496.0 183.01 185.31 185.49 185.27 185.26 301.0 185.32 90.0 3496.0 2427.0 1069.0 0.0 185.3851
12:03:00 240.0 14418.0 183.01 185.31 185.33 185.12 185.27 50.0 185.34 91.0 14418.0 7797.0 6621.0 0.0 185.2321
12:04:00 104.0 4593.0 183.01 185.36 185.41 185.22 185.31 131.0 185.37 345.0 4593.0 3775.0 818.0 0.0 185.3472
12:05:00 89.0 3327.0 183.01 185.14 185.36 185.13 185.12 50.0 185.16 433.0 3327.0 1194.0 2133.0 0.0 185.2729
12:06:00 100.0 5297.0 183.01 185.29 185.3 185.11 185.28 100.0 185.31 51.0 5297.0 3710.0 1587.0 0.0 185.2089
12:07:00 192.0 9759.0 183.01 185.59 185.64 185.24 185.58 41.0 185.64 350.0 9759.0 7359.0 2400.0 0.0 185.4573
12:08:00 214.0 26326.0 183.01 185.61 185.73 185.51 185.59 258.0 185.63 40.0 26326.0 23226.0 3100.0 0.0 185.607
12:09:00 271.0 16718.0 183.01 185.78 185.86 185.57 185.78 138.0 185.84 142.0 16718.0 10654.0 6064.0 0.0 185.6873
12:10:00 222.0 18349.0 183.01 185.93 185.97 185.76 185.91 150.0 185.95 150.0 18349.0 12062.0 6287.0 0.0 185.892
12:11:00 535.0 42938.0 183.01 186.28 186.28 185.9 186.26 100.0 186.28 114.0 42938.0 31713.0 11225.0 0.0 186.0358
12:12:00 214.0 13820.0 183.01 186.11 186.3 186.1 186.1 29.0 186.13 295.0 13820.0 3826.0 9994.0 0.0 186.2437
12:13:00 162.0 14203.0 183.01 186.12 186.2 186.04 186.1 940.0 186.15 201.0 14203.0 3426.0 10777.0 0.0 186.1103
12:14:00 190.0 10216.0 183.01 186.18 186.2 185.95 186.16 50.0 186.2 34.0 10216.0 6321.0 3895.0 0.0 186.1184
12:15:00 237.0 15635.0 183.01 186.4 186.46 186.11 186.37 450.0 186.41 298.0 15635.0 7053.0 8582.0 0.0 186.334
12:16:00 382.0 31856.0 183.01 186.45 186.7 186.4 186.45 300.0 186.5 285.0 31856.0 17545.0 14311.0 0.0 186.5431
12:17:00 173.0 7351.0 183.01 186.29 186.48 186.2 186.28 100.0 186.31 1.0 7351.0 3260.0 4091.0 0.0 186.3508
12:18:00 242.0 10227.0 183.01 186.08 186.52 186.08 186.08 400.0 186.13 91.0 10227.0 6193.0 4034.0 0.0 186.3534
12:19:00 165.0 11031.0 183.01 186.36 186.49 186.1 186.36 185.0 186.4 200.0 11031.0 4556.0 6475.0 0.0 186.3947
12:20:00 112.0 7340.0 183.01 186.44 186.44 186.3 186.42 450.0 186.45 152.0 7340.0 3360.0 3980.0 0.0 186.3969
12:21:00 447.0 27313.0 183.01 186.76 186.88 186.4 186.71 340.0 186.76 219.0 27313.0 16301.0 11012.0 0.0 186.7083
12:22:00 291.0 17116.0 183.01 186.8 186.95 186.71 186.8 900.0 186.83 40.0 17116.0 6525.0 10591.0 0.0 186.8611
12:23:00 251.0 15386.0 183.01 186.85 186.99 186.83 186.84 150.0 186.89 150.0 15386.0 7776.0 7610.0 0.0 186.9394
12:24:00 320.0 27545.0 183.01 186.85 187.04 186.77 186.85 97.0 186.87 1400.0 27545.0 19876.0 7669.0 0.0 186.9462
12:25:00 225.0 9646.0 183.01 186.88 186.89 186.72 186.86 328.0 186.89 1500.0 9646.0 3982.0 5664.0 0.0 186.8236
12:26:00 304.0 18158.0 183.01 186.81 187.09 186.81 186.81 70.0 186.83 187.0 18158.0 11201.0 6957.0 0.0 186.94
12:27:00 218.0 15722.0 183.01 186.98 186.98 186.79 186.95 530.0 186.99 310.0 15722.0 4358.0 11364.0 0.0 186.8452
12:28:00 324.0 18836.0 183.01 187.04 187.29 186.95 187.02 228.0 187.05 100.0 18836.0 11629.0 7207.0 0.0 187.1493
12:29:00 249.0 15265.0 183.01 186.83 187.02 186.82 186.83 145.0 186.86 37.0 15265.0 2127.0 13138.0 0.0 186.886
12:30:00 241.0 11834.0 183.01 186.83 187.08 186.8 186.82 422.0 186.87 150.0 11834.0 6049.0 5785.0 0.0 186.9197
12:31:00 605.0 28529.0 183.01 185.87 186.9 185.83 185.84 155.0 185.9 450.0 28529.0 4947.0 23582.0 0.0 186.3633
12:32:00 419.0 28009.0 183.01 185.77 186.07 185.72 185.75 1.0 185.79 128.0 28009.0 15587.0 12422.0 0.0 185.9207
12:33:00 297.0 15825.0 183.01 186.05 186.15 185.71 186.03 3.0 186.07 90.0 15825.0 9234.0 6591.0 0.0 185.88
12:34:00 245.0 11503.0 183.01 185.8 186.135 185.76 185.8 73.0 185.88 50.0 11503.0 3487.0 8016.0 0.0 185.9428
12:35:00 460.0 19589.0 183.01 185.66 185.83 185.41 185.61 150.0 185.66 2.0 19589.0 8336.0 11253.0 0.0 185.6015
12:36:00 260.0 15696.0 183.01 185.08 185.66 185.06 185.07 234.0 185.11 50.0 15696.0 5308.0 10388.0 0.0 185.2331
12:37:00 543.0 47969.0 183.01 184.89 185.1 184.76 184.9 50.0 184.93 1.0 47969.0 8698.0 39271.0 0.0 184.9668
12:38:00 225.0 14442.0 183.01 184.78 184.94 184.66 184.76 150.0 184.8 520.0 14442.0 7029.0 7413.0 0.0 184.7298
12:39:00 199.0 8977.0 183.01 184.96 185.0 184.79 184.94 250.0 184.99 150.0 8977.0 3979.0 4998.0 0.0 184.9415
12:40:00 207.0 12612.0 183.01 185.32 185.35 184.97 185.3 100.0 185.35 100.0 12612.0 7796.0 4816.0 0.0 185.1232
12:41:00 148.0 6194.0 183.01 185.45 185.48 185.18 185.42 150.0 185.49 341.0 6194.0 3004.0 3190.0 0.0 185.3245
12:42:00 102.0 3741.0 183.01 185.26 185.48 185.15 185.21 36.0 185.27 100.0 3741.0 1661.0 2080.0 0.0 185.2718
12:43:00 153.0 7834.0 183.01 185.75 185.8 185.27 185.72 100.0 185.78 36.0 7834.0 4037.0 3797.0 0.0 185.6815
12:44:00 150.0 7413.0 183.01 185.9 185.95 185.7 185.84 69.0 185.93 150.0 7413.0 2387.0 5026.0 0.0 185.8762
12:45:00 260.0 13607.0 183.01 186.03 186.08 185.9 186.0 3.0 186.04 5.0 13607.0 10012.0 3595.0 0.0 185.9886
12:46:00 474.0 17453.0 183.01 186.0 186.13 185.75 185.95 249.0 186.01 200.0 17453.0 6915.0 10538.0 0.0 185.92
12:47:00 149.0 9430.0 183.01 185.92 185.98 185.69 185.87 100.0 185.91 2.0 9430.0 4067.0 5363.0 0.0 185.7999
12:48:00 189.0 7829.0 183.01 185.77 186.05 185.77 185.74 44.0 185.81 50.0 7829.0 3222.0 4607.0 0.0 185.908
12:49:00 238.0 7873.0 183.01 185.535 185.83 185.5 185.53 17.0 185.58 132.0 7873.0 3431.0 4442.0 0.0 185.6181
12:50:00 204.0 10910.0 183.01 185.97 186.2 185.53 185.96 41.0 186.0 128.0 10910.0 7393.0 3517.0 0.0 185.9732
12:51:00 93.0 3030.0 183.01 185.92 186.0 185.86 185.9 329.0 185.94 141.0 3030.0 2040.0 990.0 0.0 185.9094
12:52:00 228.0 10557.0 183.01 185.5 185.91 185.5 185.45 191.0 185.53 300.0 10557.0 2877.0 7680.0 0.0 185.6764
12:53:00 70.0 2767.0 183.01 185.58 185.66 185.5 185.57 200.0 185.61 101.0 2767.0 1564.0 1203.0 0.0 185.5769
12:54:00 113.0 7372.0 183.01 185.58 185.7 185.55 185.57 200.0 185.61 202.0 7372.0 3480.0 3892.0 0.0 185.6451
12:55:00 354.0 20398.0 183.01 185.2 185.59 185.12 185.2 200.0 185.24 200.0 20398.0 12037.0 8361.0 0.0 185.2374
12:56:00 297.0 10136.0 183.01 185.53 185.67 185.15 185.5 3.0 185.54 2.0 10136.0 5012.0 5124.0 0.0 185.4272
12:57:00 266.0 11250.0 183.01 185.31 185.56 185.17 185.27 25.0 185.33 150.0 11250.0 4368.0 6882.0 0.0 185.2936
12:58:00 334.0 18002.0 183.01 185.09 185.48 185.03 185.05 50.0 185.14 33.0 18002.0 7724.0 10278.0 0.0 185.2333
12:59:00 207.0 16660.0 183.01 184.86 185.12 184.83 184.84 94.0 184.92 250.0 16660.0 1947.0 14713.0 0.0 184.992
13:00:00 232.0 9775.0 183.01 184.89 185.02 184.85 184.88 150.0 184.94 150.0 9775.0 5238.0 4537.0 0.0 184.9172
13:01:00 222.0 10840.0 183.01 184.9 185.01 184.83 184.86 1.0 184.9 600.0 10840.0 5246.0 5594.0 0.0 184.8928
13:02:00 190.0 10614.0 183.01 185.08 185.28 184.875 185.08 100.0 185.13 350.0 10614.0 7872.0 2742.0 0.0 185.0939
13:03:00 151.0 8053.0 183.01 185.16 185.22 184.94 185.13 150.0 185.19 150.0 8053.0 4753.0 3300.0 0.0 185.1218
13:04:00 106.0 5432.0 183.01 185.0 185.2 184.98 184.98 50.0 185.02 10.0 5432.0 2312.0 3120.0 0.0 185.036
13:05:00 153.0 11781.0 183.01 184.78 185.0 184.7 184.76 200.0 184.81 400.0 11781.0 2620.0 9161.0 0.0 184.804
13:06:00 235.0 8178.0 183.01 184.85 184.9 184.71 184.83 39.0 184.9 250.0 8178.0 3911.0 4267.0 0.0 184.769
13:07:00 171.0 6125.0 183.01 184.9 185.04 184.81 184.85 189.0 184.94 50.0 6125.0 3150.0 2975.0 0.0 184.9377
13:08:00 111.0 4492.0 183.01 185.0 185.04 184.94 184.96 49.0 185.02 514.0 4492.0 2585.0 1907.0 0.0 184.9972
13:09:00 205.0 9148.0 183.01 184.87 185.18 184.8 184.85 11.0 184.88 39.0 9148.0 5138.0 4010.0 0.0 184.9445
13:10:00 119.0 4139.0 183.01 185.08 185.11 184.83 185.07 149.0 185.12 100.0 4139.0 1549.0 2590.0 0.0 184.9507
13:11:00 280.0 12178.0 183.01 185.11 185.19 184.97 185.1 389.0 185.13 50.0 12178.0 5115.0 7063.0 0.0 185.1033
13:12:00 290.0 15859.0 183.01 184.89 185.13 184.84 184.87 376.0 184.92 200.0 15859.0 6600.0 9259.0 0.0 184.9501
13:13:00 88.0 3010.0 183.01 184.92 184.95 184.85 184.92 296.0 184.96 20.0 3010.0 1377.0 1633.0 0.0 184.8986
13:14:00 128.0 5206.0 183.01 185.09 185.16 184.89 185.04 111.0 185.1 200.0 5206.0 3253.0 1953.0 0.0 185.0255
13:15:00 106.0 4895.0 183.01 184.96 185.14 184.92 184.93 44.0 184.98 200.0 4895.0 2951.0 1944.0 0.0 185.0284
13:16:00 296.0 21502.0 183.01 184.55 184.92 184.51 184.51 161.0 184.55 200.0 21502.0 3228.0 18274.0 0.0 184.7267
13:17:00 160.0 7757.0 183.01 184.62 184.81 184.51 184.6 512.0 184.64 100.0 7757.0 5087.0 2670.0 0.0 184.6288
13:18:00 391.0 13766.0 183.01 184.31 184.65 184.28 184.3 28.0 184.33 200.0 13766.0 2710.0 11056.0 0.0 184.4401
13:19:00 214.0 12277.0 183.01 184.17 184.35 184.13 184.16 150.0 184.2 47.0 12277.0 7428.0 4849.0 0.0 184.2286
13:20:00 536.0 28896.0 183.01 183.9 184.26 183.9 183.89 202.0 183.93 250.0 28896.0 7327.0 21569.0 0.0 184.0209
13:21:00 155.0 7762.0 183.01 184.06 184.1 183.93 184.05 8.0 184.09 194.0 7762.0 5786.0 1976.0 0.0 184.0151
13:22:00 82.0 4232.0 183.01 183.96 184.05 183.93 183.92 563.0 183.96 2.0 4232.0 2299.0 1933.0 0.0 183.9783
13:23:00 141.0 5618.0 183.01 184.01 184.03 183.92 183.95 341.0 184.02 250.0 5618.0 3005.0 2613.0 0.0 183.9745
13:24:00 105.0 5689.0 183.01 184.11 184.135 183.95 184.09 100.0 184.12 11.0 5689.0 2622.0 3067.0 0.0 184.0439
13:25:00 128.0 5139.0 183.01 184.18 184.26 184.09 184.15 137.0 184.19 41.0 5139.0 3210.0 1929.0 0.0 184.1781
13:26:00 139.0 6051.0 183.01 184.45 184.45 184.12 184.41 194.0 184.49 235.0 6051.0 4625.0 1426.0 0.0 184.3057
13:27:00 92.0 3648.0 183.01 184.6 184.65 184.44 184.56 2.0 184.6 100.0 3648.0 2954.0 694.0 0.0 184.5387
13:28:00 163.0 8257.0 183.01 184.39 184.73 184.37 184.35 150.0 184.41 242.0 8257.0 4438.0 3819.0 0.0 184.6085
13:29:00 98.0 4115.0 183.01 184.28 184.51 184.26 184.24 100.0 184.28 150.0 4115.0 2088.0 2027.0 0.0 184.375
13:30:00 106.0 8578.0 183.01 184.15 184.34 184.13 184.13 201.0 184.16 87.0 8578.0 2058.0 6520.0 0.0 184.2187
13:31:00 239.0 10639.0 183.01 184.43 184.48 184.08 184.44 3.0 184.47 100.0 10639.0 7960.0 2679.0 0.0 184.2399
13:32:00 152.0 8057.0 183.01 184.35 184.44 184.2 184.36 100.0 184.39 102.0 8057.0 3313.0 4744.0 0.0 184.2888
13:33:00 251.0 10490.0 183.01 184.23 184.5 184.23 184.2 352.0 184.25 200.0 10490.0 4882.0 5608.0 0.0 184.3829
13:34:00 417.0 19600.0 183.01 184.04 184.23 184.0 184.03 200.0 184.07 29.0 19600.0 5765.0 13835.0 0.0 184.0648
13:35:00 414.0 19191.0 183.01 184.11 184.3 184.03 184.08 1.0 184.13 300.0 19191.0 6052.0 13139.0 0.0 184.1234
13:36:00 310.0 20953.0 183.01 183.8 184.13 183.77 183.77 185.0 183.82 400.0 20953.0 5564.0 15389.0 0.0 183.9083
13:37:00 212.0 11874.0 183.01 183.77 184.0 183.75 183.75 874.0 183.81 200.0 11874.0 8195.0 3679.0 0.0 183.9227
13:38:00 169.0 6448.0 183.01 183.99 184.0 183.78 183.97 235.0 184.03 194.0 6448.0 5120.0 1328.0 0.0 183.8864
13:39:00 248.0 12114.0 183.01 184.36 184.37 184.005 184.33 600.0 184.39 270.0 12114.0 6834.0 5280.0 0.0 184.2384
13:40:00 190.0 7637.0 183.01 184.04 184.33 184.02 184.03 50.0 184.07 400.0 7637.0 3839.0 3798.0 0.0 184.1248
13:41:00 150.0 5241.0 183.01 184.03 184.2 184.0 184.0 196.0 184.05 110.0 5241.0 1963.0 3278.0 0.0 184.0624
13:42:00 121.0 11107.0 183.01 184.21 184.37 184.03 184.21 9.0 184.25 636.0 11107.0 7708.0 3399.0 0.0 184.2908
13:43:00 176.0 6615.0 183.01 184.13 184.39 184.04 184.12 100.0 184.16 100.0 6615.0 4265.0 2350.0 0.0 184.2545
13:44:00 77.0 2683.0 183.01 184.12 184.21 184.06 184.08 82.0 184.12 2.0 2683.0 1879.0 804.0 0.0 184.1295
13:45:00 141.0 7610.0 183.01 184.29 184.29 183.99 184.27 50.0 184.3 812.0 7610.0 3871.0 3739.0 0.0 184.1107
13:46:00 100.0 4079.0 183.01 184.28 184.31 184.19 184.26 252.0 184.3 175.0 4079.0 2014.0 2065.0 0.0 184.2644
13:47:00 171.0 6804.0 183.01 184.57 184.57 184.29 184.54 186.0 184.58 1103.0 6804.0 5213.0 1591.0 0.0 184.4612
13:48:00 158.0 7012.0 183.01 184.41 184.69 184.41 184.4 20.0 184.44 200.0 7012.0 3851.0 3161.0 0.0 184.5869
13:49:00 103.0 4016.0 183.01 184.65 184.65 184.4 184.61 200.0 184.65 250.0 4016.0 2747.0 1269.0 0.0 184.5161
13:50:00 118.0 6031.0 183.01 184.7 184.85 184.64 184.66 102.0 184.72 341.0 6031.0 2569.0 3462.0 0.0 184.7317
13:51:00 143.0 7425.0 183.01 184.76 184.87 184.7 184.73 152.0 184.77 38.0 7425.0 4274.0 3151.0 0.0 184.7852
13:52:00 67.0 3065.0 183.01 184.75 184.8 184.67 184.72 385.0 184.75 10.0 3065.0 1792.0 1273.0 0.0 184.7229
13:53:00 92.0 3488.0 183.01 184.79 184.79 184.66 184.75 282.0 184.8 2106.0 3488.0 1457.0 2031.0 0.0 184.7141
13:54:00 152.0 10819.0 183.01 184.9 184.9 184.73 184.85 410.0 184.89 1.0 10819.0 8711.0 2108.0 0.0 184.8059
13:55:00 165.0 8028.0 183.01 184.93 184.93 184.7 184.9 100.0 184.93 1.0 8028.0 4596.0 3432.0 0.0 184.8057
13:56:00 141.0 7292.0 183.01 184.81 185.0 184.71 184.78 139.0 184.83 44.0 7292.0 4076.0 3216.0 0.0 184.8972
13:57:00 190.0 14057.0 183.01 184.98 185.01 184.75 184.96 106.0 185.0 999.0 14057.0 10725.0 3332.0 0.0 184.9134
13:58:00 135.0 19179.0 183.01 185.11 185.24 184.97 185.11 100.0 185.16 50.0 19179.0 15396.0 3783.0 0.0 185.1385
13:59:00 100.0 4194.0 183.01 185.24 185.24 185.09 185.22 306.0 185.25 1775.0 4194.0 2813.0 1381.0 0.0 185.1573
14:00:00 109.0 3441.0 183.01 185.17 185.23 185.12 185.13 144.0 185.19 455.0 3441.0 1738.0 1703.0 0.0 185.1653
14:01:00 319.0 20046.0 183.01 184.96 185.26 184.93 184.97 1.0 185.02 150.0 20046.0 13197.0 6849.0 0.0 185.1933
14:02:00 176.0 9341.0 183.01 185.09 185.14 184.66 185.06 142.0 185.12 44.0 9341.0 3955.0 5386.0 0.0 184.8601
14:03:00 44.0 1635.0 183.01 185.06 185.15 185.04 185.04 256.0 185.07 4.0 1635.0 472.0 1163.0 0.0 185.0945
14:04:00 88.0 5121.0 183.01 185.25 185.25 185.07 185.22 107.0 185.25 384.0 5121.0 4220.0 901.0 0.0 185.1918
14:05:00 87.0 4250.0 183.01 185.07 185.25 185.04 185.04 101.0 185.1 150.0 4250.0 2085.0 2165.0 0.0 185.175
14:06:00 161.0 12551.0 183.01 184.82 185.04 184.76 184.81 50.0 184.86 230.0 12551.0 907.0 11644.0 0.0 184.9479
14:07:00 148.0 6798.0 183.01 184.92 184.95 184.73 184.89 200.0 184.94 289.0 6798.0 976.0 5822.0 0.0 184.8223
14:08:00 170.0 10059.0 183.01 184.84 185.07 184.83 184.83 50.0 184.87 150.0 10059.0 7523.0 2536.0 0.0 184.9768
14:09:00 125.0 7416.0 183.01 184.87 184.91 184.8 184.82 150.0 184.87 100.0 7416.0 2339.0 5077.0 0.0 184.8189
14:10:00 72.0 2288.0 183.01 184.87 184.96 184.775 184.85 100.0 184.89 191.0 2288.0 1144.0 1144.0 0.0 184.8487
14:11:00 118.0 6084.0 183.01 184.57 184.85 184.55 184.55 11.0 184.59 150.0 6084.0 904.0 5180.0 0.0 184.6652
14:12:00 74.0 3748.0 183.01 184.53 184.73 184.53 184.52 21.0 184.55 50.0 3748.0 1356.0 2392.0 0.0 184.6389
14:13:00 183.0 8310.0 183.01 184.61 184.69 184.5 184.62 200.0 184.67 100.0 8310.0 6466.0 1844.0 0.0 184.6146
14:14:00 72.0 4037.0 183.01 184.56 184.68 184.53 184.52 5.0 184.56 15.0 4037.0 1595.0 2442.0 0.0 184.6107
14:15:00 195.0 12781.0 183.01 184.49 184.63 184.36 184.47 1.0 184.5 200.0 12781.0 1700.0 11081.0 0.0 184.5334
14:16:00 117.0 8650.0 183.01 184.41 184.6 184.4 184.4 21193.0 184.43 50.0 8650.0 1496.0 7154.0 0.0 184.4334
14:17:00 142.0 21121.0 183.01 184.49 184.55 184.4 184.46 201.0 184.51 44.0 21121.0 1625.0 19496.0 0.0 184.4127
14:18:00 96.0 19596.0 183.01 184.39 184.54 184.35 184.36 191.0 184.42 201.0 19596.0 1171.0 18425.0 0.0 184.4629
14:19:00 94.0 4721.0 183.01 184.4 184.46 184.28 184.41 200.0 184.46 191.0 4721.0 1617.0 3104.0 0.0 184.3543
14:20:00 98.0 7260.0 183.01 184.57 184.59 184.44 184.54 100.0 184.58 150.0 7260.0 6182.0 1078.0 0.0 184.5073
14:21:00 167.0 18444.0 183.01 184.86 184.88 184.57 184.83 134.0 184.9 200.0 18444.0 17095.0 1349.0 0.0 184.6507
14:22:00 205.0 9514.0 183.01 185.295 185.38 184.89 185.3 150.0 185.35 1.0 9514.0 7665.0 1849.0 0.0 185.1694
14:23:00 181.0 9154.0 183.01 185.55 185.6 185.31 185.54 50.0 185.57 155.0 9154.0 4247.0 4907.0 0.0 185.5016
14:24:00 67.0 3339.0 183.01 185.45 185.57 185.44 185.41 200.0 185.46 150.0 3339.0 1251.0 2088.0 0.0 185.4936
14:25:00 113.0 5091.0 183.01 185.42 185.53 185.33 185.43 50.0 185.47 15.0 5091.0 3518.0 1573.0 0.0 185.4511
14:26:00 123.0 3668.0 183.01 185.475 185.48 185.3 185.46 41.0 185.5 146.0 3668.0 1292.0 2376.0 0.0 185.3917
14:27:00 144.0 10701.0 183.01 185.69 185.74 185.44 185.69 100.0 185.74 134.0 10701.0 8090.0 2611.0 0.0 185.5899
14:28:00 78.0 3616.0 183.01 185.635 185.77 185.63 185.62 131.0 185.65 34.0 3616.0 2272.0 1344.0 0.0 185.7264
14:29:00 160.0 6098.0 183.01 185.84 185.85 185.65 185.82 250.0 185.86 20.0 6098.0 4254.0 1844.0 0.0 185.7638
14:30:00 147.0 8674.0 183.01 185.85 185.96 185.77 185.81 100.0 185.86 289.0 8674.0 3372.0 5302.0 0.0 185.8916
14:31:00 130.0 5756.0 183.01 185.87 185.94 185.73 185.87 78.0 185.9 20.0 5756.0 2551.0 3205.0 0.0 185.8605
14:32:00 113.0 3370.0 183.01 185.72 185.89 185.71 185.72 128.0 185.75 37.0 3370.0 579.0 2791.0 0.0 185.7702
14:33:00 149.0 5301.0 183.01 185.97 185.99 185.68 185.95 858.0 185.99 1920.0 5301.0 2988.0 2313.0 0.0 185.8503
14:34:00 291.0 15874.0 183.01 185.84 186.19 185.84 185.82 145.0 185.87 50.0 15874.0 8111.0 7763.0 0.0 186.0151
14:35:00 88.0 5400.0 183.01 185.85 185.9 185.76 185.85 144.0 185.91 50.0 5400.0 3926.0 1474.0 0.0 185.8106
14:36:00 87.0 4300.0 183.01 185.78 185.92 185.7 185.74 150.0 185.8 10.0 4300.0 1273.0 3027.0 0.0 185.8181
14:37:00 71.0 4834.0 183.01 185.83 185.83 185.59 185.83 50.0 185.87 1.0 4834.0 3221.0 1613.0 0.0 185.7092
14:38:00 114.0 7374.0 183.01 186.02 186.12 185.87 185.97 36.0 186.03 100.0 7374.0 5906.0 1468.0 0.0 186.0292
14:39:00 115.0 6567.0 183.01 185.96 186.2 185.95 185.93 101.0 185.97 251.0 6567.0 1854.0 4713.0 0.0 186.0619
14:40:00 51.0 2185.0 183.01 185.9 186.025 185.9 185.88 186.0 185.93 294.0 2185.0 408.0 1777.0 0.0 185.983
14:41:00 91.0 4787.0 183.01 186.02 186.02 185.82 185.97 91.0 186.03 103.0 4787.0 2341.0 2446.0 0.0 185.9446
14:42:00 184.0 14187.0 183.01 186.24 186.32 186.03 186.22 201.0 186.27 100.0 14187.0 7573.0 6614.0 0.0 186.1784
14:43:00 216.0 7937.0 183.01 186.12 186.235 185.92 186.11 615.0 186.16 141.0 7937.0 3758.0 4179.0 0.0 186.0743
14:44:00 160.0 5030.0 183.01 186.0 186.2 185.91 185.97 210.0 186.02 50.0 5030.0 1732.0 3298.0 0.0 186.0617
14:45:00 84.0 2933.0 183.01 186.15 186.17 186.04 186.14 160.0 186.17 100.0 2933.0 1349.0 1584.0 0.0 186.1206
14:46:00 134.0 5179.0 183.01 186.35 186.36 186.08 186.34 403.0 186.37 3.0 5179.0 3665.0 1514.0 0.0 186.2445
14:47:00 217.0 14425.0 183.01 186.5 186.52 186.31 186.46 215.0 186.51 4.0 14425.0 7087.0 7338.0 0.0 186.4324
14:48:00 215.0 9770.0 183.01 186.43 186.52 186.33 186.4 200.0 186.45 300.0 9770.0 3719.0 6051.0 0.0 186.422
14:49:00 167.0 4966.0 183.01 186.04 186.47 186.02 186.03 244.0 186.1 2.0 4966.0 1057.0 3909.0 0.0 186.2952
14:50:00 170.0 7902.0 183.01 186.13 186.13 186.02 186.12 100.0 186.17 169.0 7902.0 4450.0 3452.0 0.0 186.0609
14:51:00 166.0 8131.0 183.01 186.04 186.19 185.83 186.01 200.0 186.06 73.0 8131.0 2955.0 5176.0 0.0 185.9683
14:52:00 67.0 2492.0 183.01 186.04 186.11 185.99 186.02 200.0 186.07 715.0 2492.0 1083.0 1409.0 0.0 186.0482
14:53:00 85.0 3436.0 183.01 186.08 186.09 185.98 186.05 250.0 186.08 100.0 3436.0 1998.0 1438.0 0.0 186.0352
14:54:00 110.0 5288.0 183.01 185.84 186.1 185.84 185.83 1.0 185.87 40.0 5288.0 1759.0 3529.0 0.0 185.9837
14:55:00 274.0 10828.0 183.01 185.75 185.83 185.65 185.73 600.0 185.79 40.0 10828.0 2610.0 8218.0 0.0 185.7424
14:56:00 148.0 7311.0 183.01 185.51 185.8 185.47 185.47 10.0 185.53 450.0 7311.0 895.0 6416.0 0.0 185.5784
14:57:00 109.0 5690.0 183.01 185.4 185.57 185.38 185.39 451.0 185.45 145.0 5690.0 2454.0 3236.0 0.0 185.4604
14:58:00 92.0 5973.0 183.01 185.34 185.42 185.26 185.32 250.0 185.35 5.0 5973.0 1907.0 4066.0 0.0 185.3403
14:59:00 134.0 5043.0 183.01 185.2 185.35 185.06 185.19 223.0 185.23 169.0 5043.0 2471.0 2572.0 0.0 185.1454
15:00:00 91.0 5652.0 183.01 185.05 185.19 185.01 185.03 150.0 185.06 10.0 5652.0 2307.0 3345.0 0.0 185.0651
15:01:00 280.0 12738.0 183.01 185.11 185.18 184.93 185.1 345.0 185.14 2.0 12738.0 2634.0 10104.0 0.0 185.0258
15:02:00 132.0 3995.0 183.01 185.11 185.24 185.05 185.11 1.0 185.16 2.0 3995.0 2289.0 1706.0 0.0 185.1573
15:03:00 115.0 4238.0 183.01 185.23 185.25 184.96 185.17 50.0 185.25 501.0 4238.0 2284.0 1954.0 0.0 185.1028
15:04:00 89.0 3899.0 183.01 185.13 185.2 185.08 185.12 501.0 185.14 43.0 3899.0 1190.0 2709.0 0.0 185.1518
15:05:00 163.0 6851.0 183.01 185.19 185.26 185.12 185.17 200.0 185.21 50.0 6851.0 3431.0 3420.0 0.0 185.1838
15:06:00 141.0 10562.0 183.01 185.29 185.37 185.15 185.29 50.0 185.32 100.0 10562.0 6436.0 4126.0 0.0 185.2665
15:07:00 68.0 2537.0 183.01 185.35 185.36 185.21 185.34 44.0 185.38 300.0 2537.0 1648.0 889.0 0.0 185.2803
15:08:00 92.0 3973.0 183.01 185.34 185.45 185.29 185.33 50.0 185.39 141.0 3973.0 2121.0 1852.0 0.0 185.389
15:09:00 56.0 2059.0 183.01 185.44 185.5 185.39 185.44 402.0 185.48 43.0 2059.0 1140.0 919.0 0.0 185.4511
15:10:00 162.0 9159.0 183.01 185.55 185.55 185.26 185.51 310.0 185.55 489.0 9159.0 2881.0 6278.0 0.0 185.3949
15:11:00 168.0 8961.0 183.01 185.7 185.765 185.41 185.67 273.0 185.71 1.0 8961.0 3197.0 5764.0 0.0 185.5661
15:12:00 186.0 11458.0 183.01 186.02 186.02 185.7 185.99 161.0 186.02 117.0 11458.0 9636.0 1822.0 0.0 185.9398
15:13:00 164.0 7060.0 183.01 185.99 186.04 185.82 185.95 7.0 185.99 170.0 7060.0 2028.0 5032.0 0.0 185.9333
15:14:00 106.0 8633.0 183.01 186.05 186.05 185.95 186.02 102.0 186.05 329.0 8633.0 7289.0 1344.0 0.0 186.0006
15:15:00 158.0 6181.0 183.01 186.18 186.22 186.04 186.17 105.0 186.22 260.0 6181.0 3963.0 2218.0 0.0 186.1579
15:16:00 193.0 6505.0 183.01 186.15 186.36 186.11 186.13 9.0 186.15 100.0 6505.0 3137.0 3368.0 0.0 186.2252
15:17:00 97.0 4042.0 183.01 186.2 186.25 186.12 186.18 41.0 186.21 53.0 4042.0 1162.0 2880.0 0.0 186.2013
15:18:00 207.0 7727.0 183.01 186.03 186.3 185.93 186.03 101.0 186.07 300.0 7727.0 4328.0 3399.0 0.0 186.1845
15:19:00 103.0 3911.0 183.01 185.94 186.08 185.92 185.92 114.0 185.96 440.0 3911.0 1894.0 2017.0 0.0 185.9863
15:20:00 172.0 12895.0 183.01 185.94 186.03 185.85 185.94 50.0 185.99 176.0 12895.0 2110.0 10785.0 0.0 185.9462
15:21:00 333.0 66930.0 183.01 186.05 186.085 185.83 186.04 114.0 186.08 36.0 66930.0 4590.0 62340.0 0.0 185.9273
15:22:00 129.0 4992.0 183.01 186.06 186.11 185.95 186.05 365.0 186.1 226.0 4992.0 1315.0 3677.0 0.0 186.0136
15:23:00 212.0 15094.0 183.01 186.1 186.14 186.03 186.09 56.0 186.11 50.0 15094.0 11576.0 3518.0 0.0 186.1094
15:24:00 244.0 23552.0 183.01 185.91 186.21 185.91 185.92 186.0 185.96 9.0 23552.0 3842.0 19710.0 0.0 186.0555
15:25:00 213.0 11343.0 183.01 185.935 186.03 185.93 185.93 1.0 185.96 168.0 11343.0 8329.0 3014.0 0.0 185.9997
15:26:00 228.0 8292.0 183.01 185.95 186.03 185.9 185.95 205.0 185.99 493.0 8292.0 4858.0 3434.0 0.0 185.9795
15:27:00 249.0 14191.0 183.01 186.07 186.07 185.97 186.05 4276.0 186.08 40.0 14191.0 9843.0 4348.0 0.0 186.0088
15:28:00 195.0 7978.0 183.01 186.27 186.3 186.085 186.25 100.0 186.28 153.0 7978.0 4760.0 3218.0 0.0 186.2225
15:29:00 259.0 13076.0 183.01 186.31 186.5 186.2 186.27 150.0 186.32 136.0 13076.0 8690.0 4386.0 0.0 186.3775
15:30:00 210.0 7683.0 183.01 186.22 186.37 186.07 186.23 50.0 186.28 586.0 7683.0 2925.0 4758.0 0.0 186.2024
15:31:00 299.0 15845.0 183.01 186.03 186.29 185.96 186.02 550.0 186.06 150.0 15845.0 4175.0 11670.0 0.0 186.0548
15:32:00 273.0 11107.0 183.01 185.8 186.09 185.77 185.79 142.0 185.82 30.0 11107.0 2027.0 9080.0 0.0 185.9396
15:33:00 259.0 9173.0 183.01 185.96 185.97 185.73 185.95 18.0 185.98 300.0 9173.0 3953.0 5220.0 0.0 185.8497
15:34:00 313.0 16043.0 183.01 185.63 186.0 185.62 185.61 222.0 185.63 1.0 16043.0 5376.0 10667.0 0.0 185.7669
15:35:00 266.0 13183.0 183.01 185.55 185.67 185.42 185.56 536.0 185.61 44.0 13183.0 5022.0 8161.0 0.0 185.5363
15:36:00 169.0 6148.0 183.01 185.46 185.57 185.39 185.46 300.0 185.48 200.0 6148.0 2563.0 3585.0 0.0 185.4564
15:37:00 163.0 6597.0 183.01 185.64 185.64 185.38 185.62 7.0 185.65 350.0 6597.0 4102.0 2495.0 0.0 185.4988
15:38:00 174.0 7164.0 183.01 185.56 185.76 185.5 185.55 10.0 185.57 190.0 7164.0 3230.0 3934.0 0.0 185.6279
15:39:00 109.0 4168.0 183.01 185.45 185.56 185.45 185.45 1.0 185.47 457.0 4168.0 1888.0 2280.0 0.0 185.5145
15:40:00 179.0 7098.0 183.01 185.46 185.57 185.41 185.45 3.0 185.5 186.0 7098.0 3920.0 3178.0 0.0 185.4839
15:41:00 204.0 9930.0 183.01 185.36 185.47 185.28 185.33 100.0 185.37 150.0 9930.0 3032.0 6898.0 0.0 185.3573
15:42:00 143.0 4743.0 183.01 185.42 185.49 185.32 185.42 10.0 185.44 200.0 4743.0 2518.0 2225.0 0.0 185.4167
15:43:00 163.0 5776.0 183.01 185.5 185.58 185.4 185.49 100.0 185.51 306.0 5776.0 3009.0 2767.0 0.0 185.5098
15:44:00 271.0 10928.0 183.01 185.12 185.52 185.1 185.1 351.0 185.14 150.0 10928.0 4535.0 6393.0 0.0 185.2522
15:45:00 231.0 11944.0 183.01 185.15 185.15 185.01 185.15 459.0 185.2 250.0 11944.0 5294.0 6650.0 0.0 185.0748
15:46:00 225.0 10804.0 183.01 185.12 185.2 185.07 185.11 100.0 185.13 200.0 10804.0 5526.0 5278.0 0.0 185.1306
15:47:00 461.0 22079.0 183.01 185.19 185.32 184.98 185.19 50.0 185.22 171.0 22079.0 7096.0 14983.0 0.0 185.1035
15:48:00 245.0 8545.0 183.01 185.15 185.21 185.08 185.13 255.0 185.16 550.0 8545.0 4279.0 4266.0 0.0 185.143
15:49:00 395.0 16561.0 183.01 184.99 185.15 184.95 184.98 344.0 185.02 500.0 16561.0 7420.0 9141.0 0.0 185.0232
15:50:00 225.0 10158.0 183.01 184.91 185.06 184.88 184.9 111.0 184.93 346.0 10158.0 4352.0 5806.0 0.0 184.9638
15:51:00 919.0 46910.0 183.01 185.4 185.67 184.93 185.37 300.0 185.42 231.0 46910.0 24891.0 22019.0 0.0 185.3274
15:52:00 572.0 24115.0 183.01 185.75 185.75 185.38 185.72 300.0 185.76 153.0 24115.0 14759.0 9356.0 0.0 185.5785
15:53:00 587.0 21881.0 183.01 185.74 185.79 185.62 185.71 10.0 185.75 314.0 21881.0 11417.0 10464.0 0.0 185.7006
15:54:00 355.0 18540.0 183.01 185.83 185.88 185.7 185.81 200.0 185.86 439.0 18540.0 8608.0 9932.0 0.0 185.7675
15:55:00 410.0 13712.0 183.01 185.82 185.91 185.67 185.79 50.0 185.82 50.0 13712.0 8468.0 5244.0 0.0 185.7856
15:56:00 1393.0 53578.0 183.01 185.61 185.83 183.93 185.53 463.0 185.61 13.0 53578.0 24010.0 29568.0 0.0 185.4062
15:57:00 406.0 18533.0 183.01 185.79 185.91 185.6 185.78 44.0 185.81 105.0 18533.0 12635.0 5898.0 0.0 185.8062
15:58:00 478.0 20617.0 183.01 185.79 185.92 185.76 185.79 50.0 185.81 5.0 20617.0 11353.0 9264.0 0.0 185.8377
15:59:00 595.0 27290.0 183.01 185.92 185.93 185.77 185.91 533.0 185.93 250.0 27290.0 19275.0 8015.0 0.0 185.8629
16:00:00 1144.0 44210.0 183.01 185.91 185.99 185.85 185.9 3082.0 185.91 1287.0 44210.0 20372.0 23838.0 0.0 185.911
16:01:00 7.0 44.0 183.01 185.8 186.0 185.8 185.9 617.0 185.85 25.0 44.0 23.0 21.0 0.0 185.9068
16:02:00 19.0 644.0 183.01 185.8 185.9 185.8 185.9 617.0 185.8 46.0 644.0 54.0 590.0 0.0 185.8509
16:03:00 11.0 92.0 183.01 185.65 185.8 185.65 185.9 617.0 185.88 5.0 92.0 46.0 46.0 0.0 185.7696
16:04:00 1.0 0.0 183.01 185.65 185.65 185.65 185.9 617.0 185.8 105.0 nan 0.0 0.0 0.0 nan
16:05:00 41.0 4881.0 183.01 185.35 185.7 185.28 185.9 617.0 185.55 50.0 4881.0 4282.0 599.0 0.0 185.3097
16:06:00 5.0 3.0 183.01 185.51 185.55 185.51 185.9 617.0 185.55 47.0 3.0 3.0 0.0 0.0 185.55
16:07:00 11.0 162.0 183.01 185.51 185.54 185.32 185.9 617.0 185.54 19.0 162.0 1.0 161.0 0.0 185.3402
16:08:00 1.0 4.0 183.01 185.54 185.54 185.54 185.9 617.0 185.55 47.0 4.0 4.0 0.0 0.0 185.54
16:09:00 7.0 167.0 183.01 185.5 185.5 185.45 185.9 617.0 185.55 47.0 167.0 73.0 94.0 0.0 185.4901
16:10:00 10.0 202.0 183.01 185.5 185.55 185.31 185.9 617.0 185.5 29.0 202.0 2.0 200.0 0.0 185.4292
16:11:00 9.0 665.0 183.01 185.5 185.51 185.5 185.9 617.0 185.51 340.0 665.0 75.0 590.0 0.0 185.5009
16:12:00 6.0 357.0 183.01 185.51 185.51 185.39 185.9 617.0 185.51 108.0 357.0 356.0 1.0 0.0 185.5046
16:13:00 0.0 0.0 183.01 185.51 nan nan 185.9 617.0 185.48 100.0 nan 0.0 0.0 0.0 nan
16:14:00 3.0 100.0 183.01 185.45 185.45 185.45 185.9 617.0 185.48 104.0 100.0 100.0 0.0 0.0 185.45
16:15:00 11.0 629.0 183.01 185.4 185.45 185.34 185.9 617.0 185.47 14.0 629.0 90.0 539.0 0.0 185.404
16:16:00 2.0 3.0 183.01 185.44 185.45 185.44 185.9 617.0 185.47 14.0 3.0 1.0 2.0 0.0 185.4467
16:17:00 6.0 33.0 183.01 185.45 185.47 185.42 185.9 617.0 185.45 29.0 33.0 5.0 28.0 0.0 185.4458
16:18:00 8.0 161.0 183.01 185.5 185.5 185.45 185.9 617.0 185.5 95.0 161.0 143.0 18.0 0.0 185.4761
16:19:00 5.0 110.0 183.01 185.5 185.51 185.5 185.9 617.0 185.51 103.0 110.0 100.0 10.0 0.0 185.5005
16:20:00 8.0 256.0 183.01 185.42 185.5 185.42 185.9 617.0 185.51 103.0 256.0 11.0 245.0 0.0 185.4755
16:21:00 0.0 0.0 183.01 185.42 nan nan 185.9 617.0 185.5 225.0 nan 0.0 0.0 0.0 nan
16:22:00 0.0 0.0 183.01 185.42 nan nan 185.9 617.0 185.5 230.0 nan 0.0 0.0 0.0 nan
16:23:00 10.0 324.0 183.01 185.51 185.51 185.45 185.9 617.0 185.56 5.0 324.0 324.0 0.0 0.0 185.5024
16:24:00 7.0 93.0 183.01 185.5 185.68 185.5 185.9 617.0 185.5 954.0 93.0 93.0 0.0 0.0 185.549
16:25:00 2.0 954.0 183.01 185.45 185.45 185.45 185.9 617.0 185.7 340.0 954.0 274.0 680.0 0.0 185.45
16:26:00 0.0 0.0 183.01 185.45 nan nan 185.9 617.0 185.7 341.0 nan 0.0 0.0 0.0 nan
16:27:00 56.0 6485.0 183.01 186.0 186.0 185.6 186.0 134.0 185.91 1100.0 6485.0 6243.0 242.0 0.0 185.9579
16:28:00 18.0 509.0 183.01 186.1 186.1 186.0 186.1 100.0 185.91 1100.0 509.0 260.0 249.0 0.0 186.0481
16:29:00 14.0 235.0 183.01 186.25 186.3 186.1 186.25 93.0 185.91 1100.0 235.0 211.0 24.0 0.0 186.2406
16:30:00 7.0 500.0 183.01 186.3 186.3 186.3 186.25 143.0 185.91 1100.0 500.0 485.0 15.0 0.0 186.3
16:31:00 86.0 2399.0 183.01 186.8 186.91 186.31 186.8 387.0 185.91 1100.0 2399.0 862.0 1537.0 0.0 186.6255
16:32:00 90.0 4728.0 183.01 187.0 187.1 186.5 187.0 181.0 185.91 1100.0 4728.0 2007.0 2721.0 0.0 186.8445
16:33:00 18.0 653.0 183.01 187.15 187.19 187.0 187.15 96.0 185.91 1100.0 653.0 60.0 593.0 0.0 187.0737
16:34:00 18.0 1282.0 183.01 187.1 187.19 187.1 187.1 233.0 185.91 1100.0 1282.0 100.0 1182.0 0.0 187.1092
16:35:00 21.0 1453.0 183.01 187.16 187.2 187.1 187.1 290.0 185.91 1100.0 1453.0 893.0 560.0 0.0 187.1575
16:36:00 19.0 1219.0 183.01 187.1 187.2 187.1 187.1 300.0 185.91 1100.0 1219.0 25.0 1194.0 0.0 187.1021
16:37:00 31.0 1607.0 183.01 187.0 187.12 187.0 186.75 50.0 185.91 1100.0 1607.0 51.0 1556.0 0.0 187.0594
16:38:00 13.0 317.0 183.01 186.8 186.9 186.5 186.8 1.0 185.91 1100.0 317.0 128.0 189.0 0.0 186.6637
16:39:00 16.0 361.0 183.01 186.53 186.8 186.5 186.5 219.0 185.91 1100.0 361.0 10.0 351.0 0.0 186.6785
16:40:00 19.0 1473.0 183.01 186.79 186.79 186.6 186.75 100.0 185.91 1100.0 1473.0 1421.0 52.0 0.0 186.6971
16:41:00 8.0 135.0 183.01 186.6 186.9 186.6 186.6 204.0 185.91 1100.0 135.0 120.0 15.0 0.0 186.7418
16:42:00 16.0 381.0 183.01 187.0 187.0 186.88 186.61 100.0 185.91 1100.0 381.0 281.0 100.0 0.0 186.9775
16:43:00 7.0 2000.0 183.01 187.0 187.03 187.0 186.92 8.0 185.91 1100.0 2000.0 900.0 1100.0 0.0 187.0005
16:44:00 13.0 768.0 183.01 186.81 187.0 186.8 186.81 10.0 185.91 1100.0 768.0 637.0 131.0 0.0 186.9966
16:45:00 7.0 130.0 183.01 186.99 187.0 186.8 186.99 1170.0 185.91 1100.0 130.0 103.0 27.0 0.0 186.9809
16:46:00 9.0 1179.0 183.01 186.76 186.99 186.76 186.73 30.0 185.91 1100.0 1179.0 1.0 1178.0 0.0 186.9886
16:47:00 16.0 1571.0 183.01 187.03 187.08 186.96 187.0 159.0 185.91 1100.0 1571.0 1320.0 251.0 0.0 187.0023
16:48:00 7.0 103.0 183.01 187.19 187.19 187.11 187.08 200.0 185.91 1100.0 103.0 103.0 0.0 0.0 187.178
16:49:00 10.0 212.0 183.01 187.08 187.18 187.08 186.76 161.0 185.91 1100.0 212.0 12.0 200.0 0.0 187.0851
16:50:00 2.0 101.0 183.01 187.08 187.08 187.0 187.0 105.0 185.91 1100.0 101.0 1.0 100.0 0.0 187.0008
16:51:00 10.0 204.0 183.01 186.8 187.0 186.8 186.78 30.0 185.91 1100.0 204.0 2.0 202.0 0.0 187.0
16:52:00 7.0 215.0 183.01 187.0 187.0 186.97 187.0 101.0 185.91 1100.0 215.0 115.0 100.0 0.0 187.0
16:53:00 8.0 3.0 183.01 187.02 187.03 187.0 187.0 100.0 185.91 1100.0 3.0 2.0 1.0 0.0 187.02
16:54:00 3.0 5.0 183.01 187.0 187.02 187.0 187.0 196.0 185.91 1100.0 5.0 0.0 5.0 0.0 187.004
16:55:00 26.0 2922.0 183.01 187.0 187.12 187.0 187.0 194.0 185.91 1100.0 2922.0 710.0 2212.0 0.0 187.0157
16:56:00 6.0 300.0 183.01 187.01 187.17 187.0 187.02 30.0 185.91 1100.0 300.0 200.0 100.0 0.0 187.1123
16:57:00 14.0 400.0 183.01 186.76 187.02 186.76 186.7 1.0 185.91 1100.0 400.0 5.0 395.0 0.0 186.7868
16:58:00 11.0 199.0 183.01 186.75 186.81 186.66 186.6 43.0 185.91 1100.0 199.0 17.0 182.0 0.0 186.7553
16:59:00 7.0 79.0 183.01 186.68 186.68 186.36 186.28 1.0 185.91 1100.0 79.0 0.0 79.0 0.0 186.6238
17:00:00 2.0 56.0 183.01 186.32 186.32 186.3 186.28 1.0 185.91 1100.0 56.0 30.0 26.0 0.0 186.3093
