time trade_count trade_volume trade_first trade_last trade_high trade_low bid_price bid_size ask_price ask_size hid_vol buy_vol sell_vol unsided_vol vwap
09:00:00 nan 497.0 213.15 213.15 213.15 213.06 213.15 379.0 213.2 10.0 497.0 0.0 497.0 0.0 213.1382
09:01:00 3.0 354.0 213.15 213.15 213.15 213.15 213.1 150.0 213.15 3.0 354.0 1.0 353.0 0.0 213.15
09:02:00 12.0 673.0 213.15 213.12 213.18 213.1 213.09 97.0 213.15 550.0 673.0 3.0 670.0 0.0 213.15
09:03:00 26.0 1606.0 213.15 213.26 213.3 213.1 213.09 97.0 213.4 210.0 1606.0 1466.0 140.0 0.0 213.2195
09:04:00 20.0 305.0 213.15 213.35 213.4 213.33 213.09 237.0 213.33 1.0 305.0 108.0 197.0 0.0 213.4
09:05:00 15.0 118.0 213.15 213.2 213.2 213.05 213.09 3.0 213.25 50.0 118.0 3.0 115.0 0.0 213.1003
09:06:00 0.0 0.0 213.15 213.2 nan nan 213.09 3.0 213.25 50.0 nan 0.0 0.0 0.0 nan
09:07:00 0.0 0.0 213.15 213.2 nan nan 213.09 9.0 213.2 40.0 nan 0.0 0.0 0.0 nan
09:08:00 14.0 67.0 213.15 213.2 213.39 213.08 213.11 140.0 213.33 1.0 67.0 67.0 0.0 0.0 213.2524
09:09:00 1.0 3.0 213.15 213.25 213.25 213.25 213.09 9.0 213.33 1.0 3.0 3.0 0.0 0.0 213.25
09:10:00 14.0 106.0 213.15 213.01 213.17 213.01 213.01 150.0 213.1 1494.0 106.0 90.0 16.0 0.0 213.0939
09:11:00 7.0 10.0 213.15 213.13 213.13 213.05 213.19 12.0 213.33 1.0 10.0 0.0 10.0 0.0 213.13
09:12:00 7.0 109.0 213.15 213.29 213.29 213.2 213.11 350.0 213.33 1.0 109.0 2.0 107.0 0.0 213.2631
09:13:00 9.0 7.0 213.15 213.28 213.34 213.28 213.18 2.0 213.35 102.0 7.0 5.0 2.0 0.0 213.3043
09:14:00 7.0 59.0 213.15 213.11 213.22 213.11 213.11 345.0 213.34 279.0 59.0 50.0 9.0 0.0 213.1751
09:15:00 9.0 105.0 213.15 213.15 213.2 213.11 213.11 345.0 213.2 200.0 105.0 100.0 5.0 0.0 213.1524
09:16:00 19.0 745.0 213.15 213.07 213.11 213.07 213.01 290.0 213.11 282.0 745.0 0.0 745.0 0.0 213.0926
09:17:00 4.0 9.0 213.15 213.01 213.07 213.01 213.01 287.0 213.11 282.0 9.0 0.0 9.0 0.0 213.0433
09:18:00 3.0 56.0 213.15 213.06 213.06 213.06 213.01 287.0 213.11 282.0 56.0 0.0 56.0 0.0 213.06
09:19:00 18.0 2696.0 213.15 213.0 213.02 213.0 213.0 42573.0 213.11 282.0 2696.0 0.0 2696.0 0.0 213.0008
09:20:00 14.0 850.0 213.15 213.0 213.1 213.0 213.0 41723.0 213.06 2.0 850.0 0.0 850.0 0.0 213.0
09:21:00 52.0 42202.0 213.15 212.79 213.0 212.36 212.35 156.0 212.9 87.0 42202.0 0.0 42202.0 0.0 212.9989
09:22:00 18.0 100.0 213.15 212.44 212.7 212.36 212.4 241.0 212.7 80.0 100.0 100.0 0.0 0.0 212.506
09:23:00 13.0 307.0 213.15 212.7 212.87 212.65 212.7 54.0 212.9 87.0 307.0 84.0 223.0 0.0 212.7022
09:24:00 5.0 101.0 213.15 212.85 212.96 212.7 212.7 20.0 212.9 87.0 101.0 100.0 1.0 0.0 212.8485
09:25:00 14.0 91.0 213.15 212.85 212.96 212.7 212.7 11.0 213.0 17.0 91.0 89.0 2.0 0.0 212.896
09:26:00 12.0 101.0 213.15 212.77 212.77 212.72 212.76 1341.0 212.92 101.0 101.0 101.0 0.0 0.0 212.76
09:27:00 18.0 0.0 213.15 212.88 212.88 212.8 212.7 11.0 212.92 125.0 nan 0.0 0.0 0.0 nan
09:28:00 14.0 65.0 213.15 212.95 213.1 212.92 212.7 251.0 213.0 3.0 65.0 65.0 0.0 0.0 212.9988
09:29:00 10.0 11.0 213.15 212.7 212.8 212.52 212.46 300.0 212.78 200.0 11.0 0.0 11.0 0.0 212.7
09:30:00 40.0 2374.0 213.15 212.4 212.79 212.4 212.4 100.0 212.99 75.0 2374.0 223.0 2151.0 0.0 212.5875
09:31:00 593.0 38071.0 213.15 212.12 212.88 211.75 211.94 300.0 212.11 25.0 38071.0 20419.0 17652.0 0.0 212.3671
09:32:00 512.0 12911.0 213.15 212.35 212.6 211.68 212.25 100.0 212.38 20.0 12911.0 6303.0 6608.0 0.0 212.1335
09:33:00 585.0 32946.0 213.15 211.06 212.41 210.76 210.93 200.0 211.08 25.0 32946.0 16458.0 16488.0 0.0 211.1634
09:34:00 290.0 10965.0 213.15 211.08 211.57 210.86 211.01 25.0 211.16 25.0 10965.0 3619.0 7346.0 0.0 211.1309
09:35:00 283.0 9995.0 213.15 211.0 211.21 210.85 210.96 186.0 211.09 50.0 9995.0 4705.0 5290.0 0.0 210.9901
09:36:00 265.0 8838.0 213.15 211.22 211.38 210.94 211.02 3.0 211.13 25.0 8838.0 4409.0 4429.0 0.0 211.138
09:37:00 313.0 8787.0 213.15 210.93 211.09 210.73 210.93 25.0 211.08 25.0 8787.0 6594.0 2193.0 0.0 210.9274
09:38:00 255.0 8331.0 213.15 211.77 211.8 210.96 211.75 25.0 211.82 2.0 8331.0 6440.0 1891.0 0.0 211.6206
09:39:00 268.0 8527.0 213.15 211.66 211.92 210.97 211.62 7.0 211.74 40.0 8527.0 4863.0 3664.0 0.0 211.39
09:40:00 298.0 9613.0 213.15 212.38 212.38 211.66 212.33 91.0 212.41 63.0 9613.0 6282.0 3331.0 0.0 212.1687
09:41:00 418.0 13624.0 213.15 213.3 213.38 212.24 213.25 30.0 213.34 1.0 13624.0 10073.0 3551.0 0.0 212.9018
09:42:00 697.0 22015.0 213.15 213.58 213.83 212.98 213.52 10.0 213.64 496.0 22015.0 11355.0 10660.0 0.0 213.4368
09:43:00 422.0 11605.0 213.15 212.88 213.58 212.88 212.87 25.0 212.96 25.0 11605.0 3247.0 8358.0 0.0 213.1899
09:44:00 267.0 8695.0 213.15 212.64 212.86 212.3 212.6 130.0 212.71 1.0 8695.0 4880.0 3815.0 0.0 212.5482
09:45:00 304.0 7602.0 213.15 212.3 212.6 212.09 212.21 25.0 212.35 25.0 7602.0 2885.0 4717.0 0.0 212.3241
09:46:00 160.0 5090.0 213.15 212.48 212.76 212.37 212.38 50.0 212.54 121.0 5090.0 2453.0 2637.0 0.0 212.5385
09:47:00 268.0 8360.0 213.15 212.4 212.4 212.06 212.34 43.0 212.44 145.0 8360.0 3694.0 4666.0 0.0 212.2328
09:48:00 299.0 11528.0 213.15 212.98 213.07 212.34 212.95 11.0 213.04 125.0 11528.0 8126.0 3402.0 0.0 212.6945
09:49:00 186.0 7920.0 213.15 213.02 213.15 212.7 212.99 19.0 213.02 20.0 7920.0 4126.0 3794.0 0.0 212.9151
09:50:00 265.0 7862.0 213.15 212.12 212.99 212.12 212.12 25.0 212.22 100.0 7862.0 3245.0 4617.0 0.0 212.5223
09:51:00 354.0 16035.0 213.15 211.6 212.23 211.55 211.57 28.0 211.66 375.0 16035.0 4530.0 11505.0 0.0 211.8866
09:52:00 301.0 10617.0 213.15 211.83 212.01 211.4 211.86 195.0 211.93 14.0 10617.0 4574.0 6043.0 0.0 211.6588
09:53:00 238.0 6120.0 213.15 211.96 212.3 211.84 211.96 24.0 212.0 35.0 6120.0 2256.0 3864.0 0.0 212.0597
09:54:00 282.0 7879.0 213.15 211.87 212.59 211.8 211.8 25.0 211.93 25.0 7879.0 3772.0 4107.0 0.0 212.1326
09:55:00 140.0 3319.0 213.15 211.77 212.06 211.67 211.75 1.0 211.82 100.0 3319.0 1493.0 1826.0 0.0 211.8745
09:56:00 294.0 7302.0 213.15 211.28 211.79 211.09 211.23 25.0 211.31 23.0 7302.0 3217.0 4085.0 0.0 211.3934
09:57:00 224.0 9811.0 213.15 211.26 211.28 211.04 211.26 25.0 211.3 25.0 9811.0 3358.0 6453.0 0.0 211.1152
09:58:00 232.0 11926.0 213.15 211.1 211.41 210.92 211.08 27.0 211.17 400.0 11926.0 2595.0 9331.0 0.0 211.0837
09:59:00 217.0 8445.0 213.15 210.93 211.25 210.83 210.87 60.0 210.95 50.0 8445.0 2777.0 5668.0 0.0 210.9942
10:00:00 185.0 5558.0 213.15 211.05 211.13 210.82 211.01 139.0 211.08 27.0 5558.0 2835.0 2723.0 0.0 210.9694
10:01:00 439.0 19185.0 213.15 210.51 211.04 210.38 210.5 100.0 210.57 158.0 19185.0 6486.0 12699.0 0.0 210.7063
10:02:00 496.0 19725.0 213.15 209.76 210.52 209.76 209.76 201.0 209.83 125.0 19725.0 6905.0 12820.0 0.0 210.038
10:03:00 213.0 8356.0 213.15 209.98 210.06 209.71 209.95 217.0 210.02 25.0 8356.0 5958.0 2398.0 0.0 209.8963
10:04:00 111.0 3656.0 213.15 210.23 210.25 209.9 210.19 25.0 210.26 100.0 3656.0 1872.0 1784.0 0.0 210.0922
10:05:00 197.0 7206.0 213.15 210.28 210.42 210.18 210.27 25.0 210.34 2.0 7206.0 3540.0 3666.0 0.0 210.2932
10:06:00 341.0 9954.0 213.15 210.7 210.79 210.18 210.69 210.0 210.75 450.0 9954.0 6590.0 3364.0 0.0 210.5102
10:07:00 225.0 8575.0 213.15 211.19 211.2 210.55 211.13 222.0 211.2 23.0 8575.0 5501.0 3074.0 0.0 210.8313
10:08:00 226.0 6496.0 213.15 211.29 211.42 211.07 211.24 176.0 211.31 463.0 6496.0 2431.0 4065.0 0.0 211.2315
10:09:00 251.0 8695.0 213.15 211.16 211.29 211.02 211.1 36.0 211.18 25.0 8695.0 1665.0 7030.0 0.0 211.1256
10:10:00 186.0 6123.0 213.15 210.96 211.2 210.94 210.93 783.0 211.01 31.0 6123.0 1196.0 4927.0 0.0 211.0483
10:11:00 245.0 10528.0 213.15 211.5 211.58 210.98 211.47 33.0 211.52 25.0 10528.0 4271.0 6257.0 0.0 211.4004
10:12:00 290.0 12083.0 213.15 211.41 211.67 211.17 211.39 116.0 211.44 200.0 12083.0 3933.0 8150.0 0.0 211.4833
10:13:00 226.0 4806.0 213.15 211.13 211.42 211.04 211.09 10.0 211.14 150.0 4806.0 1597.0 3209.0 0.0 211.1754
10:14:00 165.0 4242.0 213.15 211.45 211.5 211.09 211.42 6.0 211.48 175.0 4242.0 3024.0 1218.0 0.0 211.2615
10:15:00 213.0 10657.0 213.15 211.73 211.8 211.35 211.68 9.0 211.72 59.0 10657.0 8879.0 1778.0 0.0 211.6869
10:16:00 285.0 9691.0 213.15 211.01 211.93 211.0 210.98 30.0 211.02 75.0 9691.0 3519.0 6172.0 0.0 211.4745
10:17:00 518.0 19309.0 213.15 210.99 211.22 210.71 210.98 3.0 211.0 23.0 19309.0 8874.0 10435.0 0.0 210.9129
10:18:00 326.0 9495.0 213.15 211.16 211.5 210.91 211.12 197.0 211.19 28.0 9495.0 6427.0 3068.0 0.0 211.1483
10:19:00 163.0 4883.0 213.15 211.19 211.25 211.06 211.16 165.0 211.22 75.0 4883.0 3014.0 1869.0 0.0 211.1594
10:20:00 275.0 11574.0 213.15 210.86 211.32 210.77 210.83 159.0 210.89 13.0 11574.0 3170.0 8404.0 0.0 211.0053
10:21:00 108.0 2890.0 213.15 211.08 211.09 210.74 211.04 100.0 211.1 1.0 2890.0 2174.0 716.0 0.0 210.9448
10:22:00 155.0 3349.0 213.15 211.29 211.35 210.89 211.26 325.0 211.31 9.0 3349.0 1545.0 1804.0 0.0 211.1046
10:23:00 100.0 1934.0 213.15 211.18 211.39 211.11 211.15 263.0 211.22 25.0 1934.0 1068.0 866.0 0.0 211.2979
10:24:00 176.0 4117.0 213.15 210.94 211.15 210.8 210.91 102.0 210.96 18.0 4117.0 1231.0 2886.0 0.0 210.9199
10:25:00 132.0 3728.0 213.15 211.04 211.06 210.86 211.0 982.0 211.08 150.0 3728.0 2770.0 958.0 0.0 210.9897
10:26:00 153.0 4023.0 213.15 211.31 211.31 211.0 211.3 120.0 211.38 22.0 4023.0 1700.0 2323.0 0.0 211.1152
10:27:00 345.0 12115.0 213.15 210.86 211.64 210.86 210.82 29.0 210.88 1237.0 12115.0 4633.0 7482.0 0.0 211.3076
10:28:00 465.0 17864.0 213.15 210.3 210.89 210.2 210.25 132.0 210.35 250.0 17864.0 10048.0 7816.0 0.0 210.5955
10:29:00 173.0 5043.0 213.15 210.55 210.56 210.15 210.5 25.0 210.55 100.0 5043.0 3236.0 1807.0 0.0 210.3249
10:30:00 240.0 7902.0 213.15 210.35 210.5 210.22 210.36 125.0 210.41 133.0 7902.0 5690.0 2212.0 0.0 210.3325
10:31:00 206.0 5436.0 213.15 210.15 210.37 210.08 210.1 1200.0 210.16 151.0 5436.0 1426.0 4010.0 0.0 210.2085
10:32:00 279.0 21077.0 213.15 210.23 210.28 209.96 210.21 100.0 210.28 61.0 21077.0 3358.0 17719.0 0.0 210.0367
10:33:00 165.0 5277.0 213.15 210.5 210.55 210.14 210.45 4.0 210.51 8.0 5277.0 2619.0 2658.0 0.0 210.3008
10:34:00 174.0 3981.0 213.15 210.29 210.49 210.17 210.28 155.0 210.35 8.0 3981.0 986.0 2995.0 0.0 210.281
10:35:00 109.0 4164.0 213.15 210.15 210.34 210.07 210.15 50.0 210.18 8.0 4164.0 1535.0 2629.0 0.0 210.1921
10:36:00 193.0 6959.0 213.15 210.01 210.26 210.0 210.01 155.0 210.07 1.0 6959.0 2725.0 4234.0 0.0 210.0961
10:37:00 199.0 7081.0 213.15 210.4 210.42 209.86 210.39 50.0 210.45 122.0 7081.0 2659.0 4422.0 0.0 210.0908
10:38:00 375.0 13112.0 213.15 210.57 210.6 210.29 210.54 11.0 210.6 20.0 13112.0 7783.0 5329.0 0.0 210.4527
10:39:00 203.0 6861.0 213.15 210.8 210.88 210.585 210.84 14.0 210.89 189.0 6861.0 3642.0 3219.0 0.0 210.7757
10:40:00 176.0 7406.0 213.15 210.74 211.0 210.6 210.7 18.0 210.76 150.0 7406.0 4471.0 2935.0 0.0 210.8393
10:41:00 200.0 4800.0 213.15 210.38 210.75 210.35 210.35 1.0 210.39 3.0 4800.0 1152.0 3648.0 0.0 210.5547
10:42:00 109.0 3545.0 213.15 210.58 210.63 210.33 210.55 30.0 210.62 12.0 3545.0 1624.0 1921.0 0.0 210.5184
10:43:00 128.0 3165.0 213.15 210.59 210.71 210.43 210.55 39.0 210.61 150.0 3165.0 1072.0 2093.0 0.0 210.586
10:44:00 137.0 2988.0 213.15 210.41 210.62 210.3 210.35 197.0 210.43 10.0 2988.0 385.0 2603.0 0.0 210.4531
10:45:00 177.0 6405.0 213.15 210.84 210.9 210.36 210.79 159.0 210.86 166.0 6405.0 4520.0 1885.0 0.0 210.701
10:46:00 211.0 16628.0 213.15 210.93 211.1 210.86 210.91 11.0 210.96 10.0 16628.0 13467.0 3161.0 0.0 210.997
10:47:00 131.0 4500.0 213.15 211.1 211.16 210.89 211.09 120.0 211.13 9.0 4500.0 2366.0 2134.0 0.0 211.0708
10:48:00 147.0 9372.0 213.15 211.3 211.35 211.05 211.29 450.0 211.36 50.0 9372.0 7500.0 1872.0 0.0 211.2179
10:49:00 147.0 4498.0 213.15 211.46 211.55 211.27 211.45 100.0 211.5 185.0 4498.0 2901.0 1597.0 0.0 211.4518
10:50:00 144.0 6618.0 213.15 211.39 211.5 211.25 211.35 150.0 211.39 617.0 6618.0 1448.0 5170.0 0.0 211.3823
10:51:00 100.0 4021.0 213.15 211.06 211.35 211.06 211.02 650.0 211.08 413.0 4021.0 591.0 3430.0 0.0 211.2397
10:52:00 248.0 5801.0 213.15 211.14 211.19 210.84 211.14 6.0 211.19 60.0 5801.0 2618.0 3183.0 0.0 210.983
10:53:00 87.0 2535.0 213.15 211.2 211.2 210.94 211.16 200.0 211.2 19.0 2535.0 1732.0 803.0 0.0 211.072
10:54:00 235.0 7465.0 213.15 211.24 211.32 211.11 211.22 161.0 211.29 168.0 7465.0 3226.0 4239.0 0.0 211.1872
10:55:00 157.0 3925.0 213.15 211.165 211.34 211.08 211.13 20.0 211.2 345.0 3925.0 2179.0 1746.0 0.0 211.2192
10:56:00 275.0 7322.0 213.15 211.33 211.34 210.97 211.3 6.0 211.35 186.0 7322.0 3234.0 4088.0 0.0 211.0989
10:57:00 72.0 1467.0 213.15 211.31 211.31 211.15 211.27 220.0 211.34 6.0 1467.0 801.0 666.0 0.0 211.2469
10:58:00 150.0 4116.0 213.15 211.43 211.43 211.26 211.34 328.0 211.39 150.0 4116.0 1920.0 2196.0 0.0 211.3454
10:59:00 155.0 5753.0 213.15 211.33 211.46 211.27 211.31 50.0 211.35 1178.0 5753.0 2933.0 2820.0 0.0 211.3717
11:00:00 152.0 5148.0 213.15 211.48 211.6 211.35 211.46 250.0 211.51 103.0 5148.0 4189.0 959.0 0.0 211.4468
11:01:00 913.0 47029.0 213.15 212.38 212.41 211.35 212.33 200.0 212.38 450.0 47029.0 34772.0 12257.0 0.0 211.9554
11:02:00 770.0 32641.0 213.15 212.92 212.94 212.21 212.86 7.0 212.91 50.0 32641.0 22864.0 9777.0 0.0 212.5554
11:03:00 848.0 31935.0 213.15 213.32 213.4 212.83 213.32 220.0 213.38 44.0 31935.0 20329.0 11606.0 0.0 213.1024
11:04:00 381.0 17064.0 213.15 213.21 213.45 212.99 213.21 534.0 213.28 10.0 17064.0 5253.0 11811.0 0.0 213.2396
11:05:00 307.0 7991.0 213.15 212.88 213.25 212.68 212.92 37.0 212.98 200.0 7991.0 2328.0 5663.0 0.0 212.8594
11:06:00 370.0 13816.0 213.15 213.1 213.31 212.76 213.07 450.0 213.14 21.0 13816.0 9056.0 4760.0 0.0 213.0982
11:07:00 554.0 17947.0 213.15 212.47 213.08 212.27 212.42 283.0 212.5 57.0 17947.0 6238.0 11709.0 0.0 212.548
11:08:00 148.0 11470.0 213.15 212.22 212.6 212.22 212.2 350.0 212.25 20.0 11470.0 4408.0 7062.0 0.0 212.4559
11:09:00 161.0 6813.0 213.15 212.3 212.35 212.08 212.27 25.0 212.34 24.0 6813.0 3361.0 3452.0 0.0 212.2031
11:10:00 69.0 2161.0 213.15 212.27 212.35 212.13 212.21 25.0 212.28 134.0 2161.0 1091.0 1070.0 0.0 212.2332
11:11:00 175.0 7228.0 213.15 211.97 212.22 211.92 211.92 263.0 211.98 4.0 7228.0 1420.0 5808.0 0.0 212.0627
11:12:00 206.0 6524.0 213.15 211.82 212.05 211.71 211.79 25.0 211.84 100.0 6524.0 2219.0 4305.0 0.0 211.8047
11:13:00 143.0 5470.0 213.15 212.16 212.18 211.71 212.13 615.0 212.2 331.0 5470.0 2398.0 3072.0 0.0 211.9067
11:14:00 178.0 6524.0 213.15 212.22 212.38 212.09 212.18 254.0 212.23 101.0 6524.0 3664.0 2860.0 0.0 212.2592
11:15:00 92.0 2483.0 213.15 212.18 212.32 212.0 212.18 50.0 212.22 10.0 2483.0 1125.0 1358.0 0.0 212.1676
11:16:00 193.0 6635.0 213.15 212.04 212.39 211.9 212.02 160.0 212.07 46.0 6635.0 1844.0 4791.0 0.0 212.0882
11:17:00 118.0 3690.0 213.15 212.42 212.47 211.97 212.4 25.0 212.48 738.0 3690.0 2841.0 849.0 0.0 212.0942
11:18:00 209.0 6728.0 213.15 212.55 212.76 212.26 212.5 100.0 212.56 20.0 6728.0 3605.0 3123.0 0.0 212.5542
11:19:00 82.0 1925.0 213.15 212.29 212.56 212.25 212.29 25.0 212.37 25.0 1925.0 511.0 1414.0 0.0 212.3898
11:20:00 91.0 4613.0 213.15 212.45 212.5 212.36 212.44 451.0 212.5 46.0 4613.0 4152.0 461.0 0.0 212.4451
11:21:00 218.0 8694.0 213.15 212.07 212.49 212.02 212.07 513.0 212.13 31.0 8694.0 3549.0 5145.0 0.0 212.2529
11:22:00 163.0 4492.0 213.15 211.61 212.07 211.6 211.61 29.0 211.67 19.0 4492.0 1223.0 3269.0 0.0 211.8586
11:23:00 140.0 3789.0 213.15 211.7 211.78 211.51 211.68 25.0 211.73 20.0 3789.0 1784.0 2005.0 0.0 211.6346
11:24:00 143.0 4807.0 213.15 211.65 211.78 211.54 211.62 7.0 211.66 50.0 4807.0 1410.0 3397.0 0.0 211.6562
11:25:00 140.0 4695.0 213.15 211.82 211.82 211.57 211.78 219.0 211.83 614.0 4695.0 2664.0 2031.0 0.0 211.6901
11:26:00 162.0 4660.0 213.15 211.79 211.9 211.7 211.77 473.0 211.84 100.0 4660.0 2069.0 2591.0 0.0 211.7856
11:27:00 154.0 4336.0 213.15 211.66 211.87 211.64 211.63 380.0 211.69 57.0 4336.0 1587.0 2749.0 0.0 211.7575
11:28:00 154.0 5650.0 213.15 211.34 211.69 211.33 211.34 56.0 211.39 125.0 5650.0 1488.0 4162.0 0.0 211.4808
11:29:00 84.0 1639.0 213.15 211.68 211.72 211.35 211.63 19.0 211.69 165.0 1639.0 1238.0 401.0 0.0 211.5217
11:30:00 120.0 2285.0 213.15 211.68 211.77 211.48 211.62 343.0 211.68 80.0 2285.0 1094.0 1191.0 0.0 211.6164
11:31:00 47.0 1727.0 213.15 211.72 211.75 211.54 211.7 312.0 211.75 200.0 1727.0 1242.0 485.0 0.0 211.6755
11:32:00 177.0 5829.0 213.15 212.06 212.06 211.66 212.02 400.0 212.06 201.0 5829.0 3775.0 2054.0 0.0 211.8818
11:33:00 164.0 9416.0 213.15 212.1 212.15 211.88 212.07 218.0 212.11 6.0 9416.0 3512.0 5904.0 0.0 212.0076
11:34:00 96.0 11285.0 213.15 212.11 212.22 212.03 212.06 100.0 212.12 273.0 11285.0 2301.0 8984.0 0.0 212.1387
11:35:00 133.0 6473.0 213.15 212.16 212.29 212.0 212.13 18.0 212.18 232.0 6473.0 3191.0 3282.0 0.0 212.1519
11:36:00 92.0 3968.0 213.15 211.94 212.17 211.94 211.93 1.0 211.97 218.0 3968.0 1760.0 2208.0 0.0 212.0321
11:37:00 74.0 1973.0 213.15 211.92 211.98 211.78 211.9 101.0 211.95 100.0 1973.0 1305.0 668.0 0.0 211.8598
11:38:00 125.0 4797.0 213.15 212.34 212.37 211.9 212.33 50.0 212.37 106.0 4797.0 3216.0 1581.0 0.0 212.168
11:39:00 141.0 4521.0 213.15 212.16 212.51 212.15 212.13 250.0 212.19 3.0 4521.0 2628.0 1893.0 0.0 212.4247
11:40:00 104.0 4311.0 213.15 212.15 212.3 212.1 212.11 100.0 212.16 146.0 4311.0 2767.0 1544.0 0.0 212.2163
11:41:00 99.0 3858.0 213.15 212.23 212.27 212.08 212.2 149.0 212.26 1.0 3858.0 1541.0 2317.0 0.0 212.1903
11:42:00 104.0 3492.0 213.15 212.19 212.39 212.14 212.15 301.0 212.2 33.0 3492.0 1314.0 2178.0 0.0 212.2645
11:43:00 109.0 4141.0 213.15 212.1 212.19 211.94 212.07 203.0 212.12 212.0 4141.0 1590.0 2551.0 0.0 212.0549
11:44:00 72.0 2782.0 213.15 212.13 212.25 212.1 212.1 150.0 212.16 19.0 2782.0 1996.0 786.0 0.0 212.158
11:45:00 67.0 2231.0 213.15 212.18 212.18 212.07 212.15 15.0 212.18 50.0 2231.0 1594.0 637.0 0.0 212.1433
11:46:00 88.0 2472.0 213.15 212.25 212.25 212.1 212.2 323.0 212.25 50.0 2472.0 1160.0 1312.0 0.0 212.1679
11:47:00 108.0 3240.0 213.15 212.42 212.44 212.23 212.4 200.0 212.44 9.0 3240.0 1870.0 1370.0 0.0 212.3442
11:48:00 71.0 4432.0 213.15 212.4 212.45 212.34 212.35 150.0 212.39 302.0 4432.0 2454.0 1978.0 0.0 212.3958
11:49:00 69.0 3149.0 213.15 212.37 212.44 212.34 212.35 259.0 212.39 248.0 3149.0 2324.0 825.0 0.0 212.3896
11:50:00 140.0 3764.0 213.15 212.26 212.35 212.2 212.22 50.0 212.28 136.0 3764.0 1949.0 1815.0 0.0 212.283
11:51:00 122.0 5882.0 213.15 212.17 212.22 211.96 212.15 1.0 212.19 220.0 5882.0 2329.0 3553.0 0.0 212.0723
11:52:00 242.0 5759.0 213.15 212.3 212.33 212.12 212.29 150.0 212.33 360.0 5759.0 3354.0 2405.0 0.0 212.2341
11:53:00 110.0 2654.0 213.15 212.28 212.37 212.18 212.24 533.0 212.31 50.0 2654.0 1601.0 1053.0 0.0 212.2674
11:54:00 61.0 1029.0 213.15 212.17 212.24 212.17 212.13 10.0 212.18 260.0 1029.0 579.0 450.0 0.0 212.2164
11:55:00 123.0 3873.0 213.15 212.21 212.21 212.02 212.18 250.0 212.21 101.0 3873.0 2461.0 1412.0 0.0 212.1156
11:56:00 111.0 3625.0 213.15 212.37 212.4 212.13 212.3 500.0 212.35 8580.0 3625.0 2081.0 1544.0 0.0 212.2479
11:57:00 32.0 860.0 213.15 212.23 212.33 212.23 212.2 300.0 212.24 38.0 860.0 326.0 534.0 0.0 212.2817
11:58:00 56.0 2101.0 213.15 212.27 212.3 212.22 212.22 225.0 212.27 387.0 2101.0 1647.0 454.0 0.0 212.2564
11:59:00 126.0 2186.0 213.15 212.18 212.33 212.15 212.18 50.0 212.21 1.0 2186.0 503.0 1683.0 0.0 212.2259
12:00:00 89.0 5721.0 213.15 212.33 212.35 212.21 212.31 20.0 212.36 271.0 5721.0 5346.0 375.0 0.0 212.2792
12:01:00 221.0 8610.0 213.15 212.66 212.69 212.31 212.65 410.0 212.69 2.0 8610.0 6143.0 2467.0 0.0 212.4984
12:02:00 80.0 3138.0 213.15 212.84 212.84 212.64 212.8 524.0 212.85 100.0 3138.0 1843.0 1295.0 0.0 212.7345
12:03:00 85.0 2765.0 213.15 212.83 212.85 212.75 212.82 50.0 212.84 100.0 2765.0 1656.0 1109.0 0.0 212.7987
12:04:00 134.0 3726.0 213.15 212.83 212.95 212.81 212.82 872.0 212.86 105.0 3726.0 1512.0 2214.0 0.0 212.8595
12:05:00 142.0 4067.0 213.15 212.53 212.9 212.48 212.5 27.0 212.54 8.0 4067.0 1766.0 2301.0 0.0 212.7295
12:06:00 148.0 7129.0 213.15 212.32 212.55 212.32 212.33 100.0 212.36 16.0 7129.0 1523.0 5606.0 0.0 212.4533
12:07:00 167.0 10159.0 213.15 212.33 212.39 212.27 212.32 150.0 212.37 122.0 10159.0 1871.0 8288.0 0.0 212.3376
12:08:00 102.0 2797.0 213.15 212.21 212.4 212.19 212.18 5.0 212.23 70.0 2797.0 1147.0 1650.0 0.0 212.2805
12:09:00 176.0 5106.0 213.15 211.89 212.18 211.86 211.85 100.0 211.9 152.0 5106.0 1731.0 3375.0 0.0 212.0105
12:10:00 126.0 4355.0 213.15 212.05 212.11 211.9 212.0 301.0 212.05 32.0 4355.0 2286.0 2069.0 0.0 212.0154
12:11:00 123.0 2855.0 213.15 212.04 212.11 211.94 212.03 200.0 212.07 168.0 2855.0 1203.0 1652.0 0.0 212.0138
12:12:00 125.0 4981.0 213.15 211.99 212.03 211.95 211.96 3.0 212.0 467.0 4981.0 1823.0 3158.0 0.0 211.9938
12:13:00 182.0 8648.0 213.15 211.96 212.06 211.89 211.95 162.0 211.99 2.0 8648.0 2300.0 6348.0 0.0 211.9575
12:14:00 167.0 5192.0 213.15 211.76 211.95 211.62 211.72 84.0 211.77 108.0 5192.0 2244.0 2948.0 0.0 211.7553
12:15:00 110.0 2630.0 213.15 211.61 211.74 211.6 211.6 250.0 211.65 29.0 2630.0 1850.0 780.0 0.0 211.6575
12:16:00 152.0 4968.0 213.15 211.56 211.66 211.52 211.52 12.0 211.57 350.0 4968.0 1660.0 3308.0 0.0 211.5698
12:17:00 77.0 1439.0 213.15 211.82 211.87 211.58 211.79 115.0 211.83 20.0 1439.0 1055.0 384.0 0.0 211.7461
12:18:00 149.0 3817.0 213.15 211.62 211.83 211.59 211.58 183.0 211.63 6.0 3817.0 1268.0 2549.0 0.0 211.6926
12:19:00 86.0 1609.0 213.15 211.55 211.62 211.4 211.55 220.0 211.6 5.0 1609.0 503.0 1106.0 0.0 211.4635
12:20:00 37.0 976.0 213.15 211.5 211.56 211.44 211.49 10.0 211.53 250.0 976.0 396.0 580.0 0.0 211.5129
12:21:00 82.0 1679.0 213.15 211.62 211.63 211.52 211.6 100.0 211.65 1241.0 1679.0 1230.0 449.0 0.0 211.5841
12:22:00 80.0 1932.0 213.15 211.86 211.88 211.57 211.87 10.0 211.92 1302.0 1932.0 1249.0 683.0 0.0 211.6682
12:23:00 138.0 4273.0 213.15 212.0 212.02 211.92 211.97 150.0 212.01 114.0 4273.0 3325.0 948.0 0.0 211.9763
12:24:00 59.0 1627.0 213.15 212.06 212.08 211.98 212.04 22.0 212.1 154.0 1627.0 1208.0 419.0 0.0 212.0196
12:25:00 52.0 1322.0 213.15 212.15 212.2 212.03 212.13 200.0 212.18 28.0 1322.0 898.0 424.0 0.0 212.1443
12:26:00 71.0 3287.0 213.15 212.17 212.22 212.14 212.13 320.0 212.18 9.0 3287.0 1391.0 1896.0 0.0 212.1949
12:27:00 111.0 3418.0 213.15 212.3 212.31 212.13 212.28 235.0 212.32 618.0 3418.0 2147.0 1271.0 0.0 212.2158
12:28:00 86.0 2602.0 213.15 212.21 212.35 212.13 212.19 207.0 212.24 12.0 2602.0 1290.0 1312.0 0.0 212.2192
12:29:00 79.0 2732.0 213.15 212.25 212.31 212.21 212.22 35.0 212.26 34.0 2732.0 1205.0 1527.0 0.0 212.2672
12:30:00 41.0 1350.0 213.15 212.19 212.3 212.18 212.18 210.0 212.22 87.0 1350.0 1011.0 339.0 0.0 212.256
12:31:00 86.0 2482.0 213.15 212.32 212.42 212.2 212.29 450.0 212.35 413.0 2482.0 1751.0 731.0 0.0 212.3148
12:32:00 71.0 2392.0 213.15 212.23 212.37 212.17 212.23 1.0 212.26 2.0 2392.0 1151.0 1241.0 0.0 212.2891
12:33:00 162.0 8286.0 213.15 212.55 212.55 212.2 212.54 34.0 212.58 649.0 8286.0 7275.0 1011.0 0.0 212.4054
12:34:00 122.0 3697.0 213.15 212.63 212.71 212.58 212.6 20.0 212.64 33.0 3697.0 2262.0 1435.0 0.0 212.6306
12:35:00 70.0 2795.0 213.15 212.64 212.66 212.52 212.61 311.0 212.65 297.0 2795.0 1293.0 1502.0 0.0 212.5905
12:36:00 101.0 3385.0 213.15 212.4 212.65 212.4 212.4 445.0 212.46 18.0 3385.0 2222.0 1163.0 0.0 212.4965
12:37:00 80.0 2851.0 213.15 212.48 212.52 212.38 212.45 19.0 212.51 777.0 2851.0 2056.0 795.0 0.0 212.4347
12:38:00 50.0 2178.0 213.15 212.35 212.46 212.31 212.34 23.0 212.38 36.0 2178.0 801.0 1377.0 0.0 212.3685
12:39:00 57.0 1549.0 213.15 212.38 212.52 212.29 212.35 10.0 212.4 250.0 1549.0 1025.0 524.0 0.0 212.4002
12:40:00 64.0 3926.0 213.15 212.42 212.47 212.33 212.4 132.0 212.47 633.0 3926.0 3090.0 836.0 0.0 212.4021
12:41:00 64.0 1441.0 213.15 212.56 212.6 212.45 212.54 100.0 212.58 580.0 1441.0 769.0 672.0 0.0 212.5517
12:42:00 68.0 1400.0 213.15 212.57 212.64 212.54 212.53 101.0 212.59 1155.0 1400.0 812.0 588.0 0.0 212.5917
12:43:00 111.0 2883.0 213.15 212.47 212.59 212.47 212.42 444.0 212.49 400.0 2883.0 1346.0 1537.0 0.0 212.5395
12:44:00 85.0 2902.0 213.15 212.33 212.47 212.28 212.32 50.0 212.34 3.0 2902.0 911.0 1991.0 0.0 212.3963
12:45:00 64.0 2398.0 213.15 212.27 212.39 212.26 212.26 1.0 212.28 1.0 2398.0 895.0 1503.0 0.0 212.3288
12:46:00 93.0 2231.0 213.15 212.38 212.38 212.27 212.35 112.0 212.38 25.0 2231.0 1048.0 1183.0 0.0 212.3325
12:47:00 74.0 2663.0 213.15 212.4 212.47 212.36 212.37 145.0 212.42 151.0 2663.0 1974.0 689.0 0.0 212.4163
12:48:00 102.0 3743.0 213.15 212.47 212.5 212.36 212.45 25.0 212.51 750.0 3743.0 3167.0 576.0 0.0 212.4066
12:49:00 75.0 1650.0 213.15 212.35 212.47 212.28 212.33 50.0 212.36 21.0 1650.0 532.0 1118.0 0.0 212.3287
12:50:00 18.0 336.0 213.15 212.38 212.38 212.26 212.37 10.0 212.4 4.0 336.0 103.0 233.0 0.0 212.3122
12:51:00 73.0 1871.0 213.15 212.41 212.44 212.34 212.43 100.0 212.47 495.0 1871.0 1041.0 830.0 0.0 212.3984
12:52:00 133.0 2882.0 213.15 212.42 212.5 212.33 212.39 50.0 212.42 100.0 2882.0 2068.0 814.0 0.0 212.4264
12:53:00 77.0 1446.0 213.15 212.53 212.55 212.39 212.51 210.0 212.54 18.0 1446.0 1049.0 397.0 0.0 212.4615
12:54:00 74.0 2127.0 213.15 212.63 212.63 212.51 212.59 443.0 212.63 269.0 2127.0 1252.0 875.0 0.0 212.5803
12:55:00 134.0 3573.0 213.15 212.54 212.67 212.54 212.53 184.0 212.56 1.0 3573.0 1566.0 2007.0 0.0 212.6063
12:56:00 76.0 2299.0 213.15 212.46 212.58 212.44 212.43 149.0 212.47 301.0 2299.0 998.0 1301.0 0.0 212.522
12:57:00 77.0 1311.0 213.15 212.42 212.47 212.35 212.41 201.0 212.45 39.0 1311.0 701.0 610.0 0.0 212.399
12:58:00 75.0 3438.0 213.15 212.36 212.53 212.32 212.32 503.0 212.36 2.0 3438.0 2471.0 967.0 0.0 212.4501
12:59:00 94.0 1982.0 213.15 212.27 212.41 212.27 212.25 217.0 212.28 50.0 1982.0 979.0 1003.0 0.0 212.3385
13:00:00 119.0 3197.0 213.15 212.3 212.33 212.19 212.28 129.0 212.33 289.0 3197.0 2137.0 1060.0 0.0 212.2681
13:01:00 97.0 2464.0 213.15 212.36 212.36 212.235 212.35 261.0 212.38 1.0 2464.0 1886.0 578.0 0.0 212.2964
13:02:00 63.0 1775.0 213.15 212.09 212.35 212.09 212.08 150.0 212.11 150.0 1775.0 1011.0 764.0 0.0 212.2028
13:03:00 45.0 1526.0 213.15 212.22 212.26 212.09 212.22 250.0 212.26 7.0 1526.0 1006.0 520.0 0.0 212.1913
13:04:00 80.0 2017.0 213.15 212.17 212.3 212.1 212.15 138.0 212.19 200.0 2017.0 1211.0 806.0 0.0 212.1927
13:05:00 74.0 2285.0 213.15 212.18 212.21 212.09 212.16 352.0 212.21 173.0 2285.0 1365.0 920.0 0.0 212.1417
13:06:00 54.0 2504.0 213.15 212.22 212.26 212.15 212.21 110.0 212.24 243.0 2504.0 2353.0 151.0 0.0 212.1925
13:07:00 134.0 4840.0 213.15 212.22 212.3 212.11 212.2 150.0 212.24 156.0 4840.0 3477.0 1363.0 0.0 212.2057
13:08:00 170.0 5859.0 213.15 211.93 212.24 211.93 211.92 1073.0 211.99 231.0 5859.0 2059.0 3800.0 0.0 212.0784
13:09:00 130.0 4011.0 213.15 212.19 212.22 211.98 212.15 102.0 212.21 129.0 4011.0 2640.0 1371.0 0.0 212.0847
13:10:00 74.0 2496.0 213.15 212.235 212.29 212.14 212.22 10.0 212.27 104.0 2496.0 2113.0 383.0 0.0 212.2371
13:11:00 106.0 2780.0 213.15 212.28 212.33 212.14 212.27 1.0 212.3 50.0 2780.0 1883.0 897.0 0.0 212.2571
13:12:00 90.0 4147.0 213.15 212.4 212.45 212.27 212.38 10.0 212.42 250.0 4147.0 3245.0 902.0 0.0 212.373
13:13:00 66.0 2521.0 213.15 212.42 212.49 212.4 212.4 218.0 212.44 283.0 2521.0 1907.0 614.0 0.0 212.4416
13:14:00 72.0 2658.0 213.15 212.47 212.49 212.41 212.44 252.0 212.46 131.0 2658.0 1916.0 742.0 0.0 212.4472
13:15:00 42.0 1344.0 213.15 212.4 212.46 212.38 212.38 10.0 212.4 381.0 1344.0 1042.0 302.0 0.0 212.4172
13:16:00 80.0 2742.0 213.15 212.3 212.39 212.28 212.28 39.0 212.3 20.0 2742.0 844.0 1898.0 0.0 212.3283
13:17:00 95.0 5017.0 213.15 212.03 212.3 212.0 212.0 38.0 212.04 247.0 5017.0 1476.0 3541.0 0.0 212.1267
13:18:00 235.0 5364.0 213.15 212.07 212.13 211.93 212.05 747.0 212.1 10.0 5364.0 2354.0 3010.0 0.0 212.038
13:19:00 100.0 2639.0 213.15 212.1 212.13 212.02 212.09 200.0 212.13 65.0 2639.0 1032.0 1607.0 0.0 212.0719
13:20:00 104.0 2258.0 213.15 212.16 212.24 212.1 212.12 226.0 212.16 201.0 2258.0 2025.0 233.0 0.0 212.1872
13:21:00 90.0 1979.0 213.15 212.13 212.17 212.08 212.09 218.0 212.12 106.0 1979.0 1260.0 719.0 0.0 212.1163
13:22:00 67.0 1795.0 213.15 212.08 212.17 212.05 212.08 100.0 212.11 17.0 1795.0 809.0 986.0 0.0 212.0949
13:23:00 68.0 2853.0 213.15 212.06 212.11 212.03 212.05 51.0 212.09 120.0 2853.0 1265.0 1588.0 0.0 212.0542
13:24:00 84.0 2936.0 213.15 211.91 212.09 211.91 211.9 296.0 211.94 296.0 2936.0 565.0 2371.0 0.0 211.9786
13:25:00 86.0 3273.0 213.15 211.72 211.9 211.72 211.73 50.0 211.76 34.0 3273.0 660.0 2613.0 0.0 211.8306
13:26:00 136.0 4216.0 213.15 211.81 211.87 211.63 211.79 39.0 211.82 71.0 4216.0 1829.0 2387.0 0.0 211.7405
13:27:00 65.0 1743.0 213.15 211.78 211.86 211.7 211.75 19.0 211.79 185.0 1743.0 854.0 889.0 0.0 211.7755
13:28:00 85.0 2065.0 213.15 211.98 211.98 211.76 211.96 16.0 211.98 1.0 2065.0 1640.0 425.0 0.0 211.8642
13:29:00 60.0 1251.0 213.15 211.93 212.02 211.93 211.92 18.0 211.96 227.0 1251.0 767.0 484.0 0.0 211.9637
13:30:00 47.0 1373.0 213.15 211.81 211.93 211.81 211.8 200.0 211.84 28.0 1373.0 854.0 519.0 0.0 211.8801
13:31:00 143.0 4507.0 213.15 211.83 211.83 211.68 211.77 200.0 211.82 55.0 4507.0 1965.0 2542.0 0.0 211.7353
13:32:00 225.0 6703.0 213.15 212.01 212.11 211.82 211.98 231.0 212.05 205.0 6703.0 4805.0 1898.0 0.0 211.9633
13:33:00 67.0 1735.0 213.15 212.13 212.16 212.03 212.11 826.0 212.15 22.0 1735.0 808.0 927.0 0.0 212.1118
13:34:00 58.0 1425.0 213.15 212.13 212.17 212.03 212.11 40.0 212.15 267.0 1425.0 896.0 529.0 0.0 212.0975
13:35:00 133.0 4111.0 213.15 212.2 212.25 212.06 212.17 348.0 212.22 251.0 4111.0 2393.0 1718.0 0.0 212.1946
13:36:00 91.0 3720.0 213.15 212.24 212.31 212.22 212.24 150.0 212.27 340.0 3720.0 2102.0 1618.0 0.0 212.2716
13:37:00 96.0 3154.0 213.15 212.33 212.41 212.27 212.31 6.0 212.35 60.0 3154.0 1802.0 1352.0 0.0 212.3614
13:38:00 100.0 2554.0 213.15 212.24 212.32 212.1 212.23 10.0 212.28 186.0 2554.0 1520.0 1034.0 0.0 212.1993
13:39:00 115.0 4888.0 213.15 212.1 212.23 212.02 212.07 50.0 212.11 1.0 4888.0 646.0 4242.0 0.0 212.115
13:40:00 29.0 806.0 213.15 212.11 212.17 212.05 212.09 10.0 212.13 317.0 806.0 449.0 357.0 0.0 212.1215
13:41:00 56.0 818.0 213.15 212.14 212.16 212.11 212.11 10.0 212.15 251.0 818.0 552.0 266.0 0.0 212.1333
13:42:00 140.0 4032.0 213.15 212.0 212.14 211.93 211.96 436.0 212.02 66.0 4032.0 1207.0 2825.0 0.0 212.0508
13:43:00 59.0 991.0 213.15 212.11 212.11 212.02 212.11 10.0 212.13 282.0 991.0 475.0 516.0 0.0 212.0647
13:44:00 95.0 2931.0 213.15 212.05 212.13 211.96 212.03 536.0 212.07 9.0 2931.0 1715.0 1216.0 0.0 212.03
13:45:00 61.0 1119.0 213.15 212.23 212.23 212.06 212.19 328.0 212.23 248.0 1119.0 835.0 284.0 0.0 212.1585
13:46:00 97.0 2459.0 213.15 212.15 212.25 212.1 212.12 19.0 212.16 531.0 2459.0 1489.0 970.0 0.0 212.1805
13:47:00 118.0 3335.0 213.15 212.36 212.4 212.15 212.35 150.0 212.38 12.0 3335.0 2579.0 756.0 0.0 212.298
13:48:00 172.0 8680.0 213.15 212.54 212.54 212.31 212.53 10.0 212.55 51.0 8680.0 6723.0 1957.0 0.0 212.4639
13:49:00 94.0 2839.0 213.15 212.64 212.65 212.5 212.62 200.0 212.65 11.0 2839.0 2362.0 477.0 0.0 212.5746
13:50:00 83.0 2831.0 213.15 212.64 212.69 212.6 212.62 260.0 212.65 343.0 2831.0 2157.0 674.0 0.0 212.6509
13:51:00 70.0 2544.0 213.15 212.48 212.63 212.42 212.46 50.0 212.48 210.0 2544.0 889.0 1655.0 0.0 212.5126
13:52:00 63.0 1651.0 213.15 212.54 212.55 212.45 212.5 230.0 212.54 449.0 1651.0 1117.0 534.0 0.0 212.5107
13:53:00 91.0 1799.0 213.15 212.43 212.5 212.3 212.43 210.0 212.46 14.0 1799.0 462.0 1337.0 0.0 212.4088
13:54:00 53.0 1670.0 213.15 212.53 212.56 212.44 212.51 65.0 212.55 819.0 1670.0 1281.0 389.0 0.0 212.4984
13:55:00 85.0 2524.0 213.15 212.49 212.58 212.47 212.48 10.0 212.5 337.0 2524.0 1686.0 838.0 0.0 212.5273
13:56:00 96.0 4667.0 213.15 212.63 212.63 212.46 212.61 400.0 212.63 23.0 4667.0 4498.0 169.0 0.0 212.5516
13:57:00 120.0 4009.0 213.15 212.69 212.69 212.55 212.67 9.0 212.7 228.0 4009.0 2620.0 1389.0 0.0 212.6327
13:58:00 53.0 1771.0 213.15 212.57 212.665 212.5 212.56 200.0 212.58 2.0 1771.0 616.0 1155.0 0.0 212.5663
13:59:00 157.0 5415.0 213.15 212.7 212.72 212.56 212.68 250.0 212.71 27.0 5415.0 4322.0 1093.0 0.0 212.6467
14:00:00 99.0 3442.0 213.15 212.82 212.85 212.67 212.79 10.0 212.83 196.0 3442.0 1596.0 1846.0 0.0 212.7586
14:01:00 189.0 8525.0 213.15 212.93 213.0 212.83 212.91 610.0 212.96 223.0 8525.0 5245.0 3280.0 0.0 212.9088
14:02:00 53.0 2258.0 213.15 212.89 212.97 212.86 212.88 100.0 212.92 22.0 2258.0 1002.0 1256.0 0.0 212.9243
14:03:00 172.0 14932.0 213.15 212.86 213.01 212.86 212.82 12.0 212.86 553.0 14932.0 14205.0 727.0 0.0 212.9846
14:04:00 83.0 4605.0 213.15 212.84 212.87 212.8 212.81 823.0 212.85 530.0 4605.0 4026.0 579.0 0.0 212.8398
14:05:00 187.0 6622.0 213.15 212.91 213.0 212.81 212.89 972.0 212.92 30.0 6622.0 4215.0 2407.0 0.0 212.9114
14:06:00 79.0 2140.0 213.15 212.93 212.98 212.86 212.9 100.0 212.95 137.0 2140.0 748.0 1392.0 0.0 212.9103
14:07:00 92.0 3679.0 213.15 212.85 212.9 212.78 212.84 3.0 212.86 2.0 3679.0 735.0 2944.0 0.0 212.8376
14:08:00 152.0 5643.0 213.15 212.88 213.0 212.86 212.86 139.0 212.89 490.0 5643.0 3070.0 2573.0 0.0 212.9339
14:09:00 170.0 5149.0 213.15 212.84 212.94 212.77 212.8 2312.0 212.83 5.0 5149.0 2289.0 2860.0 0.0 212.8658
14:10:00 94.0 2519.0 213.15 212.73 212.84 212.72 212.73 1.0 212.75 3.0 2519.0 1347.0 1172.0 0.0 212.7788
14:11:00 201.0 10069.0 213.15 212.72 212.78 212.57 212.7 25.0 212.74 100.0 10069.0 3594.0 6475.0 0.0 212.7202
14:12:00 76.0 7804.0 213.15 212.7 212.8 212.67 212.66 450.0 212.7 2.0 7804.0 1194.0 6610.0 0.0 212.7454
14:13:00 43.0 343.0 213.15 212.7 212.73 212.65 212.69 10.0 212.71 38.0 343.0 181.0 162.0 0.0 212.6989
14:14:00 116.0 2528.0 213.15 212.72 212.73 212.58 212.71 7.0 212.73 52.0 2528.0 1030.0 1498.0 0.0 212.6392
14:15:00 57.0 1634.0 213.15 212.66 212.71 212.63 212.66 101.0 212.69 68.0 1634.0 1173.0 461.0 0.0 212.663
14:16:00 127.0 3361.0 213.15 212.5 212.74 212.5 212.48 1049.0 212.52 4.0 3361.0 1332.0 2029.0 0.0 212.6425
14:17:00 155.0 4652.0 213.15 212.34 212.54 212.25 212.32 250.0 212.37 244.0 4652.0 2171.0 2481.0 0.0 212.3454
14:18:00 128.0 4457.0 213.15 212.52 212.58 212.34 212.49 110.0 212.52 1.0 4457.0 2151.0 2306.0 0.0 212.4612
14:19:00 67.0 2869.0 213.15 212.55 212.56 212.47 212.53 1169.0 212.57 1.0 2869.0 1884.0 985.0 0.0 212.5035
14:20:00 75.0 1677.0 213.15 212.56 212.62 212.45 212.54 110.0 212.57 18.0 1677.0 862.0 815.0 0.0 212.5171
14:21:00 62.0 2613.0 213.15 212.46 212.56 212.44 212.42 301.0 212.45 287.0 2613.0 825.0 1788.0 0.0 212.482
14:22:00 200.0 5040.0 213.15 212.35 212.56 212.24 212.33 7.0 212.38 93.0 5040.0 2231.0 2809.0 0.0 212.4023
14:23:00 114.0 3441.0 213.15 212.18 212.38 212.1 212.15 250.0 212.19 109.0 3441.0 926.0 2515.0 0.0 212.1799
14:24:00 125.0 4265.0 213.15 212.21 212.28 212.13 212.21 79.0 212.26 50.0 4265.0 2013.0 2252.0 0.0 212.1934
14:25:00 95.0 3941.0 213.15 212.1 212.27 212.08 212.09 200.0 212.12 20.0 3941.0 1073.0 2868.0 0.0 212.168
14:26:00 146.0 5652.0 213.15 211.9 212.15 211.9 211.89 71.0 211.92 6.0 5652.0 724.0 4928.0 0.0 212.0086
14:27:00 80.0 1942.0 213.15 212.01 212.09 211.86 211.97 10.0 212.01 309.0 1942.0 1540.0 402.0 0.0 211.9601
14:28:00 95.0 3508.0 213.15 211.88 212.01 211.85 211.84 361.0 211.88 1.0 3508.0 1509.0 1999.0 0.0 211.9059
14:29:00 163.0 5037.0 213.15 211.77 211.84 211.68 211.75 50.0 211.78 2.0 5037.0 1434.0 3603.0 0.0 211.7729
14:30:00 120.0 5495.0 213.15 211.7 211.86 211.59 211.67 13.0 211.71 102.0 5495.0 4154.0 1341.0 0.0 211.6873
14:31:00 94.0 1944.0 213.15 211.85 211.85 211.6 211.84 265.0 211.89 14.0 1944.0 1096.0 848.0 0.0 211.6886
14:32:00 77.0 3511.0 213.15 212.03 212.05 211.83 212.01 9.0 212.04 251.0 3511.0 2514.0 997.0 0.0 211.9951
14:33:00 97.0 3739.0 213.15 211.99 212.1 211.91 211.96 16.0 212.0 305.0 3739.0 1977.0 1762.0 0.0 211.9979
14:34:00 158.0 4477.0 213.15 212.04 212.05 211.92 212.01 10.0 212.05 855.0 4477.0 2348.0 2129.0 0.0 212.0042
14:35:00 186.0 5266.0 213.15 212.01 212.11 211.97 212.0 512.0 212.04 74.0 5266.0 2573.0 2693.0 0.0 212.0526
14:36:00 135.0 2870.0 213.15 212.15 212.15 211.99 212.14 25.0 212.17 57.0 2870.0 1643.0 1227.0 0.0 212.0546
14:37:00 160.0 5207.0 213.15 212.09 212.21 212.05 212.07 250.0 212.11 23.0 5207.0 1910.0 3297.0 0.0 212.1223
14:38:00 224.0 6158.0 213.15 211.94 212.1 211.88 211.89 424.0 211.95 100.0 6158.0 1979.0 4179.0 0.0 211.968
14:39:00 79.0 2281.0 213.15 211.9 211.96 211.84 211.86 177.0 211.91 2.0 2281.0 1010.0 1271.0 0.0 211.8904
14:40:00 229.0 9663.0 213.15 211.565 211.84 211.49 211.53 271.0 211.58 25.0 9663.0 2420.0 7243.0 0.0 211.638
14:41:00 81.0 2611.0 213.15 211.65 211.73 211.56 211.64 188.0 211.69 233.0 2611.0 1697.0 914.0 0.0 211.6368
14:42:00 76.0 4299.0 213.15 211.65 211.7 211.54 211.62 318.0 211.66 2.0 4299.0 1050.0 3249.0 0.0 211.6077
14:43:00 88.0 2402.0 213.15 211.64 211.68 211.55 211.6 565.0 211.64 36.0 2402.0 1431.0 971.0 0.0 211.6152
14:44:00 81.0 2378.0 213.15 211.54 211.64 211.42 211.51 51.0 211.55 150.0 2378.0 865.0 1513.0 0.0 211.5261
14:45:00 86.0 3696.0 213.15 211.73 211.75 211.48 211.7 54.0 211.73 50.0 3696.0 2929.0 767.0 0.0 211.6337
14:46:00 162.0 5747.0 213.15 211.85 211.93 211.64 211.81 50.0 211.88 478.0 5747.0 2832.0 2915.0 0.0 211.8275
14:47:00 35.0 2818.0 213.15 211.66 211.79 211.64 211.63 1.0 211.67 2.0 2818.0 904.0 1914.0 0.0 211.7288
14:48:00 134.0 3550.0 213.15 211.43 211.65 211.34 211.43 50.0 211.46 9.0 3550.0 1423.0 2127.0 0.0 211.4402
14:49:00 106.0 2457.0 213.15 211.42 211.54 211.34 211.4 172.0 211.45 48.0 2457.0 1192.0 1265.0 0.0 211.4128
14:50:00 87.0 3363.0 213.15 211.64 211.64 211.45 211.62 250.0 211.66 6.0 3363.0 2444.0 919.0 0.0 211.5145
14:51:00 97.0 3467.0 213.15 211.81 211.85 211.56 211.77 128.0 211.83 607.0 3467.0 1859.0 1608.0 0.0 211.6681
14:52:00 167.0 4049.0 213.15 212.05 212.08 211.83 212.04 18.0 212.07 108.0 4049.0 2143.0 1906.0 0.0 211.9765
14:53:00 90.0 3113.0 213.15 212.0 212.09 211.93 211.96 10.0 212.0 252.0 3113.0 1273.0 1840.0 0.0 212.0189
14:54:00 58.0 1324.0 213.15 211.83 211.96 211.8 211.82 254.0 211.85 100.0 1324.0 767.0 557.0 0.0 211.8742
14:55:00 58.0 2448.0 213.15 212.05 212.05 211.83 212.04 10.0 212.07 437.0 2448.0 1452.0 996.0 0.0 211.9559
14:56:00 58.0 4234.0 213.15 212.08 212.12 212.0 212.07 96.0 212.1 100.0 4234.0 1253.0 2981.0 0.0 212.0895
14:57:00 81.0 3117.0 213.15 212.02 212.15 212.0 211.99 12.0 212.04 415.0 3117.0 678.0 2439.0 0.0 212.0636
14:58:00 87.0 2684.0 213.15 211.85 212.07 211.8 211.84 158.0 211.89 50.0 2684.0 1857.0 827.0 0.0 211.9403
14:59:00 73.0 2222.0 213.15 211.77 211.86 211.67 211.75 30.0 211.8 700.0 2222.0 1069.0 1153.0 0.0 211.7314
15:00:00 73.0 1976.0 213.15 211.94 211.94 211.81 211.91 150.0 211.97 100.0 1976.0 1408.0 568.0 0.0 211.887
15:01:00 63.0 1532.0 213.15 211.77 211.9 211.7 211.76 100.0 211.79 200.0 1532.0 532.0 1000.0 0.0 211.7914
15:02:00 73.0 1989.0 213.15 211.7 211.84 211.69 211.66 28.0 211.71 100.0 1989.0 670.0 1319.0 0.0 211.7565
15:03:00 156.0 9386.0 213.15 211.56 211.8 211.49 211.57 1.0 211.62 182.0 9386.0 2059.0 7327.0 0.0 211.5984
15:04:00 89.0 3011.0 213.15 211.9 211.92 211.63 211.86 226.0 211.91 612.0 3011.0 2294.0 717.0 0.0 211.7703
15:05:00 96.0 3926.0 213.15 212.1 212.15 211.91 212.09 252.0 212.14 24.0 3926.0 2716.0 1210.0 0.0 212.0474
15:06:00 84.0 3760.0 213.15 212.13 212.23 212.03 212.06 14.0 212.11 368.0 3760.0 1831.0 1929.0 0.0 212.146
15:07:00 90.0 3563.0 213.15 211.84 212.11 211.84 211.8 150.0 211.84 50.0 3563.0 2029.0 1534.0 0.0 211.9531
15:08:00 43.0 1261.0 213.15 211.85 211.94 211.74 211.83 50.0 211.87 100.0 1261.0 598.0 663.0 0.0 211.8675
15:09:00 68.0 2498.0 213.15 211.77 211.87 211.73 211.8 100.0 211.83 50.0 2498.0 1723.0 775.0 0.0 211.8007
15:10:00 109.0 3174.0 213.15 212.04 212.12 211.8 212.03 50.0 212.05 200.0 3174.0 1910.0 1264.0 0.0 211.9699
15:11:00 219.0 9473.0 213.15 212.29 212.32 212.05 212.29 51.0 212.32 50.0 9473.0 5690.0 3783.0 0.0 212.2052
15:12:00 160.0 9175.0 213.15 212.48 212.5 212.32 212.47 50.0 212.5 100.0 9175.0 5992.0 3183.0 0.0 212.4459
15:13:00 97.0 4208.0 213.15 212.48 212.57 212.47 212.46 156.0 212.51 150.0 4208.0 2951.0 1257.0 0.0 212.5197
15:14:00 103.0 3328.0 213.15 212.56 212.56 212.36 212.53 62.0 212.57 7.0 3328.0 2353.0 975.0 0.0 212.4483
15:15:00 104.0 2348.0 213.15 212.49 212.59 212.48 212.47 50.0 212.49 7.0 2348.0 1009.0 1339.0 0.0 212.543
15:16:00 130.0 5703.0 213.15 212.68 212.71 212.46 212.67 525.0 212.71 500.0 5703.0 4422.0 1281.0 0.0 212.6056
15:17:00 178.0 5042.0 213.15 212.55 212.73 212.52 212.53 58.0 212.56 3.0 5042.0 2494.0 2548.0 0.0 212.6382
15:18:00 106.0 4027.0 213.15 212.45 212.61 212.33 212.42 6.0 212.45 15.0 4027.0 1370.0 2657.0 0.0 212.4126
15:19:00 158.0 5428.0 213.15 212.6 212.66 212.41 212.56 28.0 212.6 150.0 5428.0 2998.0 2430.0 0.0 212.5495
15:20:00 108.0 6506.0 213.15 212.52 212.63 212.52 212.5 422.0 212.54 50.0 6506.0 5132.0 1374.0 0.0 212.5889
15:21:00 89.0 4034.0 213.15 212.41 212.6 212.34 212.39 10.0 212.44 109.0 4034.0 1798.0 2236.0 0.0 212.4533
15:22:00 122.0 3403.0 213.15 212.31 212.45 212.21 212.32 400.0 212.33 5.0 3403.0 1748.0 1655.0 0.0 212.315
15:23:00 111.0 5531.0 213.15 212.33 212.46 212.28 212.29 51.0 212.33 450.0 5531.0 3124.0 2407.0 0.0 212.3761
15:24:00 73.0 2412.0 213.15 212.25 212.31 212.19 212.23 21.0 212.26 17.0 2412.0 1105.0 1307.0 0.0 212.2599
15:25:00 98.0 3414.0 213.15 212.18 212.29 212.13 212.15 162.0 212.18 10.0 3414.0 1995.0 1419.0 0.0 212.1928
15:26:00 305.0 8634.0 213.15 212.24 212.25 212.04 212.2 300.0 212.24 109.0 8634.0 3906.0 4728.0 0.0 212.1526
15:27:00 98.0 3377.0 213.15 212.25 212.25 212.03 212.25 10.0 212.27 5.0 3377.0 2130.0 1247.0 0.0 212.1277
15:28:00 55.0 1209.0 213.15 212.14 212.32 212.14 212.11 549.0 212.15 50.0 1209.0 503.0 706.0 0.0 212.2316
15:29:00 144.0 4664.0 213.15 212.03 212.18 211.99 212.01 211.0 212.04 20.0 4664.0 879.0 3785.0 0.0 212.0717
15:30:00 92.0 2316.0 213.15 212.09 212.1 211.94 212.07 50.0 212.09 5.0 2316.0 1213.0 1103.0 0.0 212.0315
15:31:00 144.0 3659.0 213.15 212.28 212.28 212.05 212.27 400.0 212.31 418.0 3659.0 2268.0 1391.0 0.0 212.1413
15:32:00 107.0 2792.0 213.15 212.43 212.47 212.32 212.41 500.0 212.44 15.0 2792.0 1681.0 1111.0 0.0 212.4101
15:33:00 132.0 7259.0 213.15 212.55 212.61 212.43 212.55 39.0 212.58 174.0 7259.0 5528.0 1731.0 0.0 212.5239
15:34:00 215.0 8666.0 213.15 212.76 212.79 212.52 212.73 250.0 212.76 100.0 8666.0 5986.0 2680.0 0.0 212.6924
15:35:00 369.0 14747.0 213.15 212.59 212.84 212.45 212.59 306.0 212.62 1.0 14747.0 9020.0 5727.0 0.0 212.638
15:36:00 292.0 9065.0 213.15 212.71 212.72 212.46 212.69 200.0 212.73 12.0 9065.0 3656.0 5409.0 0.0 212.5772
15:37:00 186.0 7059.0 213.15 212.63 212.73 212.57 212.62 200.0 212.65 23.0 7059.0 2528.0 4531.0 0.0 212.6602
15:38:00 217.0 10320.0 213.15 212.67 212.73 212.6 212.67 97.0 212.69 250.0 10320.0 6577.0 3743.0 0.0 212.674
15:39:00 221.0 7853.0 213.15 212.44 212.67 212.315 212.41 1056.0 212.44 369.0 7853.0 3631.0 4222.0 0.0 212.4591
15:40:00 158.0 6244.0 213.15 212.49 212.52 212.37 212.47 100.0 212.51 1013.0 6244.0 4383.0 1861.0 0.0 212.4499
15:41:00 220.0 8650.0 213.15 212.73 212.8 212.49 212.71 200.0 212.74 31.0 8650.0 4641.0 4009.0 0.0 212.6914
15:42:00 201.0 8881.0 213.15 212.83 212.88 212.74 212.8 132.0 212.84 350.0 8881.0 3855.0 5026.0 0.0 212.8019
15:43:00 136.0 5266.0 213.15 212.88 212.94 212.84 212.87 10.0 212.89 237.0 5266.0 2643.0 2623.0 0.0 212.881
15:44:00 209.0 7344.0 213.15 212.95 212.96 212.84 212.94 400.0 212.97 497.0 7344.0 4882.0 2462.0 0.0 212.9075
15:45:00 292.0 14241.0 213.15 212.68 212.94 212.64 212.66 209.0 212.69 233.0 14241.0 3388.0 10853.0 0.0 212.8179
15:46:00 356.0 12236.0 213.15 212.59 212.69 212.55 212.58 162.0 212.6 50.0 12236.0 5487.0 6749.0 0.0 212.6012
15:47:00 342.0 12196.0 213.15 212.93 212.96 212.6 212.92 389.0 212.95 250.0 12196.0 6554.0 5642.0 0.0 212.788
15:48:00 325.0 11360.0 213.15 212.94 212.94 212.78 212.93 360.0 212.95 192.0 11360.0 4585.0 6775.0 0.0 212.8597
15:49:00 434.0 16342.0 213.15 212.9 213.02 212.84 212.89 1037.0 212.9 1.0 16342.0 10999.0 5343.0 0.0 212.9529
15:50:00 528.0 14550.0 213.15 212.71 212.96 212.655 212.7 50.0 212.73 65.0 14550.0 6506.0 8044.0 0.0 212.7958
15:51:00 642.0 25427.0 213.15 212.67 212.79 212.48 212.66 49.0 212.68 191.0 25427.0 10352.0 15075.0 0.0 212.6184
15:52:00 416.0 15840.0 213.15 212.86 212.9 212.66 212.85 528.0 212.88 150.0 15840.0 9022.0 6818.0 0.0 212.776
15:53:00 666.0 18379.0 213.15 213.18 213.19 212.82 213.19 260.0 213.2 579.0 18379.0 11262.0 7117.0 0.0 213.0372
15:54:00 711.0 26206.0 213.15 213.34 213.35 213.15 213.33 1050.0 213.35 215.0 26206.0 17799.0 8407.0 0.0 213.236
15:55:00 1151.0 34874.0 213.15 213.46 213.53 213.25 213.45 16.0 213.46 26.0 34874.0 19380.0 15494.0 0.0 213.3961
15:56:00 874.0 28051.0 213.15 213.6 213.72 213.44 213.59 395.0 213.6 9.0 28051.0 16639.0 11412.0 0.0 213.5999
15:57:00 703.0 19510.0 213.15 213.58 213.76 213.56 213.58 25.0 213.58 105.0 19510.0 10022.0 9488.0 0.0 213.6782
15:58:00 740.0 25899.0 213.15 213.67 213.7 213.51 213.66 86.0 213.67 425.0 25899.0 12244.0 13655.0 0.0 213.6288
15:59:00 760.0 34311.0 213.15 213.42 213.71 213.42 213.42 38.0 213.43 1700.0 34311.0 13969.0 20342.0 0.0 213.5939
16:00:00 688.0 35202.0 213.15 213.22 213.47 213.15 213.16 2900.0 213.22 22.0 35202.0 17519.0 17683.0 0.0 213.3421
16:01:00 9.0 68.0 213.15 213.4 213.76 213.27 213.16 2900.0 213.27 16332.0 68.0 63.0 5.0 0.0 213.3546
16:02:00 2.0 6.0 213.15 213.05 213.2 213.05 213.16 2900.0 213.25 45.0 6.0 3.0 3.0 0.0 213.125
16:03:00 1.0 40.0 213.15 213.25 213.25 213.25 213.16 2900.0 213.25 5.0 40.0 40.0 0.0 0.0 213.25
16:04:00 3.0 70.0 213.15 213.34 213.34 213.34 213.16 2900.0 213.25 5.0 70.0 0.0 70.0 0.0 213.34
16:05:00 1.0 4.0 213.15 213.2 213.2 213.2 213.16 2900.0 213.25 205.0 4.0 0.0 4.0 0.0 213.2
16:06:00 16.0 3501.0 213.15 213.25 213.25 213.1 213.2 126.0 213.25 90.0 3501.0 3319.0 182.0 0.0 213.2013
16:07:00 7.0 90.0 213.15 213.25 213.36 213.21 213.2 226.0 213.27 16332.0 90.0 90.0 0.0 0.0 213.25
16:08:00 3.0 31.0 213.15 213.3 213.4 213.3 213.3 99.0 213.27 16332.0 31.0 1.0 30.0 0.0 213.3958
16:09:00 1.0 1.0 213.15 213.35 213.35 213.35 213.3 99.0 213.27 16332.0 1.0 1.0 0.0 0.0 213.35
16:10:00 2.0 100.0 213.15 213.45 213.45 213.45 213.3 100.0 213.27 16332.0 100.0 0.0 100.0 0.0 213.45
16:11:00 1.0 10.0 213.15 213.3 213.3 213.3 213.3 90.0 213.27 16332.0 10.0 0.0 10.0 0.0 213.3
16:12:00 0.0 0.0 213.15 213.3 nan nan 213.3 90.0 213.27 16332.0 nan 0.0 0.0 0.0 nan
16:13:00 5.0 193.0 213.15 213.25 213.3 213.22 213.2 132.0 213.25 80.0 193.0 100.0 93.0 0.0 213.2736
16:14:00 0.0 0.0 213.15 213.25 nan nan 213.2 132.0 213.25 80.0 nan 0.0 0.0 0.0 nan
16:15:00 1.0 80.0 213.15 213.25 213.25 213.25 213.2 132.0 213.27 16332.0 80.0 80.0 0.0 0.0 213.25
16:16:00 9.0 25.0 213.15 213.21 213.46 213.21 213.27 6.0 213.27 16332.0 25.0 25.0 0.0 0.0 213.4312
16:17:00 1.0 1.0 213.15 213.27 213.27 213.27 213.27 5.0 213.27 16332.0 1.0 0.0 1.0 0.0 213.27
16:18:00 4.0 100.0 213.15 213.5 213.5 213.4 213.27 5.0 213.27 16332.0 100.0 100.0 0.0 0.0 213.4837
16:19:00 3.0 0.0 213.15 213.21 213.23 213.21 213.27 5.0 213.27 16332.0 nan 0.0 0.0 0.0 nan
16:20:00 0.0 0.0 213.15 213.21 nan nan 213.27 5.0 213.27 16332.0 nan 0.0 0.0 0.0 nan
16:21:00 0.0 0.0 213.15 213.21 nan nan 213.27 5.0 213.27 16332.0 nan 0.0 0.0 0.0 nan
16:22:00 3.0 10.0 213.15 213.22 213.27 213.22 213.25 1.0 213.27 16332.0 10.0 0.0 10.0 0.0 213.245
16:23:00 5.0 390.0 213.15 213.5 213.5 213.45 213.25 1.0 213.27 16332.0 390.0 390.0 0.0 0.0 213.4994
16:24:00 0.0 0.0 213.15 213.5 nan nan 213.25 1.0 213.27 16332.0 nan 0.0 0.0 0.0 nan
16:25:00 0.0 0.0 213.15 213.5 nan nan 213.25 31.0 213.27 16332.0 nan 0.0 0.0 0.0 nan
16:26:00 0.0 0.0 213.15 213.5 nan nan 213.25 31.0 213.27 16332.0 nan 0.0 0.0 0.0 nan
16:27:00 1.0 0.0 213.15 213.35 213.35 213.35 213.3 100.0 213.27 16332.0 nan 0.0 0.0 0.0 nan
16:28:00 25.0 711.0 213.15 213.5 213.52 213.48 213.5 87.0 213.27 16332.0 711.0 642.0 69.0 0.0 213.5016
16:29:00 2.0 61.0 213.15 213.5 213.5 213.5 213.5 26.0 213.27 16332.0 61.0 0.0 61.0 0.0 213.5
16:30:00 1.0 4.0 213.15 213.5 213.5 213.5 213.5 22.0 213.27 16332.0 4.0 0.0 4.0 0.0 213.5
16:31:00 0.0 0.0 213.15 213.5 nan nan 213.5 22.0 213.27 16332.0 nan 0.0 0.0 0.0 nan
16:32:00 1.0 1.0 213.15 213.5 213.5 213.5 213.5 21.0 213.27 16332.0 1.0 0.0 1.0 0.0 213.5
16:33:00 0.0 0.0 213.15 213.5 nan nan 213.5 21.0 213.27 16332.0 nan 0.0 0.0 0.0 nan
16:34:00 0.0 0.0 213.15 213.5 nan nan 213.5 21.0 213.27 16332.0 nan 0.0 0.0 0.0 nan
16:35:00 0.0 0.0 213.15 213.5 nan nan 213.5 21.0 213.27 16332.0 nan 0.0 0.0 0.0 nan
16:36:00 0.0 0.0 213.15 213.5 nan nan 213.5 21.0 213.27 16332.0 nan 0.0 0.0 0.0 nan
16:37:00 0.0 0.0 213.15 213.5 nan nan 213.5 21.0 213.27 16332.0 nan 0.0 0.0 0.0 nan
16:38:00 3.0 51.0 213.15 213.46 213.5 213.46 213.46 30.0 213.27 16332.0 51.0 0.0 51.0 0.0 213.4765
16:39:00 3.0 84.0 213.15 213.4 213.46 213.4 213.4 6.0 213.27 16332.0 84.0 80.0 4.0 0.0 213.4571
16:40:00 0.0 0.0 213.15 213.4 nan nan 213.4 6.0 213.27 16332.0 nan 0.0 0.0 0.0 nan
16:41:00 1.0 1.0 213.15 213.4 213.4 213.4 213.4 5.0 213.27 16332.0 1.0 0.0 1.0 0.0 213.4
16:42:00 2.0 50.0 213.15 213.35 213.4 213.35 213.33 12.0 213.27 16332.0 50.0 45.0 5.0 0.0 213.355
16:43:00 1.0 0.0 213.15 213.36 213.36 213.36 213.33 12.0 213.27 16332.0 nan 0.0 0.0 0.0 nan
16:44:00 0.0 0.0 213.15 213.36 nan nan 213.33 12.0 213.27 16332.0 nan 0.0 0.0 0.0 nan
16:45:00 1.0 28.0 213.15 213.33 213.33 213.33 213.33 12.0 213.27 16332.0 28.0 28.0 0.0 0.0 213.33
16:46:00 0.0 0.0 213.15 213.33 nan nan 213.33 12.0 213.27 16332.0 nan 0.0 0.0 0.0 nan
16:47:00 3.0 4.0 213.15 213.33 213.33 213.33 213.33 8.0 213.27 16332.0 4.0 0.0 4.0 0.0 213.33
16:48:00 0.0 0.0 213.15 213.33 nan nan 213.33 8.0 213.27 16332.0 nan 0.0 0.0 0.0 nan
16:49:00 0.0 0.0 213.15 213.33 nan nan 213.33 8.0 213.27 16332.0 nan 0.0 0.0 0.0 nan
16:50:00 2.0 50.0 213.15 213.46 213.46 213.42 213.33 8.0 213.27 16332.0 50.0 50.0 0.0 0.0 213.4592
16:51:00 0.0 0.0 213.15 213.46 nan nan 213.33 8.0 213.27 16332.0 nan 0.0 0.0 0.0 nan
16:52:00 0.0 0.0 213.15 213.46 nan nan 213.33 8.0 213.27 16332.0 nan 0.0 0.0 0.0 nan
16:53:00 0.0 0.0 213.15 213.46 nan nan 213.33 8.0 213.27 16332.0 nan 0.0 0.0 0.0 nan
16:54:00 2.0 8.0 213.15 213.33 213.33 213.33 213.3 25.0 213.27 16332.0 8.0 0.0 8.0 0.0 213.33
16:55:00 0.0 0.0 213.15 213.33 nan nan 213.3 25.0 213.27 16332.0 nan 0.0 0.0 0.0 nan
16:56:00 5.0 15.0 213.15 213.21 213.3 213.21 213.29 20.0 213.27 16332.0 15.0 1.0 14.0 0.0 213.2627
16:57:00 0.0 0.0 213.15 213.21 nan nan 213.29 20.0 213.27 16332.0 nan 0.0 0.0 0.0 nan
16:58:00 3.0 3.0 213.15 213.48 213.48 213.22 213.29 20.0 213.27 16332.0 3.0 3.0 0.0 0.0 213.4733
16:59:00 0.0 0.0 213.15 213.48 nan nan 213.29 20.0 213.27 16332.0 nan 0.0 0.0 0.0 nan
17:00:00 11.0 530.0 213.15 213.35 213.5 213.33 213.29 20.0 213.27 16332.0 530.0 530.0 0.0 0.0 213.4989
