time trade_count trade_volume trade_first trade_last trade_high trade_low bid_price bid_size ask_price ask_size hid_vol buy_vol sell_vol unsided_vol vwap
09:00:00 nan 1677.0 205.25 205.26 205.38 205.23 205.3 15.0 205.5 48.0 1677.0 1677.0 0.0 0.0 205.2973
09:01:00 10.0 816.0 205.25 205.3 205.31 205.2 205.2 135.0 205.3 12.0 816.0 249.0 567.0 0.0 205.2919
09:02:00 1.0 10.0 205.25 205.2 205.2 205.2 205.2 125.0 205.3 17.0 10.0 0.0 10.0 0.0 205.2
09:03:00 3.0 5.0 205.25 205.23 205.23 205.2 205.2 120.0 205.3 17.0 5.0 0.0 5.0 0.0 205.2
09:04:00 13.0 226.0 205.25 205.15 205.23 205.15 205.09 2.0 205.18 3.0 226.0 100.0 126.0 0.0 205.2124
09:05:00 44.0 1647.0 205.25 205.12 205.15 205.01 205.01 5658.0 205.1 127.0 1647.0 42.0 1605.0 0.0 205.0134
09:06:00 31.0 377.0 205.25 205.02 205.23 205.01 205.01 5400.0 205.19 3.0 377.0 118.0 259.0 0.0 205.0754
09:07:00 36.0 641.0 205.25 205.11 205.2 205.01 205.01 5247.0 205.13 15.0 641.0 83.0 558.0 0.0 205.0914
09:08:00 14.0 195.0 205.25 205.16 205.16 205.01 205.01 5243.0 205.2 12.0 195.0 177.0 18.0 0.0 205.1029
09:09:00 7.0 124.0 205.25 205.08 205.21 205.05 205.01 5243.0 205.23 379.0 124.0 124.0 0.0 0.0 205.209
09:10:00 16.0 309.0 205.25 205.23 205.23 205.06 205.01 5243.0 205.23 217.0 309.0 309.0 0.0 0.0 205.23
09:11:00 11.0 105.0 205.25 205.07 205.19 205.07 205.01 5243.0 205.2 84.0 105.0 105.0 0.0 0.0 205.1
09:12:00 2.0 0.0 205.25 205.06 205.06 205.06 205.15 2.0 205.23 51.0 nan 0.0 0.0 0.0 nan
09:13:00 8.0 2.0 205.25 205.07 205.22 205.06 205.05 5.0 205.23 51.0 2.0 0.0 2.0 0.0 205.2
09:14:00 9.0 105.0 205.25 205.01 205.2 205.01 205.01 5144.0 205.19 150.0 105.0 0.0 105.0 0.0 205.0119
09:15:00 16.0 127.0 205.25 205.19 205.19 205.01 205.01 5127.0 205.23 17.0 127.0 109.0 18.0 0.0 205.1585
09:16:00 2.0 0.0 205.25 205.07 205.07 205.07 205.01 5526.0 205.23 51.0 nan 0.0 0.0 0.0 nan
09:17:00 11.0 40.0 205.25 205.15 205.22 205.02 205.02 5.0 205.19 15.0 40.0 0.0 40.0 0.0 205.185
09:18:00 27.0 723.0 205.25 205.05 205.15 205.02 205.01 5526.0 205.19 5.0 723.0 718.0 5.0 0.0 205.0863
09:19:00 6.0 5.0 205.25 205.05 205.19 205.03 205.01 5526.0 205.2 543.0 5.0 5.0 0.0 0.0 205.19
09:20:00 26.0 590.0 205.25 205.21 205.27 205.05 205.2 100.0 205.28 2.0 590.0 590.0 0.0 0.0 205.2014
09:21:00 8.0 0.0 205.25 205.02 205.21 205.02 205.01 5526.0 205.2 115.0 nan 0.0 0.0 0.0 nan
09:22:00 4.0 150.0 205.25 205.2 205.2 205.15 205.01 5526.0 205.2 265.0 150.0 100.0 50.0 0.0 205.1833
09:23:00 4.0 50.0 205.25 205.03 205.2 205.03 205.03 400.0 205.2 215.0 50.0 50.0 0.0 0.0 205.2
09:24:00 14.0 75.0 205.25 205.19 205.2 205.16 205.03 400.0 205.2 296.0 75.0 75.0 0.0 0.0 205.2
09:25:00 82.0 4334.0 205.25 204.88 205.2 204.88 204.8 111.0 205.0 246.0 4334.0 27.0 4307.0 0.0 205.0092
09:26:00 21.0 252.0 205.25 204.51 204.8 204.5 204.5 699.0 204.58 337.0 252.0 25.0 227.0 0.0 204.7048
09:27:00 31.0 813.0 205.25 204.51 204.58 204.5 204.5 578.0 204.55 100.0 813.0 692.0 121.0 0.0 204.5462
09:28:00 33.0 945.0 205.25 204.75 204.75 204.5 204.5 320.0 205.0 110.0 945.0 422.0 523.0 0.0 204.5372
09:29:00 43.0 469.0 205.25 204.32 204.66 204.2 204.12 5.0 204.35 200.0 469.0 108.0 361.0 0.0 204.4938
09:30:00 157.0 2794.0 205.25 205.83 205.98 203.81 205.7 200.0 206.0 46.0 2794.0 1099.0 1695.0 0.0 204.7215
09:31:00 815.0 21313.0 205.25 204.49 207.0 204.41 204.4 15.0 204.66 25.0 21313.0 7133.0 14180.0 0.0 205.8381
09:32:00 355.0 11358.0 205.25 205.49 205.59 204.25 205.32 150.0 205.5 38.0 11358.0 6892.0 4466.0 0.0 205.203
09:33:00 165.0 5302.0 205.25 205.28 206.03 205.28 205.19 25.0 205.35 54.0 5302.0 2291.0 3011.0 0.0 205.6306
09:34:00 267.0 9780.0 205.25 206.33 206.34 205.05 206.3 17.0 206.38 23.0 9780.0 6610.0 3170.0 0.0 205.6938
09:35:00 137.0 5498.0 205.25 205.63 206.34 205.4 205.64 517.0 205.92 30.0 5498.0 1647.0 3851.0 0.0 205.887
09:36:00 156.0 5651.0 205.25 206.53 206.6 205.91 206.4 25.0 206.57 250.0 5651.0 4913.0 738.0 0.0 206.3146
09:37:00 403.0 22805.0 205.25 206.64 207.3 206.51 206.63 100.0 206.74 2.0 22805.0 13124.0 9681.0 0.0 206.9425
09:38:00 180.0 12803.0 205.25 206.14 206.88 205.99 205.96 200.0 206.16 43.0 12803.0 6688.0 6115.0 0.0 206.4872
09:39:00 132.0 3638.0 205.25 206.53 206.54 205.92 206.48 20.0 206.65 300.0 3638.0 1681.0 1957.0 0.0 206.1061
09:40:00 163.0 5135.0 205.25 206.24 206.68 206.135 206.23 14.0 206.38 500.0 5135.0 2774.0 2361.0 0.0 206.3778
09:41:00 162.0 3667.0 205.25 206.05 206.51 206.05 206.13 220.0 206.32 101.0 3667.0 2176.0 1491.0 0.0 206.3288
09:42:00 192.0 6906.0 205.25 206.3 206.52 206.0 206.24 100.0 206.34 100.0 6906.0 2904.0 4002.0 0.0 206.3542
09:43:00 215.0 4971.0 205.25 206.16 206.45 205.98 206.11 100.0 206.18 23.0 4971.0 1104.0 3867.0 0.0 206.0866
09:44:00 362.0 18357.0 205.25 206.72 206.89 206.1 206.58 100.0 206.77 25.0 18357.0 12732.0 5625.0 0.0 206.4685
09:45:00 165.0 5067.0 205.25 206.68 206.83 206.5 206.54 8.0 206.76 25.0 5067.0 2206.0 2861.0 0.0 206.6642
09:46:00 171.0 5708.0 205.25 206.28 206.66 206.12 206.2 205.0 206.33 1.0 5708.0 1554.0 4154.0 0.0 206.4297
09:47:00 194.0 4532.0 205.25 206.27 206.59 206.09 206.13 30.0 206.27 25.0 4532.0 1965.0 2567.0 0.0 206.3967
09:48:00 211.0 7148.0 205.25 205.79 206.13 205.33 205.74 7.0 205.84 25.0 7148.0 1439.0 5709.0 0.0 205.7572
09:49:00 131.0 2569.0 205.25 205.65 206.06 205.6 205.59 25.0 205.73 101.0 2569.0 1536.0 1033.0 0.0 205.9041
09:50:00 163.0 4611.0 205.25 205.44 206.13 205.44 205.43 25.0 205.61 100.0 4611.0 2537.0 2074.0 0.0 205.796
09:51:00 128.0 4544.0 205.25 205.65 205.75 205.35 205.51 145.0 205.62 50.0 4544.0 865.0 3679.0 0.0 205.4517
09:52:00 150.0 5631.0 205.25 205.63 206.0 205.52 205.6 10.0 205.74 25.0 5631.0 3370.0 2261.0 0.0 205.7762
09:53:00 84.0 2488.0 205.25 205.84 206.1 205.72 205.72 300.0 205.86 348.0 2488.0 1817.0 671.0 0.0 205.9168
09:54:00 185.0 5280.0 205.25 205.46 205.84 205.38 205.46 20.0 205.58 50.0 5280.0 2234.0 3046.0 0.0 205.5257
09:55:00 166.0 5183.0 205.25 205.29 205.48 205.19 205.29 6.0 205.39 325.0 5183.0 985.0 4198.0 0.0 205.3284
09:56:00 173.0 6218.0 205.25 205.48 205.6 205.11 205.41 11.0 205.53 200.0 6218.0 3280.0 2938.0 0.0 205.2762
09:57:00 141.0 4004.0 205.25 205.84 206.01 205.39 205.75 125.0 205.89 200.0 4004.0 2800.0 1204.0 0.0 205.7713
09:58:00 195.0 4979.0 205.25 206.23 206.37 205.89 206.17 100.0 206.3 20.0 4979.0 2445.0 2534.0 0.0 206.1207
09:59:00 104.0 2293.0 205.25 206.08 206.42 206.03 206.07 51.0 206.2 125.0 2293.0 1461.0 832.0 0.0 206.2963
10:00:00 234.0 5845.0 205.25 205.3 206.1 205.3 205.26 1.0 205.37 100.0 5845.0 1840.0 4005.0 0.0 205.6342
10:01:00 472.0 14682.0 205.25 205.08 205.36 204.85 205.01 38.0 205.16 520.0 14682.0 3614.0 11068.0 0.0 205.082
10:02:00 149.0 5055.0 205.25 204.86 205.01 204.65 204.85 251.0 204.98 326.0 5055.0 2048.0 3007.0 0.0 204.8019
10:03:00 213.0 7081.0 205.25 205.06 205.52 204.64 205.0 25.0 205.1 125.0 7081.0 3782.0 3299.0 0.0 205.0111
10:04:00 129.0 6142.0 205.25 204.91 205.1 204.75 204.87 72.0 205.0 125.0 6142.0 2398.0 3744.0 0.0 204.8962
10:05:00 147.0 4619.0 205.25 205.01 205.54 204.87 205.01 150.0 205.12 15.0 4619.0 2507.0 2112.0 0.0 205.2696
10:06:00 154.0 4193.0 205.25 205.52 205.52 204.94 205.53 17.0 205.63 27.0 4193.0 2783.0 1410.0 0.0 205.2262
10:07:00 141.0 3514.0 205.25 205.6 205.7 205.44 205.55 20.0 205.65 290.0 3514.0 1524.0 1990.0 0.0 205.5551
10:08:00 105.0 2975.0 205.25 205.66 205.79 205.52 205.65 130.0 205.75 25.0 2975.0 2267.0 708.0 0.0 205.6656
10:09:00 261.0 10568.0 205.25 205.04 205.65 205.03 205.01 1212.0 205.12 125.0 10568.0 1714.0 8854.0 0.0 205.2069
10:10:00 174.0 7414.0 205.25 205.49 205.51 204.92 205.41 125.0 205.57 25.0 7414.0 2972.0 4442.0 0.0 205.1416
10:11:00 61.0 1922.0 205.25 205.22 205.42 205.22 205.2 128.0 205.36 100.0 1922.0 652.0 1270.0 0.0 205.3157
10:12:00 204.0 6241.0 205.25 205.05 205.28 204.95 205.0 501.0 205.14 33.0 6241.0 763.0 5478.0 0.0 205.0903
10:13:00 199.0 8191.0 205.25 205.08 205.59 204.92 205.0 104.0 205.12 25.0 8191.0 4663.0 3528.0 0.0 205.2364
10:14:00 137.0 5195.0 205.25 205.05 205.1 204.76 205.0 606.0 205.14 20.0 5195.0 1263.0 3932.0 0.0 204.9192
10:15:00 202.0 4834.0 205.25 205.35 205.49 205.1 205.3 263.0 205.4 210.0 4834.0 1987.0 2847.0 0.0 205.3352
10:16:00 288.0 5098.0 205.25 205.81 206.14 205.39 205.72 25.0 205.85 11.0 5098.0 3579.0 1519.0 0.0 205.8432
10:17:00 293.0 8862.0 205.25 206.15 206.28 205.82 206.09 420.0 206.22 120.0 8862.0 6503.0 2359.0 0.0 206.1437
10:18:00 267.0 6715.0 205.25 206.27 206.57 206.09 206.22 25.0 206.31 1.0 6715.0 4270.0 2445.0 0.0 206.3238
10:19:00 198.0 7350.0 205.25 206.69 206.8 206.28 206.66 300.0 206.76 25.0 7350.0 4904.0 2446.0 0.0 206.6127
10:20:00 288.0 7603.0 205.25 206.49 206.7 206.34 206.48 225.0 206.59 225.0 7603.0 3734.0 3869.0 0.0 206.5296
10:21:00 174.0 5567.0 205.25 206.37 206.77 206.28 206.29 300.0 206.37 5.0 5567.0 3199.0 2368.0 0.0 206.5076
10:22:00 239.0 6854.0 205.25 206.21 206.31 206.11 206.14 590.0 206.23 150.0 6854.0 2331.0 4523.0 0.0 206.2242
10:23:00 195.0 9653.0 205.25 205.39 206.16 205.38 205.32 15.0 205.42 626.0 9653.0 1644.0 8009.0 0.0 205.8198
10:24:00 166.0 7213.0 205.25 205.34 205.55 205.16 205.21 50.0 205.34 53.0 7213.0 2848.0 4365.0 0.0 205.3143
10:25:00 66.0 2234.0 205.25 205.21 205.3 205.08 205.19 25.0 205.3 1.0 2234.0 1648.0 586.0 0.0 205.2026
10:26:00 147.0 5328.0 205.25 205.12 205.34 204.95 205.15 33.0 205.29 1.0 5328.0 1017.0 4311.0 0.0 205.0878
10:27:00 112.0 4451.0 205.25 205.15 205.39 205.09 205.12 10.0 205.21 63.0 4451.0 1757.0 2694.0 0.0 205.2177
10:28:00 82.0 3411.0 205.25 205.22 205.33 205.05 205.2 25.0 205.34 126.0 3411.0 1945.0 1466.0 0.0 205.19
10:29:00 104.0 3675.0 205.25 205.21 205.32 205.08 205.12 25.0 205.22 147.0 3675.0 1638.0 2037.0 0.0 205.1845
10:30:00 199.0 7325.0 205.25 205.39 205.47 205.0 205.39 25.0 205.5 130.0 7325.0 5292.0 2033.0 0.0 205.2227
10:31:00 211.0 7214.0 205.25 205.79 205.79 205.31 205.74 1.0 205.82 47.0 7214.0 5758.0 1456.0 0.0 205.5781
10:32:00 141.0 5509.0 205.25 205.12 205.88 205.1 205.09 125.0 205.18 140.0 5509.0 2670.0 2839.0 0.0 205.5583
10:33:00 191.0 8199.0 205.25 204.96 205.18 204.74 204.9 131.0 205.0 200.0 8199.0 2002.0 6197.0 0.0 204.9322
10:34:00 109.0 4829.0 205.25 204.72 205.06 204.72 204.7 25.0 204.76 306.0 4829.0 475.0 4354.0 0.0 204.8438
10:35:00 112.0 3522.0 205.25 204.87 205.0 204.73 204.87 1.0 204.97 25.0 3522.0 1847.0 1675.0 0.0 204.8482
10:36:00 157.0 5303.0 205.25 205.04 205.05 204.68 205.0 25.0 205.06 3.0 5303.0 1344.0 3959.0 0.0 204.8381
10:37:00 109.0 5643.0 205.25 204.9 205.12 204.87 204.87 25.0 204.96 1.0 5643.0 947.0 4696.0 0.0 204.9472
10:38:00 66.0 2315.0 205.25 205.0 205.04 204.85 204.93 100.0 205.02 125.0 2315.0 953.0 1362.0 0.0 204.935
10:39:00 136.0 4915.0 205.25 204.82 204.93 204.75 204.81 25.0 204.91 50.0 4915.0 998.0 3917.0 0.0 204.8548
10:40:00 99.0 2954.0 205.25 205.3 205.38 204.82 205.27 100.0 205.36 25.0 2954.0 1214.0 1740.0 0.0 205.1753
10:41:00 94.0 3679.0 205.25 205.27 205.37 205.18 205.22 125.0 205.34 525.0 3679.0 922.0 2757.0 0.0 205.2931
10:42:00 115.0 5563.0 205.25 205.52 205.72 205.17 205.52 200.0 205.59 225.0 5563.0 4172.0 1391.0 0.0 205.5044
10:43:00 97.0 2317.0 205.25 205.78 205.82 205.51 205.77 101.0 205.84 216.0 2317.0 1148.0 1169.0 0.0 205.6428
10:44:00 123.0 3952.0 205.25 206.05 206.05 205.75 205.98 125.0 206.05 76.0 3952.0 2147.0 1805.0 0.0 205.8808
10:45:00 158.0 5695.0 205.25 206.16 206.2 205.92 206.16 63.0 206.2 10.0 5695.0 2421.0 3274.0 0.0 206.076
10:46:00 199.0 7332.0 205.25 206.15 206.43 206.14 206.13 200.0 206.19 2.0 7332.0 3267.0 4065.0 0.0 206.2471
10:47:00 300.0 11081.0 205.25 206.01 206.17 205.95 205.95 200.0 206.02 25.0 11081.0 6106.0 4975.0 0.0 206.0769
10:48:00 122.0 3742.0 205.25 205.72 206.025 205.65 205.71 25.0 205.78 20.0 3742.0 1905.0 1837.0 0.0 205.8761
10:49:00 56.0 1803.0 205.25 205.72 205.76 205.66 205.64 18.0 205.74 20.0 1803.0 517.0 1286.0 0.0 205.7061
10:50:00 59.0 1063.0 205.25 205.61 205.73 205.54 205.56 25.0 205.65 277.0 1063.0 272.0 791.0 0.0 205.6042
10:51:00 75.0 2509.0 205.25 205.65 205.8 205.65 205.63 350.0 205.72 25.0 2509.0 636.0 1873.0 0.0 205.7157
10:52:00 66.0 2490.0 205.25 205.82 205.9 205.71 205.8 176.0 205.87 6.0 2490.0 1562.0 928.0 0.0 205.8396
10:53:00 113.0 2195.0 205.25 206.02 206.05 205.87 205.98 30.0 206.05 25.0 2195.0 993.0 1202.0 0.0 205.9977
10:54:00 112.0 4806.0 205.25 206.27 206.3 205.92 206.23 945.0 206.31 30.0 4806.0 2243.0 2563.0 0.0 206.1663
10:55:00 198.0 9014.0 205.25 206.4 206.6 206.24 206.34 35.0 206.44 125.0 9014.0 5596.0 3418.0 0.0 206.4313
10:56:00 87.0 2434.0 205.25 206.36 206.45 206.3 206.31 333.0 206.4 127.0 2434.0 1262.0 1172.0 0.0 206.3521
10:57:00 133.0 4018.0 205.25 206.29 206.43 206.25 206.22 4.0 206.29 197.0 4018.0 612.0 3406.0 0.0 206.3172
10:58:00 101.0 7797.0 205.25 206.44 206.44 206.3 206.38 400.0 206.45 415.0 7797.0 5971.0 1826.0 0.0 206.3341
10:59:00 104.0 4099.0 205.25 206.26 206.5 206.2 206.22 451.0 206.3 29.0 4099.0 1272.0 2827.0 0.0 206.3562
11:00:00 68.0 3765.0 205.25 206.23 206.32 206.11 206.22 745.0 206.31 125.0 3765.0 1123.0 2642.0 0.0 206.1841
11:01:00 99.0 4948.0 205.25 206.05 206.29 206.01 206.02 326.0 206.09 17.0 4948.0 1687.0 3261.0 0.0 206.1762
11:02:00 60.0 2715.0 205.25 206.09 206.11 206.01 206.05 175.0 206.12 338.0 2715.0 366.0 2349.0 0.0 206.0556
11:03:00 103.0 3230.0 205.25 205.85 206.05 205.75 205.82 1.0 205.9 25.0 3230.0 757.0 2473.0 0.0 205.8931
11:04:00 128.0 3679.0 205.25 205.87 205.97 205.7 205.85 110.0 205.92 3.0 3679.0 1035.0 2644.0 0.0 205.847
11:05:00 60.0 2161.0 205.25 205.93 205.965 205.8 205.93 159.0 205.99 201.0 2161.0 1623.0 538.0 0.0 205.9357
11:06:00 161.0 8364.0 205.25 206.03 206.1 205.93 205.98 7.0 206.05 222.0 8364.0 5771.0 2593.0 0.0 206.0192
11:07:00 94.0 2985.0 205.25 205.99 206.22 205.99 205.98 129.0 206.05 227.0 2985.0 1814.0 1171.0 0.0 206.1334
11:08:00 106.0 4908.0 205.25 206.19 206.3 205.96 206.19 50.0 206.26 203.0 4908.0 2553.0 2355.0 0.0 206.1833
11:09:00 163.0 8459.0 205.25 206.7 206.73 206.19 206.66 294.0 206.72 3.0 8459.0 6135.0 2324.0 0.0 206.5029
11:10:00 168.0 11119.0 205.25 206.9 206.97 206.75 206.87 200.0 206.92 700.0 11119.0 7001.0 4118.0 0.0 206.8454
11:11:00 259.0 13320.0 205.25 207.03 207.08 206.83 206.96 141.0 207.03 500.0 13320.0 9655.0 3665.0 0.0 206.9703
11:12:00 172.0 4440.0 205.25 206.91 207.11 206.89 206.88 525.0 206.95 124.0 4440.0 1753.0 2687.0 0.0 207.0025
11:13:00 108.0 4854.0 205.25 206.9 207.06 206.85 206.88 300.0 206.94 5.0 4854.0 1897.0 2957.0 0.0 206.9274
11:14:00 100.0 5431.0 205.25 207.16 207.2 206.9 207.12 300.0 207.2 175.0 5431.0 3556.0 1875.0 0.0 207.1186
11:15:00 89.0 5091.0 205.25 207.2 207.32 207.12 207.19 316.0 207.23 75.0 5091.0 2899.0 2192.0 0.0 207.2618
11:16:00 172.0 3668.0 205.25 207.19 207.24 207.07 207.16 217.0 207.21 592.0 3668.0 1646.0 2022.0 0.0 207.1405
11:17:00 110.0 5791.0 205.25 207.24 207.32 207.13 207.21 218.0 207.26 300.0 5791.0 3196.0 2595.0 0.0 207.2294
11:18:00 129.0 5548.0 205.25 206.93 207.21 206.85 206.92 1.0 206.98 333.0 5548.0 1316.0 4232.0 0.0 207.0711
11:19:00 68.0 3201.0 205.25 207.08 207.13 206.9 207.06 262.0 207.15 200.0 3201.0 1800.0 1401.0 0.0 207.0201
11:20:00 174.0 5022.0 205.25 206.91 207.07 206.87 206.9 642.0 206.97 19.0 5022.0 1964.0 3058.0 0.0 206.9518
11:21:00 149.0 4432.0 205.25 206.59 206.91 206.59 206.58 25.0 206.64 354.0 4432.0 624.0 3808.0 0.0 206.7027
11:22:00 73.0 2190.0 205.25 206.75 206.76 206.55 206.69 200.0 206.77 25.0 2190.0 1083.0 1107.0 0.0 206.6286
11:23:00 128.0 4246.0 205.25 206.83 206.91 206.7 206.81 1.0 206.87 26.0 4246.0 1452.0 2794.0 0.0 206.7824
11:24:00 104.0 3496.0 205.25 206.87 206.88 206.71 206.83 125.0 206.9 25.0 3496.0 1648.0 1848.0 0.0 206.7951
11:25:00 104.0 3939.0 205.25 207.03 207.03 206.86 207.02 190.0 207.06 1.0 3939.0 2941.0 998.0 0.0 206.9402
11:26:00 94.0 4777.0 205.25 207.21 207.27 207.02 207.2 100.0 207.24 200.0 4777.0 2241.0 2536.0 0.0 207.1421
11:27:00 110.0 2964.0 205.25 207.24 207.35 207.2 207.2 128.0 207.25 330.0 2964.0 1850.0 1114.0 0.0 207.2717
11:28:00 126.0 3453.0 205.25 207.28 207.28 207.17 207.26 21.0 207.3 31.0 3453.0 1659.0 1794.0 0.0 207.224
11:29:00 202.0 6857.0 205.25 207.13 207.26 207.09 207.12 600.0 207.15 3.0 6857.0 1463.0 5394.0 0.0 207.1426
11:30:00 216.0 6964.0 205.25 206.99 207.15 206.86 206.98 40.0 207.01 785.0 6964.0 3053.0 3911.0 0.0 206.9887
11:31:00 163.0 7667.0 205.25 207.27 207.3 206.92 207.25 605.0 207.29 60.0 7667.0 5508.0 2159.0 0.0 207.1267
11:32:00 256.0 8936.0 205.25 207.18 207.48 207.18 207.18 100.0 207.22 50.0 8936.0 5330.0 3606.0 0.0 207.3446
11:33:00 162.0 6660.0 205.25 206.98 207.2 206.95 206.93 26.0 206.98 348.0 6660.0 1479.0 5181.0 0.0 207.1023
11:34:00 96.0 4361.0 205.25 206.84 206.93 206.73 206.86 500.0 206.88 7.0 4361.0 1412.0 2949.0 0.0 206.8452
11:35:00 134.0 6384.0 205.25 206.66 206.88 206.62 206.62 14.0 206.7 150.0 6384.0 1286.0 5098.0 0.0 206.7356
11:36:00 89.0 5087.0 205.25 206.62 206.8 206.58 206.58 405.0 206.66 283.0 5087.0 1455.0 3632.0 0.0 206.6741
11:37:00 104.0 3968.0 205.25 206.55 206.71 206.52 206.53 1300.0 206.6 277.0 3968.0 1012.0 2956.0 0.0 206.6152
11:38:00 140.0 6482.0 205.25 206.48 206.63 206.46 206.48 774.0 206.56 288.0 6482.0 2256.0 4226.0 0.0 206.5324
11:39:00 94.0 3840.0 205.25 206.43 206.58 206.43 206.43 74.0 206.5 554.0 3840.0 607.0 3233.0 0.0 206.5054
11:40:00 106.0 4457.0 205.25 206.41 206.45 206.23 206.37 300.0 206.44 14.0 4457.0 1338.0 3119.0 0.0 206.3585
11:41:00 153.0 6835.0 205.25 206.32 206.49 206.21 206.28 100.0 206.35 50.0 6835.0 1334.0 5501.0 0.0 206.3369
11:42:00 113.0 4230.0 205.25 206.25 206.34 206.22 206.22 200.0 206.29 215.0 4230.0 1190.0 3040.0 0.0 206.26
11:43:00 80.0 2602.0 205.25 206.39 206.43 206.22 206.4 328.0 206.45 43.0 2602.0 925.0 1677.0 0.0 206.3489
11:44:00 122.0 3921.0 205.25 206.3 206.5 206.3 206.28 201.0 206.34 1.0 3921.0 1581.0 2340.0 0.0 206.4291
11:45:00 76.0 2537.0 205.25 206.37 206.37 206.21 206.33 192.0 206.39 265.0 2537.0 1543.0 994.0 0.0 206.2697
11:46:00 90.0 2916.0 205.25 206.4 206.52 206.31 206.37 1.0 206.44 106.0 2916.0 1513.0 1403.0 0.0 206.4144
11:47:00 61.0 2422.0 205.25 206.26 206.4 206.23 206.25 100.0 206.3 68.0 2422.0 507.0 1915.0 0.0 206.299
11:48:00 49.0 1272.0 205.25 206.39 206.46 206.28 206.35 446.0 206.43 79.0 1272.0 737.0 535.0 0.0 206.3695
11:49:00 105.0 3021.0 205.25 206.42 206.51 206.35 206.42 100.0 206.46 50.0 3021.0 1486.0 1535.0 0.0 206.4389
11:50:00 102.0 3284.0 205.25 206.29 206.42 206.18 206.23 1.0 206.29 9.0 3284.0 882.0 2402.0 0.0 206.2805
11:51:00 87.0 3173.0 205.25 206.17 206.38 206.17 206.14 428.0 206.2 178.0 3173.0 1164.0 2009.0 0.0 206.267
11:52:00 364.0 7938.0 205.25 206.54 206.57 206.11 206.51 185.0 206.58 4.0 7938.0 5198.0 2740.0 0.0 206.4228
11:53:00 178.0 5311.0 205.25 206.82 206.82 206.58 206.8 205.0 206.83 7.0 5311.0 3060.0 2251.0 0.0 206.7287
11:54:00 186.0 7121.0 205.25 207.0 207.0 206.8 206.99 68.0 207.02 164.0 7121.0 4115.0 3006.0 0.0 206.9205
11:55:00 222.0 10943.0 205.25 206.73 206.99 206.57 206.71 100.0 206.74 11.0 10943.0 2761.0 8182.0 0.0 206.7618
11:56:00 117.0 4240.0 205.25 206.37 206.79 206.33 206.35 700.0 206.42 25.0 4240.0 2006.0 2234.0 0.0 206.5793
11:57:00 135.0 6085.0 205.25 206.34 206.37 206.2 206.3 280.0 206.36 7.0 6085.0 2441.0 3644.0 0.0 206.2967
11:58:00 41.0 1152.0 205.25 206.355 206.48 206.355 206.32 944.0 206.39 277.0 1152.0 432.0 720.0 0.0 206.4213
11:59:00 81.0 1835.0 205.25 206.33 206.36 206.27 206.3 6.0 206.34 15.0 1835.0 1431.0 404.0 0.0 206.323
12:00:00 264.0 5924.0 205.25 206.19 206.36 206.14 206.14 1000.0 206.2 4.0 5924.0 2777.0 3147.0 0.0 206.2395
12:01:00 134.0 4816.0 205.25 206.4 206.4 206.11 206.38 228.0 206.45 10.0 4816.0 2235.0 2581.0 0.0 206.2522
12:02:00 60.0 4273.0 205.25 206.44 206.5 206.44 206.41 207.0 206.46 706.0 4273.0 3604.0 669.0 0.0 206.4925
12:03:00 173.0 7908.0 205.25 206.0 206.41 205.92 205.94 762.0 206.04 170.0 7908.0 924.0 6984.0 0.0 206.1677
12:04:00 74.0 3478.0 205.25 206.04 206.05 205.83 206.02 308.0 206.09 50.0 3478.0 902.0 2576.0 0.0 205.9574
12:05:00 123.0 4372.0 205.25 205.7 206.02 205.62 205.64 105.0 205.7 303.0 4372.0 1407.0 2965.0 0.0 205.7975
12:06:00 152.0 4737.0 205.25 205.67 205.73 205.4 205.63 125.0 205.7 471.0 4737.0 1967.0 2770.0 0.0 205.5715
12:07:00 70.0 2554.0 205.25 205.53 205.71 205.53 205.52 696.0 205.57 448.0 2554.0 716.0 1838.0 0.0 205.6221
12:08:00 73.0 2599.0 205.25 205.54 205.64 205.53 205.53 400.0 205.58 266.0 2599.0 799.0 1800.0 0.0 205.5767
12:09:00 134.0 3407.0 205.25 205.81 205.81 205.5 205.77 150.0 205.83 25.0 3407.0 2100.0 1307.0 0.0 205.6194
12:10:00 268.0 7337.0 205.25 205.96 206.03 205.38 205.9 143.0 205.97 376.0 7337.0 2689.0 4648.0 0.0 205.828
12:11:00 104.0 4777.0 205.25 205.87 205.91 205.74 205.84 300.0 205.89 5.0 4777.0 1872.0 2905.0 0.0 205.8254
12:12:00 53.0 2773.0 205.25 206.0 206.06 205.89 206.0 351.0 206.04 44.0 2773.0 571.0 2202.0 0.0 205.986
12:13:00 223.0 9329.0 205.25 206.26 206.29 206.04 206.2 300.0 206.26 155.0 9329.0 3814.0 5515.0 0.0 206.1713
12:14:00 137.0 5391.0 205.25 206.16 206.26 206.1 206.15 27.0 206.2 1.0 5391.0 1255.0 4136.0 0.0 206.1667
12:15:00 132.0 5198.0 205.25 206.39 206.4 206.08 206.35 2.0 206.42 200.0 5198.0 2981.0 2217.0 0.0 206.2511
12:16:00 60.0 2126.0 205.25 206.24 206.35 206.17 206.2 109.0 206.28 125.0 2126.0 788.0 1338.0 0.0 206.2646
12:17:00 50.0 2075.0 205.25 206.09 206.22 206.07 206.05 5.0 206.1 165.0 2075.0 768.0 1307.0 0.0 206.1358
12:18:00 51.0 1426.0 205.25 206.15 206.15 206.05 206.1 257.0 206.16 126.0 1426.0 898.0 528.0 0.0 206.1091
12:19:00 28.0 725.0 205.25 206.08 206.13 206.06 206.08 150.0 206.15 42.0 725.0 262.0 463.0 0.0 206.0845
12:20:00 172.0 8036.0 205.25 205.75 206.1 205.75 205.75 2012.0 205.82 400.0 8036.0 1236.0 6800.0 0.0 205.9175
12:21:00 171.0 5543.0 205.25 205.87 205.93 205.68 205.8 100.0 205.86 300.0 5543.0 2884.0 2659.0 0.0 205.8051
12:22:00 151.0 4753.0 205.25 206.34 206.37 205.81 206.32 310.0 206.37 17.0 4753.0 3386.0 1367.0 0.0 206.1048
12:23:00 86.0 2535.0 205.25 206.32 206.32 206.08 206.26 568.0 206.32 100.0 2535.0 1295.0 1240.0 0.0 206.2089
12:24:00 100.0 2451.0 205.25 206.37 206.43 206.26 206.35 150.0 206.41 19.0 2451.0 1088.0 1363.0 0.0 206.3578
12:25:00 101.0 3127.0 205.25 206.62 206.75 206.41 206.59 350.0 206.67 343.0 3127.0 1815.0 1312.0 0.0 206.5932
12:26:00 88.0 2305.0 205.25 206.7 206.77 206.63 206.64 204.0 206.71 225.0 2305.0 1328.0 977.0 0.0 206.6967
12:27:00 73.0 2726.0 205.25 206.6 206.72 206.57 206.57 2.0 206.63 338.0 2726.0 1549.0 1177.0 0.0 206.6439
12:28:00 57.0 1947.0 205.25 206.62 206.66 206.46 206.59 125.0 206.66 355.0 1947.0 780.0 1167.0 0.0 206.5766
12:29:00 132.0 3931.0 205.25 206.46 206.59 206.38 206.45 29.0 206.51 147.0 3931.0 1599.0 2332.0 0.0 206.4808
12:30:00 124.0 2756.0 205.25 206.41 206.52 206.31 206.39 125.0 206.47 316.0 2756.0 1158.0 1598.0 0.0 206.4362
12:31:00 73.0 1765.0 205.25 206.53 206.61 206.33 206.52 200.0 206.58 200.0 1765.0 840.0 925.0 0.0 206.4881
12:32:00 35.0 1483.0 205.25 206.37 206.54 206.37 206.33 25.0 206.41 125.0 1483.0 300.0 1183.0 0.0 206.462
12:33:00 82.0 1854.0 205.25 206.57 206.57 206.42 206.51 100.0 206.56 104.0 1854.0 1268.0 586.0 0.0 206.4834
12:34:00 60.0 2497.0 205.25 206.57 206.6 206.44 206.57 333.0 206.64 18.0 2497.0 2131.0 366.0 0.0 206.5617
12:35:00 88.0 2309.0 205.25 206.7 206.7 206.55 206.66 350.0 206.75 600.0 2309.0 1121.0 1188.0 0.0 206.6155
12:36:00 319.0 13563.0 205.25 207.25 207.29 206.74 207.23 50.0 207.27 11.0 13563.0 11315.0 2248.0 0.0 207.0577
12:37:00 170.0 5149.0 205.25 207.04 207.26 207.02 207.01 1.0 207.04 5.0 5149.0 2763.0 2386.0 0.0 207.13
12:38:00 314.0 7246.0 205.25 207.23 207.26 206.9 207.19 42.0 207.25 30.0 7246.0 4558.0 2688.0 0.0 207.1094
12:39:00 98.0 3900.0 205.25 207.25 207.28 207.19 207.2 225.0 207.25 4.0 3900.0 2786.0 1114.0 0.0 207.2381
12:40:00 83.0 3307.0 205.25 207.17 207.25 207.13 207.16 209.0 207.21 24.0 3307.0 1657.0 1650.0 0.0 207.1986
12:41:00 141.0 6820.0 205.25 206.92 207.29 206.88 206.88 759.0 206.95 84.0 6820.0 4047.0 2773.0 0.0 207.137
12:42:00 54.0 2649.0 205.25 206.8 206.96 206.78 206.75 404.0 206.8 20.0 2649.0 1353.0 1296.0 0.0 206.8744
12:43:00 44.0 2234.0 205.25 206.88 206.9 206.79 206.79 200.0 206.86 152.0 2234.0 1578.0 656.0 0.0 206.8486
12:44:00 50.0 1796.0 205.25 206.69 206.89 206.65 206.65 300.0 206.72 1.0 1796.0 751.0 1045.0 0.0 206.782
12:45:00 83.0 4380.0 205.25 206.52 206.72 206.52 206.52 16.0 206.59 350.0 4380.0 1012.0 3368.0 0.0 206.6422
12:46:00 56.0 2031.0 205.25 206.68 206.71 206.52 206.61 200.0 206.68 350.0 2031.0 1360.0 671.0 0.0 206.6334
12:47:00 82.0 3344.0 205.25 206.45 206.65 206.45 206.4 25.0 206.49 225.0 3344.0 764.0 2580.0 0.0 206.5447
12:48:00 92.0 2386.0 205.25 206.47 206.51 206.3 206.45 200.0 206.53 378.0 2386.0 1393.0 993.0 0.0 206.4378
12:49:00 109.0 3501.0 205.25 206.33 206.45 206.25 206.28 300.0 206.36 504.0 3501.0 1382.0 2119.0 0.0 206.3457
12:50:00 52.0 1375.0 205.25 206.59 206.62 206.38 206.57 103.0 206.61 1.0 1375.0 1230.0 145.0 0.0 206.4678
12:51:00 77.0 3012.0 205.25 206.72 206.74 206.57 206.68 1.0 206.72 108.0 3012.0 1151.0 1861.0 0.0 206.6443
12:52:00 52.0 1737.0 205.25 206.68 206.72 206.55 206.64 204.0 206.7 25.0 1737.0 1181.0 556.0 0.0 206.6411
12:53:00 51.0 3249.0 205.25 206.61 206.64 206.51 206.56 432.0 206.64 108.0 3249.0 1174.0 2075.0 0.0 206.5747
12:54:00 53.0 1986.0 205.25 206.38 206.7 206.38 206.38 1.0 206.4 30.0 1986.0 462.0 1524.0 0.0 206.5764
12:55:00 48.0 1541.0 205.25 206.4 206.45 206.28 206.4 169.0 206.44 110.0 1541.0 639.0 902.0 0.0 206.3699
12:56:00 56.0 2286.0 205.25 206.3 206.44 206.25 206.28 358.0 206.34 101.0 2286.0 838.0 1448.0 0.0 206.3629
12:57:00 39.0 1747.0 205.25 206.39 206.51 206.21 206.36 100.0 206.43 100.0 1747.0 1258.0 489.0 0.0 206.4019
12:58:00 36.0 1613.0 205.25 206.32 206.45 206.31 206.29 202.0 206.35 25.0 1613.0 201.0 1412.0 0.0 206.3733
12:59:00 102.0 3521.0 205.25 206.235 206.34 206.15 206.23 325.0 206.32 51.0 3521.0 1458.0 2063.0 0.0 206.2467
13:00:00 48.0 2154.0 205.25 206.44 206.44 206.28 206.38 1.0 206.47 149.0 2154.0 649.0 1505.0 0.0 206.3384
13:01:00 25.0 2019.0 205.25 206.27 206.39 206.27 206.31 125.0 206.38 5.0 2019.0 7.0 2012.0 0.0 206.3244
13:02:00 29.0 2558.0 205.25 206.36 206.4 206.3 206.29 402.0 206.37 300.0 2558.0 347.0 2211.0 0.0 206.3678
13:03:00 48.0 2192.0 205.25 206.28 206.36 206.13 206.26 200.0 206.34 375.0 2192.0 723.0 1469.0 0.0 206.266
13:04:00 41.0 1637.0 205.25 206.2 206.31 206.11 206.2 202.0 206.26 150.0 1637.0 219.0 1418.0 0.0 206.1701
13:05:00 51.0 1656.0 205.25 206.25 206.29 206.18 206.18 105.0 206.24 75.0 1656.0 808.0 848.0 0.0 206.2271
13:06:00 80.0 3498.0 205.25 206.28 206.43 206.2 206.26 100.0 206.32 240.0 3498.0 1890.0 1608.0 0.0 206.3294
13:07:00 76.0 4123.0 205.25 206.21 206.41 206.17 206.2 1.0 206.25 200.0 4123.0 2221.0 1902.0 0.0 206.2677
13:08:00 94.0 7264.0 205.25 206.21 206.31 206.11 206.19 150.0 206.23 200.0 7264.0 3720.0 3544.0 0.0 206.1914
13:09:00 88.0 7113.0 205.25 206.26 206.3 206.15 206.23 242.0 206.28 470.0 7113.0 4343.0 2770.0 0.0 206.2061
13:10:00 112.0 5762.0 205.25 206.13 206.35 206.08 206.09 380.0 206.14 5.0 5762.0 2461.0 3301.0 0.0 206.2317
13:11:00 119.0 6605.0 205.25 206.19 206.21 205.99 206.14 81.0 206.19 100.0 6605.0 1350.0 5255.0 0.0 206.0639
13:12:00 69.0 3258.0 205.25 206.22 206.25 206.14 206.19 76.0 206.27 350.0 3258.0 1559.0 1699.0 0.0 206.202
13:13:00 39.0 1511.0 205.25 206.14 206.26 206.14 206.14 79.0 206.22 25.0 1511.0 470.0 1041.0 0.0 206.2082
13:14:00 73.0 3385.0 205.25 206.33 206.33 206.14 206.32 76.0 206.37 22.0 3385.0 2278.0 1107.0 0.0 206.2734
13:15:00 38.0 1233.0 205.25 206.33 206.39 206.25 206.3 124.0 206.36 306.0 1233.0 177.0 1056.0 0.0 206.332
13:16:00 128.0 4915.0 205.25 206.48 206.53 206.35 206.52 603.0 206.57 216.0 4915.0 1537.0 3378.0 0.0 206.4222
13:17:00 71.0 4485.0 205.25 206.66 206.69 206.565 206.62 416.0 206.68 1.0 4485.0 2707.0 1778.0 0.0 206.5881
13:18:00 66.0 3104.0 205.25 206.5 206.62 206.43 206.48 253.0 206.57 316.0 3104.0 458.0 2646.0 0.0 206.5363
13:19:00 46.0 1600.0 205.25 206.59 206.59 206.46 206.58 183.0 206.66 1.0 1600.0 539.0 1061.0 0.0 206.5184
13:20:00 36.0 1073.0 205.25 206.57 206.605 206.49 206.54 127.0 206.57 19.0 1073.0 239.0 834.0 0.0 206.5305
13:21:00 128.0 3929.0 205.25 206.76 206.87 206.45 206.76 200.0 206.82 470.0 3929.0 1885.0 2044.0 0.0 206.6964
13:22:00 144.0 5128.0 205.25 206.96 207.1 206.82 206.95 152.0 207.01 48.0 5128.0 3235.0 1893.0 0.0 206.9962
13:23:00 81.0 2598.0 205.25 207.13 207.16 206.95 207.12 22.0 207.17 22.0 2598.0 1006.0 1592.0 0.0 207.05
13:24:00 102.0 3729.0 205.25 207.19 207.21 207.06 207.18 380.0 207.22 100.0 3729.0 1653.0 2076.0 0.0 207.1505
13:25:00 139.0 6312.0 205.25 207.25 207.29 207.15 207.23 423.0 207.26 5.0 6312.0 2041.0 4271.0 0.0 207.2213
13:26:00 200.0 9539.0 205.25 207.23 207.37 207.22 207.22 175.0 207.27 50.0 9539.0 4810.0 4729.0 0.0 207.2879
13:27:00 101.0 3839.0 205.25 207.25 207.3 207.18 207.23 76.0 207.31 371.0 3839.0 569.0 3270.0 0.0 207.2132
13:28:00 70.0 3397.0 205.25 207.25 207.36 207.2 207.24 283.0 207.28 20.0 3397.0 964.0 2433.0 0.0 207.2832
13:29:00 53.0 2365.0 205.25 207.26 207.34 207.24 207.24 184.0 207.29 238.0 2365.0 1014.0 1351.0 0.0 207.281
13:30:00 74.0 2751.0 205.25 207.31 207.31 207.15 207.29 84.0 207.31 50.0 2751.0 1413.0 1338.0 0.0 207.2141
13:31:00 390.0 20403.0 205.25 207.8 207.83 207.33 207.77 176.0 207.84 451.0 20403.0 15629.0 4774.0 0.0 207.5693
13:32:00 171.0 5952.0 205.25 207.8 207.83 207.71 207.77 60.0 207.8 107.0 5952.0 3102.0 2850.0 0.0 207.7949
13:33:00 250.0 13685.0 205.25 207.95 208.0 207.77 207.93 21.0 207.97 240.0 13685.0 5782.0 7903.0 0.0 207.9258
13:34:00 540.0 22962.0 205.25 208.25 208.25 207.95 208.25 308.0 208.28 105.0 22962.0 16647.0 6315.0 0.0 208.0749
13:35:00 472.0 14784.0 205.25 208.19 208.51 208.19 208.18 1.0 208.22 188.0 14784.0 7125.0 7659.0 0.0 208.3554
13:36:00 172.0 5230.0 205.25 208.19 208.28 208.12 208.17 234.0 208.21 100.0 5230.0 2055.0 3175.0 0.0 208.2116
13:37:00 119.0 3356.0 205.25 207.85 208.22 207.84 207.82 2.0 207.86 578.0 3356.0 745.0 2611.0 0.0 208.0223
13:38:00 220.0 7327.0 205.25 207.68 207.89 207.59 207.68 760.0 207.74 123.0 7327.0 3624.0 3703.0 0.0 207.752
13:39:00 89.0 5259.0 205.25 207.71 207.72 207.62 207.66 87.0 207.71 150.0 5259.0 2192.0 3067.0 0.0 207.6634
13:40:00 78.0 3112.0 205.25 207.66 207.7 207.56 207.65 428.0 207.71 198.0 3112.0 1106.0 2006.0 0.0 207.6274
13:41:00 90.0 3734.0 205.25 207.73 207.86 207.67 207.72 181.0 207.77 860.0 3734.0 1297.0 2437.0 0.0 207.7367
13:42:00 134.0 6521.0 205.25 207.73 207.86 207.7 207.72 80.0 207.75 248.0 6521.0 3730.0 2791.0 0.0 207.7904
13:43:00 83.0 5276.0 205.25 207.7 207.73 207.59 207.69 81.0 207.72 201.0 5276.0 3434.0 1842.0 0.0 207.6835
13:44:00 134.0 6854.0 205.25 207.65 207.74 207.61 207.62 350.0 207.66 10.0 6854.0 2310.0 4544.0 0.0 207.69
13:45:00 109.0 3256.0 205.25 207.58 207.69 207.45 207.54 632.0 207.58 44.0 3256.0 1344.0 1912.0 0.0 207.5652
13:46:00 125.0 4305.0 205.25 207.7 207.74 207.58 207.69 96.0 207.72 68.0 4305.0 1647.0 2658.0 0.0 207.6639
13:47:00 148.0 6004.0 205.25 207.91 207.91 207.73 207.9 82.0 207.95 300.0 6004.0 2742.0 3262.0 0.0 207.8011
13:48:00 67.0 3926.0 205.25 207.9 207.95 207.77 207.91 381.0 207.96 100.0 3926.0 1413.0 2513.0 0.0 207.8469
13:49:00 149.0 4937.0 205.25 207.91 207.98 207.86 207.89 232.0 207.95 384.0 4937.0 1716.0 3221.0 0.0 207.9249
13:50:00 79.0 2991.0 205.25 207.9 207.98 207.88 207.89 577.0 207.94 71.0 2991.0 1302.0 1689.0 0.0 207.9129
13:51:00 89.0 3053.0 205.25 207.91 207.96 207.82 207.9 229.0 207.93 20.0 3053.0 738.0 2315.0 0.0 207.8985
13:52:00 149.0 5443.0 205.25 207.81 208.0 207.81 207.81 1938.0 207.85 150.0 5443.0 2716.0 2727.0 0.0 207.9361
13:53:00 97.0 2743.0 205.25 207.73 207.87 207.68 207.7 731.0 207.74 1.0 2743.0 985.0 1758.0 0.0 207.7655
13:54:00 97.0 6063.0 205.25 207.85 207.85 207.67 207.83 428.0 207.86 15.0 6063.0 1460.0 4603.0 0.0 207.7847
13:55:00 93.0 2887.0 205.25 207.81 207.92 207.75 207.79 490.0 207.83 118.0 2887.0 1075.0 1812.0 0.0 207.8267
13:56:00 56.0 1921.0 205.25 207.68 207.84 207.68 207.66 2.0 207.68 10.0 1921.0 516.0 1405.0 0.0 207.745
13:57:00 50.0 1572.0 205.25 207.71 207.81 207.68 207.71 284.0 207.75 596.0 1572.0 754.0 818.0 0.0 207.7557
13:58:00 82.0 6734.0 205.25 207.91 207.92 207.75 207.88 22.0 207.92 110.0 6734.0 1504.0 5230.0 0.0 207.8912
13:59:00 144.0 4390.0 205.25 207.92 207.99 207.87 207.91 100.0 207.94 43.0 4390.0 1717.0 2673.0 0.0 207.9279
14:00:00 72.0 2323.0 205.25 207.91 207.93 207.85 207.88 79.0 207.92 154.0 2323.0 867.0 1456.0 0.0 207.9041
14:01:00 253.0 10154.0 205.25 208.08 208.1 207.86 208.07 76.0 208.1 13.0 10154.0 4750.0 5404.0 0.0 207.9942
14:02:00 166.0 7390.0 205.25 208.12 208.15 208.0 208.11 83.0 208.13 1.0 7390.0 4025.0 3365.0 0.0 208.0668
14:03:00 213.0 8773.0 205.25 208.49 208.5 208.12 208.48 364.0 208.51 102.0 8773.0 6527.0 2246.0 0.0 208.3224
14:04:00 331.0 11491.0 205.25 208.74 208.74 208.49 208.72 20.0 208.75 529.0 11491.0 6672.0 4819.0 0.0 208.6011
14:05:00 344.0 18527.0 205.25 208.91 208.95 208.72 208.89 14.0 208.94 100.0 18527.0 8357.0 10170.0 0.0 208.824
14:06:00 392.0 16195.0 205.25 208.95 209.075 208.86 208.92 229.0 208.95 500.0 16195.0 12824.0 3371.0 0.0 208.9921
14:07:00 161.0 10796.0 205.25 208.94 209.1 208.88 208.93 76.0 208.98 102.0 10796.0 5985.0 4811.0 0.0 209.0081
14:08:00 126.0 5638.0 205.25 208.98 209.03 208.87 208.99 184.0 209.0 100.0 5638.0 2541.0 3097.0 0.0 208.9617
14:09:00 58.0 2319.0 205.25 209.02 209.05 208.98 209.01 181.0 209.03 150.0 2319.0 1214.0 1105.0 0.0 209.0217
14:10:00 114.0 6676.0 205.25 208.86 209.02 208.81 208.84 81.0 208.86 460.0 6676.0 1440.0 5236.0 0.0 208.91
14:11:00 244.0 9117.0 205.25 208.57 208.915 208.52 208.57 156.0 208.62 140.0 9117.0 1842.0 7275.0 0.0 208.719
14:12:00 147.0 4713.0 205.25 208.34 208.63 208.34 208.35 200.0 208.38 45.0 4713.0 1727.0 2986.0 0.0 208.469
14:13:00 141.0 4691.0 205.25 208.48 208.6 208.36 208.46 282.0 208.51 231.0 4691.0 2510.0 2181.0 0.0 208.4769
14:14:00 102.0 4745.0 205.25 208.55 208.57 208.4 208.53 233.0 208.56 41.0 4745.0 901.0 3844.0 0.0 208.4968
14:15:00 106.0 4249.0 205.25 208.48 208.531 208.31 208.46 437.0 208.5 99.0 4249.0 2289.0 1960.0 0.0 208.4041
14:16:00 119.0 4693.0 205.25 208.58 208.66 208.5 208.54 284.0 208.58 480.0 4693.0 2357.0 2336.0 0.0 208.5909
14:17:00 81.0 2969.0 205.25 208.58 208.61 208.5 208.53 300.0 208.6 16.0 2969.0 1526.0 1443.0 0.0 208.5659
14:18:00 91.0 2232.0 205.25 208.7 208.74 208.56 208.7 82.0 208.72 100.0 2232.0 1346.0 886.0 0.0 208.6507
14:19:00 114.0 4199.0 205.25 208.6 208.73 208.58 208.59 81.0 208.62 14.0 4199.0 1169.0 3030.0 0.0 208.6615
14:20:00 80.0 2288.0 205.25 208.63 208.65 208.56 208.62 82.0 208.65 540.0 2288.0 795.0 1493.0 0.0 208.6095
14:21:00 126.0 3796.0 205.25 208.62 208.7 208.6 208.61 89.0 208.64 150.0 3796.0 1473.0 2323.0 0.0 208.6545
14:22:00 76.0 2621.0 205.25 208.6 208.65 208.57 208.6 80.0 208.6 1.0 2621.0 1167.0 1454.0 0.0 208.6143
14:23:00 102.0 4128.0 205.25 208.47 208.61 208.47 208.47 213.0 208.49 115.0 4128.0 1345.0 2783.0 0.0 208.5575
14:24:00 93.0 3366.0 205.25 208.45 208.55 208.44 208.46 285.0 208.5 259.0 3366.0 1227.0 2139.0 0.0 208.4955
14:25:00 113.0 4602.0 205.25 208.37 208.48 208.31 208.37 3.0 208.39 263.0 4602.0 1224.0 3378.0 0.0 208.3987
14:26:00 161.0 5643.0 205.25 208.4 208.5 208.34 208.37 200.0 208.4 186.0 5643.0 2650.0 2993.0 0.0 208.4151
14:27:00 120.0 4282.0 205.25 208.19 208.41 208.19 208.17 200.0 208.21 15.0 4282.0 1017.0 3265.0 0.0 208.307
14:28:00 121.0 3740.0 205.25 208.19 208.27 208.14 208.18 176.0 208.23 229.0 3740.0 877.0 2863.0 0.0 208.2089
14:29:00 208.0 7395.0 205.25 207.81 208.25 207.65 207.8 179.0 207.84 11.0 7395.0 1909.0 5486.0 0.0 207.9186
14:30:00 165.0 7474.0 205.25 207.71 207.84 207.6 207.69 81.0 207.72 50.0 7474.0 2213.0 5261.0 0.0 207.7052
14:31:00 188.0 7019.0 205.25 207.47 207.69 207.37 207.43 168.0 207.48 248.0 7019.0 2637.0 4382.0 0.0 207.5065
14:32:00 98.0 2854.0 205.25 207.56 207.56 207.42 207.5 181.0 207.57 50.0 2854.0 1252.0 1602.0 0.0 207.4707
14:33:00 60.0 2675.0 205.25 207.56 207.61 207.5 207.52 169.0 207.6 450.0 2675.0 1283.0 1392.0 0.0 207.5431
14:34:00 103.0 4036.0 205.25 207.55 207.63 207.52 207.52 693.0 207.57 301.0 4036.0 857.0 3179.0 0.0 207.5725
14:35:00 101.0 2983.0 205.25 207.61 207.65 207.51 207.6 80.0 207.64 152.0 2983.0 1426.0 1557.0 0.0 207.5675
14:36:00 109.0 2972.0 205.25 207.57 207.71 207.52 207.53 151.0 207.58 94.0 2972.0 1155.0 1817.0 0.0 207.5896
14:37:00 268.0 7666.0 205.25 207.34 207.55 207.27 207.31 200.0 207.35 14.0 7666.0 2705.0 4961.0 0.0 207.3827
14:38:00 156.0 7047.0 205.25 207.31 207.32 207.06 207.31 254.0 207.35 13.0 7047.0 1982.0 5065.0 0.0 207.2027
14:39:00 143.0 3140.0 205.25 207.5 207.58 207.34 207.46 2577.0 207.5 124.0 3140.0 1406.0 1734.0 0.0 207.4493
14:40:00 79.0 5403.0 205.25 207.32 207.55 207.32 207.29 150.0 207.35 300.0 5403.0 975.0 4428.0 0.0 207.4502
14:41:00 175.0 6963.0 205.25 207.2 207.28 207.09 207.15 175.0 207.22 176.0 6963.0 2446.0 4517.0 0.0 207.1592
14:42:00 119.0 5772.0 205.25 207.11 207.21 207.0 207.07 80.0 207.11 10.0 5772.0 1643.0 4129.0 0.0 207.0783
14:43:00 144.0 5201.0 205.25 207.09 207.09 206.96 207.06 126.0 207.13 342.0 5201.0 1856.0 3345.0 0.0 207.0182
14:44:00 111.0 4253.0 205.25 206.79 207.07 206.78 206.79 6.0 206.84 320.0 4253.0 1061.0 3192.0 0.0 206.9327
14:45:00 262.0 10307.0 205.25 206.5 206.84 206.47 206.45 32.0 206.51 152.0 10307.0 2901.0 7406.0 0.0 206.6579
14:46:00 214.0 9001.0 205.25 206.68 206.71 206.44 206.65 179.0 206.7 375.0 9001.0 3755.0 5246.0 0.0 206.586
14:47:00 140.0 4620.0 205.25 206.74 206.75 206.6 206.72 229.0 206.76 12.0 4620.0 2324.0 2296.0 0.0 206.6949
14:48:00 235.0 8436.0 205.25 206.81 206.87 206.65 206.79 283.0 206.82 110.0 8436.0 2586.0 5850.0 0.0 206.7392
14:49:00 113.0 6271.0 205.25 206.93 206.95 206.73 206.91 127.0 206.95 38.0 6271.0 4315.0 1956.0 0.0 206.8862
14:50:00 152.0 10425.0 205.25 206.95 206.99 206.81 206.88 233.0 206.94 450.0 10425.0 3234.0 7191.0 0.0 206.924
14:51:00 124.0 5042.0 205.25 206.9 206.97 206.86 206.86 1.0 206.9 722.0 5042.0 2047.0 2995.0 0.0 206.9139
14:52:00 151.0 4909.0 205.25 206.96 207.14 206.89 206.96 84.0 207.0 18.0 4909.0 2190.0 2719.0 0.0 207.022
14:53:00 163.0 4381.0 205.25 207.01 207.11 206.85 206.97 137.0 207.05 569.0 4381.0 1954.0 2427.0 0.0 206.9565
14:54:00 81.0 2943.0 205.25 207.13 207.13 206.95 207.1 50.0 207.13 24.0 2943.0 1556.0 1387.0 0.0 207.0251
14:55:00 105.0 5025.0 205.25 207.14 207.15 207.05 207.13 50.0 207.16 1.0 5025.0 3124.0 1901.0 0.0 207.1023
14:56:00 183.0 8731.0 205.25 207.34 207.52 207.12 207.3 84.0 207.34 616.0 8731.0 5285.0 3446.0 0.0 207.3993
14:57:00 152.0 4562.0 205.25 207.35 207.36 207.22 207.34 286.0 207.38 254.0 4562.0 2122.0 2440.0 0.0 207.3118
14:58:00 132.0 4791.0 205.25 207.47 207.47 207.33 207.45 178.0 207.49 126.0 4791.0 2532.0 2259.0 0.0 207.387
14:59:00 145.0 4086.0 205.25 207.38 207.52 207.37 207.37 1.0 207.4 20.0 4086.0 1542.0 2544.0 0.0 207.4627
15:00:00 80.0 3459.0 205.25 207.46 207.47 207.35 207.43 133.0 207.47 223.0 3459.0 1579.0 1880.0 0.0 207.3973
15:01:00 159.0 5633.0 205.25 207.32 207.62 207.29 207.29 479.0 207.33 1.0 5633.0 2253.0 3380.0 0.0 207.5046
15:02:00 143.0 4646.0 205.25 207.37 207.45 207.29 207.34 230.0 207.38 28.0 4646.0 1999.0 2647.0 0.0 207.3551
15:03:00 241.0 6433.0 205.25 207.12 207.4 207.12 207.11 228.0 207.16 550.0 6433.0 1584.0 4849.0 0.0 207.2236
15:04:00 140.0 5252.0 205.25 207.07 207.14 207.0 207.04 81.0 207.09 513.0 5252.0 2402.0 2850.0 0.0 207.0749
15:05:00 154.0 5272.0 205.25 207.09 207.15 206.97 207.08 420.0 207.12 150.0 5272.0 2108.0 3164.0 0.0 207.0713
15:06:00 146.0 4505.0 205.25 207.215 207.3 207.1 207.21 465.0 207.26 1010.0 4505.0 1906.0 2599.0 0.0 207.21
15:07:00 116.0 3683.0 205.25 207.29 207.34 207.16 207.26 480.0 207.3 3.0 3683.0 1794.0 1889.0 0.0 207.2511
15:08:00 119.0 4364.0 205.25 207.36 207.45 207.3 207.35 186.0 207.37 1.0 4364.0 1750.0 2614.0 0.0 207.3816
15:09:00 110.0 4117.0 205.25 207.15 207.375 207.09 207.1 732.0 207.16 11.0 4117.0 1040.0 3077.0 0.0 207.2079
15:10:00 136.0 6661.0 205.25 207.05 207.16 207.05 207.05 186.0 207.09 15.0 6661.0 2508.0 4153.0 0.0 207.1093
15:11:00 120.0 3786.0 205.25 207.21 207.21 207.05 207.19 79.0 207.23 150.0 3786.0 1944.0 1842.0 0.0 207.1426
15:12:00 109.0 3875.0 205.25 207.35 207.42 207.23 207.35 273.0 207.38 64.0 3875.0 1928.0 1947.0 0.0 207.3463
15:13:00 150.0 5518.0 205.25 207.45 207.57 207.35 207.43 181.0 207.45 1.0 5518.0 2595.0 2923.0 0.0 207.4662
15:14:00 112.0 3997.0 205.25 207.42 207.52 207.35 207.4 82.0 207.43 100.0 3997.0 1870.0 2127.0 0.0 207.4373
15:15:00 143.0 5256.0 205.25 207.51 207.52 207.39 207.46 334.0 207.52 100.0 5256.0 2408.0 2848.0 0.0 207.4605
15:16:00 198.0 6864.0 205.25 207.66 207.81 207.53 207.61 69.0 207.67 50.0 6864.0 3991.0 2873.0 0.0 207.6957
15:17:00 160.0 7550.0 205.25 207.57 207.72 207.51 207.57 1.0 207.6 20.0 7550.0 3359.0 4191.0 0.0 207.5924
15:18:00 118.0 4943.0 205.25 207.72 207.76 207.57 207.71 387.0 207.76 551.0 4943.0 2195.0 2748.0 0.0 207.6751
15:19:00 223.0 8061.0 205.25 207.81 207.88 207.68 207.79 573.0 207.84 450.0 8061.0 4263.0 3798.0 0.0 207.7839
15:20:00 200.0 7686.0 205.25 207.84 207.89 207.67 207.82 375.0 207.87 350.0 7686.0 3245.0 4441.0 0.0 207.8048
15:21:00 223.0 6845.0 205.25 208.12 208.16 207.77 208.1 205.0 208.15 317.0 6845.0 3726.0 3119.0 0.0 207.9197
15:22:00 102.0 4540.0 205.25 207.95 208.13 207.94 207.94 415.0 207.97 214.0 4540.0 1180.0 3360.0 0.0 208.0428
15:23:00 168.0 7621.0 205.25 207.83 207.99 207.78 207.81 97.0 207.85 123.0 7621.0 4434.0 3187.0 0.0 207.8888
15:24:00 67.0 2462.0 205.25 207.82 207.85 207.77 207.8 499.0 207.83 354.0 2462.0 613.0 1849.0 0.0 207.8084
15:25:00 157.0 5624.0 205.25 207.73 207.86 207.69 207.73 218.0 207.75 198.0 5624.0 3027.0 2597.0 0.0 207.7732
15:26:00 203.0 6605.0 205.25 207.38 207.74 207.34 207.36 21.0 207.4 150.0 6605.0 2511.0 4094.0 0.0 207.555
15:27:00 160.0 6932.0 205.25 207.42 207.45 207.28 207.4 134.0 207.43 40.0 6932.0 3929.0 3003.0 0.0 207.3682
15:28:00 176.0 5041.0 205.25 207.24 207.55 207.21 207.23 22.0 207.27 224.0 5041.0 1522.0 3519.0 0.0 207.3657
15:29:00 148.0 4802.0 205.25 207.17 207.32 207.11 207.14 135.0 207.21 302.0 4802.0 1673.0 3129.0 0.0 207.2169
15:30:00 94.0 3270.0 205.25 207.37 207.415 207.19 207.35 334.0 207.38 5.0 3270.0 1240.0 2030.0 0.0 207.3456
15:31:00 167.0 6658.0 205.25 207.33 207.41 207.24 207.31 50.0 207.35 172.0 6658.0 2175.0 4483.0 0.0 207.3223
15:32:00 127.0 3710.0 205.25 207.25 207.35 207.19 207.24 471.0 207.28 507.0 3710.0 1203.0 2507.0 0.0 207.2614
15:33:00 143.0 5036.0 205.25 207.15 207.31 207.1 207.14 280.0 207.17 200.0 5036.0 1495.0 3541.0 0.0 207.1967
15:34:00 228.0 8154.0 205.25 207.18 207.27 207.06 207.12 595.0 207.18 150.0 8154.0 2607.0 5547.0 0.0 207.1648
15:35:00 311.0 15084.0 205.25 206.86 207.14 206.86 206.81 136.0 206.86 50.0 15084.0 3144.0 11940.0 0.0 207.0154
15:36:00 304.0 16014.0 205.25 206.88 206.97 206.74 206.88 2.0 206.91 279.0 16014.0 9842.0 6172.0 0.0 206.8403
15:37:00 181.0 6971.0 205.25 206.68 206.89 206.67 206.66 2651.0 206.7 520.0 6971.0 2590.0 4381.0 0.0 206.7952
15:38:00 207.0 11530.0 205.25 206.65 206.69 206.57 206.63 448.0 206.67 301.0 11530.0 3863.0 7667.0 0.0 206.6348
15:39:00 227.0 10336.0 205.25 206.65 206.67 206.47 206.64 177.0 206.68 150.0 10336.0 4589.0 5747.0 0.0 206.571
15:40:00 224.0 8504.0 205.25 206.72 206.79 206.6 206.72 75.0 206.75 552.0 8504.0 3827.0 4677.0 0.0 206.6802
15:41:00 242.0 8428.0 205.25 206.79 206.81 206.65 206.78 73.0 206.79 7.0 8428.0 3795.0 4633.0 0.0 206.7271
15:42:00 286.0 9749.0 205.25 206.96 207.04 206.77 206.96 350.0 206.99 403.0 9749.0 4783.0 4966.0 0.0 206.9302
15:43:00 223.0 8881.0 205.25 206.88 207.07 206.88 206.88 475.0 206.91 342.0 8881.0 3277.0 5604.0 0.0 206.9792
15:44:00 207.0 7523.0 205.25 206.87 206.96 206.83 206.88 183.0 206.91 325.0 7523.0 3791.0 3732.0 0.0 206.8915
15:45:00 240.0 7836.0 205.25 206.89 206.96 206.75 206.86 51.0 206.9 317.0 7836.0 2786.0 5050.0 0.0 206.8384
15:46:00 342.0 13728.0 205.25 206.6 206.85 206.59 206.6 100.0 206.62 354.0 13728.0 6011.0 7717.0 0.0 206.7182
15:47:00 281.0 10834.0 205.25 206.65 206.73 206.56 206.63 79.0 206.65 250.0 10834.0 6065.0 4769.0 0.0 206.649
15:48:00 330.0 10238.0 205.25 206.62 206.65 206.55 206.63 50.0 206.64 98.0 10238.0 4624.0 5614.0 0.0 206.6091
15:49:00 595.0 16885.0 205.25 206.66 206.7 206.57 206.64 286.0 206.66 481.0 16885.0 8133.0 8752.0 0.0 206.6302
15:50:00 728.0 22504.0 205.25 206.66 206.88 206.6 206.64 50.0 206.67 174.0 22504.0 11087.0 11417.0 0.0 206.7237
15:51:00 823.0 27980.0 205.25 206.26 206.7 206.21 206.25 55.0 206.27 350.0 27980.0 11592.0 16388.0 0.0 206.4842
15:52:00 563.0 21346.0 205.25 206.39 206.43 206.2 206.39 243.0 206.41 440.0 21346.0 10028.0 11318.0 0.0 206.2932
15:53:00 421.0 16706.0 205.25 206.41 206.51 206.35 206.4 150.0 206.42 52.0 16706.0 5949.0 10757.0 0.0 206.4259
15:54:00 499.0 14922.0 205.25 206.34 206.47 206.31 206.34 76.0 206.36 142.0 14922.0 5204.0 9718.0 0.0 206.3803
15:55:00 1150.0 29587.0 205.25 206.21 206.38 206.14 206.21 13.0 206.22 2.0 29587.0 11587.0 18000.0 0.0 206.2654
15:56:00 1383.0 45679.0 205.25 206.92 206.98 206.2 206.92 11.0 206.93 163.0 45679.0 19930.0 25749.0 0.0 206.5724
15:57:00 957.0 37363.0 205.25 206.66 206.92 206.64 206.65 208.0 206.66 28.0 37363.0 15483.0 21880.0 0.0 206.7477
15:58:00 802.0 29101.0 205.25 206.57 206.65 206.35 206.57 122.0 206.58 182.0 29101.0 11712.0 17389.0 0.0 206.5079
15:59:00 783.0 33070.0 205.25 206.6 206.63 206.42 206.59 108.0 206.61 302.0 33070.0 16442.0 16628.0 0.0 206.5168
16:00:00 1000.0 42884.0 205.25 206.35 206.59 206.22 206.34 1000.0 206.37 76.0 42884.0 24482.0 18402.0 0.0 206.36
16:01:00 10.0 56.0 205.25 206.39 206.5 206.16 206.39 335.0 206.39 2572.0 56.0 55.0 1.0 0.0 206.4534
16:02:00 3.0 32.0 205.25 206.39 206.4 206.39 206.4 9.0 206.39 2572.0 32.0 0.0 32.0 0.0 206.3903
16:03:00 5.0 94.0 205.25 206.56 206.56 206.4 206.39 304.0 206.39 2572.0 94.0 85.0 9.0 0.0 206.5447
16:04:00 10.0 328.0 205.25 206.9 207.27 206.56 206.9 46.0 206.39 2572.0 328.0 313.0 15.0 0.0 206.7142
16:05:00 11.0 589.0 205.25 207.38 207.38 207.24 207.3 232.0 206.39 2572.0 589.0 100.0 489.0 0.0 207.2902
16:06:00 6.0 72.0 205.25 207.5 207.51 207.38 207.4 127.0 206.39 2572.0 72.0 12.0 60.0 0.0 207.4768
16:07:00 4.0 125.0 205.25 207.58 207.58 207.5 207.64 228.0 206.39 2572.0 125.0 123.0 2.0 0.0 207.5205
16:08:00 2.0 2.0 205.25 207.7 207.88 207.7 207.68 300.0 206.39 2572.0 2.0 0.0 2.0 0.0 207.7
16:09:00 4.0 88.0 205.25 207.68 207.99 207.68 207.5 500.0 206.39 2572.0 88.0 0.0 88.0 0.0 207.7005
16:10:00 7.0 633.0 205.25 207.44 207.5 207.35 207.35 42.0 206.39 2572.0 633.0 101.0 532.0 0.0 207.4965
16:11:00 5.0 200.0 205.25 207.0 207.39 207.0 207.0 10.0 206.39 2572.0 200.0 52.0 148.0 0.0 207.2352
16:12:00 6.0 117.0 205.25 206.93 207.0 206.68 206.68 227.0 206.39 2572.0 117.0 6.0 111.0 0.0 206.7218
16:13:00 0.0 0.0 205.25 206.93 nan nan 206.68 227.0 206.39 2572.0 nan 0.0 0.0 0.0 nan
16:14:00 6.0 151.0 205.25 207.0 207.1 206.68 206.68 181.0 206.39 2572.0 151.0 5.0 146.0 0.0 206.9058
16:15:00 3.0 3.0 205.25 206.68 207.1 206.68 206.68 180.0 206.39 2572.0 3.0 2.0 1.0 0.0 206.8433
16:16:00 9.0 112.0 205.25 207.0 207.4 206.99 206.88 10.0 206.39 2572.0 112.0 62.0 50.0 0.0 207.2403
16:17:00 2.0 10.0 205.25 206.69 206.88 206.69 206.8 20.0 206.39 2572.0 10.0 0.0 10.0 0.0 206.88
16:18:00 2.0 21.0 205.25 207.0 207.0 206.7 206.88 5.0 206.39 2572.0 21.0 0.0 21.0 0.0 206.9857
16:19:00 1.0 40.0 205.25 207.0 207.0 207.0 207.0 30.0 206.39 2572.0 40.0 40.0 0.0 0.0 207.0
16:20:00 10.0 710.0 205.25 207.5 207.5 206.8 207.14 100.0 206.39 2572.0 710.0 610.0 100.0 0.0 207.3489
16:21:00 1.0 5.0 205.25 207.45 207.45 207.45 207.14 100.0 206.39 2572.0 5.0 5.0 0.0 0.0 207.45
16:22:00 2.0 21.0 205.25 207.2 207.45 207.2 207.2 37.0 206.39 2572.0 21.0 20.0 1.0 0.0 207.4381
16:23:00 3.0 51.0 205.25 207.14 207.3 207.14 207.14 87.0 206.39 2572.0 51.0 0.0 51.0 0.0 207.2561
16:24:00 23.0 1503.0 205.25 207.81 208.0 207.14 207.56 84.0 206.39 2572.0 1503.0 1390.0 113.0 0.0 207.5898
16:25:00 7.0 540.0 205.25 207.46 207.56 207.46 207.55 89.0 206.39 2572.0 540.0 199.0 341.0 0.0 207.4946
16:26:00 0.0 0.0 205.25 207.46 nan nan 207.55 89.0 206.39 2572.0 nan 0.0 0.0 0.0 nan
16:27:00 5.0 105.0 205.25 208.0 208.0 207.55 207.6 115.0 206.39 2572.0 105.0 95.0 10.0 0.0 207.9571
16:28:00 12.0 200.0 205.25 207.15 207.61 207.15 207.15 9.0 206.39 2572.0 200.0 0.0 200.0 0.0 207.5785
16:29:00 6.0 10.0 205.25 207.55 207.75 207.55 207.55 99.0 206.39 2572.0 10.0 9.0 1.0 0.0 207.73
16:30:00 2.0 80.0 205.25 207.65 207.65 207.65 207.55 99.0 206.39 2572.0 80.0 80.0 0.0 0.0 207.65
16:31:00 3.0 24.0 205.25 207.65 207.65 207.55 207.55 83.0 206.39 2572.0 24.0 8.0 16.0 0.0 207.5833
16:32:00 5.0 120.0 205.25 207.5 207.55 207.5 207.32 50.0 206.39 2572.0 120.0 20.0 100.0 0.0 207.5342
16:33:00 3.0 34.0 205.25 207.3 207.3 207.3 207.3 14.0 206.39 2572.0 34.0 0.0 34.0 0.0 207.3
16:34:00 24.0 654.0 205.25 207.3 207.3 207.3 207.51 50.0 206.39 2572.0 654.0 640.0 14.0 0.0 207.3
16:35:00 4.0 164.0 205.25 207.7 207.75 207.65 207.31 10.0 206.39 2572.0 164.0 39.0 125.0 0.0 207.6997
16:36:00 1.0 6.0 205.25 207.75 207.75 207.75 207.4 10.0 206.39 2572.0 6.0 6.0 0.0 0.0 207.75
16:37:00 1.0 5.0 205.25 207.4 207.4 207.4 207.4 5.0 206.39 2572.0 5.0 0.0 5.0 0.0 207.4
16:38:00 2.0 16.0 205.25 207.5 207.5 207.5 207.4 15.0 206.39 2572.0 16.0 16.0 0.0 0.0 207.5
16:39:00 2.0 5.0 205.25 207.5 207.5 207.5 207.4 20.0 206.39 2572.0 5.0 5.0 0.0 0.0 207.5
16:40:00 2.0 102.0 205.25 207.5 207.5 207.5 207.41 10.0 206.39 2572.0 102.0 102.0 0.0 0.0 207.5
16:41:00 0.0 0.0 205.25 207.5 nan nan 207.5 15.0 206.39 2572.0 nan 0.0 0.0 0.0 nan
16:42:00 39.0 1369.0 205.25 207.38 207.53 207.0 207.1 4.0 206.39 2572.0 1369.0 827.0 542.0 0.0 207.0917
16:43:00 2.0 4.0 205.25 207.01 207.1 207.01 207.02 10.0 206.39 2572.0 4.0 0.0 4.0 0.0 207.1
16:44:00 14.0 293.0 205.25 207.0 207.02 206.71 206.93 1.0 206.39 2572.0 293.0 0.0 293.0 0.0 206.9332
16:45:00 0.0 0.0 205.25 207.0 nan nan 206.93 1.0 206.39 2572.0 nan 0.0 0.0 0.0 nan
16:46:00 2.0 0.0 205.25 206.8 206.81 206.8 206.93 1.0 206.39 2572.0 nan 0.0 0.0 0.0 nan
16:47:00 2.0 1.0 205.25 206.85 206.93 206.85 206.8 300.0 206.39 2572.0 1.0 0.0 1.0 0.0 206.93
16:48:00 1.0 0.0 205.25 207.28 207.28 207.28 207.01 2.0 206.39 2572.0 nan 0.0 0.0 0.0 nan
16:49:00 3.0 64.0 205.25 207.2 207.2 207.05 207.2 436.0 206.39 2572.0 64.0 0.0 64.0 0.0 207.2
16:50:00 12.0 395.0 205.25 207.89 207.91 207.2 207.58 100.0 206.39 2572.0 395.0 341.0 54.0 0.0 207.6568
16:51:00 1.0 1.0 205.25 207.58 207.58 207.58 207.59 2.0 206.39 2572.0 1.0 0.0 1.0 0.0 207.58
16:52:00 4.0 16.0 205.25 207.7 207.87 207.58 207.7 1000.0 206.39 2572.0 16.0 3.0 13.0 0.0 207.6475
16:53:00 3.0 1092.0 205.25 207.58 207.7 207.58 207.1 83.0 206.39 2572.0 1092.0 0.0 1092.0 0.0 207.6901
16:54:00 2.0 65.0 205.25 207.22 207.5 207.22 207.25 10.0 206.39 2572.0 65.0 65.0 0.0 0.0 207.2415
16:55:00 3.0 10.0 205.25 207.02 207.25 207.02 207.1 83.0 206.39 2572.0 10.0 0.0 10.0 0.0 207.25
16:56:00 0.0 0.0 205.25 207.02 nan nan 207.1 83.0 206.39 2572.0 nan 0.0 0.0 0.0 nan
16:57:00 6.0 798.0 205.25 207.2 207.2 207.2 207.1 88.0 206.39 2572.0 798.0 798.0 0.0 0.0 207.2
16:58:00 0.0 0.0 205.25 207.2 nan nan 207.48 5.0 206.39 2572.0 nan 0.0 0.0 0.0 nan
16:59:00 0.0 0.0 205.25 207.2 nan nan 207.49 24.0 206.39 2572.0 nan 0.0 0.0 0.0 nan
17:00:00 0.0 0.0 205.25 207.2 nan nan 207.49 24.0 206.39 2572.0 nan 0.0 0.0 0.0 nan
