time trade_count trade_volume trade_first trade_last trade_high trade_low bid_price bid_size ask_price ask_size hid_vol buy_vol sell_vol unsided_vol vwap
09:00:00 nan 0.0 210.24 210.24 210.24 210.24 210.2 35.0 210.25 2.0 nan 0.0 0.0 0.0 nan
09:01:00 96.0 2157.0 210.24 210.55 210.56 210.25 210.24 125.0 210.59 2.0 2157.0 1367.0 790.0 0.0 210.4499
09:02:00 5.0 63.0 210.24 210.55 210.55 210.55 210.2 1178.0 210.59 6.0 63.0 0.0 63.0 0.0 210.55
09:03:00 1.0 0.0 210.24 210.54 210.54 210.54 210.39 5.0 210.5 230.0 nan 0.0 0.0 0.0 nan
09:04:00 8.0 105.0 210.24 210.5 210.5 210.44 210.35 5.0 210.5 277.0 105.0 105.0 0.0 0.0 210.5
09:05:00 24.0 22.0 210.24 210.42 210.49 210.33 210.4 200.0 210.5 287.0 22.0 0.0 22.0 0.0 210.3359
09:06:00 8.0 14.0 210.24 210.42 210.5 210.4 210.46 50.0 210.5 284.0 14.0 12.0 2.0 0.0 210.4814
09:07:00 2.0 0.0 210.24 210.42 210.42 210.42 210.46 50.0 210.5 289.0 nan 0.0 0.0 0.0 nan
09:08:00 5.0 61.0 210.24 210.44 210.5 210.44 210.44 5.0 210.45 269.0 61.0 6.0 55.0 0.0 210.4603
09:09:00 4.0 184.0 210.24 210.45 210.45 210.44 210.42 26.0 210.45 71.0 184.0 179.0 5.0 0.0 210.4497
09:10:00 52.0 753.0 210.24 210.61 210.61 210.43 210.5 10.0 210.61 10.0 753.0 718.0 35.0 0.0 210.5179
09:11:00 18.0 33.0 210.24 210.64 210.71 210.56 210.6 1494.0 210.68 1.0 33.0 32.0 1.0 0.0 210.6385
09:12:00 27.0 1490.0 210.24 210.68 210.71 210.61 210.61 4.0 210.7 296.0 1490.0 1.0 1489.0 0.0 210.68
09:13:00 21.0 402.0 210.24 210.7 210.75 210.65 210.62 1101.0 210.75 23.0 402.0 385.0 17.0 0.0 210.7021
09:14:00 70.0 2034.0 210.24 210.79 210.87 210.62 210.8 10.0 210.85 325.0 2034.0 172.0 1862.0 0.0 210.7682
09:15:00 60.0 5143.0 210.24 210.82 210.93 210.8 210.79 294.0 210.82 1.0 5143.0 755.0 4388.0 0.0 210.8558
09:16:00 17.0 346.0 210.24 210.7 210.8 210.68 210.66 5.0 210.74 1000.0 346.0 15.0 331.0 0.0 210.7907
09:17:00 5.0 0.0 210.24 210.84 210.84 210.7 210.7 110.0 210.82 3.0 nan 0.0 0.0 0.0 nan
09:18:00 166.0 5342.0 210.24 211.0 211.25 210.7 210.7 11.0 211.07 3.0 5342.0 4665.0 677.0 0.0 210.9927
09:19:00 15.0 259.0 210.24 210.89 210.99 210.7 210.82 25.0 210.95 29.0 259.0 96.0 163.0 0.0 210.8526
09:20:00 7.0 50.0 210.24 210.82 210.94 210.81 210.73 4.0 210.91 30.0 50.0 5.0 45.0 0.0 210.8478
09:21:00 19.0 1174.0 210.24 210.91 210.91 210.7 210.67 5.0 210.92 130.0 1174.0 1161.0 13.0 0.0 210.8085
09:22:00 10.0 22.0 210.24 210.89 210.91 210.76 210.75 505.0 210.9 1.0 22.0 2.0 20.0 0.0 210.81
09:23:00 14.0 74.0 210.24 210.91 210.91 210.77 210.81 5.0 210.91 63.0 74.0 21.0 53.0 0.0 210.8726
09:24:00 5.0 11.0 210.24 210.85 210.91 210.81 210.75 15.0 210.85 1.0 11.0 6.0 5.0 0.0 210.8555
09:25:00 13.0 117.0 210.24 210.73 210.86 210.73 210.72 10.0 210.81 8.0 117.0 111.0 6.0 0.0 210.8438
09:26:00 37.0 824.0 210.24 210.91 211.0 210.81 210.9 100.0 211.0 952.0 824.0 739.0 85.0 0.0 210.912
09:27:00 34.0 1729.0 210.24 211.0 211.01 210.98 210.9 2.0 211.0 769.0 1729.0 1464.0 265.0 0.0 211.0
09:28:00 60.0 1808.0 210.24 211.03 211.07 211.0 211.0 209.0 211.03 3.0 1808.0 1704.0 104.0 0.0 211.014
09:29:00 31.0 383.0 210.24 211.05 211.12 211.01 211.04 202.0 211.1 650.0 383.0 380.0 3.0 0.0 211.0497
09:30:00 73.0 2217.0 210.24 211.53 211.63 211.05 211.1 400.0 211.6 20.0 2217.0 1815.0 402.0 0.0 211.3451
09:31:00 1289.0 59372.0 210.24 212.36 212.49 211.21 212.29 5.0 212.39 205.0 59372.0 45485.0 13887.0 0.0 211.816
09:32:00 1600.0 73818.0 210.24 211.71 213.13 211.6 211.54 26.0 211.71 400.0 73818.0 43560.0 30258.0 0.0 212.6357
09:33:00 578.0 20010.0 210.24 212.76 212.76 211.33 212.59 50.0 212.76 25.0 20010.0 15410.0 4600.0 0.0 212.0485
09:34:00 647.0 40023.0 210.24 211.98 213.03 211.86 211.88 25.0 212.01 14.0 40023.0 14221.0 25802.0 0.0 212.6452
09:35:00 646.0 32028.0 210.24 212.55 213.12 211.94 212.5 1.0 212.62 234.0 32028.0 23196.0 8832.0 0.0 212.7541
09:36:00 972.0 32502.0 210.24 210.45 212.72 210.31 210.38 16.0 210.49 30.0 32502.0 10297.0 22205.0 0.0 211.5485
09:37:00 393.0 12013.0 210.24 211.27 211.37 210.47 211.17 100.0 211.3 400.0 12013.0 8500.0 3513.0 0.0 210.8424
09:38:00 522.0 17086.0 210.24 211.71 211.86 210.86 211.64 110.0 211.78 300.0 17086.0 9047.0 8039.0 0.0 211.5513
09:39:00 428.0 15691.0 210.24 211.66 211.69 211.18 211.46 125.0 211.64 400.0 15691.0 3440.0 12251.0 0.0 211.4073
09:40:00 292.0 12147.0 210.24 211.24 211.68 210.81 211.17 25.0 211.26 4.0 12147.0 5634.0 6513.0 0.0 211.2328
09:41:00 480.0 17792.0 210.24 210.82 211.45 210.62 210.79 52.0 210.9 711.0 17792.0 7982.0 9810.0 0.0 211.0304
09:42:00 757.0 25072.0 210.24 210.56 210.79 209.96 210.48 100.0 210.62 25.0 25072.0 5517.0 19555.0 0.0 210.3963
09:43:00 334.0 15381.0 210.24 210.82 211.28 210.44 210.81 12.0 210.91 347.0 15381.0 7968.0 7413.0 0.0 211.0455
09:44:00 286.0 12639.0 210.24 210.44 211.2 210.44 210.35 12.0 210.51 28.0 12639.0 5622.0 7017.0 0.0 210.8209
09:45:00 457.0 11552.0 210.24 210.36 210.67 210.21 210.31 925.0 210.48 25.0 11552.0 6414.0 5138.0 0.0 210.4919
09:46:00 235.0 9005.0 210.24 210.35 210.45 210.04 210.29 727.0 210.4 20.0 9005.0 3386.0 5619.0 0.0 210.253
09:47:00 270.0 7356.0 210.24 210.73 210.75 210.37 210.66 200.0 210.75 400.0 7356.0 5894.0 1462.0 0.0 210.5765
09:48:00 272.0 12921.0 210.24 211.35 211.39 210.66 211.34 202.0 211.4 71.0 12921.0 11289.0 1632.0 0.0 211.0689
09:49:00 511.0 11689.0 210.24 211.47 211.61 211.16 211.47 6.0 211.55 25.0 11689.0 6487.0 5202.0 0.0 211.4615
09:50:00 431.0 10033.0 210.24 211.88 211.88 211.44 211.8 400.0 211.88 16.0 10033.0 5768.0 4265.0 0.0 211.6804
09:51:00 582.0 26774.0 210.24 211.65 212.06 211.58 211.56 17.0 211.64 150.0 26774.0 19211.0 7563.0 0.0 211.8916
09:52:00 362.0 7808.0 210.24 210.87 211.65 210.87 210.87 26.0 210.92 18.0 7808.0 3040.0 4768.0 0.0 211.2537
09:53:00 234.0 8167.0 210.24 210.88 210.97 210.63 210.86 1.0 210.95 468.0 8167.0 2360.0 5807.0 0.0 210.7554
09:54:00 235.0 7314.0 210.24 211.24 211.28 210.84 211.22 20.0 211.27 25.0 7314.0 5318.0 1996.0 0.0 211.0254
09:55:00 262.0 14073.0 210.24 211.65 211.65 211.09 211.58 575.0 211.65 287.0 14073.0 7451.0 6622.0 0.0 211.2899
09:56:00 457.0 16074.0 210.24 211.38 211.74 211.21 211.35 125.0 211.42 25.0 16074.0 7519.0 8555.0 0.0 211.588
09:57:00 347.0 7872.0 210.24 211.51 211.51 211.21 211.44 200.0 211.54 25.0 7872.0 3731.0 4141.0 0.0 211.3453
09:58:00 606.0 10834.0 210.24 211.26 211.49 210.9 211.19 25.0 211.27 217.0 10834.0 3166.0 7668.0 0.0 211.1586
09:59:00 539.0 21547.0 210.24 211.99 212.0 211.11 211.93 25.0 212.0 200.0 21547.0 19685.0 1862.0 0.0 211.6972
10:00:00 626.0 10558.0 210.24 211.86 212.14 211.71 211.78 125.0 211.85 25.0 10558.0 8158.0 2400.0 0.0 211.956
10:01:00 361.0 9168.0 210.24 211.75 212.13 211.65 211.71 25.0 211.8 38.0 9168.0 6414.0 2754.0 0.0 211.8804
10:02:00 766.0 21418.0 210.24 211.71 212.0 211.58 211.67 203.0 211.78 325.0 21418.0 11621.0 9797.0 0.0 211.797
10:03:00 338.0 7033.0 210.24 211.66 211.72 211.41 211.62 322.0 211.73 900.0 7033.0 4544.0 2489.0 0.0 211.5779
10:04:00 599.0 26623.0 210.24 212.18 212.26 211.62 212.14 209.0 212.2 26.0 26623.0 20799.0 5824.0 0.0 212.04
10:05:00 588.0 24789.0 210.24 212.425 212.53 212.09 212.33 25.0 212.42 138.0 24789.0 15896.0 8893.0 0.0 212.4076
10:06:00 379.0 10248.0 210.24 212.06 212.365 211.94 211.99 25.0 212.07 110.0 10248.0 3963.0 6285.0 0.0 212.1363
10:07:00 457.0 11115.0 210.24 211.99 212.29 211.92 211.91 875.0 212.02 100.0 11115.0 4174.0 6941.0 0.0 212.0734
10:08:00 303.0 9665.0 210.24 212.24 212.26 211.94 212.16 1.0 212.22 94.0 9665.0 7120.0 2545.0 0.0 212.0682
10:09:00 329.0 10809.0 210.24 212.36 212.56 212.22 212.27 1025.0 212.37 722.0 10809.0 6015.0 4794.0 0.0 212.4096
10:10:00 660.0 33702.0 210.24 212.78 212.88 212.37 212.74 200.0 212.8 47.0 33702.0 29527.0 4175.0 0.0 212.7026
10:11:00 702.0 39458.0 210.24 212.8 213.01 212.7 212.78 200.0 212.82 371.0 39458.0 28539.0 10919.0 0.0 212.9306
10:12:00 429.0 19888.0 210.24 212.74 212.83 212.36 212.71 100.0 212.78 400.0 19888.0 11577.0 8311.0 0.0 212.6175
10:13:00 364.0 8271.0 210.24 212.6 212.71 212.19 212.59 200.0 212.64 25.0 8271.0 5280.0 2991.0 0.0 212.4722
10:14:00 233.0 8241.0 210.24 212.72 212.75 212.46 212.67 800.0 212.74 46.0 8241.0 5373.0 2868.0 0.0 212.6221
10:15:00 286.0 12465.0 210.24 212.15 212.68 212.02 212.1 770.0 212.18 24.0 12465.0 4471.0 7994.0 0.0 212.3025
10:16:00 277.0 8161.0 210.24 212.08 212.37 212.0 212.07 25.0 212.16 225.0 8161.0 3279.0 4882.0 0.0 212.1765
10:17:00 434.0 14109.0 210.24 211.95 212.2 211.75 211.9 50.0 211.99 111.0 14109.0 7613.0 6496.0 0.0 211.9615
10:18:00 187.0 4746.0 210.24 212.01 212.04 211.9 211.96 25.0 212.01 100.0 4746.0 3607.0 1139.0 0.0 211.9816
10:19:00 317.0 10673.0 210.24 212.41 212.47 211.97 212.38 250.0 212.47 251.0 10673.0 6736.0 3937.0 0.0 212.1988
10:20:00 243.0 9648.0 210.24 212.39 212.53 212.29 212.41 50.0 212.43 108.0 9648.0 6542.0 3106.0 0.0 212.4513
10:21:00 329.0 15650.0 210.24 212.03 212.5 212.01 212.01 125.0 212.05 100.0 15650.0 9567.0 6083.0 0.0 212.1754
10:22:00 248.0 13680.0 210.24 212.03 212.13 211.94 212.0 173.0 212.07 225.0 13680.0 4768.0 8912.0 0.0 212.0198
10:23:00 224.0 9866.0 210.24 211.95 212.05 211.9 211.94 35.0 212.0 210.0 9866.0 4836.0 5030.0 0.0 211.9631
10:24:00 308.0 10872.0 210.24 212.55 212.59 212.0 212.54 20.0 212.6 1461.0 10872.0 7914.0 2958.0 0.0 212.3178
10:25:00 342.0 14737.0 210.24 212.83 212.9 212.48 212.83 2016.0 212.9 1.0 14737.0 11830.0 2907.0 0.0 212.7233
10:26:00 607.0 26824.0 210.24 212.65 213.01 212.64 212.62 1050.0 212.69 100.0 26824.0 18929.0 7895.0 0.0 212.9519
10:27:00 356.0 12653.0 210.24 212.4 212.78 212.26 212.33 100.0 212.44 198.0 12653.0 6481.0 6172.0 0.0 212.5763
10:28:00 274.0 11336.0 210.24 212.17 212.48 212.05 212.1 3.0 212.18 25.0 11336.0 3260.0 8076.0 0.0 212.2464
10:29:00 143.0 3255.0 210.24 212.52 212.52 212.06 212.45 200.0 212.53 450.0 3255.0 2561.0 694.0 0.0 212.2838
10:30:00 187.0 3877.0 210.24 212.74 212.74 212.4 212.69 25.0 212.75 161.0 3877.0 2644.0 1233.0 0.0 212.5731
10:31:00 256.0 16449.0 210.24 212.85 212.93 212.67 212.83 21.0 212.89 426.0 16449.0 13983.0 2466.0 0.0 212.8666
10:32:00 507.0 26816.0 210.24 212.96 213.02 212.84 212.92 100.0 212.98 200.0 26816.0 20609.0 6207.0 0.0 212.9646
10:33:00 709.0 31772.0 210.24 212.56 213.26 212.55 212.54 4.0 212.6 250.0 31772.0 25085.0 6687.0 0.0 213.0678
10:34:00 338.0 11861.0 210.24 212.13 212.56 212.03 212.07 120.0 212.11 25.0 11861.0 5458.0 6403.0 0.0 212.3135
10:35:00 410.0 14572.0 210.24 212.24 212.3 211.92 212.2 251.0 212.26 38.0 14572.0 4709.0 9863.0 0.0 212.1023
10:36:00 245.0 7907.0 210.24 212.24 212.29 211.98 212.21 400.0 212.27 319.0 7907.0 3566.0 4341.0 0.0 212.1317
10:37:00 186.0 3768.0 210.24 212.11 212.21 212.08 212.09 100.0 212.13 100.0 3768.0 1549.0 2219.0 0.0 212.1326
10:38:00 349.0 9528.0 210.24 212.2 212.43 211.97 212.2 78.0 212.26 203.0 9528.0 5754.0 3774.0 0.0 212.1573
10:39:00 206.0 7108.0 210.24 212.35 212.35 211.94 212.3 300.0 212.38 80.0 7108.0 4080.0 3028.0 0.0 212.1249
10:40:00 174.0 4670.0 210.24 212.29 212.38 212.18 212.19 1025.0 212.29 112.0 4670.0 1784.0 2886.0 0.0 212.2822
10:41:00 137.0 4056.0 210.24 212.21 212.3 212.07 212.19 39.0 212.23 11.0 4056.0 2584.0 1472.0 0.0 212.1641
10:42:00 427.0 21180.0 210.24 211.98 212.28 211.91 211.95 200.0 211.99 10.0 21180.0 14304.0 6876.0 0.0 212.0952
10:43:00 163.0 4695.0 210.24 212.02 212.25 211.97 212.0 152.0 212.04 610.0 4695.0 2635.0 2060.0 0.0 212.1415
10:44:00 199.0 4672.0 210.24 212.27 212.32 211.96 212.25 2.0 212.27 100.0 4672.0 3275.0 1397.0 0.0 212.1792
10:45:00 319.0 7396.0 210.24 212.38 212.5 212.24 212.37 250.0 212.4 250.0 7396.0 4066.0 3330.0 0.0 212.3712
10:46:00 378.0 15678.0 210.24 212.51 212.58 212.19 212.5 400.0 212.57 100.0 15678.0 11161.0 4517.0 0.0 212.3747
10:47:00 266.0 9727.0 210.24 212.75 212.75 212.48 212.69 750.0 212.76 193.0 9727.0 6491.0 3236.0 0.0 212.6119
10:48:00 191.0 4755.0 210.24 212.86 212.86 212.66 212.82 961.0 212.87 22.0 4755.0 3008.0 1747.0 0.0 212.7539
10:49:00 199.0 6329.0 210.24 212.7 212.86 212.62 212.64 200.0 212.71 150.0 6329.0 2370.0 3959.0 0.0 212.7348
10:50:00 177.0 7036.0 210.24 212.575 212.69 212.53 212.55 109.0 212.6 247.0 7036.0 5008.0 2028.0 0.0 212.6198
10:51:00 213.0 6439.0 210.24 212.51 212.57 212.37 212.52 100.0 212.56 14.0 6439.0 4177.0 2262.0 0.0 212.4688
10:52:00 149.0 6173.0 210.24 212.59 212.62 212.48 212.59 50.0 212.64 1.0 6173.0 3086.0 3087.0 0.0 212.5608
10:53:00 277.0 7538.0 210.24 212.71 212.75 212.51 212.7 103.0 212.73 12.0 7538.0 3619.0 3919.0 0.0 212.6282
10:54:00 320.0 7699.0 210.24 212.53 212.77 212.39 212.5 200.0 212.55 131.0 7699.0 3144.0 4555.0 0.0 212.6012
10:55:00 308.0 13483.0 210.24 212.28 212.56 212.03 212.23 315.0 212.28 1000.0 13483.0 4083.0 9400.0 0.0 212.1746
10:56:00 353.0 14124.0 210.24 211.85 212.26 211.84 211.85 50.0 211.89 211.0 14124.0 6003.0 8121.0 0.0 212.0206
10:57:00 527.0 17688.0 210.24 211.75 211.96 211.56 211.71 1228.0 211.79 50.0 17688.0 8679.0 9009.0 0.0 211.7275
10:58:00 189.0 6456.0 210.24 211.57 211.81 211.53 211.57 50.0 211.62 333.0 6456.0 2191.0 4265.0 0.0 211.6919
10:59:00 617.0 28250.0 210.24 211.35 211.64 211.05 211.31 257.0 211.36 128.0 28250.0 9538.0 18712.0 0.0 211.4197
11:00:00 255.0 7874.0 210.24 211.41 211.42 211.1 211.39 123.0 211.44 30.0 7874.0 4837.0 3037.0 0.0 211.2749
11:01:00 535.0 19185.0 210.24 210.75 211.44 210.75 210.71 12.0 210.75 178.0 19185.0 5583.0 13602.0 0.0 211.0589
11:02:00 433.0 21562.0 210.24 210.5 210.83 210.42 210.49 200.0 210.56 900.0 21562.0 8333.0 13229.0 0.0 210.577
11:03:00 328.0 18242.0 210.24 210.37 210.49 210.25 210.31 300.0 210.39 19.0 18242.0 6705.0 11537.0 0.0 210.349
11:04:00 296.0 11785.0 210.24 210.16 210.41 210.02 210.15 61.0 210.17 400.0 11785.0 7135.0 4650.0 0.0 210.2208
11:05:00 591.0 41218.0 210.24 210.03 210.2 209.77 210.01 100.0 210.05 75.0 41218.0 11149.0 30069.0 0.0 209.9642
11:06:00 407.0 18203.0 210.24 210.31 210.47 209.96 210.31 50.0 210.37 200.0 18203.0 12512.0 5691.0 0.0 210.1544
11:07:00 190.0 5094.0 210.24 210.62 210.63 210.22 210.61 104.0 210.66 241.0 5094.0 3742.0 1352.0 0.0 210.4304
11:08:00 340.0 8230.0 210.24 210.78 210.86 210.62 210.74 200.0 210.82 350.0 8230.0 3922.0 4308.0 0.0 210.7932
11:09:00 411.0 19960.0 210.24 211.15 211.25 210.78 211.13 300.0 211.2 7.0 19960.0 11222.0 8738.0 0.0 211.0678
11:10:00 296.0 8644.0 210.24 211.29 211.43 211.15 211.28 50.0 211.33 22.0 8644.0 4777.0 3867.0 0.0 211.3448
11:11:00 222.0 7708.0 210.24 211.2 211.44 211.2 211.15 120.0 211.23 192.0 7708.0 4296.0 3412.0 0.0 211.3032
11:12:00 298.0 9081.0 210.24 211.59 211.66 211.2 211.56 50.0 211.61 3.0 9081.0 5876.0 3205.0 0.0 211.4924
11:13:00 199.0 5560.0 210.24 211.6 211.82 211.58 211.54 27.0 211.6 100.0 5560.0 2424.0 3136.0 0.0 211.6995
11:14:00 165.0 6703.0 210.24 211.25 211.56 211.14 211.17 100.0 211.24 260.0 6703.0 2445.0 4258.0 0.0 211.3591
11:15:00 94.0 2296.0 210.24 211.15 211.2 211.08 211.11 2.0 211.16 101.0 2296.0 649.0 1647.0 0.0 211.1279
11:16:00 215.0 7419.0 210.24 210.95 211.18 210.89 210.89 57.0 211.0 262.0 7419.0 3534.0 3885.0 0.0 211.0299
11:17:00 153.0 5023.0 210.24 211.48 211.5 211.0 211.43 1.0 211.49 173.0 5023.0 4097.0 926.0 0.0 211.2687
11:18:00 251.0 10107.0 210.24 211.67 211.67 211.26 211.63 200.0 211.71 16.0 10107.0 6098.0 4009.0 0.0 211.5105
11:19:00 125.0 2687.0 210.24 211.57 211.7 211.56 211.55 200.0 211.63 10.0 2687.0 1247.0 1440.0 0.0 211.6281
11:20:00 160.0 12598.0 210.24 211.78 211.83 211.54 211.76 170.0 211.81 2900.0 12598.0 10676.0 1922.0 0.0 211.7581
11:21:00 140.0 5417.0 210.24 211.73 211.92 211.66 211.69 2.0 211.74 812.0 5417.0 3946.0 1471.0 0.0 211.799
11:22:00 137.0 4626.0 210.24 211.61 211.81 211.61 211.58 197.0 211.64 350.0 4626.0 2762.0 1864.0 0.0 211.7119
11:23:00 191.0 5056.0 210.24 211.52 211.67 211.36 211.49 197.0 211.55 320.0 5056.0 3070.0 1986.0 0.0 211.5862
11:24:00 135.0 9871.0 210.24 211.36 211.49 211.29 211.34 100.0 211.38 50.0 9871.0 7054.0 2817.0 0.0 211.3562
11:25:00 204.0 14543.0 210.24 211.47 211.5 211.27 211.45 103.0 211.48 210.0 14543.0 11706.0 2837.0 0.0 211.426
11:26:00 188.0 6915.0 210.24 211.34 211.45 211.08 211.3 13.0 211.36 407.0 6915.0 3130.0 3785.0 0.0 211.2316
11:27:00 96.0 3190.0 210.24 211.4 211.43 211.2 211.35 600.0 211.43 250.0 3190.0 1375.0 1815.0 0.0 211.3264
11:28:00 140.0 3610.0 210.24 211.16 211.45 211.13 211.13 424.0 211.17 200.0 3610.0 2121.0 1489.0 0.0 211.2657
11:29:00 168.0 7621.0 210.24 210.98 211.13 210.9 210.93 483.0 210.98 36.0 7621.0 3598.0 4023.0 0.0 210.9966
11:30:00 272.0 7701.0 210.24 211.29 211.29 210.93 211.29 686.0 211.35 1100.0 7701.0 4510.0 3191.0 0.0 211.1597
11:31:00 144.0 5892.0 210.24 211.39 211.5 211.13 211.36 236.0 211.43 234.0 5892.0 2356.0 3536.0 0.0 211.2646
11:32:00 153.0 5974.0 210.24 211.23 211.43 211.15 211.18 329.0 211.23 110.0 5974.0 3141.0 2833.0 0.0 211.3061
11:33:00 138.0 4478.0 210.24 211.07 211.23 210.92 211.04 233.0 211.11 150.0 4478.0 1743.0 2735.0 0.0 211.0413
11:34:00 125.0 3988.0 210.24 211.17 211.17 211.0 211.11 233.0 211.18 150.0 3988.0 2154.0 1834.0 0.0 211.0668
11:35:00 192.0 6576.0 210.24 211.39 211.39 211.11 211.37 50.0 211.4 46.0 6576.0 4563.0 2013.0 0.0 211.2275
11:36:00 291.0 8578.0 210.24 211.01 211.44 210.99 211.0 1.0 211.03 392.0 8578.0 2602.0 5976.0 0.0 211.174
11:37:00 122.0 3773.0 210.24 210.82 211.02 210.82 210.79 304.0 210.84 300.0 3773.0 1775.0 1998.0 0.0 210.9214
11:38:00 164.0 4965.0 210.24 211.08 211.22 210.76 211.07 1.0 211.11 250.0 4965.0 3315.0 1650.0 0.0 210.9783
11:39:00 153.0 5080.0 210.24 211.51 211.54 211.12 211.5 9.0 211.53 128.0 5080.0 3507.0 1573.0 0.0 211.3898
11:40:00 190.0 6525.0 210.24 211.7 211.73 211.5 211.7 1.0 211.73 314.0 6525.0 3775.0 2750.0 0.0 211.6122
11:41:00 133.0 3275.0 210.24 211.89 211.92 211.65 211.86 5.0 211.91 537.0 3275.0 2012.0 1263.0 0.0 211.7616
11:42:00 144.0 4443.0 210.24 211.86 211.93 211.75 211.8 275.0 211.85 202.0 4443.0 2561.0 1882.0 0.0 211.8419
11:43:00 95.0 3870.0 210.24 211.85 211.94 211.84 211.85 200.0 211.9 150.0 3870.0 2405.0 1465.0 0.0 211.8923
11:44:00 236.0 6863.0 210.24 212.03 212.04 211.9 212.01 200.0 212.07 265.0 6863.0 5971.0 892.0 0.0 211.9871
11:45:00 242.0 6042.0 210.24 212.18 212.23 212.01 212.17 450.0 212.24 408.0 6042.0 4466.0 1576.0 0.0 212.1584
11:46:00 157.0 4218.0 210.24 212.18 212.24 212.12 212.17 20.0 212.21 14.0 4218.0 2366.0 1852.0 0.0 212.1717
11:47:00 223.0 8291.0 210.24 212.27 212.27 212.08 212.23 201.0 212.28 118.0 8291.0 5494.0 2797.0 0.0 212.1849
11:48:00 126.0 4744.0 210.24 212.44 212.44 212.18 212.39 229.0 212.45 206.0 4744.0 3097.0 1647.0 0.0 212.3063
11:49:00 253.0 11464.0 210.24 212.7 212.76 212.44 212.7 11.0 212.75 484.0 11464.0 9546.0 1918.0 0.0 212.5739
11:50:00 145.0 4088.0 210.24 212.67 212.77 212.65 212.69 150.0 212.71 2.0 4088.0 1789.0 2299.0 0.0 212.7046
11:51:00 85.0 4480.0 210.24 212.79 212.8 212.69 212.76 701.0 212.8 1105.0 4480.0 2700.0 1780.0 0.0 212.7556
11:52:00 678.0 42653.0 210.24 213.08 213.09 212.79 213.0 350.0 213.08 401.0 42653.0 36668.0 5985.0 0.0 212.9833
11:53:00 219.0 10791.0 210.24 213.09 213.16 213.0 213.08 300.0 213.12 1.0 10791.0 8481.0 2310.0 0.0 213.0995
11:54:00 161.0 5611.0 210.24 213.09 213.19 213.02 213.09 4.0 213.1 40.0 5611.0 3007.0 2604.0 0.0 213.1123
11:55:00 232.0 8880.0 210.24 212.84 213.14 212.83 212.83 5.0 212.87 250.0 8880.0 2879.0 6001.0 0.0 212.9425
11:56:00 171.0 5675.0 210.24 212.74 212.84 212.7 212.69 1300.0 212.74 114.0 5675.0 1851.0 3824.0 0.0 212.7405
11:57:00 127.0 3630.0 210.24 212.45 212.75 212.45 212.42 151.0 212.47 221.0 3630.0 1720.0 1910.0 0.0 212.6376
11:58:00 155.0 3957.0 210.24 212.63 212.65 212.47 212.57 210.0 212.64 314.0 3957.0 2555.0 1402.0 0.0 212.538
11:59:00 157.0 4103.0 210.24 212.54 212.64 212.47 212.49 308.0 212.55 235.0 4103.0 2092.0 2011.0 0.0 212.518
12:00:00 139.0 4127.0 210.24 212.54 212.67 212.49 212.51 150.0 212.56 50.0 4127.0 1291.0 2836.0 0.0 212.5575
12:01:00 173.0 5298.0 210.24 212.53 212.65 212.39 212.53 150.0 212.58 150.0 5298.0 2651.0 2647.0 0.0 212.5231
12:02:00 265.0 10730.0 210.24 212.43 212.53 212.27 212.39 150.0 212.45 550.0 10730.0 6035.0 4695.0 0.0 212.4462
12:03:00 183.0 9618.0 210.24 212.37 212.48 212.32 212.28 701.0 212.36 550.0 9618.0 3340.0 6278.0 0.0 212.4105
12:04:00 133.0 3910.0 210.24 212.43 212.51 212.2 212.4 50.0 212.47 350.0 3910.0 2299.0 1611.0 0.0 212.2981
12:05:00 94.0 1999.0 210.24 212.39 212.43 212.26 212.36 150.0 212.42 317.0 1999.0 611.0 1388.0 0.0 212.3179
12:06:00 120.0 3990.0 210.24 212.13 212.45 212.13 212.13 20.0 212.18 200.0 3990.0 1579.0 2411.0 0.0 212.2649
12:07:00 179.0 6618.0 210.24 212.01 212.17 211.95 212.01 167.0 212.05 50.0 6618.0 2915.0 3703.0 0.0 212.014
12:08:00 159.0 4675.0 210.24 212.13 212.2 212.0 212.13 300.0 212.19 134.0 4675.0 3541.0 1134.0 0.0 212.0957
12:09:00 92.0 3247.0 210.24 212.17 212.22 211.99 212.17 50.0 212.2 300.0 3247.0 1480.0 1767.0 0.0 212.0966
12:10:00 102.0 4888.0 210.24 212.28 212.28 212.13 212.26 150.0 212.29 2.0 4888.0 3957.0 931.0 0.0 212.2177
12:11:00 112.0 3027.0 210.24 212.2 212.29 212.13 212.18 100.0 212.23 158.0 3027.0 1435.0 1592.0 0.0 212.1863
12:12:00 71.0 1614.0 210.24 212.165 212.18 212.06 212.14 50.0 212.2 219.0 1614.0 515.0 1099.0 0.0 212.1268
12:13:00 90.0 2236.0 210.24 212.31 212.355 212.18 212.31 57.0 212.34 50.0 2236.0 1541.0 695.0 0.0 212.2557
12:14:00 105.0 2625.0 210.24 212.37 212.39 212.28 212.36 150.0 212.39 2.0 2625.0 1467.0 1158.0 0.0 212.3423
12:15:00 120.0 4573.0 210.24 212.48 212.55 212.39 212.49 150.0 212.54 130.0 4573.0 2589.0 1984.0 0.0 212.4578
12:16:00 132.0 4543.0 210.24 212.69 212.72 212.53 212.69 150.0 212.74 129.0 4543.0 3495.0 1048.0 0.0 212.634
12:17:00 185.0 7720.0 210.24 212.92 212.94 212.72 212.88 5.0 212.93 11.0 7720.0 5099.0 2621.0 0.0 212.8134
12:18:00 272.0 11355.0 210.24 212.99 213.02 212.88 212.97 140.0 212.99 1.0 11355.0 9857.0 1498.0 0.0 212.9801
12:19:00 134.0 5668.0 210.24 213.04 213.1 212.93 213.04 1.0 213.07 216.0 5668.0 2763.0 2905.0 0.0 213.0196
12:20:00 143.0 5370.0 210.24 212.86 213.04 212.8 212.79 21.0 212.84 523.0 5370.0 1779.0 3591.0 0.0 212.9454
12:21:00 100.0 2968.0 210.24 212.83 212.9 212.76 212.8 400.0 212.84 15.0 2968.0 1993.0 975.0 0.0 212.8311
12:22:00 140.0 3717.0 210.24 212.55 212.8 212.52 212.51 420.0 212.57 150.0 3717.0 1467.0 2250.0 0.0 212.6184
12:23:00 71.0 1840.0 210.24 212.5 212.6 212.48 212.49 300.0 212.54 100.0 1840.0 630.0 1210.0 0.0 212.5171
12:24:00 144.0 4794.0 210.24 212.58 212.65 212.35 212.57 350.0 212.62 1.0 4794.0 2782.0 2012.0 0.0 212.4777
12:25:00 61.0 2262.0 210.24 212.7 212.73 212.57 212.65 300.0 212.72 114.0 2262.0 1113.0 1149.0 0.0 212.6438
12:26:00 159.0 4687.0 210.24 212.93 212.96 212.66 212.89 178.0 212.96 160.0 4687.0 3734.0 953.0 0.0 212.7964
12:27:00 141.0 6532.0 210.24 213.01 213.02 212.87 212.98 50.0 213.0 2.0 6532.0 5320.0 1212.0 0.0 212.9738
12:28:00 132.0 4870.0 210.24 213.14 213.18 213.0 213.13 181.0 213.17 250.0 4870.0 4277.0 593.0 0.0 213.1012
12:29:00 338.0 14307.0 210.24 213.37 213.37 213.17 213.35 251.0 213.38 534.0 14307.0 12281.0 2026.0 0.0 213.2665
12:30:00 230.0 9242.0 210.24 213.23 213.45 213.23 213.19 34.0 213.23 37.0 9242.0 5124.0 4118.0 0.0 213.3602
12:31:00 215.0 5363.0 210.24 213.0 213.25 212.99 212.98 101.0 213.02 50.0 5363.0 2173.0 3190.0 0.0 213.0827
12:32:00 117.0 3734.0 210.24 213.08 213.23 212.98 213.07 351.0 213.14 220.0 3734.0 2259.0 1475.0 0.0 213.0691
12:33:00 61.0 1203.0 210.24 213.02 213.15 212.99 212.98 313.0 213.03 425.0 1203.0 794.0 409.0 0.0 213.0586
12:34:00 137.0 3728.0 210.24 212.9 213.03 212.87 212.87 502.0 212.92 300.0 3728.0 2532.0 1196.0 0.0 212.9574
12:35:00 138.0 4465.0 210.24 212.86 212.93 212.8 212.84 12.0 212.88 304.0 4465.0 1735.0 2730.0 0.0 212.8744
12:36:00 150.0 4623.0 210.24 213.03 213.08 212.88 213.01 1.0 213.06 200.0 4623.0 2811.0 1812.0 0.0 212.9883
12:37:00 109.0 3664.0 210.24 213.03 213.1 212.96 213.01 3.0 213.05 201.0 3664.0 2021.0 1643.0 0.0 213.0056
12:38:00 92.0 2309.0 210.24 213.065 213.15 213.0 213.04 450.0 213.09 300.0 2309.0 1241.0 1068.0 0.0 213.0731
12:39:00 107.0 3118.0 210.24 212.99 213.09 212.95 212.96 410.0 213.03 200.0 3118.0 2196.0 922.0 0.0 213.0382
12:40:00 400.0 13348.0 210.24 213.01 213.29 212.96 212.98 303.0 213.02 195.0 13348.0 9345.0 4003.0 0.0 213.1268
12:41:00 275.0 6800.0 210.24 213.24 213.26 212.99 213.22 203.0 213.26 26.0 6800.0 3514.0 3286.0 0.0 213.1014
12:42:00 146.0 4427.0 210.24 213.3 213.39 213.22 213.26 100.0 213.31 272.0 4427.0 3748.0 679.0 0.0 213.3101
12:43:00 101.0 3099.0 210.24 213.24 213.3 213.21 213.2 30.0 213.24 827.0 3099.0 1001.0 2098.0 0.0 213.2444
12:44:00 104.0 2969.0 210.24 213.19 213.22 213.09 213.16 150.0 213.19 132.0 2969.0 1866.0 1103.0 0.0 213.171
12:45:00 118.0 3353.0 210.24 213.17 213.23 213.09 213.17 3.0 213.21 106.0 3353.0 2725.0 628.0 0.0 213.1771
12:46:00 222.0 5196.0 210.24 212.94 213.21 212.94 212.93 60.0 212.98 289.0 5196.0 1865.0 3331.0 0.0 213.0299
12:47:00 213.0 5232.0 210.24 213.0 213.0 212.78 213.0 290.0 213.03 100.0 5232.0 2762.0 2470.0 0.0 212.8973
12:48:00 128.0 3927.0 210.24 212.92 213.05 212.91 212.89 1.0 212.93 300.0 3927.0 1562.0 2365.0 0.0 212.9965
12:49:00 119.0 2927.0 210.24 212.75 212.94 212.7 212.75 107.0 212.77 50.0 2927.0 1559.0 1368.0 0.0 212.8203
12:50:00 194.0 8046.0 210.24 212.71 212.76 212.53 212.68 100.0 212.72 201.0 8046.0 4037.0 4009.0 0.0 212.6197
12:51:00 64.0 3067.0 210.24 212.85 212.85 212.68 212.82 301.0 212.87 153.0 3067.0 1128.0 1939.0 0.0 212.7792
12:52:00 142.0 3956.0 210.24 212.82 212.925 212.8 212.79 415.0 212.83 162.0 3956.0 862.0 3094.0 0.0 212.8299
12:53:00 103.0 2844.0 210.24 212.84 212.9 212.8 212.8 6.0 212.84 552.0 2844.0 1081.0 1763.0 0.0 212.8393
12:54:00 102.0 2763.0 210.24 212.87 212.88 212.79 212.84 11.0 212.89 627.0 2763.0 1962.0 801.0 0.0 212.8476
12:55:00 162.0 20321.0 210.24 212.97 213.05 212.8 212.94 50.0 212.97 291.0 20321.0 18508.0 1813.0 0.0 212.9032
12:56:00 71.0 2069.0 210.24 212.96 213.0 212.87 212.92 150.0 212.96 31.0 2069.0 1100.0 969.0 0.0 212.9319
12:57:00 135.0 3419.0 210.24 212.8 212.95 212.78 212.77 101.0 212.82 379.0 3419.0 1246.0 2173.0 0.0 212.8362
12:58:00 146.0 4125.0 210.24 212.8 212.905 212.68 212.79 101.0 212.84 350.0 4125.0 1937.0 2188.0 0.0 212.7654
12:59:00 122.0 3765.0 210.24 212.84 212.85 212.76 212.82 333.0 212.85 8.0 3765.0 1273.0 2492.0 0.0 212.8058
13:00:00 223.0 7022.0 210.24 213.09 213.1 212.83 213.06 302.0 213.09 2.0 7022.0 5461.0 1561.0 0.0 212.9363
13:01:00 331.0 18248.0 210.24 212.78 213.06 212.68 212.78 110.0 212.81 100.0 18248.0 4052.0 14196.0 0.0 212.8051
13:02:00 141.0 3983.0 210.24 212.6 212.83 212.54 212.6 300.0 212.63 22.0 3983.0 1870.0 2113.0 0.0 212.6866
13:03:00 130.0 4941.0 210.24 212.56 212.74 212.53 212.56 50.0 212.59 230.0 4941.0 2331.0 2610.0 0.0 212.6221
13:04:00 92.0 3330.0 210.24 212.59 212.62 212.54 212.57 2.0 212.61 32.0 3330.0 1753.0 1577.0 0.0 212.5745
13:05:00 99.0 2581.0 210.24 212.81 212.81 212.59 212.8 552.0 212.83 1.0 2581.0 2236.0 345.0 0.0 212.7092
13:06:00 147.0 3112.0 210.24 212.885 212.89 212.73 212.85 42.0 212.9 181.0 3112.0 1664.0 1448.0 0.0 212.7922
13:07:00 72.0 2278.0 210.24 212.88 212.94 212.84 212.87 400.0 212.91 120.0 2278.0 1149.0 1129.0 0.0 212.889
13:08:00 61.0 2652.0 210.24 212.78 212.89 212.75 212.76 202.0 212.81 3.0 2652.0 910.0 1742.0 0.0 212.8325
13:09:00 108.0 3236.0 210.24 212.94 212.97 212.76 212.92 200.0 212.97 161.0 3236.0 1997.0 1239.0 0.0 212.9115
13:10:00 235.0 18581.0 210.24 213.0 213.14 212.93 212.98 601.0 213.03 59.0 18581.0 14994.0 3587.0 0.0 213.0312
13:11:00 79.0 2418.0 210.24 212.88 212.98 212.87 212.87 2.0 212.91 187.0 2418.0 906.0 1512.0 0.0 212.9154
13:12:00 130.0 2735.0 210.24 212.82 212.93 212.76 212.81 9.0 212.85 24.0 2735.0 1525.0 1210.0 0.0 212.8329
13:13:00 156.0 11666.0 210.24 212.79 212.835 212.64 212.78 271.0 212.83 96.0 11666.0 9708.0 1958.0 0.0 212.708
13:14:00 80.0 2902.0 210.24 212.84 212.9 212.78 212.83 457.0 212.89 12.0 2902.0 1429.0 1473.0 0.0 212.8316
13:15:00 106.0 3220.0 210.24 212.95 212.97 212.84 212.93 10.0 212.96 27.0 3220.0 2410.0 810.0 0.0 212.9017
13:16:00 113.0 5194.0 210.24 212.85 213.07 212.85 212.83 5.0 212.86 256.0 5194.0 2834.0 2360.0 0.0 212.9776
13:17:00 150.0 4275.0 210.24 212.83 212.94 212.79 212.78 722.0 212.84 810.0 4275.0 2497.0 1778.0 0.0 212.8582
13:18:00 140.0 4913.0 210.24 212.8 212.87 212.71 212.76 156.0 212.81 200.0 4913.0 2089.0 2824.0 0.0 212.7811
13:19:00 115.0 4768.0 210.24 212.75 212.77 212.67 212.71 450.0 212.76 150.0 4768.0 2295.0 2473.0 0.0 212.7066
13:20:00 88.0 2368.0 210.24 212.83 212.87 212.71 212.8 300.0 212.84 55.0 2368.0 1736.0 632.0 0.0 212.7819
13:21:00 114.0 5034.0 210.24 213.0 213.0 212.83 212.98 354.0 213.02 100.0 5034.0 4703.0 331.0 0.0 212.9657
13:22:00 245.0 7340.0 210.24 212.99 213.03 212.93 212.99 101.0 213.02 179.0 7340.0 4807.0 2533.0 0.0 212.984
13:23:00 156.0 3850.0 210.24 212.99 213.02 212.96 212.98 302.0 213.01 11.0 3850.0 1852.0 1998.0 0.0 212.9951
13:24:00 188.0 3961.0 210.24 212.98 213.07 212.93 212.96 350.0 213.0 15.0 3961.0 1971.0 1990.0 0.0 212.9956
13:25:00 137.0 4635.0 210.24 213.09 213.11 212.96 213.08 301.0 213.1 3.0 4635.0 3573.0 1062.0 0.0 213.0762
13:26:00 166.0 5042.0 210.24 213.16 213.16 212.98 213.14 27.0 213.17 227.0 5042.0 2899.0 2143.0 0.0 213.0661
13:27:00 262.0 9315.0 210.24 213.32 213.34 213.1 213.31 250.0 213.34 174.0 9315.0 7546.0 1769.0 0.0 213.2357
13:28:00 240.0 8942.0 210.24 213.4 213.41 213.32 213.4 50.0 213.42 27.0 8942.0 6044.0 2898.0 0.0 213.374
13:29:00 437.0 20111.0 210.24 213.5 213.54 213.39 213.48 100.0 213.51 151.0 20111.0 16998.0 3113.0 0.0 213.492
13:30:00 1631.0 58164.0 210.24 213.96 214.02 213.49 213.93 1342.0 213.98 24.0 58164.0 47527.0 10637.0 0.0 213.8187
13:31:00 1224.0 42055.0 210.24 213.53 214.33 213.5 213.51 100.0 213.55 100.0 42055.0 21284.0 20771.0 0.0 214.0028
13:32:00 381.0 11556.0 210.24 213.4 213.63 213.33 213.38 6.0 213.42 550.0 11556.0 5531.0 6025.0 0.0 213.4952
13:33:00 134.0 6619.0 210.24 213.53 213.61 213.42 213.5 58.0 213.54 250.0 6619.0 4733.0 1886.0 0.0 213.5127
13:34:00 129.0 3688.0 210.24 213.45 213.55 213.44 213.44 51.0 213.49 475.0 3688.0 2838.0 850.0 0.0 213.4875
13:35:00 206.0 9667.0 210.24 213.37 213.46 213.32 213.35 100.0 213.4 250.0 9667.0 5350.0 4317.0 0.0 213.39
13:36:00 137.0 4162.0 210.24 213.4 213.49 213.36 213.38 100.0 213.41 5.0 4162.0 2916.0 1246.0 0.0 213.4279
13:37:00 241.0 8600.0 210.24 213.6 213.61 213.39 213.58 200.0 213.62 371.0 8600.0 5897.0 2703.0 0.0 213.5255
13:38:00 337.0 12653.0 210.24 213.54 213.64 213.47 213.53 200.0 213.57 460.0 12653.0 6482.0 6171.0 0.0 213.5712
13:39:00 154.0 5810.0 210.24 213.63 213.7 213.57 213.62 200.0 213.65 102.0 5810.0 3428.0 2382.0 0.0 213.6377
13:40:00 166.0 5029.0 210.24 213.805 213.83 213.58 213.78 1.0 213.82 253.0 5029.0 3834.0 1195.0 0.0 213.7004
13:41:00 233.0 8430.0 210.24 213.87 213.91 213.77 213.85 364.0 213.88 1.0 8430.0 4855.0 3575.0 0.0 213.8469
13:42:00 125.0 3701.0 210.24 213.77 213.85 213.7 213.73 261.0 213.77 27.0 3701.0 1947.0 1754.0 0.0 213.765
13:43:00 105.0 4330.0 210.24 213.92 213.95 213.77 213.91 150.0 213.96 485.0 4330.0 3426.0 904.0 0.0 213.8681
13:44:00 224.0 7881.0 210.24 213.985 214.01 213.87 213.96 314.0 214.01 411.0 7881.0 4780.0 3101.0 0.0 213.9681
13:45:00 157.0 6330.0 210.24 214.05 214.05 213.87 214.03 150.0 214.05 20.0 6330.0 5157.0 1173.0 0.0 213.9697
13:46:00 235.0 5112.0 210.24 214.09 214.14 213.9 214.09 350.0 214.12 220.0 5112.0 2881.0 2231.0 0.0 214.0201
13:47:00 400.0 10634.0 210.24 214.14 214.21 214.07 214.11 21.0 214.14 200.0 10634.0 5863.0 4771.0 0.0 214.1353
13:48:00 514.0 16860.0 210.24 214.14 214.34 214.07 214.12 350.0 214.15 1.0 16860.0 11078.0 5782.0 0.0 214.2291
13:49:00 187.0 6729.0 210.24 214.15 214.23 214.1 214.13 17.0 214.16 117.0 6729.0 4188.0 2541.0 0.0 214.1604
13:50:00 281.0 8041.0 210.24 214.22 214.35 214.14 214.22 170.0 214.24 17.0 8041.0 6279.0 1762.0 0.0 214.2576
13:51:00 220.0 4258.0 210.24 214.11 214.3 214.11 214.1 2.0 214.13 980.0 4258.0 1369.0 2889.0 0.0 214.2101
13:52:00 236.0 7588.0 210.24 213.84 214.1 213.78 213.84 200.0 213.89 355.0 7588.0 3445.0 4143.0 0.0 213.9793
13:53:00 104.0 3267.0 210.24 213.79 213.86 213.73 213.8 251.0 213.83 311.0 3267.0 2234.0 1033.0 0.0 213.7845
13:54:00 221.0 6818.0 210.24 213.58 213.81 213.53 213.56 252.0 213.6 43.0 6818.0 3004.0 3814.0 0.0 213.6424
13:55:00 162.0 4932.0 210.24 213.5 213.6 213.41 213.49 101.0 213.51 151.0 4932.0 2603.0 2329.0 0.0 213.4839
13:56:00 127.0 4900.0 210.24 213.35 213.51 213.34 213.34 15.0 213.36 200.0 4900.0 2791.0 2109.0 0.0 213.4082
13:57:00 153.0 5478.0 210.24 213.21 213.39 213.19 213.2 2.0 213.22 250.0 5478.0 3048.0 2430.0 0.0 213.3261
13:58:00 184.0 6131.0 210.24 213.07 213.22 213.07 213.06 338.0 213.09 50.0 6131.0 2020.0 4111.0 0.0 213.1349
13:59:00 130.0 4713.0 210.24 213.15 213.17 213.04 213.13 1050.0 213.18 1.0 4713.0 3548.0 1165.0 0.0 213.1116
14:00:00 232.0 9069.0 210.24 213.16 213.22 213.05 213.13 384.0 213.17 1000.0 9069.0 4689.0 4380.0 0.0 213.1289
14:01:00 182.0 8627.0 210.24 213.13 213.21 213.08 213.1 815.0 213.14 183.0 8627.0 5737.0 2890.0 0.0 213.1337
14:02:00 285.0 12875.0 210.24 212.93 213.11 212.89 212.94 17.0 212.96 268.0 12875.0 6199.0 6676.0 0.0 212.9907
14:03:00 116.0 3533.0 210.24 213.16 213.18 212.96 213.15 15.0 213.17 200.0 3533.0 2763.0 770.0 0.0 213.0816
14:04:00 260.0 7520.0 210.24 213.31 213.48 213.15 213.28 237.0 213.32 100.0 7520.0 4819.0 2701.0 0.0 213.3482
14:05:00 275.0 13961.0 210.24 213.44 213.5 213.31 213.41 250.0 213.46 410.0 13961.0 10341.0 3620.0 0.0 213.4386
14:06:00 142.0 5251.0 210.24 213.44 213.53 213.4 213.43 200.0 213.48 171.0 5251.0 3150.0 2101.0 0.0 213.4712
14:07:00 69.0 3105.0 210.24 213.37 213.44 213.32 213.33 161.0 213.37 299.0 3105.0 1191.0 1914.0 0.0 213.3613
14:08:00 96.0 4611.0 210.24 213.28 213.43 213.25 213.26 1.0 213.28 210.0 4611.0 1487.0 3124.0 0.0 213.3338
14:09:00 176.0 5956.0 210.24 213.21 213.37 213.2 213.22 97.0 213.25 180.0 5956.0 3422.0 2534.0 0.0 213.3041
14:10:00 128.0 3954.0 210.24 213.37 213.38 213.2 213.34 260.0 213.39 11.0 3954.0 2609.0 1345.0 0.0 213.2982
14:11:00 239.0 8106.0 210.24 213.42 213.46 213.23 213.42 17.0 213.45 101.0 8106.0 4614.0 3492.0 0.0 213.344
14:12:00 125.0 4445.0 210.24 213.58 213.6 213.365 213.55 374.0 213.6 9.0 4445.0 2702.0 1743.0 0.0 213.4809
14:13:00 147.0 6915.0 210.24 213.59 213.62 213.49 213.58 5.0 213.59 200.0 6915.0 3709.0 3206.0 0.0 213.5514
14:14:00 101.0 2176.0 210.24 213.63 213.64 213.53 213.61 433.0 213.64 1.0 2176.0 1440.0 736.0 0.0 213.5891
14:15:00 197.0 8048.0 210.24 213.71 213.78 213.57 213.71 346.0 213.75 361.0 8048.0 4372.0 3676.0 0.0 213.6887
14:16:00 134.0 5642.0 210.24 213.7 213.79 213.63 213.69 50.0 213.71 5.0 5642.0 3711.0 1931.0 0.0 213.7026
14:17:00 122.0 4002.0 210.24 213.8 213.81 213.63 213.77 110.0 213.8 42.0 4002.0 2451.0 1551.0 0.0 213.7138
14:18:00 132.0 6627.0 210.24 213.92 213.94 213.8 213.92 9.0 213.95 913.0 6627.0 5080.0 1547.0 0.0 213.8804
14:19:00 187.0 5553.0 210.24 213.86 213.97 213.85 213.86 100.0 213.87 7.0 5553.0 3506.0 2047.0 0.0 213.9167
14:20:00 408.0 12683.0 210.24 213.77 213.91 213.58 213.74 40.0 213.78 572.0 12683.0 5774.0 6909.0 0.0 213.7212
14:21:00 171.0 5655.0 210.24 213.85 213.88 213.74 213.82 100.0 213.87 500.0 5655.0 3960.0 1695.0 0.0 213.8224
14:22:00 130.0 4703.0 210.24 213.85 213.89 213.77 213.82 10.0 213.86 250.0 4703.0 2278.0 2425.0 0.0 213.8455
14:23:00 112.0 3343.0 210.24 213.83 213.83 213.72 213.8 11.0 213.83 214.0 3343.0 1718.0 1625.0 0.0 213.769
14:24:00 199.0 8070.0 210.24 213.915 213.93 213.78 213.88 450.0 213.94 365.0 8070.0 5958.0 2112.0 0.0 213.8724
14:25:00 112.0 2893.0 210.24 213.85 213.91 213.82 213.83 1.0 213.87 218.0 2893.0 1728.0 1165.0 0.0 213.8607
14:26:00 195.0 6159.0 210.24 213.95 213.95 213.74 213.93 104.0 213.96 36.0 6159.0 3743.0 2416.0 0.0 213.8128
14:27:00 312.0 14022.0 210.24 214.02 214.11 213.93 214.01 150.0 214.04 225.0 14022.0 10993.0 3029.0 0.0 214.0398
14:28:00 141.0 5330.0 210.24 213.96 214.02 213.9 213.95 301.0 213.99 210.0 5330.0 3314.0 2016.0 0.0 213.9652
14:29:00 137.0 4862.0 210.24 213.97 213.99 213.9 213.95 133.0 213.97 100.0 4862.0 3458.0 1404.0 0.0 213.9501
14:30:00 334.0 12773.0 210.24 214.14 214.19 213.97 214.12 169.0 214.15 51.0 12773.0 8082.0 4691.0 0.0 214.0942
14:31:00 181.0 6358.0 210.24 214.14 214.19 214.11 214.14 109.0 214.17 851.0 6358.0 3087.0 3271.0 0.0 214.1575
14:32:00 333.0 12360.0 210.24 214.15 214.18 214.09 214.14 125.0 214.17 237.0 12360.0 7004.0 5356.0 0.0 214.132
14:33:00 231.0 8866.0 210.24 214.16 214.19 214.07 214.16 1.0 214.18 150.0 8866.0 3952.0 4914.0 0.0 214.1213
14:34:00 332.0 11554.0 210.24 214.34 214.355 214.15 214.33 110.0 214.35 12.0 11554.0 8393.0 3161.0 0.0 214.2432
14:35:00 386.0 11368.0 210.24 214.31 214.37 214.195 214.29 327.0 214.31 16.0 11368.0 5882.0 5486.0 0.0 214.2821
14:36:00 265.0 7060.0 210.24 214.29 214.33 214.2 214.28 40.0 214.29 100.0 7060.0 2696.0 4364.0 0.0 214.2778
14:37:00 250.0 6849.0 210.24 214.27 214.29 214.18 214.26 2.0 214.28 241.0 6849.0 3899.0 2950.0 0.0 214.2303
14:38:00 250.0 9537.0 210.24 214.33 214.37 214.24 214.31 7.0 214.33 78.0 9537.0 5396.0 4141.0 0.0 214.3106
14:39:00 316.0 10796.0 210.24 214.39 214.405 214.3 214.38 40.0 214.4 30.0 10796.0 6548.0 4248.0 0.0 214.3605
14:40:00 176.0 5134.0 210.24 214.32 214.39 214.27 214.32 6.0 214.33 20.0 5134.0 2648.0 2486.0 0.0 214.3108
14:41:00 271.0 8515.0 210.24 214.13 214.34 214.12 214.12 329.0 214.14 1020.0 8515.0 2708.0 5807.0 0.0 214.2322
14:42:00 331.0 10357.0 210.24 214.07 214.21 214.06 214.07 20.0 214.08 34.0 10357.0 5672.0 4685.0 0.0 214.1301
14:43:00 261.0 7077.0 210.24 214.12 214.13 213.99 214.1 324.0 214.12 44.0 7077.0 3657.0 3420.0 0.0 214.0415
14:44:00 301.0 8740.0 210.24 214.27 214.28 214.1 214.26 549.0 214.28 28.0 8740.0 5593.0 3147.0 0.0 214.2006
14:45:00 275.0 7193.0 210.24 214.3 214.39 214.26 214.3 15.0 214.31 29.0 7193.0 4226.0 2967.0 0.0 214.3282
14:46:00 274.0 8908.0 210.24 214.36 214.41 214.27 214.36 24.0 214.37 65.0 8908.0 5392.0 3516.0 0.0 214.3486
14:47:00 218.0 5025.0 210.24 214.38 214.39 214.27 214.37 612.0 214.39 436.0 5025.0 2278.0 2747.0 0.0 214.3354
14:48:00 612.0 26985.0 210.24 214.55 214.56 214.36 214.54 146.0 214.55 10.0 26985.0 22482.0 4503.0 0.0 214.4718
14:49:00 358.0 8793.0 210.24 214.435 214.56 214.38 214.42 200.0 214.43 2.0 8793.0 4713.0 4080.0 0.0 214.4504
14:50:00 407.0 13812.0 210.24 214.32 214.45 214.26 214.32 437.0 214.34 56.0 13812.0 6871.0 6941.0 0.0 214.3725
14:51:00 284.0 7931.0 210.24 214.42 214.45 214.31 214.42 1.0 214.43 141.0 7931.0 4928.0 3003.0 0.0 214.3813
14:52:00 314.0 8855.0 210.24 214.28 214.42 214.27 214.28 11.0 214.29 226.0 8855.0 3497.0 5358.0 0.0 214.3704
14:53:00 581.0 16168.0 210.24 214.24 214.32 214.12 214.23 100.0 214.24 246.0 16168.0 7374.0 8794.0 0.0 214.2105
14:54:00 234.0 5405.0 210.24 214.25 214.31 214.22 214.24 268.0 214.25 4.0 5405.0 3255.0 2150.0 0.0 214.2664
14:55:00 256.0 7911.0 210.24 214.26 214.28 214.17 214.25 467.0 214.27 241.0 7911.0 5353.0 2558.0 0.0 214.2302
14:56:00 283.0 7165.0 210.24 214.43 214.45 214.22 214.43 111.0 214.45 493.0 7165.0 5251.0 1914.0 0.0 214.312
14:57:00 313.0 10660.0 210.24 214.36 214.495 214.36 214.36 10.0 214.37 733.0 10660.0 5928.0 4732.0 0.0 214.452
14:58:00 265.0 7441.0 210.24 214.27 214.38 214.24 214.27 9.0 214.28 574.0 7441.0 3835.0 3606.0 0.0 214.2914
14:59:00 558.0 22580.0 210.24 214.39 214.4 214.27 214.37 230.0 214.39 302.0 22580.0 13216.0 9364.0 0.0 214.3799
15:00:00 463.0 29161.0 210.24 214.3 214.47 214.29 214.29 301.0 214.3 29.0 29161.0 23057.0 6104.0 0.0 214.3991
15:01:00 458.0 12435.0 210.24 214.29 214.29 214.15 214.29 233.0 214.3 39.0 12435.0 6673.0 5762.0 0.0 214.2365
15:02:00 364.0 9688.0 210.24 214.11 214.3 214.06 214.11 9.0 214.12 210.0 9688.0 4432.0 5256.0 0.0 214.1315
15:03:00 492.0 12683.0 210.24 214.16 214.24 214.03 214.16 14.0 214.17 541.0 12683.0 6662.0 6021.0 0.0 214.123
15:04:00 342.0 9988.0 210.24 214.21 214.22 214.09 214.2 462.0 214.21 2.0 9988.0 5581.0 4407.0 0.0 214.1613
15:05:00 364.0 11092.0 210.24 214.21 214.27 214.14 214.21 29.0 214.22 184.0 11092.0 6633.0 4459.0 0.0 214.1948
15:06:00 350.0 9264.0 210.24 214.05 214.26 214.04 214.05 224.0 214.06 430.0 9264.0 3765.0 5499.0 0.0 214.1677
15:07:00 225.0 8212.0 210.24 214.15 214.18 214.04 214.14 567.0 214.15 2.0 8212.0 6100.0 2112.0 0.0 214.0993
15:08:00 299.0 9568.0 210.24 214.14 214.21 214.11 214.14 10.0 214.15 75.0 9568.0 4462.0 5106.0 0.0 214.156
15:09:00 351.0 10038.0 210.24 214.12 214.32 214.12 214.09 137.0 214.11 157.0 10038.0 5375.0 4663.0 0.0 214.2206
15:10:00 283.0 8154.0 210.24 214.04 214.14 214.01 214.03 16.0 214.04 530.0 8154.0 4927.0 3227.0 0.0 214.0682
15:11:00 255.0 9040.0 210.24 214.03 214.11 214.01 214.03 126.0 214.04 24.0 9040.0 5231.0 3809.0 0.0 214.0512
15:12:00 689.0 22133.0 210.24 213.72 214.03 213.64 213.7 200.0 213.71 26.0 22133.0 7664.0 14469.0 0.0 213.8033
15:13:00 281.0 7389.0 210.24 213.96 213.99 213.705 213.95 271.0 213.96 1.0 7389.0 4891.0 2498.0 0.0 213.877
15:14:00 239.0 7783.0 210.24 214.09 214.09 213.92 214.08 128.0 214.1 377.0 7783.0 5256.0 2527.0 0.0 213.978
15:15:00 156.0 6222.0 210.24 214.08 214.09 213.99 214.08 2.0 214.09 25.0 6222.0 4663.0 1559.0 0.0 214.0299
15:16:00 325.0 7853.0 210.24 214.14 214.16 214.07 214.14 4.0 214.15 15.0 7853.0 4868.0 2985.0 0.0 214.1177
15:17:00 372.0 10796.0 210.24 213.93 214.16 213.92 213.92 48.0 213.94 660.0 10796.0 4645.0 6151.0 0.0 214.0511
15:18:00 240.0 7445.0 210.24 213.86 213.98 213.86 213.85 6.0 213.87 246.0 7445.0 4998.0 2447.0 0.0 213.9185
15:19:00 308.0 9992.0 210.24 213.67 213.95 213.63 213.68 6.0 213.69 101.0 9992.0 5199.0 4793.0 0.0 213.7669
15:20:00 241.0 8206.0 210.24 213.66 213.73 213.6 213.66 10.0 213.67 1.0 8206.0 5090.0 3116.0 0.0 213.6516
15:21:00 446.0 10755.0 210.24 213.82 213.83 213.5 213.81 206.0 213.82 1.0 10755.0 5612.0 5143.0 0.0 213.6135
15:22:00 345.0 7347.0 210.24 213.64 213.83 213.63 213.64 1.0 213.65 137.0 7347.0 3455.0 3892.0 0.0 213.7187
15:23:00 235.0 7153.0 210.24 213.53 213.69 213.52 213.52 53.0 213.53 5.0 7153.0 3643.0 3510.0 0.0 213.6126
15:24:00 367.0 10542.0 210.24 213.65 213.67 213.39 213.65 4.0 213.66 100.0 10542.0 5186.0 5356.0 0.0 213.5055
15:25:00 310.0 7080.0 210.24 213.82 213.83 213.62 213.81 122.0 213.83 527.0 7080.0 4398.0 2682.0 0.0 213.6888
15:26:00 252.0 5748.0 210.24 213.87 213.88 213.75 213.86 100.0 213.87 109.0 5748.0 3514.0 2234.0 0.0 213.7935
15:27:00 292.0 7909.0 210.24 213.8 213.86 213.72 213.81 10.0 213.82 400.0 7909.0 5171.0 2738.0 0.0 213.7994
15:28:00 190.0 4262.0 210.24 213.84 213.89 213.8 213.84 10.0 213.85 347.0 4262.0 2640.0 1622.0 0.0 213.851
15:29:00 222.0 5148.0 210.24 213.9 213.95 213.82 213.89 213.0 213.91 174.0 5148.0 3000.0 2148.0 0.0 213.9009
15:30:00 452.0 13519.0 210.24 213.85 213.945 213.8 213.84 208.0 213.85 10.0 13519.0 6997.0 6522.0 0.0 213.8711
15:31:00 427.0 15454.0 210.24 214.0 214.09 213.85 213.99 396.0 214.01 754.0 15454.0 10147.0 5307.0 0.0 213.9833
15:32:00 322.0 9440.0 210.24 213.86 214.03 213.85 213.85 210.0 213.86 22.0 9440.0 4854.0 4586.0 0.0 213.9375
15:33:00 588.0 16496.0 210.24 213.61 213.89 213.57 213.6 372.0 213.61 17.0 16496.0 9456.0 7040.0 0.0 213.7352
15:34:00 474.0 13392.0 210.24 213.85 213.85 213.62 213.85 203.0 213.86 10.0 13392.0 9873.0 3519.0 0.0 213.7366
15:35:00 296.0 8573.0 210.24 213.84 213.9 213.8 213.83 202.0 213.84 26.0 8573.0 4557.0 4016.0 0.0 213.8452
15:36:00 541.0 15060.0 210.24 213.78 214.0 213.74 213.77 202.0 213.78 3.0 15060.0 9091.0 5969.0 0.0 213.8829
15:37:00 536.0 15062.0 210.24 213.88 213.95 213.78 213.87 1.0 213.88 413.0 15062.0 9397.0 5665.0 0.0 213.8711
15:38:00 420.0 12183.0 210.24 213.68 213.9 213.65 213.67 376.0 213.69 239.0 12183.0 6791.0 5392.0 0.0 213.7643
15:39:00 279.0 6216.0 210.24 213.88 213.89 213.66 213.88 303.0 213.89 10.0 6216.0 4544.0 1672.0 0.0 213.7424
15:40:00 350.0 7278.0 210.24 213.87 213.94 213.82 213.87 369.0 213.88 1.0 7278.0 4192.0 3086.0 0.0 213.8693
15:41:00 614.0 16763.0 210.24 213.69 213.92 213.69 213.69 3.0 213.7 300.0 16763.0 5634.0 11129.0 0.0 213.8233
15:42:00 475.0 16519.0 210.24 213.8 213.81 213.6 213.79 507.0 213.81 854.0 16519.0 9245.0 7274.0 0.0 213.6991
15:43:00 348.0 12785.0 210.24 213.84 213.89 213.78 213.83 411.0 213.84 66.0 12785.0 6969.0 5816.0 0.0 213.8377
15:44:00 481.0 13037.0 210.24 213.81 213.9 213.73 213.81 107.0 213.82 250.0 13037.0 7760.0 5277.0 0.0 213.8256
15:45:00 376.0 10752.0 210.24 213.96 214.005 213.81 213.95 300.0 213.96 405.0 10752.0 7574.0 3178.0 0.0 213.9454
15:46:00 449.0 13296.0 210.24 214.07 214.12 213.95 214.06 35.0 214.08 734.0 13296.0 7235.0 6061.0 0.0 214.0536
15:47:00 538.0 20352.0 210.24 214.08 214.17 214.01 214.09 57.0 214.11 368.0 20352.0 10668.0 9684.0 0.0 214.0926
15:48:00 408.0 12244.0 210.24 214.19 214.24 214.06 214.19 260.0 214.2 250.0 12244.0 8154.0 4090.0 0.0 214.1502
15:49:00 477.0 12479.0 210.24 214.04 214.2 214.02 214.04 2.0 214.06 260.0 12479.0 6311.0 6168.0 0.0 214.0783
15:50:00 713.0 23128.0 210.24 213.65 214.04 213.63 213.62 100.0 213.65 150.0 23128.0 9188.0 13940.0 0.0 213.7935
15:51:00 814.0 29133.0 210.24 213.91 213.94 213.61 213.91 7.0 213.92 419.0 29133.0 19174.0 9959.0 0.0 213.7948
15:52:00 456.0 16074.0 210.24 213.91 213.97 213.82 213.91 82.0 213.92 4.0 16074.0 9618.0 6456.0 0.0 213.8893
15:53:00 498.0 18388.0 210.24 213.92 214.0 213.87 213.91 1053.0 213.92 100.0 18388.0 10055.0 8333.0 0.0 213.9084
15:54:00 489.0 14995.0 210.24 214.15 214.15 213.9 214.15 338.0 214.16 160.0 14995.0 8095.0 6900.0 0.0 214.0268
15:55:00 655.0 22158.0 210.24 214.07 214.22 214.055 214.06 10.0 214.07 227.0 22158.0 9047.0 13111.0 0.0 214.1369
15:56:00 1119.0 38478.0 210.24 213.63 214.06 213.57 213.61 209.0 213.63 380.0 38478.0 18256.0 20222.0 0.0 213.738
15:57:00 819.0 34927.0 210.24 213.53 213.67 213.52 213.53 29.0 213.54 1055.0 34927.0 17829.0 17098.0 0.0 213.6201
15:58:00 792.0 30176.0 210.24 213.59 213.63 213.47 213.59 844.0 213.6 100.0 30176.0 15847.0 14329.0 0.0 213.5546
15:59:00 886.0 38536.0 210.24 213.53 213.62 213.5 213.52 160.0 213.54 512.0 38536.0 20631.0 17905.0 0.0 213.5522
16:00:00 1034.0 52793.0 210.24 213.66 213.7 213.51 213.67 396.0 213.68 1980.0 52793.0 32828.0 19965.0 0.0 213.5966
16:01:00 526.0 18584.0 210.24 214.53 216.0 213.2 214.5 250.0 213.68 1800.0 18584.0 12879.0 5705.0 0.0 214.9579
16:02:00 125.0 5430.0 210.24 214.5 215.88 214.5 214.24 38.0 213.68 1800.0 5430.0 2708.0 2722.0 0.0 215.0998
16:03:00 13.0 107.0 210.24 214.4 214.89 214.3 214.29 38.0 213.68 1800.0 107.0 59.0 48.0 0.0 214.432
16:04:00 75.0 4269.0 210.24 214.05 214.5 213.7 214.05 152.0 213.68 1800.0 4269.0 614.0 3655.0 0.0 214.1282
16:05:00 13.0 506.0 210.24 213.99 214.05 213.85 213.85 22.0 213.68 1800.0 506.0 59.0 447.0 0.0 214.0204
16:06:00 12.0 115.0 210.24 214.05 214.25 213.85 214.01 100.0 213.68 1800.0 115.0 92.0 23.0 0.0 213.9471
16:07:00 15.0 282.0 210.24 213.92 214.05 213.92 213.92 97.0 213.68 1800.0 282.0 79.0 203.0 0.0 213.9761
16:08:00 7.0 217.0 210.24 213.8 214.0 213.8 213.8 29.0 213.68 1800.0 217.0 29.0 188.0 0.0 213.9449
16:09:00 1.0 0.0 210.24 213.9 213.9 213.9 213.8 59.0 213.68 1800.0 nan 0.0 0.0 0.0 nan
16:10:00 10.0 517.0 210.24 213.9 213.91 213.8 213.8 41.0 213.68 1800.0 517.0 500.0 17.0 0.0 213.9064
16:11:00 4.0 20.0 210.24 213.9 213.9 213.89 213.8 43.0 213.68 1800.0 20.0 20.0 0.0 0.0 213.89
16:12:00 7.0 29.0 210.24 213.9 213.91 213.81 213.81 115.0 213.68 1800.0 29.0 23.0 6.0 0.0 213.8897
16:13:00 10.0 509.0 210.24 213.98 214.0 213.9 213.92 25.0 213.68 1800.0 509.0 330.0 179.0 0.0 213.9805
16:14:00 2.0 9.0 210.24 213.99 213.99 213.82 213.95 10.0 213.68 1800.0 9.0 0.0 9.0 0.0 213.9711
16:15:00 4.0 59.0 210.24 214.0 214.0 213.99 213.92 25.0 213.68 1800.0 59.0 7.0 52.0 0.0 213.9912
16:16:00 0.0 0.0 210.24 214.0 nan nan 213.92 25.0 213.68 1800.0 nan 0.0 0.0 0.0 nan
16:17:00 1.0 0.0 210.24 213.98 213.98 213.98 213.92 25.0 213.68 1800.0 nan 0.0 0.0 0.0 nan
16:18:00 10.0 317.0 210.24 213.77 213.99 213.77 213.77 11.0 213.68 1800.0 317.0 278.0 39.0 0.0 213.8893
16:19:00 4.0 100.0 210.24 213.91 213.91 213.7 213.77 11.0 213.68 1800.0 100.0 0.0 100.0 0.0 213.73
16:20:00 12.0 173.0 210.24 213.67 213.75 213.6 213.63 253.0 213.67 1569.0 173.0 107.0 66.0 0.0 213.6776
16:21:00 1.0 2.0 210.24 213.6 213.6 213.6 213.63 253.0 213.67 1569.0 2.0 2.0 0.0 0.0 213.6
16:22:00 1.0 4.0 210.24 213.61 213.61 213.61 213.63 253.0 213.67 1569.0 4.0 4.0 0.0 0.0 213.61
16:23:00 0.0 0.0 210.24 213.61 nan nan 213.64 1.0 213.67 1569.0 nan 0.0 0.0 0.0 nan
16:24:00 8.0 341.0 210.24 213.6 213.67 213.6 213.63 253.0 213.63 100.0 341.0 267.0 74.0 0.0 213.6549
16:25:00 15.0 1402.0 210.24 213.67 213.67 213.63 213.63 502.0 213.68 1800.0 1402.0 1402.0 0.0 0.0 213.6671
16:26:00 3.0 129.0 210.24 213.95 213.95 213.7 213.72 30.0 213.68 1800.0 129.0 0.0 129.0 0.0 213.7
16:27:00 8.0 580.0 210.24 213.7 213.85 213.7 213.7 351.0 213.68 1800.0 580.0 0.0 580.0 0.0 213.7155
16:28:00 5.0 347.0 210.24 213.7 213.7 213.66 213.65 30.0 213.68 1800.0 347.0 20.0 327.0 0.0 213.6977
16:29:00 0.0 0.0 210.24 213.7 nan nan 213.64 55.0 213.68 1800.0 nan 0.0 0.0 0.0 nan
16:30:00 4.0 155.0 210.24 213.63 213.74 213.63 213.63 332.0 213.68 1815.0 155.0 0.0 155.0 0.0 213.6335
16:31:00 5.0 284.0 210.24 213.6 213.66 213.6 213.63 253.0 213.6 46.0 284.0 100.0 184.0 0.0 213.6305
16:32:00 3.0 86.0 210.24 213.68 213.68 213.6 213.68 42.0 213.68 1800.0 86.0 76.0 10.0 0.0 213.6372
16:33:00 1.0 25.0 210.24 213.74 213.74 213.74 213.68 54.0 213.68 1800.0 25.0 0.0 25.0 0.0 213.74
16:34:00 1.0 3.0 210.24 213.68 213.68 213.68 213.63 304.0 213.68 1800.0 3.0 0.0 3.0 0.0 213.68
16:35:00 5.0 61.0 210.24 213.85 213.85 213.8 213.63 304.0 213.68 1800.0 61.0 61.0 0.0 0.0 213.8459
16:36:00 6.0 319.0 210.24 213.85 213.85 213.66 213.66 22.0 213.68 1800.0 319.0 319.0 0.0 0.0 213.8487
16:37:00 2.0 1.0 210.24 213.69 213.85 213.69 213.66 22.0 213.68 1800.0 1.0 1.0 0.0 0.0 213.85
16:38:00 3.0 0.0 210.24 213.83 213.83 213.69 213.66 22.0 213.68 1800.0 nan 0.0 0.0 0.0 nan
16:39:00 0.0 0.0 210.24 213.83 nan nan 213.66 22.0 213.68 1800.0 nan 0.0 0.0 0.0 nan
16:40:00 7.0 245.0 210.24 213.99 213.99 213.76 213.77 110.0 213.68 1800.0 245.0 245.0 0.0 0.0 213.8581
16:41:00 39.0 582.0 210.24 214.0 214.06 213.78 214.0 250.0 213.68 1800.0 582.0 466.0 116.0 0.0 213.9977
16:42:00 10.0 117.0 210.24 214.0 214.07 214.0 214.0 240.0 213.68 1800.0 117.0 107.0 10.0 0.0 214.0535
16:43:00 4.0 15.0 210.24 214.0 214.2 214.0 214.0 230.0 213.68 1800.0 15.0 5.0 10.0 0.0 214.052
16:44:00 13.0 283.0 210.24 214.23 214.23 214.0 214.0 223.0 213.68 1800.0 283.0 275.0 8.0 0.0 214.2167
16:45:00 2.0 180.0 210.24 214.0 214.02 214.0 214.0 43.0 213.68 1800.0 180.0 0.0 180.0 0.0 214.0
16:46:00 0.0 0.0 210.24 214.0 nan nan 214.0 43.0 213.68 1800.0 nan 0.0 0.0 0.0 nan
16:47:00 0.0 0.0 210.24 214.0 nan nan 214.05 1.0 213.68 1800.0 nan 0.0 0.0 0.0 nan
16:48:00 1.0 0.0 210.24 214.21 214.21 214.21 214.05 1.0 213.68 1800.0 nan 0.0 0.0 0.0 nan
16:49:00 7.0 202.0 210.24 214.23 214.23 214.19 214.05 1.0 213.68 1800.0 202.0 202.0 0.0 0.0 214.23
16:50:00 2.0 2.0 210.24 214.05 214.05 214.0 214.0 43.0 213.68 1800.0 2.0 1.0 1.0 0.0 214.025
16:51:00 2.0 1.0 210.24 214.04 214.04 214.0 214.0 43.0 213.68 1800.0 1.0 1.0 0.0 0.0 214.0
16:52:00 2.0 0.0 210.24 214.04 214.04 214.04 214.0 43.0 213.68 1800.0 nan 0.0 0.0 0.0 nan
16:53:00 11.0 143.0 210.24 214.19 214.19 214.0 213.87 10.0 213.68 1800.0 143.0 100.0 43.0 0.0 214.0
16:54:00 4.0 53.0 210.24 213.91 214.2 213.91 213.87 10.0 213.68 1800.0 53.0 53.0 0.0 0.0 214.2
16:55:00 0.0 0.0 210.24 213.91 nan nan 213.87 10.0 213.68 1800.0 nan 0.0 0.0 0.0 nan
16:56:00 3.0 60.0 210.24 214.2 214.2 214.19 213.87 10.0 213.68 1800.0 60.0 60.0 0.0 0.0 214.2
16:57:00 1.0 0.0 210.24 214.0 214.0 214.0 213.87 10.0 213.68 1800.0 nan 0.0 0.0 0.0 nan
16:58:00 1.0 0.0 210.24 214.01 214.01 214.01 213.87 10.0 213.68 1800.0 nan 0.0 0.0 0.0 nan
16:59:00 0.0 0.0 210.24 214.01 nan nan 213.95 10.0 213.68 1800.0 nan 0.0 0.0 0.0 nan
17:00:00 6.0 0.0 210.24 214.19 214.19 214.0 213.95 10.0 213.68 1800.0 nan 0.0 0.0 0.0 nan
