time trade_count trade_volume trade_first trade_last trade_high trade_low bid_price bid_size ask_price ask_size hid_vol buy_vol sell_vol unsided_vol vwap
09:00:00 nan 148.0 211.66 211.66 211.66 211.65 211.62 1.0 211.66 52.0 148.0 48.0 100.0 0.0 211.6532
09:01:00 4.0 33.0 211.66 211.61 211.62 211.61 211.5 1324.0 211.66 120.0 33.0 32.0 1.0 0.0 211.6103
09:02:00 0.0 0.0 211.66 211.61 nan nan 211.5 1324.0 211.7 34.0 nan 0.0 0.0 0.0 nan
09:03:00 11.0 250.0 211.66 211.52 211.69 211.52 211.5 1324.0 211.7 24.0 250.0 250.0 0.0 0.0 211.6
09:04:00 2.0 4.0 211.66 211.5 211.5 211.5 211.5 1321.0 211.64 9.0 4.0 0.0 4.0 0.0 211.5
09:05:00 0.0 0.0 211.66 211.5 nan nan 211.51 5.0 211.7 24.0 nan 0.0 0.0 0.0 nan
09:06:00 3.0 24.0 211.66 211.5 211.51 211.5 211.5 1501.0 211.61 1.0 24.0 0.0 24.0 0.0 211.5021
09:07:00 14.0 409.0 211.66 211.72 211.72 211.58 211.72 237.0 211.74 3.0 409.0 246.0 163.0 0.0 211.7186
09:08:00 15.0 686.0 211.66 211.72 211.74 211.72 211.72 198.0 211.76 12.0 686.0 22.0 664.0 0.0 211.72
09:09:00 46.0 1210.0 211.66 211.75 211.76 211.5 211.75 138.0 211.77 204.0 1210.0 35.0 1175.0 0.0 211.7147
09:10:00 7.0 188.0 211.66 211.75 211.75 211.75 211.75 150.0 211.77 441.0 188.0 0.0 188.0 0.0 211.75
09:11:00 5.0 296.0 211.66 211.75 211.75 211.75 211.75 254.0 211.77 541.0 296.0 0.0 296.0 0.0 211.75
09:12:00 4.0 27.0 211.66 211.66 211.75 211.66 211.66 29.0 211.77 541.0 27.0 0.0 27.0 0.0 211.68
09:13:00 30.0 1319.0 211.66 211.5 211.66 211.5 211.5 79.0 211.6 646.0 1319.0 1.0 1318.0 0.0 211.5036
09:14:00 19.0 1524.0 211.66 211.83 211.83 211.55 211.5 79.0 211.91 1.0 1524.0 1524.0 0.0 0.0 211.6675
09:15:00 1.0 0.0 211.66 211.66 211.66 211.66 211.5 79.0 211.91 1.0 nan 0.0 0.0 0.0 nan
09:16:00 0.0 0.0 211.66 211.66 nan nan 211.5 79.0 211.91 1.0 nan 0.0 0.0 0.0 nan
09:17:00 2.0 15.0 211.66 211.73 211.73 211.73 211.5 79.0 211.8 791.0 15.0 15.0 0.0 0.0 211.73
09:18:00 0.0 0.0 211.66 211.73 nan nan 211.5 79.0 211.8 791.0 nan 0.0 0.0 0.0 nan
09:19:00 5.0 5.0 211.66 211.73 211.73 211.56 211.5 79.0 211.73 1.0 5.0 5.0 0.0 0.0 211.628
09:20:00 2.0 15.0 211.66 211.57 211.57 211.57 211.52 10.0 211.73 3.0 15.0 15.0 0.0 0.0 211.57
09:21:00 10.0 100.0 211.66 211.72 211.73 211.55 211.5 90.0 211.75 276.0 100.0 1.0 99.0 0.0 211.73
09:22:00 5.0 4.0 211.66 211.53 211.75 211.53 211.5 81.0 211.75 173.0 4.0 3.0 1.0 0.0 211.7425
09:23:00 2.0 0.0 211.66 211.73 211.73 211.53 211.5 91.0 211.75 173.0 nan 0.0 0.0 0.0 nan
09:24:00 15.0 646.0 211.66 211.8 211.8 211.6 211.64 20.0 211.8 98.0 646.0 646.0 0.0 0.0 211.7604
09:25:00 1.0 0.0 211.66 211.78 211.78 211.78 211.64 20.0 211.8 115.0 nan 0.0 0.0 0.0 nan
09:26:00 25.0 896.0 211.66 211.99 212.0 211.78 211.81 100.0 211.99 723.0 896.0 896.0 0.0 0.0 211.9098
09:27:00 11.0 15.0 211.66 211.93 211.95 211.91 211.92 100.0 211.95 7.0 15.0 14.0 1.0 0.0 211.948
09:28:00 12.0 5.0 211.66 211.93 211.95 211.93 211.92 200.0 211.95 16.0 5.0 5.0 0.0 0.0 211.95
09:29:00 54.0 2032.0 211.66 212.22 212.26 211.93 212.16 200.0 212.34 1.0 2032.0 2032.0 0.0 0.0 212.0064
09:30:00 102.0 3129.0 211.66 213.17 213.17 212.34 212.64 300.0 213.17 220.0 3129.0 3095.0 34.0 0.0 212.7292
09:31:00 665.0 24714.0 211.66 212.84 213.3 212.44 212.83 1934.0 212.96 50.0 24714.0 7661.0 17053.0 0.0 212.7198
09:32:00 372.0 12554.0 211.66 212.82 213.55 212.64 212.82 25.0 212.97 100.0 12554.0 6846.0 5708.0 0.0 213.094
09:33:00 266.0 17955.0 211.66 213.16 213.51 212.63 213.07 100.0 213.2 125.0 17955.0 15823.0 2132.0 0.0 213.2264
09:34:00 322.0 11063.0 211.66 213.65 213.88 212.94 213.57 100.0 213.68 300.0 11063.0 5360.0 5703.0 0.0 213.4981
09:35:00 388.0 45421.0 211.66 213.56 214.18 213.47 213.49 25.0 213.59 25.0 45421.0 36087.0 9334.0 0.0 213.9089
09:36:00 357.0 13652.0 211.66 213.85 214.24 213.6 213.72 1100.0 213.91 25.0 13652.0 7968.0 5684.0 0.0 213.951
09:37:00 351.0 15706.0 211.66 214.36 214.91 213.92 214.36 20.0 214.49 225.0 15706.0 10900.0 4806.0 0.0 214.4796
09:38:00 388.0 14620.0 211.66 213.99 214.97 213.6 213.95 25.0 214.08 25.0 14620.0 5807.0 8813.0 0.0 214.2949
09:39:00 282.0 11922.0 211.66 214.16 214.22 213.86 214.01 178.0 214.18 200.0 11922.0 5110.0 6812.0 0.0 213.9899
09:40:00 201.0 9028.0 211.66 214.14 214.38 213.97 214.11 3.0 214.21 20.0 9028.0 4343.0 4685.0 0.0 214.1257
09:41:00 735.0 119473.0 211.66 214.12 214.24 213.79 213.94 4.0 214.02 4.0 119473.0 105110.0 14363.0 0.0 214.0048
09:42:00 346.0 9037.0 211.66 214.2 214.4 213.83 214.17 36.0 214.28 25.0 9037.0 6406.0 2631.0 0.0 214.1643
09:43:00 359.0 11399.0 211.66 214.59 214.72 214.11 214.52 40.0 214.62 5.0 11399.0 7101.0 4298.0 0.0 214.4281
09:44:00 576.0 30780.0 211.66 214.93 215.06 214.51 214.87 581.0 214.98 296.0 30780.0 22737.0 8043.0 0.0 214.9075
09:45:00 332.0 17755.0 211.66 214.68 215.23 214.68 214.65 625.0 214.74 25.0 17755.0 7123.0 10632.0 0.0 215.0354
09:46:00 246.0 9953.0 211.66 214.45 215.1 214.45 214.41 200.0 214.51 100.0 9953.0 6195.0 3758.0 0.0 214.9231
09:47:00 244.0 8685.0 211.66 213.97 214.8 213.93 213.9 200.0 213.98 200.0 8685.0 3699.0 4986.0 0.0 214.3359
09:48:00 265.0 14543.0 211.66 213.53 214.34 213.5 213.52 50.0 213.62 503.0 14543.0 3868.0 10675.0 0.0 213.9609
09:49:00 202.0 7369.0 211.66 213.75 213.93 213.35 213.67 190.0 213.78 712.0 7369.0 4216.0 3153.0 0.0 213.674
09:50:00 119.0 5574.0 211.66 213.85 213.87 213.53 213.76 5.0 213.88 225.0 5574.0 3116.0 2458.0 0.0 213.6748
09:51:00 242.0 11475.0 211.66 214.26 214.4 213.6 214.17 25.0 214.28 10.0 11475.0 6655.0 4820.0 0.0 213.9897
09:52:00 137.0 5705.0 211.66 214.45 214.45 214.1 214.39 55.0 214.49 900.0 5705.0 4218.0 1487.0 0.0 214.2743
09:53:00 81.0 3988.0 211.66 214.26 214.45 214.17 214.19 14.0 214.28 25.0 3988.0 1825.0 2163.0 0.0 214.3153
09:54:00 180.0 7634.0 211.66 213.89 214.42 213.88 213.88 235.0 213.97 10.0 7634.0 3281.0 4353.0 0.0 214.0798
09:55:00 158.0 5866.0 211.66 214.18 214.23 213.89 214.09 52.0 214.19 90.0 5866.0 3500.0 2366.0 0.0 214.0576
09:56:00 129.0 4841.0 211.66 214.36 214.4 214.05 214.26 150.0 214.37 900.0 4841.0 3579.0 1262.0 0.0 214.2522
09:57:00 175.0 8163.0 211.66 214.41 214.57 214.33 214.36 13.0 214.45 275.0 8163.0 5694.0 2469.0 0.0 214.4588
09:58:00 92.0 3654.0 211.66 214.21 214.57 214.21 214.27 25.0 214.37 300.0 3654.0 2254.0 1400.0 0.0 214.3697
09:59:00 91.0 3669.0 211.66 214.57 214.62 214.31 214.54 250.0 214.63 600.0 3669.0 2979.0 690.0 0.0 214.4907
10:00:00 254.0 11793.0 211.66 214.77 214.95 214.54 214.71 25.0 214.8 50.0 11793.0 8600.0 3193.0 0.0 214.7988
10:01:00 238.0 10277.0 211.66 214.5 214.9 214.27 214.54 100.0 214.65 441.0 10277.0 4373.0 5904.0 0.0 214.5425
10:02:00 122.0 3978.0 211.66 214.58 214.68 214.46 214.58 505.0 214.65 2.0 3978.0 2447.0 1531.0 0.0 214.5724
10:03:00 224.0 5780.0 211.66 214.66 214.94 214.57 214.59 150.0 214.66 100.0 5780.0 3743.0 2037.0 0.0 214.723
10:04:00 133.0 5676.0 211.66 214.5 214.76 214.5 214.48 9.0 214.56 380.0 5676.0 2469.0 3207.0 0.0 214.6025
10:05:00 159.0 8506.0 211.66 214.51 214.54 214.25 214.5 307.0 214.54 7.0 8506.0 4931.0 3575.0 0.0 214.4346
10:06:00 193.0 6757.0 211.66 214.5 214.57 214.34 214.46 105.0 214.54 351.0 6757.0 4386.0 2371.0 0.0 214.4853
10:07:00 277.0 12565.0 211.66 214.28 214.46 214.08 214.21 100.0 214.28 200.0 12565.0 5163.0 7402.0 0.0 214.2558
10:08:00 258.0 13789.0 211.66 214.28 214.33 213.99 214.27 13.0 214.35 25.0 13789.0 4554.0 9235.0 0.0 214.1363
10:09:00 156.0 6211.0 211.66 214.07 214.32 214.0 214.07 25.0 214.16 37.0 6211.0 4016.0 2195.0 0.0 214.1081
10:10:00 222.0 11078.0 211.66 213.75 214.13 213.75 213.67 125.0 213.74 125.0 11078.0 4909.0 6169.0 0.0 213.9029
10:11:00 235.0 15566.0 211.66 214.05 214.05 213.41 213.98 245.0 214.06 2.0 15566.0 6001.0 9565.0 0.0 213.6485
10:12:00 77.0 2975.0 211.66 214.19 214.3 214.05 214.13 101.0 214.2 339.0 2975.0 1569.0 1406.0 0.0 214.1867
10:13:00 164.0 6475.0 211.66 214.41 214.55 214.15 214.38 421.0 214.44 225.0 6475.0 5530.0 945.0 0.0 214.3761
10:14:00 105.0 4536.0 211.66 214.52 214.61 214.44 214.52 3.0 214.56 25.0 4536.0 3167.0 1369.0 0.0 214.5289
10:15:00 107.0 5991.0 211.66 214.48 214.59 214.46 214.43 404.0 214.5 825.0 5991.0 3748.0 2243.0 0.0 214.5288
10:16:00 253.0 10631.0 211.66 214.55 214.55 214.26 214.52 80.0 214.56 300.0 10631.0 6412.0 4219.0 0.0 214.4306
10:17:00 111.0 5490.0 211.66 214.43 214.6 214.42 214.42 50.0 214.47 14.0 5490.0 2764.0 2726.0 0.0 214.5182
10:18:00 112.0 2690.0 211.66 214.37 214.5 214.14 214.37 874.0 214.44 50.0 2690.0 1380.0 1310.0 0.0 214.3173
10:19:00 80.0 3155.0 211.66 214.27 214.47 214.19 214.19 37.0 214.25 50.0 3155.0 1735.0 1420.0 0.0 214.3209
10:20:00 179.0 7568.0 211.66 213.95 214.19 213.85 213.91 2.0 213.96 39.0 7568.0 2755.0 4813.0 0.0 213.9944
10:21:00 280.0 14335.0 211.66 213.89 213.95 213.55 213.79 35.0 213.87 125.0 14335.0 5347.0 8988.0 0.0 213.6787
10:22:00 108.0 10865.0 211.66 213.49 213.84 213.38 213.46 25.0 213.5 206.0 10865.0 2336.0 8529.0 0.0 213.5766
10:23:00 107.0 5930.0 211.66 213.55 213.64 213.47 213.53 345.0 213.6 101.0 5930.0 3082.0 2848.0 0.0 213.5477
10:24:00 74.0 3819.0 211.66 213.86 213.86 213.6 213.79 204.0 213.87 120.0 3819.0 3496.0 323.0 0.0 213.7483
10:25:00 106.0 4208.0 211.66 213.87 214.1 213.84 213.84 25.0 213.91 300.0 4208.0 2365.0 1843.0 0.0 213.9485
10:26:00 160.0 5500.0 211.66 214.14 214.27 213.9 214.1 1.0 214.14 301.0 5500.0 3561.0 1939.0 0.0 214.1193
10:27:00 181.0 6945.0 211.66 214.65 214.65 214.13 214.61 700.0 214.67 49.0 6945.0 5636.0 1309.0 0.0 214.4461
10:28:00 468.0 29447.0 211.66 215.16 215.16 214.62 215.1 20.0 215.16 356.0 29447.0 22735.0 6712.0 0.0 214.9443
10:29:00 421.0 20673.0 211.66 215.37 215.58 215.15 215.32 7.0 215.38 15.0 20673.0 10941.0 9732.0 0.0 215.4153
10:30:00 240.0 11817.0 211.66 215.24 215.48 215.22 215.23 100.0 215.31 196.0 11817.0 4503.0 7314.0 0.0 215.3658
10:31:00 214.0 7675.0 211.66 215.3 215.3 215.05 215.25 250.0 215.3 3.0 7675.0 4059.0 3616.0 0.0 215.1797
10:32:00 320.0 14883.0 211.66 215.34 215.66 215.22 215.29 407.0 215.37 100.0 14883.0 9153.0 5730.0 0.0 215.4798
10:33:00 173.0 6533.0 211.66 215.43 215.57 215.23 215.4 20.0 215.46 50.0 6533.0 3316.0 3217.0 0.0 215.4459
10:34:00 185.0 10299.0 211.66 215.59 215.68 215.46 215.56 200.0 215.63 150.0 10299.0 5906.0 4393.0 0.0 215.5732
10:35:00 184.0 6416.0 211.66 215.28 215.64 215.24 215.24 225.0 215.31 100.0 6416.0 2698.0 3718.0 0.0 215.4734
10:36:00 130.0 5306.0 211.66 215.13 215.32 215.12 215.12 100.0 215.16 25.0 5306.0 1937.0 3369.0 0.0 215.2363
10:37:00 112.0 8628.0 211.66 215.12 215.3 215.12 215.1 16.0 215.14 250.0 8628.0 3562.0 5066.0 0.0 215.2205
10:38:00 239.0 10710.0 211.66 214.77 215.13 214.67 214.74 482.0 214.82 1.0 10710.0 3061.0 7649.0 0.0 214.9325
10:39:00 175.0 7980.0 211.66 214.48 214.74 214.34 214.47 25.0 214.54 150.0 7980.0 3810.0 4170.0 0.0 214.5316
10:40:00 143.0 5310.0 211.66 214.24 214.54 214.24 214.18 50.0 214.25 501.0 5310.0 2026.0 3284.0 0.0 214.4219
10:41:00 178.0 8671.0 211.66 214.4 214.47 214.05 214.43 8.0 214.49 358.0 8671.0 4081.0 4590.0 0.0 214.2882
10:42:00 157.0 7234.0 211.66 214.3 214.5 214.28 214.28 10.0 214.33 25.0 7234.0 2543.0 4691.0 0.0 214.3941
10:43:00 122.0 6710.0 211.66 214.21 214.3 214.095 214.17 152.0 214.26 75.0 6710.0 2247.0 4463.0 0.0 214.1778
10:44:00 134.0 5453.0 211.66 214.22 214.3 214.18 214.21 20.0 214.27 293.0 5453.0 2204.0 3249.0 0.0 214.2393
10:45:00 144.0 6223.0 211.66 214.12 214.32 214.03 214.11 300.0 214.18 30.0 6223.0 3024.0 3199.0 0.0 214.1687
10:46:00 135.0 6856.0 211.66 213.89 214.16 213.89 213.87 105.0 213.93 325.0 6856.0 1572.0 5284.0 0.0 214.0157
10:47:00 125.0 4058.0 211.66 214.11 214.11 213.85 214.08 100.0 214.14 201.0 4058.0 2078.0 1980.0 0.0 213.9221
10:48:00 88.0 4960.0 211.66 214.03 214.13 214.0 214.0 500.0 214.07 22.0 4960.0 1401.0 3559.0 0.0 214.0502
10:49:00 112.0 6160.0 211.66 213.83 214.14 213.78 213.86 230.0 213.94 1.0 6160.0 2592.0 3568.0 0.0 214.0402
10:50:00 157.0 6658.0 211.66 213.68 213.96 213.68 213.63 666.0 213.69 151.0 6658.0 2893.0 3765.0 0.0 213.8386
10:51:00 119.0 7047.0 211.66 213.6 213.7 213.49 213.54 101.0 213.6 150.0 7047.0 3205.0 3842.0 0.0 213.5726
10:52:00 129.0 5385.0 211.66 213.39 213.61 213.39 213.38 412.0 213.46 50.0 5385.0 2379.0 3006.0 0.0 213.4916
10:53:00 265.0 14546.0 211.66 213.06 213.44 213.02 213.02 13.0 213.1 947.0 14546.0 5586.0 8960.0 0.0 213.1867
10:54:00 280.0 12746.0 211.66 213.03 213.12 212.85 213.0 116.0 213.07 300.0 12746.0 5943.0 6803.0 0.0 212.9865
10:55:00 114.0 5870.0 211.66 213.23 213.27 212.96 213.23 478.0 213.29 100.0 5870.0 3240.0 2630.0 0.0 213.0836
10:56:00 181.0 14534.0 211.66 213.43 213.5 213.29 213.4 174.0 213.48 1.0 14534.0 3774.0 10760.0 0.0 213.3881
10:57:00 190.0 7954.0 211.66 213.9 214.07 213.48 213.87 25.0 213.94 382.0 7954.0 5370.0 2584.0 0.0 213.8469
10:58:00 118.0 4846.0 211.66 213.97 214.02 213.81 213.94 19.0 214.02 50.0 4846.0 2580.0 2266.0 0.0 213.8892
10:59:00 90.0 3405.0 211.66 213.88 213.96 213.82 213.85 225.0 213.91 43.0 3405.0 2385.0 1020.0 0.0 213.8981
11:00:00 176.0 7498.0 211.66 214.23 214.27 213.87 214.18 115.0 214.23 30.0 7498.0 3563.0 3935.0 0.0 214.0338
11:01:00 212.0 7576.0 211.66 214.4 214.41 214.08 214.35 227.0 214.42 175.0 7576.0 3813.0 3763.0 0.0 214.2891
11:02:00 170.0 5896.0 211.66 214.45 214.5 214.24 214.44 230.0 214.49 548.0 5896.0 3440.0 2456.0 0.0 214.3828
11:03:00 162.0 6217.0 211.66 214.21 214.54 214.14 214.19 139.0 214.25 13.0 6217.0 2479.0 3738.0 0.0 214.3927
11:04:00 153.0 4375.0 211.66 214.01 214.26 213.94 214.0 1.0 214.07 58.0 4375.0 1815.0 2560.0 0.0 214.1145
11:05:00 154.0 5391.0 211.66 214.33 214.4 213.95 214.29 36.0 214.36 23.0 5391.0 2592.0 2799.0 0.0 214.2946
11:06:00 51.0 2594.0 211.66 214.25 214.4 214.1 214.2 1.0 214.27 125.0 2594.0 909.0 1685.0 0.0 214.2519
11:07:00 87.0 2869.0 211.66 214.27 214.34 214.15 214.24 225.0 214.32 699.0 2869.0 1484.0 1385.0 0.0 214.2304
11:08:00 138.0 5440.0 211.66 214.59 214.67 214.3 214.58 2.0 214.64 21.0 5440.0 3404.0 2036.0 0.0 214.513
11:09:00 100.0 4378.0 211.66 214.78 214.92 214.66 214.75 347.0 214.83 358.0 4378.0 2744.0 1634.0 0.0 214.7734
11:10:00 157.0 6120.0 211.66 214.72 214.96 214.63 214.69 45.0 214.74 139.0 6120.0 3594.0 2526.0 0.0 214.7628
11:11:00 120.0 3367.0 211.66 214.68 214.8 214.62 214.67 25.0 214.74 1.0 3367.0 2034.0 1333.0 0.0 214.7025
11:12:00 136.0 6668.0 211.66 214.91 214.95 214.705 214.88 250.0 214.94 1.0 6668.0 3565.0 3103.0 0.0 214.8511
11:13:00 176.0 11180.0 211.66 215.08 215.09 214.84 215.05 450.0 215.1 468.0 11180.0 8836.0 2344.0 0.0 214.9709
11:14:00 181.0 10907.0 211.66 215.0 215.28 214.95 214.96 100.0 215.02 50.0 10907.0 6422.0 4485.0 0.0 215.1224
11:15:00 126.0 7073.0 211.66 215.21 215.21 215.01 215.18 150.0 215.25 8.0 7073.0 3272.0 3801.0 0.0 215.0929
11:16:00 331.0 18016.0 211.66 215.3 215.34 215.19 215.23 802.0 215.3 1160.0 18016.0 13046.0 4970.0 0.0 215.2633
11:17:00 248.0 7047.0 211.66 215.15 215.36 215.14 215.13 16.0 215.17 100.0 7047.0 3914.0 3133.0 0.0 215.2857
11:18:00 190.0 8657.0 211.66 214.77 215.16 214.59 214.7 25.0 214.76 30.0 8657.0 3184.0 5473.0 0.0 214.8556
11:19:00 82.0 9009.0 211.66 214.76 214.82 214.63 214.75 190.0 214.83 225.0 9009.0 6978.0 2031.0 0.0 214.7269
11:20:00 167.0 7926.0 211.66 214.62 214.76 214.5 214.62 145.0 214.66 101.0 7926.0 4251.0 3675.0 0.0 214.627
11:21:00 133.0 4638.0 211.66 214.7 214.88 214.57 214.65 151.0 214.7 303.0 4638.0 2907.0 1731.0 0.0 214.6979
11:22:00 162.0 9846.0 211.66 214.97 214.97 214.7 214.9 412.0 214.97 400.0 9846.0 6085.0 3761.0 0.0 214.7765
11:23:00 327.0 19026.0 211.66 215.29 215.4 214.95 215.26 564.0 215.34 621.0 19026.0 16131.0 2895.0 0.0 215.2253
11:24:00 183.0 9321.0 211.66 215.45 215.46 215.25 215.42 9.0 215.47 250.0 9321.0 7975.0 1346.0 0.0 215.3459
11:25:00 202.0 10289.0 211.66 215.52 215.57 215.4 215.48 59.0 215.53 200.0 10289.0 7396.0 2893.0 0.0 215.493
11:26:00 131.0 6753.0 211.66 215.44 215.48 215.28 215.42 50.0 215.46 1006.0 6753.0 4343.0 2410.0 0.0 215.3755
11:27:00 167.0 7271.0 211.66 215.4 215.49 215.38 215.38 305.0 215.43 508.0 7271.0 3500.0 3771.0 0.0 215.4396
11:28:00 128.0 5137.0 211.66 215.45 215.45 215.3 215.4 270.0 215.45 100.0 5137.0 3414.0 1723.0 0.0 215.4023
11:29:00 271.0 13844.0 211.66 215.45 215.48 215.33 215.43 154.0 215.46 1.0 13844.0 4988.0 8856.0 0.0 215.408
11:30:00 338.0 21796.0 211.66 215.49 215.59 215.43 215.45 300.0 215.5 149.0 21796.0 10936.0 10860.0 0.0 215.5243
11:31:00 237.0 10840.0 211.66 215.61 215.65 215.44 215.6 300.0 215.64 300.0 10840.0 7067.0 3773.0 0.0 215.5401
11:32:00 345.0 19839.0 211.66 215.8 215.88 215.61 215.78 100.0 215.85 160.0 19839.0 15182.0 4657.0 0.0 215.7347
11:33:00 625.0 27704.0 211.66 216.03 216.03 215.87 216.0 702.0 216.03 865.0 27704.0 22364.0 5340.0 0.0 215.9795
11:34:00 239.0 13728.0 211.66 216.03 216.19 216.0 216.02 100.0 216.07 126.0 13728.0 11216.0 2512.0 0.0 216.0588
11:35:00 181.0 7038.0 211.66 216.02 216.11 215.91 216.01 223.0 216.05 300.0 7038.0 3140.0 3898.0 0.0 216.008
11:36:00 172.0 8175.0 211.66 216.05 216.15 215.99 216.02 763.0 216.07 6.0 8175.0 3972.0 4203.0 0.0 216.0632
11:37:00 116.0 4191.0 211.66 216.19 216.2 216.05 216.16 96.0 216.2 1345.0 4191.0 2442.0 1749.0 0.0 216.1212
11:38:00 342.0 16211.0 211.66 216.41 216.48 216.2 216.37 250.0 216.43 251.0 16211.0 12238.0 3973.0 0.0 216.333
11:39:00 285.0 13640.0 211.66 216.5 216.58 216.35 216.47 327.0 216.52 200.0 13640.0 10120.0 3520.0 0.0 216.4982
11:40:00 119.0 6120.0 211.66 216.44 216.55 216.39 216.44 10.0 216.48 500.0 6120.0 4758.0 1362.0 0.0 216.4653
11:41:00 173.0 6328.0 211.66 216.48 216.55 216.43 216.47 102.0 216.5 50.0 6328.0 4443.0 1885.0 0.0 216.4731
11:42:00 112.0 3557.0 211.66 216.42 216.58 216.41 216.43 5.0 216.47 201.0 3557.0 1583.0 1974.0 0.0 216.4897
11:43:00 101.0 5847.0 211.66 216.6 216.65 216.45 216.59 203.0 216.65 81.0 5847.0 4822.0 1025.0 0.0 216.565
11:44:00 147.0 6714.0 211.66 216.72 216.75 216.59 216.66 50.0 216.7 15.0 6714.0 4324.0 2390.0 0.0 216.6715
11:45:00 178.0 7584.0 211.66 216.76 216.87 216.67 216.76 270.0 216.82 8.0 7584.0 4149.0 3435.0 0.0 216.7846
11:46:00 120.0 4705.0 211.66 216.6 216.83 216.54 216.57 23.0 216.63 39.0 4705.0 2994.0 1711.0 0.0 216.6826
11:47:00 129.0 3438.0 211.66 216.7 216.75 216.61 216.66 510.0 216.72 200.0 3438.0 1337.0 2101.0 0.0 216.6766
11:48:00 165.0 8326.0 211.66 216.97 216.97 216.7 216.92 222.0 216.98 820.0 8326.0 5749.0 2577.0 0.0 216.8581
11:49:00 672.0 34635.0 211.66 217.14 217.26 216.95 217.1 202.0 217.17 2.0 34635.0 26506.0 8129.0 0.0 217.0692
11:50:00 175.0 10129.0 211.66 217.37 217.39 217.13 217.33 366.0 217.4 2522.0 10129.0 6843.0 3286.0 0.0 217.2628
11:51:00 308.0 13126.0 211.66 217.39 217.48 217.33 217.34 650.0 217.43 150.0 13126.0 7890.0 5236.0 0.0 217.3944
11:52:00 280.0 9866.0 211.66 217.38 217.5 217.27 217.36 127.0 217.39 5.0 9866.0 6061.0 3805.0 0.0 217.4261
11:53:00 164.0 5353.0 211.66 217.34 217.46 217.33 217.31 190.0 217.37 296.0 5353.0 2408.0 2945.0 0.0 217.4064
11:54:00 123.0 9959.0 211.66 217.42 217.47 217.34 217.4 20.0 217.43 100.0 9959.0 6998.0 2961.0 0.0 217.4189
11:55:00 421.0 20579.0 211.66 217.7 217.7 217.43 217.65 100.0 217.68 54.0 20579.0 14512.0 6067.0 0.0 217.537
11:56:00 152.0 6060.0 211.66 217.54 217.67 217.52 217.51 900.0 217.57 353.0 6060.0 2194.0 3866.0 0.0 217.5849
11:57:00 233.0 16381.0 211.66 217.59 217.65 217.52 217.59 3.0 217.63 302.0 16381.0 5157.0 11224.0 0.0 217.5849
11:58:00 96.0 4232.0 211.66 217.51 217.61 217.47 217.51 82.0 217.55 150.0 4232.0 1043.0 3189.0 0.0 217.5216
11:59:00 142.0 6088.0 211.66 217.56 217.59 217.51 217.53 314.0 217.58 1113.0 6088.0 3299.0 2789.0 0.0 217.5435
12:00:00 185.0 8406.0 211.66 217.41 217.65 217.41 217.39 9.0 217.45 526.0 8406.0 3937.0 4469.0 0.0 217.5694
12:01:00 157.0 7742.0 211.66 217.39 217.49 217.33 217.36 200.0 217.4 422.0 7742.0 6514.0 1228.0 0.0 217.4163
12:02:00 201.0 11659.0 211.66 217.21 217.43 217.19 217.18 100.0 217.21 69.0 11659.0 8984.0 2675.0 0.0 217.259
12:03:00 249.0 10765.0 211.66 217.03 217.22 217.02 217.03 72.0 217.06 3.0 10765.0 5138.0 5627.0 0.0 217.0863
12:04:00 95.0 5674.0 211.66 217.0 217.04 216.95 216.97 100.0 217.0 475.0 5674.0 3968.0 1706.0 0.0 217.0013
12:05:00 136.0 4430.0 211.66 216.96 217.0 216.87 216.95 201.0 216.99 8.0 4430.0 2301.0 2129.0 0.0 216.9511
12:06:00 94.0 4056.0 211.66 217.05 217.09 216.97 217.04 100.0 217.09 552.0 4056.0 2167.0 1889.0 0.0 217.0204
12:07:00 148.0 8331.0 211.66 217.19 217.29 217.08 217.14 117.0 217.19 150.0 8331.0 5251.0 3080.0 0.0 217.2067
12:08:00 125.0 6311.0 211.66 217.34 217.37 217.19 217.33 1.0 217.36 200.0 6311.0 5497.0 814.0 0.0 217.2919
12:09:00 214.0 12156.0 211.66 217.63 217.65 217.36 217.59 70.0 217.63 400.0 12156.0 10466.0 1690.0 0.0 217.5291
12:10:00 121.0 6107.0 211.66 217.56 217.65 217.43 217.52 918.0 217.59 200.0 6107.0 2671.0 3436.0 0.0 217.5562
12:11:00 110.0 5920.0 211.66 217.58 217.68 217.52 217.54 13.0 217.59 150.0 5920.0 3939.0 1981.0 0.0 217.6108
12:12:00 64.0 1954.0 211.66 217.58 217.6 217.45 217.56 198.0 217.59 20.0 1954.0 1112.0 842.0 0.0 217.5342
12:13:00 78.0 3307.0 211.66 217.54 217.67 217.54 217.55 50.0 217.59 300.0 3307.0 1461.0 1846.0 0.0 217.5921
12:14:00 91.0 3401.0 211.66 217.58 217.68 217.5 217.55 18.0 217.59 550.0 3401.0 2351.0 1050.0 0.0 217.6029
12:15:00 89.0 3165.0 211.66 217.63 217.63 217.48 217.61 161.0 217.65 421.0 3165.0 1227.0 1938.0 0.0 217.5194
12:16:00 110.0 3932.0 211.66 217.61 217.67 217.57 217.58 250.0 217.62 1.0 3932.0 2124.0 1808.0 0.0 217.6079
12:17:00 118.0 3837.0 211.66 217.68 217.68 217.56 217.65 12.0 217.68 40.0 3837.0 3023.0 814.0 0.0 217.6449
12:18:00 412.0 21217.0 211.66 217.92 217.94 217.64 217.9 250.0 217.93 8.0 21217.0 14262.0 6955.0 0.0 217.7793
12:19:00 143.0 11080.0 211.66 217.91 217.93 217.85 217.87 850.0 217.92 703.0 11080.0 6095.0 4985.0 0.0 217.8935
12:20:00 280.0 12812.0 211.66 217.47 217.92 217.43 217.45 850.0 217.5 221.0 12812.0 6319.0 6493.0 0.0 217.6491
12:21:00 102.0 3579.0 211.66 217.3 217.5 217.3 217.29 133.0 217.36 850.0 3579.0 1737.0 1842.0 0.0 217.4189
12:22:00 160.0 5267.0 211.66 217.11 217.3 217.1 217.08 1.0 217.12 101.0 5267.0 2675.0 2592.0 0.0 217.1648
12:23:00 87.0 3429.0 211.66 217.1 217.14 217.01 217.09 100.0 217.14 74.0 3429.0 2148.0 1281.0 0.0 217.0718
12:24:00 84.0 6386.0 211.66 216.98 217.13 216.92 216.94 127.0 216.99 651.0 6386.0 1539.0 4847.0 0.0 217.0085
12:25:00 179.0 6699.0 211.66 216.91 217.04 216.86 216.89 250.0 216.92 478.0 6699.0 2018.0 4681.0 0.0 216.9355
12:26:00 136.0 5570.0 211.66 217.01 217.01 216.78 217.0 20.0 217.05 151.0 5570.0 3206.0 2364.0 0.0 216.8917
12:27:00 59.0 2677.0 211.66 216.9 217.04 216.83 216.87 150.0 216.92 104.0 2677.0 906.0 1771.0 0.0 216.9016
12:28:00 85.0 4375.0 211.66 217.04 217.11 216.91 217.01 413.0 217.05 450.0 4375.0 3742.0 633.0 0.0 217.0092
12:29:00 128.0 6874.0 211.66 217.23 217.26 217.03 217.21 450.0 217.27 250.0 6874.0 3465.0 3409.0 0.0 217.1566
12:30:00 77.0 2137.0 211.66 217.16 217.29 217.16 217.16 327.0 217.19 200.0 2137.0 735.0 1402.0 0.0 217.248
12:31:00 85.0 2823.0 211.66 216.94 217.2 216.86 216.9 102.0 216.95 551.0 2823.0 1483.0 1340.0 0.0 217.0205
12:32:00 89.0 3399.0 211.66 216.94 216.98 216.8 216.91 100.0 216.97 1.0 3399.0 2306.0 1093.0 0.0 216.8952
12:33:00 82.0 2391.0 211.66 217.01 217.08 216.97 216.97 154.0 217.0 310.0 2391.0 1071.0 1320.0 0.0 217.0129
12:34:00 132.0 3919.0 211.66 216.92 216.98 216.8 216.85 337.0 216.91 1205.0 3919.0 2216.0 1703.0 0.0 216.9042
12:35:00 73.0 2519.0 211.66 216.94 216.94 216.83 216.9 20.0 216.98 1050.0 2519.0 1278.0 1241.0 0.0 216.8767
12:36:00 78.0 2495.0 211.66 217.09 217.09 216.9 217.06 200.0 217.1 1421.0 2495.0 1960.0 535.0 0.0 217.0176
12:37:00 158.0 9718.0 211.66 217.15 217.32 217.08 217.14 201.0 217.2 151.0 9718.0 7927.0 1791.0 0.0 217.2067
12:38:00 73.0 1931.0 211.66 217.16 217.27 217.1 217.12 352.0 217.19 150.0 1931.0 1350.0 581.0 0.0 217.1743
12:39:00 126.0 4721.0 211.66 217.2 217.33 217.13 217.15 100.0 217.21 12.0 4721.0 2776.0 1945.0 0.0 217.2574
12:40:00 93.0 3638.0 211.66 217.25 217.26 217.08 217.24 100.0 217.29 365.0 3638.0 2587.0 1051.0 0.0 217.187
12:41:00 85.0 4308.0 211.66 217.39 217.45 217.23 217.35 200.0 217.4 127.0 4308.0 2698.0 1610.0 0.0 217.3583
12:42:00 70.0 2518.0 211.66 217.36 217.47 217.33 217.33 150.0 217.36 100.0 2518.0 1488.0 1030.0 0.0 217.4068
12:43:00 56.0 2490.0 211.66 217.28 217.33 217.22 217.24 230.0 217.3 51.0 2490.0 1175.0 1315.0 0.0 217.2725
12:44:00 118.0 4225.0 211.66 217.23 217.31 217.12 217.2 130.0 217.27 800.0 4225.0 3093.0 1132.0 0.0 217.1852
12:45:00 65.0 2018.0 211.66 217.18 217.3 217.14 217.14 150.0 217.2 1049.0 2018.0 1121.0 897.0 0.0 217.2356
12:46:00 111.0 6020.0 211.66 217.23 217.3 217.07 217.21 150.0 217.25 4.0 6020.0 3641.0 2379.0 0.0 217.1835
12:47:00 90.0 4075.0 211.66 217.41 217.43 217.25 217.4 20.0 217.44 200.0 4075.0 3700.0 375.0 0.0 217.3551
12:48:00 84.0 2386.0 211.66 217.4 217.45 217.26 217.37 347.0 217.42 10.0 2386.0 1300.0 1086.0 0.0 217.3544
12:49:00 45.0 2239.0 211.66 217.28 217.38 217.28 217.29 38.0 217.33 257.0 2239.0 628.0 1611.0 0.0 217.3155
12:50:00 100.0 5600.0 211.66 217.15 217.33 217.14 217.16 94.0 217.2 610.0 5600.0 2377.0 3223.0 0.0 217.2067
12:51:00 65.0 2384.0 211.66 217.2 217.28 217.14 217.17 1084.0 217.23 452.0 2384.0 1654.0 730.0 0.0 217.2043
12:52:00 83.0 2997.0 211.66 217.13 217.27 217.04 217.1 150.0 217.14 100.0 2997.0 1632.0 1365.0 0.0 217.1613
12:53:00 54.0 3686.0 211.66 217.18 217.18 217.08 217.15 107.0 217.19 30.0 3686.0 1060.0 2626.0 0.0 217.1415
12:54:00 40.0 1699.0 211.66 217.17 217.21 217.13 217.15 39.0 217.19 368.0 1699.0 1175.0 524.0 0.0 217.1447
12:55:00 104.0 4139.0 211.66 217.32 217.32 217.17 217.3 101.0 217.33 404.0 4139.0 3103.0 1036.0 0.0 217.2427
12:56:00 82.0 5168.0 211.66 217.17 217.34 217.17 217.16 200.0 217.2 495.0 5168.0 1279.0 3889.0 0.0 217.2921
12:57:00 134.0 8443.0 211.66 217.42 217.42 217.12 217.4 446.0 217.44 2.0 8443.0 7059.0 1384.0 0.0 217.3136
12:58:00 234.0 10535.0 211.66 217.5 217.53 217.42 217.5 207.0 217.54 102.0 10535.0 9346.0 1189.0 0.0 217.494
12:59:00 289.0 11083.0 211.66 217.71 217.71 217.42 217.66 200.0 217.72 661.0 11083.0 8799.0 2284.0 0.0 217.5682
13:00:00 166.0 7801.0 211.66 217.765 217.77 217.6 217.76 4.0 217.77 1296.0 7801.0 5139.0 2662.0 0.0 217.7066
13:01:00 409.0 13850.0 211.66 217.7 217.84 217.65 217.68 100.0 217.73 850.0 13850.0 6163.0 7687.0 0.0 217.7526
13:02:00 124.0 6760.0 211.66 217.7 217.73 217.58 217.68 250.0 217.72 166.0 6760.0 3945.0 2815.0 0.0 217.6491
13:03:00 138.0 7154.0 211.66 217.81 217.81 217.66 217.79 50.0 217.84 433.0 7154.0 5277.0 1877.0 0.0 217.7363
13:04:00 214.0 10547.0 211.66 217.95 217.95 217.65 217.92 525.0 217.96 600.0 10547.0 8642.0 1905.0 0.0 217.8598
13:05:00 173.0 10490.0 211.66 217.96 217.97 217.87 217.93 54.0 217.96 207.0 10490.0 6454.0 4036.0 0.0 217.9439
13:06:00 994.0 58699.0 211.66 218.27 218.32 217.93 218.26 564.0 218.3 473.0 58699.0 53418.0 5281.0 0.0 218.0527
13:07:00 357.0 17445.0 211.66 218.12 218.33 218.11 218.1 500.0 218.13 102.0 17445.0 7814.0 9631.0 0.0 218.2282
13:08:00 164.0 5987.0 211.66 218.16 218.17 218.04 218.13 250.0 218.18 28.0 5987.0 3271.0 2716.0 0.0 218.1085
13:09:00 109.0 6550.0 211.66 218.19 218.25 218.16 218.16 176.0 218.21 100.0 6550.0 4704.0 1846.0 0.0 218.2063
13:10:00 277.0 10212.0 211.66 217.92 218.19 217.9 217.92 200.0 217.97 50.0 10212.0 2530.0 7682.0 0.0 218.0971
13:11:00 267.0 10002.0 211.66 217.82 217.92 217.7 217.77 223.0 217.83 550.0 10002.0 4946.0 5056.0 0.0 217.815
13:12:00 156.0 6220.0 211.66 217.75 217.79 217.68 217.72 259.0 217.76 300.0 6220.0 3203.0 3017.0 0.0 217.7372
13:13:00 419.0 16156.0 211.66 217.89 218.04 217.61 217.9 50.0 217.94 250.0 16156.0 10756.0 5400.0 0.0 217.8199
13:14:00 132.0 5365.0 211.66 217.755 217.9 217.74 217.74 325.0 217.79 500.0 5365.0 2369.0 2996.0 0.0 217.8128
13:15:00 105.0 5277.0 211.66 217.82 217.82 217.74 217.78 126.0 217.83 356.0 5277.0 3525.0 1752.0 0.0 217.7827
13:16:00 215.0 6971.0 211.66 217.8 217.91 217.72 217.76 504.0 217.82 50.0 6971.0 3210.0 3761.0 0.0 217.8197
13:17:00 84.0 4319.0 211.66 217.59 217.8 217.59 217.56 489.0 217.63 776.0 4319.0 894.0 3425.0 0.0 217.7129
13:18:00 137.0 6252.0 211.66 217.46 217.58 217.39 217.43 357.0 217.48 950.0 6252.0 3072.0 3180.0 0.0 217.449
13:19:00 53.0 2794.0 211.66 217.545 217.57 217.43 217.53 39.0 217.57 254.0 2794.0 1808.0 986.0 0.0 217.4749
13:20:00 82.0 3664.0 211.66 217.57 217.6 217.49 217.53 150.0 217.57 25.0 3664.0 1590.0 2074.0 0.0 217.5418
13:21:00 62.0 3381.0 211.66 217.55 217.67 217.55 217.54 1.0 217.58 350.0 3381.0 926.0 2455.0 0.0 217.5996
13:22:00 95.0 3224.0 211.66 217.52 217.61 217.51 217.52 209.0 217.56 500.0 3224.0 1215.0 2009.0 0.0 217.5532
13:23:00 100.0 3625.0 211.66 217.4 217.53 217.4 217.4 200.0 217.44 206.0 3625.0 1683.0 1942.0 0.0 217.4829
13:24:00 106.0 5069.0 211.66 217.43 217.45 217.25 217.43 10.0 217.46 50.0 5069.0 2337.0 2732.0 0.0 217.3375
13:25:00 35.0 1361.0 211.66 217.33 217.45 217.33 217.3 1075.0 217.36 100.0 1361.0 583.0 778.0 0.0 217.4019
13:26:00 81.0 2971.0 211.66 217.34 217.41 217.33 217.32 101.0 217.35 78.0 2971.0 2060.0 911.0 0.0 217.3536
13:27:00 113.0 6709.0 211.66 217.38 217.38 217.25 217.36 775.0 217.41 6.0 6709.0 2059.0 4650.0 0.0 217.2831
13:28:00 51.0 2290.0 211.66 217.35 217.45 217.35 217.36 600.0 217.41 100.0 2290.0 680.0 1610.0 0.0 217.4021
13:29:00 88.0 5533.0 211.66 217.36 217.38 217.3 217.34 2.0 217.38 110.0 5533.0 3545.0 1988.0 0.0 217.3368
13:30:00 110.0 6138.0 211.66 217.35 217.4 217.23 217.29 317.0 217.35 79.0 6138.0 1698.0 4440.0 0.0 217.2855
13:31:00 133.0 6983.0 211.66 217.28 217.32 217.21 217.23 350.0 217.28 273.0 6983.0 2318.0 4665.0 0.0 217.2692
13:32:00 43.0 3302.0 211.66 217.31 217.31 217.26 217.28 50.0 217.32 300.0 3302.0 3170.0 132.0 0.0 217.2845
13:33:00 153.0 7795.0 211.66 217.19 217.3 217.1 217.18 250.0 217.21 55.0 7795.0 2462.0 5333.0 0.0 217.2096
13:34:00 70.0 2980.0 211.66 217.22 217.27 217.17 217.2 44.0 217.22 1.0 2980.0 2160.0 820.0 0.0 217.2329
13:35:00 66.0 2232.0 211.66 217.35 217.35 217.18 217.34 151.0 217.36 7.0 2232.0 1986.0 246.0 0.0 217.2639
13:36:00 153.0 5705.0 211.66 217.5 217.51 217.36 217.47 417.0 217.52 475.0 5705.0 4182.0 1523.0 0.0 217.451
13:37:00 66.0 3607.0 211.66 217.53 217.56 217.44 217.53 206.0 217.55 300.0 3607.0 1412.0 2195.0 0.0 217.5117
13:38:00 122.0 9397.0 211.66 217.39 217.53 217.3 217.38 204.0 217.43 250.0 9397.0 1893.0 7504.0 0.0 217.474
13:39:00 54.0 2029.0 211.66 217.42 217.45 217.36 217.38 366.0 217.43 701.0 2029.0 1607.0 422.0 0.0 217.3986
13:40:00 131.0 5040.0 211.66 217.3 217.42 217.24 217.28 200.0 217.33 400.0 5040.0 2693.0 2347.0 0.0 217.3432
13:41:00 48.0 2531.0 211.66 217.18 217.29 217.16 217.15 50.0 217.21 300.0 2531.0 1129.0 1402.0 0.0 217.2319
13:42:00 77.0 2554.0 211.66 217.25 217.33 217.19 217.22 250.0 217.27 150.0 2554.0 1745.0 809.0 0.0 217.2658
13:43:00 60.0 2958.0 211.66 217.4 217.41 217.26 217.33 1.0 217.38 128.0 2958.0 2645.0 313.0 0.0 217.3471
13:44:00 158.0 4725.0 211.66 217.38 217.45 217.34 217.38 104.0 217.43 250.0 4725.0 2200.0 2525.0 0.0 217.3793
13:45:00 68.0 1798.0 211.66 217.39 217.49 217.37 217.38 10.0 217.42 650.0 1798.0 1048.0 750.0 0.0 217.4438
13:46:00 62.0 2648.0 211.66 217.35 217.38 217.29 217.3 254.0 217.35 440.0 2648.0 1581.0 1067.0 0.0 217.3159
13:47:00 38.0 1603.0 211.66 217.35 217.36 217.3 217.31 277.0 217.38 375.0 1603.0 1128.0 475.0 0.0 217.339
13:48:00 41.0 2240.0 211.66 217.25 217.32 217.2 217.24 102.0 217.27 50.0 2240.0 379.0 1861.0 0.0 217.2513
13:49:00 58.0 3105.0 211.66 217.26 217.3 217.15 217.26 37.0 217.3 250.0 3105.0 1099.0 2006.0 0.0 217.2214
13:50:00 51.0 2094.0 211.66 217.24 217.36 217.24 217.23 3.0 217.27 750.0 2094.0 1078.0 1016.0 0.0 217.3003
13:51:00 157.0 8519.0 211.66 217.04 217.23 216.95 217.01 601.0 217.07 250.0 8519.0 2448.0 6071.0 0.0 217.0357
13:52:00 171.0 6999.0 211.66 216.95 217.05 216.88 216.93 11.0 216.96 50.0 6999.0 4988.0 2011.0 0.0 216.9886
13:53:00 66.0 3380.0 211.66 217.02 217.07 216.91 216.99 164.0 217.03 110.0 3380.0 2802.0 578.0 0.0 217.0029
13:54:00 49.0 1402.0 211.66 217.11 217.11 217.02 217.09 275.0 217.14 477.0 1402.0 1143.0 259.0 0.0 217.0567
13:55:00 41.0 1591.0 211.66 217.1 217.1 217.05 217.09 150.0 217.11 1.0 1591.0 750.0 841.0 0.0 217.0818
13:56:00 111.0 3971.0 211.66 217.28 217.32 217.11 217.25 250.0 217.29 50.0 3971.0 1983.0 1988.0 0.0 217.2299
13:57:00 66.0 1567.0 211.66 217.35 217.39 217.29 217.33 400.0 217.38 11.0 1567.0 1152.0 415.0 0.0 217.33
13:58:00 52.0 1448.0 211.66 217.26 217.37 217.23 217.23 353.0 217.28 400.0 1448.0 912.0 536.0 0.0 217.2787
13:59:00 38.0 1724.0 211.66 217.2 217.29 217.19 217.2 27.0 217.22 50.0 1724.0 957.0 767.0 0.0 217.2217
14:00:00 51.0 1854.0 211.66 217.24 217.29 217.19 217.21 201.0 217.27 300.0 1854.0 1141.0 713.0 0.0 217.2443
14:01:00 144.0 6697.0 211.66 217.48 217.48 217.22 217.44 197.0 217.48 650.0 6697.0 4666.0 2031.0 0.0 217.3639
14:02:00 61.0 4168.0 211.66 217.47 217.5 217.36 217.43 100.0 217.48 900.0 4168.0 3273.0 895.0 0.0 217.446
14:03:00 122.0 4625.0 211.66 217.39 217.5 217.37 217.35 28.0 217.39 50.0 4625.0 2455.0 2170.0 0.0 217.4516
14:04:00 76.0 2695.0 211.66 217.38 217.45 217.31 217.35 100.0 217.41 352.0 2695.0 2167.0 528.0 0.0 217.39
14:05:00 58.0 2687.0 211.66 217.43 217.45 217.33 217.41 120.0 217.46 1002.0 2687.0 2257.0 430.0 0.0 217.4047
14:06:00 80.0 4554.0 211.66 217.335 217.42 217.27 217.3 151.0 217.36 372.0 4554.0 2119.0 2435.0 0.0 217.333
14:07:00 44.0 1397.0 211.66 217.35 217.37 217.29 217.34 117.0 217.39 88.0 1397.0 884.0 513.0 0.0 217.335
14:08:00 121.0 3485.0 211.66 217.57 217.57 217.33 217.51 775.0 217.58 1913.0 3485.0 2724.0 761.0 0.0 217.4757
14:09:00 93.0 4898.0 211.66 217.5 217.63 217.48 217.48 3.0 217.51 50.0 4898.0 3769.0 1129.0 0.0 217.5476
14:10:00 78.0 2502.0 211.66 217.43 217.5 217.29 217.39 346.0 217.46 1064.0 2502.0 1116.0 1386.0 0.0 217.3767
14:11:00 58.0 2429.0 211.66 217.55 217.56 217.44 217.53 150.0 217.58 426.0 2429.0 1449.0 980.0 0.0 217.525
14:12:00 105.0 4772.0 211.66 217.6 217.65 217.53 217.56 415.0 217.62 400.0 4772.0 2184.0 2588.0 0.0 217.5937
14:13:00 202.0 11866.0 211.66 217.7 217.79 217.53 217.68 10.0 217.71 25.0 11866.0 9602.0 2264.0 0.0 217.6913
14:14:00 69.0 2685.0 211.66 217.69 217.71 217.61 217.65 472.0 217.69 2.0 2685.0 1242.0 1443.0 0.0 217.6554
14:15:00 62.0 2353.0 211.66 217.62 217.71 217.55 217.6 386.0 217.65 200.0 2353.0 1442.0 911.0 0.0 217.6086
14:16:00 119.0 4695.0 211.66 217.55 217.73 217.46 217.52 325.0 217.56 7.0 4695.0 2032.0 2663.0 0.0 217.5907
14:17:00 91.0 3325.0 211.66 217.43 217.58 217.36 217.37 424.0 217.43 315.0 3325.0 1243.0 2082.0 0.0 217.4578
14:18:00 132.0 3927.0 211.66 217.3 217.4 217.21 217.28 1.0 217.32 150.0 3927.0 1436.0 2491.0 0.0 217.2986
14:19:00 110.0 4605.0 211.66 217.13 217.31 217.09 217.1 2.0 217.14 815.0 4605.0 2612.0 1993.0 0.0 217.22
14:20:00 132.0 6094.0 211.66 217.03 217.13 217.0 217.0 136.0 217.04 781.0 6094.0 3236.0 2858.0 0.0 217.0529
14:21:00 248.0 11828.0 211.66 216.75 217.04 216.75 216.76 22.0 216.79 4.0 11828.0 5304.0 6524.0 0.0 216.9283
14:22:00 349.0 18942.0 211.66 216.56 216.8 216.47 216.55 648.0 216.59 87.0 18942.0 6226.0 12716.0 0.0 216.6225
14:23:00 152.0 8109.0 211.66 216.27 216.59 216.23 216.27 344.0 216.3 200.0 8109.0 3795.0 4314.0 0.0 216.433
14:24:00 152.0 6623.0 211.66 216.29 216.31 216.2 216.27 3.0 216.32 553.0 6623.0 2718.0 3905.0 0.0 216.2602
14:25:00 139.0 7209.0 211.66 216.17 216.34 216.16 216.17 327.0 216.2 95.0 7209.0 2018.0 5191.0 0.0 216.2476
14:26:00 177.0 6273.0 211.66 216.21 216.24 216.13 216.18 458.0 216.24 496.0 6273.0 4475.0 1798.0 0.0 216.1868
14:27:00 129.0 4219.0 211.66 216.31 216.4 216.18 216.27 292.0 216.31 376.0 4219.0 2200.0 2019.0 0.0 216.288
14:28:00 101.0 4258.0 211.66 216.17 216.35 216.16 216.14 82.0 216.18 362.0 4258.0 1653.0 2605.0 0.0 216.2651
14:29:00 98.0 2296.0 211.66 216.46 216.46 216.12 216.41 174.0 216.47 374.0 2296.0 1482.0 814.0 0.0 216.3014
14:30:00 81.0 3387.0 211.66 216.46 216.5 216.37 216.44 19.0 216.49 92.0 3387.0 2050.0 1337.0 0.0 216.445
14:31:00 86.0 3217.0 211.66 216.34 216.44 216.28 216.32 50.0 216.38 401.0 3217.0 2021.0 1196.0 0.0 216.3465
14:32:00 60.0 2308.0 211.66 216.41 216.49 216.32 216.38 150.0 216.42 195.0 2308.0 1733.0 575.0 0.0 216.4111
14:33:00 42.0 1560.0 211.66 216.43 216.44 216.38 216.4 99.0 216.44 642.0 1560.0 1009.0 551.0 0.0 216.4115
14:34:00 118.0 5274.0 211.66 216.49 216.49 216.32 216.45 808.0 216.5 322.0 5274.0 3959.0 1315.0 0.0 216.4074
14:35:00 84.0 4276.0 211.66 216.57 216.57 216.45 216.51 302.0 216.57 434.0 4276.0 2533.0 1743.0 0.0 216.5047
14:36:00 98.0 8879.0 211.66 216.55 216.62 216.45 216.54 404.0 216.58 201.0 8879.0 1723.0 7156.0 0.0 216.5065
14:37:00 97.0 4417.0 211.66 216.58 216.61 216.51 216.56 102.0 216.61 850.0 4417.0 1915.0 2502.0 0.0 216.5539
14:38:00 89.0 3529.0 211.66 216.57 216.69 216.51 216.52 1.0 216.56 250.0 3529.0 1089.0 2440.0 0.0 216.6201
14:39:00 55.0 2258.0 211.66 216.65 216.65 216.53 216.6 400.0 216.66 1000.0 2258.0 1591.0 667.0 0.0 216.5936
14:40:00 64.0 3928.0 211.66 216.57 216.7 216.53 216.54 281.0 216.58 100.0 3928.0 2379.0 1549.0 0.0 216.5898
14:41:00 149.0 7256.0 211.66 216.38 216.57 216.31 216.37 256.0 216.41 24.0 7256.0 3330.0 3926.0 0.0 216.4182
14:42:00 67.0 2557.0 211.66 216.6 216.6 216.4 216.56 150.0 216.61 250.0 2557.0 2062.0 495.0 0.0 216.4951
14:43:00 73.0 4942.0 211.66 216.48 216.61 216.46 216.45 300.0 216.52 328.0 4942.0 3696.0 1246.0 0.0 216.5406
14:44:00 115.0 5800.0 211.66 216.36 216.5 216.34 216.36 100.0 216.41 251.0 5800.0 2956.0 2844.0 0.0 216.3874
14:45:00 91.0 3726.0 211.66 216.51 216.52 216.36 216.49 300.0 216.55 1450.0 3726.0 2674.0 1052.0 0.0 216.4591
14:46:00 38.0 1068.0 211.66 216.52 216.55 216.5 216.51 679.0 216.55 469.0 1068.0 587.0 481.0 0.0 216.5324
14:47:00 92.0 4020.0 211.66 216.38 216.55 216.38 216.36 1.0 216.4 383.0 4020.0 1717.0 2303.0 0.0 216.4825
14:48:00 57.0 2294.0 211.66 216.47 216.53 216.4 216.47 102.0 216.51 550.0 2294.0 1766.0 528.0 0.0 216.4632
14:49:00 106.0 3841.0 211.66 216.6 216.65 216.46 216.56 151.0 216.61 200.0 3841.0 2744.0 1097.0 0.0 216.5487
14:50:00 100.0 6213.0 211.66 216.41 216.6 216.36 216.36 204.0 216.41 51.0 6213.0 3787.0 2426.0 0.0 216.4446
14:51:00 60.0 2569.0 211.66 216.36 216.46 216.35 216.36 150.0 216.4 403.0 2569.0 1492.0 1077.0 0.0 216.3983
14:52:00 103.0 3568.0 211.66 216.43 216.44 216.36 216.42 411.0 216.44 100.0 3568.0 2288.0 1280.0 0.0 216.4093
14:53:00 76.0 2627.0 211.66 216.54 216.55 216.43 216.5 250.0 216.55 150.0 2627.0 1936.0 691.0 0.0 216.4821
14:54:00 84.0 2964.0 211.66 216.5 216.55 216.45 216.47 651.0 216.53 150.0 2964.0 1614.0 1350.0 0.0 216.4918
14:55:00 51.0 1374.0 211.66 216.46 216.53 216.44 216.44 7.0 216.47 11.0 1374.0 1025.0 349.0 0.0 216.491
14:56:00 108.0 5527.0 211.66 216.5 216.53 216.36 216.49 150.0 216.53 451.0 5527.0 2973.0 2554.0 0.0 216.442
14:57:00 76.0 3601.0 211.66 216.5 216.57 216.48 216.49 157.0 216.52 7.0 3601.0 1935.0 1666.0 0.0 216.5289
14:58:00 100.0 3033.0 211.66 216.54 216.56 216.515 216.53 300.0 216.58 600.0 3033.0 1426.0 1607.0 0.0 216.5404
14:59:00 80.0 2170.0 211.66 216.46 216.62 216.46 216.46 325.0 216.49 145.0 2170.0 1081.0 1089.0 0.0 216.5448
15:00:00 125.0 4576.0 211.66 216.39 216.49 216.38 216.39 327.0 216.41 100.0 4576.0 2463.0 2113.0 0.0 216.4299
15:01:00 126.0 4831.0 211.66 216.43 216.5 216.31 216.43 168.0 216.49 405.0 4831.0 2661.0 2170.0 0.0 216.3829
15:02:00 50.0 1254.0 211.66 216.4 216.51 216.4 216.4 294.0 216.43 1400.0 1254.0 696.0 558.0 0.0 216.4359
15:03:00 314.0 12912.0 211.66 216.22 216.4 216.22 216.21 1.0 216.22 5.0 12912.0 5916.0 6996.0 0.0 216.3234
15:04:00 122.0 5251.0 211.66 216.44 216.44 216.15 216.41 200.0 216.45 150.0 5251.0 4572.0 679.0 0.0 216.2657
15:05:00 125.0 4860.0 211.66 216.39 216.46 216.33 216.36 276.0 216.4 208.0 4860.0 2825.0 2035.0 0.0 216.3766
15:06:00 156.0 5157.0 211.66 216.43 216.5 216.35 216.39 118.0 216.41 100.0 5157.0 3043.0 2114.0 0.0 216.4285
15:07:00 131.0 5293.0 211.66 216.39 216.43 216.33 216.38 72.0 216.4 37.0 5293.0 3139.0 2154.0 0.0 216.392
15:08:00 101.0 4252.0 211.66 216.38 216.43 216.34 216.36 227.0 216.4 333.0 4252.0 3092.0 1160.0 0.0 216.3904
15:09:00 121.0 2893.0 211.66 216.36 216.4 216.31 216.32 550.0 216.37 208.0 2893.0 1969.0 924.0 0.0 216.3471
15:10:00 77.0 2517.0 211.66 216.37 216.405 216.33 216.36 246.0 216.39 401.0 2517.0 2117.0 400.0 0.0 216.3673
15:11:00 163.0 6686.0 211.66 216.28 216.37 216.2 216.25 176.0 216.29 307.0 6686.0 3329.0 3357.0 0.0 216.2744
15:12:00 101.0 2803.0 211.66 216.18 216.31 216.17 216.17 204.0 216.19 698.0 2803.0 995.0 1808.0 0.0 216.245
15:13:00 143.0 5474.0 211.66 216.11 216.24 216.09 216.1 556.0 216.14 173.0 5474.0 2525.0 2949.0 0.0 216.1496
15:14:00 120.0 4832.0 211.66 216.12 216.16 216.02 216.1 545.0 216.13 300.0 4832.0 2592.0 2240.0 0.0 216.0885
15:15:00 218.0 12020.0 211.66 216.2 216.21 216.09 216.19 128.0 216.23 400.0 12020.0 9938.0 2082.0 0.0 216.1623
15:16:00 169.0 9893.0 211.66 216.25 216.27 216.18 216.24 20.0 216.26 46.0 9893.0 7052.0 2841.0 0.0 216.2289
15:17:00 92.0 2200.0 211.66 216.34 216.38 216.225 216.34 4.0 216.36 245.0 2200.0 1257.0 943.0 0.0 216.2862
15:18:00 92.0 3718.0 211.66 216.3 216.35 216.255 216.29 162.0 216.32 584.0 3718.0 2227.0 1491.0 0.0 216.3069
15:19:00 89.0 3408.0 211.66 216.34 216.38 216.26 216.33 305.0 216.37 945.0 3408.0 1695.0 1713.0 0.0 216.3196
15:20:00 463.0 26038.0 211.66 216.6 216.65 216.32 216.59 52.0 216.61 11.0 26038.0 20380.0 5658.0 0.0 216.5485
15:21:00 215.0 9593.0 211.66 216.6 216.66 216.56 216.57 125.0 216.59 50.0 9593.0 7778.0 1815.0 0.0 216.6139
15:22:00 226.0 11727.0 211.66 216.59 216.7 216.51 216.59 400.0 216.62 100.0 11727.0 5207.0 6520.0 0.0 216.6141
15:23:00 468.0 22296.0 211.66 216.75 216.78 216.55 216.74 880.0 216.77 22.0 22296.0 14414.0 7882.0 0.0 216.6995
15:24:00 271.0 13646.0 211.66 216.61 216.86 216.52 216.6 4.0 216.62 150.0 13646.0 5726.0 7920.0 0.0 216.7119
15:25:00 121.0 6159.0 211.66 216.42 216.61 216.41 216.4 725.0 216.43 200.0 6159.0 3166.0 2993.0 0.0 216.492
15:26:00 146.0 6157.0 211.66 216.37 216.46 216.31 216.36 101.0 216.38 200.0 6157.0 3238.0 2919.0 0.0 216.3723
15:27:00 144.0 5885.0 211.66 216.42 216.5 216.31 216.41 994.0 216.46 346.0 5885.0 3850.0 2035.0 0.0 216.4151
15:28:00 181.0 7457.0 211.66 216.48 216.51 216.35 216.47 152.0 216.52 666.0 7457.0 5203.0 2254.0 0.0 216.4246
15:29:00 228.0 9221.0 211.66 216.47 216.63 216.45 216.45 1409.0 216.48 2.0 9221.0 4619.0 4602.0 0.0 216.5365
15:30:00 144.0 6842.0 211.66 216.6 216.6 216.4 216.58 817.0 216.62 400.0 6842.0 4288.0 2554.0 0.0 216.466
15:31:00 212.0 11643.0 211.66 216.67 216.68 216.5 216.66 200.0 216.68 600.0 11643.0 7668.0 3975.0 0.0 216.6058
15:32:00 431.0 18925.0 211.66 216.71 216.8 216.64 216.69 205.0 216.72 68.0 18925.0 11223.0 7702.0 0.0 216.69
15:33:00 163.0 6179.0 211.66 216.53 216.7 216.52 216.52 252.0 216.55 101.0 6179.0 4076.0 2103.0 0.0 216.6262
15:34:00 276.0 10464.0 211.66 216.2 216.57 216.2 216.19 222.0 216.21 300.0 10464.0 5141.0 5323.0 0.0 216.3887
15:35:00 247.0 10611.0 211.66 216.15 216.26 216.08 216.13 369.0 216.17 200.0 10611.0 6427.0 4184.0 0.0 216.1857
15:36:00 439.0 19868.0 211.66 215.92 216.13 215.81 215.89 1332.0 215.92 451.0 19868.0 7037.0 12831.0 0.0 215.9706
15:37:00 145.0 6281.0 211.66 215.88 215.95 215.81 215.82 510.0 215.86 320.0 6281.0 4229.0 2052.0 0.0 215.8724
15:38:00 197.0 9677.0 211.66 215.87 216.01 215.82 215.84 225.0 215.88 686.0 9677.0 5869.0 3808.0 0.0 215.9272
15:39:00 181.0 7071.0 211.66 215.785 215.87 215.75 215.75 508.0 215.78 100.0 7071.0 4752.0 2319.0 0.0 215.8035
15:40:00 141.0 6555.0 211.66 215.87 215.88 215.76 215.88 517.0 215.9 505.0 6555.0 3938.0 2617.0 0.0 215.826
15:41:00 154.0 7691.0 211.66 215.87 215.97 215.85 215.86 100.0 215.89 417.0 7691.0 4661.0 3030.0 0.0 215.9138
15:42:00 163.0 7730.0 211.66 215.99 216.0 215.87 215.98 231.0 216.01 264.0 7730.0 6344.0 1386.0 0.0 215.937
15:43:00 131.0 4089.0 211.66 216.09 216.12 215.98 216.06 988.0 216.1 10.0 4089.0 2526.0 1563.0 0.0 216.0544
15:44:00 204.0 7765.0 211.66 215.89 216.085 215.81 215.87 100.0 215.9 196.0 7765.0 4041.0 3724.0 0.0 215.9021
15:45:00 167.0 5909.0 211.66 215.85 215.87 215.77 215.82 320.0 215.86 296.0 5909.0 3346.0 2563.0 0.0 215.8279
15:46:00 180.0 4832.0 211.66 215.9 215.91 215.82 215.89 208.0 215.91 255.0 4832.0 3541.0 1291.0 0.0 215.8767
15:47:00 274.0 8775.0 211.66 215.84 215.95 215.76 215.84 32.0 215.86 101.0 8775.0 4688.0 4087.0 0.0 215.8559
15:48:00 187.0 9619.0 211.66 215.9 216.04 215.84 215.9 208.0 215.92 50.0 9619.0 6807.0 2812.0 0.0 215.9569
15:49:00 187.0 9573.0 211.66 215.77 215.92 215.76 215.76 23.0 215.78 220.0 9573.0 2643.0 6930.0 0.0 215.851
15:50:00 330.0 13108.0 211.66 215.77 215.87 215.69 215.74 50.0 215.77 22.0 13108.0 7765.0 5343.0 0.0 215.7678
15:51:00 452.0 15172.0 211.66 215.75 215.86 215.6 215.72 200.0 215.75 255.0 15172.0 8346.0 6826.0 0.0 215.7023
15:52:00 370.0 16181.0 211.66 215.72 215.83 215.7 215.7 295.0 215.72 200.0 16181.0 8254.0 7927.0 0.0 215.7623
15:53:00 257.0 11750.0 211.66 215.78 215.79 215.7 215.77 649.0 215.79 58.0 11750.0 5535.0 6215.0 0.0 215.7396
15:54:00 411.0 15821.0 211.66 215.65 215.77 215.57 215.65 5.0 215.66 1.0 15821.0 6736.0 9085.0 0.0 215.6562
15:55:00 647.0 29679.0 211.66 215.48 215.68 215.46 215.47 58.0 215.49 100.0 29679.0 14640.0 15039.0 0.0 215.5564
15:56:00 747.0 28055.0 211.66 215.51 215.59 215.46 215.5 55.0 215.51 17.0 28055.0 13378.0 14677.0 0.0 215.5195
15:57:00 582.0 23094.0 211.66 215.66 215.69 215.48 215.67 25.0 215.67 50.0 23094.0 14223.0 8871.0 0.0 215.5937
15:58:00 474.0 15942.0 211.66 215.65 215.69 215.59 215.64 802.0 215.65 554.0 15942.0 7589.0 8353.0 0.0 215.6388
15:59:00 610.0 29233.0 211.66 215.62 215.65 215.58 215.6 1303.0 215.62 795.0 29233.0 13045.0 16188.0 0.0 215.6177
16:00:00 1128.0 68573.0 211.66 215.5 215.74 215.41 215.48 71.0 215.5 15202.0 68573.0 31356.0 37217.0 0.0 215.5579
16:01:00 10.0 137.0 211.66 215.5 215.52 215.38 215.48 71.0 215.5 10907.0 137.0 62.0 75.0 0.0 215.4826
16:02:00 2.0 4.0 211.66 215.5 215.5 215.5 215.48 71.0 215.5 10903.0 4.0 4.0 0.0 0.0 215.5
16:03:00 1.0 200.0 211.66 215.41 215.41 215.41 215.48 71.0 215.5 10903.0 200.0 200.0 0.0 0.0 215.41
16:04:00 0.0 0.0 211.66 215.41 nan nan 215.48 71.0 215.49 4.0 nan 0.0 0.0 0.0 nan
16:05:00 9.0 69.0 211.66 215.26 215.5 215.26 215.48 71.0 215.49 25.0 69.0 23.0 46.0 0.0 215.3528
16:06:00 12.0 768.0 211.66 215.5 215.74 215.26 215.48 71.0 215.5 10834.0 768.0 768.0 0.0 0.0 215.4997
16:07:00 9.0 677.0 211.66 215.5 215.5 215.5 215.48 71.0 215.5 10865.0 677.0 569.0 108.0 0.0 215.5
16:08:00 4.0 216.0 211.66 215.45 215.5 215.4 215.48 71.0 215.5 10665.0 216.0 216.0 0.0 0.0 215.4928
16:09:00 113.0 6085.0 211.66 215.15 215.3 215.1 215.48 71.0 215.15 150.0 6085.0 5026.0 1059.0 0.0 215.1553
16:10:00 5.0 150.0 211.66 215.17 215.17 215.14 215.48 71.0 215.5 10665.0 150.0 150.0 0.0 0.0 215.15
16:11:00 4.0 21.0 211.66 215.3 215.63 215.3 215.48 71.0 215.4 10.0 21.0 0.0 21.0 0.0 215.361
16:12:00 2.0 10.0 211.66 215.17 215.25 215.17 215.48 71.0 215.49 100.0 10.0 0.0 10.0 0.0 215.25
16:13:00 0.0 0.0 211.66 215.17 nan nan 215.48 71.0 215.49 100.0 nan 0.0 0.0 0.0 nan
16:14:00 1.0 7.0 211.66 215.25 215.25 215.25 215.48 71.0 215.49 100.0 7.0 0.0 7.0 0.0 215.25
16:15:00 2.0 16.0 211.66 215.25 215.26 215.25 215.48 71.0 215.49 100.0 16.0 0.0 16.0 0.0 215.2531
16:16:00 3.0 18.0 211.66 215.25 215.25 215.25 215.48 71.0 215.49 100.0 18.0 1.0 17.0 0.0 215.25
16:17:00 4.0 116.0 211.66 215.48 215.48 215.25 215.48 71.0 215.49 100.0 116.0 100.0 16.0 0.0 215.25
16:18:00 2.0 11.0 211.66 215.25 215.25 215.2 215.48 71.0 215.49 100.0 11.0 0.0 11.0 0.0 215.2455
16:19:00 1.0 0.0 211.66 215.42 215.42 215.42 215.48 71.0 215.49 100.0 nan 0.0 0.0 0.0 nan
16:20:00 1.0 1.0 211.66 215.41 215.41 215.41 215.48 71.0 215.41 14.0 1.0 1.0 0.0 0.0 215.41
16:21:00 0.0 0.0 211.66 215.41 nan nan 215.48 71.0 215.41 14.0 nan 0.0 0.0 0.0 nan
16:22:00 0.0 0.0 211.66 215.41 nan nan 215.48 71.0 215.41 14.0 nan 0.0 0.0 0.0 nan
16:23:00 0.0 0.0 211.66 215.41 nan nan 215.48 71.0 215.41 14.0 nan 0.0 0.0 0.0 nan
16:24:00 0.0 0.0 211.66 215.41 nan nan 215.48 71.0 215.41 14.0 nan 0.0 0.0 0.0 nan
16:25:00 0.0 0.0 211.66 215.41 nan nan 215.48 71.0 215.41 14.0 nan 0.0 0.0 0.0 nan
16:26:00 3.0 20.0 211.66 215.4 215.4 215.2 215.48 71.0 215.3 30.0 20.0 0.0 20.0 0.0 215.23
16:27:00 0.0 0.0 211.66 215.4 nan nan 215.48 71.0 215.3 30.0 nan 0.0 0.0 0.0 nan
16:28:00 7.0 76.0 211.66 215.3 215.3 215.05 215.48 71.0 215.3 19.0 76.0 11.0 65.0 0.0 215.1121
16:29:00 0.0 0.0 211.66 215.3 nan nan 215.48 71.0 215.26 50.0 nan 0.0 0.0 0.0 nan
16:30:00 4.0 105.0 211.66 215.2 215.3 215.2 215.48 71.0 215.3 21.0 105.0 95.0 10.0 0.0 215.2714
16:31:00 6.0 30.0 211.66 215.06 215.44 215.06 215.48 71.0 215.3 20.0 30.0 30.0 0.0 0.0 215.35
16:32:00 1.0 20.0 211.66 215.25 215.25 215.25 215.48 71.0 215.3 19.0 20.0 0.0 20.0 0.0 215.25
16:33:00 1.0 1.0 211.66 215.3 215.3 215.3 215.48 71.0 215.3 18.0 1.0 1.0 0.0 0.0 215.3
16:34:00 2.0 0.0 211.66 215.29 215.36 215.29 215.48 71.0 215.3 18.0 nan 0.0 0.0 0.0 nan
16:35:00 6.0 80.0 211.66 215.08 215.11 215.06 215.48 71.0 215.3 38.0 80.0 0.0 80.0 0.0 215.1
16:36:00 5.0 0.0 211.66 215.26 215.27 215.26 215.48 71.0 215.3 38.0 nan 0.0 0.0 0.0 nan
16:37:00 41.0 111.0 211.66 215.48 215.48 215.06 215.48 71.0 215.38 5.0 111.0 88.0 23.0 0.0 215.3522
16:38:00 0.0 0.0 211.66 215.48 nan nan 215.48 71.0 215.38 5.0 nan 0.0 0.0 0.0 nan
16:39:00 3.0 3.0 211.66 215.28 215.28 215.17 215.48 71.0 215.28 82.0 3.0 3.0 0.0 0.0 215.28
16:40:00 4.0 18.0 211.66 215.14 215.28 215.14 215.48 71.0 215.28 64.0 18.0 18.0 0.0 0.0 215.28
16:41:00 16.0 138.0 211.66 215.15 215.3 215.12 215.48 71.0 215.39 25.0 138.0 107.0 31.0 0.0 215.2494
16:42:00 0.0 0.0 211.66 215.15 nan nan 215.48 71.0 215.39 25.0 nan 0.0 0.0 0.0 nan
16:43:00 0.0 0.0 211.66 215.15 nan nan 215.48 71.0 215.39 25.0 nan 0.0 0.0 0.0 nan
16:44:00 1.0 0.0 211.66 215.33 215.33 215.33 215.48 71.0 215.39 25.0 nan 0.0 0.0 0.0 nan
16:45:00 17.0 152.0 211.66 215.49 215.49 215.31 215.48 71.0 215.49 537.0 152.0 52.0 100.0 0.0 215.3749
16:46:00 3.0 200.0 211.66 215.47 215.47 215.34 215.48 71.0 215.49 537.0 200.0 0.0 200.0 0.0 215.395
16:47:00 25.0 1460.0 211.66 215.49 215.49 215.33 215.48 71.0 215.49 101.0 1460.0 573.0 887.0 0.0 215.4225
16:48:00 9.0 557.0 211.66 215.48 215.5 215.47 215.48 71.0 215.48 27.0 557.0 233.0 324.0 0.0 215.4865
16:49:00 3.0 105.0 211.66 215.45 215.45 215.43 215.48 71.0 215.48 27.0 105.0 0.0 105.0 0.0 215.431
16:50:00 9.0 710.0 211.66 215.49 215.5 215.48 215.48 71.0 215.49 2300.0 710.0 277.0 433.0 0.0 215.4903
16:51:00 5.0 455.0 211.66 215.49 215.49 215.47 215.48 71.0 215.49 1850.0 455.0 455.0 0.0 0.0 215.4898
16:52:00 5.0 1851.0 211.66 215.45 215.49 215.45 215.48 71.0 215.5 12640.0 1851.0 1851.0 0.0 0.0 215.49
16:53:00 4.0 140.0 211.66 215.49 215.49 215.45 215.48 71.0 215.5 12641.0 140.0 13.0 127.0 0.0 215.4786
16:54:00 0.0 0.0 211.66 215.49 nan nan 215.48 71.0 215.5 12641.0 nan 0.0 0.0 0.0 nan
16:55:00 0.0 0.0 211.66 215.49 nan nan 215.48 71.0 215.5 12641.0 nan 0.0 0.0 0.0 nan
16:56:00 0.0 0.0 211.66 215.49 nan nan 215.48 71.0 215.48 5.0 nan 0.0 0.0 0.0 nan
16:57:00 5.0 51.0 211.66 215.5 215.5 215.46 215.48 71.0 215.5 12696.0 51.0 50.0 1.0 0.0 215.4973
16:58:00 0.0 0.0 211.66 215.5 nan nan 215.48 71.0 215.5 12696.0 nan 0.0 0.0 0.0 nan
16:59:00 1.0 1.0 211.66 215.46 215.46 215.46 215.48 71.0 215.5 12696.0 1.0 0.0 1.0 0.0 215.46
17:00:00 7.0 295.0 211.66 215.5 215.5 215.45 215.49 100.0 215.5 12501.0 295.0 195.0 100.0 0.0 215.4831
