time trade_count trade_volume trade_first trade_last trade_high trade_low bid_price bid_size ask_price ask_size hid_vol buy_vol sell_vol unsided_vol vwap
09:00:00 nan 51.0 213.25 213.2 213.3 213.2 213.2 288.0 213.3 233.0 51.0 4.0 47.0 0.0 213.21
09:01:00 7.0 193.0 213.25 213.27 213.27 213.2 213.2 130.0 213.3 232.0 193.0 53.0 140.0 0.0 213.2192
09:02:00 14.0 272.0 213.25 213.3 213.32 213.29 213.3 200.0 213.5 1.0 272.0 232.0 40.0 0.0 213.3
09:03:00 7.0 113.0 213.25 213.5 213.5 213.3 213.3 194.0 213.5 69.0 113.0 11.0 102.0 0.0 213.3195
09:04:00 5.0 156.0 213.25 213.3 213.5 213.3 213.3 174.0 213.57 165.0 156.0 3.0 153.0 0.0 213.4718
09:05:00 3.0 65.0 213.25 213.3 213.45 213.3 213.3 159.0 213.57 165.0 65.0 0.0 65.0 0.0 213.4154
09:06:00 16.0 65.0 213.25 213.24 213.56 213.24 213.3 95.0 213.57 165.0 65.0 0.0 65.0 0.0 213.3
09:07:00 12.0 223.0 213.25 213.2 213.54 213.2 213.3 58.0 213.43 4.0 223.0 0.0 223.0 0.0 213.2203
09:08:00 119.0 2974.0 213.25 213.63 214.08 213.03 213.46 87.0 214.07 45.0 2974.0 1779.0 1195.0 0.0 213.6555
09:09:00 2.0 0.0 213.25 213.61 213.63 213.61 213.46 87.0 214.0 74.0 nan 0.0 0.0 0.0 nan
09:10:00 20.0 426.0 213.25 213.09 213.49 213.09 213.05 1300.0 213.36 126.0 426.0 334.0 92.0 0.0 213.1759
09:11:00 10.0 60.0 213.25 213.08 213.1 213.05 213.05 1300.0 213.36 83.0 60.0 60.0 0.0 0.0 213.1
09:12:00 24.0 1798.0 213.25 213.0 213.1 212.95 212.83 10.0 213.01 101.0 1798.0 0.0 1798.0 0.0 213.0356
09:13:00 2.0 11.0 213.25 212.81 212.83 212.81 212.8 21.0 212.95 3.0 11.0 0.0 11.0 0.0 212.8282
09:14:00 4.0 1.0 213.25 212.86 212.95 212.86 212.85 50.0 212.88 90.0 1.0 1.0 0.0 0.0 212.95
09:15:00 5.0 110.0 213.25 212.8 212.85 212.8 212.81 11.0 212.88 90.0 110.0 0.0 110.0 0.0 212.8264
09:16:00 59.0 878.0 213.25 212.53 212.81 212.5 212.51 100.0 212.88 30.0 878.0 296.0 582.0 0.0 212.6764
09:17:00 2.0 23.0 213.25 212.73 212.73 212.58 212.5 110.0 212.73 5.0 23.0 0.0 23.0 0.0 212.73
09:18:00 49.0 1222.0 213.25 212.3 212.61 212.01 212.3 19.0 212.5 72.0 1222.0 210.0 1012.0 0.0 212.3247
09:19:00 3.0 382.0 213.25 212.27 212.3 212.27 212.3 102.0 212.5 72.0 382.0 363.0 19.0 0.0 212.2715
09:20:00 6.0 58.0 213.25 212.57 212.73 212.46 212.7 50.0 212.81 3.0 58.0 29.0 29.0 0.0 212.5579
09:21:00 23.0 93.0 213.25 212.92 212.92 212.73 212.8 70.0 212.95 3.0 93.0 43.0 50.0 0.0 212.8022
09:22:00 38.0 613.0 213.25 212.74 212.98 212.73 212.73 200.0 212.81 2.0 613.0 464.0 149.0 0.0 212.7863
09:23:00 6.0 5.0 213.25 212.84 212.84 212.74 212.73 200.0 212.84 4.0 5.0 5.0 0.0 0.0 212.828
09:24:00 14.0 47.0 213.25 212.74 212.93 212.73 212.73 204.0 212.98 13.0 47.0 43.0 4.0 0.0 212.8355
09:25:00 5.0 103.0 213.25 212.9 212.91 212.74 212.73 201.0 212.98 13.0 103.0 3.0 100.0 0.0 212.9
09:26:00 8.0 1.0 213.25 212.8 212.97 212.74 212.8 9.0 212.98 171.0 1.0 0.0 1.0 0.0 212.8
09:27:00 12.0 128.0 213.25 212.8 212.8 212.73 212.74 28.0 212.98 14.0 128.0 116.0 12.0 0.0 212.7984
09:28:00 2.0 251.0 213.25 212.81 212.9 212.81 212.81 27.0 212.98 296.0 251.0 0.0 251.0 0.0 212.8996
09:29:00 19.0 850.0 213.25 212.74 212.81 212.65 212.61 4.0 212.75 250.0 850.0 0.0 850.0 0.0 212.781
09:30:00 54.0 638.0 213.25 213.4 213.79 212.71 212.81 1.0 213.8 400.0 638.0 618.0 20.0 0.0 213.0867
09:31:00 1522.0 62244.0 213.25 211.85 213.79 211.25 211.69 25.0 211.87 50.0 62244.0 23726.0 38518.0 0.0 211.9969
09:32:00 1480.0 19838.0 213.25 211.14 211.89 211.06 211.15 9.0 211.29 25.0 19838.0 5524.0 14314.0 0.0 211.4385
09:33:00 1368.0 42847.0 213.25 210.49 211.28 210.19 210.41 234.0 210.49 100.0 42847.0 10856.0 31991.0 0.0 210.7545
09:34:00 645.0 23808.0 213.25 211.6 211.6 210.04 211.47 10.0 211.61 18.0 23808.0 15431.0 8377.0 0.0 210.7588
09:35:00 488.0 18668.0 213.25 211.93 212.05 211.08 211.93 25.0 212.04 29.0 18668.0 10221.0 8447.0 0.0 211.6384
09:36:00 739.0 30542.0 213.25 210.97 212.1 210.8 210.98 300.0 211.14 120.0 30542.0 9936.0 20606.0 0.0 211.5721
09:37:00 396.0 12424.0 213.25 210.5 211.19 210.37 210.38 25.0 210.57 25.0 12424.0 3394.0 9030.0 0.0 210.7255
09:38:00 1229.0 50237.0 213.25 210.26 210.8 210.0 210.14 2.0 210.26 45.0 50237.0 9173.0 41064.0 0.0 210.0893
09:39:00 240.0 10562.0 213.25 210.15 210.31 209.92 210.11 160.0 210.2 147.0 10562.0 3305.0 7257.0 0.0 210.0853
09:40:00 382.0 11087.0 213.25 210.17 210.6 209.72 210.09 225.0 210.23 300.0 11087.0 4732.0 6355.0 0.0 210.0755
09:41:00 664.0 30076.0 213.25 209.34 210.09 209.24 209.3 2.0 209.35 300.0 30076.0 8457.0 21619.0 0.0 209.6797
09:42:00 801.0 32146.0 213.25 209.07 209.56 208.77 208.98 240.0 209.08 220.0 32146.0 12984.0 19162.0 0.0 209.1125
09:43:00 496.0 14933.0 213.25 208.72 209.2 208.59 208.63 236.0 208.74 125.0 14933.0 7958.0 6975.0 0.0 208.8145
09:44:00 630.0 18556.0 213.25 208.54 208.79 208.33 208.48 25.0 208.55 180.0 18556.0 6328.0 12228.0 0.0 208.551
09:45:00 840.0 35218.0 213.25 208.05 208.75 207.98 208.02 110.0 208.08 125.0 35218.0 9219.0 25999.0 0.0 208.2146
09:46:00 768.0 25686.0 213.25 208.5 208.54 207.74 208.42 5.0 208.5 356.0 25686.0 16727.0 8959.0 0.0 208.1637
09:47:00 382.0 11757.0 213.25 208.89 209.12 208.36 208.84 30.0 208.91 282.0 11757.0 7200.0 4557.0 0.0 208.689
09:48:00 494.0 16474.0 213.25 208.41 209.31 208.33 208.33 600.0 208.42 401.0 16474.0 7556.0 8918.0 0.0 208.8952
09:49:00 502.0 16742.0 213.25 208.15 208.81 208.04 208.14 100.0 208.21 113.0 16742.0 7437.0 9305.0 0.0 208.4404
09:50:00 848.0 31496.0 213.25 208.25 208.3 207.59 208.19 138.0 208.28 1.0 31496.0 12139.0 19357.0 0.0 207.8839
09:51:00 505.0 17007.0 213.25 208.1 208.59 208.02 208.07 29.0 208.14 230.0 17007.0 9772.0 7235.0 0.0 208.3001
09:52:00 363.0 14623.0 213.25 207.63 208.07 207.6 207.6 95.0 207.68 5.0 14623.0 2465.0 12158.0 0.0 207.7783
09:53:00 548.0 20643.0 213.25 207.93 208.17 207.44 207.9 82.0 207.96 10.0 20643.0 9204.0 11439.0 0.0 207.7218
09:54:00 335.0 13440.0 213.25 207.95 207.98 207.56 207.92 250.0 207.99 2.0 13440.0 5517.0 7923.0 0.0 207.7881
09:55:00 561.0 28615.0 213.25 207.35 207.94 207.29 207.28 106.0 207.35 25.0 28615.0 17414.0 11201.0 0.0 207.5962
09:56:00 462.0 14040.0 213.25 207.11 207.51 207.02 207.05 27.0 207.11 7.0 14040.0 7448.0 6592.0 0.0 207.2137
09:57:00 810.0 30669.0 213.25 206.73 207.12 206.56 206.68 150.0 206.77 10.0 30669.0 11415.0 19254.0 0.0 206.8546
09:58:00 697.0 26713.0 213.25 207.15 207.15 206.57 207.11 200.0 207.15 3720.0 26713.0 19511.0 7202.0 0.0 206.8808
09:59:00 505.0 17617.0 213.25 207.5 207.57 206.99 207.47 453.0 207.55 1025.0 17617.0 10976.0 6641.0 0.0 207.2024
10:00:00 550.0 21240.0 213.25 207.51 207.81 207.37 207.49 50.0 207.58 25.0 21240.0 10571.0 10669.0 0.0 207.625
10:01:00 493.0 14566.0 213.25 207.59 208.3 207.23 207.5 288.0 207.65 25.0 14566.0 6565.0 8001.0 0.0 207.8333
10:02:00 457.0 16340.0 213.25 206.85 207.61 206.79 206.8 333.0 206.87 417.0 16340.0 6469.0 9871.0 0.0 207.0839
10:03:00 543.0 17910.0 213.25 206.8 207.07 206.55 206.76 4.0 206.81 25.0 17910.0 8845.0 9065.0 0.0 206.8302
10:04:00 361.0 9949.0 213.25 206.76 206.87 206.6 206.78 100.0 206.85 501.0 9949.0 6018.0 3931.0 0.0 206.7321
10:05:00 360.0 12944.0 213.25 207.355 207.39 206.62 207.32 225.0 207.39 100.0 12944.0 6279.0 6665.0 0.0 206.9215
10:06:00 452.0 24038.0 213.25 208.14 208.17 207.32 208.05 100.0 208.15 46.0 24038.0 14844.0 9194.0 0.0 207.7504
10:07:00 531.0 20671.0 213.25 208.06 208.51 208.0 208.02 125.0 208.15 125.0 20671.0 10389.0 10282.0 0.0 208.264
10:08:00 323.0 10628.0 213.25 207.97 208.13 207.74 207.92 400.0 207.98 100.0 10628.0 5451.0 5177.0 0.0 207.9671
10:09:00 263.0 10823.0 213.25 207.5 207.98 207.5 207.44 48.0 207.51 70.0 10823.0 4620.0 6203.0 0.0 207.8015
10:10:00 232.0 8819.0 213.25 207.17 207.68 207.17 207.15 125.0 207.22 464.0 8819.0 4109.0 4710.0 0.0 207.3665
10:11:00 273.0 14209.0 213.25 207.0 207.26 206.9 206.93 625.0 207.05 25.0 14209.0 4903.0 9306.0 0.0 207.0663
10:12:00 225.0 10278.0 213.25 206.68 207.05 206.675 206.61 100.0 206.68 25.0 10278.0 2770.0 7508.0 0.0 206.8037
10:13:00 629.0 28437.0 213.25 206.37 206.68 206.2 206.35 158.0 206.41 250.0 28437.0 15348.0 13089.0 0.0 206.4227
10:14:00 311.0 10488.0 213.25 206.32 206.51 206.25 206.3 425.0 206.34 250.0 10488.0 6011.0 4477.0 0.0 206.3519
10:15:00 684.0 25861.0 213.25 205.92 206.35 205.92 205.91 1.0 205.97 225.0 25861.0 6923.0 18938.0 0.0 206.1178
10:16:00 416.0 11266.0 213.25 206.09 206.4 205.9 206.06 1.0 206.12 125.0 11266.0 6688.0 4578.0 0.0 206.062
10:17:00 405.0 15080.0 213.25 205.71 206.03 205.51 205.66 111.0 205.75 25.0 15080.0 5256.0 9824.0 0.0 205.6758
10:18:00 296.0 10240.0 213.25 205.75 205.81 205.47 205.71 25.0 205.78 76.0 10240.0 5456.0 4784.0 0.0 205.6205
10:19:00 302.0 11460.0 213.25 205.65 206.07 205.49 205.6 220.0 205.65 106.0 11460.0 4191.0 7269.0 0.0 205.658
10:20:00 287.0 11935.0 213.25 205.485 205.65 205.43 205.43 100.0 205.47 56.0 11935.0 6334.0 5601.0 0.0 205.5532
10:21:00 1285.0 48426.0 213.25 204.96 205.49 204.93 204.94 35.0 204.97 302.0 48426.0 9429.0 38997.0 0.0 205.1147
10:22:00 494.0 20888.0 213.25 204.78 205.09 204.77 204.79 13.0 204.86 74.0 20888.0 13709.0 7179.0 0.0 204.9614
10:23:00 350.0 11182.0 213.25 204.86 204.94 204.59 204.85 50.0 204.9 16.0 11182.0 5981.0 5201.0 0.0 204.7183
10:24:00 221.0 7974.0 213.25 205.0 205.06 204.8 204.99 25.0 205.07 100.0 7974.0 4847.0 3127.0 0.0 204.9316
10:25:00 451.0 9872.0 213.25 205.77 205.92 204.98 205.7 8.0 205.78 274.0 9872.0 6298.0 3574.0 0.0 205.4675
10:26:00 248.0 8916.0 213.25 206.06 206.18 205.58 206.06 25.0 206.18 125.0 8916.0 5430.0 3486.0 0.0 205.9532
10:27:00 360.0 10368.0 213.25 206.59 206.7 206.0 206.54 25.0 206.6 100.0 10368.0 6583.0 3785.0 0.0 206.4234
10:28:00 368.0 11911.0 213.25 207.15 207.15 206.54 207.08 193.0 207.15 174.0 11911.0 7483.0 4428.0 0.0 206.8582
10:29:00 339.0 10407.0 213.25 207.22 207.34 207.04 207.19 189.0 207.24 3.0 10407.0 5162.0 5245.0 0.0 207.1928
10:30:00 478.0 17511.0 213.25 206.98 207.42 206.9 207.0 169.0 207.08 464.0 17511.0 5631.0 11880.0 0.0 207.1964
10:31:00 539.0 24340.0 213.25 208.11 208.17 206.79 208.09 100.0 208.17 34.0 24340.0 16352.0 7988.0 0.0 207.5522
10:32:00 973.0 43784.0 213.25 208.65 208.65 208.05 208.59 10.0 208.68 650.0 43784.0 26414.0 17370.0 0.0 208.4062
10:33:00 266.0 11437.0 213.25 208.28 208.63 208.23 208.24 57.0 208.33 25.0 11437.0 3917.0 7520.0 0.0 208.4094
10:34:00 306.0 11812.0 213.25 208.6 208.61 208.2 208.57 4.0 208.63 700.0 11812.0 8050.0 3762.0 0.0 208.4323
10:35:00 553.0 21640.0 213.25 208.91 209.08 208.49 208.89 25.0 209.0 25.0 21640.0 12705.0 8935.0 0.0 208.8486
10:36:00 375.0 14596.0 213.25 208.87 209.26 208.78 208.82 200.0 208.89 5.0 14596.0 7864.0 6732.0 0.0 209.0016
10:37:00 245.0 10052.0 213.25 209.16 209.2 208.75 209.14 100.0 209.22 250.0 10052.0 5278.0 4774.0 0.0 208.9166
10:38:00 251.0 9504.0 213.25 209.25 209.33 209.04 209.19 255.0 209.25 52.0 9504.0 4477.0 5027.0 0.0 209.196
10:39:00 308.0 8289.0 213.25 208.89 209.34 208.64 208.86 25.0 208.94 25.0 8289.0 3823.0 4466.0 0.0 208.9797
10:40:00 338.0 12350.0 213.25 208.23 209.11 208.22 208.21 5.0 208.27 75.0 12350.0 4853.0 7497.0 0.0 208.6889
10:41:00 243.0 8562.0 213.25 208.57 208.78 208.05 208.52 25.0 208.63 402.0 8562.0 4145.0 4417.0 0.0 208.4166
10:42:00 411.0 17896.0 213.25 208.64 209.2 208.51 208.59 610.0 208.67 25.0 17896.0 10665.0 7231.0 0.0 208.7178
10:43:00 513.0 19184.0 213.25 208.58 209.2 208.49 208.48 25.0 208.62 125.0 19184.0 11396.0 7788.0 0.0 208.7535
10:44:00 275.0 7946.0 213.25 208.5 208.86 208.09 208.44 385.0 208.51 7.0 7946.0 5541.0 2405.0 0.0 208.4972
10:45:00 164.0 5042.0 213.25 208.75 208.77 208.06 208.68 200.0 208.81 25.0 5042.0 2255.0 2787.0 0.0 208.4293
10:46:00 212.0 7339.0 213.25 208.2 208.7 207.9 208.15 336.0 208.27 299.0 7339.0 3102.0 4237.0 0.0 208.1708
10:47:00 243.0 8923.0 213.25 208.47 208.6 207.96 208.4 100.0 208.53 225.0 8923.0 5684.0 3239.0 0.0 208.2649
10:48:00 259.0 10128.0 213.25 208.81 209.18 208.47 208.76 50.0 208.87 125.0 10128.0 7343.0 2785.0 0.0 208.782
10:49:00 222.0 11234.0 213.25 209.17 209.22 208.69 209.11 10.0 209.22 25.0 11234.0 8956.0 2278.0 0.0 209.0069
10:50:00 115.0 5583.0 213.25 209.22 209.28 209.11 209.15 526.0 209.24 200.0 5583.0 3157.0 2426.0 0.0 209.2048
10:51:00 259.0 14422.0 213.25 209.78 209.8 209.22 209.76 9.0 209.84 12.0 14422.0 10608.0 3814.0 0.0 209.4709
10:52:00 267.0 9931.0 213.25 209.6 209.86 209.41 209.51 25.0 209.61 766.0 9931.0 4942.0 4989.0 0.0 209.6363
10:53:00 173.0 7137.0 213.25 209.6 209.82 209.4 209.59 375.0 209.66 25.0 7137.0 4051.0 3086.0 0.0 209.6185
10:54:00 120.0 4686.0 213.25 209.65 209.78 209.43 209.56 25.0 209.67 25.0 4686.0 1688.0 2998.0 0.0 209.5721
10:55:00 258.0 12259.0 213.25 209.7 209.95 209.46 209.7 100.0 209.78 25.0 12259.0 7097.0 5162.0 0.0 209.7786
10:56:00 195.0 5419.0 213.25 209.68 209.75 209.31 209.6 25.0 209.74 325.0 5419.0 3047.0 2372.0 0.0 209.5397
10:57:00 117.0 4742.0 213.25 209.78 209.91 209.51 209.79 50.0 209.91 200.0 4742.0 2234.0 2508.0 0.0 209.8098
10:58:00 141.0 5031.0 213.25 209.78 209.94 209.73 209.76 429.0 209.87 50.0 5031.0 3106.0 1925.0 0.0 209.8316
10:59:00 194.0 8052.0 213.25 209.19 209.77 209.04 209.13 25.0 209.2 5.0 8052.0 1919.0 6133.0 0.0 209.4841
11:00:00 434.0 13326.0 213.25 209.13 209.32 208.78 209.19 25.0 209.27 200.0 13326.0 6828.0 6498.0 0.0 209.0976
11:01:00 169.0 6749.0 213.25 208.66 209.3 208.66 208.63 32.0 208.73 317.0 6749.0 3114.0 3635.0 0.0 208.9677
11:02:00 164.0 3723.0 213.25 208.36 208.92 208.3 208.33 30.0 208.39 35.0 3723.0 1748.0 1975.0 0.0 208.5975
11:03:00 144.0 4368.0 213.25 208.22 208.59 208.1 208.16 25.0 208.26 25.0 4368.0 1975.0 2393.0 0.0 208.2879
11:04:00 155.0 4416.0 213.25 208.55 208.7 208.21 208.5 6.0 208.59 357.0 4416.0 2313.0 2103.0 0.0 208.4452
11:05:00 104.0 3750.0 213.25 208.4 208.5 208.25 208.36 100.0 208.46 25.0 3750.0 1434.0 2316.0 0.0 208.4049
11:06:00 268.0 5925.0 213.25 208.87 208.87 208.37 208.81 5.0 208.88 120.0 5925.0 4365.0 1560.0 0.0 208.5693
11:07:00 186.0 10830.0 213.25 209.23 209.24 208.87 209.15 200.0 209.25 613.0 10830.0 8362.0 2468.0 0.0 209.0431
11:08:00 178.0 5965.0 213.25 209.3 209.47 209.14 209.28 100.0 209.35 236.0 5965.0 4695.0 1270.0 0.0 209.2765
11:09:00 88.0 2944.0 213.25 209.2 209.28 208.95 209.1 125.0 209.22 101.0 2944.0 1472.0 1472.0 0.0 209.0875
11:10:00 149.0 4603.0 213.25 209.48 209.49 209.07 209.4 325.0 209.49 3.0 4603.0 2964.0 1639.0 0.0 209.3323
11:11:00 181.0 9312.0 213.25 209.32 209.61 209.32 209.26 168.0 209.36 25.0 9312.0 4211.0 5101.0 0.0 209.4903
11:12:00 186.0 5709.0 213.25 209.32 209.37 208.97 209.25 200.0 209.32 25.0 5709.0 3218.0 2491.0 0.0 209.1592
11:13:00 239.0 8063.0 213.25 208.98 209.34 208.98 208.97 1.0 209.04 136.0 8063.0 4274.0 3789.0 0.0 209.1711
11:14:00 231.0 6968.0 213.25 209.11 209.28 208.95 209.06 175.0 209.14 30.0 6968.0 3199.0 3769.0 0.0 209.1304
11:15:00 186.0 5504.0 213.25 208.82 209.07 208.64 208.82 25.0 208.89 213.0 5504.0 2479.0 3025.0 0.0 208.8499
11:16:00 117.0 4844.0 213.25 209.25 209.25 208.83 209.22 120.0 209.28 25.0 4844.0 3429.0 1415.0 0.0 209.0949
11:17:00 176.0 5346.0 213.25 209.19 209.32 209.05 209.17 100.0 209.24 25.0 5346.0 2173.0 3173.0 0.0 209.1903
11:18:00 234.0 7552.0 213.25 209.34 209.48 209.08 209.32 25.0 209.38 5.0 7552.0 4187.0 3365.0 0.0 209.2694
11:19:00 231.0 7201.0 213.25 209.72 209.88 209.37 209.75 250.0 209.84 210.0 7201.0 4369.0 2832.0 0.0 209.6353
11:20:00 162.0 3666.0 213.25 209.51 209.9 209.44 209.48 225.0 209.57 200.0 3666.0 2122.0 1544.0 0.0 209.6414
11:21:00 117.0 4897.0 213.25 209.76 209.9 209.45 209.76 25.0 209.82 100.0 4897.0 3095.0 1802.0 0.0 209.6817
11:22:00 296.0 19258.0 213.25 210.37 210.42 209.75 210.32 25.0 210.39 163.0 19258.0 15804.0 3454.0 0.0 210.1311
11:23:00 148.0 3978.0 213.25 210.12 210.34 210.12 210.12 100.0 210.2 213.0 3978.0 1819.0 2159.0 0.0 210.237
11:24:00 171.0 7541.0 213.25 210.3 210.3 210.04 210.27 255.0 210.32 1211.0 7541.0 4814.0 2727.0 0.0 210.2192
11:25:00 169.0 8518.0 213.25 210.12 210.37 210.12 210.1 1703.0 210.17 250.0 8518.0 4068.0 4450.0 0.0 210.2786
11:26:00 326.0 13098.0 213.25 209.95 210.3 209.83 209.94 52.0 209.99 150.0 13098.0 3560.0 9538.0 0.0 210.0066
11:27:00 125.0 4913.0 213.25 209.95 210.15 209.89 209.91 120.0 209.99 250.0 4913.0 3031.0 1882.0 0.0 210.0002
11:28:00 146.0 5564.0 213.25 210.1 210.1 209.88 210.1 363.0 210.18 28.0 5564.0 1819.0 3745.0 0.0 210.0049
11:29:00 99.0 5506.0 213.25 210.35 210.35 210.13 210.26 16.0 210.34 25.0 5506.0 4101.0 1405.0 0.0 210.2343
11:30:00 219.0 8870.0 213.25 210.38 210.48 210.24 210.37 169.0 210.42 20.0 8870.0 4145.0 4725.0 0.0 210.3935
11:31:00 176.0 4830.0 213.25 210.21 210.41 209.97 210.19 463.0 210.27 25.0 4830.0 2021.0 2809.0 0.0 210.2333
11:32:00 233.0 9497.0 213.25 209.46 210.19 209.35 209.39 349.0 209.47 1.0 9497.0 3379.0 6118.0 0.0 209.7506
11:33:00 181.0 7726.0 213.25 210.13 210.15 209.47 210.09 240.0 210.18 50.0 7726.0 5217.0 2509.0 0.0 209.9231
11:34:00 117.0 4979.0 213.25 210.2 210.25 209.93 210.13 387.0 210.2 100.0 4979.0 2176.0 2803.0 0.0 210.1458
11:35:00 118.0 4146.0 213.25 210.1 210.27 209.83 210.08 433.0 210.15 100.0 4146.0 1951.0 2195.0 0.0 210.1193
11:36:00 303.0 9170.0 213.25 210.07 210.34 209.87 210.05 183.0 210.16 125.0 9170.0 5473.0 3697.0 0.0 210.1797
11:37:00 182.0 4837.0 213.25 210.05 210.3 209.95 209.97 25.0 210.05 179.0 4837.0 1971.0 2866.0 0.0 210.1186
11:38:00 139.0 4159.0 213.25 209.44 210.05 209.38 209.37 25.0 209.48 25.0 4159.0 2141.0 2018.0 0.0 209.7435
11:39:00 178.0 7209.0 213.25 208.91 209.37 208.85 208.87 25.0 208.97 15.0 7209.0 2134.0 5075.0 0.0 209.105
11:40:00 253.0 5975.0 213.25 208.95 209.17 208.84 208.89 159.0 208.95 11.0 5975.0 3654.0 2321.0 0.0 209.0128
11:41:00 133.0 3719.0 213.25 209.03 209.1 208.93 208.99 25.0 209.06 225.0 3719.0 3072.0 647.0 0.0 209.0119
11:42:00 87.0 4314.0 213.25 208.96 209.06 208.84 208.88 204.0 208.95 25.0 4314.0 2496.0 1818.0 0.0 208.9279
11:43:00 123.0 5097.0 213.25 209.22 209.23 208.86 209.2 192.0 209.27 20.0 5097.0 4035.0 1062.0 0.0 209.0534
11:44:00 197.0 6901.0 213.25 209.33 209.33 209.12 209.28 25.0 209.37 36.0 6901.0 3648.0 3253.0 0.0 209.2326
11:45:00 73.0 3772.0 213.25 209.37 209.4 209.18 209.3 235.0 209.37 100.0 3772.0 3158.0 614.0 0.0 209.3356
11:46:00 143.0 7005.0 213.25 209.27 209.39 209.07 209.22 153.0 209.3 212.0 7005.0 5303.0 1702.0 0.0 209.2562
11:47:00 92.0 3211.0 213.25 209.31 209.48 209.15 209.26 120.0 209.36 25.0 3211.0 1831.0 1380.0 0.0 209.3005
11:48:00 175.0 7626.0 213.25 208.78 209.34 208.7 208.75 25.0 208.81 5.0 7626.0 2961.0 4665.0 0.0 209.0394
11:49:00 174.0 7224.0 213.25 208.6 208.7 208.51 208.58 125.0 208.64 12.0 7224.0 5303.0 1921.0 0.0 208.6179
11:50:00 88.0 4941.0 213.25 208.64 208.74 208.59 208.64 229.0 208.72 466.0 4941.0 2261.0 2680.0 0.0 208.674
11:51:00 212.0 8844.0 213.25 208.62 208.7 208.38 208.61 25.0 208.69 200.0 8844.0 3363.0 5481.0 0.0 208.5605
11:52:00 213.0 7578.0 213.25 208.39 208.83 208.29 208.37 4.0 208.42 4.0 7578.0 3693.0 3885.0 0.0 208.5806
11:53:00 178.0 7469.0 213.25 208.42 208.61 208.2 208.37 75.0 208.43 179.0 7469.0 3004.0 4465.0 0.0 208.4083
11:54:00 154.0 7451.0 213.25 208.06 208.53 208.01 208.04 25.0 208.08 163.0 7451.0 2515.0 4936.0 0.0 208.2556
11:55:00 161.0 6592.0 213.25 208.07 208.32 208.0 208.06 200.0 208.14 400.0 6592.0 3752.0 2840.0 0.0 208.0858
11:56:00 107.0 4333.0 213.25 208.25 208.25 208.02 208.18 197.0 208.25 350.0 4333.0 2135.0 2198.0 0.0 208.0967
11:57:00 61.0 2948.0 213.25 208.17 208.21 208.05 208.18 300.0 208.24 200.0 2948.0 1346.0 1602.0 0.0 208.1232
11:58:00 117.0 4147.0 213.25 208.56 208.57 208.11 208.45 150.0 208.53 25.0 4147.0 2567.0 1580.0 0.0 208.3596
11:59:00 140.0 5387.0 213.25 208.52 208.58 208.21 208.45 135.0 208.53 25.0 5387.0 3041.0 2346.0 0.0 208.3631
12:00:00 132.0 4617.0 213.25 208.58 208.8 208.44 208.57 25.0 208.65 179.0 4617.0 3530.0 1087.0 0.0 208.6667
12:01:00 87.0 4390.0 213.25 208.32 208.55 208.2 208.25 225.0 208.35 150.0 4390.0 2610.0 1780.0 0.0 208.3426
12:02:00 173.0 5854.0 213.25 208.57 208.66 208.28 208.48 25.0 208.56 1.0 5854.0 4056.0 1798.0 0.0 208.594
12:03:00 110.0 3655.0 213.25 208.52 208.88 208.46 208.48 100.0 208.59 150.0 3655.0 2453.0 1202.0 0.0 208.697
12:04:00 156.0 5225.0 213.25 208.14 208.5 207.99 208.12 325.0 208.24 25.0 5225.0 1171.0 4054.0 0.0 208.093
12:05:00 125.0 2290.0 213.25 208.36 208.68 208.26 208.35 51.0 208.43 25.0 2290.0 1257.0 1033.0 0.0 208.5051
12:06:00 114.0 4113.0 213.25 208.58 208.68 208.42 208.61 25.0 208.71 129.0 4113.0 2922.0 1191.0 0.0 208.5112
12:07:00 147.0 4320.0 213.25 209.05 209.12 208.61 209.04 100.0 209.12 300.0 4320.0 2629.0 1691.0 0.0 208.9069
12:08:00 69.0 2544.0 213.25 208.94 209.04 208.88 208.91 100.0 208.99 426.0 2544.0 1193.0 1351.0 0.0 208.9831
12:09:00 71.0 2003.0 213.25 208.59 208.92 208.59 208.54 231.0 208.62 327.0 2003.0 1020.0 983.0 0.0 208.7285
12:10:00 105.0 6630.0 213.25 208.51 208.6 208.37 208.37 225.0 208.48 250.0 6630.0 1455.0 5175.0 0.0 208.515
12:11:00 111.0 3294.0 213.25 208.12 208.43 208.07 208.04 25.0 208.12 1.0 3294.0 1872.0 1422.0 0.0 208.2335
12:12:00 113.0 4499.0 213.25 208.14 208.35 208.11 208.08 100.0 208.16 204.0 4499.0 2533.0 1966.0 0.0 208.2155
12:13:00 298.0 7359.0 213.25 207.77 208.25 207.65 207.75 100.0 207.81 401.0 7359.0 2796.0 4563.0 0.0 207.8877
12:14:00 113.0 5104.0 213.25 208.02 208.02 207.75 207.98 25.0 208.03 200.0 5104.0 3662.0 1442.0 0.0 207.8884
12:15:00 122.0 6054.0 213.25 207.82 208.03 207.71 207.75 4.0 207.83 25.0 6054.0 3374.0 2680.0 0.0 207.9014
12:16:00 88.0 2745.0 213.25 207.77 207.89 207.68 207.7 679.0 207.8 101.0 2745.0 1554.0 1191.0 0.0 207.8063
12:17:00 135.0 5826.0 213.25 207.7 207.84 207.58 207.68 225.0 207.78 397.0 5826.0 3742.0 2084.0 0.0 207.7228
12:18:00 107.0 3707.0 213.25 207.45 207.71 207.45 207.45 2.0 207.5 301.0 3707.0 1015.0 2692.0 0.0 207.5656
12:19:00 160.0 5432.0 213.25 207.55 207.76 207.42 207.58 100.0 207.62 7.0 5432.0 3388.0 2044.0 0.0 207.5692
12:20:00 144.0 6585.0 213.25 207.34 207.65 207.3 207.29 350.0 207.35 1.0 6585.0 3636.0 2949.0 0.0 207.4513
12:21:00 142.0 6209.0 213.25 207.13 207.27 207.04 207.13 100.0 207.16 702.0 6209.0 3110.0 3099.0 0.0 207.1693
12:22:00 175.0 8898.0 213.25 207.25 207.32 207.09 207.26 100.0 207.32 300.0 8898.0 5898.0 3000.0 0.0 207.2016
12:23:00 164.0 9201.0 213.25 207.65 207.65 207.26 207.61 181.0 207.65 200.0 9201.0 7055.0 2146.0 0.0 207.4328
12:24:00 144.0 6342.0 213.25 207.62 207.79 207.46 207.61 200.0 207.67 206.0 6342.0 2067.0 4275.0 0.0 207.5847
12:25:00 139.0 6676.0 213.25 207.97 208.01 207.58 207.9 22.0 207.99 50.0 6676.0 4033.0 2643.0 0.0 207.91
12:26:00 135.0 4821.0 213.25 208.11 208.16 207.92 208.11 200.0 208.17 25.0 4821.0 3751.0 1070.0 0.0 208.0401
12:27:00 155.0 6177.0 213.25 208.07 208.33 208.06 208.06 25.0 208.13 401.0 6177.0 2068.0 4109.0 0.0 208.1806
12:28:00 223.0 10219.0 213.25 208.09 208.11 207.95 208.04 250.0 208.14 100.0 10219.0 4510.0 5709.0 0.0 208.0113
12:29:00 241.0 14895.0 213.25 208.33 208.35 208.13 208.33 70.0 208.36 7.0 14895.0 11365.0 3530.0 0.0 208.228
12:30:00 332.0 8711.0 213.25 208.26 208.38 208.17 208.26 100.0 208.32 407.0 8711.0 3447.0 5264.0 0.0 208.2691
12:31:00 202.0 6469.0 213.25 208.12 208.26 207.99 208.11 1.0 208.18 150.0 6469.0 2545.0 3924.0 0.0 208.1339
12:32:00 91.0 3988.0 213.25 208.19 208.36 208.06 208.15 161.0 208.21 125.0 3988.0 1813.0 2175.0 0.0 208.2352
12:33:00 335.0 12042.0 213.25 208.11 208.47 208.11 208.06 400.0 208.14 250.0 12042.0 8534.0 3508.0 0.0 208.254
12:34:00 153.0 4371.0 213.25 207.85 208.24 207.85 207.8 286.0 207.86 208.0 4371.0 2067.0 2304.0 0.0 208.0539
12:35:00 182.0 9879.0 213.25 207.89 207.99 207.64 207.9 25.0 207.98 182.0 9879.0 8105.0 1774.0 0.0 207.8686
12:36:00 329.0 17212.0 213.25 207.88 208.28 207.88 207.85 3.0 207.91 25.0 17212.0 12180.0 5032.0 0.0 208.1673
12:37:00 189.0 7605.0 213.25 207.22 207.97 207.2 207.17 100.0 207.24 112.0 7605.0 1812.0 5793.0 0.0 207.5324
12:38:00 180.0 3800.0 213.25 207.29 207.29 207.05 207.21 225.0 207.27 325.0 3800.0 1880.0 1920.0 0.0 207.1796
12:39:00 104.0 3906.0 213.25 207.42 207.55 207.23 207.42 4.0 207.5 200.0 3906.0 2315.0 1591.0 0.0 207.3895
12:40:00 111.0 5743.0 213.25 207.67 207.74 207.5 207.63 100.0 207.68 11.0 5743.0 4341.0 1402.0 0.0 207.6536
12:41:00 185.0 6118.0 213.25 207.99 208.01 207.63 207.98 200.0 208.04 36.0 6118.0 4653.0 1465.0 0.0 207.8299
12:42:00 85.0 2578.0 213.25 207.98 208.06 207.82 207.96 20.0 208.01 200.0 2578.0 956.0 1622.0 0.0 207.9549
12:43:00 97.0 2714.0 213.25 207.76 207.99 207.73 207.72 4.0 207.79 50.0 2714.0 915.0 1799.0 0.0 207.8385
12:44:00 185.0 5896.0 213.25 207.66 207.84 207.65 207.65 7.0 207.72 25.0 5896.0 3356.0 2540.0 0.0 207.7437
12:45:00 122.0 3973.0 213.25 207.59 207.66 207.4 207.56 2.0 207.66 25.0 3973.0 2287.0 1686.0 0.0 207.5381
12:46:00 122.0 3938.0 213.25 207.9 207.91 207.64 207.89 126.0 207.94 1.0 3938.0 3012.0 926.0 0.0 207.7304
12:47:00 190.0 5333.0 213.25 207.59 208.17 207.59 207.61 655.0 207.7 12.0 5333.0 3030.0 2303.0 0.0 207.9418
12:48:00 133.0 5307.0 213.25 207.71 207.8 207.6 207.68 550.0 207.73 5.0 5307.0 4133.0 1174.0 0.0 207.7334
12:49:00 120.0 4988.0 213.25 207.7 207.86 207.64 207.68 1.0 207.74 100.0 4988.0 2730.0 2258.0 0.0 207.7549
12:50:00 477.0 42060.0 213.25 207.28 207.7 207.2 207.25 200.0 207.34 597.0 42060.0 16425.0 25635.0 0.0 207.4874
12:51:00 161.0 5584.0 213.25 207.51 207.51 207.15 207.44 135.0 207.52 250.0 5584.0 3656.0 1928.0 0.0 207.314
12:52:00 70.0 2080.0 213.25 207.23 207.51 207.23 207.2 375.0 207.27 56.0 2080.0 512.0 1568.0 0.0 207.3959
12:53:00 146.0 5554.0 213.25 207.46 207.46 207.16 207.41 101.0 207.47 300.0 5554.0 3180.0 2374.0 0.0 207.285
12:54:00 186.0 6593.0 213.25 207.71 207.86 207.43 207.66 25.0 207.72 4.0 6593.0 3135.0 3458.0 0.0 207.6377
12:55:00 124.0 2917.0 213.25 207.63 207.85 207.54 207.6 26.0 207.65 324.0 2917.0 1282.0 1635.0 0.0 207.6831
12:56:00 62.0 2545.0 213.25 207.39 207.68 207.33 207.41 25.0 207.45 10.0 2545.0 1259.0 1286.0 0.0 207.4635
12:57:00 126.0 3939.0 213.25 207.35 207.47 207.12 207.34 100.0 207.39 25.0 3939.0 1466.0 2473.0 0.0 207.2961
12:58:00 158.0 6358.0 213.25 207.61 207.69 207.28 207.58 1241.0 207.64 300.0 6358.0 3563.0 2795.0 0.0 207.5175
12:59:00 145.0 4132.0 213.25 207.86 207.88 207.62 207.8 201.0 207.86 100.0 4132.0 2196.0 1936.0 0.0 207.7705
13:00:00 59.0 2359.0 213.25 207.76 207.82 207.7 207.74 50.0 207.82 202.0 2359.0 684.0 1675.0 0.0 207.758
13:01:00 179.0 5279.0 213.25 208.0 208.13 207.7 207.97 75.0 208.02 120.0 5279.0 3735.0 1544.0 0.0 207.8879
13:02:00 143.0 3923.0 213.25 207.79 208.12 207.73 207.73 925.0 207.83 200.0 3923.0 1841.0 2082.0 0.0 207.9715
13:03:00 111.0 3371.0 213.25 207.61 207.77 207.58 207.58 26.0 207.63 202.0 3371.0 1779.0 1592.0 0.0 207.68
13:04:00 117.0 4975.0 213.25 207.35 207.68 207.34 207.33 25.0 207.39 25.0 4975.0 2385.0 2590.0 0.0 207.5131
13:05:00 122.0 4074.0 213.25 207.22 207.39 207.14 207.2 50.0 207.26 100.0 4074.0 1995.0 2079.0 0.0 207.2653
13:06:00 100.0 2845.0 213.25 207.44 207.5 207.24 207.41 100.0 207.49 305.0 2845.0 1359.0 1486.0 0.0 207.3862
13:07:00 53.0 1679.0 213.25 207.61 207.62 207.39 207.56 110.0 207.63 50.0 1679.0 1050.0 629.0 0.0 207.5238
13:08:00 93.0 3052.0 213.25 207.45 207.56 207.3 207.44 50.0 207.48 43.0 3052.0 1501.0 1551.0 0.0 207.4097
13:09:00 223.0 8612.0 213.25 207.46 207.72 207.43 207.41 105.0 207.48 25.0 8612.0 5413.0 3199.0 0.0 207.6162
13:10:00 53.0 1525.0 213.25 207.42 207.52 207.37 207.42 526.0 207.48 100.0 1525.0 1308.0 217.0 0.0 207.4213
13:11:00 73.0 1631.0 213.25 207.83 207.84 207.48 207.8 201.0 207.85 1.0 1631.0 914.0 717.0 0.0 207.6228
13:12:00 238.0 6863.0 213.25 208.2 208.38 207.85 208.14 160.0 208.2 118.0 6863.0 5047.0 1816.0 0.0 208.1141
13:13:00 200.0 7642.0 213.25 208.32 208.43 208.06 208.26 101.0 208.34 220.0 7642.0 3576.0 4066.0 0.0 208.2818
13:14:00 77.0 2404.0 213.25 208.0 208.32 207.99 207.93 625.0 208.01 202.0 2404.0 928.0 1476.0 0.0 208.1085
13:15:00 99.0 3318.0 213.25 208.1 208.2 207.94 208.05 500.0 208.11 178.0 3318.0 1140.0 2178.0 0.0 208.0898
13:16:00 148.0 4388.0 213.25 207.92 208.13 207.83 207.88 374.0 207.95 30.0 4388.0 2032.0 2356.0 0.0 207.9913
13:17:00 182.0 3110.0 213.25 207.81 208.06 207.72 207.79 1.0 207.84 230.0 3110.0 2090.0 1020.0 0.0 207.8453
13:18:00 78.0 2187.0 213.25 207.93 207.97 207.73 207.92 201.0 207.99 200.0 2187.0 1410.0 777.0 0.0 207.8153
13:19:00 102.0 2216.0 213.25 207.67 207.955 207.65 207.65 3.0 207.7 100.0 2216.0 600.0 1616.0 0.0 207.7877
13:20:00 99.0 3810.0 213.25 207.46 207.72 207.42 207.42 10.0 207.47 67.0 3810.0 2313.0 1497.0 0.0 207.5038
13:21:00 121.0 5397.0 213.25 207.19 207.44 207.11 207.12 47.0 207.19 1080.0 5397.0 908.0 4489.0 0.0 207.2705
13:22:00 301.0 13603.0 213.25 206.95 207.2 206.95 206.98 75.0 207.02 300.0 13603.0 2139.0 11464.0 0.0 207.0269
13:23:00 152.0 7712.0 213.25 206.88 207.08 206.77 206.83 415.0 206.89 157.0 7712.0 3375.0 4337.0 0.0 206.8919
13:24:00 133.0 5745.0 213.25 206.82 207.04 206.72 206.77 400.0 206.83 155.0 5745.0 3233.0 2512.0 0.0 206.85
13:25:00 71.0 4935.0 213.25 206.91 207.03 206.83 206.86 225.0 206.94 226.0 4935.0 1572.0 3363.0 0.0 206.9235
13:26:00 161.0 5374.0 213.25 206.93 206.93 206.6 206.87 300.0 206.92 50.0 5374.0 2462.0 2912.0 0.0 206.7456
13:27:00 163.0 7276.0 213.25 207.06 207.13 206.78 207.03 4.0 207.08 100.0 7276.0 4410.0 2866.0 0.0 206.968
13:28:00 164.0 6615.0 213.25 207.29 207.4 206.93 207.25 6.0 207.31 163.0 6615.0 3393.0 3222.0 0.0 207.219
13:29:00 185.0 7209.0 213.25 207.06 207.42 207.04 207.01 125.0 207.07 25.0 7209.0 3178.0 4031.0 0.0 207.2757
13:30:00 107.0 4314.0 213.25 206.86 207.04 206.85 206.85 350.0 206.88 5.0 4314.0 1519.0 2795.0 0.0 206.9165
13:31:00 237.0 9740.0 213.25 207.54 207.54 206.72 207.47 305.0 207.55 22.0 9740.0 6608.0 3132.0 0.0 206.9392
13:32:00 89.0 3208.0 213.25 207.0 207.49 207.0 206.97 1.0 207.01 50.0 3208.0 1412.0 1796.0 0.0 207.3311
13:33:00 105.0 3788.0 213.25 207.18 207.27 206.91 207.18 1.0 207.26 125.0 3788.0 2200.0 1588.0 0.0 207.0844
13:34:00 84.0 2581.0 213.25 207.27 207.41 207.09 207.19 25.0 207.29 225.0 2581.0 1788.0 793.0 0.0 207.2992
13:35:00 96.0 4041.0 213.25 207.2 207.42 207.19 207.17 200.0 207.2 4.0 4041.0 2759.0 1282.0 0.0 207.3412
13:36:00 120.0 7021.0 213.25 206.96 207.17 206.92 206.91 328.0 206.96 379.0 7021.0 3222.0 3799.0 0.0 207.026
13:37:00 102.0 3566.0 213.25 207.01 207.26 206.96 207.0 455.0 207.08 101.0 3566.0 1878.0 1688.0 0.0 207.0975
13:38:00 90.0 3266.0 213.25 207.32 207.38 207.07 207.29 125.0 207.37 100.0 3266.0 2123.0 1143.0 0.0 207.246
13:39:00 128.0 6284.0 213.25 207.72 207.82 207.33 207.69 104.0 207.74 25.0 6284.0 4462.0 1822.0 0.0 207.6049
13:40:00 131.0 5315.0 213.25 207.49 207.79 207.43 207.46 25.0 207.54 20.0 5315.0 3430.0 1885.0 0.0 207.5544
13:41:00 66.0 2602.0 213.25 207.67 207.67 207.41 207.62 68.0 207.69 27.0 2602.0 1081.0 1521.0 0.0 207.4751
13:42:00 96.0 3416.0 213.25 207.67 207.85 207.56 207.65 39.0 207.72 201.0 3416.0 1757.0 1659.0 0.0 207.6582
13:43:00 132.0 5404.0 213.25 207.86 207.88 207.67 207.79 175.0 207.87 328.0 5404.0 3593.0 1811.0 0.0 207.7804
13:44:00 75.0 2433.0 213.25 207.83 207.92 207.75 207.8 250.0 207.86 1.0 2433.0 1306.0 1127.0 0.0 207.8259
13:45:00 85.0 3363.0 213.25 207.87 207.96 207.79 207.85 5.0 207.96 327.0 3363.0 2465.0 898.0 0.0 207.8735
13:46:00 135.0 4791.0 213.25 207.77 207.96 207.64 207.71 25.0 207.77 85.0 4791.0 1372.0 3419.0 0.0 207.7634
13:47:00 189.0 8023.0 213.25 207.66 208.01 207.59 207.61 504.0 207.68 50.0 8023.0 5516.0 2507.0 0.0 207.7937
13:48:00 158.0 4645.0 213.25 207.58 207.81 207.5 207.58 4.0 207.64 325.0 4645.0 2428.0 2217.0 0.0 207.6297
13:49:00 84.0 3314.0 213.25 207.5 207.64 207.49 207.5 1050.0 207.57 284.0 3314.0 2135.0 1179.0 0.0 207.5748
13:50:00 207.0 8623.0 213.25 208.04 208.04 207.57 207.97 105.0 208.04 384.0 8623.0 5914.0 2709.0 0.0 207.9055
13:51:00 253.0 10644.0 213.25 208.07 208.42 207.92 208.05 25.0 208.13 219.0 10644.0 6401.0 4243.0 0.0 208.1677
13:52:00 89.0 3702.0 213.25 207.79 208.03 207.68 207.75 4.0 207.81 25.0 3702.0 2066.0 1636.0 0.0 207.8368
13:53:00 57.0 1974.0 213.25 207.99 208.0 207.69 207.96 25.0 208.0 119.0 1974.0 1726.0 248.0 0.0 207.8049
13:54:00 76.0 2610.0 213.25 207.76 207.96 207.73 207.75 25.0 207.8 10.0 2610.0 617.0 1993.0 0.0 207.8432
13:55:00 89.0 4567.0 213.25 208.01 208.04 207.8 207.96 404.0 208.02 204.0 4567.0 1837.0 2730.0 0.0 207.9169
13:56:00 89.0 3262.0 213.25 207.96 208.02 207.84 207.87 1011.0 207.96 201.0 3262.0 1502.0 1760.0 0.0 207.9457
13:57:00 59.0 2489.0 213.25 207.79 207.96 207.72 207.79 151.0 207.88 125.0 2489.0 1301.0 1188.0 0.0 207.8408
13:58:00 93.0 3460.0 213.25 208.05 208.05 207.7 208.0 301.0 208.06 232.0 3460.0 2254.0 1206.0 0.0 207.85
13:59:00 126.0 6446.0 213.25 207.5 208.08 207.48 207.47 4.0 207.55 166.0 6446.0 3061.0 3385.0 0.0 207.819
14:00:00 113.0 4375.0 213.25 207.48 207.58 207.22 207.42 125.0 207.48 140.0 4375.0 2256.0 2119.0 0.0 207.3842
14:01:00 92.0 3887.0 213.25 207.51 207.62 207.37 207.5 400.0 207.57 25.0 3887.0 1295.0 2592.0 0.0 207.4789
14:02:00 97.0 3413.0 213.25 207.29 207.59 207.25 207.32 201.0 207.36 262.0 3413.0 1884.0 1529.0 0.0 207.3408
14:03:00 145.0 5208.0 213.25 207.55 207.56 207.31 207.54 576.0 207.59 1.0 5208.0 2081.0 3127.0 0.0 207.4041
14:04:00 201.0 8071.0 213.25 207.67 207.69 207.41 207.62 25.0 207.69 100.0 8071.0 3650.0 4421.0 0.0 207.5351
14:05:00 198.0 12481.0 213.25 207.91 207.94 207.65 207.88 100.0 207.91 257.0 12481.0 8072.0 4409.0 0.0 207.7968
14:06:00 255.0 12642.0 213.25 208.03 208.11 207.84 208.03 77.0 208.1 300.0 12642.0 7774.0 4868.0 0.0 207.9779
14:07:00 134.0 4843.0 213.25 208.28 208.42 208.11 208.27 102.0 208.33 293.0 4843.0 3047.0 1796.0 0.0 208.2914
14:08:00 104.0 3328.0 213.25 208.2 208.27 207.96 208.15 78.0 208.2 59.0 3328.0 1288.0 2040.0 0.0 208.105
14:09:00 141.0 4355.0 213.25 208.0 208.15 207.88 207.94 75.0 208.03 100.0 4355.0 1808.0 2547.0 0.0 208.0265
14:10:00 89.0 4525.0 213.25 207.89 208.12 207.89 207.9 75.0 207.97 200.0 4525.0 1711.0 2814.0 0.0 208.0134
14:11:00 104.0 5335.0 213.25 207.98 208.13 207.94 207.9 298.0 207.98 419.0 5335.0 1233.0 4102.0 0.0 208.046
14:12:00 111.0 4297.0 213.25 207.79 208.01 207.79 207.75 298.0 207.83 10.0 4297.0 2300.0 1997.0 0.0 207.921
14:13:00 62.0 2832.0 213.25 207.81 207.89 207.7 207.77 507.0 207.84 200.0 2832.0 1724.0 1108.0 0.0 207.7791
14:14:00 102.0 3557.0 213.25 208.04 208.09 207.76 208.04 105.0 208.12 202.0 3557.0 1333.0 2224.0 0.0 207.9555
14:15:00 158.0 7009.0 213.25 208.01 208.13 207.85 208.0 77.0 208.08 312.0 7009.0 4620.0 2389.0 0.0 208.0088
14:16:00 275.0 14454.0 213.25 208.43 208.52 208.04 208.37 247.0 208.45 400.0 14454.0 10178.0 4276.0 0.0 208.2507
14:17:00 123.0 4955.0 213.25 208.12 208.37 208.0 208.02 1.0 208.1 100.0 4955.0 2402.0 2553.0 0.0 208.1854
14:18:00 77.0 3270.0 213.25 208.07 208.08 207.95 208.04 100.0 208.11 400.0 3270.0 1352.0 1918.0 0.0 208.0212
14:19:00 55.0 1914.0 213.25 208.06 208.2 207.99 208.01 79.0 208.07 214.0 1914.0 732.0 1182.0 0.0 208.0691
14:20:00 146.0 5918.0 213.25 207.91 208.03 207.81 207.88 271.0 207.92 273.0 5918.0 2641.0 3277.0 0.0 207.9409
14:21:00 123.0 4345.0 213.25 207.82 207.94 207.66 207.78 279.0 207.86 300.0 4345.0 1755.0 2590.0 0.0 207.7842
14:22:00 92.0 3159.0 213.25 207.88 208.02 207.82 207.86 150.0 207.92 211.0 3159.0 1492.0 1667.0 0.0 207.9014
14:23:00 81.0 2808.0 213.25 207.85 207.92 207.79 207.8 463.0 207.87 511.0 2808.0 1530.0 1278.0 0.0 207.8598
14:24:00 169.0 7229.0 213.25 207.81 207.92 207.72 207.78 100.0 207.84 379.0 7229.0 4596.0 2633.0 0.0 207.8364
14:25:00 120.0 3435.0 213.25 208.2 208.2 207.84 208.16 200.0 208.2 6.0 3435.0 2047.0 1388.0 0.0 208.0364
14:26:00 166.0 5508.0 213.25 207.96 208.2 207.85 207.88 270.0 207.96 577.0 5508.0 2375.0 3133.0 0.0 208.0494
14:27:00 116.0 4045.0 213.25 207.71 208.05 207.65 207.66 50.0 207.77 48.0 4045.0 1289.0 2756.0 0.0 207.8105
14:28:00 72.0 2301.0 213.25 207.66 207.71 207.56 207.63 93.0 207.68 418.0 2301.0 1244.0 1057.0 0.0 207.6395
14:29:00 123.0 4103.0 213.25 207.52 207.66 207.4 207.49 587.0 207.55 425.0 4103.0 1743.0 2360.0 0.0 207.5348
14:30:00 115.0 6316.0 213.25 207.31 207.49 207.22 207.29 100.0 207.37 50.0 6316.0 3058.0 3258.0 0.0 207.3551
14:31:00 120.0 5726.0 213.25 207.25 207.35 207.15 207.22 4.0 207.27 101.0 5726.0 1353.0 4373.0 0.0 207.2374
14:32:00 203.0 7501.0 213.25 207.35 207.48 207.22 207.32 123.0 207.4 150.0 7501.0 5479.0 2022.0 0.0 207.3514
14:33:00 94.0 4448.0 213.25 207.3 207.38 207.25 207.3 279.0 207.34 200.0 4448.0 2705.0 1743.0 0.0 207.3127
14:34:00 116.0 5271.0 213.25 207.29 207.4 207.25 207.22 200.0 207.29 820.0 5271.0 2090.0 3181.0 0.0 207.3293
14:35:00 218.0 10269.0 213.25 207.29 207.38 207.2 207.24 367.0 207.31 1.0 10269.0 6832.0 3437.0 0.0 207.3025
14:36:00 245.0 12903.0 213.25 206.99 207.25 206.9 206.99 72.0 207.04 156.0 12903.0 1856.0 11047.0 0.0 207.0163
14:37:00 227.0 6619.0 213.25 207.39 207.46 207.02 207.42 2.0 207.47 14.0 6619.0 3816.0 2803.0 0.0 207.2225
14:38:00 148.0 4478.0 213.25 207.48 207.67 207.3 207.45 199.0 207.53 4.0 4478.0 1748.0 2730.0 0.0 207.5031
14:39:00 149.0 4687.0 213.25 207.65 207.8 207.45 207.63 125.0 207.73 100.0 4687.0 2778.0 1909.0 0.0 207.6462
14:40:00 87.0 3355.0 213.25 207.65 207.76 207.62 207.63 326.0 207.7 325.0 3355.0 1457.0 1898.0 0.0 207.6769
14:41:00 142.0 5066.0 213.25 207.74 208.0 207.66 207.72 176.0 207.8 25.0 5066.0 3056.0 2010.0 0.0 207.8022
14:42:00 85.0 3673.0 213.25 207.38 207.79 207.38 207.39 100.0 207.48 25.0 3673.0 1162.0 2511.0 0.0 207.5973
14:43:00 125.0 3819.0 213.25 207.5 207.62 207.3 207.46 275.0 207.55 225.0 3819.0 2460.0 1359.0 0.0 207.5007
14:44:00 50.0 1896.0 213.25 207.35 207.51 207.33 207.35 25.0 207.42 161.0 1896.0 566.0 1330.0 0.0 207.4114
14:45:00 167.0 5414.0 213.25 207.35 207.45 207.28 207.32 276.0 207.4 79.0 5414.0 2180.0 3234.0 0.0 207.3607
14:46:00 66.0 2865.0 213.25 207.32 207.35 207.19 207.26 214.0 207.33 257.0 2865.0 840.0 2025.0 0.0 207.2867
14:47:00 216.0 11206.0 213.25 207.39 207.49 207.19 207.37 76.0 207.45 100.0 11206.0 2597.0 8609.0 0.0 207.2593
14:48:00 119.0 3757.0 213.25 207.37 207.47 207.27 207.36 73.0 207.41 25.0 3757.0 2297.0 1460.0 0.0 207.3712
14:49:00 77.0 3631.0 213.25 207.23 207.39 207.15 207.19 178.0 207.26 135.0 3631.0 792.0 2839.0 0.0 207.2461
14:50:00 117.0 4580.0 213.25 207.38 207.44 207.24 207.32 198.0 207.39 76.0 4580.0 2386.0 2194.0 0.0 207.3466
14:51:00 113.0 4343.0 213.25 207.15 207.37 207.15 207.12 285.0 207.18 50.0 4343.0 2014.0 2329.0 0.0 207.2347
14:52:00 135.0 4759.0 213.25 206.87 207.14 206.87 206.85 57.0 206.89 247.0 4759.0 1149.0 3610.0 0.0 206.9751
14:53:00 142.0 5658.0 213.25 206.91 206.93 206.77 206.9 270.0 206.98 250.0 5658.0 3054.0 2604.0 0.0 206.8438
14:54:00 81.0 2500.0 213.25 206.91 207.02 206.9 206.93 77.0 207.01 200.0 2500.0 1339.0 1161.0 0.0 206.9687
14:55:00 68.0 2997.0 213.25 206.91 207.0 206.88 206.87 72.0 206.92 25.0 2997.0 439.0 2558.0 0.0 206.9289
14:56:00 146.0 4643.0 213.25 206.99 207.13 206.87 206.93 100.0 206.99 300.0 4643.0 2436.0 2207.0 0.0 207.0134
14:57:00 83.0 3418.0 213.25 206.88 206.97 206.85 206.81 2.0 206.94 50.0 3418.0 2061.0 1357.0 0.0 206.9124
14:58:00 147.0 6382.0 213.25 206.56 206.9 206.55 206.55 107.0 206.59 5.0 6382.0 1527.0 4855.0 0.0 206.6913
14:59:00 198.0 9322.0 213.25 206.4 206.55 206.32 206.35 352.0 206.41 200.0 9322.0 3632.0 5690.0 0.0 206.4894
15:00:00 218.0 10606.0 213.25 206.29 206.41 206.2 206.26 341.0 206.3 1.0 10606.0 5201.0 5405.0 0.0 206.2897
15:01:00 233.0 11162.0 213.25 206.28 206.32 206.08 206.25 51.0 206.3 20.0 11162.0 6137.0 5025.0 0.0 206.1722
15:02:00 147.0 5814.0 213.25 206.33 206.44 206.24 206.28 223.0 206.33 1.0 5814.0 2162.0 3652.0 0.0 206.307
15:03:00 227.0 9618.0 213.25 206.37 206.47 206.26 206.35 400.0 206.39 50.0 9618.0 2392.0 7226.0 0.0 206.3774
15:04:00 145.0 5246.0 213.25 206.35 206.47 206.23 206.32 100.0 206.35 1.0 5246.0 2865.0 2381.0 0.0 206.3171
15:05:00 264.0 11838.0 213.25 206.19 206.36 206.08 206.16 28.0 206.21 400.0 11838.0 2438.0 9400.0 0.0 206.2008
15:06:00 103.0 3970.0 213.25 206.2 206.23 206.1 206.16 15.0 206.23 173.0 3970.0 2308.0 1662.0 0.0 206.1685
15:07:00 141.0 6006.0 213.25 206.11 206.26 206.06 206.08 101.0 206.12 1.0 6006.0 2288.0 3718.0 0.0 206.128
15:08:00 387.0 18408.0 213.25 205.97 206.12 205.88 205.95 263.0 206.0 317.0 18408.0 2423.0 15985.0 0.0 205.9889
15:09:00 221.0 9520.0 213.25 205.77 206.0 205.72 205.76 51.0 205.78 4.0 9520.0 3933.0 5587.0 0.0 205.8394
15:10:00 216.0 7210.0 213.25 205.92 206.06 205.73 205.88 201.0 205.93 550.0 7210.0 4431.0 2779.0 0.0 205.8826
15:11:00 197.0 6467.0 213.25 205.99 206.04 205.82 205.99 348.0 206.06 100.0 6467.0 2857.0 3610.0 0.0 205.9137
15:12:00 164.0 5898.0 213.25 205.77 206.15 205.72 205.75 35.0 205.8 30.0 5898.0 2080.0 3818.0 0.0 205.9364
15:13:00 271.0 10009.0 213.25 205.68 205.8 205.55 205.65 50.0 205.7 22.0 10009.0 5783.0 4226.0 0.0 205.6494
15:14:00 163.0 5699.0 213.25 205.83 205.83 205.55 205.81 76.0 205.85 30.0 5699.0 3377.0 2322.0 0.0 205.6751
15:15:00 249.0 11024.0 213.25 205.81 205.91 205.71 205.77 20.0 205.81 197.0 11024.0 7079.0 3945.0 0.0 205.8155
15:16:00 253.0 11421.0 213.25 205.58 205.79 205.52 205.55 136.0 205.63 200.0 11421.0 7891.0 3530.0 0.0 205.6168
15:17:00 300.0 12228.0 213.25 206.28 206.31 205.63 206.25 150.0 206.31 400.0 12228.0 9651.0 2577.0 0.0 205.9167
15:18:00 205.0 7771.0 213.25 206.52 206.56 206.14 206.51 182.0 206.56 220.0 7771.0 4581.0 3190.0 0.0 206.3497
15:19:00 205.0 8937.0 213.25 206.37 206.51 206.24 206.34 323.0 206.39 25.0 8937.0 5671.0 3266.0 0.0 206.3868
15:20:00 144.0 4928.0 213.25 206.16 206.4 206.11 206.12 421.0 206.17 150.0 4928.0 2362.0 2566.0 0.0 206.2299
15:21:00 327.0 14693.0 213.25 205.73 206.17 205.67 205.71 12.0 205.76 200.0 14693.0 7156.0 7537.0 0.0 205.9677
15:22:00 96.0 3128.0 213.25 205.78 205.89 205.7 205.76 7.0 205.8 318.0 3128.0 1262.0 1866.0 0.0 205.7707
15:23:00 140.0 4488.0 213.25 205.74 205.96 205.65 205.77 824.0 205.8 160.0 4488.0 2377.0 2111.0 0.0 205.801
15:24:00 246.0 8057.0 213.25 205.74 206.08 205.65 205.68 246.0 205.74 537.0 8057.0 4426.0 3631.0 0.0 205.8923
15:25:00 138.0 5933.0 213.25 205.88 206.0 205.68 205.84 507.0 205.87 50.0 5933.0 3095.0 2838.0 0.0 205.829
15:26:00 218.0 9218.0 213.25 205.64 205.88 205.6 205.61 216.0 205.65 544.0 9218.0 3344.0 5874.0 0.0 205.7188
15:27:00 206.0 4991.0 213.25 205.66 205.79 205.59 205.65 120.0 205.69 131.0 4991.0 2062.0 2929.0 0.0 205.6895
15:28:00 287.0 11479.0 213.25 205.47 205.77 205.4 205.42 400.0 205.48 100.0 11479.0 3362.0 8117.0 0.0 205.5726
15:29:00 328.0 12086.0 213.25 205.16 205.57 205.12 205.16 144.0 205.21 1265.0 12086.0 3619.0 8467.0 0.0 205.3245
15:30:00 338.0 11255.0 213.25 205.3 205.39 205.14 205.25 103.0 205.31 140.0 11255.0 5350.0 5905.0 0.0 205.2877
15:31:00 375.0 19355.0 213.25 205.55 205.7 205.2 205.53 314.0 205.58 410.0 19355.0 12323.0 7032.0 0.0 205.4451
15:32:00 366.0 22705.0 213.25 205.63 205.9 205.58 205.62 195.0 205.67 716.0 22705.0 15525.0 7180.0 0.0 205.7736
15:33:00 576.0 21798.0 213.25 205.88 206.0 205.58 205.85 200.0 205.91 200.0 21798.0 8820.0 12978.0 0.0 205.8454
15:34:00 348.0 9539.0 213.25 205.66 205.88 205.5 205.63 50.0 205.68 250.0 9539.0 3831.0 5708.0 0.0 205.6731
15:35:00 283.0 16081.0 213.25 205.81 205.97 205.66 205.76 200.0 205.83 250.0 16081.0 8717.0 7364.0 0.0 205.7808
15:36:00 238.0 9292.0 213.25 206.13 206.13 205.77 206.1 425.0 206.15 5.0 9292.0 5520.0 3772.0 0.0 205.9891
15:37:00 380.0 11543.0 213.25 206.23 206.24 205.98 206.19 150.0 206.24 155.0 11543.0 4597.0 6946.0 0.0 206.0957
15:38:00 256.0 9547.0 213.25 206.13 206.31 206.11 206.13 300.0 206.18 268.0 9547.0 3537.0 6010.0 0.0 206.1823
15:39:00 251.0 7780.0 213.25 206.31 206.48 206.18 206.3 76.0 206.36 166.0 7780.0 4414.0 3366.0 0.0 206.3366
15:40:00 265.0 6660.0 213.25 206.46 206.5 206.28 206.43 70.0 206.47 103.0 6660.0 3736.0 2924.0 0.0 206.3995
15:41:00 430.0 13600.0 213.25 206.76 206.82 206.43 206.74 250.0 206.81 251.0 13600.0 7417.0 6183.0 0.0 206.6105
15:42:00 316.0 10101.0 213.25 206.77 206.81 206.52 206.71 200.0 206.76 34.0 10101.0 4972.0 5129.0 0.0 206.6892
15:43:00 306.0 12941.0 213.25 207.06 207.06 206.71 207.0 1033.0 207.06 10.0 12941.0 8965.0 3976.0 0.0 206.8794
15:44:00 372.0 12618.0 213.25 207.0 207.13 206.93 206.97 200.0 207.02 11.0 12618.0 7578.0 5040.0 0.0 207.0259
15:45:00 413.0 10432.0 213.25 206.65 207.1 206.62 206.63 177.0 206.69 201.0 10432.0 3987.0 6445.0 0.0 206.8762
15:46:00 429.0 17451.0 213.25 206.41 206.69 206.31 206.37 69.0 206.41 470.0 17451.0 7134.0 10317.0 0.0 206.4654
15:47:00 363.0 12417.0 213.25 206.54 206.59 206.29 206.51 223.0 206.56 150.0 12417.0 6527.0 5890.0 0.0 206.4568
15:48:00 332.0 11813.0 213.25 206.52 206.71 206.45 206.5 150.0 206.52 2.0 11813.0 4757.0 7056.0 0.0 206.5738
15:49:00 356.0 11721.0 213.25 206.7 206.92 206.49 206.69 12.0 206.71 68.0 11721.0 5886.0 5835.0 0.0 206.7595
15:50:00 360.0 13339.0 213.25 206.6 206.81 206.52 206.57 50.0 206.63 50.0 13339.0 5718.0 7621.0 0.0 206.6278
15:51:00 747.0 27634.0 213.25 205.97 206.57 205.84 205.93 177.0 205.98 260.0 27634.0 10362.0 17272.0 0.0 206.1323
15:52:00 543.0 19369.0 213.25 205.99 206.38 205.82 205.97 10.0 206.0 100.0 19369.0 8012.0 11357.0 0.0 206.1362
15:53:00 457.0 17122.0 213.25 206.03 206.08 205.91 206.01 318.0 206.05 50.0 17122.0 9078.0 8044.0 0.0 206.0075
15:54:00 391.0 17902.0 213.25 206.08 206.1 205.98 206.07 76.0 206.09 538.0 17902.0 5455.0 12447.0 0.0 206.0494
15:55:00 696.0 25575.0 213.25 205.93 206.11 205.87 205.91 55.0 205.94 581.0 25575.0 9437.0 16138.0 0.0 205.9784
15:56:00 855.0 35471.0 213.25 205.675 205.91 205.67 205.67 86.0 205.68 553.0 35471.0 13791.0 21680.0 0.0 205.7655
15:57:00 1087.0 53050.0 213.25 205.37 205.68 205.33 205.35 650.0 205.37 607.0 53050.0 27562.0 25488.0 0.0 205.472
15:58:00 1663.0 65417.0 213.25 205.53 205.69 205.36 205.52 358.0 205.54 803.0 65417.0 33245.0 32172.0 0.0 205.5434
15:59:00 1260.0 54340.0 213.25 205.84 205.87 205.51 205.84 599.0 205.86 508.0 54340.0 29898.0 24442.0 0.0 205.6721
16:00:00 1857.0 101369.0 213.25 205.36 205.86 205.3 205.35 273.0 205.36 7279.0 101369.0 42742.0 58627.0 0.0 205.6371
16:01:00 14.0 3616.0 213.25 205.36 205.48 205.04 205.34 1575.0 205.44 759.0 3616.0 40.0 3576.0 0.0 205.3422
16:02:00 13.0 137.0 213.25 205.35 205.35 205.01 205.34 1575.0 205.4 190.0 137.0 64.0 73.0 0.0 205.2185
16:03:00 12.0 222.0 213.25 205.05 205.35 205.05 205.34 1575.0 205.4 190.0 222.0 170.0 52.0 0.0 205.1016
16:04:00 24.0 701.0 213.25 205.2 205.35 205.01 205.34 1575.0 205.2 180.0 701.0 38.0 663.0 0.0 205.0444
16:05:00 32.0 1258.0 213.25 205.13 205.47 205.08 205.34 1575.0 205.44 694.0 1258.0 813.0 445.0 0.0 205.3673
16:06:00 12.0 319.0 213.25 205.18 205.47 205.11 205.34 1575.0 205.16 100.0 319.0 316.0 3.0 0.0 205.1507
16:07:00 19.0 303.0 213.25 205.16 205.2 205.08 205.34 1575.0 205.18 70.0 303.0 228.0 75.0 0.0 205.1668
16:08:00 22.0 812.0 213.25 205.28 205.28 205.16 205.34 1575.0 205.28 298.0 812.0 751.0 61.0 0.0 205.1972
16:09:00 5.0 323.0 213.25 205.28 205.28 205.21 205.34 1575.0 205.28 76.0 323.0 222.0 101.0 0.0 205.28
16:10:00 3.0 33.0 213.25 205.28 205.28 205.28 205.34 1575.0 205.25 50.0 33.0 33.0 0.0 0.0 205.28
16:11:00 6.0 245.0 213.25 205.26 205.26 205.21 205.34 1575.0 205.28 43.0 245.0 245.0 0.0 0.0 205.2459
16:12:00 10.0 156.0 213.25 205.26 205.3 205.26 205.34 1575.0 205.29 5.0 156.0 58.0 98.0 0.0 205.2694
16:13:00 10.0 51.0 213.25 205.26 205.32 205.26 205.34 1575.0 205.32 295.0 51.0 20.0 31.0 0.0 205.2767
16:14:00 15.0 208.0 213.25 205.3 205.32 205.2 205.34 1575.0 205.32 262.0 208.0 33.0 175.0 0.0 205.2881
16:15:00 9.0 520.0 213.25 205.32 205.33 205.3 205.34 1575.0 205.44 694.0 520.0 267.0 253.0 0.0 205.3104
16:16:00 3.0 10.0 213.25 205.44 205.44 205.38 205.38 1.0 205.44 693.0 10.0 10.0 0.0 0.0 205.38
16:17:00 3.0 23.0 213.25 205.44 205.44 205.44 205.38 1.0 205.44 669.0 23.0 23.0 0.0 0.0 205.44
16:18:00 0.0 0.0 213.25 205.44 nan nan 205.38 1.0 205.44 669.0 nan 0.0 0.0 0.0 nan
16:19:00 1.0 0.0 213.25 205.44 205.44 205.44 205.38 1.0 205.44 669.0 nan 0.0 0.0 0.0 nan
16:20:00 0.0 0.0 213.25 205.44 nan nan 205.38 1.0 205.44 669.0 nan 0.0 0.0 0.0 nan
16:21:00 0.0 0.0 213.25 205.44 nan nan 205.44 54.0 205.44 669.0 nan 0.0 0.0 0.0 nan
16:22:00 13.0 190.0 213.25 205.51 205.51 205.33 205.34 1575.0 205.44 669.0 190.0 105.0 85.0 0.0 205.4315
16:23:00 6.0 2.0 213.25 205.44 205.51 205.31 205.4 1.0 205.44 669.0 2.0 1.0 1.0 0.0 205.475
16:24:00 8.0 350.0 213.25 205.3 205.44 205.3 205.34 1575.0 205.4 100.0 350.0 0.0 350.0 0.0 205.3446
16:25:00 2.0 2.0 213.25 205.37 205.38 205.37 205.34 1575.0 205.37 18.0 2.0 2.0 0.0 0.0 205.37
16:26:00 11.0 100.0 213.25 205.29 205.34 205.2 205.34 1575.0 205.3 100.0 100.0 4.0 96.0 0.0 205.2888
16:27:00 1.0 1.0 213.25 205.25 205.25 205.25 205.34 1575.0 205.3 100.0 1.0 0.0 1.0 0.0 205.25
16:28:00 9.0 114.0 213.25 205.25 205.29 205.2 205.34 1575.0 205.38 30.0 114.0 90.0 24.0 0.0 205.2443
16:29:00 1.0 0.0 213.25 205.29 205.29 205.29 205.34 1575.0 205.3 2.0 nan 0.0 0.0 0.0 nan
16:30:00 4.0 5.0 213.25 205.32 205.32 205.21 205.34 1575.0 205.35 54.0 5.0 2.0 3.0 0.0 205.312
16:31:00 4.0 33.0 213.25 205.24 205.34 205.24 205.34 1575.0 205.38 30.0 33.0 0.0 33.0 0.0 205.3279
16:32:00 3.0 27.0 213.25 205.25 205.25 205.24 205.34 1575.0 205.38 30.0 27.0 25.0 2.0 0.0 205.2407
16:33:00 6.0 84.0 213.25 205.25 205.33 205.25 205.34 1575.0 205.37 1.0 84.0 13.0 71.0 0.0 205.253
16:34:00 8.0 55.0 213.25 205.21 205.33 205.2 205.34 1575.0 205.36 1.0 55.0 0.0 55.0 0.0 205.2327
16:35:00 7.0 11.0 213.25 205.38 205.38 205.31 205.34 1575.0 205.38 19.0 11.0 11.0 0.0 0.0 205.38
16:36:00 8.0 0.0 213.25 205.21 205.3 205.21 205.34 1575.0 205.3 50.0 nan 0.0 0.0 0.0 nan
16:37:00 3.0 51.0 213.25 205.21 205.37 205.21 205.34 1575.0 205.38 19.0 51.0 0.0 51.0 0.0 205.2982
16:38:00 8.0 45.0 213.25 205.2 205.35 205.2 205.34 1575.0 205.38 19.0 45.0 0.0 45.0 0.0 205.2002
16:39:00 5.0 41.0 213.25 205.2 205.2 205.2 205.34 1575.0 205.37 700.0 41.0 0.0 41.0 0.0 205.2
16:40:00 10.0 140.0 213.25 205.2 205.3 205.2 205.34 1575.0 205.37 700.0 140.0 0.0 140.0 0.0 205.2357
16:41:00 5.0 233.0 213.25 205.16 205.2 205.16 205.34 1575.0 205.25 1.0 233.0 0.0 233.0 0.0 205.1758
16:42:00 3.0 7.0 213.25 205.22 205.22 205.16 205.34 1575.0 205.22 699.0 7.0 3.0 4.0 0.0 205.18
16:43:00 4.0 72.0 213.25 205.2 205.2 205.2 205.34 1575.0 205.25 1.0 72.0 25.0 47.0 0.0 205.2
16:44:00 14.0 253.0 213.25 205.15 205.21 205.15 205.34 1575.0 205.25 722.0 253.0 123.0 130.0 0.0 205.1546
16:45:00 3.0 0.0 213.25 205.19 205.19 205.11 205.34 1575.0 205.15 20.0 nan 0.0 0.0 0.0 nan
16:46:00 5.0 20.0 213.25 205.19 205.19 205.15 205.34 1575.0 205.22 40.0 20.0 20.0 0.0 0.0 205.15
16:47:00 19.0 206.0 213.25 205.2 205.4 205.19 205.34 1575.0 205.41 1.0 206.0 136.0 70.0 0.0 205.3341
16:48:00 13.0 35.0 213.25 205.22 205.44 205.22 205.34 1575.0 205.44 1544.0 35.0 35.0 0.0 0.0 205.4126
16:49:00 10.0 1024.0 213.25 205.3 205.44 205.24 205.34 1575.0 205.44 1128.0 1024.0 1021.0 3.0 0.0 205.4118
16:50:00 7.0 750.0 213.25 205.25 205.44 205.25 205.34 1575.0 205.44 872.0 750.0 453.0 297.0 0.0 205.4387
16:51:00 4.0 20.0 213.25 205.3 205.3 205.26 205.34 1575.0 205.44 892.0 20.0 0.0 20.0 0.0 205.3
16:52:00 5.0 247.0 213.25 205.3 205.3 205.3 205.34 1575.0 205.44 892.0 247.0 0.0 247.0 0.0 205.3
16:53:00 41.0 999.0 213.25 205.19 205.44 205.05 205.34 1575.0 205.4 1.0 999.0 100.0 899.0 0.0 205.1994
16:54:00 3.0 15.0 213.25 205.25 205.26 205.25 205.34 1575.0 205.25 35.0 15.0 0.0 15.0 0.0 205.25
16:55:00 5.0 53.0 213.25 205.11 205.25 205.11 205.34 1575.0 205.35 30.0 53.0 35.0 18.0 0.0 205.2438
16:56:00 3.0 2.0 213.25 205.1 205.12 205.1 205.34 1575.0 205.35 30.0 2.0 0.0 2.0 0.0 205.11
16:57:00 9.0 11.0 213.25 205.12 205.44 205.12 205.34 1575.0 205.35 29.0 11.0 11.0 0.0 0.0 205.4318
16:58:00 10.0 223.0 213.25 205.15 205.35 205.12 205.34 1575.0 205.15 80.0 223.0 221.0 2.0 0.0 205.1381
16:59:00 14.0 232.0 213.25 205.11 205.13 205.1 205.34 1575.0 205.11 50.0 232.0 209.0 23.0 0.0 205.1141
17:00:00 17.0 430.0 213.25 205.05 205.11 205.05 205.34 1575.0 205.1 76.0 430.0 0.0 430.0 0.0 205.0808
