time trade_count trade_volume trade_first trade_last trade_high trade_low bid_price bid_size ask_price ask_size hid_vol buy_vol sell_vol unsided_vol vwap
09:00:00 nan 475.0 213.14 213.0 213.2 213.0 212.75 110.0 213.19 104.0 475.0 0.0 475.0 0.0 213.0573
09:01:00 4.0 50.0 213.14 212.93 212.93 212.79 212.75 110.0 212.99 204.0 50.0 50.0 0.0 0.0 212.79
09:02:00 13.0 273.0 213.14 212.75 212.75 212.75 212.67 1.0 212.99 100.0 273.0 152.0 121.0 0.0 212.75
09:03:00 0.0 0.0 213.14 212.75 nan nan 212.62 70.0 212.99 150.0 nan 0.0 0.0 0.0 nan
09:04:00 1.0 20.0 213.14 212.91 212.91 212.91 212.8 37.0 212.99 150.0 20.0 0.0 20.0 0.0 212.91
09:05:00 2.0 45.0 213.14 212.9 212.9 212.9 212.9 55.0 212.99 150.0 45.0 0.0 45.0 0.0 212.9
09:06:00 32.0 1193.0 213.14 213.1 213.1 212.6 212.88 81.0 213.34 1.0 1193.0 1013.0 180.0 0.0 212.9807
09:07:00 12.0 12.0 213.14 213.17 213.4 213.17 213.17 24.0 213.45 1.0 12.0 6.0 6.0 0.0 213.2633
09:08:00 23.0 659.0 213.14 213.1 213.19 213.0 212.75 250.0 213.35 500.0 659.0 0.0 659.0 0.0 213.054
09:09:00 2.0 2.0 213.14 213.0 213.27 213.0 212.75 320.0 213.05 1.0 2.0 0.0 2.0 0.0 213.0
09:10:00 9.0 161.0 213.14 213.0 213.07 213.0 212.9 25.0 213.0 274.0 161.0 161.0 0.0 0.0 213.0438
09:11:00 7.0 55.0 213.14 212.9 213.0 212.9 212.66 18.0 213.07 4.0 55.0 10.0 45.0 0.0 212.9182
09:12:00 13.0 167.0 213.14 213.07 213.1 212.95 212.8 60.0 213.21 30.0 167.0 167.0 0.0 0.0 213.0607
09:13:00 0.0 0.0 213.14 213.07 nan nan 212.8 60.0 213.21 30.0 nan 0.0 0.0 0.0 nan
09:14:00 13.0 518.0 213.14 213.25 213.29 213.15 213.1 1000.0 213.45 1.0 518.0 513.0 5.0 0.0 213.2487
09:15:00 5.0 340.0 213.14 213.45 213.45 213.2 213.25 849.0 213.45 1.0 340.0 200.0 140.0 0.0 213.2794
09:16:00 23.0 163.0 213.14 213.26 213.5 213.26 213.25 849.0 213.45 1.0 163.0 163.0 0.0 0.0 213.449
09:17:00 25.0 378.0 213.14 213.48 213.5 213.25 213.35 87.0 213.5 2.0 378.0 307.0 71.0 0.0 213.4508
09:18:00 14.0 179.0 213.14 213.34 213.34 213.34 213.34 599.0 213.45 344.0 179.0 0.0 179.0 0.0 213.34
09:19:00 47.0 1975.0 213.14 213.36 213.5 213.17 213.25 500.0 213.49 20.0 1975.0 1262.0 713.0 0.0 213.3462
09:20:00 5.0 85.0 213.14 213.28 213.3 213.27 213.28 416.0 213.45 220.0 85.0 1.0 84.0 0.0 213.2802
09:21:00 11.0 1028.0 213.14 213.25 213.3 213.25 213.12 111.0 213.25 46.0 1028.0 2.0 1026.0 0.0 213.2622
09:22:00 4.0 146.0 213.14 213.25 213.28 213.12 213.12 11.0 213.3 20.0 146.0 46.0 100.0 0.0 213.161
09:23:00 9.0 101.0 213.14 213.03 213.12 213.03 213.0 362.0 213.22 1.0 101.0 88.0 13.0 0.0 213.1019
09:24:00 7.0 1.0 213.14 213.03 213.22 213.01 213.0 356.0 213.26 20.0 1.0 1.0 0.0 0.0 213.22
09:25:00 11.0 176.0 213.14 213.12 213.2 213.02 213.0 366.0 213.25 20.0 176.0 149.0 27.0 0.0 213.1158
09:26:00 23.0 103.0 213.14 213.01 213.09 213.0 213.0 262.0 213.4 150.0 103.0 0.0 103.0 0.0 213.0
09:27:00 40.0 318.0 213.14 213.02 213.03 212.89 213.0 5.0 213.4 650.0 318.0 0.0 318.0 0.0 212.9789
09:28:00 8.0 61.0 213.14 213.0 213.02 213.0 212.81 1.0 213.4 500.0 61.0 55.0 6.0 0.0 213.0003
09:29:00 3.0 5.0 213.14 213.0 213.3 213.0 212.81 1.0 213.3 1.0 5.0 5.0 0.0 0.0 213.0
09:30:00 4.0 102.0 213.14 212.66 213.0 212.66 212.8 205.0 213.3 2.0 102.0 1.0 101.0 0.0 212.9981
09:31:00 522.0 19675.0 213.14 213.82 213.82 212.86 213.71 13.0 213.84 40.0 19675.0 6568.0 13107.0 0.0 213.434
09:32:00 324.0 12447.0 213.14 213.7 214.2 213.49 213.58 5.0 213.81 15.0 12447.0 3750.0 8697.0 0.0 213.8967
09:33:00 355.0 12324.0 213.14 213.16 213.87 212.96 213.03 16.0 213.16 50.0 12324.0 2481.0 9843.0 0.0 213.464
09:34:00 545.0 17697.0 213.14 212.28 213.22 212.04 212.16 34.0 212.29 25.0 17697.0 975.0 16722.0 0.0 212.6201
09:35:00 238.0 3818.0 213.14 212.8 212.88 212.02 212.69 25.0 212.95 10.0 3818.0 1739.0 2079.0 0.0 212.407
09:36:00 222.0 7390.0 213.14 212.65 213.29 212.5 212.6 308.0 212.7 17.0 7390.0 2402.0 4988.0 0.0 212.8546
09:37:00 394.0 7251.0 213.14 213.04 213.12 212.63 213.0 25.0 213.1 50.0 7251.0 2155.0 5096.0 0.0 212.8769
09:38:00 278.0 6423.0 213.14 213.1 213.51 212.92 213.05 58.0 213.18 11.0 6423.0 2788.0 3635.0 0.0 213.2003
09:39:00 184.0 4189.0 213.14 213.0 213.24 212.63 212.93 38.0 213.06 140.0 4189.0 997.0 3192.0 0.0 212.9691
09:40:00 248.0 7253.0 213.14 212.73 212.95 212.56 212.68 18.0 212.84 125.0 7253.0 2020.0 5233.0 0.0 212.7488
09:41:00 400.0 11336.0 213.14 213.65 213.76 212.54 213.55 20.0 213.65 64.0 11336.0 7960.0 3376.0 0.0 213.3222
09:42:00 380.0 10932.0 213.14 213.85 213.93 213.25 213.85 20.0 213.93 119.0 10932.0 6744.0 4188.0 0.0 213.6719
09:43:00 289.0 15453.0 213.14 214.09 214.26 213.85 214.09 200.0 214.16 100.0 15453.0 9577.0 5876.0 0.0 214.0556
09:44:00 381.0 17594.0 213.14 213.5 214.19 213.5 213.46 32.0 213.54 200.0 17594.0 4444.0 13150.0 0.0 213.932
09:45:00 411.0 17928.0 213.14 213.32 213.49 212.51 213.27 20.0 213.5 25.0 17928.0 3900.0 14028.0 0.0 212.9412
09:46:00 454.0 15253.0 213.14 212.69 213.33 212.69 212.59 15.0 212.69 240.0 15253.0 4211.0 11042.0 0.0 212.8297
09:47:00 351.0 13977.0 213.14 212.86 213.02 212.5 212.81 25.0 212.94 45.0 13977.0 7465.0 6512.0 0.0 212.7797
09:48:00 178.0 4386.0 213.14 213.49 213.49 212.85 213.45 40.0 213.53 20.0 4386.0 3394.0 992.0 0.0 213.05
09:49:00 361.0 10160.0 213.14 213.7 213.7 213.27 213.61 15.0 213.74 200.0 10160.0 3963.0 6197.0 0.0 213.4094
09:50:00 408.0 9654.0 213.14 214.09 214.25 213.61 213.96 25.0 214.12 20.0 9654.0 3748.0 5906.0 0.0 214.0587
09:51:00 317.0 12149.0 213.14 214.33 214.58 214.05 214.27 44.0 214.44 20.0 12149.0 8779.0 3370.0 0.0 214.2879
09:52:00 576.0 31934.0 213.14 214.95 215.06 214.35 214.9 25.0 215.05 20.0 31934.0 26882.0 5052.0 0.0 214.8136
09:53:00 339.0 7422.0 213.14 215.31 215.31 214.9 215.27 50.0 215.33 97.0 7422.0 3940.0 3482.0 0.0 215.0956
09:54:00 374.0 9563.0 213.14 215.45 215.53 215.16 215.36 225.0 215.49 102.0 9563.0 4699.0 4864.0 0.0 215.3659
09:55:00 213.0 9520.0 213.14 215.515 215.64 215.15 215.45 234.0 215.58 100.0 9520.0 7036.0 2484.0 0.0 215.4601
09:56:00 318.0 15696.0 213.14 215.3 215.52 215.07 215.31 100.0 215.43 43.0 15696.0 7129.0 8567.0 0.0 215.2116
09:57:00 355.0 12883.0 213.14 214.8 215.5 214.8 214.7 20.0 214.81 7.0 12883.0 3842.0 9041.0 0.0 215.2534
09:58:00 378.0 8178.0 213.14 214.64 214.73 214.14 214.53 100.0 214.63 1100.0 8178.0 3463.0 4715.0 0.0 214.4866
09:59:00 242.0 6145.0 213.14 214.23 214.59 214.16 214.2 20.0 214.32 200.0 6145.0 1190.0 4955.0 0.0 214.353
10:00:00 269.0 4630.0 213.14 214.16 214.4 214.09 214.11 26.0 214.22 100.0 4630.0 1692.0 2938.0 0.0 214.2421
10:01:00 283.0 8120.0 213.14 213.16 214.11 213.05 213.14 200.0 213.21 140.0 8120.0 1973.0 6147.0 0.0 213.5162
10:02:00 469.0 17191.0 213.14 212.25 213.32 212.25 212.21 22.0 212.31 100.0 17191.0 2778.0 14413.0 0.0 212.7347
10:03:00 403.0 13998.0 213.14 211.96 212.25 211.57 211.86 40.0 212.0 30.0 13998.0 3903.0 10095.0 0.0 211.9533
10:04:00 262.0 6011.0 213.14 211.76 211.88 211.51 211.71 1.0 211.79 127.0 6011.0 1056.0 4955.0 0.0 211.7331
10:05:00 218.0 7485.0 213.14 211.76 211.9 211.54 211.72 28.0 211.78 100.0 7485.0 838.0 6647.0 0.0 211.7037
10:06:00 386.0 12303.0 213.14 211.9 212.01 211.52 211.81 116.0 211.9 13.0 12303.0 5323.0 6980.0 0.0 211.7471
10:07:00 209.0 8082.0 213.14 212.52 212.52 211.8 212.48 40.0 212.57 156.0 8082.0 5606.0 2476.0 0.0 212.0823
10:08:00 242.0 7239.0 213.14 212.295 212.59 211.96 212.25 89.0 212.36 180.0 7239.0 3567.0 3672.0 0.0 212.2384
10:09:00 131.0 4270.0 213.14 212.32 212.56 212.2 212.3 104.0 212.39 52.0 4270.0 2375.0 1895.0 0.0 212.4106
10:10:00 111.0 3474.0 213.14 212.38 212.48 212.11 212.37 25.0 212.46 150.0 3474.0 1834.0 1640.0 0.0 212.3096
10:11:00 202.0 7641.0 213.14 213.1 213.1 212.38 213.05 33.0 213.14 20.0 7641.0 5231.0 2410.0 0.0 212.7808
10:12:00 328.0 10269.0 213.14 213.75 213.75 213.14 213.66 22.0 213.77 48.0 10269.0 6019.0 4250.0 0.0 213.4472
10:13:00 314.0 13712.0 213.14 214.12 214.31 213.77 214.09 71.0 214.21 25.0 13712.0 5963.0 7749.0 0.0 214.0521
10:14:00 191.0 6198.0 213.14 213.39 214.16 213.35 213.3 5.0 213.43 17.0 6198.0 2922.0 3276.0 0.0 213.6719
10:15:00 301.0 10850.0 213.14 212.81 213.42 212.57 212.77 60.0 212.94 17.0 10850.0 2039.0 8811.0 0.0 213.0687
10:16:00 418.0 16988.0 213.14 212.11 213.06 212.11 212.08 25.0 212.15 22.0 16988.0 3482.0 13506.0 0.0 212.6237
10:17:00 248.0 9390.0 213.14 211.62 212.17 211.6 211.55 100.0 211.68 22.0 9390.0 2585.0 6805.0 0.0 211.8746
10:18:00 375.0 7608.0 213.14 212.25 212.27 211.42 212.21 18.0 212.32 63.0 7608.0 2758.0 4850.0 0.0 211.7282
10:19:00 208.0 6141.0 213.14 212.08 212.295 211.82 212.06 36.0 212.19 47.0 6141.0 1430.0 4711.0 0.0 211.9721
10:20:00 237.0 5749.0 213.14 212.41 212.42 211.82 212.32 125.0 212.47 40.0 5749.0 2143.0 3606.0 0.0 212.0914
10:21:00 231.0 6420.0 213.14 212.5 212.66 212.1 212.42 40.0 212.58 25.0 6420.0 4351.0 2069.0 0.0 212.4685
10:22:00 193.0 3447.0 213.14 212.09 212.59 211.92 212.01 22.0 212.14 120.0 3447.0 1569.0 1878.0 0.0 212.1902
10:23:00 192.0 7456.0 213.14 212.05 212.11 211.67 211.95 18.0 212.09 43.0 7456.0 2131.0 5325.0 0.0 211.8288
10:24:00 255.0 8132.0 213.14 212.78 212.92 212.07 212.73 5.0 212.89 22.0 8132.0 5971.0 2161.0 0.0 212.6509
10:25:00 136.0 3938.0 213.14 212.79 212.89 212.29 212.7 25.0 212.8 200.0 3938.0 2171.0 1767.0 0.0 212.6776
10:26:00 75.0 1261.0 213.14 212.54 212.8 212.38 212.45 5.0 212.6 25.0 1261.0 281.0 980.0 0.0 212.6246
10:27:00 146.0 5233.0 213.14 211.95 212.45 211.85 211.94 101.0 212.07 17.0 5233.0 1108.0 4125.0 0.0 212.0613
10:28:00 204.0 7514.0 213.14 211.73 212.05 211.7 211.71 40.0 211.83 100.0 7514.0 1033.0 6481.0 0.0 211.8252
10:29:00 227.0 6741.0 213.14 212.11 212.11 211.63 211.99 342.0 212.16 42.0 6741.0 3330.0 3411.0 0.0 211.7907
10:30:00 193.0 2341.0 213.14 211.99 212.29 211.99 211.99 13.0 212.08 100.0 2341.0 662.0 1679.0 0.0 212.1516
10:31:00 163.0 5285.0 213.14 211.75 212.33 211.75 211.72 1.0 211.82 32.0 5285.0 1862.0 3423.0 0.0 212.0876
10:32:00 320.0 18891.0 213.14 211.52 211.84 211.17 211.52 224.0 211.63 66.0 18891.0 2300.0 16591.0 0.0 211.5282
10:33:00 408.0 15990.0 213.14 210.92 211.54 210.91 210.93 18.0 211.01 269.0 15990.0 1519.0 14471.0 0.0 211.1988
10:34:00 190.0 6152.0 213.14 211.17 211.17 210.91 211.12 118.0 211.19 322.0 6152.0 1757.0 4395.0 0.0 211.0213
10:35:00 272.0 8022.0 213.14 211.34 211.57 211.07 211.31 100.0 211.39 17.0 8022.0 1708.0 6314.0 0.0 211.3887
10:36:00 162.0 5181.0 213.14 211.49 211.54 211.28 211.49 33.0 211.54 22.0 5181.0 1991.0 3190.0 0.0 211.4171
10:37:00 167.0 5133.0 213.14 211.61 211.7 211.35 211.61 68.0 211.69 5.0 5133.0 2239.0 2894.0 0.0 211.5606
10:38:00 215.0 5951.0 213.14 211.57 211.83 211.55 211.55 142.0 211.62 57.0 5951.0 2197.0 3754.0 0.0 211.6722
10:39:00 221.0 5092.0 213.14 211.29 211.54 211.07 211.31 200.0 211.43 22.0 5092.0 2160.0 2932.0 0.0 211.2938
10:40:00 115.0 2471.0 213.14 211.48 211.57 211.26 211.45 22.0 211.56 2.0 2471.0 979.0 1492.0 0.0 211.4423
10:41:00 130.0 2679.0 213.14 211.44 211.68 211.31 211.4 22.0 211.52 27.0 2679.0 803.0 1876.0 0.0 211.4807
10:42:00 191.0 4205.0 213.14 211.92 212.13 211.3 211.91 22.0 211.96 1.0 4205.0 2111.0 2094.0 0.0 211.8236
10:43:00 238.0 5475.0 213.14 211.99 212.07 211.79 212.01 42.0 212.1 19.0 5475.0 2101.0 3374.0 0.0 211.9347
10:44:00 57.0 2341.0 213.14 212.225 212.45 212.11 212.2 17.0 212.3 1.0 2341.0 1082.0 1259.0 0.0 212.2906
10:45:00 139.0 4277.0 213.14 211.99 212.23 211.88 211.92 48.0 212.02 22.0 4277.0 585.0 3692.0 0.0 212.0486
10:46:00 121.0 3961.0 213.14 211.82 212.0 211.6 211.83 20.0 211.94 30.0 3961.0 895.0 3066.0 0.0 211.8246
10:47:00 109.0 2999.0 213.14 212.16 212.31 211.9 212.15 25.0 212.28 72.0 2999.0 1742.0 1257.0 0.0 212.1303
10:48:00 91.0 3068.0 213.14 212.12 212.27 212.05 212.13 100.0 212.2 20.0 3068.0 31.0 3037.0 0.0 212.1705
10:49:00 189.0 5636.0 213.14 212.27 212.48 212.14 212.26 22.0 212.37 22.0 5636.0 2982.0 2654.0 0.0 212.3474
10:50:00 153.0 3145.0 213.14 212.32 212.44 211.99 212.28 7.0 212.36 37.0 3145.0 981.0 2164.0 0.0 212.2086
10:51:00 117.0 2945.0 213.14 212.32 212.6 212.29 212.25 1.0 212.3 5.0 2945.0 1463.0 1482.0 0.0 212.4865
10:52:00 186.0 5126.0 213.14 211.81 212.33 211.8 211.82 20.0 211.92 444.0 5126.0 1410.0 3716.0 0.0 212.0378
10:53:00 100.0 3820.0 213.14 211.75 211.82 211.63 211.7 37.0 211.79 38.0 3820.0 740.0 3080.0 0.0 211.73
10:54:00 202.0 6977.0 213.14 211.94 211.94 211.53 211.88 125.0 211.99 143.0 6977.0 2422.0 4555.0 0.0 211.6853
10:55:00 183.0 6257.0 213.14 212.16 212.24 211.98 212.15 1.0 212.18 1.0 6257.0 3908.0 2349.0 0.0 212.1047
10:56:00 170.0 4243.0 213.14 212.54 212.59 212.11 212.45 23.0 212.54 152.0 4243.0 2976.0 1267.0 0.0 212.3175
10:57:00 152.0 3067.0 213.14 212.5 212.69 212.25 212.45 22.0 212.54 50.0 3067.0 1274.0 1793.0 0.0 212.4292
10:58:00 147.0 3794.0 213.14 212.02 212.45 211.77 212.01 102.0 212.17 25.0 3794.0 822.0 2972.0 0.0 211.984
10:59:00 165.0 3623.0 213.14 212.22 212.22 211.76 212.15 22.0 212.24 24.0 3623.0 1176.0 2447.0 0.0 211.9794
11:00:00 155.0 5394.0 213.14 211.77 212.28 211.77 211.77 25.0 211.9 22.0 5394.0 487.0 4907.0 0.0 212.0189
11:01:00 174.0 5541.0 213.14 211.98 212.07 211.66 211.97 47.0 212.07 19.0 5541.0 2042.0 3499.0 0.0 211.8543
11:02:00 105.0 4313.0 213.14 212.23 212.31 211.91 212.2 11.0 212.31 50.0 4313.0 1310.0 3003.0 0.0 212.0496
11:03:00 126.0 3657.0 213.14 212.42 212.55 212.095 212.41 15.0 212.48 25.0 3657.0 2665.0 992.0 0.0 212.407
11:04:00 158.0 4645.0 213.14 212.26 212.55 211.93 212.27 8.0 212.33 15.0 4645.0 2231.0 2414.0 0.0 212.1746
11:05:00 137.0 5108.0 213.14 212.57 212.63 212.31 212.54 43.0 212.64 22.0 5108.0 3396.0 1712.0 0.0 212.4854
11:06:00 107.0 3226.0 213.14 212.3 212.54 212.21 212.26 52.0 212.37 22.0 3226.0 1913.0 1313.0 0.0 212.3613
11:07:00 131.0 5454.0 213.14 212.5 212.51 212.04 212.45 40.0 212.53 1.0 5454.0 2813.0 2641.0 0.0 212.2972
11:08:00 209.0 9389.0 213.14 212.7 212.9 212.5 212.69 16.0 212.73 15.0 9389.0 5241.0 4148.0 0.0 212.7225
11:09:00 115.0 2639.0 213.14 212.74 212.84 212.6 212.74 202.0 212.78 407.0 2639.0 1207.0 1432.0 0.0 212.7213
11:10:00 143.0 4630.0 213.14 212.77 212.94 212.66 212.74 25.0 212.84 25.0 4630.0 2060.0 2570.0 0.0 212.7887
11:11:00 147.0 5479.0 213.14 212.9 213.02 212.8 212.92 22.0 212.98 100.0 5479.0 3599.0 1880.0 0.0 212.9306
11:12:00 185.0 5687.0 213.14 212.65 213.0 212.59 212.61 123.0 212.7 44.0 5687.0 2136.0 3551.0 0.0 212.8487
11:13:00 108.0 7913.0 213.14 212.8 212.85 212.61 212.78 104.0 212.87 22.0 7913.0 3497.0 4416.0 0.0 212.7505
11:14:00 178.0 7622.0 213.14 213.13 213.13 212.73 213.09 4.0 213.14 15.0 7622.0 4201.0 3421.0 0.0 212.9891
11:15:00 245.0 8261.0 213.14 212.88 213.22 212.81 212.84 68.0 212.93 134.0 8261.0 3468.0 4793.0 0.0 213.04
11:16:00 152.0 3781.0 213.14 213.1 213.13 212.81 213.09 70.0 213.13 7.0 3781.0 1919.0 1862.0 0.0 212.9508
11:17:00 217.0 11533.0 213.14 213.59 213.6 213.13 213.56 225.0 213.63 21.0 11533.0 9760.0 1773.0 0.0 213.4164
11:18:00 254.0 10241.0 213.14 213.43 213.72 213.33 213.39 510.0 213.46 25.0 10241.0 1927.0 8314.0 0.0 213.5034
11:19:00 125.0 3369.0 213.14 213.35 213.56 213.23 213.32 27.0 213.43 76.0 3369.0 1026.0 2343.0 0.0 213.4232
11:20:00 173.0 3957.0 213.14 213.665 213.79 213.38 213.66 101.0 213.7 138.0 3957.0 2341.0 1616.0 0.0 213.647
11:21:00 100.0 2394.0 213.14 213.6 213.66 213.45 213.57 25.0 213.68 254.0 2394.0 1327.0 1067.0 0.0 213.5733
11:22:00 173.0 5441.0 213.14 213.66 213.68 213.39 213.64 28.0 213.73 520.0 5441.0 4370.0 1071.0 0.0 213.5803
11:23:00 134.0 4258.0 213.14 213.65 213.73 213.54 213.56 37.0 213.68 54.0 4258.0 1431.0 2827.0 0.0 213.6206
11:24:00 239.0 10008.0 213.14 214.01 214.02 213.64 213.98 98.0 214.02 100.0 10008.0 8153.0 1855.0 0.0 213.8488
11:25:00 94.0 2545.0 213.14 213.88 214.03 213.77 213.83 57.0 213.95 100.0 2545.0 640.0 1905.0 0.0 213.9311
11:26:00 153.0 4729.0 213.14 213.74 214.03 213.68 213.72 154.0 213.8 62.0 4729.0 1492.0 3237.0 0.0 213.8404
11:27:00 100.0 1961.0 213.14 213.88 213.99 213.75 213.86 2.0 213.93 25.0 1961.0 971.0 990.0 0.0 213.8852
11:28:00 136.0 5100.0 213.14 213.96 214.01 213.69 213.9 25.0 213.99 22.0 5100.0 2921.0 2179.0 0.0 213.9069
11:29:00 182.0 14708.0 213.14 214.25 214.34 213.98 214.14 133.0 214.23 25.0 14708.0 9982.0 4726.0 0.0 214.2005
11:30:00 80.0 2785.0 213.14 213.97 214.17 213.9 213.91 47.0 213.98 151.0 2785.0 842.0 1943.0 0.0 214.0332
11:31:00 116.0 2929.0 213.14 214.12 214.16 213.9 214.11 230.0 214.18 32.0 2929.0 987.0 1942.0 0.0 214.0114
11:32:00 145.0 5823.0 213.14 213.88 214.2 213.65 213.76 2.0 213.84 108.0 5823.0 3607.0 2216.0 0.0 213.9358
11:33:00 120.0 5168.0 213.14 213.57 213.76 213.49 213.54 241.0 213.6 150.0 5168.0 2137.0 3031.0 0.0 213.6246
11:34:00 713.0 15744.0 213.14 213.58 213.79 213.24 213.55 153.0 213.62 5.0 15744.0 8867.0 6877.0 0.0 213.4936
11:35:00 211.0 5809.0 213.14 213.76 213.89 213.27 213.67 62.0 213.82 225.0 5809.0 3212.0 2597.0 0.0 213.6407
11:36:00 173.0 4193.0 213.14 213.64 213.94 213.44 213.61 47.0 213.69 19.0 4193.0 1673.0 2520.0 0.0 213.7039
11:37:00 73.0 1648.0 213.14 213.75 213.835 213.58 213.71 40.0 213.81 100.0 1648.0 831.0 817.0 0.0 213.6971
11:38:00 79.0 1407.0 213.14 213.63 213.84 213.585 213.59 254.0 213.68 17.0 1407.0 396.0 1011.0 0.0 213.7225
11:39:00 140.0 5653.0 213.14 213.34 213.62 213.29 213.28 30.0 213.35 22.0 5653.0 1351.0 4302.0 0.0 213.4614
11:40:00 72.0 2872.0 213.14 213.35 213.45 213.3 213.33 38.0 213.43 13.0 2872.0 2236.0 636.0 0.0 213.3412
11:41:00 145.0 4762.0 213.14 213.45 213.76 213.34 213.43 1.0 213.49 68.0 4762.0 1480.0 3282.0 0.0 213.5684
11:42:00 66.0 1020.0 213.14 213.42 213.52 213.25 213.4 1106.0 213.49 25.0 1020.0 679.0 341.0 0.0 213.4068
11:43:00 61.0 3101.0 213.14 213.72 213.72 213.38 213.65 101.0 213.74 100.0 3101.0 948.0 2153.0 0.0 213.4773
11:44:00 108.0 4292.0 213.14 213.68 213.84 213.49 213.61 269.0 213.69 141.0 4292.0 1273.0 3019.0 0.0 213.6425
11:45:00 73.0 2045.0 213.14 213.43 213.69 213.35 213.42 25.0 213.48 100.0 2045.0 588.0 1457.0 0.0 213.5241
11:46:00 107.0 3912.0 213.14 213.73 213.85 213.48 213.71 100.0 213.78 25.0 3912.0 1459.0 2453.0 0.0 213.7107
11:47:00 74.0 3419.0 213.14 213.53 213.74 213.38 213.49 62.0 213.59 4.0 3419.0 924.0 2495.0 0.0 213.4924
11:48:00 43.0 1054.0 213.14 213.58 213.67 213.42 213.58 26.0 213.69 100.0 1054.0 350.0 704.0 0.0 213.5383
11:49:00 76.0 3839.0 213.14 213.69 213.85 213.69 213.69 17.0 213.77 11.0 3839.0 2898.0 941.0 0.0 213.765
11:50:00 58.0 1076.0 213.14 213.85 213.89 213.77 213.82 71.0 213.88 125.0 1076.0 661.0 415.0 0.0 213.8199
11:51:00 79.0 3026.0 213.14 213.7 213.95 213.59 213.68 50.0 213.81 25.0 3026.0 972.0 2054.0 0.0 213.8161
11:52:00 82.0 2720.0 213.14 213.43 213.75 213.43 213.41 160.0 213.47 15.0 2720.0 325.0 2395.0 0.0 213.622
11:53:00 159.0 4807.0 213.14 213.01 213.41 212.92 212.99 47.0 213.07 100.0 4807.0 1189.0 3618.0 0.0 213.0881
11:54:00 175.0 6286.0 213.14 212.94 213.06 212.86 212.93 14.0 213.0 166.0 6286.0 791.0 5495.0 0.0 212.987
11:55:00 69.0 1105.0 213.14 212.74 213.02 212.74 212.74 3.0 212.78 46.0 1105.0 293.0 812.0 0.0 212.8793
11:56:00 101.0 4796.0 213.14 212.95 212.99 212.74 212.95 57.0 213.03 190.0 4796.0 2590.0 2206.0 0.0 212.8321
11:57:00 87.0 2256.0 213.14 212.905 212.92 212.77 212.9 76.0 212.94 68.0 2256.0 576.0 1680.0 0.0 212.8462
11:58:00 108.0 2128.0 213.14 213.1 213.24 212.91 213.1 47.0 213.17 100.0 2128.0 1287.0 841.0 0.0 213.153
11:59:00 61.0 1786.0 213.14 213.33 213.33 213.02 213.32 22.0 213.41 100.0 1786.0 808.0 978.0 0.0 213.1856
12:00:00 48.0 1037.0 213.14 213.34 213.41 213.18 213.32 110.0 213.39 146.0 1037.0 329.0 708.0 0.0 213.3044
12:01:00 46.0 1240.0 213.14 213.12 213.42 213.03 213.07 25.0 213.21 50.0 1240.0 238.0 1002.0 0.0 213.2416
12:02:00 51.0 1389.0 213.14 213.61 213.73 213.2 213.57 1.0 213.64 23.0 1389.0 1135.0 254.0 0.0 213.4342
12:03:00 54.0 1838.0 213.14 213.38 213.67 213.37 213.34 47.0 213.45 22.0 1838.0 544.0 1294.0 0.0 213.5012
12:04:00 79.0 2899.0 213.14 213.38 213.53 213.38 213.36 102.0 213.49 410.0 2899.0 357.0 2542.0 0.0 213.4223
12:05:00 85.0 1411.0 213.14 213.2 213.37 213.05 213.16 72.0 213.27 25.0 1411.0 590.0 821.0 0.0 213.1972
12:06:00 42.0 2979.0 213.14 213.15 213.27 213.02 213.1 22.0 213.22 101.0 2979.0 365.0 2614.0 0.0 213.1367
12:07:00 95.0 3315.0 213.14 213.11 213.27 212.95 213.08 72.0 213.24 25.0 3315.0 1157.0 2158.0 0.0 213.0753
12:08:00 37.0 642.0 213.14 213.16 213.27 213.06 213.09 22.0 213.23 44.0 642.0 309.0 333.0 0.0 213.1716
12:09:00 87.0 5580.0 213.14 212.91 213.27 212.9 212.9 133.0 212.96 100.0 5580.0 302.0 5278.0 0.0 213.0429
12:10:00 39.0 1082.0 213.14 213.0 213.1 212.93 213.02 19.0 213.13 25.0 1082.0 899.0 183.0 0.0 213.0347
12:11:00 42.0 2019.0 213.14 212.88 213.05 212.86 212.86 25.0 212.91 10.0 2019.0 666.0 1353.0 0.0 212.9464
12:12:00 60.0 1654.0 213.14 213.06 213.07 212.81 212.99 47.0 213.06 90.0 1654.0 1091.0 563.0 0.0 212.9484
12:13:00 56.0 2740.0 213.14 212.98 213.04 212.84 212.97 100.0 213.08 147.0 2740.0 738.0 2002.0 0.0 212.9386
12:14:00 56.0 1423.0 213.14 212.89 213.0 212.81 212.88 15.0 212.95 25.0 1423.0 164.0 1259.0 0.0 212.9032
12:15:00 24.0 652.0 213.14 212.9 212.9 212.82 212.86 72.0 212.93 137.0 652.0 191.0 461.0 0.0 212.8586
12:16:00 120.0 4549.0 213.14 212.82 213.06 212.72 212.78 31.0 212.82 67.0 4549.0 2178.0 2371.0 0.0 212.9401
12:17:00 46.0 1442.0 213.14 212.88 212.93 212.79 212.88 177.0 212.94 22.0 1442.0 1124.0 318.0 0.0 212.8482
12:18:00 242.0 13747.0 213.14 212.81 212.9 212.7 212.75 41.0 212.82 47.0 13747.0 2507.0 11240.0 0.0 212.8052
12:19:00 76.0 2126.0 213.14 212.67 212.89 212.65 212.66 45.0 212.71 25.0 2126.0 609.0 1517.0 0.0 212.7684
12:20:00 65.0 1188.0 213.14 212.75 212.85 212.66 212.71 1.0 212.75 14.0 1188.0 748.0 440.0 0.0 212.7282
12:21:00 105.0 3460.0 213.14 212.77 212.8 212.59 212.75 88.0 212.82 100.0 3460.0 1793.0 1667.0 0.0 212.6939
12:22:00 190.0 9046.0 213.14 212.85 213.24 212.6 212.83 25.0 212.88 25.0 9046.0 4588.0 4458.0 0.0 212.8214
12:23:00 136.0 3508.0 213.14 212.56 212.82 212.53 212.56 100.0 212.63 125.0 3508.0 1381.0 2127.0 0.0 212.6735
12:24:00 77.0 2200.0 213.14 212.79 212.82 212.54 212.74 11.0 212.79 200.0 2200.0 1436.0 764.0 0.0 212.6692
12:25:00 101.0 3819.0 213.14 212.8 212.92 212.72 212.79 188.0 212.85 150.0 3819.0 1838.0 1981.0 0.0 212.8543
12:26:00 70.0 1663.0 213.14 212.82 212.87 212.71 212.76 25.0 212.85 100.0 1663.0 1275.0 388.0 0.0 212.8153
12:27:00 53.0 2393.0 213.14 212.8 212.85 212.71 212.79 25.0 212.88 16.0 2393.0 1256.0 1137.0 0.0 212.7601
12:28:00 53.0 2145.0 213.14 212.89 212.96 212.84 212.84 54.0 212.9 186.0 2145.0 1075.0 1070.0 0.0 212.9363
12:29:00 72.0 2452.0 213.14 212.93 212.93 212.74 212.84 244.0 212.94 21.0 2452.0 1619.0 833.0 0.0 212.8112
12:30:00 84.0 2851.0 213.14 213.06 213.06 212.72 213.02 25.0 213.08 156.0 2851.0 1725.0 1126.0 0.0 212.8882
12:31:00 86.0 3518.0 213.14 213.22 213.26 212.99 213.2 43.0 213.26 100.0 3518.0 2474.0 1044.0 0.0 213.1335
12:32:00 86.0 2988.0 213.14 213.37 213.43 213.15 213.37 25.0 213.43 41.0 2988.0 2180.0 808.0 0.0 213.2627
12:33:00 120.0 9051.0 213.14 213.4 213.55 213.35 213.34 162.0 213.41 183.0 9051.0 5660.0 3391.0 0.0 213.4506
12:34:00 80.0 2524.0 213.14 213.13 213.47 213.13 213.11 62.0 213.18 750.0 2524.0 869.0 1655.0 0.0 213.3321
12:35:00 94.0 2930.0 213.14 212.97 213.12 212.89 212.95 25.0 213.0 400.0 2930.0 1608.0 1322.0 0.0 213.0064
12:36:00 113.0 2899.0 213.14 212.76 213.0 212.7 212.73 301.0 212.79 46.0 2899.0 959.0 1940.0 0.0 212.8304
12:37:00 135.0 4605.0 213.14 212.54 212.74 212.5 212.5 316.0 212.55 1.0 4605.0 848.0 3757.0 0.0 212.5948
12:38:00 64.0 2170.0 213.14 212.66 212.7 212.53 212.62 59.0 212.71 25.0 2170.0 925.0 1245.0 0.0 212.6182
12:39:00 146.0 5039.0 213.14 212.72 212.73 212.64 212.71 117.0 212.74 219.0 5039.0 3962.0 1077.0 0.0 212.6978
12:40:00 68.0 2111.0 213.14 212.91 212.94 212.69 212.9 4.0 212.94 25.0 2111.0 1744.0 367.0 0.0 212.8384
12:41:00 38.0 1250.0 213.14 212.99 213.02 212.9 212.92 122.0 212.98 78.0 1250.0 1049.0 201.0 0.0 212.9922
12:42:00 74.0 2500.0 213.14 212.88 213.08 212.84 212.86 5.0 212.9 2.0 2500.0 1172.0 1328.0 0.0 212.9471
12:43:00 88.0 2185.0 213.14 213.16 213.17 212.76 213.16 44.0 213.19 21.0 2185.0 1072.0 1113.0 0.0 212.9887
12:44:00 53.0 1848.0 213.14 213.22 213.26 213.13 213.22 1.0 213.25 500.0 1848.0 1411.0 437.0 0.0 213.197
12:45:00 98.0 3947.0 213.14 213.2 213.37 213.15 213.18 4.0 213.21 76.0 3947.0 3253.0 694.0 0.0 213.255
12:46:00 229.0 7815.0 213.14 213.235 213.45 213.07 213.2 165.0 213.25 196.0 7815.0 4944.0 2871.0 0.0 213.3123
12:47:00 65.0 1725.0 213.14 213.04 213.26 213.04 213.07 300.0 213.14 247.0 1725.0 958.0 767.0 0.0 213.1312
12:48:00 46.0 1949.0 213.14 213.32 213.32 213.08 213.29 1.0 213.33 40.0 1949.0 1160.0 789.0 0.0 213.2122
12:49:00 57.0 1642.0 213.14 213.14 213.36 213.13 213.12 37.0 213.17 84.0 1642.0 1039.0 603.0 0.0 213.3004
12:50:00 78.0 1985.0 213.14 213.23 213.33 213.17 213.21 47.0 213.3 122.0 1985.0 1458.0 527.0 0.0 213.2485
12:51:00 78.0 2008.0 213.14 213.16 213.25 213.04 213.15 525.0 213.21 100.0 2008.0 615.0 1393.0 0.0 213.1637
12:52:00 73.0 3592.0 213.14 213.04 213.18 213.03 213.04 41.0 213.1 310.0 3592.0 633.0 2959.0 0.0 213.0932
12:53:00 99.0 4051.0 213.14 212.83 213.1 212.81 212.8 60.0 212.85 10.0 4051.0 504.0 3547.0 0.0 212.8882
12:54:00 112.0 4881.0 213.14 212.82 212.86 212.75 212.79 166.0 212.84 84.0 4881.0 1353.0 3528.0 0.0 212.8223
12:55:00 68.0 1679.0 213.14 212.97 212.98 212.82 212.93 401.0 212.97 69.0 1679.0 1220.0 459.0 0.0 212.9399
12:56:00 103.0 3728.0 213.14 212.76 212.93 212.62 212.76 417.0 212.82 203.0 3728.0 1287.0 2441.0 0.0 212.8209
12:57:00 64.0 2155.0 213.14 212.65 212.76 212.63 212.64 100.0 212.67 101.0 2155.0 737.0 1418.0 0.0 212.7159
12:58:00 74.0 2075.0 213.14 212.685 212.79 212.63 212.66 17.0 212.71 300.0 2075.0 1133.0 942.0 0.0 212.7019
12:59:00 159.0 7231.0 213.14 212.44 212.7 212.36 212.42 15.0 212.46 84.0 7231.0 2042.0 5189.0 0.0 212.4982
13:00:00 170.0 4819.0 213.14 212.38 212.42 212.275 212.35 222.0 212.39 117.0 4819.0 1635.0 3184.0 0.0 212.36
13:01:00 80.0 2579.0 213.14 212.49 212.51 212.33 212.48 83.0 212.52 484.0 2579.0 1002.0 1577.0 0.0 212.4105
13:02:00 110.0 3673.0 213.14 212.19 212.48 212.17 212.2 291.0 212.26 117.0 3673.0 1017.0 2656.0 0.0 212.2814
13:03:00 176.0 7363.0 213.14 212.09 212.2 211.96 212.04 109.0 212.1 136.0 7363.0 1436.0 5927.0 0.0 212.0429
13:04:00 135.0 3636.0 213.14 212.35 212.41 212.06 212.33 66.0 212.4 44.0 3636.0 2486.0 1150.0 0.0 212.2743
13:05:00 70.0 1593.0 213.14 212.39 212.55 212.35 212.37 22.0 212.41 474.0 1593.0 871.0 722.0 0.0 212.4781
13:06:00 149.0 4985.0 213.14 212.7 212.72 212.375 212.67 25.0 212.74 300.0 4985.0 3228.0 1757.0 0.0 212.5465
13:07:00 163.0 4426.0 213.14 212.445 212.9 212.445 212.42 381.0 212.47 401.0 4426.0 2948.0 1478.0 0.0 212.7253
13:08:00 91.0 3286.0 213.14 212.59 212.59 212.4 212.55 779.0 212.6 100.0 3286.0 2052.0 1234.0 0.0 212.4714
13:09:00 100.0 3811.0 213.14 212.48 212.62 212.39 212.43 46.0 212.47 61.0 3811.0 1768.0 2043.0 0.0 212.5583
13:10:00 62.0 1353.0 213.14 212.52 212.53 212.38 212.49 100.0 212.54 220.0 1353.0 631.0 722.0 0.0 212.447
13:11:00 145.0 4853.0 213.14 212.3 212.65 212.3 212.29 2.0 212.33 85.0 4853.0 3563.0 1290.0 0.0 212.5007
13:12:00 55.0 1416.0 213.14 212.17 212.36 212.15 212.13 203.0 212.16 192.0 1416.0 481.0 935.0 0.0 212.2569
13:13:00 157.0 6305.0 213.14 211.97 212.13 211.95 211.97 163.0 212.01 77.0 6305.0 3366.0 2939.0 0.0 212.0374
13:14:00 113.0 6469.0 213.14 212.0 212.09 211.97 212.0 14.0 212.05 200.0 6469.0 3827.0 2642.0 0.0 212.0174
13:15:00 89.0 4217.0 213.14 211.88 212.075 211.84 211.84 305.0 211.88 78.0 4217.0 1198.0 3019.0 0.0 211.9518
13:16:00 72.0 2439.0 213.14 211.88 211.92 211.79 211.89 202.0 211.97 42.0 2439.0 843.0 1596.0 0.0 211.8489
13:17:00 113.0 4714.0 213.14 211.99 212.01 211.85 211.94 138.0 211.98 26.0 4714.0 1757.0 2957.0 0.0 211.9016
13:18:00 48.0 1393.0 213.14 211.93 212.01 211.9 211.9 41.0 211.93 183.0 1393.0 1089.0 304.0 0.0 211.9704
13:19:00 92.0 2998.0 213.14 212.0 212.04 211.86 211.97 628.0 212.05 22.0 2998.0 1662.0 1336.0 0.0 211.9607
13:20:00 93.0 4143.0 213.14 212.04 212.13 212.02 212.01 202.0 212.06 22.0 4143.0 2842.0 1301.0 0.0 212.0849
13:21:00 118.0 5376.0 213.14 211.85 212.08 211.79 211.84 25.0 211.87 75.0 5376.0 1916.0 3460.0 0.0 211.9294
13:22:00 138.0 5274.0 213.14 211.91 212.0 211.75 211.87 50.0 211.94 12.0 5274.0 953.0 4321.0 0.0 211.8511
13:23:00 97.0 4541.0 213.14 211.69 211.925 211.69 211.67 1.0 211.7 186.0 4541.0 601.0 3940.0 0.0 211.8343
13:24:00 198.0 6971.0 213.14 211.35 211.7 211.35 211.33 7.0 211.36 78.0 6971.0 1252.0 5719.0 0.0 211.4962
13:25:00 153.0 10232.0 213.14 211.195 211.36 211.1 211.2 318.0 211.26 122.0 10232.0 2603.0 7629.0 0.0 211.1445
13:26:00 89.0 2080.0 213.14 211.165 211.26 211.13 211.15 452.0 211.18 315.0 2080.0 1107.0 973.0 0.0 211.1834
13:27:00 125.0 7373.0 213.14 211.1 211.18 211.05 211.09 7.0 211.15 246.0 7373.0 5073.0 2300.0 0.0 211.139
13:28:00 109.0 3049.0 213.14 211.24 211.26 211.1 211.23 100.0 211.26 1.0 3049.0 1404.0 1645.0 0.0 211.1954
13:29:00 43.0 1203.0 213.14 211.26 211.27 211.19 211.22 150.0 211.29 329.0 1203.0 560.0 643.0 0.0 211.2355
13:30:00 86.0 2216.0 213.14 211.22 211.36 211.2 211.21 64.0 211.24 76.0 2216.0 1273.0 943.0 0.0 211.263
13:31:00 288.0 11595.0 213.14 211.005 211.32 210.8 210.98 1173.0 211.02 110.0 11595.0 2677.0 8918.0 0.0 211.0037
13:32:00 156.0 6370.0 213.14 210.8 211.06 210.72 210.75 50.0 210.82 126.0 6370.0 1532.0 4838.0 0.0 210.8979
13:33:00 94.0 2568.0 213.14 210.81 210.86 210.61 210.79 188.0 210.85 27.0 2568.0 1060.0 1508.0 0.0 210.7217
13:34:00 103.0 2555.0 213.14 211.15 211.18 210.845 211.15 5.0 211.18 22.0 2555.0 1635.0 920.0 0.0 211.0306
13:35:00 94.0 2571.0 213.14 211.14 211.26 211.14 211.13 25.0 211.16 50.0 2571.0 501.0 2070.0 0.0 211.2039
13:36:00 78.0 1815.0 213.14 211.1 211.17 210.95 211.09 77.0 211.17 150.0 1815.0 1110.0 705.0 0.0 211.0608
13:37:00 137.0 4524.0 213.14 211.2 211.21 211.03 211.2 15.0 211.23 10.0 4524.0 2226.0 2298.0 0.0 211.1594
13:38:00 45.0 1249.0 213.14 211.3 211.31 211.16 211.29 91.0 211.31 85.0 1249.0 953.0 296.0 0.0 211.2331
13:39:00 68.0 1817.0 213.14 211.38 211.45 211.27 211.36 1.0 211.4 726.0 1817.0 818.0 999.0 0.0 211.3568
13:40:00 47.0 1827.0 213.14 211.28 211.38 211.2 211.24 15.0 211.29 207.0 1827.0 215.0 1612.0 0.0 211.2956
13:41:00 47.0 1354.0 213.14 211.13 211.29 211.13 211.12 283.0 211.17 47.0 1354.0 720.0 634.0 0.0 211.1955
13:42:00 65.0 1862.0 213.14 211.21 211.24 211.1 211.2 92.0 211.24 397.0 1862.0 703.0 1159.0 0.0 211.1796
13:43:00 80.0 3244.0 213.14 211.25 211.29 211.21 211.2 222.0 211.25 500.0 3244.0 1991.0 1253.0 0.0 211.257
13:44:00 136.0 3513.0 213.14 211.1 211.26 210.945 211.05 140.0 211.1 31.0 3513.0 2022.0 1491.0 0.0 211.0604
13:45:00 57.0 2305.0 213.14 211.36 211.36 211.1 211.33 229.0 211.38 24.0 2305.0 1751.0 554.0 0.0 211.3234
13:46:00 99.0 5400.0 213.14 211.125 211.34 211.12 211.1 19.0 211.16 25.0 5400.0 914.0 4486.0 0.0 211.2544
13:47:00 74.0 2176.0 213.14 211.26 211.32 211.11 211.23 25.0 211.25 182.0 2176.0 1215.0 961.0 0.0 211.2389
13:48:00 77.0 2288.0 213.14 211.33 211.41 211.23 211.29 125.0 211.36 25.0 2288.0 1421.0 867.0 0.0 211.3271
13:49:00 68.0 1285.0 213.14 210.98 211.4 210.94 210.91 122.0 210.97 79.0 1285.0 215.0 1070.0 0.0 211.2052
13:50:00 143.0 2951.0 213.14 210.75 210.92 210.63 210.7 211.0 210.76 174.0 2951.0 652.0 2299.0 0.0 210.7705
13:51:00 698.0 22921.0 213.14 210.02 210.75 209.99 210.03 25.0 210.09 43.0 22921.0 2143.0 20778.0 0.0 210.2459
13:52:00 420.0 10191.0 213.14 210.25 210.31 209.81 210.17 25.0 210.29 104.0 10191.0 4883.0 5308.0 0.0 210.0171
13:53:00 121.0 5539.0 213.14 210.08 210.47 210.05 210.08 100.0 210.17 50.0 5539.0 736.0 4803.0 0.0 210.2664
13:54:00 176.0 5857.0 213.14 209.9 210.08 209.64 209.89 132.0 209.97 29.0 5857.0 1246.0 4611.0 0.0 209.8193
13:55:00 223.0 5327.0 213.14 209.66 209.97 209.54 209.66 117.0 209.71 21.0 5327.0 1262.0 4065.0 0.0 209.6793
13:56:00 251.0 7310.0 213.14 209.5 209.85 209.47 209.48 20.0 209.56 25.0 7310.0 4072.0 3238.0 0.0 209.6453
13:57:00 179.0 3612.0 213.14 209.66 209.67 209.3 209.59 10.0 209.68 46.0 3612.0 954.0 2658.0 0.0 209.5042
13:58:00 217.0 7254.0 213.14 210.13 210.23 209.52 210.02 22.0 210.12 319.0 7254.0 2542.0 4712.0 0.0 209.9177
13:59:00 143.0 4858.0 213.14 209.95 210.26 209.92 209.93 25.0 210.0 112.0 4858.0 2204.0 2654.0 0.0 210.12
14:00:00 246.0 6590.0 213.14 209.57 210.0 209.55 209.52 28.0 209.59 100.0 6590.0 1514.0 5076.0 0.0 209.7162
14:01:00 249.0 5100.0 213.14 209.53 209.73 209.34 209.51 121.0 209.57 85.0 5100.0 1911.0 3189.0 0.0 209.5213
14:02:00 238.0 6222.0 213.14 209.4 209.71 209.25 209.37 301.0 209.42 181.0 6222.0 1830.0 4392.0 0.0 209.4665
14:03:00 192.0 7256.0 213.14 209.46 209.7 209.4 209.43 10.0 209.48 27.0 7256.0 3726.0 3530.0 0.0 209.5286
14:04:00 122.0 3277.0 213.14 209.49 209.54 209.27 209.44 40.0 209.55 51.0 3277.0 2383.0 894.0 0.0 209.4106
14:05:00 143.0 4445.0 213.14 209.34 209.61 209.3 209.31 100.0 209.36 89.0 4445.0 2005.0 2440.0 0.0 209.4563
14:06:00 208.0 12725.0 213.14 209.15 209.36 209.09 209.09 33.0 209.16 87.0 12725.0 1953.0 10772.0 0.0 209.1551
14:07:00 445.0 10206.0 213.14 208.88 209.12 208.85 208.87 1.0 208.91 191.0 10206.0 1924.0 8282.0 0.0 208.9813
14:08:00 210.0 4860.0 213.14 209.35 209.35 208.82 209.25 400.0 209.35 42.0 4860.0 3664.0 1196.0 0.0 209.0592
14:09:00 130.0 3383.0 213.14 209.53 209.57 209.27 209.43 25.0 209.53 25.0 3383.0 2281.0 1102.0 0.0 209.4066
14:10:00 173.0 4013.0 213.14 209.35 209.8 209.28 209.29 72.0 209.38 113.0 4013.0 1416.0 2597.0 0.0 209.6075
14:11:00 135.0 3622.0 213.14 209.26 209.38 209.06 209.23 88.0 209.3 278.0 3622.0 2145.0 1477.0 0.0 209.2292
14:12:00 90.0 4217.0 213.14 209.44 209.47 209.29 209.35 200.0 209.46 75.0 4217.0 3084.0 1133.0 0.0 209.3847
14:13:00 168.0 6464.0 213.14 209.66 209.69 209.33 209.64 25.0 209.73 25.0 6464.0 3312.0 3152.0 0.0 209.477
14:14:00 61.0 4631.0 213.14 209.41 209.62 209.41 209.41 147.0 209.45 91.0 4631.0 2354.0 2277.0 0.0 209.5062
14:15:00 89.0 3082.0 213.14 209.24 209.52 209.23 209.21 127.0 209.26 83.0 3082.0 1829.0 1253.0 0.0 209.3638
14:16:00 163.0 5531.0 213.14 208.89 209.34 208.86 208.88 138.0 208.92 22.0 5531.0 1992.0 3539.0 0.0 209.0351
14:17:00 191.0 6481.0 213.14 209.09 209.12 208.83 209.06 46.0 209.12 200.0 6481.0 3637.0 2844.0 0.0 208.9496
14:18:00 162.0 7088.0 213.14 209.07 209.21 208.99 209.0 151.0 209.05 90.0 7088.0 2849.0 4239.0 0.0 209.1274
14:19:00 236.0 7226.0 213.14 208.92 209.03 208.76 208.9 85.0 208.93 71.0 7226.0 3168.0 4058.0 0.0 208.8977
14:20:00 245.0 3777.0 213.14 208.94 209.06 208.8 208.91 25.0 208.96 83.0 3777.0 1685.0 2092.0 0.0 208.9568
14:21:00 180.0 4234.0 213.14 209.36 209.45 208.91 209.34 2.0 209.39 47.0 4234.0 2802.0 1432.0 0.0 209.205
14:22:00 119.0 3583.0 213.14 209.42 209.42 209.15 209.35 25.0 209.41 109.0 3583.0 2103.0 1480.0 0.0 209.2493
14:23:00 111.0 5178.0 213.14 209.41 209.41 209.29 209.37 230.0 209.43 97.0 5178.0 1618.0 3560.0 0.0 209.3431
14:24:00 170.0 4771.0 213.14 209.28 209.55 209.25 209.25 125.0 209.31 90.0 4771.0 2402.0 2369.0 0.0 209.4622
14:25:00 128.0 3659.0 213.14 209.14 209.48 209.09 209.12 40.0 209.2 22.0 3659.0 2002.0 1657.0 0.0 209.2348
14:26:00 83.0 2806.0 213.14 209.17 209.28 209.07 209.16 21.0 209.2 184.0 2806.0 1322.0 1484.0 0.0 209.1806
14:27:00 165.0 6290.0 213.14 209.04 209.21 208.99 209.0 84.0 209.04 116.0 6290.0 1568.0 4722.0 0.0 209.1402
14:28:00 150.0 4946.0 213.14 208.99 209.03 208.85 208.99 5.0 209.02 211.0 4946.0 2640.0 2306.0 0.0 208.9403
14:29:00 393.0 11153.0 213.14 210.06 210.06 209.02 210.02 25.0 210.09 44.0 11153.0 7960.0 3193.0 0.0 209.5146
14:30:00 563.0 13839.0 213.14 210.11 211.06 210.07 210.05 28.0 210.2 72.0 13839.0 6965.0 6874.0 0.0 210.5848
14:31:00 229.0 6627.0 213.14 209.73 210.42 209.73 209.72 68.0 209.87 322.0 6627.0 2982.0 3645.0 0.0 210.0156
14:32:00 168.0 5839.0 213.14 209.68 209.95 209.48 209.65 21.0 209.75 50.0 5839.0 3308.0 2531.0 0.0 209.7236
14:33:00 93.0 2967.0 213.14 209.55 209.8 209.33 209.44 125.0 209.54 22.0 2967.0 2195.0 772.0 0.0 209.6253
14:34:00 92.0 3554.0 213.14 209.72 209.73 209.4 209.55 62.0 209.65 228.0 3554.0 1651.0 1903.0 0.0 209.6165
14:35:00 149.0 3850.0 213.14 210.41 210.44 209.64 210.44 200.0 210.54 21.0 3850.0 2985.0 865.0 0.0 210.1014
14:36:00 115.0 3701.0 213.14 210.43 210.6 210.32 210.39 96.0 210.46 124.0 3701.0 1384.0 2317.0 0.0 210.442
14:37:00 85.0 2986.0 213.14 210.3 210.63 210.3 210.3 100.0 210.37 43.0 2986.0 1556.0 1430.0 0.0 210.4321
14:38:00 167.0 4634.0 213.14 210.0 210.33 209.9 209.94 12.0 209.99 128.0 4634.0 1901.0 2733.0 0.0 210.1584
14:39:00 121.0 4625.0 213.14 210.02 210.29 209.95 209.99 100.0 210.03 197.0 4625.0 1930.0 2695.0 0.0 210.1074
14:40:00 79.0 2783.0 213.14 210.29 210.32 210.03 210.23 300.0 210.31 22.0 2783.0 2140.0 643.0 0.0 210.1706
14:41:00 108.0 3760.0 213.14 210.51 210.51 210.09 210.49 232.0 210.56 86.0 3760.0 2628.0 1132.0 0.0 210.3192
14:42:00 152.0 5325.0 213.14 210.39 210.71 210.33 210.32 142.0 210.41 66.0 5325.0 3030.0 2295.0 0.0 210.5466
14:43:00 133.0 6791.0 213.14 209.92 210.36 209.82 209.83 1.0 209.92 107.0 6791.0 1966.0 4825.0 0.0 210.0441
14:44:00 155.0 4111.0 213.14 209.87 209.91 209.68 209.78 25.0 209.88 111.0 4111.0 2141.0 1970.0 0.0 209.8176
14:45:00 99.0 2709.0 213.14 209.9 210.15 209.78 209.85 200.0 209.95 185.0 2709.0 1861.0 848.0 0.0 209.996
14:46:00 71.0 2738.0 213.14 210.0 210.02 209.78 209.93 106.0 210.01 204.0 2738.0 1666.0 1072.0 0.0 209.9275
14:47:00 120.0 4394.0 213.14 209.89 210.13 209.86 209.84 227.0 209.91 85.0 4394.0 2012.0 2382.0 0.0 209.9477
14:48:00 89.0 2573.0 213.14 209.73 210.08 209.68 209.68 19.0 209.8 144.0 2573.0 901.0 1672.0 0.0 209.8339
14:49:00 240.0 4212.0 213.14 209.38 209.7 209.3 209.36 130.0 209.43 83.0 4212.0 1232.0 2980.0 0.0 209.4621
14:50:00 130.0 3534.0 213.14 209.6 209.64 209.31 209.57 200.0 209.63 211.0 3534.0 2209.0 1325.0 0.0 209.4741
14:51:00 200.0 6875.0 213.14 210.39 210.39 209.5 210.31 792.0 210.39 24.0 6875.0 4024.0 2851.0 0.0 209.9676
14:52:00 122.0 3432.0 213.14 210.66 210.73 210.36 210.61 19.0 210.7 24.0 3432.0 2139.0 1293.0 0.0 210.565
14:53:00 72.0 2554.0 213.14 210.58 210.67 210.52 210.54 25.0 210.61 10.0 2554.0 1522.0 1032.0 0.0 210.5952
14:54:00 101.0 2794.0 213.14 210.26 210.63 210.145 210.2 200.0 210.26 186.0 2794.0 1094.0 1700.0 0.0 210.4473
14:55:00 216.0 6350.0 213.14 210.08 210.32 210.04 210.08 49.0 210.14 185.0 6350.0 3295.0 3055.0 0.0 210.1985
14:56:00 118.0 4473.0 213.14 210.29 210.29 210.04 210.23 18.0 210.31 15.0 4473.0 2099.0 2374.0 0.0 210.1375
14:57:00 131.0 5103.0 213.14 210.17 210.43 210.16 210.13 131.0 210.2 189.0 5103.0 1617.0 3486.0 0.0 210.3011
14:58:00 112.0 2479.0 213.14 210.07 210.13 209.86 210.02 49.0 210.13 4.0 2479.0 1118.0 1361.0 0.0 210.0237
14:59:00 100.0 2968.0 213.14 210.32 210.5 210.11 210.28 90.0 210.34 24.0 2968.0 2174.0 794.0 0.0 210.3798
15:00:00 120.0 2493.0 213.14 210.07 210.3 210.04 210.07 11.0 210.12 83.0 2493.0 1482.0 1011.0 0.0 210.1735
15:01:00 121.0 2531.0 213.14 210.07 210.38 209.86 209.99 525.0 210.08 230.0 2531.0 1502.0 1029.0 0.0 210.0927
15:02:00 370.0 7748.0 213.14 209.81 210.12 209.75 209.8 25.0 209.85 189.0 7748.0 4434.0 3314.0 0.0 209.9458
15:03:00 112.0 2147.0 213.14 209.93 210.25 209.8 209.87 54.0 209.96 106.0 2147.0 1709.0 438.0 0.0 210.0418
15:04:00 128.0 4565.0 213.14 209.76 210.0 209.75 209.72 26.0 209.77 41.0 4565.0 2036.0 2529.0 0.0 209.8656
15:05:00 144.0 2442.0 213.14 209.84 210.1 209.74 209.83 165.0 209.87 108.0 2442.0 1517.0 925.0 0.0 209.8895
15:06:00 225.0 5942.0 213.14 209.39 209.85 209.25 209.39 100.0 209.45 49.0 5942.0 2635.0 3307.0 0.0 209.4929
15:07:00 94.0 2814.0 213.14 209.28 209.39 209.12 209.26 25.0 209.31 83.0 2814.0 1478.0 1336.0 0.0 209.2461
15:08:00 97.0 3424.0 213.14 209.37 209.43 209.22 209.36 49.0 209.44 81.0 3424.0 2249.0 1175.0 0.0 209.3389
15:09:00 110.0 3074.0 213.14 209.86 209.99 209.44 209.79 50.0 209.89 211.0 3074.0 2075.0 999.0 0.0 209.7326
15:10:00 125.0 4368.0 213.14 209.95 210.14 209.82 209.88 25.0 209.99 90.0 4368.0 2040.0 2328.0 0.0 210.0046
15:11:00 123.0 3015.0 213.14 209.41 210.0 209.37 209.34 200.0 209.43 84.0 3015.0 850.0 2165.0 0.0 209.7472
15:12:00 117.0 3662.0 213.14 209.35 209.53 209.32 209.35 149.0 209.44 10.0 3662.0 1603.0 2059.0 0.0 209.4278
15:13:00 151.0 3945.0 213.14 209.57 209.82 209.26 209.48 42.0 209.57 25.0 3945.0 1816.0 2129.0 0.0 209.5113
15:14:00 96.0 3210.0 213.14 209.72 209.88 209.49 209.72 100.0 209.78 49.0 3210.0 2132.0 1078.0 0.0 209.6577
15:15:00 83.0 2323.0 213.14 209.85 209.9 209.55 209.81 170.0 209.89 24.0 2323.0 1395.0 928.0 0.0 209.7059
15:16:00 109.0 3901.0 213.14 209.7 209.96 209.61 209.66 229.0 209.77 135.0 3901.0 1689.0 2212.0 0.0 209.7847
15:17:00 139.0 4167.0 213.14 209.47 209.66 209.39 209.47 25.0 209.53 100.0 4167.0 1650.0 2517.0 0.0 209.544
15:18:00 207.0 8254.0 213.14 209.42 209.5 209.22 209.39 351.0 209.43 82.0 8254.0 2911.0 5343.0 0.0 209.311
15:19:00 146.0 3497.0 213.14 209.48 209.63 209.3 209.42 71.0 209.52 235.0 3497.0 1821.0 1676.0 0.0 209.4754
15:20:00 117.0 3040.0 213.14 209.38 209.56 209.33 209.37 100.0 209.43 125.0 3040.0 1288.0 1752.0 0.0 209.4761
15:21:00 217.0 6478.0 213.14 209.23 209.37 209.02 209.2 24.0 209.25 100.0 6478.0 2731.0 3747.0 0.0 209.1709
15:22:00 143.0 3951.0 213.14 209.37 209.37 209.11 209.34 351.0 209.39 24.0 3951.0 1869.0 2082.0 0.0 209.2182
15:23:00 155.0 3312.0 213.14 209.67 209.7 209.44 209.66 26.0 209.7 111.0 3312.0 1419.0 1893.0 0.0 209.5476
15:24:00 138.0 5893.0 213.14 210.25 210.25 209.52 210.22 25.0 210.32 142.0 5893.0 4480.0 1413.0 0.0 209.8721
15:25:00 180.0 7520.0 213.14 210.08 210.44 210.08 210.05 200.0 210.09 220.0 7520.0 3053.0 4467.0 0.0 210.2762
15:26:00 158.0 4518.0 213.14 210.08 210.09 209.93 210.08 40.0 210.14 181.0 4518.0 1520.0 2998.0 0.0 210.0243
15:27:00 91.0 2511.0 213.14 209.9 210.13 209.87 209.9 49.0 209.99 25.0 2511.0 903.0 1608.0 0.0 209.9689
15:28:00 163.0 5036.0 213.14 209.78 209.99 209.61 209.76 26.0 209.83 286.0 5036.0 1303.0 3733.0 0.0 209.7935
15:29:00 114.0 4376.0 213.14 209.94 210.0 209.81 209.88 2.0 209.93 207.0 4376.0 2262.0 2114.0 0.0 209.9105
15:30:00 126.0 3552.0 213.14 209.82 209.97 209.75 209.78 151.0 209.86 146.0 3552.0 1636.0 1916.0 0.0 209.8878
15:31:00 451.0 21216.0 213.14 210.45 210.46 209.63 210.43 142.0 210.49 21.0 21216.0 12230.0 8986.0 0.0 210.1016
15:32:00 203.0 6341.0 213.14 210.26 210.5 210.12 210.23 41.0 210.27 21.0 6341.0 3147.0 3194.0 0.0 210.324
15:33:00 217.0 8843.0 213.14 210.6 210.65 210.2 210.57 21.0 210.62 49.0 8843.0 4183.0 4660.0 0.0 210.3927
15:34:00 269.0 6233.0 213.14 210.52 210.77 210.46 210.45 450.0 210.51 184.0 6233.0 2714.0 3519.0 0.0 210.6096
15:35:00 172.0 5348.0 213.14 210.61 210.66 210.45 210.6 123.0 210.65 21.0 5348.0 2468.0 2880.0 0.0 210.556
15:36:00 230.0 6402.0 213.14 210.57 210.74 210.54 210.56 300.0 210.62 382.0 6402.0 3723.0 2679.0 0.0 210.6374
15:37:00 156.0 6578.0 213.14 210.52 210.8 210.52 210.5 111.0 210.54 106.0 6578.0 3806.0 2772.0 0.0 210.6628
15:38:00 158.0 4085.0 213.14 210.57 210.7 210.46 210.52 11.0 210.56 152.0 4085.0 1586.0 2499.0 0.0 210.5697
15:39:00 317.0 6769.0 213.14 210.5 210.57 210.33 210.46 139.0 210.54 1.0 6769.0 2639.0 4130.0 0.0 210.452
15:40:00 116.0 3036.0 213.14 210.36 210.56 210.29 210.3 3.0 210.37 227.0 3036.0 1232.0 1804.0 0.0 210.3973
15:41:00 141.0 4796.0 213.14 210.54 210.63 210.34 210.52 24.0 210.56 21.0 4796.0 3151.0 1645.0 0.0 210.5071
15:42:00 193.0 6309.0 213.14 210.37 210.55 210.32 210.33 68.0 210.38 290.0 6309.0 2638.0 3671.0 0.0 210.4243
15:43:00 174.0 4754.0 213.14 210.3 210.41 210.27 210.29 46.0 210.37 17.0 4754.0 1886.0 2868.0 0.0 210.3286
15:44:00 129.0 3722.0 213.14 210.22 210.34 210.03 210.18 42.0 210.23 90.0 3722.0 1585.0 2137.0 0.0 210.1588
15:45:00 150.0 4727.0 213.14 210.56 210.56 210.15 210.51 319.0 210.59 48.0 4727.0 2944.0 1783.0 0.0 210.2967
15:46:00 264.0 10691.0 213.14 209.9 210.64 209.9 209.91 25.0 209.96 50.0 10691.0 3038.0 7653.0 0.0 210.2278
15:47:00 216.0 6949.0 213.14 210.0 210.05 209.8 209.99 13.0 210.06 121.0 6949.0 2987.0 3962.0 0.0 209.9062
15:48:00 171.0 6186.0 213.14 210.5 210.53 209.99 210.47 1.0 210.53 100.0 6186.0 3376.0 2810.0 0.0 210.3256
15:49:00 366.0 33165.0 213.14 210.72 210.93 210.51 210.66 50.0 210.72 21.0 33165.0 24845.0 8320.0 0.0 210.774
15:50:00 264.0 7288.0 213.14 210.57 210.88 210.49 210.53 21.0 210.59 72.0 7288.0 3141.0 4147.0 0.0 210.7267
15:51:00 636.0 13684.0 213.14 209.9 210.53 209.68 209.91 25.0 209.95 5.0 13684.0 6702.0 6982.0 0.0 209.9649
15:52:00 457.0 13712.0 213.14 210.34 210.39 209.81 210.33 420.0 210.37 33.0 13712.0 3653.0 10059.0 0.0 210.249
15:53:00 378.0 9390.0 213.14 210.47 210.5 210.26 210.45 250.0 210.5 100.0 9390.0 4602.0 4788.0 0.0 210.4148
15:54:00 309.0 6683.0 213.14 210.25 210.47 210.18 210.24 540.0 210.3 193.0 6683.0 2965.0 3718.0 0.0 210.3007
15:55:00 375.0 7787.0 213.14 210.25 210.39 210.09 210.23 50.0 210.31 50.0 7787.0 2703.0 5084.0 0.0 210.2448
15:56:00 505.0 21042.0 213.14 210.27 210.53 210.08 210.27 90.0 210.29 343.0 21042.0 12456.0 8586.0 0.0 210.2304
15:57:00 264.0 8003.0 213.14 210.19 210.34 210.1 210.18 173.0 210.22 100.0 8003.0 4467.0 3536.0 0.0 210.2145
15:58:00 251.0 9091.0 213.14 210.27 210.31 210.12 210.25 383.0 210.28 14.0 9091.0 4412.0 4679.0 0.0 210.2287
15:59:00 323.0 11742.0 213.14 210.23 210.3 210.17 210.21 115.0 210.24 150.0 11742.0 7645.0 4097.0 0.0 210.2598
16:00:00 741.0 23756.0 213.14 210.04 210.26 209.93 209.99 173.0 210.04 17005.0 23756.0 9747.0 14009.0 0.0 210.1323
16:01:00 4.0 22.0 213.14 209.6 210.04 209.6 209.99 73.0 210.04 13882.0 22.0 0.0 22.0 0.0 209.6
16:02:00 1.0 10.0 213.14 210.0 210.0 210.0 209.99 73.0 210.0 4.0 10.0 0.0 10.0 0.0 210.0
16:03:00 0.0 0.0 213.14 210.0 nan nan 209.99 73.0 209.99 4.0 nan 0.0 0.0 0.0 nan
16:04:00 5.0 216.0 213.14 210.0 210.01 209.99 210.01 2.0 210.04 13882.0 216.0 216.0 0.0 0.0 210.0044
16:05:00 5.0 1400.0 213.14 210.05 210.05 210.0 210.0 112.0 210.04 13882.0 1400.0 1000.0 400.0 0.0 210.0357
16:06:00 1.0 10.0 213.14 210.13 210.13 210.13 210.0 102.0 210.04 13882.0 10.0 0.0 10.0 0.0 210.13
16:07:00 5.0 182.0 213.14 210.27 210.27 210.1 210.11 100.0 210.04 13882.0 182.0 32.0 150.0 0.0 210.1347
16:08:00 1.0 5.0 213.14 210.19 210.19 210.19 210.11 100.0 210.04 13882.0 5.0 0.0 5.0 0.0 210.19
16:09:00 0.0 0.0 213.14 210.19 nan nan 210.11 101.0 210.04 13882.0 nan 0.0 0.0 0.0 nan
16:10:00 2.0 100.0 213.14 210.14 210.14 210.14 210.11 101.0 210.04 13882.0 100.0 100.0 0.0 0.0 210.14
16:11:00 1.0 0.0 213.14 210.26 210.26 210.26 210.11 101.0 210.04 13882.0 nan 0.0 0.0 0.0 nan
16:12:00 0.0 0.0 213.14 210.26 nan nan 210.11 102.0 210.04 13882.0 nan 0.0 0.0 0.0 nan
16:13:00 1.0 1.0 213.14 210.19 210.19 210.19 210.11 102.0 210.04 13882.0 1.0 0.0 1.0 0.0 210.19
16:14:00 2.0 100.0 213.14 210.11 210.12 210.11 210.12 100.0 210.04 13882.0 100.0 0.0 100.0 0.0 210.11
16:15:00 3.0 75.0 213.14 210.12 210.12 210.12 210.11 102.0 210.04 13882.0 75.0 0.0 75.0 0.0 210.12
16:16:00 4.0 100.0 213.14 210.26 210.26 210.2 210.11 2.0 210.04 13882.0 100.0 100.0 0.0 0.0 210.2
16:17:00 3.0 6.0 213.14 210.11 210.15 210.11 210.11 1.0 210.04 13882.0 6.0 5.0 1.0 0.0 210.1433
16:18:00 5.0 39.0 213.14 210.02 210.11 210.02 210.04 10.0 210.04 13882.0 39.0 0.0 39.0 0.0 210.0556
16:19:00 0.0 0.0 213.14 210.02 nan nan 210.05 10.0 210.04 13882.0 nan 0.0 0.0 0.0 nan
16:20:00 0.0 0.0 213.14 210.02 nan nan 210.05 10.0 210.04 13882.0 nan 0.0 0.0 0.0 nan
16:21:00 0.0 0.0 213.14 210.02 nan nan 210.05 12.0 210.04 13882.0 nan 0.0 0.0 0.0 nan
16:22:00 0.0 0.0 213.14 210.02 nan nan 210.05 10.0 210.04 13882.0 nan 0.0 0.0 0.0 nan
16:23:00 1.0 1.0 213.14 210.15 210.15 210.15 210.05 10.0 210.04 13882.0 1.0 1.0 0.0 0.0 210.15
16:24:00 0.0 0.0 213.14 210.15 nan nan 210.05 10.0 210.04 13882.0 nan 0.0 0.0 0.0 nan
16:25:00 4.0 6.0 213.14 210.14 210.25 210.14 210.05 10.0 210.04 13882.0 6.0 1.0 5.0 0.0 210.1917
16:26:00 6.0 130.0 213.14 210.14 210.15 210.05 210.05 9.0 210.04 13882.0 130.0 87.0 43.0 0.0 210.1492
16:27:00 0.0 0.0 213.14 210.14 nan nan 210.05 9.0 210.04 13882.0 nan 0.0 0.0 0.0 nan
16:28:00 1.0 1.0 213.14 210.05 210.05 210.05 210.05 8.0 210.04 13882.0 1.0 0.0 1.0 0.0 210.05
16:29:00 0.0 0.0 213.14 210.05 nan nan 210.05 8.0 210.04 13882.0 nan 0.0 0.0 0.0 nan
16:30:00 3.0 2.0 213.14 210.05 210.14 210.05 210.05 6.0 210.04 13882.0 2.0 0.0 2.0 0.0 210.05
16:31:00 1.0 0.0 213.14 210.11 210.11 210.11 210.1 20.0 210.04 13882.0 nan 0.0 0.0 0.0 nan
16:32:00 1.0 20.0 213.14 210.1 210.1 210.1 210.07 1.0 210.04 13882.0 20.0 0.0 20.0 0.0 210.1
16:33:00 3.0 10.0 213.14 210.06 210.07 210.06 210.05 6.0 210.04 13882.0 10.0 8.0 2.0 0.0 210.061
16:34:00 18.0 1027.0 213.14 210.27 210.27 210.09 210.27 500.0 210.04 13882.0 1027.0 1027.0 0.0 0.0 210.2434
16:35:00 1.0 500.0 213.14 210.27 210.27 210.27 210.06 500.0 210.04 13882.0 500.0 0.0 500.0 0.0 210.27
16:36:00 2.0 2.0 213.14 210.27 210.27 210.27 210.3 30.0 210.04 13882.0 2.0 0.0 2.0 0.0 210.27
16:37:00 0.0 0.0 213.14 210.27 nan nan 210.28 30.0 210.04 13882.0 nan 0.0 0.0 0.0 nan
16:38:00 6.0 311.0 213.14 210.3 210.3 210.28 210.28 19.0 210.04 13882.0 311.0 300.0 11.0 0.0 210.2993
16:39:00 0.0 0.0 213.14 210.3 nan nan 210.28 19.0 210.04 13882.0 nan 0.0 0.0 0.0 nan
16:40:00 2.0 6.0 213.14 210.28 210.28 210.28 210.28 13.0 210.04 13882.0 6.0 0.0 6.0 0.0 210.28
16:41:00 0.0 0.0 213.14 210.28 nan nan 210.28 13.0 210.04 13882.0 nan 0.0 0.0 0.0 nan
16:42:00 2.0 50.0 213.14 210.27 210.28 210.27 210.27 163.0 210.04 13882.0 50.0 0.0 50.0 0.0 210.2726
16:43:00 1.0 4.0 213.14 210.45 210.45 210.45 210.27 163.0 210.04 13882.0 4.0 4.0 0.0 0.0 210.45
16:44:00 3.0 163.0 213.14 210.27 210.27 210.27 210.14 50.0 210.04 13882.0 163.0 0.0 163.0 0.0 210.27
16:45:00 0.0 0.0 213.14 210.27 nan nan 210.14 50.0 210.04 13882.0 nan 0.0 0.0 0.0 nan
16:46:00 2.0 65.0 213.14 210.3 210.3 210.27 210.14 50.0 210.04 13882.0 65.0 37.0 28.0 0.0 210.2829
16:47:00 1.0 0.0 213.14 210.13 210.13 210.13 210.14 50.0 210.04 13882.0 nan 0.0 0.0 0.0 nan
16:48:00 5.0 100.0 213.14 210.12 210.13 210.12 210.11 380.0 210.04 13882.0 100.0 0.0 100.0 0.0 210.12
16:49:00 3.0 15.0 213.14 210.12 210.12 210.12 210.12 100.0 210.04 13882.0 15.0 15.0 0.0 0.0 210.12
16:50:00 1.0 0.0 213.14 210.15 210.15 210.15 210.11 380.0 210.04 13882.0 nan 0.0 0.0 0.0 nan
16:51:00 0.0 0.0 213.14 210.15 nan nan 210.11 300.0 210.04 13882.0 nan 0.0 0.0 0.0 nan
16:52:00 4.0 296.0 213.14 210.11 210.12 210.11 210.11 4.0 210.04 13882.0 296.0 0.0 296.0 0.0 210.11
16:53:00 1.0 1.0 213.14 210.25 210.25 210.25 210.11 5.0 210.04 13882.0 1.0 1.0 0.0 0.0 210.25
16:54:00 7.0 517.0 213.14 210.05 210.11 210.05 210.05 5.0 210.04 13882.0 517.0 0.0 517.0 0.0 210.0613
16:55:00 0.0 0.0 213.14 210.05 nan nan 210.07 6.0 210.04 13882.0 nan 0.0 0.0 0.0 nan
16:56:00 4.0 39.0 213.14 210.29 210.29 210.24 210.07 6.0 210.04 13882.0 39.0 39.0 0.0 0.0 210.25
16:57:00 1.0 0.0 213.14 210.31 210.31 210.31 210.07 6.0 210.04 13882.0 nan 0.0 0.0 0.0 nan
16:58:00 0.0 0.0 213.14 210.31 nan nan 210.07 6.0 210.04 13882.0 nan 0.0 0.0 0.0 nan
16:59:00 11.0 91.0 213.14 210.0 210.07 210.0 210.0 85.0 210.04 13882.0 91.0 0.0 91.0 0.0 210.0268
17:00:00 0.0 0.0 213.14 210.0 nan nan 210.0 85.0 210.04 13882.0 nan 0.0 0.0 0.0 nan
