time trade_count trade_volume trade_first trade_last trade_high trade_low bid_price bid_size ask_price ask_size hid_vol buy_vol sell_vol unsided_vol vwap
09:00:00 nan 84.0 222.47 222.25 222.47 222.25 222.01 222.0 222.27 5.0 84.0 1.0 83.0 0.0 222.3933
09:01:00 18.0 114.0 222.47 222.21 222.25 222.01 222.01 1419.0 222.23 5.0 114.0 0.0 114.0 0.0 222.0153
09:02:00 22.0 272.0 222.47 222.05 222.21 222.01 222.12 17.0 222.25 26.0 272.0 5.0 267.0 0.0 222.0625
09:03:00 7.0 66.0 222.47 222.1 222.1 222.01 222.01 1339.0 222.25 27.0 66.0 0.0 66.0 0.0 222.057
09:04:00 36.0 1032.0 222.47 222.1 222.27 222.04 222.1 130.0 222.28 25.0 1032.0 134.0 898.0 0.0 222.1775
09:05:00 38.0 4524.0 222.47 222.1 222.23 222.01 222.01 3419.0 222.2 9.0 4524.0 251.0 4273.0 0.0 222.0197
09:06:00 35.0 1538.0 222.47 222.05 222.23 222.01 222.05 250.0 222.23 19.0 1538.0 309.0 1229.0 0.0 222.0297
09:07:00 121.0 3024.0 222.47 222.61 222.64 222.22 222.25 1.0 222.5 230.0 3024.0 2399.0 625.0 0.0 222.4341
09:08:00 69.0 2739.0 222.47 222.5 222.72 222.44 222.25 1.0 222.57 266.0 2739.0 394.0 2345.0 0.0 222.5347
09:09:00 8.0 294.0 222.47 222.55 222.57 222.44 222.41 25.0 222.57 3.0 294.0 294.0 0.0 0.0 222.501
09:10:00 16.0 419.0 222.47 222.55 222.55 222.4 222.43 100.0 222.55 170.0 419.0 33.0 386.0 0.0 222.42
09:11:00 29.0 1617.0 222.47 222.55 222.7 222.52 222.51 30.0 222.7 108.0 1617.0 1342.0 275.0 0.0 222.5944
09:12:00 75.0 1633.0 222.47 222.65 222.74 222.51 222.6 1276.0 222.7 6.0 1633.0 556.0 1077.0 0.0 222.6641
09:13:00 8.0 568.0 222.47 222.6 222.62 222.6 222.6 816.0 222.7 215.0 568.0 0.0 568.0 0.0 222.6001
09:14:00 46.0 1906.0 222.47 222.14 222.61 222.14 222.1 625.0 222.25 134.0 1906.0 0.0 1906.0 0.0 222.5357
09:15:00 26.0 793.0 222.47 222.46 222.47 222.13 222.34 2.0 222.56 1.0 793.0 592.0 201.0 0.0 222.2813
09:16:00 29.0 515.0 222.47 222.33 222.49 222.13 222.25 4.0 222.4 230.0 515.0 8.0 507.0 0.0 222.2312
09:17:00 37.0 926.0 222.47 222.13 222.3 222.1 222.16 100.0 222.25 125.0 926.0 406.0 520.0 0.0 222.1704
09:18:00 103.0 3045.0 222.47 222.65 222.85 222.3 222.6 694.0 222.72 23.0 3045.0 2559.0 486.0 0.0 222.6867
09:19:00 320.0 12805.0 222.47 222.56 223.2 222.56 222.5 730.0 222.87 319.0 12805.0 8463.0 4342.0 0.0 222.955
09:20:00 11.0 176.0 222.47 222.67 222.72 222.6 222.52 60.0 222.72 225.0 176.0 90.0 86.0 0.0 222.6506
09:21:00 71.0 1542.0 222.47 222.35 222.72 222.27 222.27 25.0 222.72 92.0 1542.0 259.0 1283.0 0.0 222.4684
09:22:00 42.0 1232.0 222.47 222.43 222.53 222.26 222.34 125.0 222.5 2.0 1232.0 202.0 1030.0 0.0 222.4616
09:23:00 27.0 127.0 222.47 222.52 222.63 222.34 222.5 87.0 222.63 40.0 127.0 64.0 63.0 0.0 222.4654
09:24:00 41.0 1031.0 222.47 222.72 222.72 222.25 222.65 368.0 222.85 25.0 1031.0 610.0 421.0 0.0 222.3685
09:25:00 47.0 1768.0 222.47 222.5 222.83 222.48 222.24 50.0 222.56 18.0 1768.0 0.0 1768.0 0.0 222.5355
09:26:00 15.0 41.0 222.47 222.54 222.55 222.41 222.38 10.0 222.5 307.0 41.0 40.0 1.0 0.0 222.521
09:27:00 14.0 261.0 222.47 222.38 222.49 222.38 222.3 10.0 222.38 118.0 261.0 0.0 261.0 0.0 222.3954
09:28:00 25.0 935.0 222.47 222.17 222.32 222.17 222.21 16.0 222.35 299.0 935.0 594.0 341.0 0.0 222.2512
09:29:00 14.0 276.0 222.47 222.33 222.38 222.06 222.2 130.0 222.33 5.0 276.0 0.0 276.0 0.0 222.1086
09:30:00 21.0 523.0 222.47 222.32 222.43 222.17 222.21 1.0 222.43 50.0 523.0 143.0 380.0 0.0 222.2864
09:31:00 1492.0 61008.0 222.47 220.13 222.4 220.1 220.13 79.0 220.21 25.0 61008.0 19878.0 41130.0 0.0 221.6488
09:32:00 1128.0 28025.0 222.47 222.01 222.12 220.06 221.93 152.0 222.07 100.0 28025.0 12962.0 15063.0 0.0 221.2896
09:33:00 1837.0 78309.0 222.47 222.94 223.51 221.8 222.91 27.0 223.03 25.0 78309.0 46610.0 31699.0 0.0 222.9398
09:34:00 891.0 32179.0 222.47 222.02 222.96 221.79 221.95 25.0 222.02 40.0 32179.0 9112.0 23067.0 0.0 222.243
09:35:00 632.0 28172.0 222.47 221.37 222.48 221.36 221.37 170.0 221.47 2.0 28172.0 9967.0 18205.0 0.0 221.9983
09:36:00 638.0 35132.0 222.47 221.26 221.95 221.19 221.21 10.0 221.33 125.0 35132.0 15433.0 19699.0 0.0 221.4917
09:37:00 765.0 31091.0 222.47 221.43 221.89 220.35 221.39 25.0 221.53 25.0 31091.0 17881.0 13210.0 0.0 221.2336
09:38:00 445.0 19246.0 222.47 221.45 221.93 221.24 221.39 5.0 221.48 75.0 19246.0 11535.0 7711.0 0.0 221.5794
09:39:00 404.0 15503.0 222.47 220.79 221.42 220.7 220.7 1.0 220.79 100.0 15503.0 4996.0 10507.0 0.0 221.0091
09:40:00 763.0 14713.0 222.47 221.46 221.57 220.61 221.38 233.0 221.47 100.0 14713.0 10055.0 4658.0 0.0 220.9881
09:41:00 334.0 14279.0 222.47 221.01 221.71 221.01 221.0 569.0 221.06 25.0 14279.0 6379.0 7900.0 0.0 221.3503
09:42:00 578.0 24237.0 222.47 222.11 222.3 220.93 222.05 50.0 222.13 81.0 24237.0 19140.0 5097.0 0.0 221.8961
09:43:00 343.0 14912.0 222.47 222.6 222.6 222.03 222.57 135.0 222.63 100.0 14912.0 12035.0 2877.0 0.0 222.32
09:44:00 544.0 23424.0 222.47 222.5 222.98 222.5 222.5 343.0 222.58 563.0 23424.0 8610.0 14814.0 0.0 222.7104
09:45:00 436.0 18633.0 222.47 222.29 222.76 222.03 222.26 150.0 222.37 25.0 18633.0 7817.0 10816.0 0.0 222.4273
09:46:00 564.0 16349.0 222.47 221.8 222.32 221.5 221.78 100.0 221.84 50.0 16349.0 5734.0 10615.0 0.0 221.9171
09:47:00 356.0 11138.0 222.47 222.23 222.45 221.86 222.25 100.0 222.3 145.0 11138.0 6489.0 4649.0 0.0 222.1591
09:48:00 361.0 16769.0 222.47 222.4 222.6 222.22 222.4 35.0 222.48 472.0 16769.0 8346.0 8423.0 0.0 222.399
09:49:00 825.0 42006.0 222.47 222.81 223.25 222.44 222.77 463.0 222.85 214.0 42006.0 28977.0 13029.0 0.0 222.9548
09:50:00 722.0 27337.0 222.47 223.15 223.44 222.84 223.09 233.0 223.18 598.0 27337.0 15376.0 11961.0 0.0 223.2035
09:51:00 312.0 13319.0 222.47 222.76 223.29 222.52 222.64 1150.0 222.76 25.0 13319.0 5307.0 8012.0 0.0 222.9429
09:52:00 361.0 12661.0 222.47 223.035 223.14 222.66 223.0 5625.0 223.06 125.0 12661.0 6124.0 6537.0 0.0 222.8997
09:53:00 741.0 33390.0 222.47 223.58 223.6 223.01 223.53 85.0 223.58 35.0 33390.0 26233.0 7157.0 0.0 223.3381
09:54:00 596.0 28468.0 222.47 223.18 223.71 223.1 223.11 150.0 223.2 125.0 28468.0 15958.0 12510.0 0.0 223.5476
09:55:00 371.0 22120.0 222.47 223.42 223.6 223.15 223.41 20.0 223.48 53.0 22120.0 14796.0 7324.0 0.0 223.4048
09:56:00 939.0 40920.0 222.47 223.88 223.97 223.41 223.86 400.0 223.92 600.0 40920.0 25444.0 15476.0 0.0 223.7498
09:57:00 682.0 25552.0 222.47 223.52 223.98 223.35 223.52 50.0 223.6 38.0 25552.0 13896.0 11656.0 0.0 223.7437
09:58:00 819.0 38063.0 222.47 224.09 224.15 223.49 224.05 300.0 224.12 25.0 38063.0 34392.0 3671.0 0.0 223.9454
09:59:00 770.0 28501.0 222.47 224.24 224.3 223.89 224.21 1.0 224.29 751.0 28501.0 18479.0 10022.0 0.0 224.1383
10:00:00 907.0 51768.0 222.47 224.1 224.36 223.93 224.07 100.0 224.11 1.0 51768.0 27357.0 24411.0 0.0 224.2369
10:01:00 786.0 32260.0 222.47 224.3 224.44 224.11 224.22 560.0 224.3 182.0 32260.0 17586.0 14674.0 0.0 224.2923
10:02:00 861.0 37830.0 222.47 224.46 224.49 224.07 224.44 50.0 224.47 358.0 37830.0 19051.0 18779.0 0.0 224.2915
10:03:00 1162.0 57974.0 222.47 224.8 224.87 224.46 224.78 25.0 224.83 350.0 57974.0 43773.0 14201.0 0.0 224.6456
10:04:00 777.0 31677.0 222.47 224.52 224.89 224.29 224.51 600.0 224.56 50.0 31677.0 18597.0 13080.0 0.0 224.6664
10:05:00 629.0 24082.0 222.47 224.26 224.58 224.2 224.24 330.0 224.31 300.0 24082.0 11796.0 12286.0 0.0 224.4
10:06:00 575.0 26622.0 222.47 224.28 224.55 224.08 224.26 220.0 224.33 75.0 26622.0 20323.0 6299.0 0.0 224.3348
10:07:00 395.0 16684.0 222.47 224.13 224.39 224.05 224.07 200.0 224.14 764.0 16684.0 9996.0 6688.0 0.0 224.1912
10:08:00 497.0 19045.0 222.47 223.98 224.34 223.94 223.98 30.0 224.06 469.0 19045.0 12161.0 6884.0 0.0 224.1224
10:09:00 388.0 17017.0 222.47 223.97 224.18 223.92 223.98 25.0 224.03 246.0 17017.0 10752.0 6265.0 0.0 224.0496
10:10:00 493.0 29443.0 222.47 224.02 224.21 223.85 223.98 234.0 224.05 200.0 29443.0 22126.0 7317.0 0.0 224.0365
10:11:00 405.0 17426.0 222.47 223.92 223.98 223.75 223.86 400.0 223.92 150.0 17426.0 7936.0 9490.0 0.0 223.8503
10:12:00 396.0 19040.0 222.47 224.07 224.1 223.74 224.04 918.0 224.1 451.0 19040.0 13751.0 5289.0 0.0 223.8978
10:13:00 666.0 37070.0 222.47 224.56 224.57 224.07 224.56 210.0 224.58 55.0 37070.0 30924.0 6146.0 0.0 224.3832
10:14:00 553.0 32611.0 222.47 224.52 224.85 224.47 224.49 290.0 224.53 50.0 32611.0 13682.0 18929.0 0.0 224.6993
10:15:00 287.0 11682.0 222.47 224.25 224.6 224.25 224.25 100.0 224.27 103.0 11682.0 4799.0 6883.0 0.0 224.4132
10:16:00 432.0 17801.0 222.47 223.76 224.25 223.51 223.74 593.0 223.8 370.0 17801.0 6617.0 11184.0 0.0 223.8322
10:17:00 257.0 11925.0 222.47 223.59 223.8 223.57 223.58 200.0 223.64 470.0 11925.0 5887.0 6038.0 0.0 223.6577
10:18:00 533.0 27093.0 222.47 223.24 223.64 223.19 223.22 50.0 223.28 200.0 27093.0 11620.0 15473.0 0.0 223.4071
10:19:00 350.0 13206.0 222.47 223.36 223.42 223.09 223.34 99.0 223.36 223.0 13206.0 7492.0 5714.0 0.0 223.2152
10:20:00 263.0 16395.0 222.47 223.44 223.44 223.08 223.43 650.0 223.48 25.0 16395.0 6737.0 9658.0 0.0 223.242
10:21:00 361.0 13136.0 222.47 223.76 223.83 223.43 223.73 150.0 223.79 674.0 13136.0 7427.0 5709.0 0.0 223.6949
10:22:00 231.0 10657.0 222.47 223.97 223.97 223.7 223.95 100.0 223.98 14.0 10657.0 6915.0 3742.0 0.0 223.8154
10:23:00 278.0 14915.0 222.47 224.06 224.2 223.91 224.02 132.0 224.11 73.0 14915.0 10660.0 4255.0 0.0 224.0353
10:24:00 200.0 10509.0 222.47 224.02 224.08 223.88 224.01 600.0 224.08 200.0 10509.0 6141.0 4368.0 0.0 223.9448
10:25:00 366.0 24106.0 222.47 223.94 224.23 223.86 223.91 500.0 223.96 315.0 24106.0 16925.0 7181.0 0.0 224.0996
10:26:00 357.0 13384.0 222.47 223.48 223.93 223.47 223.46 164.0 223.52 147.0 13384.0 5271.0 8113.0 0.0 223.6649
10:27:00 131.0 5100.0 222.47 223.88 223.92 223.49 223.85 250.0 223.91 267.0 5100.0 4566.0 534.0 0.0 223.6478
10:28:00 552.0 24831.0 222.47 224.47 224.5 223.8 224.45 54.0 224.49 329.0 24831.0 18834.0 5997.0 0.0 224.2012
10:29:00 2714.0 155645.0 222.47 224.86 225.0 224.49 224.82 344.0 224.87 155.0 155645.0 138350.0 17295.0 0.0 224.9094
10:30:00 1449.0 80910.0 222.47 225.31 225.32 224.87 225.31 1107.0 225.33 13.0 80910.0 67325.0 13585.0 0.0 225.07
10:31:00 931.0 41127.0 222.47 225.095 225.58 225.09 225.08 115.0 225.11 143.0 41127.0 22390.0 18737.0 0.0 225.414
10:32:00 497.0 29184.0 222.47 224.4 225.11 224.35 224.35 600.0 224.41 215.0 29184.0 11844.0 17340.0 0.0 224.7102
10:33:00 650.0 26303.0 222.47 223.73 224.47 223.72 223.74 52.0 223.76 14.0 26303.0 9443.0 16860.0 0.0 224.0902
10:34:00 421.0 15496.0 222.47 223.83 223.99 223.71 223.81 229.0 223.85 50.0 15496.0 7318.0 8178.0 0.0 223.8186
10:35:00 644.0 20666.0 222.47 224.63 224.75 223.85 224.59 100.0 224.67 143.0 20666.0 12409.0 8257.0 0.0 224.2941
10:36:00 314.0 11716.0 222.47 224.15 224.84 224.15 224.13 10.0 224.19 100.0 11716.0 4961.0 6755.0 0.0 224.5611
10:37:00 325.0 11172.0 222.47 224.18 224.37 224.0 224.15 44.0 224.23 679.0 11172.0 5983.0 5189.0 0.0 224.1393
10:38:00 273.0 11483.0 222.47 224.08 224.15 224.0 224.07 300.0 224.13 209.0 11483.0 4523.0 6960.0 0.0 224.0431
10:39:00 305.0 12142.0 222.47 224.29 224.36 223.79 224.26 245.0 224.34 5.0 12142.0 5956.0 6186.0 0.0 224.0705
10:40:00 156.0 5034.0 222.47 224.44 224.44 224.24 224.41 150.0 224.45 50.0 5034.0 3117.0 1917.0 0.0 224.3006
10:41:00 296.0 12603.0 222.47 224.55 224.68 224.35 224.52 43.0 224.57 50.0 12603.0 7716.0 4887.0 0.0 224.4915
10:42:00 318.0 9922.0 222.47 224.42 224.64 224.35 224.42 50.0 224.45 100.0 9922.0 4710.0 5212.0 0.0 224.4988
10:43:00 339.0 31754.0 222.47 223.99 224.51 223.92 223.97 102.0 223.99 107.0 31754.0 23151.0 8603.0 0.0 224.0593
10:44:00 284.0 14016.0 222.47 224.65 224.66 223.84 224.63 102.0 224.68 100.0 14016.0 10055.0 3961.0 0.0 224.1818
10:45:00 298.0 12126.0 222.47 224.44 224.91 224.31 224.42 270.0 224.49 314.0 12126.0 7209.0 4917.0 0.0 224.6633
10:46:00 278.0 10461.0 222.47 224.42 224.57 224.09 224.42 50.0 224.46 152.0 10461.0 5361.0 5100.0 0.0 224.3083
10:47:00 380.0 13832.0 222.47 224.69 224.84 224.41 224.67 150.0 224.74 50.0 13832.0 6768.0 7064.0 0.0 224.6534
10:48:00 175.0 8915.0 222.47 224.55 224.73 224.42 224.52 1.0 224.55 467.0 8915.0 4317.0 4598.0 0.0 224.5833
10:49:00 243.0 10817.0 222.47 224.73 224.82 224.5 224.7 50.0 224.74 100.0 10817.0 5829.0 4988.0 0.0 224.7064
10:50:00 212.0 7571.0 222.47 224.7 224.84 224.63 224.65 205.0 224.71 100.0 7571.0 4416.0 3155.0 0.0 224.7447
10:51:00 578.0 29097.0 222.47 223.46 224.68 223.4 223.43 13.0 223.48 560.0 29097.0 8637.0 20460.0 0.0 223.9898
10:52:00 264.0 14322.0 222.47 223.42 223.7 223.23 223.42 520.0 223.5 400.0 14322.0 7837.0 6485.0 0.0 223.427
10:53:00 201.0 8736.0 222.47 223.8 223.8 223.39 223.81 200.0 223.88 101.0 8736.0 4134.0 4602.0 0.0 223.4857
10:54:00 284.0 10651.0 222.47 224.0 224.09 223.82 224.0 208.0 224.04 50.0 10651.0 6238.0 4413.0 0.0 223.9395
10:55:00 175.0 9179.0 222.47 224.26 224.26 223.82 224.23 158.0 224.3 50.0 9179.0 3902.0 5277.0 0.0 223.9923
10:56:00 220.0 9728.0 222.47 224.51 224.55 224.25 224.46 250.0 224.5 1.0 9728.0 6767.0 2961.0 0.0 224.3906
10:57:00 383.0 19689.0 222.47 224.78 224.9 224.45 224.77 240.0 224.83 356.0 19689.0 11968.0 7721.0 0.0 224.7103
10:58:00 635.0 38170.0 222.47 225.02 225.18 224.77 225.03 7.0 225.07 100.0 38170.0 34978.0 3192.0 0.0 224.992
10:59:00 277.0 14639.0 222.47 224.89 225.05 224.8 224.88 189.0 224.96 296.0 14639.0 5321.0 9318.0 0.0 224.9293
11:00:00 310.0 13026.0 222.47 224.78 224.95 224.67 224.74 9.0 224.82 100.0 13026.0 7957.0 5069.0 0.0 224.8568
11:01:00 417.0 15180.0 222.47 224.56 224.82 224.38 224.58 50.0 224.64 50.0 15180.0 6941.0 8239.0 0.0 224.486
11:02:00 154.0 5319.0 222.47 224.83 224.91 224.53 224.86 100.0 224.9 468.0 5319.0 3507.0 1812.0 0.0 224.7222
11:03:00 435.0 22242.0 222.47 225.16 225.32 224.9 225.12 150.0 225.18 213.0 22242.0 16823.0 5419.0 0.0 225.1227
11:04:00 238.0 9106.0 222.47 225.1 225.23 224.94 225.09 3.0 225.12 110.0 9106.0 5331.0 3775.0 0.0 225.0606
11:05:00 253.0 8281.0 222.47 224.82 225.11 224.68 224.78 164.0 224.87 294.0 8281.0 4036.0 4245.0 0.0 224.8536
11:06:00 310.0 11991.0 222.47 224.98 225.03 224.66 224.96 530.0 225.02 300.0 11991.0 7918.0 4073.0 0.0 224.8959
11:07:00 387.0 21215.0 222.47 224.76 225.09 224.52 224.74 23.0 224.78 695.0 21215.0 14886.0 6329.0 0.0 224.7694
11:08:00 364.0 14980.0 222.47 224.9 224.9 224.65 224.87 2.0 224.9 1100.0 14980.0 11357.0 3623.0 0.0 224.7785
11:09:00 499.0 20952.0 222.47 224.96 225.1 224.81 224.95 353.0 225.01 395.0 20952.0 13483.0 7469.0 0.0 224.9616
11:10:00 413.0 17262.0 222.47 225.33 225.37 224.99 225.32 1.0 225.37 176.0 17262.0 11049.0 6213.0 0.0 225.1746
11:11:00 432.0 17433.0 222.47 224.91 225.37 224.83 224.85 50.0 224.92 100.0 17433.0 6329.0 11104.0 0.0 225.1317
11:12:00 245.0 9947.0 222.47 225.28 225.3 224.92 225.23 300.0 225.29 354.0 9947.0 6845.0 3102.0 0.0 225.1934
11:13:00 705.0 38498.0 222.47 225.54 225.6 225.25 225.52 700.0 225.57 420.0 38498.0 32486.0 6012.0 0.0 225.4738
11:14:00 598.0 29325.0 222.47 225.62 225.7 225.49 225.59 50.0 225.62 1.0 29325.0 21678.0 7647.0 0.0 225.6246
11:15:00 541.0 22086.0 222.47 225.36 225.76 225.36 225.35 92.0 225.42 400.0 22086.0 15059.0 7027.0 0.0 225.6748
11:16:00 401.0 17161.0 222.47 225.32 225.355 225.12 225.31 548.0 225.37 57.0 17161.0 10469.0 6692.0 0.0 225.202
11:17:00 230.0 10448.0 222.47 225.66 225.7 225.37 225.6 220.0 225.68 114.0 10448.0 7277.0 3171.0 0.0 225.6033
11:18:00 522.0 22261.0 222.47 225.67 225.84 225.55 225.67 202.0 225.72 300.0 22261.0 15296.0 6965.0 0.0 225.7211
11:19:00 240.0 9420.0 222.47 225.6 225.79 225.55 225.59 1.0 225.63 100.0 9420.0 4289.0 5131.0 0.0 225.6774
11:20:00 179.0 7211.0 222.47 225.565 225.68 225.51 225.57 160.0 225.62 70.0 7211.0 4006.0 3205.0 0.0 225.5933
11:21:00 421.0 19437.0 222.47 225.9 225.92 225.56 225.87 59.0 225.92 36.0 19437.0 15496.0 3941.0 0.0 225.7972
11:22:00 1250.0 72388.0 222.47 226.02 226.08 225.8 226.0 1.0 226.05 50.0 72388.0 60078.0 12310.0 0.0 225.9812
11:23:00 887.0 29413.0 222.47 226.22 226.36 226.01 226.2 225.0 226.25 801.0 29413.0 20028.0 9385.0 0.0 226.2127
11:24:00 541.0 26821.0 222.47 226.125 226.43 226.08 226.09 200.0 226.16 447.0 26821.0 12434.0 14387.0 0.0 226.2548
11:25:00 385.0 16267.0 222.47 226.31 226.465 226.15 226.29 588.0 226.32 593.0 16267.0 9763.0 6504.0 0.0 226.3287
11:26:00 314.0 12515.0 222.47 226.36 226.43 226.26 226.36 252.0 226.41 1.0 12515.0 7434.0 5081.0 0.0 226.3361
11:27:00 311.0 11992.0 222.47 226.0 226.38 225.91 226.02 275.0 226.04 34.0 11992.0 4718.0 7274.0 0.0 226.1399
11:28:00 257.0 9860.0 222.47 226.1 226.29 226.02 226.07 1083.0 226.12 1098.0 9860.0 5606.0 4254.0 0.0 226.1695
11:29:00 368.0 14754.0 222.47 226.1 226.16 225.93 226.07 60.0 226.11 231.0 14754.0 10674.0 4080.0 0.0 226.0333
11:30:00 280.0 12745.0 222.47 225.93 226.1 225.86 225.91 44.0 225.96 689.0 12745.0 7151.0 5594.0 0.0 225.9717
11:31:00 344.0 16169.0 222.47 225.6 225.96 225.59 225.59 100.0 225.63 194.0 16169.0 9553.0 6616.0 0.0 225.7792
11:32:00 277.0 13068.0 222.47 225.56 225.85 225.53 225.55 500.0 225.59 50.0 13068.0 8401.0 4667.0 0.0 225.6943
11:33:00 282.0 13503.0 222.47 225.79 225.91 225.55 225.77 593.0 225.83 440.0 13503.0 9673.0 3830.0 0.0 225.7677
11:34:00 251.0 11166.0 222.47 225.56 225.91 225.55 225.53 61.0 225.57 254.0 11166.0 4503.0 6663.0 0.0 225.6735
11:35:00 344.0 17407.0 222.47 225.38 225.74 225.35 225.36 101.0 225.4 238.0 17407.0 7049.0 10358.0 0.0 225.5233
11:36:00 166.0 6721.0 222.47 225.5 225.59 225.39 225.48 188.0 225.52 472.0 6721.0 4107.0 2614.0 0.0 225.4999
11:37:00 486.0 16644.0 222.47 225.28 225.59 225.26 225.28 48.0 225.31 622.0 16644.0 5177.0 11467.0 0.0 225.4232
11:38:00 286.0 10404.0 222.47 225.45 225.55 225.28 225.45 148.0 225.45 93.0 10404.0 8341.0 2063.0 0.0 225.4275
11:39:00 303.0 12665.0 222.47 225.7 225.82 225.45 225.7 24.0 225.75 250.0 12665.0 8197.0 4468.0 0.0 225.6637
11:40:00 131.0 4862.0 222.47 225.73 225.83 225.72 225.73 301.0 225.77 766.0 4862.0 3670.0 1192.0 0.0 225.7687
11:41:00 368.0 13983.0 222.47 225.98 226.05 225.75 225.95 5.0 225.98 51.0 13983.0 10635.0 3348.0 0.0 225.9621
11:42:00 304.0 13728.0 222.47 226.04 226.1 225.82 226.03 701.0 226.07 364.0 13728.0 7683.0 6045.0 0.0 225.9856
11:43:00 343.0 14996.0 222.47 226.13 226.33 225.99 226.12 213.0 226.16 474.0 14996.0 8384.0 6612.0 0.0 226.1379
11:44:00 288.0 18021.0 222.47 226.2 226.35 226.16 226.2 400.0 226.23 937.0 18021.0 13210.0 4811.0 0.0 226.2437
11:45:00 360.0 24230.0 222.47 226.39 226.47 226.23 226.37 605.0 226.41 897.0 24230.0 17840.0 6390.0 0.0 226.3622
11:46:00 537.0 34413.0 222.47 226.55 226.58 226.34 226.54 500.0 226.58 425.0 34413.0 25722.0 8691.0 0.0 226.4807
11:47:00 591.0 26285.0 222.47 226.72 226.77 226.54 226.7 883.0 226.73 173.0 26285.0 15060.0 11225.0 0.0 226.6561
11:48:00 527.0 20287.0 222.47 226.47 226.84 226.35 226.43 103.0 226.49 150.0 20287.0 10732.0 9555.0 0.0 226.6633
11:49:00 272.0 9679.0 222.47 226.51 226.62 226.45 226.49 150.0 226.55 311.0 9679.0 5836.0 3843.0 0.0 226.5456
11:50:00 204.0 8949.0 222.47 226.5 226.56 226.4 226.49 365.0 226.54 114.0 8949.0 6821.0 2128.0 0.0 226.4846
11:51:00 283.0 13554.0 222.47 226.65 226.68 226.51 226.64 260.0 226.68 583.0 13554.0 10226.0 3328.0 0.0 226.5986
11:52:00 246.0 10047.0 222.47 226.7 226.71 226.55 226.71 50.0 226.74 100.0 10047.0 5789.0 4258.0 0.0 226.6423
11:53:00 297.0 11245.0 222.47 226.62 226.74 226.52 226.61 100.0 226.65 345.0 11245.0 5637.0 5608.0 0.0 226.6178
11:54:00 234.0 24416.0 222.47 226.77 226.8 226.63 226.75 30.0 226.77 4.0 24416.0 22562.0 1854.0 0.0 226.7087
11:55:00 297.0 14630.0 222.47 226.79 226.88 226.74 226.76 568.0 226.81 100.0 14630.0 11761.0 2869.0 0.0 226.8296
11:56:00 169.0 6970.0 222.47 226.79 226.85 226.72 226.78 300.0 226.8 100.0 6970.0 4531.0 2439.0 0.0 226.7828
11:57:00 183.0 6886.0 222.47 226.78 226.85 226.74 226.75 153.0 226.81 350.0 6886.0 4020.0 2866.0 0.0 226.7835
11:58:00 633.0 20825.0 222.47 226.25 226.8 226.19 226.21 270.0 226.25 45.0 20825.0 6824.0 14001.0 0.0 226.401
11:59:00 384.0 12356.0 222.47 226.25 226.29 225.93 226.21 327.0 226.27 150.0 12356.0 6181.0 6175.0 0.0 226.1274
12:00:00 160.0 4393.0 222.47 226.36 226.36 226.2 226.33 280.0 226.36 317.0 4393.0 3034.0 1359.0 0.0 226.2838
12:01:00 304.0 15859.0 222.47 226.03 226.38 225.88 225.99 150.0 226.04 358.0 15859.0 6761.0 9098.0 0.0 226.084
12:02:00 221.0 9597.0 222.47 225.86 226.04 225.74 225.85 305.0 225.9 372.0 9597.0 5621.0 3976.0 0.0 225.8848
12:03:00 135.0 9086.0 222.47 225.89 225.9 225.76 225.86 154.0 225.91 1.0 9086.0 6580.0 2506.0 0.0 225.8204
12:04:00 321.0 21323.0 222.47 225.79 225.88 225.6 225.76 150.0 225.8 168.0 21323.0 6511.0 14812.0 0.0 225.7481
12:05:00 173.0 9261.0 222.47 225.59 225.77 225.56 225.58 100.0 225.6 350.0 9261.0 4911.0 4350.0 0.0 225.6346
12:06:00 220.0 12427.0 222.47 225.45 225.58 225.38 225.41 117.0 225.46 61.0 12427.0 5380.0 7047.0 0.0 225.4786
12:07:00 171.0 8219.0 222.47 225.78 225.78 225.41 225.75 150.0 225.8 77.0 8219.0 5942.0 2277.0 0.0 225.5701
12:08:00 268.0 15202.0 222.47 225.98 226.02 225.79 225.96 352.0 226.02 61.0 15202.0 11234.0 3968.0 0.0 225.9124
12:09:00 161.0 5930.0 222.47 225.95 226.04 225.95 225.94 430.0 225.98 100.0 5930.0 4627.0 1303.0 0.0 226.0043
12:10:00 177.0 6590.0 222.47 225.97 226.02 225.86 225.97 8.0 226.0 160.0 6590.0 4343.0 2247.0 0.0 225.9703
12:11:00 239.0 8494.0 222.47 225.98 226.02 225.78 225.94 75.0 225.97 100.0 8494.0 4044.0 4450.0 0.0 225.9336
12:12:00 170.0 7905.0 222.47 225.88 225.97 225.84 225.86 150.0 225.91 211.0 7905.0 4908.0 2997.0 0.0 225.8747
12:13:00 155.0 10921.0 222.47 225.89 225.98 225.78 225.86 30.0 225.91 106.0 10921.0 8313.0 2608.0 0.0 225.8848
12:14:00 217.0 10775.0 222.47 225.54 225.85 225.53 225.53 300.0 225.55 1026.0 10775.0 1681.0 9094.0 0.0 225.6483
12:15:00 228.0 10032.0 222.47 225.57 225.71 225.53 225.55 175.0 225.61 150.0 10032.0 6751.0 3281.0 0.0 225.6055
12:16:00 739.0 29209.0 222.47 225.1 225.57 225.06 225.1 20.0 225.13 29.0 29209.0 13237.0 15972.0 0.0 225.2871
12:17:00 555.0 30180.0 222.47 224.72 225.25 224.66 224.7 2.0 224.74 245.0 30180.0 8660.0 21520.0 0.0 224.8982
12:18:00 403.0 30788.0 222.47 224.57 224.76 224.43 224.53 280.0 224.59 576.0 30788.0 16334.0 14454.0 0.0 224.6352
12:19:00 257.0 12670.0 222.47 224.57 224.7 224.47 224.57 110.0 224.59 200.0 12670.0 7417.0 5253.0 0.0 224.5928
12:20:00 263.0 11519.0 222.47 224.63 224.7 224.46 224.6 20.0 224.64 550.0 11519.0 6814.0 4705.0 0.0 224.5708
12:21:00 379.0 18799.0 222.47 224.25 224.64 224.25 224.25 200.0 224.27 50.0 18799.0 7761.0 11038.0 0.0 224.339
12:22:00 426.0 22368.0 222.47 224.11 224.3 224.04 224.09 70.0 224.14 336.0 22368.0 15261.0 7107.0 0.0 224.2119
12:23:00 400.0 29698.0 222.47 224.04 224.16 223.96 224.02 1.0 224.07 282.0 29698.0 21092.0 8606.0 0.0 224.0246
12:24:00 302.0 16804.0 222.47 224.4 224.4 223.98 224.37 310.0 224.41 2.0 16804.0 11861.0 4943.0 0.0 224.1715
12:25:00 225.0 10189.0 222.47 224.37 224.43 224.17 224.35 270.0 224.42 50.0 10189.0 6808.0 3381.0 0.0 224.3278
12:26:00 203.0 11765.0 222.47 224.7 224.73 224.36 224.67 250.0 224.7 100.0 11765.0 9633.0 2132.0 0.0 224.4901
12:27:00 215.0 8910.0 222.47 224.63 224.78 224.58 224.62 100.0 224.65 25.0 8910.0 4798.0 4112.0 0.0 224.6886
12:28:00 233.0 6959.0 222.47 224.41 224.75 224.36 224.37 350.0 224.43 822.0 6959.0 4157.0 2802.0 0.0 224.539
12:29:00 354.0 13534.0 222.47 224.92 224.98 224.43 224.9 304.0 224.93 82.0 13534.0 9368.0 4166.0 0.0 224.764
12:30:00 236.0 9079.0 222.47 224.88 224.97 224.735 224.85 300.0 224.91 22.0 9079.0 3749.0 5330.0 0.0 224.8758
12:31:00 187.0 9694.0 222.47 224.52 224.89 224.4 224.51 300.0 224.55 205.0 9694.0 4778.0 4916.0 0.0 224.565
12:32:00 239.0 7064.0 222.47 224.87 224.99 224.54 224.87 320.0 224.93 287.0 7064.0 3826.0 3238.0 0.0 224.8519
12:33:00 272.0 11222.0 222.47 225.04 225.1 224.78 225.04 150.0 225.1 248.0 11222.0 9812.0 1410.0 0.0 224.9634
12:34:00 187.0 5663.0 222.47 225.04 225.24 224.93 225.03 100.0 225.07 10.0 5663.0 3239.0 2424.0 0.0 225.0822
12:35:00 632.0 24109.0 222.47 225.25 225.37 225.0 225.22 122.0 225.27 400.0 24109.0 16284.0 7825.0 0.0 225.2057
12:36:00 408.0 18571.0 222.47 225.38 225.64 225.26 225.39 200.0 225.42 100.0 18571.0 13168.0 5403.0 0.0 225.4596
12:37:00 309.0 13041.0 222.47 225.26 225.57 225.25 225.23 32.0 225.27 423.0 13041.0 7982.0 5059.0 0.0 225.4487
12:38:00 276.0 8113.0 222.47 225.14 225.23 225.04 225.14 231.0 225.18 250.0 8113.0 5186.0 2927.0 0.0 225.1179
12:39:00 263.0 10736.0 222.47 225.2 225.28 225.03 225.2 550.0 225.25 585.0 10736.0 4743.0 5993.0 0.0 225.151
12:40:00 246.0 9727.0 222.47 225.39 225.39 225.15 225.37 862.0 225.42 450.0 9727.0 6295.0 3432.0 0.0 225.2699
12:41:00 302.0 13791.0 222.47 225.27 225.5 225.19 225.27 100.0 225.34 50.0 13791.0 10260.0 3531.0 0.0 225.3598
12:42:00 142.0 5707.0 222.47 225.36 225.5 225.27 225.32 40.0 225.38 466.0 5707.0 3033.0 2674.0 0.0 225.3813
12:43:00 125.0 4483.0 222.47 225.38 225.38 225.29 225.35 50.0 225.38 500.0 4483.0 2913.0 1570.0 0.0 225.339
12:44:00 203.0 10001.0 222.47 224.97 225.38 224.88 224.93 361.0 224.99 250.0 10001.0 2596.0 7405.0 0.0 225.0973
12:45:00 200.0 7839.0 222.47 224.82 225.07 224.79 224.82 200.0 224.85 100.0 7839.0 3298.0 4541.0 0.0 224.9094
12:46:00 219.0 9424.0 222.47 224.4 224.91 224.36 224.37 50.0 224.44 400.0 9424.0 4340.0 5084.0 0.0 224.6874
12:47:00 197.0 11014.0 222.47 224.39 224.44 224.3 224.38 250.0 224.42 19.0 11014.0 6428.0 4586.0 0.0 224.3779
12:48:00 243.0 11156.0 222.47 224.2 224.41 224.08 224.18 108.0 224.22 250.0 11156.0 4494.0 6662.0 0.0 224.2207
12:49:00 273.0 14580.0 222.47 223.86 224.18 223.84 223.85 404.0 223.89 150.0 14580.0 2921.0 11659.0 0.0 223.9951
12:50:00 255.0 8273.0 222.47 224.025 224.06 223.89 223.99 35.0 224.06 187.0 8273.0 3944.0 4329.0 0.0 223.9783
12:51:00 240.0 10114.0 222.47 223.69 224.02 223.64 223.67 1.0 223.7 104.0 10114.0 4896.0 5218.0 0.0 223.8261
12:52:00 266.0 14342.0 222.47 223.75 223.76 223.6 223.75 20.0 223.77 212.0 14342.0 10309.0 4033.0 0.0 223.6757
12:53:00 343.0 20041.0 222.47 223.44 223.74 223.41 223.43 1.0 223.46 427.0 20041.0 5699.0 14342.0 0.0 223.5281
12:54:00 159.0 9141.0 222.47 223.42 223.5 223.37 223.42 173.0 223.45 1.0 9141.0 6426.0 2715.0 0.0 223.4526
12:55:00 221.0 6287.0 222.47 223.71 223.75 223.39 223.68 236.0 223.72 100.0 6287.0 3992.0 2295.0 0.0 223.554
12:56:00 164.0 4966.0 222.47 223.71 223.77 223.5 223.7 50.0 223.73 5.0 4966.0 2006.0 2960.0 0.0 223.6025
12:57:00 157.0 5207.0 222.47 223.94 223.96 223.73 223.93 201.0 223.97 20.0 5207.0 3711.0 1496.0 0.0 223.8852
12:58:00 222.0 10397.0 222.47 224.2 224.21 223.78 224.16 10.0 224.2 150.0 10397.0 5623.0 4774.0 0.0 224.0182
12:59:00 213.0 8950.0 222.47 224.28 224.34 224.15 224.25 100.0 224.3 100.0 8950.0 4924.0 4026.0 0.0 224.2374
13:00:00 263.0 8502.0 222.47 224.39 224.49 224.28 224.38 171.0 224.44 300.0 8502.0 5783.0 2719.0 0.0 224.3804
13:01:00 128.0 5181.0 222.47 224.21 224.41 224.13 224.17 1.0 224.23 323.0 5181.0 2841.0 2340.0 0.0 224.2906
13:02:00 118.0 4325.0 222.47 224.15 224.23 224.01 224.08 70.0 224.14 50.0 4325.0 2163.0 2162.0 0.0 224.1092
13:03:00 232.0 7027.0 222.47 224.5 224.58 224.16 224.48 222.0 224.52 20.0 7027.0 5322.0 1705.0 0.0 224.3441
13:04:00 164.0 7129.0 222.47 224.12 224.6 224.12 224.11 200.0 224.14 149.0 7129.0 2534.0 4595.0 0.0 224.3902
13:05:00 212.0 7446.0 222.47 224.22 224.37 224.05 224.22 50.0 224.26 336.0 7446.0 4832.0 2614.0 0.0 224.1834
13:06:00 153.0 6202.0 222.47 224.06 224.16 223.9 224.02 268.0 224.08 50.0 6202.0 3098.0 3104.0 0.0 224.0007
13:07:00 106.0 2895.0 222.47 224.25 224.3 224.02 224.2 215.0 224.26 492.0 2895.0 2282.0 613.0 0.0 224.1735
13:08:00 125.0 3607.0 222.47 224.32 224.36 224.17 224.29 200.0 224.34 100.0 3607.0 2691.0 916.0 0.0 224.2692
13:09:00 208.0 10131.0 222.47 224.57 224.64 224.33 224.54 150.0 224.64 162.0 10131.0 8017.0 2114.0 0.0 224.4783
13:10:00 410.0 17736.0 222.47 224.76 224.92 224.57 224.76 74.0 224.81 150.0 17736.0 9551.0 8185.0 0.0 224.8211
13:11:00 125.0 5063.0 222.47 224.83 224.85 224.65 224.83 177.0 224.87 10.0 5063.0 3309.0 1754.0 0.0 224.7443
13:12:00 166.0 7129.0 222.47 224.72 224.94 224.7 224.7 400.0 224.76 1092.0 7129.0 3168.0 3961.0 0.0 224.837
13:13:00 115.0 4889.0 222.47 224.63 224.82 224.6 224.62 30.0 224.65 10.0 4889.0 1997.0 2892.0 0.0 224.6962
13:14:00 156.0 6997.0 222.47 224.3 224.62 224.19 224.29 120.0 224.32 9.0 6997.0 3202.0 3795.0 0.0 224.3655
13:15:00 114.0 3437.0 222.47 224.54 224.54 224.32 224.51 151.0 224.58 145.0 3437.0 3064.0 373.0 0.0 224.4683
13:16:00 146.0 4953.0 222.47 224.72 224.83 224.45 224.71 512.0 224.76 111.0 4953.0 3185.0 1768.0 0.0 224.6584
13:17:00 81.0 3038.0 222.47 224.69 224.84 224.64 224.69 1.0 224.73 182.0 3038.0 1380.0 1658.0 0.0 224.716
13:18:00 96.0 3358.0 222.47 224.53 224.73 224.53 224.52 400.0 224.57 375.0 3358.0 1525.0 1833.0 0.0 224.6183
13:19:00 97.0 4033.0 222.47 224.58 224.58 224.5 224.56 1.0 224.6 204.0 4033.0 2464.0 1569.0 0.0 224.5364
13:20:00 118.0 5145.0 222.47 224.55 224.73 224.54 224.53 220.0 224.58 134.0 5145.0 2085.0 3060.0 0.0 224.6256
13:21:00 176.0 10212.0 222.47 224.68 224.73 224.58 224.68 101.0 224.7 850.0 10212.0 3292.0 6920.0 0.0 224.6506
13:22:00 342.0 15826.0 222.47 224.97 225.02 224.665 224.94 150.0 224.99 100.0 15826.0 11399.0 4427.0 0.0 224.9112
13:23:00 102.0 4258.0 222.47 224.97 225.0 224.82 224.94 5.0 224.98 612.0 4258.0 1819.0 2439.0 0.0 224.9089
13:24:00 251.0 9515.0 222.47 225.01 225.19 224.92 225.0 689.0 225.02 50.0 9515.0 5561.0 3954.0 0.0 225.0626
13:25:00 204.0 12265.0 222.47 225.02 225.08 224.93 225.0 100.0 225.05 260.0 12265.0 6809.0 5456.0 0.0 224.9966
13:26:00 136.0 4019.0 222.47 225.11 225.18 224.98 225.09 3.0 225.15 200.0 4019.0 2461.0 1558.0 0.0 225.099
13:27:00 105.0 5252.0 222.47 225.2 225.22 225.07 225.18 131.0 225.22 420.0 5252.0 3824.0 1428.0 0.0 225.1635
13:28:00 250.0 11733.0 222.47 224.78 225.18 224.67 224.72 400.0 224.78 351.0 11733.0 2569.0 9164.0 0.0 224.9147
13:29:00 194.0 5664.0 222.47 225.1 225.1 224.77 225.06 4.0 225.1 2.0 5664.0 4590.0 1074.0 0.0 224.93
13:30:00 118.0 5133.0 222.47 225.15 225.25 225.1 225.14 1.0 225.18 1294.0 5133.0 3215.0 1918.0 0.0 225.1752
13:31:00 174.0 10722.0 222.47 225.08 225.15 224.98 225.05 94.0 225.1 288.0 10722.0 3427.0 7295.0 0.0 225.0828
13:32:00 126.0 4053.0 222.47 224.71 225.17 224.68 224.67 710.0 224.72 129.0 4053.0 1747.0 2306.0 0.0 224.9408
13:33:00 112.0 6047.0 222.47 224.83 224.84 224.71 224.78 154.0 224.84 400.0 6047.0 4643.0 1404.0 0.0 224.7632
13:34:00 80.0 1783.0 222.47 224.63 224.79 224.61 224.6 671.0 224.64 20.0 1783.0 1000.0 783.0 0.0 224.6987
13:35:00 114.0 4781.0 222.47 224.69 224.74 224.63 224.68 110.0 224.74 50.0 4781.0 3459.0 1322.0 0.0 224.6748
13:36:00 208.0 8609.0 222.47 224.45 224.69 224.34 224.43 205.0 224.49 282.0 8609.0 4309.0 4300.0 0.0 224.4782
13:37:00 116.0 4322.0 222.47 224.31 224.44 224.27 224.32 10.0 224.36 51.0 4322.0 2079.0 2243.0 0.0 224.3415
13:38:00 168.0 5367.0 222.47 224.355 224.5 224.31 224.34 1.0 224.38 150.0 5367.0 2481.0 2886.0 0.0 224.3976
13:39:00 172.0 6698.0 222.47 224.61 224.61 224.3 224.58 206.0 224.63 5.0 6698.0 4928.0 1770.0 0.0 224.4649
13:40:00 96.0 3241.0 222.47 224.69 224.72 224.52 224.69 10.0 224.71 50.0 3241.0 1455.0 1786.0 0.0 224.5903
13:41:00 139.0 5505.0 222.47 224.86 224.93 224.68 224.84 355.0 224.88 363.0 5505.0 2762.0 2743.0 0.0 224.838
13:42:00 153.0 7051.0 222.47 224.89 225.02 224.88 224.87 12.0 224.91 320.0 7051.0 5260.0 1791.0 0.0 224.9709
13:43:00 199.0 7228.0 222.47 225.14 225.2 224.9 225.14 16.0 225.15 140.0 7228.0 5590.0 1638.0 0.0 225.0715
13:44:00 132.0 5337.0 222.47 225.19 225.25 225.11 225.19 64.0 225.22 308.0 5337.0 3764.0 1573.0 0.0 225.1997
13:45:00 122.0 4273.0 222.47 225.2 225.25 225.11 225.17 554.0 225.21 136.0 4273.0 2219.0 2054.0 0.0 225.1713
13:46:00 177.0 7130.0 222.47 225.27 225.39 225.1 225.26 300.0 225.3 350.0 7130.0 3929.0 3201.0 0.0 225.2256
13:47:00 109.0 4274.0 222.47 224.99 225.28 224.99 224.98 531.0 225.03 100.0 4274.0 1283.0 2991.0 0.0 225.1343
13:48:00 97.0 3201.0 222.47 224.92 225.005 224.91 224.91 688.0 224.98 522.0 3201.0 1880.0 1321.0 0.0 224.9577
13:49:00 111.0 4151.0 222.47 225.07 225.12 224.945 225.07 34.0 225.13 250.0 4151.0 3406.0 745.0 0.0 225.001
13:50:00 95.0 2839.0 222.47 225.12 225.19 225.03 225.1 158.0 225.14 427.0 2839.0 1464.0 1375.0 0.0 225.113
13:51:00 68.0 2899.0 222.47 225.2 225.2 225.01 225.18 382.0 225.22 1.0 2899.0 2015.0 884.0 0.0 225.1086
13:52:00 93.0 2177.0 222.47 225.045 225.2 225.045 225.03 285.0 225.06 675.0 2177.0 227.0 1950.0 0.0 225.1104
13:53:00 117.0 5864.0 222.47 225.01 225.1 225.01 225.01 103.0 225.06 150.0 5864.0 3124.0 2740.0 0.0 225.0753
13:54:00 154.0 6022.0 222.47 225.32 225.35 225.01 225.28 5.0 225.34 427.0 6022.0 4949.0 1073.0 0.0 225.2265
13:55:00 128.0 4749.0 222.47 225.24 225.33 225.14 225.2 150.0 225.25 82.0 4749.0 2759.0 1990.0 0.0 225.2124
13:56:00 53.0 2252.0 222.47 225.34 225.34 225.22 225.29 486.0 225.34 6.0 2252.0 1615.0 637.0 0.0 225.2566
13:57:00 114.0 5032.0 222.47 225.42 225.45 225.28 225.39 367.0 225.43 703.0 5032.0 3587.0 1445.0 0.0 225.3566
13:58:00 80.0 2830.0 222.47 225.34 225.4 225.28 225.33 174.0 225.4 250.0 2830.0 1392.0 1438.0 0.0 225.3371
13:59:00 101.0 3114.0 222.47 225.48 225.49 225.35 225.45 101.0 225.49 634.0 3114.0 2476.0 638.0 0.0 225.4232
14:00:00 261.0 13389.0 222.47 225.58 225.62 225.43 225.57 500.0 225.6 2.0 13389.0 10402.0 2987.0 0.0 225.5192
14:01:00 122.0 5738.0 222.47 225.59 225.66 225.52 225.61 1700.0 225.63 10.0 5738.0 2444.0 3294.0 0.0 225.5776
14:02:00 197.0 9416.0 222.47 225.8 225.81 225.63 225.79 400.0 225.82 350.0 9416.0 7385.0 2031.0 0.0 225.7201
14:03:00 135.0 5675.0 222.47 225.78 225.84 225.75 225.75 617.0 225.8 350.0 5675.0 2253.0 3422.0 0.0 225.7932
14:04:00 110.0 5826.0 222.47 225.77 225.83 225.67 225.77 299.0 225.78 30.0 5826.0 3103.0 2723.0 0.0 225.7591
14:05:00 157.0 6467.0 222.47 225.8 225.815 225.65 225.79 500.0 225.82 21.0 6467.0 2392.0 4075.0 0.0 225.7431
14:06:00 149.0 7600.0 222.47 225.925 225.94 225.79 225.91 17.0 225.95 410.0 7600.0 6375.0 1225.0 0.0 225.8734
14:07:00 176.0 7822.0 222.47 225.91 225.98 225.86 225.88 115.0 225.92 19.0 7822.0 3642.0 4180.0 0.0 225.9275
14:08:00 129.0 5459.0 222.47 225.78 225.89 225.69 225.75 1.0 225.79 100.0 5459.0 2181.0 3278.0 0.0 225.779
14:09:00 76.0 3622.0 222.47 225.78 225.86 225.75 225.74 264.0 225.79 153.0 3622.0 1999.0 1623.0 0.0 225.8082
14:10:00 79.0 3396.0 222.47 225.82 225.86 225.74 225.79 400.0 225.83 350.0 3396.0 1674.0 1722.0 0.0 225.8171
14:11:00 187.0 8631.0 222.47 225.845 225.95 225.81 225.83 409.0 225.87 350.0 8631.0 5952.0 2679.0 0.0 225.8879
14:12:00 100.0 3669.0 222.47 225.85 225.91 225.8 225.83 408.0 225.87 175.0 3669.0 1288.0 2381.0 0.0 225.8726
14:13:00 178.0 8338.0 222.47 225.85 225.95 225.81 225.83 5.0 225.85 50.0 8338.0 5755.0 2583.0 0.0 225.9076
14:14:00 123.0 5410.0 222.47 225.84 225.88 225.78 225.81 208.0 225.85 15.0 5410.0 2535.0 2875.0 0.0 225.8235
14:15:00 170.0 9978.0 222.47 225.86 225.98 225.85 225.85 400.0 225.89 905.0 9978.0 6992.0 2986.0 0.0 225.9295
14:16:00 207.0 12112.0 222.47 225.64 225.98 225.64 225.6 31.0 225.64 100.0 12112.0 6569.0 5543.0 0.0 225.8984
14:17:00 191.0 8019.0 222.47 225.4 225.64 225.4 225.39 26.0 225.43 600.0 8019.0 3377.0 4642.0 0.0 225.5142
14:18:00 130.0 5658.0 222.47 225.45 225.58 225.4 225.41 300.0 225.46 450.0 5658.0 3215.0 2443.0 0.0 225.4963
14:19:00 152.0 6418.0 222.47 225.47 225.47 225.24 225.48 351.0 225.5 31.0 6418.0 3349.0 3069.0 0.0 225.3676
14:20:00 79.0 3602.0 222.47 225.52 225.54 225.42 225.51 250.0 225.55 35.0 3602.0 2041.0 1561.0 0.0 225.4786
14:21:00 89.0 2651.0 222.47 225.4 225.5 225.36 225.37 1.0 225.41 501.0 2651.0 825.0 1826.0 0.0 225.465
14:22:00 158.0 7187.0 222.47 225.53 225.53 225.31 225.51 129.0 225.55 35.0 7187.0 4685.0 2502.0 0.0 225.3919
14:23:00 132.0 4243.0 222.47 225.57 225.64 225.53 225.55 19.0 225.57 45.0 4243.0 2226.0 2017.0 0.0 225.6072
14:24:00 158.0 6798.0 222.47 225.88 225.91 225.555 225.85 859.0 225.89 139.0 6798.0 4021.0 2777.0 0.0 225.7579
14:25:00 453.0 26322.0 222.47 225.94 226.07 225.85 225.93 100.0 225.97 377.0 26322.0 21956.0 4366.0 0.0 225.9762
14:26:00 204.0 9039.0 222.47 225.89 226.0 225.84 225.9 51.0 225.94 800.0 9039.0 4477.0 4562.0 0.0 225.9074
14:27:00 298.0 14074.0 222.47 225.96 226.07 225.9 225.94 152.0 225.97 301.0 14074.0 8290.0 5784.0 0.0 226.0026
14:28:00 151.0 7090.0 222.47 225.84 225.97 225.79 225.81 424.0 225.84 213.0 7090.0 2989.0 4101.0 0.0 225.8586
14:29:00 145.0 6292.0 222.47 225.94 225.98 225.79 225.91 450.0 225.96 322.0 6292.0 3753.0 2539.0 0.0 225.9034
14:30:00 198.0 8499.0 222.47 225.73 225.97 225.7 225.72 307.0 225.76 1.0 8499.0 3745.0 4754.0 0.0 225.8193
14:31:00 200.0 9177.0 222.47 225.63 225.74 225.46 225.62 300.0 225.65 4.0 9177.0 4533.0 4644.0 0.0 225.5552
14:32:00 184.0 7835.0 222.47 225.51 225.64 225.39 225.49 400.0 225.55 491.0 7835.0 3231.0 4604.0 0.0 225.5305
14:33:00 203.0 10743.0 222.47 225.22 225.49 225.14 225.18 551.0 225.22 100.0 10743.0 4498.0 6245.0 0.0 225.2508
14:34:00 144.0 7187.0 222.47 225.36 225.37 225.2 225.34 550.0 225.38 200.0 7187.0 4098.0 3089.0 0.0 225.2827
14:35:00 188.0 7551.0 222.47 225.36 225.45 225.26 225.36 100.0 225.39 295.0 7551.0 3159.0 4392.0 0.0 225.369
14:36:00 143.0 5446.0 222.47 225.18 225.45 225.15 225.17 300.0 225.2 432.0 5446.0 2127.0 3319.0 0.0 225.3127
14:37:00 702.0 25604.0 222.47 224.72 225.18 224.66 224.7 1.0 224.75 551.0 25604.0 7594.0 18010.0 0.0 224.8446
14:38:00 242.0 8391.0 222.47 224.79 224.8 224.57 224.74 1293.0 224.81 210.0 8391.0 4337.0 4054.0 0.0 224.6903
14:39:00 143.0 9163.0 222.47 224.79 224.84 224.66 224.78 483.0 224.82 411.0 9163.0 6108.0 3055.0 0.0 224.7309
14:40:00 291.0 13808.0 222.47 224.37 224.82 224.31 224.34 129.0 224.39 200.0 13808.0 3920.0 9888.0 0.0 224.5014
14:41:00 182.0 7407.0 222.47 224.4 224.61 224.33 224.38 293.0 224.41 2.0 7407.0 4230.0 3177.0 0.0 224.4465
14:42:00 250.0 12740.0 222.47 224.18 224.38 224.08 224.17 150.0 224.22 351.0 12740.0 5347.0 7393.0 0.0 224.2219
14:43:00 143.0 6128.0 222.47 224.18 224.28 224.1 224.14 500.0 224.2 473.0 6128.0 3904.0 2224.0 0.0 224.1699
14:44:00 358.0 16246.0 222.47 224.15 224.18 223.94 224.13 110.0 224.17 112.0 16246.0 7637.0 8609.0 0.0 224.039
14:45:00 179.0 6279.0 222.47 224.09 224.26 224.05 224.08 365.0 224.11 200.0 6279.0 3102.0 3177.0 0.0 224.1353
14:46:00 164.0 4887.0 222.47 224.24 224.27 224.07 224.22 310.0 224.27 153.0 4887.0 3242.0 1645.0 0.0 224.1574
14:47:00 190.0 8085.0 222.47 224.06 224.22 224.03 224.05 357.0 224.11 200.0 8085.0 2363.0 5722.0 0.0 224.1122
14:48:00 202.0 9287.0 222.47 223.88 224.05 223.8 223.84 700.0 223.88 2.0 9287.0 3163.0 6124.0 0.0 223.9228
14:49:00 254.0 12666.0 222.47 223.77 223.87 223.71 223.74 256.0 223.78 210.0 12666.0 4640.0 8026.0 0.0 223.785
14:50:00 286.0 10092.0 222.47 223.86 223.97 223.68 223.84 100.0 223.88 200.0 10092.0 6457.0 3635.0 0.0 223.8152
14:51:00 120.0 6543.0 222.47 223.92 223.94 223.75 223.92 341.0 223.95 339.0 6543.0 3891.0 2652.0 0.0 223.8322
14:52:00 158.0 5068.0 222.47 223.99 224.1 223.93 223.99 28.0 224.0 200.0 5068.0 2908.0 2160.0 0.0 224.0118
14:53:00 168.0 6651.0 222.47 224.14 224.15 223.97 224.11 402.0 224.15 273.0 6651.0 4650.0 2001.0 0.0 224.0787
14:54:00 258.0 10153.0 222.47 224.67 224.8 224.1 224.65 500.0 224.69 350.0 10153.0 6759.0 3394.0 0.0 224.4453
14:55:00 209.0 8930.0 222.47 224.67 224.71 224.55 224.64 428.0 224.68 506.0 8930.0 4904.0 4026.0 0.0 224.6278
14:56:00 231.0 8671.0 222.47 224.83 224.83 224.63 224.79 306.0 224.83 1122.0 8671.0 6173.0 2498.0 0.0 224.7227
14:57:00 197.0 7186.0 222.47 225.02 225.02 224.77 224.98 353.0 225.02 200.0 7186.0 4061.0 3125.0 0.0 224.8818
14:58:00 77.0 2799.0 222.47 224.95 225.04 224.93 224.96 1.0 224.99 254.0 2799.0 1310.0 1489.0 0.0 224.9778
14:59:00 202.0 7837.0 222.47 225.0 225.1 224.85 224.96 480.0 225.0 5.0 7837.0 4978.0 2859.0 0.0 224.967
15:00:00 138.0 6203.0 222.47 225.04 225.07 224.96 225.02 901.0 225.06 509.0 6203.0 5313.0 890.0 0.0 225.0381
15:01:00 320.0 12566.0 222.47 224.7 225.09 224.69 224.66 348.0 224.7 797.0 12566.0 6358.0 6208.0 0.0 224.8772
15:02:00 100.0 4235.0 222.47 224.71 224.86 224.7 224.7 1.0 224.71 50.0 4235.0 2778.0 1457.0 0.0 224.7688
15:03:00 352.0 14201.0 222.47 224.34 224.71 224.18 224.31 232.0 224.36 220.0 14201.0 7002.0 7199.0 0.0 224.3802
15:04:00 166.0 7299.0 222.47 224.11 224.31 224.06 224.08 411.0 224.13 17.0 7299.0 2592.0 4707.0 0.0 224.1673
15:05:00 178.0 5899.0 222.47 224.02 224.17 223.94 224.02 628.0 224.09 200.0 5899.0 3012.0 2887.0 0.0 224.0491
15:06:00 162.0 6726.0 222.47 224.3 224.31 224.1 224.29 151.0 224.32 20.0 6726.0 4429.0 2297.0 0.0 224.2001
15:07:00 144.0 5045.0 222.47 224.26 224.32 224.17 224.2 157.0 224.26 664.0 5045.0 2507.0 2538.0 0.0 224.2672
15:08:00 144.0 4623.0 222.47 224.14 224.32 224.14 224.14 30.0 224.17 911.0 4623.0 2186.0 2437.0 0.0 224.2661
15:09:00 96.0 4180.0 222.47 224.17 224.18 224.1 224.15 1.0 224.17 200.0 4180.0 2473.0 1707.0 0.0 224.1421
15:10:00 138.0 4596.0 222.47 224.25 224.29 224.11 224.23 301.0 224.25 1.0 4596.0 2594.0 2002.0 0.0 224.1871
15:11:00 207.0 9324.0 222.47 224.28 224.36 224.16 224.27 401.0 224.3 350.0 9324.0 5348.0 3976.0 0.0 224.2718
15:12:00 168.0 7480.0 222.47 224.28 224.31 224.17 224.24 493.0 224.28 200.0 7480.0 4260.0 3220.0 0.0 224.2366
15:13:00 202.0 8976.0 222.47 224.24 224.34 224.23 224.23 200.0 224.25 184.0 8976.0 2924.0 6052.0 0.0 224.2809
15:14:00 416.0 20791.0 222.47 223.94 224.34 223.94 223.92 387.0 223.96 12.0 20791.0 8340.0 12451.0 0.0 224.2222
15:15:00 169.0 7399.0 222.47 223.87 224.015 223.83 223.84 100.0 223.87 450.0 7399.0 2431.0 4968.0 0.0 223.8997
15:16:00 221.0 7209.0 222.47 224.17 224.17 223.75 224.15 300.0 224.18 274.0 7209.0 5185.0 2024.0 0.0 223.9191
15:17:00 165.0 6870.0 222.47 224.12 224.17 224.08 224.1 200.0 224.14 200.0 6870.0 3262.0 3608.0 0.0 224.1161
15:18:00 216.0 7489.0 222.47 224.21 224.23 224.08 224.2 250.0 224.22 1.0 7489.0 4251.0 3238.0 0.0 224.1454
15:19:00 123.0 4643.0 222.47 224.3 224.3 224.15 224.28 151.0 224.32 184.0 4643.0 3362.0 1281.0 0.0 224.2261
15:20:00 157.0 6406.0 222.47 224.21 224.39 224.2 224.19 162.0 224.22 356.0 6406.0 3745.0 2661.0 0.0 224.3066
15:21:00 184.0 8041.0 222.47 224.15 224.34 224.15 224.15 406.0 224.19 200.0 8041.0 5246.0 2795.0 0.0 224.219
15:22:00 137.0 5510.0 222.47 224.09 224.22 224.08 224.08 283.0 224.1 16.0 5510.0 2846.0 2664.0 0.0 224.1634
15:23:00 180.0 6876.0 222.47 224.0 224.115 223.93 223.99 312.0 224.04 667.0 6876.0 4223.0 2653.0 0.0 224.038
15:24:00 150.0 5261.0 222.47 223.88 224.04 223.85 223.87 50.0 223.9 22.0 5261.0 2587.0 2674.0 0.0 223.9154
15:25:00 208.0 9235.0 222.47 223.8 223.9 223.68 223.78 250.0 223.83 150.0 9235.0 3522.0 5713.0 0.0 223.77
15:26:00 186.0 5989.0 222.47 223.77 223.83 223.63 223.73 200.0 223.78 552.0 5989.0 2714.0 3275.0 0.0 223.7286
15:27:00 129.0 4577.0 222.47 223.75 223.79 223.67 223.73 2.0 223.76 150.0 4577.0 2742.0 1835.0 0.0 223.7261
15:28:00 158.0 6957.0 222.47 223.74 223.9 223.68 223.73 1.0 223.75 50.0 6957.0 3953.0 3004.0 0.0 223.7926
15:29:00 156.0 7865.0 222.47 223.94 223.95 223.73 223.93 258.0 223.96 100.0 7865.0 6103.0 1762.0 0.0 223.8146
15:30:00 216.0 8321.0 222.47 223.88 223.97 223.81 223.88 200.0 223.91 8.0 8321.0 5128.0 3193.0 0.0 223.8611
15:31:00 238.0 9672.0 222.47 224.08 224.13 223.84 224.07 1.0 224.11 406.0 9672.0 6497.0 3175.0 0.0 224.0116
15:32:00 215.0 9946.0 222.47 224.04 224.17 223.95 224.03 20.0 224.06 134.0 9946.0 4924.0 5022.0 0.0 224.0203
15:33:00 195.0 7985.0 222.47 224.04 224.14 224.0 224.02 385.0 224.04 307.0 7985.0 4473.0 3512.0 0.0 224.052
15:34:00 260.0 9504.0 222.47 224.11 224.18 224.04 224.09 25.0 224.12 365.0 9504.0 5524.0 3980.0 0.0 224.1143
15:35:00 277.0 11405.0 222.47 224.06 224.15 224.0 224.03 203.0 224.07 200.0 11405.0 6247.0 5158.0 0.0 224.075
15:36:00 418.0 17989.0 222.47 223.84 224.1 223.81 223.81 674.0 223.85 724.0 17989.0 8927.0 9062.0 0.0 223.9688
15:37:00 291.0 11905.0 222.47 223.88 223.91 223.8 223.88 16.0 223.89 602.0 11905.0 6552.0 5353.0 0.0 223.8554
15:38:00 364.0 14330.0 222.47 223.6 223.91 223.57 223.6 150.0 223.62 900.0 14330.0 5986.0 8344.0 0.0 223.7577
15:39:00 569.0 21187.0 222.47 223.21 223.63 223.15 223.19 271.0 223.21 27.0 21187.0 8825.0 12362.0 0.0 223.4121
15:40:00 505.0 19541.0 222.47 223.16 223.2 223.06 223.15 50.0 223.16 17.0 19541.0 11076.0 8465.0 0.0 223.1276
15:41:00 648.0 26936.0 222.47 223.07 223.24 222.98 223.05 1.0 223.06 20.0 26936.0 10942.0 15994.0 0.0 223.0709
15:42:00 434.0 16416.0 222.47 223.35 223.36 223.035 223.35 1.0 223.36 15.0 16416.0 10667.0 5749.0 0.0 223.1559
15:43:00 405.0 12137.0 222.47 223.32 223.45 223.18 223.3 150.0 223.32 21.0 12137.0 6552.0 5585.0 0.0 223.3102
15:44:00 560.0 34918.0 222.47 223.65 223.68 223.28 223.64 307.0 223.66 114.0 34918.0 13889.0 21029.0 0.0 223.4287
15:45:00 681.0 32263.0 222.47 223.47 223.75 223.47 223.47 16.0 223.48 400.0 32263.0 7274.0 24989.0 0.0 223.5881
15:46:00 392.0 12427.0 222.47 223.44 223.49 223.36 223.44 77.0 223.45 250.0 12427.0 6588.0 5839.0 0.0 223.4237
15:47:00 363.0 13116.0 222.47 223.06 223.47 223.06 223.05 29.0 223.07 434.0 13116.0 5940.0 7176.0 0.0 223.2631
15:48:00 417.0 11904.0 222.47 223.06 223.26 223.03 223.06 252.0 223.08 189.0 11904.0 7012.0 4892.0 0.0 223.1538
15:49:00 255.0 8156.0 222.47 223.03 223.11 223.02 223.02 373.0 223.04 371.0 8156.0 3490.0 4666.0 0.0 223.0511
15:50:00 551.0 19176.0 222.47 223.1 223.1 222.92 223.08 1.0 223.11 100.0 19176.0 9039.0 10137.0 0.0 223.0162
15:51:00 738.0 25106.0 222.47 222.96 223.36 222.91 222.96 1.0 222.97 9.0 25106.0 12742.0 12364.0 0.0 223.1479
15:52:00 727.0 27303.0 222.47 222.93 222.96 222.75 222.92 259.0 222.94 21.0 27303.0 12041.0 15262.0 0.0 222.8293
15:53:00 569.0 18592.0 222.47 222.99 222.99 222.8 222.98 7.0 222.99 285.0 18592.0 10188.0 8404.0 0.0 222.8849
15:54:00 950.0 29977.0 222.47 223.2 223.21 222.97 223.18 10.0 223.19 22.0 29977.0 16795.0 13182.0 0.0 223.075
15:55:00 909.0 29358.0 222.47 223.11 223.24 223.03 223.11 6.0 223.12 181.0 29358.0 13462.0 15896.0 0.0 223.1446
15:56:00 876.0 33836.0 222.47 222.85 223.11 222.82 222.85 201.0 222.85 98.0 33836.0 15494.0 18342.0 0.0 222.9431
15:57:00 961.0 31512.0 222.47 223.28 223.37 222.85 223.27 402.0 223.28 466.0 31512.0 17148.0 14364.0 0.0 223.1022
15:58:00 972.0 34820.0 222.47 223.63 223.7 223.24 223.63 510.0 223.65 169.0 34820.0 17888.0 16932.0 0.0 223.5037
15:59:00 946.0 41859.0 222.47 223.7 223.72 223.6 223.68 449.0 223.7 4.0 41859.0 18986.0 22873.0 0.0 223.6762
16:00:00 1680.0 126284.0 222.47 223.9 223.91 223.6 223.9 23118.0 223.91 22777.0 126284.0 95144.0 31140.0 0.0 223.7915
16:01:00 7.0 116.0 222.47 223.78 223.91 223.5 223.83 341.0 223.75 5172.0 116.0 106.0 10.0 0.0 223.8724
16:02:00 11.0 576.0 222.47 223.5 223.75 223.25 223.83 341.0 223.7 5.0 576.0 525.0 51.0 0.0 223.7257
16:03:00 4.0 17.0 222.47 223.5 223.7 223.5 223.83 341.0 223.7 273.0 17.0 2.0 15.0 0.0 223.5235
16:04:00 5.0 105.0 222.47 223.69 223.7 223.37 223.83 341.0 223.7 171.0 105.0 102.0 3.0 0.0 223.6918
16:05:00 16.0 430.0 222.47 223.69 223.75 223.51 223.83 341.0 223.69 131.0 430.0 430.0 0.0 0.0 223.7259
16:06:00 5.0 151.0 222.47 223.66 223.68 223.6 223.83 341.0 223.68 1.0 151.0 151.0 0.0 0.0 223.6653
16:07:00 6.0 1018.0 222.47 223.67 223.75 223.65 223.83 341.0 223.75 3281.0 1018.0 1011.0 7.0 0.0 223.7484
16:08:00 17.0 104.0 222.47 223.74 223.74 223.62 223.83 341.0 223.75 3281.0 104.0 38.0 66.0 0.0 223.7082
16:09:00 14.0 530.0 222.47 223.58 223.65 223.58 223.83 341.0 223.6 100.0 530.0 100.0 430.0 0.0 223.6034
16:10:00 5.0 39.0 222.47 223.5 223.58 223.5 223.83 341.0 223.58 100.0 39.0 0.0 39.0 0.0 223.5287
16:11:00 7.0 17.0 222.47 223.37 223.37 223.25 223.83 341.0 223.45 50.0 17.0 5.0 12.0 0.0 223.3612
16:12:00 6.0 70.0 222.47 223.4 223.4 223.3 223.83 341.0 223.45 50.0 70.0 8.0 62.0 0.0 223.3717
16:13:00 0.0 0.0 222.47 223.4 nan nan 223.83 341.0 223.45 50.0 nan 0.0 0.0 0.0 nan
16:14:00 4.0 98.0 222.47 223.4 223.4 223.2 223.83 341.0 223.4 33.0 98.0 97.0 1.0 0.0 223.398
16:15:00 5.0 85.0 222.47 223.25 223.45 223.25 223.83 341.0 223.44 100.0 85.0 85.0 0.0 0.0 223.4294
16:16:00 4.0 102.0 222.47 223.5 223.5 223.44 223.83 341.0 223.5 99.0 102.0 102.0 0.0 0.0 223.4412
16:17:00 20.0 492.0 222.47 223.6 223.6 223.32 223.83 341.0 223.59 5.0 492.0 187.0 305.0 0.0 223.5783
16:18:00 4.0 100.0 222.47 223.35 223.6 223.35 223.83 341.0 223.65 161.0 100.0 5.0 95.0 0.0 223.5995
16:19:00 2.0 0.0 222.47 223.35 223.35 223.35 223.83 341.0 223.65 161.0 nan 0.0 0.0 0.0 nan
16:20:00 2.0 1.0 222.47 223.5 223.5 223.37 223.83 341.0 223.65 161.0 1.0 1.0 0.0 0.0 223.5
16:21:00 0.0 0.0 222.47 223.5 nan nan 223.83 341.0 223.51 50.0 nan 0.0 0.0 0.0 nan
16:22:00 0.0 0.0 222.47 223.5 nan nan 223.83 341.0 223.5 400.0 nan 0.0 0.0 0.0 nan
16:23:00 4.0 52.0 222.47 223.32 223.35 223.32 223.83 341.0 223.45 1.0 52.0 0.0 52.0 0.0 223.3373
16:24:00 6.0 380.0 222.47 223.33 223.5 223.33 223.83 341.0 223.45 20.0 380.0 380.0 0.0 0.0 223.4937
16:25:00 1.0 100.0 222.47 223.4 223.4 223.4 223.83 341.0 223.45 20.0 100.0 100.0 0.0 0.0 223.4
16:26:00 2.0 21.0 222.47 223.31 223.45 223.31 223.83 341.0 223.5 50.0 21.0 20.0 1.0 0.0 223.4433
16:27:00 2.0 1.0 222.47 223.5 223.5 223.48 223.83 341.0 223.5 69.0 1.0 1.0 0.0 0.0 223.5
16:28:00 0.0 0.0 222.47 223.5 nan nan 223.83 341.0 223.48 1.0 nan 0.0 0.0 0.0 nan
16:29:00 4.0 53.0 222.47 223.4 223.41 223.4 223.83 341.0 223.48 1.0 53.0 52.0 1.0 0.0 223.4002
16:30:00 15.0 338.0 222.47 223.5 223.5 223.31 223.83 341.0 223.5 154.0 338.0 266.0 72.0 0.0 223.4609
16:31:00 5.0 60.0 222.47 223.5 223.5 223.31 223.83 341.0 223.5 125.0 60.0 56.0 4.0 0.0 223.4468
16:32:00 0.0 0.0 222.47 223.5 nan nan 223.83 341.0 223.49 1.0 nan 0.0 0.0 0.0 nan
16:33:00 2.0 1.0 222.47 223.32 223.38 223.32 223.83 341.0 223.46 1.0 1.0 0.0 1.0 0.0 223.38
16:34:00 1.0 45.0 222.47 223.48 223.48 223.48 223.83 341.0 223.46 1.0 45.0 0.0 45.0 0.0 223.48
16:35:00 2.0 51.0 222.47 223.5 223.5 223.46 223.83 341.0 223.49 1.0 51.0 51.0 0.0 0.0 223.4992
16:36:00 3.0 45.0 222.47 223.46 223.5 223.46 223.83 341.0 223.55 30.0 45.0 45.0 0.0 0.0 223.4776
16:37:00 1.0 3.0 222.47 223.47 223.47 223.47 223.83 341.0 223.55 30.0 3.0 3.0 0.0 0.0 223.47
16:38:00 3.0 5.0 222.47 223.55 223.62 223.47 223.83 341.0 223.55 25.0 5.0 5.0 0.0 0.0 223.55
16:39:00 1.0 5.0 222.47 223.48 223.48 223.48 223.83 341.0 223.55 25.0 5.0 5.0 0.0 0.0 223.48
16:40:00 1.0 5.0 222.47 223.55 223.55 223.55 223.83 341.0 223.55 20.0 5.0 5.0 0.0 0.0 223.55
16:41:00 3.0 26.0 222.47 223.55 223.55 223.55 223.83 341.0 223.57 2.0 26.0 20.0 6.0 0.0 223.55
16:42:00 1.0 10.0 222.47 223.55 223.55 223.55 223.83 341.0 223.57 2.0 10.0 0.0 10.0 0.0 223.55
16:43:00 6.0 307.0 222.47 223.61 223.61 223.57 223.83 341.0 223.65 216.0 307.0 207.0 100.0 0.0 223.5998
16:44:00 2.0 50.0 222.47 223.6 223.61 223.6 223.83 341.0 223.65 217.0 50.0 0.0 50.0 0.0 223.6
16:45:00 2.0 87.0 222.47 223.6 223.6 223.6 223.83 341.0 223.65 219.0 87.0 0.0 87.0 0.0 223.6
16:46:00 6.0 66.0 222.47 223.6 223.6 223.47 223.83 341.0 223.64 4.0 66.0 0.0 66.0 0.0 223.6
16:47:00 3.0 18.0 222.47 223.53 223.53 223.5 223.83 341.0 223.64 4.0 18.0 13.0 5.0 0.0 223.5017
16:48:00 2.0 2.0 222.47 223.53 223.53 223.47 223.83 341.0 223.64 4.0 2.0 2.0 0.0 0.0 223.53
16:49:00 1.0 2.0 222.47 223.64 223.64 223.64 223.83 341.0 223.64 2.0 2.0 2.0 0.0 0.0 223.64
16:50:00 13.0 432.0 222.47 223.45 223.65 223.45 223.83 341.0 223.64 2.0 432.0 429.0 3.0 0.0 223.455
16:51:00 0.0 0.0 222.47 223.45 nan nan 223.83 341.0 223.64 3.0 nan 0.0 0.0 0.0 nan
16:52:00 4.0 100.0 222.47 223.5 223.5 223.5 223.83 341.0 223.64 3.0 100.0 100.0 0.0 0.0 223.5
16:53:00 2.0 2.0 222.47 223.65 223.65 223.65 223.83 341.0 223.64 3.0 2.0 2.0 0.0 0.0 223.65
16:54:00 5.0 103.0 222.47 223.6 223.65 223.6 223.83 341.0 223.65 53.0 103.0 100.0 3.0 0.0 223.6483
16:55:00 2.0 3.0 222.47 223.53 223.58 223.53 223.83 341.0 223.65 53.0 3.0 0.0 3.0 0.0 223.53
16:56:00 3.0 10.0 222.47 223.58 223.58 223.53 223.83 341.0 223.6 30.0 10.0 0.0 10.0 0.0 223.53
16:57:00 1.0 2.0 222.47 223.6 223.6 223.6 223.83 341.0 223.6 43.0 2.0 2.0 0.0 0.0 223.6
16:58:00 1.0 1.0 222.47 223.6 223.6 223.6 223.83 341.0 223.6 42.0 1.0 1.0 0.0 0.0 223.6
16:59:00 14.0 559.0 222.47 223.5 223.7 223.5 223.83 341.0 223.7 67.0 559.0 246.0 313.0 0.0 223.6814
17:00:00 1.0 0.0 222.47 223.51 223.51 223.51 223.83 341.0 223.7 75.0 nan 0.0 0.0 0.0 nan
