time trade_count trade_volume trade_first trade_last trade_high trade_low bid_price bid_size ask_price ask_size hid_vol buy_vol sell_vol unsided_vol vwap
09:00:00 nan 1.0 187.38 187.38 187.38 187.38 187.36 20.0 187.53 31.0 1.0 1.0 0.0 0.0 187.38
09:01:00 4.0 40.0 187.38 187.36 187.53 187.35 187.23 1.0 187.29 1.0 40.0 0.0 40.0 0.0 187.355
09:02:00 19.0 97.0 187.38 187.28 187.29 187.15 187.15 37.0 187.3 100.0 97.0 1.0 96.0 0.0 187.1725
09:03:00 2.0 13.0 187.38 187.15 187.15 187.15 187.15 24.0 187.3 100.0 13.0 0.0 13.0 0.0 187.15
09:04:00 12.0 530.0 187.38 187.12 187.24 187.1 187.11 25.0 187.25 300.0 530.0 455.0 75.0 0.0 187.1367
09:05:00 10.0 136.0 187.38 187.2 187.2 187.15 187.15 20.0 187.25 300.0 136.0 9.0 127.0 0.0 187.1516
09:06:00 4.0 15.0 187.38 187.16 187.2 187.16 187.15 20.0 187.25 300.0 15.0 0.0 15.0 0.0 187.2
09:07:00 6.0 37.0 187.38 187.18 187.24 187.15 187.18 15.0 187.25 305.0 37.0 0.0 37.0 0.0 187.1638
09:08:00 7.0 15.0 187.38 187.24 187.24 187.18 187.14 1.0 187.25 405.0 15.0 0.0 15.0 0.0 187.18
09:09:00 7.0 290.0 187.38 187.15 187.25 187.15 187.14 1.0 187.17 100.0 290.0 100.0 190.0 0.0 187.2086
09:10:00 14.0 140.0 187.38 187.14 187.17 187.1 187.1 18.0 187.17 80.0 140.0 1.0 139.0 0.0 187.1009
09:11:00 4.0 29.0 187.38 187.06 187.1 187.06 187.05 53.0 187.1 380.0 29.0 0.0 29.0 0.0 187.0945
09:12:00 15.0 326.0 187.38 187.0 187.05 187.0 187.0 3299.0 187.05 94.0 326.0 3.0 323.0 0.0 187.0086
09:13:00 55.0 4306.0 187.38 186.76 187.01 186.76 186.75 100.0 186.88 185.0 4306.0 0.0 4306.0 0.0 186.9865
09:14:00 5.0 0.0 187.38 186.81 186.87 186.75 186.75 100.0 186.84 148.0 nan 0.0 0.0 0.0 nan
09:15:00 31.0 1338.0 187.38 186.89 186.89 186.68 186.87 81.0 187.08 1.0 1338.0 707.0 631.0 0.0 186.7386
09:16:00 4.0 61.0 187.38 186.74 186.95 186.74 186.8 30.0 187.0 101.0 61.0 0.0 61.0 0.0 186.87
09:17:00 15.0 344.0 187.38 186.75 186.95 186.68 186.75 288.0 187.0 201.0 344.0 0.0 344.0 0.0 186.7546
09:18:00 4.0 0.0 187.38 186.81 186.99 186.81 186.75 393.0 187.0 151.0 nan 0.0 0.0 0.0 nan
09:19:00 10.0 13.0 187.38 187.0 187.0 186.88 186.75 343.0 187.0 138.0 13.0 13.0 0.0 0.0 187.0
09:20:00 1.0 0.0 187.38 186.81 186.81 186.81 186.77 1.0 187.0 138.0 nan 0.0 0.0 0.0 nan
09:21:00 9.0 50.0 187.38 186.96 186.96 186.75 186.8 10.0 187.0 138.0 50.0 0.0 50.0 0.0 186.8
09:22:00 7.0 96.0 187.38 186.92 186.98 186.75 186.85 17.0 187.0 138.0 96.0 0.0 96.0 0.0 186.75
09:23:00 12.0 194.0 187.38 186.75 186.85 186.75 186.75 325.0 186.99 110.0 194.0 93.0 101.0 0.0 186.7806
09:24:00 8.0 220.0 187.38 186.87 186.9 186.85 186.75 355.0 186.87 35.0 220.0 0.0 220.0 0.0 186.8707
09:25:00 1.0 0.0 187.38 186.85 186.85 186.85 186.75 559.0 186.87 35.0 nan 0.0 0.0 0.0 nan
09:26:00 25.0 1105.0 187.38 186.67 186.87 186.67 186.69 23.0 186.87 17.0 1105.0 524.0 581.0 0.0 186.7509
09:27:00 10.0 50.0 187.38 186.7 186.84 186.67 186.66 9.0 186.82 8.0 50.0 2.0 48.0 0.0 186.7002
09:28:00 61.0 2398.0 187.38 186.42 186.75 186.42 186.42 40.0 186.63 296.0 2398.0 454.0 1944.0 0.0 186.5806
09:29:00 21.0 242.0 187.38 186.25 186.5 186.21 186.25 21.0 186.6 1.0 242.0 0.0 242.0 0.0 186.3612
09:30:00 23.0 989.0 187.38 186.25 186.29 186.05 186.04 201.0 186.25 41.0 989.0 9.0 980.0 0.0 186.151
09:31:00 378.0 9141.0 187.38 186.81 186.97 186.07 186.73 25.0 186.93 25.0 9141.0 3435.0 5706.0 0.0 186.6008
09:32:00 334.0 12503.0 187.38 186.45 187.1 186.42 186.41 1.0 186.56 100.0 12503.0 8821.0 3682.0 0.0 186.8604
09:33:00 261.0 11304.0 187.38 186.11 186.76 186.04 186.03 25.0 186.1 3.0 11304.0 3458.0 7846.0 0.0 186.3366
09:34:00 313.0 11559.0 187.38 185.98 186.03 185.8 185.91 1.0 186.03 33.0 11559.0 1464.0 10095.0 0.0 185.9569
09:35:00 212.0 5489.0 187.38 185.82 185.94 185.65 185.82 183.0 185.91 20.0 5489.0 1858.0 3631.0 0.0 185.8087
09:36:00 324.0 10842.0 187.38 185.15 185.85 185.14 185.14 37.0 185.25 100.0 10842.0 583.0 10259.0 0.0 185.4609
09:37:00 738.0 26989.0 187.38 185.0 185.21 184.85 184.96 410.0 185.04 30.0 26989.0 2240.0 24749.0 0.0 185.0104
09:38:00 447.0 12292.0 187.38 185.17 185.295 184.9 185.14 27.0 185.23 55.0 12292.0 6861.0 5431.0 0.0 185.0839
09:39:00 231.0 4818.0 187.38 185.11 185.22 184.98 185.06 62.0 185.13 10.0 4818.0 978.0 3840.0 0.0 185.1052
09:40:00 524.0 17003.0 187.38 185.0 185.48 185.0 185.0 203.0 185.04 58.0 17003.0 4532.0 12471.0 0.0 185.1166
09:41:00 340.0 12467.0 187.38 185.05 185.05 184.8 185.03 100.0 185.09 27.0 12467.0 4360.0 8107.0 0.0 184.9505
09:42:00 381.0 13672.0 187.38 185.28 185.3 184.75 185.25 65.0 185.31 100.0 13672.0 8963.0 4709.0 0.0 184.9184
09:43:00 239.0 7629.0 187.38 185.47 185.5 185.09 185.44 125.0 185.5 100.0 7629.0 2829.0 4800.0 0.0 185.281
09:44:00 239.0 6026.0 187.38 185.44 185.5 185.2 185.37 71.0 185.44 191.0 6026.0 3742.0 2284.0 0.0 185.3417
09:45:00 189.0 5581.0 187.38 185.3 185.41 185.17 185.26 12.0 185.36 36.0 5581.0 1398.0 4183.0 0.0 185.299
09:46:00 277.0 10097.0 187.38 185.06 185.37 184.89 185.01 61.0 185.08 20.0 10097.0 3804.0 6293.0 0.0 185.0641
09:47:00 280.0 9896.0 187.38 185.71 185.75 185.0 185.65 45.0 185.72 100.0 9896.0 7610.0 2286.0 0.0 185.45
09:48:00 266.0 9510.0 187.38 185.73 185.83 185.49 185.72 27.0 185.82 44.0 9510.0 6460.0 3050.0 0.0 185.6727
09:49:00 260.0 11464.0 187.38 185.7 185.8 185.58 185.67 19.0 185.72 20.0 11464.0 7695.0 3769.0 0.0 185.7228
09:50:00 224.0 7593.0 187.38 185.64 185.66 185.4 185.6 127.0 185.66 30.0 7593.0 3324.0 4269.0 0.0 185.5361
09:51:00 223.0 6468.0 187.38 185.61 185.68 185.5 185.61 36.0 185.69 36.0 6468.0 2975.0 3493.0 0.0 185.5816
09:52:00 250.0 11502.0 187.38 186.37 186.47 185.655 186.36 36.0 186.4 99.0 11502.0 9682.0 1820.0 0.0 186.102
09:53:00 341.0 9741.0 187.38 186.42 186.9 186.3 186.35 400.0 186.43 100.0 9741.0 4920.0 4821.0 0.0 186.5621
09:54:00 250.0 9961.0 187.38 186.62 186.62 186.27 186.61 57.0 186.65 500.0 9961.0 4050.0 5911.0 0.0 186.3907
09:55:00 271.0 15213.0 187.38 186.68 186.89 186.44 186.68 25.0 186.78 100.0 15213.0 5013.0 10200.0 0.0 186.6916
09:56:00 135.0 6027.0 187.38 186.9 186.99 186.68 186.84 25.0 186.9 95.0 6027.0 4057.0 1970.0 0.0 186.8538
09:57:00 92.0 4325.0 187.38 186.8 186.92 186.64 186.75 40.0 186.84 100.0 4325.0 1423.0 2902.0 0.0 186.7565
09:58:00 317.0 17337.0 187.38 187.03 187.22 186.86 186.96 96.0 187.06 25.0 17337.0 13941.0 3396.0 0.0 187.0484
09:59:00 116.0 4941.0 187.38 186.91 187.16 186.83 186.87 169.0 186.92 10.0 4941.0 1780.0 3161.0 0.0 186.9947
10:00:00 223.0 8322.0 187.38 186.83 187.19 186.83 186.8 151.0 186.88 70.0 8322.0 5266.0 3056.0 0.0 187.0108
10:01:00 123.0 4927.0 187.38 186.99 187.07 186.85 186.9 189.0 186.99 15.0 4927.0 2493.0 2434.0 0.0 186.955
10:02:00 209.0 16538.0 187.38 187.15 187.35 187.0 187.11 19.0 187.22 125.0 16538.0 13862.0 2676.0 0.0 187.1991
10:03:00 158.0 9515.0 187.38 187.33 187.33 187.0 187.28 40.0 187.35 25.0 9515.0 6991.0 2524.0 0.0 187.2041
10:04:00 179.0 9184.0 187.38 187.34 187.42 187.2 187.29 65.0 187.38 125.0 9184.0 6387.0 2797.0 0.0 187.3511
10:05:00 366.0 19732.0 187.38 187.65 187.69 187.3 187.64 44.0 187.69 25.0 19732.0 16473.0 3259.0 0.0 187.496
10:06:00 336.0 18560.0 187.38 187.81 187.96 187.64 187.8 750.0 187.85 1.0 18560.0 10448.0 8112.0 0.0 187.829
10:07:00 248.0 11900.0 187.38 187.5 187.89 187.5 187.45 87.0 187.5 3407.0 11900.0 2877.0 9023.0 0.0 187.7083
10:08:00 116.0 3884.0 187.38 187.25 187.45 187.13 187.21 112.0 187.29 45.0 3884.0 1745.0 2139.0 0.0 187.247
10:09:00 208.0 6102.0 187.38 186.84 187.22 186.77 186.78 81.0 186.86 77.0 6102.0 915.0 5187.0 0.0 187.0324
10:10:00 226.0 11173.0 187.38 186.91 187.03 186.72 186.91 125.0 187.0 100.0 11173.0 9109.0 2064.0 0.0 186.8123
10:11:00 108.0 3145.0 187.38 186.78 186.91 186.6 186.74 45.0 186.78 100.0 3145.0 714.0 2431.0 0.0 186.7182
10:12:00 147.0 4870.0 187.38 186.8 186.83 186.61 186.78 85.0 186.85 25.0 4870.0 2866.0 2004.0 0.0 186.7334
10:13:00 113.0 4260.0 187.38 187.02 187.05 186.75 186.97 300.0 187.04 33.0 4260.0 3298.0 962.0 0.0 186.9278
10:14:00 242.0 8880.0 187.38 186.85 187.16 186.85 186.83 53.0 186.93 25.0 8880.0 3708.0 5172.0 0.0 187.0165
10:15:00 143.0 6565.0 187.38 186.81 186.9 186.72 186.75 99.0 186.8 10.0 6565.0 4234.0 2331.0 0.0 186.8523
10:16:00 96.0 3235.0 187.38 186.63 186.8 186.58 186.63 200.0 186.7 65.0 3235.0 408.0 2827.0 0.0 186.6726
10:17:00 136.0 6217.0 187.38 186.54 186.745 186.54 186.5 206.0 186.55 1.0 6217.0 1214.0 5003.0 0.0 186.6106
10:18:00 107.0 3815.0 187.38 186.25 186.63 186.24 186.25 500.0 186.3 44.0 3815.0 1201.0 2614.0 0.0 186.4519
10:19:00 295.0 14233.0 187.38 185.8 186.31 185.79 185.78 17.0 185.84 131.0 14233.0 6650.0 7583.0 0.0 185.9975
10:20:00 244.0 8994.0 187.38 185.93 186.03 185.7 185.93 145.0 185.98 100.0 8994.0 5252.0 3742.0 0.0 185.8483
10:21:00 230.0 8017.0 187.38 185.83 186.2 185.77 185.82 600.0 185.87 100.0 8017.0 3649.0 4368.0 0.0 185.9663
10:22:00 198.0 10322.0 187.38 185.85 186.02 185.78 185.81 18.0 185.86 100.0 10322.0 4496.0 5826.0 0.0 185.8644
10:23:00 181.0 7714.0 187.38 186.35 186.36 185.86 186.33 25.0 186.39 75.0 7714.0 5067.0 2647.0 0.0 186.1006
10:24:00 117.0 4756.0 187.38 186.31 186.51 186.3 186.3 3025.0 186.37 25.0 4756.0 511.0 4245.0 0.0 186.374
10:25:00 254.0 12815.0 187.38 186.07 186.37 186.03 186.05 29.0 186.1 209.0 12815.0 3025.0 9790.0 0.0 186.2579
10:26:00 139.0 6006.0 187.38 186.16 186.25 186.03 186.12 33.0 186.2 57.0 6006.0 4209.0 1797.0 0.0 186.1247
10:27:00 115.0 3288.0 187.38 186.01 186.16 185.88 185.95 69.0 186.02 1.0 3288.0 449.0 2839.0 0.0 186.041
10:28:00 98.0 3425.0 187.38 186.1 186.3 186.01 186.05 2.0 186.14 44.0 3425.0 2524.0 901.0 0.0 186.2071
10:29:00 77.0 2733.0 187.38 186.32 186.36 186.11 186.29 331.0 186.36 125.0 2733.0 1276.0 1457.0 0.0 186.2448
10:30:00 95.0 3198.0 187.38 186.29 186.44 186.29 186.25 4.0 186.33 136.0 3198.0 1096.0 2102.0 0.0 186.3619
10:31:00 103.0 3209.0 187.38 186.31 186.37 186.2 186.25 30.0 186.34 100.0 3209.0 1084.0 2125.0 0.0 186.2784
10:32:00 131.0 6311.0 187.38 186.21 186.53 186.16 186.16 64.0 186.24 25.0 6311.0 4771.0 1540.0 0.0 186.4392
10:33:00 126.0 5379.0 187.38 186.65 186.74 186.21 186.65 30.0 186.72 100.0 5379.0 4095.0 1284.0 0.0 186.4897
10:34:00 171.0 8224.0 187.38 186.87 187.05 186.71 186.85 205.0 186.92 125.0 8224.0 6203.0 2021.0 0.0 186.9419
10:35:00 144.0 3402.0 187.38 187.07 187.1 186.84 187.01 100.0 187.05 500.0 3402.0 1944.0 1458.0 0.0 186.9928
10:36:00 224.0 11362.0 187.38 187.19 187.23 187.05 187.15 25.0 187.19 1.0 11362.0 8128.0 3234.0 0.0 187.1487
10:37:00 304.0 10581.0 187.38 187.37 187.53 187.15 187.33 105.0 187.38 39.0 10581.0 7297.0 3284.0 0.0 187.3895
10:38:00 172.0 6295.0 187.38 187.03 187.33 187.0 186.97 133.0 187.03 100.0 6295.0 2946.0 3349.0 0.0 187.1721
10:39:00 83.0 2814.0 187.38 186.9 186.97 186.71 186.89 64.0 186.96 25.0 2814.0 866.0 1948.0 0.0 186.8794
10:40:00 62.0 2011.0 187.38 186.78 186.97 186.76 186.76 41.0 186.82 49.0 2011.0 323.0 1688.0 0.0 186.8627
10:41:00 128.0 6915.0 187.38 186.71 186.83 186.5 186.65 180.0 186.75 25.0 6915.0 1848.0 5067.0 0.0 186.6171
10:42:00 223.0 16778.0 187.38 186.63 186.84 186.55 186.6 200.0 186.66 121.0 16778.0 5127.0 11651.0 0.0 186.6412
10:43:00 152.0 4857.0 187.38 186.65 186.78 186.58 186.58 71.0 186.66 425.0 4857.0 2390.0 2467.0 0.0 186.703
10:44:00 162.0 5184.0 187.38 186.83 186.85 186.63 186.77 13.0 186.82 80.0 5184.0 2991.0 2193.0 0.0 186.7804
10:45:00 293.0 20449.0 187.38 186.84 186.9 186.74 186.82 127.0 186.84 165.0 20449.0 16091.0 4358.0 0.0 186.8558
10:46:00 165.0 13131.0 187.38 186.85 186.91 186.77 186.83 44.0 186.87 209.0 13131.0 10276.0 2855.0 0.0 186.8772
10:47:00 193.0 11928.0 187.38 186.83 186.91 186.7 186.77 90.0 186.85 44.0 11928.0 2109.0 9819.0 0.0 186.7479
10:48:00 102.0 10768.0 187.38 186.95 186.96 186.83 186.94 100.0 186.96 405.0 10768.0 8796.0 1972.0 0.0 186.9115
10:49:00 249.0 13461.0 187.38 187.07 187.16 186.9 187.03 139.0 187.08 50.0 13461.0 9496.0 3965.0 0.0 186.9882
10:50:00 110.0 5531.0 187.38 187.01 187.15 186.95 186.96 95.0 187.02 62.0 5531.0 2347.0 3184.0 0.0 187.0335
10:51:00 102.0 4059.0 187.38 186.92 187.0 186.76 186.85 45.0 186.92 109.0 4059.0 797.0 3262.0 0.0 186.8585
10:52:00 57.0 2639.0 187.38 187.0 187.0 186.81 187.0 178.0 187.06 150.0 2639.0 764.0 1875.0 0.0 186.8815
10:53:00 121.0 4903.0 187.38 187.06 187.17 187.03 187.05 100.0 187.09 89.0 4903.0 2314.0 2589.0 0.0 187.0962
10:54:00 92.0 3128.0 187.38 186.9 187.19 186.86 186.87 50.0 186.92 100.0 3128.0 715.0 2413.0 0.0 187.0541
10:55:00 52.0 1623.0 187.38 187.03 187.125 186.87 187.0 1001.0 187.07 112.0 1623.0 424.0 1199.0 0.0 186.9968
10:56:00 127.0 5605.0 187.38 187.06 187.16 186.91 187.03 71.0 187.08 100.0 5605.0 1436.0 4169.0 0.0 187.0556
10:57:00 20.0 750.0 187.38 187.05 187.09 187.02 187.01 109.0 187.04 19.0 750.0 152.0 598.0 0.0 187.046
10:58:00 71.0 2687.0 187.38 186.92 187.04 186.85 186.88 8.0 186.92 128.0 2687.0 765.0 1922.0 0.0 186.932
10:59:00 74.0 2438.0 187.38 187.02 187.04 186.825 187.01 101.0 187.05 500.0 2438.0 2073.0 365.0 0.0 186.9463
11:00:00 85.0 3707.0 187.38 187.24 187.24 187.03 187.21 100.0 187.25 307.0 3707.0 3093.0 614.0 0.0 187.1243
11:01:00 84.0 3793.0 187.38 187.18 187.27 187.15 187.16 39.0 187.2 4.0 3793.0 1699.0 2094.0 0.0 187.2071
11:02:00 503.0 18116.0 187.38 187.21 187.8 187.14 187.15 40.0 187.21 200.0 18116.0 13268.0 4848.0 0.0 187.5555
11:03:00 147.0 4390.0 187.38 187.13 187.46 187.08 187.07 28.0 187.15 25.0 4390.0 2484.0 1906.0 0.0 187.2966
11:04:00 80.0 1832.0 187.38 187.28 187.325 187.06 187.22 25.0 187.34 160.0 1832.0 929.0 903.0 0.0 187.2352
11:05:00 68.0 2820.0 187.38 187.37 187.45 187.22 187.34 65.0 187.4 500.0 2820.0 895.0 1925.0 0.0 187.3422
11:06:00 155.0 5253.0 187.38 187.475 187.52 187.21 187.43 37.0 187.5 520.0 5253.0 3526.0 1727.0 0.0 187.4213
11:07:00 169.0 7964.0 187.38 187.64 187.77 187.49 187.6 330.0 187.68 45.0 7964.0 5297.0 2667.0 0.0 187.6206
11:08:00 123.0 3774.0 187.38 187.6 187.7 187.54 187.55 88.0 187.64 83.0 3774.0 954.0 2820.0 0.0 187.6371
11:09:00 182.0 4657.0 187.38 187.41 187.59 187.22 187.41 200.0 187.44 100.0 4657.0 1936.0 2721.0 0.0 187.4437
11:10:00 116.0 4022.0 187.38 187.35 187.5 187.33 187.34 56.0 187.4 25.0 4022.0 480.0 3542.0 0.0 187.4132
11:11:00 45.0 711.0 187.38 187.445 187.5 187.33 187.42 44.0 187.48 636.0 711.0 57.0 654.0 0.0 187.4252
11:12:00 121.0 4584.0 187.38 187.61 187.65 187.48 187.59 100.0 187.63 45.0 4584.0 2952.0 1632.0 0.0 187.581
11:13:00 152.0 7544.0 187.38 187.72 187.75 187.58 187.71 39.0 187.74 3.0 7544.0 4913.0 2631.0 0.0 187.7083
11:14:00 228.0 8518.0 187.38 187.56 187.88 187.56 187.56 39.0 187.62 30.0 8518.0 3826.0 4692.0 0.0 187.7694
11:15:00 147.0 6199.0 187.38 187.8 187.84 187.6 187.79 400.0 187.84 950.0 6199.0 3277.0 2922.0 0.0 187.7429
11:16:00 131.0 6033.0 187.38 187.73 187.9 187.73 187.7 150.0 187.74 30.0 6033.0 2860.0 3173.0 0.0 187.8276
11:17:00 123.0 6694.0 187.38 187.59 187.73 187.54 187.56 1.0 187.59 50.0 6694.0 810.0 5884.0 0.0 187.6021
11:18:00 132.0 5583.0 187.38 187.6 187.7 187.55 187.6 1.0 187.65 200.0 5583.0 2869.0 2714.0 0.0 187.6401
11:19:00 54.0 2606.0 187.38 187.59 187.65 187.56 187.54 41.0 187.59 45.0 2606.0 759.0 1847.0 0.0 187.597
11:20:00 75.0 2440.0 187.38 187.63 187.65 187.53 187.59 85.0 187.63 150.0 2440.0 767.0 1673.0 0.0 187.6083
11:21:00 75.0 1848.0 187.38 187.49 187.65 187.49 187.48 453.0 187.56 195.0 1848.0 580.0 1268.0 0.0 187.5599
11:22:00 88.0 2316.0 187.38 187.37 187.56 187.37 187.35 173.0 187.41 100.0 2316.0 735.0 1581.0 0.0 187.4769
11:23:00 72.0 1392.0 187.38 187.33 187.41 187.3 187.32 144.0 187.36 448.0 1392.0 687.0 705.0 0.0 187.3688
11:24:00 85.0 2649.0 187.38 187.4 187.425 187.32 187.41 38.0 187.45 1.0 2649.0 1176.0 1473.0 0.0 187.3761
11:25:00 102.0 3653.0 187.38 187.46 187.48 187.39 187.44 250.0 187.48 25.0 3653.0 1094.0 2559.0 0.0 187.4369
11:26:00 117.0 5953.0 187.38 187.57 187.61 187.33 187.56 303.0 187.62 95.0 5953.0 4209.0 1744.0 0.0 187.4671
11:27:00 115.0 8518.0 187.38 187.79 187.79 187.56 187.75 66.0 187.79 349.0 8518.0 6635.0 1883.0 0.0 187.7035
11:28:00 153.0 5871.0 187.38 187.78 187.89 187.73 187.74 3.0 187.78 204.0 5871.0 3153.0 2718.0 0.0 187.8196
11:29:00 82.0 2207.0 187.38 187.725 187.77 187.68 187.71 119.0 187.74 1.0 2207.0 809.0 1398.0 0.0 187.7243
11:30:00 107.0 4217.0 187.38 187.74 187.84 187.69 187.69 202.0 187.75 292.0 4217.0 2025.0 2192.0 0.0 187.7754
11:31:00 95.0 4633.0 187.38 187.81 187.82 187.67 187.8 100.0 187.83 12.0 4633.0 2174.0 2459.0 0.0 187.7618
11:32:00 320.0 18846.0 187.38 188.03 188.04 187.81 188.0 1.0 188.03 188.0 18846.0 17258.0 1588.0 0.0 187.9607
11:33:00 224.0 10585.0 187.38 188.12 188.25 187.99 188.1 103.0 188.15 123.0 10585.0 7278.0 3307.0 0.0 188.1369
11:34:00 193.0 7418.0 187.38 188.18 188.33 188.1 188.16 3.0 188.21 92.0 7418.0 3408.0 4010.0 0.0 188.2161
11:35:00 218.0 10375.0 187.38 188.07 188.3 188.05 188.05 201.0 188.09 45.0 10375.0 1972.0 8403.0 0.0 188.1982
11:36:00 75.0 3274.0 187.38 188.14 188.16 188.01 188.12 28.0 188.15 1.0 3274.0 1849.0 1425.0 0.0 188.0832
11:37:00 116.0 2348.0 187.38 188.06 188.17 187.99 188.03 100.0 188.08 167.0 2348.0 822.0 1526.0 0.0 188.0658
11:38:00 109.0 8205.0 187.38 187.95 188.09 187.87 187.96 38.0 188.0 750.0 8205.0 5495.0 2710.0 0.0 188.0141
11:39:00 62.0 2499.0 187.38 188.0 188.0 187.93 187.97 383.0 188.0 203.0 2499.0 999.0 1500.0 0.0 187.9775
11:40:00 101.0 4109.0 187.38 187.84 188.03 187.81 187.83 1.0 187.87 202.0 4109.0 593.0 3516.0 0.0 187.9145
11:41:00 140.0 3229.0 187.38 187.77 187.84 187.77 187.76 188.0 187.79 40.0 3229.0 999.0 2230.0 0.0 187.7878
11:42:00 223.0 6094.0 187.38 187.68 187.92 187.66 187.66 120.0 187.7 42.0 6094.0 2630.0 3464.0 0.0 187.7946
11:43:00 174.0 5685.0 187.38 187.93 187.93 187.63 187.89 488.0 187.94 22.0 5685.0 2817.0 2868.0 0.0 187.7663
11:44:00 102.0 2658.0 187.38 187.79 187.95 187.77 187.77 1.0 187.8 424.0 2658.0 1023.0 1635.0 0.0 187.8614
11:45:00 94.0 1784.0 187.38 187.85 187.89 187.79 187.83 700.0 187.88 239.0 1784.0 1295.0 489.0 0.0 187.827
11:46:00 61.0 3059.0 187.38 187.76 187.88 187.75 187.75 654.0 187.8 45.0 3059.0 340.0 2719.0 0.0 187.7967
11:47:00 111.0 4925.0 187.38 187.7 187.81 187.64 187.69 39.0 187.73 22.0 4925.0 1514.0 3411.0 0.0 187.716
11:48:00 84.0 3364.0 187.38 187.75 187.82 187.7 187.72 100.0 187.76 246.0 3364.0 1386.0 1978.0 0.0 187.7475
11:49:00 119.0 3421.0 187.38 187.67 187.79 187.67 187.67 157.0 187.72 45.0 3421.0 1272.0 2149.0 0.0 187.7165
11:50:00 101.0 3901.0 187.38 187.45 187.68 187.45 187.44 5.0 187.47 172.0 3901.0 149.0 3752.0 0.0 187.5743
11:51:00 110.0 3831.0 187.38 187.38 187.48 187.34 187.35 300.0 187.39 321.0 3831.0 1422.0 2409.0 0.0 187.43
11:52:00 143.0 4683.0 187.38 187.47 187.59 187.35 187.46 1.0 187.48 400.0 4683.0 1631.0 3052.0 0.0 187.4617
11:53:00 68.0 2095.0 187.38 187.44 187.55 187.44 187.42 200.0 187.46 251.0 2095.0 784.0 1311.0 0.0 187.5019
11:54:00 110.0 3722.0 187.38 187.35 187.47 187.27 187.32 46.0 187.38 229.0 3722.0 1560.0 2162.0 0.0 187.3683
11:55:00 29.0 445.0 187.38 187.42 187.43 187.36 187.39 153.0 187.43 215.0 445.0 219.0 226.0 0.0 187.3919
11:56:00 121.0 2249.0 187.38 187.58 187.61 187.405 187.55 10.0 187.59 227.0 2249.0 1221.0 1028.0 0.0 187.534
11:57:00 56.0 1310.0 187.38 187.5 187.61 187.5 187.48 100.0 187.53 253.0 1310.0 367.0 943.0 0.0 187.5357
11:58:00 124.0 10023.0 187.38 187.61 187.61 187.47 187.57 645.0 187.62 150.0 10023.0 2603.0 7420.0 0.0 187.5285
11:59:00 166.0 5128.0 187.38 187.73 187.74 187.61 187.71 232.0 187.74 210.0 5128.0 3139.0 1989.0 0.0 187.6918
12:00:00 183.0 14125.0 187.38 187.66 187.78 187.63 187.65 1.0 187.68 4.0 14125.0 12092.0 2033.0 0.0 187.7432
12:01:00 196.0 4294.0 187.38 187.7 187.71 187.57 187.7 42.0 187.73 8.0 4294.0 1478.0 2816.0 0.0 187.6182
12:02:00 260.0 24392.0 187.38 188.1 188.1 187.73 188.09 47.0 188.12 8.0 24392.0 23113.0 1279.0 0.0 187.9544
12:03:00 138.0 5472.0 187.38 187.95 188.18 187.93 187.92 50.0 187.96 5.0 5472.0 2505.0 2967.0 0.0 188.0798
12:04:00 166.0 9343.0 187.38 187.57 187.92 187.47 187.54 450.0 187.58 11.0 9343.0 3186.0 6157.0 0.0 187.6021
12:05:00 169.0 4093.0 187.38 187.63 187.68 187.55 187.62 200.0 187.64 700.0 4093.0 1728.0 2365.0 0.0 187.625
12:06:00 124.0 5589.0 187.38 187.68 187.71 187.52 187.66 142.0 187.69 6.0 5589.0 2460.0 3129.0 0.0 187.6345
12:07:00 137.0 4375.0 187.38 187.77 187.79 187.69 187.72 243.0 187.78 300.0 4375.0 2342.0 2033.0 0.0 187.7316
12:08:00 134.0 7253.0 187.38 187.86 187.88 187.79 187.85 461.0 187.87 200.0 7253.0 5879.0 1374.0 0.0 187.8501
12:09:00 169.0 15093.0 187.38 187.75 187.9 187.73 187.72 500.0 187.76 45.0 15093.0 11498.0 3595.0 0.0 187.8435
12:10:00 100.0 3312.0 187.38 187.78 187.8 187.69 187.78 1.0 187.81 295.0 3312.0 1712.0 1600.0 0.0 187.7423
12:11:00 243.0 16210.0 187.38 187.7 187.89 187.69 187.7 16.0 187.72 150.0 16210.0 10040.0 6170.0 0.0 187.7446
12:12:00 172.0 13299.0 187.38 187.79 187.88 187.68 187.78 233.0 187.8 100.0 13299.0 10475.0 2824.0 0.0 187.7506
12:13:00 179.0 7793.0 187.38 187.67 187.83 187.59 187.65 200.0 187.68 147.0 7793.0 4985.0 2808.0 0.0 187.7087
12:14:00 71.0 6009.0 187.38 187.67 187.8 187.67 187.66 47.0 187.7 212.0 6009.0 4378.0 1631.0 0.0 187.7114
12:15:00 78.0 3329.0 187.38 187.84 187.87 187.7 187.83 6.0 187.86 41.0 3329.0 2245.0 1084.0 0.0 187.8052
12:16:00 37.0 1075.0 187.38 187.85 187.89 187.82 187.85 288.0 187.88 1.0 1075.0 768.0 307.0 0.0 187.8672
12:17:00 241.0 17121.0 187.38 187.9 188.07 187.86 187.89 53.0 187.92 45.0 17121.0 13854.0 3267.0 0.0 187.9876
12:18:00 80.0 2413.0 187.38 187.88 187.905 187.79 187.87 95.0 187.9 102.0 2413.0 1229.0 1184.0 0.0 187.8521
12:19:00 79.0 3093.0 187.38 187.93 188.02 187.88 187.9 145.0 187.95 173.0 3093.0 804.0 2289.0 0.0 187.9535
12:20:00 87.0 3090.0 187.38 187.88 187.96 187.82 187.88 200.0 187.93 152.0 3090.0 1202.0 1888.0 0.0 187.9062
12:21:00 105.0 4555.0 187.38 188.04 188.05 187.86 188.03 541.0 188.05 20.0 4555.0 2919.0 1636.0 0.0 187.9706
12:22:00 120.0 4789.0 187.38 188.22 188.24 188.05 188.22 538.0 188.25 1154.0 4789.0 3229.0 1560.0 0.0 188.153
12:23:00 211.0 8876.0 187.38 188.4 188.48 188.23 188.39 45.0 188.43 211.0 8876.0 5661.0 3215.0 0.0 188.3687
12:24:00 229.0 15286.0 187.38 188.43 188.54 188.38 188.39 45.0 188.44 241.0 15286.0 10331.0 4955.0 0.0 188.4872
12:25:00 112.0 4286.0 187.38 188.3 188.51 188.3 188.28 195.0 188.33 36.0 4286.0 2251.0 2035.0 0.0 188.4198
12:26:00 70.0 2750.0 187.38 188.41 188.41 188.25 188.39 101.0 188.42 134.0 2750.0 2275.0 475.0 0.0 188.3188
12:27:00 55.0 1468.0 187.38 188.26 188.44 188.26 188.25 153.0 188.3 118.0 1468.0 938.0 530.0 0.0 188.3894
12:28:00 113.0 4926.0 187.38 188.3 188.36 188.17 188.29 200.0 188.33 100.0 4926.0 2041.0 2885.0 0.0 188.2373
12:29:00 174.0 5032.0 187.38 187.86 188.32 187.85 187.85 110.0 187.89 50.0 5032.0 1759.0 3273.0 0.0 188.0152
12:30:00 61.0 3629.0 187.38 187.89 187.98 187.82 187.86 138.0 187.91 100.0 3629.0 824.0 2805.0 0.0 187.8613
12:31:00 78.0 3115.0 187.38 187.9 187.99 187.84 187.86 709.0 187.9 41.0 3115.0 778.0 2337.0 0.0 187.9037
12:32:00 87.0 2973.0 187.38 187.76 187.88 187.74 187.75 602.0 187.8 150.0 2973.0 920.0 2053.0 0.0 187.8254
12:33:00 80.0 3427.0 187.38 187.75 187.83 187.68 187.71 833.0 187.78 33.0 3427.0 529.0 2898.0 0.0 187.7652
12:34:00 125.0 7050.0 187.38 187.61 187.83 187.61 187.6 356.0 187.66 50.0 7050.0 3561.0 3489.0 0.0 187.7149
12:35:00 120.0 4589.0 187.38 187.5 187.61 187.41 187.5 37.0 187.53 7.0 4589.0 1080.0 3509.0 0.0 187.499
12:36:00 163.0 4865.0 187.38 187.5 187.55 187.4 187.47 8.0 187.53 33.0 4865.0 2312.0 2553.0 0.0 187.482
12:37:00 78.0 1383.0 187.38 187.59 187.59 187.395 187.54 200.0 187.62 11.0 1383.0 1084.0 299.0 0.0 187.4912
12:38:00 65.0 1723.0 187.38 187.84 187.84 187.61 187.82 783.0 187.87 100.0 1723.0 1294.0 429.0 0.0 187.7236
12:39:00 95.0 2537.0 187.38 187.82 187.91 187.82 187.78 100.0 187.83 27.0 2537.0 781.0 1756.0 0.0 187.8703
12:40:00 79.0 2190.0 187.38 187.79 187.91 187.73 187.77 125.0 187.82 100.0 2190.0 1298.0 892.0 0.0 187.8107
12:41:00 36.0 727.0 187.38 187.75 187.82 187.73 187.7 81.0 187.73 210.0 727.0 158.0 569.0 0.0 187.7745
12:42:00 74.0 1610.0 187.38 187.74 187.79 187.7 187.73 100.0 187.78 215.0 1610.0 1242.0 368.0 0.0 187.7402
12:43:00 35.0 652.0 187.38 187.75 187.76 187.67 187.74 137.0 187.77 203.0 652.0 107.0 545.0 0.0 187.7273
12:44:00 80.0 1712.0 187.38 187.91 187.91 187.77 187.86 33.0 187.91 236.0 1712.0 1097.0 615.0 0.0 187.8578
12:45:00 50.0 2102.0 187.38 187.77 187.875 187.75 187.78 3.0 187.81 268.0 2102.0 646.0 1456.0 0.0 187.8026
12:46:00 77.0 1978.0 187.38 187.59 187.785 187.59 187.58 251.0 187.63 222.0 1978.0 1065.0 913.0 0.0 187.7137
12:47:00 142.0 3849.0 187.38 187.55 187.61 187.47 187.54 100.0 187.58 223.0 3849.0 1779.0 2070.0 0.0 187.5308
12:48:00 61.0 1686.0 187.38 187.5 187.56 187.46 187.47 80.0 187.51 193.0 1686.0 777.0 909.0 0.0 187.4977
12:49:00 53.0 1701.0 187.38 187.45 187.56 187.43 187.45 175.0 187.48 6.0 1701.0 1050.0 651.0 0.0 187.4953
12:50:00 74.0 3093.0 187.38 187.42 187.5 187.38 187.42 178.0 187.47 100.0 3093.0 1214.0 1879.0 0.0 187.438
12:51:00 75.0 3465.0 187.38 187.58 187.6 187.39 187.54 45.0 187.6 200.0 3465.0 1418.0 2047.0 0.0 187.451
12:52:00 96.0 5541.0 187.38 187.72 187.72 187.55 187.7 505.0 187.74 36.0 5541.0 1801.0 3740.0 0.0 187.6232
12:53:00 164.0 5589.0 187.38 187.78 187.81 187.7 187.77 131.0 187.81 200.0 5589.0 3747.0 1842.0 0.0 187.7677
12:54:00 102.0 9445.0 187.38 187.92 187.96 187.81 187.91 282.0 187.95 100.0 9445.0 8344.0 1101.0 0.0 187.8569
12:55:00 76.0 2889.0 187.38 187.86 187.91 187.83 187.84 221.0 187.87 81.0 2889.0 1595.0 1294.0 0.0 187.8692
12:56:00 48.0 1485.0 187.38 187.87 187.87 187.82 187.84 46.0 187.87 214.0 1485.0 810.0 675.0 0.0 187.8539
12:57:00 52.0 1653.0 187.38 187.9 187.93 187.87 187.9 28.0 187.91 22.0 1653.0 793.0 860.0 0.0 187.9033
12:58:00 107.0 5354.0 187.38 188.03 188.03 187.9 188.01 267.0 188.04 245.0 5354.0 4370.0 984.0 0.0 187.9791
12:59:00 72.0 2014.0 187.38 188.02 188.06 187.97 187.99 11.0 188.03 284.0 2014.0 810.0 1204.0 0.0 188.0141
13:00:00 84.0 2431.0 187.38 188.02 188.04 187.94 188.01 33.0 188.04 213.0 2431.0 1152.0 1279.0 0.0 187.9906
13:01:00 116.0 4122.0 187.38 188.17 188.26 188.0 188.15 45.0 188.19 6.0 4122.0 2305.0 1817.0 0.0 188.1459
13:02:00 49.0 1236.0 187.38 188.22 188.26 188.13 188.22 141.0 188.24 13.0 1236.0 765.0 471.0 0.0 188.1862
13:03:00 122.0 8119.0 187.38 188.28 188.36 188.21 188.26 303.0 188.29 9.0 8119.0 6093.0 2026.0 0.0 188.2919
13:04:00 118.0 4891.0 187.38 188.36 188.39 188.25 188.34 50.0 188.36 62.0 4891.0 2880.0 2011.0 0.0 188.2999
13:05:00 110.0 3322.0 187.38 188.22 188.34 188.19 188.18 199.0 188.22 100.0 3322.0 1302.0 2020.0 0.0 188.2673
13:06:00 71.0 2116.0 187.38 188.23 188.29 188.17 188.22 46.0 188.25 10.0 2116.0 998.0 1118.0 0.0 188.2345
13:07:00 66.0 3490.0 187.38 188.23 188.305 188.21 188.21 110.0 188.26 81.0 3490.0 2601.0 889.0 0.0 188.2678
13:08:00 80.0 2727.0 187.38 188.26 188.33 188.19 188.26 287.0 188.3 133.0 2727.0 1707.0 1020.0 0.0 188.2617
13:09:00 87.0 2793.0 187.38 188.22 188.27 188.1 188.21 45.0 188.25 37.0 2793.0 461.0 2332.0 0.0 188.2113
13:10:00 81.0 2655.0 187.38 188.13 188.3 188.12 188.12 204.0 188.18 255.0 2655.0 1798.0 857.0 0.0 188.2374
13:11:00 98.0 2635.0 187.38 188.15 188.25 188.04 188.14 202.0 188.19 103.0 2635.0 1142.0 1493.0 0.0 188.1317
13:12:00 47.0 1578.0 187.38 188.22 188.25 188.18 188.2 37.0 188.23 501.0 1578.0 1208.0 370.0 0.0 188.2218
13:13:00 105.0 18613.0 187.38 188.27 188.3 188.18 188.26 7.0 188.3 29.0 18613.0 17178.0 1435.0 0.0 188.2038
13:14:00 82.0 2529.0 187.38 188.31 188.35 188.26 188.29 150.0 188.32 90.0 2529.0 1807.0 722.0 0.0 188.322
13:15:00 75.0 1886.0 187.38 188.3 188.3 188.24 188.28 21.0 188.32 104.0 1886.0 1363.0 523.0 0.0 188.2723
13:16:00 136.0 7311.0 187.38 188.37 188.44 188.27 188.35 107.0 188.38 213.0 7311.0 5906.0 1405.0 0.0 188.3707
13:17:00 155.0 4349.0 187.38 188.39 188.44 188.33 188.36 36.0 188.38 11.0 4349.0 2437.0 1912.0 0.0 188.4023
13:18:00 40.0 1685.0 187.38 188.39 188.43 188.36 188.37 86.0 188.4 160.0 1685.0 1364.0 321.0 0.0 188.4013
13:19:00 70.0 5720.0 187.38 188.46 188.46 188.37 188.44 400.0 188.47 413.0 5720.0 5022.0 698.0 0.0 188.4143
13:20:00 121.0 5133.0 187.38 188.51 188.56 188.44 188.51 50.0 188.53 327.0 5133.0 4337.0 796.0 0.0 188.5035
13:21:00 131.0 4510.0 187.38 188.55 188.55 188.45 188.54 100.0 188.56 118.0 4510.0 2972.0 1538.0 0.0 188.5027
13:22:00 216.0 7956.0 187.38 188.53 188.64 188.52 188.5 100.0 188.53 185.0 7956.0 5478.0 2478.0 0.0 188.5887
13:23:00 131.0 3109.0 187.38 188.51 188.57 188.46 188.5 2.0 188.51 66.0 3109.0 1748.0 1361.0 0.0 188.5113
13:24:00 139.0 4026.0 187.38 188.44 188.5 188.36 188.44 200.0 188.48 114.0 4026.0 2686.0 1340.0 0.0 188.4304
13:25:00 75.0 4631.0 187.38 188.52 188.61 188.48 188.49 106.0 188.53 375.0 4631.0 3478.0 1153.0 0.0 188.5467
13:26:00 70.0 1620.0 187.38 188.53 188.55 188.48 188.52 46.0 188.55 689.0 1620.0 1112.0 508.0 0.0 188.5209
13:27:00 89.0 3852.0 187.38 188.57 188.64 188.54 188.56 10.0 188.59 110.0 3852.0 3371.0 481.0 0.0 188.5863
13:28:00 84.0 1946.0 187.38 188.56 188.63 188.56 188.52 200.0 188.58 145.0 1946.0 1216.0 730.0 0.0 188.5945
13:29:00 92.0 3148.0 187.38 188.5 188.57 188.5 188.5 45.0 188.53 3.0 3148.0 1224.0 1924.0 0.0 188.5354
13:30:00 46.0 984.0 187.38 188.56 188.56 188.48 188.52 205.0 188.57 278.0 984.0 683.0 301.0 0.0 188.5117
13:31:00 79.0 6894.0 187.38 188.63 188.63 188.55 188.61 200.0 188.63 400.0 6894.0 2936.0 3958.0 0.0 188.5904
13:32:00 180.0 13351.0 187.38 188.73 188.81 188.63 188.72 1.0 188.73 41.0 13351.0 7370.0 5981.0 0.0 188.7389
13:33:00 105.0 3018.0 187.38 188.65 188.74 188.6 188.62 1034.0 188.65 402.0 3018.0 1599.0 1419.0 0.0 188.6476
13:34:00 185.0 16779.0 187.38 188.57 188.69 188.545 188.56 100.0 188.58 200.0 16779.0 4176.0 12603.0 0.0 188.6172
13:35:00 83.0 3192.0 187.38 188.68 188.69 188.58 188.65 200.0 188.68 241.0 3192.0 2247.0 945.0 0.0 188.6571
13:36:00 102.0 3911.0 187.38 188.67 188.71 188.63 188.67 206.0 188.68 300.0 3911.0 3185.0 726.0 0.0 188.6781
13:37:00 134.0 5348.0 187.38 188.76 188.76 188.65 188.75 100.0 188.77 265.0 5348.0 3145.0 2203.0 0.0 188.7253
13:38:00 143.0 3506.0 187.38 188.69 188.78 188.65 188.68 100.0 188.7 200.0 3506.0 1645.0 1861.0 0.0 188.7368
13:39:00 125.0 3350.0 187.38 188.6 188.74 188.6 188.59 48.0 188.62 196.0 3350.0 1614.0 1736.0 0.0 188.6919
13:40:00 184.0 4738.0 187.38 188.46 188.63 188.46 188.43 151.0 188.46 10.0 4738.0 1883.0 2855.0 0.0 188.5332
13:41:00 158.0 4400.0 187.38 188.51 188.54 188.33 188.49 3.0 188.52 45.0 4400.0 2391.0 2009.0 0.0 188.4413
13:42:00 159.0 5110.0 187.38 188.42 188.55 188.41 188.42 21.0 188.45 49.0 5110.0 3051.0 2059.0 0.0 188.4655
13:43:00 135.0 4446.0 187.38 188.39 188.42 188.34 188.38 290.0 188.41 104.0 4446.0 3036.0 1410.0 0.0 188.3809
13:44:00 150.0 5502.0 187.38 188.39 188.41 188.25 188.38 28.0 188.4 219.0 5502.0 1783.0 3719.0 0.0 188.3389
13:45:00 168.0 4265.0 187.38 188.41 188.47 188.33 188.41 28.0 188.44 70.0 4265.0 2232.0 2033.0 0.0 188.399
13:46:00 74.0 3303.0 187.38 188.54 188.54 188.39 188.52 200.0 188.55 157.0 3303.0 1622.0 1681.0 0.0 188.4644
13:47:00 96.0 4745.0 187.38 188.57 188.63 188.53 188.55 176.0 188.58 195.0 4745.0 2071.0 2674.0 0.0 188.5882
13:48:00 78.0 2619.0 187.38 188.54 188.55 188.45 188.52 48.0 188.54 13.0 2619.0 1632.0 987.0 0.0 188.5095
13:49:00 72.0 3645.0 187.38 188.54 188.62 188.53 188.53 1.0 188.55 8.0 3645.0 1952.0 1693.0 0.0 188.5709
13:50:00 93.0 3594.0 187.38 188.44 188.56 188.42 188.42 410.0 188.44 2.0 3594.0 1881.0 1713.0 0.0 188.4704
13:51:00 149.0 5657.0 187.38 188.46 188.47 188.3 188.42 150.0 188.45 169.0 5657.0 1864.0 3793.0 0.0 188.4128
13:52:00 72.0 2693.0 187.38 188.5 188.54 188.44 188.49 300.0 188.52 157.0 2693.0 1383.0 1310.0 0.0 188.494
13:53:00 51.0 1464.0 187.38 188.52 188.55 188.485 188.51 100.0 188.53 51.0 1464.0 465.0 999.0 0.0 188.5225
13:54:00 91.0 3009.0 187.38 188.495 188.56 188.44 188.45 201.0 188.49 299.0 3009.0 1383.0 1626.0 0.0 188.5083
13:55:00 72.0 3122.0 187.38 188.39 188.49 188.35 188.36 200.0 188.39 40.0 3122.0 707.0 2415.0 0.0 188.402
13:56:00 120.0 4436.0 187.38 188.34 188.38 188.27 188.32 291.0 188.35 1.0 4436.0 1905.0 2531.0 0.0 188.326
13:57:00 152.0 4488.0 187.38 188.25 188.43 188.25 188.24 49.0 188.27 67.0 4488.0 1438.0 3050.0 0.0 188.3125
13:58:00 168.0 12170.0 187.38 188.24 188.28 188.2 188.23 201.0 188.25 67.0 12170.0 8938.0 3232.0 0.0 188.2342
13:59:00 113.0 4382.0 187.38 188.23 188.32 188.21 188.21 50.0 188.23 6.0 4382.0 1909.0 2473.0 0.0 188.253
14:00:00 106.0 4870.0 187.38 188.12 188.23 188.05 188.11 100.0 188.13 127.0 4870.0 1010.0 3860.0 0.0 188.1521
14:01:00 123.0 4966.0 187.38 188.2 188.25 188.11 188.17 10.0 188.2 268.0 4966.0 1799.0 3167.0 0.0 188.1767
14:02:00 103.0 3508.0 187.38 188.12 188.2 188.11 188.1 96.0 188.12 100.0 3508.0 1372.0 2136.0 0.0 188.17
14:03:00 92.0 3534.0 187.38 188.34 188.34 188.08 188.32 329.0 188.35 200.0 3534.0 2443.0 1091.0 0.0 188.1921
14:04:00 57.0 2745.0 187.38 188.425 188.44 188.35 188.41 278.0 188.44 254.0 2745.0 872.0 1873.0 0.0 188.3974
14:05:00 168.0 5022.0 187.38 188.45 188.505 188.41 188.43 200.0 188.47 287.0 5022.0 3790.0 1232.0 0.0 188.4731
14:06:00 104.0 3386.0 187.38 188.34 188.44 188.33 188.32 11.0 188.36 45.0 3386.0 1487.0 1899.0 0.0 188.3653
14:07:00 73.0 3154.0 187.38 188.16 188.35 188.14 188.14 199.0 188.16 62.0 3154.0 1946.0 1208.0 0.0 188.1762
14:08:00 78.0 4257.0 187.38 188.07 188.17 188.01 188.05 75.0 188.09 450.0 4257.0 1422.0 2835.0 0.0 188.1067
14:09:00 213.0 7173.0 187.38 188.03 188.07 187.93 187.99 447.0 188.03 46.0 7173.0 2697.0 4476.0 0.0 188.0012
14:10:00 190.0 15466.0 187.38 188.05 188.08 187.97 188.04 45.0 188.09 45.0 15466.0 12228.0 3238.0 0.0 188.0061
14:11:00 275.0 13624.0 187.38 187.88 188.09 187.83 187.86 250.0 187.9 1820.0 13624.0 8023.0 5601.0 0.0 187.9156
14:12:00 184.0 8237.0 187.38 187.83 187.9 187.72 187.81 200.0 187.85 135.0 8237.0 5177.0 3060.0 0.0 187.8089
14:13:00 36.0 754.0 187.38 187.88 187.89 187.81 187.86 146.0 187.9 68.0 754.0 576.0 178.0 0.0 187.8627
14:14:00 72.0 2402.0 187.38 187.9 187.92 187.85 187.88 45.0 187.91 26.0 2402.0 1377.0 1025.0 0.0 187.8762
14:15:00 75.0 2675.0 187.38 187.88 187.91 187.85 187.87 234.0 187.9 1458.0 2675.0 731.0 1944.0 0.0 187.863
14:16:00 86.0 3605.0 187.38 187.92 188.0 187.89 187.91 110.0 187.94 294.0 3605.0 2911.0 694.0 0.0 187.9236
14:17:00 84.0 2044.0 187.38 187.93 187.97 187.86 187.94 145.0 187.98 3.0 2044.0 855.0 1189.0 0.0 187.8982
14:18:00 91.0 3877.0 187.38 188.06 188.115 187.98 188.05 345.0 188.08 104.0 3877.0 1990.0 1887.0 0.0 188.0647
14:19:00 58.0 1688.0 187.38 187.95 188.06 187.94 187.92 207.0 187.96 100.0 1688.0 812.0 876.0 0.0 188.0222
14:20:00 50.0 1470.0 187.38 187.93 187.99 187.91 187.92 23.0 187.94 331.0 1470.0 681.0 789.0 0.0 187.942
14:21:00 95.0 8718.0 187.38 187.91 187.97 187.91 187.9 375.0 187.93 1.0 8718.0 7525.0 1193.0 0.0 187.946
14:22:00 72.0 2736.0 187.38 187.78 187.9 187.75 187.78 201.0 187.79 272.0 2736.0 588.0 2148.0 0.0 187.8262
14:23:00 89.0 8044.0 187.38 187.8 187.83 187.72 187.76 24.0 187.81 242.0 8044.0 6010.0 2034.0 0.0 187.7882
14:24:00 142.0 12337.0 187.38 187.79 187.79 187.59 187.78 200.0 187.82 23.0 12337.0 8542.0 3795.0 0.0 187.6386
14:25:00 51.0 944.0 187.38 187.81 187.84 187.76 187.8 102.0 187.84 60.0 944.0 468.0 476.0 0.0 187.7983
14:26:00 48.0 2058.0 187.38 187.95 187.97 187.835 187.95 2.0 187.99 430.0 2058.0 539.0 1519.0 0.0 187.9328
14:27:00 130.0 5136.0 187.38 187.83 188.03 187.8 187.81 300.0 187.86 222.0 5136.0 2663.0 2473.0 0.0 187.9193
14:28:00 71.0 2085.0 187.38 187.71 187.86 187.68 187.7 14.0 187.73 100.0 2085.0 852.0 1233.0 0.0 187.7866
14:29:00 88.0 3032.0 187.38 187.77 187.86 187.71 187.74 88.0 187.79 6.0 3032.0 1276.0 1756.0 0.0 187.7719
14:30:00 62.0 2221.0 187.38 187.82 187.85 187.72 187.81 2.0 187.85 295.0 2221.0 744.0 1477.0 0.0 187.7815
14:31:00 80.0 3385.0 187.38 187.87 187.97 187.81 187.84 66.0 187.87 45.0 3385.0 1961.0 1424.0 0.0 187.8957
14:32:00 71.0 2797.0 187.38 187.86 187.93 187.75 187.83 45.0 187.86 198.0 2797.0 1622.0 1175.0 0.0 187.8324
14:33:00 108.0 3656.0 187.38 187.92 187.97 187.81 187.89 7.0 187.93 150.0 3656.0 1472.0 2184.0 0.0 187.8839
14:34:00 82.0 1477.0 187.38 187.86 187.92 187.82 187.83 26.0 187.89 195.0 1477.0 695.0 782.0 0.0 187.8659
14:35:00 82.0 4534.0 187.38 187.89 187.89 187.78 187.87 45.0 187.9 6.0 4534.0 1443.0 3091.0 0.0 187.8175
14:36:00 65.0 3192.0 187.38 187.73 187.9 187.72 187.71 130.0 187.73 239.0 3192.0 600.0 2592.0 0.0 187.75
14:37:00 83.0 2500.0 187.38 187.79 187.805 187.65 187.77 310.0 187.82 50.0 2500.0 1664.0 836.0 0.0 187.7234
14:38:00 88.0 1812.0 187.38 187.75 187.83 187.75 187.74 237.0 187.78 100.0 1812.0 752.0 1060.0 0.0 187.7848
14:39:00 72.0 2843.0 187.38 187.87 187.91 187.78 187.84 111.0 187.89 206.0 2843.0 2342.0 501.0 0.0 187.8403
14:40:00 106.0 3162.0 187.38 187.97 188.0 187.85 187.95 185.0 188.0 45.0 3162.0 2311.0 851.0 0.0 187.9402
14:41:00 59.0 3189.0 187.38 187.96 187.99 187.91 187.92 122.0 187.97 204.0 3189.0 926.0 2263.0 0.0 187.9509
14:42:00 30.0 775.0 187.38 187.94 187.97 187.9 187.92 26.0 187.96 316.0 775.0 319.0 456.0 0.0 187.9339
14:43:00 48.0 2343.0 187.38 188.0 188.0 187.93 187.98 447.0 188.01 128.0 2343.0 1707.0 636.0 0.0 187.973
14:44:00 41.0 1663.0 187.38 188.05 188.05 187.98 188.03 45.0 188.07 200.0 1663.0 944.0 719.0 0.0 188.019
14:45:00 64.0 1635.0 187.38 188.01 188.1 187.99 187.98 29.0 188.02 280.0 1635.0 493.0 1142.0 0.0 188.0415
14:46:00 98.0 1918.0 187.38 187.87 188.02 187.87 187.86 89.0 187.9 181.0 1918.0 701.0 1217.0 0.0 187.9166
14:47:00 56.0 1158.0 187.38 187.81 187.86 187.76 187.78 32.0 187.81 1.0 1158.0 388.0 770.0 0.0 187.7999
14:48:00 133.0 5191.0 187.38 187.75 187.91 187.75 187.71 91.0 187.75 230.0 5191.0 2409.0 2782.0 0.0 187.8371
14:49:00 94.0 3260.0 187.38 187.83 187.83 187.65 187.77 50.0 187.83 45.0 3260.0 1424.0 1836.0 0.0 187.7172
14:50:00 56.0 906.0 187.38 187.77 187.84 187.74 187.74 300.0 187.8 68.0 906.0 388.0 518.0 0.0 187.7748
14:51:00 83.0 2253.0 187.38 187.93 187.93 187.78 187.91 146.0 187.95 150.0 2253.0 908.0 1345.0 0.0 187.8784
14:52:00 102.0 2955.0 187.38 188.16 188.16 187.95 188.15 2820.0 188.17 100.0 2955.0 2017.0 938.0 0.0 188.0986
14:53:00 184.0 12968.0 187.38 188.25 188.255 188.15 188.22 360.0 188.25 613.0 12968.0 4224.0 8744.0 0.0 188.171
14:54:00 150.0 8134.0 187.38 188.28 188.32 188.22 188.27 1.0 188.29 200.0 8134.0 6127.0 2007.0 0.0 188.2909
14:55:00 119.0 4764.0 187.38 188.29 188.33 188.25 188.26 205.0 188.3 211.0 4764.0 2493.0 2271.0 0.0 188.2944
14:56:00 103.0 6937.0 187.38 188.3 188.31 188.24 188.27 306.0 188.3 2544.0 6937.0 4061.0 2876.0 0.0 188.2891
14:57:00 151.0 8283.0 187.38 188.22 188.31 188.22 188.21 406.0 188.25 436.0 8283.0 5292.0 2991.0 0.0 188.2888
14:58:00 192.0 21272.0 187.38 188.26 188.27 188.2 188.25 45.0 188.27 1.0 21272.0 18750.0 2522.0 0.0 188.256
14:59:00 120.0 4715.0 187.38 188.34 188.4 188.27 188.33 445.0 188.36 254.0 4715.0 3540.0 1175.0 0.0 188.3304
15:00:00 160.0 8968.0 187.38 188.4 188.49 188.36 188.38 27.0 188.42 502.0 8968.0 7054.0 1914.0 0.0 188.4044
15:01:00 119.0 3799.0 187.38 188.24 188.41 188.22 188.21 300.0 188.26 101.0 3799.0 1514.0 2285.0 0.0 188.3364
15:02:00 92.0 2030.0 187.38 188.06 188.24 188.06 188.02 456.0 188.08 21.0 2030.0 852.0 1178.0 0.0 188.1588
15:03:00 131.0 3732.0 187.38 188.0 188.08 187.89 187.99 4.0 188.02 250.0 3732.0 2123.0 1609.0 0.0 187.9792
15:04:00 60.0 1707.0 187.38 187.95 188.05 187.9 187.91 172.0 187.97 200.0 1707.0 1003.0 704.0 0.0 187.9964
15:05:00 57.0 1295.0 187.38 188.01 188.01 187.91 187.97 206.0 188.01 418.0 1295.0 829.0 466.0 0.0 187.9722
15:06:00 86.0 2206.0 187.38 188.11 188.11 187.99 188.11 145.0 188.14 112.0 2206.0 1504.0 702.0 0.0 188.0449
15:07:00 79.0 2765.0 187.38 188.21 188.24 188.1 188.2 45.0 188.24 286.0 2765.0 1819.0 946.0 0.0 188.1761
15:08:00 116.0 3154.0 187.38 188.32 188.36 188.22 188.28 205.0 188.34 112.0 3154.0 2042.0 1112.0 0.0 188.285
15:09:00 114.0 3882.0 187.38 188.34 188.39 188.27 188.33 45.0 188.38 138.0 3882.0 1853.0 2029.0 0.0 188.3201
15:10:00 80.0 3064.0 187.38 188.4 188.45 188.37 188.4 56.0 188.44 150.0 3064.0 2151.0 913.0 0.0 188.4077
15:11:00 58.0 2100.0 187.38 188.45 188.48 188.41 188.44 95.0 188.49 577.0 2100.0 1682.0 418.0 0.0 188.4506
15:12:00 44.0 1964.0 187.38 188.42 188.48 188.4 188.37 225.0 188.41 210.0 1964.0 909.0 1055.0 0.0 188.426
15:13:00 57.0 2165.0 187.38 188.41 188.41 188.35 188.39 35.0 188.42 200.0 2165.0 899.0 1266.0 0.0 188.3707
15:14:00 74.0 2314.0 187.38 188.29 188.39 188.25 188.27 200.0 188.31 1.0 2314.0 592.0 1722.0 0.0 188.3243
15:15:00 44.0 1808.0 187.38 188.29 188.36 188.29 188.28 2.0 188.31 50.0 1808.0 1422.0 386.0 0.0 188.3272
15:16:00 109.0 2716.0 187.38 188.25 188.28 188.2 188.23 295.0 188.27 110.0 2716.0 658.0 2058.0 0.0 188.2342
15:17:00 176.0 5194.0 187.38 188.2 188.27 188.14 188.19 2.0 188.23 27.0 5194.0 1881.0 3313.0 0.0 188.1922
15:18:00 114.0 3029.0 187.38 188.18 188.29 188.13 188.16 1.0 188.2 329.0 3029.0 1343.0 1686.0 0.0 188.1943
15:19:00 106.0 2911.0 187.38 188.14 188.2 188.05 188.12 12.0 188.16 47.0 2911.0 1075.0 1836.0 0.0 188.113
15:20:00 122.0 3410.0 187.38 188.32 188.34 188.16 188.29 100.0 188.33 200.0 3410.0 2712.0 698.0 0.0 188.2323
15:21:00 140.0 7072.0 187.38 188.38 188.44 188.29 188.36 500.0 188.4 100.0 7072.0 5652.0 1420.0 0.0 188.374
15:22:00 64.0 2249.0 187.38 188.38 188.4 188.34 188.36 200.0 188.4 255.0 2249.0 348.0 1901.0 0.0 188.3627
15:23:00 82.0 3392.0 187.38 188.24 188.38 188.24 188.24 73.0 188.28 45.0 3392.0 888.0 2504.0 0.0 188.304
15:24:00 73.0 2514.0 187.38 188.32 188.4 188.26 188.33 28.0 188.37 178.0 2514.0 907.0 1607.0 0.0 188.3557
15:25:00 60.0 2494.0 187.38 188.43 188.43 188.31 188.4 204.0 188.44 408.0 2494.0 1996.0 498.0 0.0 188.3851
15:26:00 155.0 10249.0 187.38 188.5 188.54 188.41 188.5 110.0 188.54 209.0 10249.0 8063.0 2186.0 0.0 188.4852
15:27:00 96.0 2813.0 187.38 188.58 188.59 188.49 188.55 260.0 188.58 601.0 2813.0 2021.0 792.0 0.0 188.5378
15:28:00 169.0 7791.0 187.38 188.58 188.62 188.52 188.58 25.0 188.6 393.0 7791.0 5042.0 2749.0 0.0 188.5797
15:29:00 238.0 7800.0 187.38 188.46 188.63 188.41 188.45 5.0 188.47 7.0 7800.0 2348.0 5452.0 0.0 188.5077
15:30:00 118.0 3762.0 187.38 188.45 188.51 188.43 188.45 153.0 188.49 250.0 3762.0 1199.0 2563.0 0.0 188.4714
15:31:00 300.0 12764.0 187.38 188.53 188.58 188.49 188.54 100.0 188.57 520.0 12764.0 8785.0 3979.0 0.0 188.5571
15:32:00 130.0 3578.0 187.38 188.51 188.57 188.49 188.5 15.0 188.53 288.0 3578.0 1571.0 2007.0 0.0 188.5277
15:33:00 299.0 8035.0 187.38 188.46 188.55 188.42 188.45 357.0 188.49 346.0 8035.0 4079.0 3956.0 0.0 188.4852
15:34:00 237.0 8111.0 187.38 188.51 188.55 188.41 188.5 239.0 188.52 9.0 8111.0 4863.0 3248.0 0.0 188.4826
15:35:00 216.0 9811.0 187.38 188.52 188.58 188.45 188.51 250.0 188.53 110.0 9811.0 6878.0 2933.0 0.0 188.5235
15:36:00 185.0 9866.0 187.38 188.56 188.59 188.5 188.53 420.0 188.55 204.0 9866.0 7477.0 2389.0 0.0 188.5529
15:37:00 254.0 6601.0 187.38 188.46 188.58 188.45 188.45 207.0 188.46 2.0 6601.0 3773.0 2828.0 0.0 188.5183
15:38:00 154.0 4575.0 187.38 188.43 188.48 188.4 188.43 4.0 188.45 29.0 4575.0 1536.0 3039.0 0.0 188.4387
15:39:00 160.0 4678.0 187.38 188.35 188.47 188.34 188.32 4.0 188.33 2.0 4678.0 1596.0 3082.0 0.0 188.4148
15:40:00 180.0 5396.0 187.38 188.41 188.42 188.3 188.4 422.0 188.42 44.0 5396.0 4017.0 1379.0 0.0 188.3598
15:41:00 247.0 6567.0 187.38 188.51 188.54 188.37 188.51 23.0 188.52 400.0 6567.0 3435.0 3132.0 0.0 188.4728
15:42:00 209.0 4777.0 187.38 188.44 188.54 188.44 188.44 56.0 188.44 43.0 4777.0 1921.0 2856.0 0.0 188.4967
15:43:00 265.0 6162.0 187.38 188.44 188.49 188.39 188.44 32.0 188.45 146.0 6162.0 3056.0 3106.0 0.0 188.4349
15:44:00 284.0 7261.0 187.38 188.42 188.45 188.37 188.41 302.0 188.42 10.0 7261.0 3418.0 3843.0 0.0 188.401
15:45:00 429.0 13859.0 187.38 188.57 188.58 188.41 188.56 3.0 188.57 309.0 13859.0 9114.0 4745.0 0.0 188.5257
15:46:00 455.0 14462.0 187.38 188.65 188.65 188.56 188.63 203.0 188.64 2.0 14462.0 8911.0 5551.0 0.0 188.6071
15:47:00 386.0 9811.0 187.38 188.62 188.73 188.62 188.61 142.0 188.62 13.0 9811.0 5422.0 4389.0 0.0 188.686
15:48:00 343.0 9883.0 187.38 188.67 188.68 188.56 188.67 2.0 188.68 462.0 9883.0 5712.0 4171.0 0.0 188.612
15:49:00 352.0 10722.0 187.38 188.64 188.72 188.63 188.63 348.0 188.64 17.0 10722.0 5131.0 5591.0 0.0 188.6606
15:50:00 394.0 11296.0 187.38 188.7 188.73 188.57 188.67 109.0 188.72 100.0 11296.0 7118.0 4178.0 0.0 188.6581
15:51:00 684.0 25501.0 187.38 188.86 188.92 188.73 188.85 105.0 188.86 300.0 25501.0 16862.0 8639.0 0.0 188.8525
15:52:00 411.0 14695.0 187.38 188.96 188.98 188.85 188.95 250.0 188.96 37.0 14695.0 9789.0 4906.0 0.0 188.9331
15:53:00 334.0 12367.0 187.38 188.84 188.99 188.84 188.83 24.0 188.85 133.0 12367.0 6070.0 6297.0 0.0 188.9278
15:54:00 366.0 13711.0 187.38 188.93 188.96 188.85 188.93 315.0 188.95 330.0 13711.0 8194.0 5517.0 0.0 188.908
15:55:00 654.0 20911.0 187.38 188.79 188.945 188.77 188.79 3.0 188.8 300.0 20911.0 10392.0 10519.0 0.0 188.8582
15:56:00 703.0 22948.0 187.38 188.91 188.91 188.73 188.91 28.0 188.92 27.0 22948.0 13646.0 9302.0 0.0 188.8356
15:57:00 465.0 17207.0 187.38 188.98 188.995 188.9 188.98 507.0 188.99 262.0 17207.0 8400.0 8807.0 0.0 188.9592
15:58:00 687.0 31455.0 187.38 189.09 189.13 188.97 189.09 6.0 189.1 535.0 31455.0 19641.0 11814.0 0.0 189.0274
15:59:00 592.0 23709.0 187.38 189.15 189.18 189.08 189.14 346.0 189.15 785.0 23709.0 13018.0 10691.0 0.0 189.1343
16:00:00 986.0 40907.0 187.38 189.05 189.19 188.97 189.03 10569.0 189.05 32569.0 40907.0 21627.0 19280.0 0.0 189.0776
16:01:00 6.0 85.0 187.38 188.87 189.05 188.86 189.03 10569.0 189.04 2456.0 85.0 84.0 1.0 0.0 188.9579
16:02:00 14.0 229.0 187.38 188.85 189.0 188.6 189.03 10569.0 189.04 2356.0 229.0 1.0 228.0 0.0 188.9993
16:03:00 2.0 7.0 187.38 188.6 188.85 188.6 189.03 10569.0 189.0 760.0 7.0 1.0 6.0 0.0 188.6357
16:04:00 3.0 700.0 187.38 188.99 189.0 188.99 189.03 10569.0 188.99 60.0 700.0 700.0 0.0 0.0 188.9971
16:05:00 1.0 0.0 187.38 188.71 188.71 188.71 189.03 10569.0 188.99 80.0 nan 0.0 0.0 0.0 nan
16:06:00 2.0 29.0 187.38 188.81 188.97 188.81 189.03 10569.0 188.97 58.0 29.0 2.0 27.0 0.0 188.821
16:07:00 4.0 49.0 187.38 188.8 188.95 188.8 189.03 10569.0 188.97 58.0 49.0 22.0 27.0 0.0 188.8924
16:08:00 0.0 0.0 187.38 188.8 nan nan 189.03 10569.0 188.97 58.0 nan 0.0 0.0 0.0 nan
16:09:00 9.0 103.0 187.38 188.75 188.9 188.72 189.03 10569.0 188.9 44.0 103.0 36.0 67.0 0.0 188.7917
16:10:00 3.0 0.0 187.38 188.71 188.76 188.71 189.03 10569.0 188.85 30.0 nan 0.0 0.0 0.0 nan
16:11:00 6.0 20.0 187.38 188.85 188.85 188.72 189.03 10569.0 188.85 26.0 20.0 4.0 16.0 0.0 188.762
16:12:00 4.0 27.0 187.38 188.9 188.9 188.71 189.03 10569.0 188.99 120.0 27.0 26.0 1.0 0.0 188.8448
16:13:00 0.0 0.0 187.38 188.9 nan nan 189.03 10569.0 188.99 120.0 nan 0.0 0.0 0.0 nan
16:14:00 7.0 903.0 187.38 188.95 189.04 188.8 189.03 10569.0 188.99 20.0 903.0 900.0 3.0 0.0 189.0126
16:15:00 1.0 0.0 187.38 188.85 188.85 188.85 189.03 10569.0 188.99 20.0 nan 0.0 0.0 0.0 nan
16:16:00 5.0 49.0 187.38 189.0 189.0 188.92 189.03 10569.0 189.0 312.0 49.0 49.0 0.0 0.0 188.9959
16:17:00 2.0 57.0 187.38 189.0 189.0 189.0 189.03 10569.0 188.99 50.0 57.0 57.0 0.0 0.0 189.0
16:18:00 1.0 1.0 187.38 188.99 188.99 188.99 189.03 10569.0 188.95 5.0 1.0 1.0 0.0 0.0 188.99
16:19:00 1.0 2.0 187.38 188.85 188.85 188.85 189.03 10569.0 188.9 10.0 2.0 0.0 2.0 0.0 188.85
16:20:00 7.0 300.0 187.38 189.0 189.0 188.9 189.03 10569.0 189.0 19.0 300.0 300.0 0.0 0.0 188.9942
16:21:00 0.0 0.0 187.38 189.0 nan nan 189.03 10569.0 189.0 69.0 nan 0.0 0.0 0.0 nan
16:22:00 0.0 0.0 187.38 189.0 nan nan 189.03 10569.0 189.0 69.0 nan 0.0 0.0 0.0 nan
16:23:00 5.0 12.0 187.38 188.8 188.88 188.8 189.03 10569.0 189.0 77.0 12.0 0.0 12.0 0.0 188.8
16:24:00 0.0 0.0 187.38 188.8 nan nan 189.03 10569.0 188.9 10.0 nan 0.0 0.0 0.0 nan
16:25:00 1.0 2.0 187.38 188.88 188.88 188.88 189.03 10569.0 188.88 18.0 2.0 2.0 0.0 0.0 188.88
16:26:00 4.0 78.0 187.38 188.9 189.01 188.88 189.03 10569.0 189.0 67.0 78.0 78.0 0.0 0.0 188.9646
16:27:00 1.0 1.0 187.38 188.95 188.95 188.95 189.03 10569.0 189.0 72.0 1.0 0.0 1.0 0.0 188.95
16:28:00 4.0 6.0 187.38 189.0 189.0 188.89 189.03 10569.0 189.0 14.0 6.0 1.0 5.0 0.0 188.9167
16:29:00 7.0 311.0 187.38 188.95 189.03 188.82 189.03 10569.0 189.01 60.0 311.0 305.0 6.0 0.0 189.0244
16:30:00 1.0 46.0 187.38 189.01 189.01 189.01 189.03 10569.0 189.01 14.0 46.0 46.0 0.0 0.0 189.01
16:31:00 11.0 208.0 187.38 189.2 189.2 189.01 189.03 10569.0 189.05 27612.0 208.0 208.0 0.0 0.0 189.0676
16:32:00 1.0 6.0 187.38 189.05 189.05 189.05 189.03 10569.0 189.05 27617.0 6.0 0.0 6.0 0.0 189.05
16:33:00 3.0 0.0 187.38 189.03 189.03 188.85 189.03 10569.0 189.05 27821.0 nan 0.0 0.0 0.0 nan
16:34:00 4.0 2.0 187.38 188.87 189.0 188.86 189.03 10569.0 189.05 27820.0 2.0 0.0 2.0 0.0 188.95
16:35:00 2.0 0.0 187.38 189.02 189.02 188.87 189.03 10569.0 189.05 27820.0 nan 0.0 0.0 0.0 nan
16:36:00 5.0 12.0 187.38 189.02 189.02 188.8 189.03 10569.0 189.05 27995.0 12.0 0.0 12.0 0.0 188.825
16:37:00 7.0 132.0 187.38 189.05 189.05 188.95 189.03 10569.0 189.05 27873.0 132.0 132.0 0.0 0.0 189.0424
16:38:00 0.0 0.0 187.38 189.05 nan nan 189.03 10569.0 189.05 28175.0 nan 0.0 0.0 0.0 nan
16:39:00 0.0 0.0 187.38 189.05 nan nan 189.03 10569.0 189.0 25.0 nan 0.0 0.0 0.0 nan
16:40:00 5.0 49.0 187.38 189.05 189.05 188.81 189.03 10569.0 189.0 9.0 49.0 49.0 0.0 0.0 189.048
16:41:00 0.0 0.0 187.38 189.05 nan nan 189.03 10569.0 189.0 9.0 nan 0.0 0.0 0.0 nan
16:42:00 0.0 0.0 187.38 189.05 nan nan 189.03 10569.0 189.0 9.0 nan 0.0 0.0 0.0 nan
16:43:00 1.0 0.0 187.38 188.83 188.83 188.83 189.03 10569.0 188.95 50.0 nan 0.0 0.0 0.0 nan
16:44:00 1.0 0.0 187.38 188.86 188.86 188.86 189.03 10569.0 188.95 50.0 nan 0.0 0.0 0.0 nan
16:45:00 1.0 2.0 187.38 188.95 188.95 188.95 189.03 10569.0 188.95 48.0 2.0 2.0 0.0 0.0 188.95
16:46:00 0.0 0.0 187.38 188.95 nan nan 189.03 10569.0 188.95 48.0 nan 0.0 0.0 0.0 nan
16:47:00 3.0 0.0 187.38 188.85 188.86 188.85 189.03 10569.0 188.95 48.0 nan 0.0 0.0 0.0 nan
16:48:00 4.0 24.0 187.38 188.95 189.0 188.88 189.03 10569.0 188.9 178.0 24.0 24.0 0.0 0.0 188.945
16:49:00 0.0 0.0 187.38 188.95 nan nan 189.03 10569.0 188.9 178.0 nan 0.0 0.0 0.0 nan
16:50:00 3.0 1.0 187.38 188.76 188.78 188.76 189.03 10569.0 188.9 178.0 1.0 0.0 1.0 0.0 188.78
16:51:00 10.0 942.0 187.38 189.0 189.0 188.9 189.03 10569.0 189.0 247.0 942.0 620.0 322.0 0.0 188.9447
16:52:00 2.0 0.0 187.38 188.77 188.77 188.77 189.03 10569.0 189.0 247.0 nan 0.0 0.0 0.0 nan
16:53:00 0.0 0.0 187.38 188.77 nan nan 189.03 10569.0 189.0 247.0 nan 0.0 0.0 0.0 nan
16:54:00 1.0 0.0 187.38 188.98 188.98 188.98 189.03 10569.0 189.0 247.0 nan 0.0 0.0 0.0 nan
16:55:00 1.0 3.0 187.38 188.8 188.8 188.8 189.03 10569.0 188.98 10.0 3.0 0.0 3.0 0.0 188.8
16:56:00 8.0 107.0 187.38 188.76 188.82 188.76 189.03 10569.0 188.98 10.0 107.0 0.0 107.0 0.0 188.7626
16:57:00 6.0 2.0 187.38 188.97 188.98 188.81 189.03 10569.0 188.98 8.0 2.0 2.0 0.0 0.0 188.98
16:58:00 39.0 2733.0 187.38 188.52 188.95 188.52 189.03 10569.0 188.98 8.0 2733.0 909.0 1824.0 0.0 188.6078
16:59:00 2.0 18.0 187.38 188.88 188.88 188.88 189.03 10569.0 188.95 10.0 18.0 18.0 0.0 0.0 188.88
17:00:00 0.0 0.0 187.38 188.88 nan nan 189.03 10569.0 188.8 2.0 nan 0.0 0.0 0.0 nan
