time trade_count trade_volume trade_first trade_last trade_high trade_low bid_price bid_size ask_price ask_size hid_vol buy_vol sell_vol unsided_vol vwap
09:00:00 nan 87.0 180.17 180.09 180.25 180.09 180.05 3.0 180.27 2.0 87.0 87.0 0.0 0.0 180.21
09:01:00 17.0 867.0 180.17 180.0 180.26 180.0 180.01 2.0 180.27 6.0 867.0 0.0 867.0 0.0 180.0008
09:02:00 42.0 634.0 180.17 179.88 180.14 179.6 179.6 12.0 180.0 950.0 634.0 3.0 631.0 0.0 179.98
09:03:00 9.0 98.0 180.17 179.99 180.05 179.88 179.77 1.0 179.9 30.0 98.0 0.0 98.0 0.0 179.9882
09:04:00 13.0 195.0 180.17 179.85 179.99 179.85 179.8 100.0 179.9 798.0 195.0 195.0 0.0 0.0 179.9
09:05:00 23.0 1104.0 180.17 180.03 180.03 179.81 180.0 100.0 180.1 125.0 1104.0 1104.0 0.0 0.0 179.9257
09:06:00 26.0 551.0 180.17 180.27 180.27 180.01 180.04 1.0 180.3 250.0 551.0 551.0 0.0 0.0 180.2038
09:07:00 6.0 104.0 180.17 180.05 180.2 180.05 180.04 1.0 180.25 99.0 104.0 104.0 0.0 0.0 180.199
09:08:00 41.0 1721.0 180.17 180.25 180.28 180.0 180.18 44.0 180.3 250.0 1721.0 1659.0 62.0 0.0 180.1959
09:09:00 32.0 490.0 180.17 180.33 180.47 180.2 180.31 107.0 180.43 9.0 490.0 298.0 192.0 0.0 180.2851
09:10:00 52.0 2409.0 180.17 180.35 180.37 180.25 180.25 371.0 180.4 25.0 2409.0 91.0 2318.0 0.0 180.2548
09:11:00 19.0 153.0 180.17 180.36 180.5 180.25 180.35 251.0 180.49 3.0 153.0 120.0 33.0 0.0 180.3861
09:12:00 15.0 417.0 180.17 180.44 180.5 180.35 180.4 5.0 180.5 2043.0 417.0 413.0 4.0 0.0 180.4679
09:13:00 10.0 200.0 180.17 180.4 180.5 180.35 180.4 2.0 180.5 1845.0 200.0 194.0 6.0 0.0 180.4801
09:14:00 21.0 290.0 180.17 180.34 180.4 180.3 180.25 372.0 180.35 515.0 290.0 178.0 112.0 0.0 180.3684
09:15:00 11.0 210.0 180.17 180.35 180.35 180.25 180.3 150.0 180.33 15.0 210.0 72.0 138.0 0.0 180.2836
09:16:00 11.0 169.0 180.17 180.34 180.34 180.32 180.3 172.0 180.34 105.0 169.0 169.0 0.0 0.0 180.3382
09:17:00 11.0 55.0 180.17 180.33 180.35 180.33 180.25 235.0 180.33 30.0 55.0 43.0 12.0 0.0 180.3396
09:18:00 13.0 116.0 180.17 180.29 180.35 180.29 180.25 735.0 180.29 27.0 116.0 104.0 12.0 0.0 180.3118
09:19:00 37.0 698.0 180.17 180.3 180.35 180.25 180.25 213.0 180.35 601.0 698.0 672.0 26.0 0.0 180.344
09:20:00 13.0 40.0 180.17 180.26 180.33 180.25 180.27 52.0 180.3 139.0 40.0 5.0 35.0 0.0 180.2575
09:21:00 30.0 848.0 180.17 180.36 180.43 180.3 180.3 14.0 180.5 422.0 848.0 842.0 6.0 0.0 180.3462
09:22:00 25.0 719.0 180.17 180.6 180.6 180.35 180.5 14.0 180.6 1.0 719.0 659.0 60.0 0.0 180.51
09:23:00 33.0 517.0 180.17 180.82 180.83 180.55 180.6 14.0 180.83 98.0 517.0 259.0 258.0 0.0 180.7987
09:24:00 62.0 3119.0 180.17 180.75 180.83 180.5 180.75 350.0 180.82 16.0 3119.0 1501.0 1618.0 0.0 180.6806
09:25:00 18.0 441.0 180.17 180.73 180.77 180.55 180.55 30.0 180.75 216.0 441.0 0.0 441.0 0.0 180.7091
09:26:00 66.0 1451.0 180.17 180.84 180.99 180.59 180.84 567.0 181.0 595.0 1451.0 1003.0 448.0 0.0 180.833
09:27:00 35.0 1434.0 180.17 180.75 180.99 180.73 180.52 11.0 181.0 847.0 1434.0 3.0 1431.0 0.0 180.79
09:28:00 20.0 116.0 180.17 181.0 181.0 180.55 180.7 5.0 181.0 629.0 116.0 96.0 20.0 0.0 180.9569
09:29:00 19.0 184.0 180.17 180.71 181.0 180.62 180.62 4.0 181.0 285.0 184.0 131.0 53.0 0.0 180.8881
09:30:00 22.0 79.0 180.17 181.0 181.0 180.66 181.0 193.0 181.02 103.0 79.0 73.0 6.0 0.0 180.959
09:31:00 1164.0 35659.0 180.17 181.98 182.06 181.01 182.02 64.0 182.1 2000.0 35659.0 17457.0 18202.0 0.0 181.6792
09:32:00 911.0 32587.0 180.17 182.08 182.59 181.81 182.03 22.0 182.12 45.0 32587.0 16071.0 16516.0 0.0 182.1477
09:33:00 575.0 19578.0 180.17 181.65 182.48 181.38 181.52 46.0 181.68 100.0 19578.0 6377.0 13201.0 0.0 181.9718
09:34:00 583.0 20761.0 180.17 181.69 182.05 181.46 181.6 22.0 181.73 100.0 20761.0 7658.0 13103.0 0.0 181.7416
09:35:00 798.0 22871.0 180.17 180.81 181.84 180.72 180.72 50.0 180.84 9.0 22871.0 5368.0 17503.0 0.0 181.2295
09:36:00 488.0 16644.0 180.17 181.75 181.75 180.77 181.7 1.0 181.78 200.0 16644.0 14100.0 2544.0 0.0 181.169
09:37:00 756.0 27022.0 180.17 181.8 182.55 181.6 181.68 49.0 181.83 125.0 27022.0 18308.0 8714.0 0.0 182.1747
09:38:00 484.0 12005.0 180.17 182.17 182.72 181.83 182.07 23.0 182.21 100.0 12005.0 6786.0 5219.0 0.0 182.2341
09:39:00 312.0 9474.0 180.17 181.98 182.55 181.81 181.96 300.0 182.11 100.0 9474.0 3114.0 6360.0 0.0 182.1802
09:40:00 282.0 11777.0 180.17 182.35 182.49 181.85 182.35 100.0 182.46 20.0 11777.0 4216.0 7561.0 0.0 182.2903
09:41:00 325.0 12016.0 180.17 182.12 182.55 182.07 182.03 125.0 182.14 140.0 12016.0 5345.0 6671.0 0.0 182.3657
09:42:00 557.0 14612.0 180.17 181.57 182.26 181.29 181.55 300.0 181.72 18.0 14612.0 5273.0 9339.0 0.0 181.868
09:43:00 548.0 16851.0 180.17 180.12 181.78 180.12 180.11 2.0 180.17 138.0 16851.0 3192.0 13659.0 0.0 180.9495
09:44:00 727.0 23105.0 180.17 179.86 180.71 179.81 179.81 25.0 179.99 25.0 23105.0 4086.0 19019.0 0.0 180.1153
09:45:00 703.0 16156.0 180.17 179.94 180.33 179.63 179.9 33.0 180.06 25.0 16156.0 9307.0 6849.0 0.0 180.0037
09:46:00 596.0 17041.0 180.17 179.89 180.5 179.77 179.84 5.0 179.95 75.0 17041.0 8895.0 8146.0 0.0 180.2037
09:47:00 452.0 13134.0 180.17 179.68 179.96 179.4 179.6 2.0 179.69 103.0 13134.0 4290.0 8844.0 0.0 179.6323
09:48:00 358.0 8278.0 180.17 179.31 179.64 179.24 179.31 1201.0 179.37 40.0 8278.0 3524.0 4754.0 0.0 179.4255
09:49:00 481.0 13079.0 180.17 179.15 179.55 179.02 179.08 14.0 179.15 3.0 13079.0 5092.0 7987.0 0.0 179.2597
09:50:00 622.0 13618.0 180.17 179.32 179.51 178.8 179.31 13.0 179.41 100.0 13618.0 5637.0 7981.0 0.0 179.1771
09:51:00 251.0 10162.0 180.17 179.5 179.75 179.39 179.35 100.0 179.49 18.0 10162.0 3709.0 6453.0 0.0 179.563
09:52:00 171.0 3489.0 180.17 179.605 179.64 179.19 179.51 65.0 179.62 59.0 3489.0 1646.0 1843.0 0.0 179.4039
09:53:00 249.0 6941.0 180.17 179.46 179.82 179.24 179.42 100.0 179.5 38.0 6941.0 1583.0 5358.0 0.0 179.4775
09:54:00 272.0 7503.0 180.17 179.28 179.54 178.83 179.28 22.0 179.47 22.0 7503.0 2070.0 5433.0 0.0 179.1732
09:55:00 347.0 10635.0 180.17 179.84 180.0 179.42 179.7 22.0 179.87 22.0 10635.0 7001.0 3634.0 0.0 179.7501
09:56:00 228.0 4983.0 180.17 179.79 179.94 179.53 179.75 20.0 179.89 68.0 4983.0 1000.0 3983.0 0.0 179.7211
09:57:00 171.0 5045.0 180.17 179.84 179.98 179.6 179.74 25.0 179.91 2.0 5045.0 2070.0 2975.0 0.0 179.7792
09:58:00 358.0 5734.0 180.17 179.45 179.83 179.2 179.27 47.0 179.44 54.0 5734.0 1614.0 4120.0 0.0 179.5371
09:59:00 263.0 4877.0 180.17 179.405 179.51 179.12 179.39 13.0 179.46 22.0 4877.0 2520.0 2357.0 0.0 179.3236
10:00:00 349.0 11501.0 180.17 178.98 179.4 178.79 178.82 45.0 178.99 54.0 11501.0 3318.0 8183.0 0.0 178.9605
10:01:00 425.0 10373.0 180.17 178.97 179.48 178.83 178.95 21.0 179.12 18.0 10373.0 4917.0 5456.0 0.0 179.1925
10:02:00 300.0 8735.0 180.17 179.5 179.77 179.12 179.43 25.0 179.58 22.0 8735.0 4376.0 4359.0 0.0 179.5156
10:03:00 289.0 7827.0 180.17 179.11 179.64 178.84 179.06 6.0 179.18 18.0 7827.0 3807.0 4020.0 0.0 179.1103
10:04:00 237.0 14409.0 180.17 179.6 179.64 179.06 179.53 75.0 179.66 111.0 14409.0 11446.0 2963.0 0.0 179.4576
10:05:00 150.0 4961.0 180.17 179.57 179.71 179.25 179.54 211.0 179.67 16.0 4961.0 1353.0 3608.0 0.0 179.4725
10:06:00 502.0 28535.0 180.17 179.65 180.0 179.29 179.51 38.0 179.7 45.0 28535.0 19812.0 8723.0 0.0 179.8385
10:07:00 151.0 2745.0 180.17 179.33 179.84 179.33 179.3 20.0 179.47 200.0 2745.0 507.0 2238.0 0.0 179.5639
10:08:00 303.0 11163.0 180.17 179.05 179.44 178.98 179.03 134.0 179.11 16.0 11163.0 3958.0 7205.0 0.0 179.169
10:09:00 127.0 3923.0 180.17 178.9 179.21 178.9 178.88 506.0 179.0 46.0 3923.0 447.0 3476.0 0.0 179.0393
10:10:00 484.0 13544.0 180.17 178.56 178.97 178.48 178.49 16.0 178.59 20.0 13544.0 1894.0 11650.0 0.0 178.698
10:11:00 445.0 12265.0 180.17 178.3 178.67 178.2 178.26 100.0 178.35 69.0 12265.0 2030.0 10235.0 0.0 178.4424
10:12:00 912.0 30090.0 180.17 178.0 178.55 177.84 177.93 39.0 178.0 70.0 30090.0 3694.0 26396.0 0.0 178.0423
10:13:00 295.0 16776.0 180.17 177.67 177.96 177.61 177.61 253.0 177.71 124.0 16776.0 9020.0 7756.0 0.0 177.812
10:14:00 629.0 17024.0 180.17 177.37 177.76 177.15 177.34 331.0 177.45 20.0 17024.0 5344.0 11680.0 0.0 177.4485
10:15:00 444.0 8756.0 180.17 177.34 177.67 177.18 177.29 37.0 177.35 2.0 8756.0 3192.0 5564.0 0.0 177.4607
10:16:00 317.0 13367.0 180.17 177.82 178.01 177.28 177.78 400.0 177.89 17.0 13367.0 9264.0 4103.0 0.0 177.6916
10:17:00 247.0 7961.0 180.17 177.53 177.87 177.4 177.45 17.0 177.59 201.0 7961.0 3096.0 4865.0 0.0 177.6342
10:18:00 131.0 4002.0 180.17 177.38 177.67 177.38 177.37 1.0 177.44 100.0 4002.0 1531.0 2471.0 0.0 177.5503
10:19:00 201.0 9943.0 180.17 177.41 177.44 177.19 177.34 25.0 177.44 14.0 9943.0 3076.0 6867.0 0.0 177.3279
10:20:00 543.0 16120.0 180.17 177.05 177.39 176.9 177.01 5.0 177.06 20.0 16120.0 673.0 15447.0 0.0 177.0749
10:21:00 278.0 27584.0 180.17 177.26 177.31 176.97 177.2 134.0 177.29 20.0 27584.0 24001.0 3583.0 0.0 177.1688
10:22:00 194.0 9661.0 180.17 176.93 177.28 176.85 176.87 400.0 176.95 202.0 9661.0 5855.0 3806.0 0.0 177.0186
10:23:00 193.0 7467.0 180.17 176.87 176.92 176.7 176.85 12.0 176.93 106.0 7467.0 2034.0 5433.0 0.0 176.8123
10:24:00 477.0 16888.0 180.17 176.46 176.94 176.41 176.41 153.0 176.49 19.0 16888.0 3534.0 13354.0 0.0 176.621
10:25:00 350.0 9838.0 180.17 176.12 176.45 176.12 176.13 57.0 176.22 47.0 9838.0 2773.0 7065.0 0.0 176.2982
10:26:00 558.0 18124.0 180.17 176.13 176.46 176.06 176.1 57.0 176.23 1.0 18124.0 10462.0 7662.0 0.0 176.2025
10:27:00 392.0 20481.0 180.17 176.57 176.64 176.17 176.56 22.0 176.65 38.0 20481.0 17621.0 2860.0 0.0 176.3862
10:28:00 179.0 4754.0 180.17 176.25 176.59 176.2 176.22 1.0 176.26 20.0 4754.0 622.0 4132.0 0.0 176.3423
10:29:00 130.0 9103.0 180.17 176.27 176.3 176.12 176.24 95.0 176.33 22.0 9103.0 3532.0 5571.0 0.0 176.1981
10:30:00 178.0 4560.0 180.17 176.33 176.4 176.17 176.28 19.0 176.34 100.0 4560.0 1517.0 3043.0 0.0 176.2933
10:31:00 442.0 13503.0 180.17 176.8 177.06 176.14 176.76 200.0 176.9 50.0 13503.0 8388.0 5115.0 0.0 176.5734
10:32:00 228.0 16842.0 180.17 176.66 177.11 176.63 176.63 100.0 176.7 35.0 16842.0 13033.0 3809.0 0.0 176.8944
10:33:00 154.0 4239.0 180.17 176.7 176.75 176.55 176.65 528.0 176.71 18.0 4239.0 2311.0 1928.0 0.0 176.6279
10:34:00 232.0 7577.0 180.17 176.64 177.01 176.63 176.63 22.0 176.75 1.0 7577.0 3854.0 3723.0 0.0 176.8266
10:35:00 232.0 6317.0 180.17 176.83 177.04 176.69 176.78 45.0 176.86 20.0 6317.0 2961.0 3356.0 0.0 176.8825
10:36:00 359.0 10573.0 180.17 177.2 177.2 176.78 177.16 20.0 177.22 10.0 10573.0 7915.0 2658.0 0.0 177.0159
10:37:00 294.0 10443.0 180.17 176.72 177.26 176.65 176.64 136.0 176.72 122.0 10443.0 2493.0 7950.0 0.0 176.9089
10:38:00 321.0 11106.0 180.17 176.66 176.89 176.61 176.61 330.0 176.72 121.0 11106.0 7036.0 4070.0 0.0 176.7551
10:39:00 419.0 11221.0 180.17 176.62 176.73 176.22 176.54 2.0 176.62 17.0 11221.0 6068.0 5153.0 0.0 176.448
10:40:00 316.0 7531.0 180.17 176.85 176.95 176.59 176.8 25.0 176.85 100.0 7531.0 3464.0 4067.0 0.0 176.7882
10:41:00 228.0 13783.0 180.17 177.13 177.13 176.75 177.07 145.0 177.17 29.0 13783.0 9709.0 4074.0 0.0 176.8882
10:42:00 263.0 8251.0 180.17 176.72 177.33 176.72 176.72 179.0 176.8 122.0 8251.0 3614.0 4637.0 0.0 177.1443
10:43:00 283.0 8731.0 180.17 176.35 176.78 176.26 176.28 125.0 176.37 104.0 8731.0 2712.0 6019.0 0.0 176.6004
10:44:00 308.0 8457.0 180.17 176.07 176.3 176.07 176.08 1.0 176.12 110.0 8457.0 2912.0 5545.0 0.0 176.195
10:45:00 846.0 21636.0 180.17 176.19 176.25 175.9 176.22 300.0 176.24 100.0 21636.0 3837.0 17799.0 0.0 176.0127
10:46:00 202.0 6985.0 180.17 176.53 176.53 176.1 176.49 592.0 176.55 22.0 6985.0 2925.0 4060.0 0.0 176.2531
10:47:00 327.0 14710.0 180.17 176.49 176.9 176.45 176.41 42.0 176.51 19.0 14710.0 3954.0 10756.0 0.0 176.6744
10:48:00 217.0 7789.0 180.17 176.25 176.47 176.05 176.24 152.0 176.26 100.0 7789.0 3275.0 4514.0 0.0 176.2493
10:49:00 223.0 5584.0 180.17 176.1 176.44 176.08 176.06 71.0 176.12 10.0 5584.0 1666.0 3918.0 0.0 176.2455
10:50:00 224.0 8076.0 180.17 176.43 176.5 176.04 176.38 18.0 176.45 25.0 8076.0 5563.0 2513.0 0.0 176.25
10:51:00 256.0 8553.0 180.17 176.59 176.83 176.4 176.58 200.0 176.65 200.0 8553.0 3350.0 5203.0 0.0 176.645
10:52:00 199.0 8139.0 180.17 176.7 176.7 176.32 176.64 202.0 176.72 44.0 8139.0 3101.0 5038.0 0.0 176.4692
10:53:00 203.0 9457.0 180.17 176.85 176.97 176.6 176.83 200.0 176.89 72.0 9457.0 4844.0 4613.0 0.0 176.8687
10:54:00 229.0 7504.0 180.17 176.65 177.0 176.64 176.59 38.0 176.64 60.0 7504.0 3553.0 3951.0 0.0 176.8319
10:55:00 236.0 6490.0 180.17 176.62 176.64 176.49 176.58 138.0 176.67 134.0 6490.0 3500.0 2990.0 0.0 176.5771
10:56:00 212.0 6411.0 180.17 176.66 176.73 176.45 176.54 490.0 176.65 100.0 6411.0 3159.0 3252.0 0.0 176.5888
10:57:00 196.0 5520.0 180.17 176.86 176.86 176.58 176.8 46.0 176.88 27.0 5520.0 3071.0 2449.0 0.0 176.7119
10:58:00 169.0 4525.0 180.17 176.61 177.0 176.6 176.63 17.0 176.71 22.0 4525.0 3261.0 1264.0 0.0 176.9055
10:59:00 186.0 4388.0 180.17 176.98 177.08 176.61 176.91 51.0 177.02 100.0 4388.0 3576.0 812.0 0.0 176.8751
11:00:00 232.0 8404.0 180.17 177.07 177.54 177.02 177.05 48.0 177.15 1.0 8404.0 5491.0 2913.0 0.0 177.3532
11:01:00 155.0 5455.0 180.17 177.13 177.35 177.02 177.13 127.0 177.2 400.0 5455.0 1642.0 3813.0 0.0 177.1931
11:02:00 194.0 7017.0 180.17 177.5 177.73 177.16 177.43 21.0 177.55 19.0 7017.0 3748.0 3269.0 0.0 177.4897
11:03:00 222.0 10960.0 180.17 177.65 177.77 177.44 177.63 128.0 177.7 119.0 10960.0 7306.0 3654.0 0.0 177.5861
11:04:00 241.0 6639.0 180.17 177.23 177.67 177.02 177.23 19.0 177.31 18.0 6639.0 1627.0 5012.0 0.0 177.2973
11:05:00 208.0 6236.0 180.17 177.9 178.05 177.28 177.83 38.0 177.94 50.0 6236.0 4579.0 1657.0 0.0 177.8592
11:06:00 184.0 5607.0 180.17 178.375 178.46 177.89 178.36 9.0 178.44 23.0 5607.0 3925.0 1682.0 0.0 178.1744
11:07:00 290.0 10214.0 180.17 178.6 178.67 178.31 178.54 19.0 178.65 118.0 10214.0 6131.0 4083.0 0.0 178.4725
11:08:00 225.0 6767.0 180.17 178.3 178.6 178.25 178.27 37.0 178.35 38.0 6767.0 2796.0 3971.0 0.0 178.48
11:09:00 310.0 6591.0 180.17 178.22 178.7 178.15 178.13 19.0 178.29 39.0 6591.0 3077.0 3514.0 0.0 178.3861
11:10:00 107.0 2594.0 180.17 178.09 178.46 178.06 178.08 19.0 178.18 10.0 2594.0 1359.0 1235.0 0.0 178.2352
11:11:00 158.0 4402.0 180.17 178.53 178.71 178.09 178.45 125.0 178.61 19.0 4402.0 3143.0 1259.0 0.0 178.5168
11:12:00 118.0 2100.0 180.17 178.36 178.58 178.33 178.33 129.0 178.47 25.0 2100.0 716.0 1384.0 0.0 178.4642
11:13:00 147.0 5770.0 180.17 178.67 178.76 178.3 178.63 93.0 178.73 51.0 5770.0 3943.0 1827.0 0.0 178.5689
11:14:00 112.0 2936.0 180.17 178.26 178.67 178.26 178.24 50.0 178.3 20.0 2936.0 432.0 2504.0 0.0 178.455
11:15:00 142.0 3508.0 180.17 178.3 178.4 178.16 178.29 140.0 178.37 19.0 3508.0 1440.0 2068.0 0.0 178.3038
11:16:00 88.0 3711.0 180.17 178.37 178.6 178.27 178.37 122.0 178.47 38.0 3711.0 2373.0 1338.0 0.0 178.4552
11:17:00 218.0 8186.0 180.17 178.84 178.92 178.38 178.77 6.0 178.89 85.0 8186.0 6201.0 1985.0 0.0 178.7514
11:18:00 266.0 9782.0 180.17 178.82 179.07 178.75 178.78 169.0 178.89 65.0 9782.0 7292.0 2490.0 0.0 178.941
11:19:00 226.0 12907.0 180.17 179.07 179.235 178.8 179.03 19.0 179.14 37.0 12907.0 11223.0 1684.0 0.0 179.0086
11:20:00 287.0 6167.0 180.17 178.77 179.02 178.43 178.63 17.0 178.75 29.0 6167.0 1852.0 4315.0 0.0 178.6688
11:21:00 99.0 3039.0 180.17 178.6 178.68 178.29 178.48 3.0 178.62 57.0 3039.0 602.0 2437.0 0.0 178.4805
11:22:00 126.0 6791.0 180.17 178.66 178.75 178.52 178.65 25.0 178.73 57.0 6791.0 4244.0 2547.0 0.0 178.6719
11:23:00 181.0 5412.0 180.17 179.15 179.22 178.51 179.16 19.0 179.24 213.0 5412.0 3787.0 1625.0 0.0 178.8533
11:24:00 138.0 4054.0 180.17 178.75 179.24 178.75 178.76 25.0 178.85 19.0 4054.0 1270.0 2784.0 0.0 179.0603
11:25:00 239.0 6129.0 180.17 178.74 178.88 178.67 178.67 245.0 178.74 65.0 6129.0 2452.0 3677.0 0.0 178.7584
11:26:00 291.0 8618.0 180.17 178.84 178.92 178.65 178.81 100.0 178.85 19.0 8618.0 5264.0 3354.0 0.0 178.846
11:27:00 305.0 7812.0 180.17 178.79 178.86 178.6 178.71 91.0 178.81 48.0 7812.0 3520.0 4292.0 0.0 178.7211
11:28:00 178.0 4293.0 180.17 178.56 178.71 178.49 178.5 106.0 178.58 31.0 4293.0 1322.0 2971.0 0.0 178.5892
11:29:00 240.0 5140.0 180.17 178.29 178.56 178.22 178.27 12.0 178.3 232.0 5140.0 2465.0 2675.0 0.0 178.3908
11:30:00 243.0 3674.0 180.17 178.18 178.28 178.06 178.15 102.0 178.24 101.0 3674.0 2151.0 1523.0 0.0 178.1512
11:31:00 422.0 13217.0 180.17 178.03 178.34 177.92 178.0 20.0 178.04 20.0 13217.0 6194.0 7023.0 0.0 178.0318
11:32:00 254.0 8758.0 180.17 178.01 178.12 177.93 178.0 200.0 178.07 132.0 8758.0 4131.0 4627.0 0.0 178.0266
11:33:00 147.0 2557.0 180.17 178.23 178.37 178.01 178.23 36.0 178.3 7.0 2557.0 1328.0 1229.0 0.0 178.2107
11:34:00 166.0 4375.0 180.17 178.38 178.42 178.11 178.34 1.0 178.4 406.0 4375.0 2485.0 1890.0 0.0 178.2913
11:35:00 149.0 3657.0 180.17 178.24 178.55 178.19 178.23 1.0 178.3 51.0 3657.0 1644.0 2013.0 0.0 178.3883
11:36:00 234.0 6709.0 180.17 178.07 178.3 177.97 178.02 25.0 178.1 9.0 6709.0 3042.0 3667.0 0.0 178.0889
11:37:00 221.0 7076.0 180.17 178.3 178.39 177.92 178.28 17.0 178.34 571.0 7076.0 3986.0 3090.0 0.0 178.144
11:38:00 147.0 4993.0 180.17 178.22 178.28 178.13 178.22 17.0 178.33 53.0 4993.0 3316.0 1677.0 0.0 178.2263
11:39:00 182.0 4981.0 180.17 178.5 178.66 178.27 178.49 352.0 178.55 20.0 4981.0 2124.0 2857.0 0.0 178.4981
11:40:00 179.0 4394.0 180.17 178.415 178.55 178.22 178.36 100.0 178.41 21.0 4394.0 2150.0 2244.0 0.0 178.3898
11:41:00 321.0 8300.0 180.17 178.03 178.36 177.77 178.02 100.0 178.17 128.0 8300.0 3149.0 5151.0 0.0 177.9818
11:42:00 119.0 4031.0 180.17 178.32 178.32 178.0 178.27 11.0 178.35 28.0 4031.0 3201.0 830.0 0.0 178.1671
11:43:00 113.0 4582.0 180.17 178.27 178.48 178.25 178.26 500.0 178.34 128.0 4582.0 2939.0 1643.0 0.0 178.3695
11:44:00 143.0 3823.0 180.17 178.0 178.28 177.89 177.95 21.0 178.02 87.0 3823.0 1159.0 2664.0 0.0 178.1074
11:45:00 159.0 7022.0 180.17 177.64 178.13 177.59 177.58 2.0 177.65 200.0 7022.0 1733.0 5289.0 0.0 177.9164
11:46:00 212.0 8360.0 180.17 177.78 177.82 177.43 177.73 25.0 177.82 282.0 8360.0 4781.0 3579.0 0.0 177.5466
11:47:00 241.0 6526.0 180.17 178.18 178.25 177.73 178.08 51.0 178.19 43.0 6526.0 4279.0 2247.0 0.0 178.0117
11:48:00 149.0 5514.0 180.17 178.1 178.27 178.05 178.08 41.0 178.18 19.0 5514.0 1939.0 3575.0 0.0 178.159
11:49:00 173.0 7722.0 180.17 177.87 178.17 177.74 177.82 26.0 177.91 115.0 7722.0 2477.0 5245.0 0.0 177.9434
11:50:00 133.0 5120.0 180.17 177.6 177.8 177.5 177.58 21.0 177.66 127.0 5120.0 830.0 4290.0 0.0 177.6979
11:51:00 201.0 5077.0 180.17 177.57 177.63 177.43 177.53 150.0 177.59 221.0 5077.0 1738.0 3339.0 0.0 177.5331
11:52:00 233.0 7788.0 180.17 177.21 177.56 177.11 177.19 37.0 177.27 137.0 7788.0 2224.0 5564.0 0.0 177.2757
11:53:00 151.0 2835.0 180.17 177.27 177.27 177.02 177.21 18.0 177.29 376.0 2835.0 1405.0 1430.0 0.0 177.1463
11:54:00 143.0 3675.0 180.17 177.41 177.44 177.17 177.35 65.0 177.42 21.0 3675.0 2063.0 1612.0 0.0 177.3278
11:55:00 134.0 6758.0 180.17 177.18 177.35 177.18 177.2 12.0 177.25 20.0 6758.0 1432.0 5326.0 0.0 177.2524
11:56:00 228.0 9653.0 180.17 177.08 177.2 177.06 177.06 112.0 177.12 120.0 9653.0 3159.0 6494.0 0.0 177.1383
11:57:00 357.0 9514.0 180.17 177.05 177.16 176.94 177.06 18.0 177.1 20.0 9514.0 3308.0 6206.0 0.0 177.0382
11:58:00 132.0 5203.0 180.17 177.06 177.14 176.9 177.01 27.0 177.07 346.0 5203.0 1677.0 3526.0 0.0 176.9702
11:59:00 102.0 2812.0 180.17 177.13 177.27 177.07 177.08 19.0 177.17 119.0 2812.0 1506.0 1306.0 0.0 177.1597
12:00:00 117.0 2759.0 180.17 177.11 177.18 176.91 177.09 9.0 177.17 41.0 2759.0 1407.0 1352.0 0.0 177.0309
12:01:00 208.0 4663.0 180.17 176.86 177.2 176.84 176.84 16.0 176.9 100.0 4663.0 1579.0 3084.0 0.0 177.0317
12:02:00 188.0 4767.0 180.17 176.81 176.97 176.63 176.77 8.0 176.87 33.0 4767.0 2523.0 2244.0 0.0 176.7482
12:03:00 337.0 11468.0 180.17 176.57 176.85 176.45 176.52 1.0 176.58 103.0 11468.0 2687.0 8781.0 0.0 176.5953
12:04:00 272.0 5431.0 180.17 176.93 177.01 176.58 176.86 19.0 176.92 120.0 5431.0 3115.0 2316.0 0.0 176.8735
12:05:00 156.0 5244.0 180.17 176.86 177.06 176.8 176.85 1.0 176.93 16.0 5244.0 3463.0 1781.0 0.0 176.9263
12:06:00 183.0 3896.0 180.17 176.86 177.17 176.84 176.84 31.0 176.9 156.0 3896.0 2111.0 1785.0 0.0 176.9732
12:07:00 240.0 7134.0 180.17 176.94 176.94 176.68 176.88 147.0 176.95 160.0 7134.0 2206.0 4928.0 0.0 176.7876
12:08:00 164.0 4180.0 180.17 176.62 176.95 176.61 176.61 265.0 176.68 46.0 4180.0 1092.0 3088.0 0.0 176.703
12:09:00 166.0 4325.0 180.17 176.6 176.73 176.53 176.57 16.0 176.64 50.0 4325.0 2892.0 1433.0 0.0 176.5781
12:10:00 182.0 5195.0 180.17 176.84 176.84 176.49 176.81 4.0 176.85 25.0 5195.0 1727.0 3468.0 0.0 176.5901
12:11:00 148.0 10464.0 180.17 177.02 177.07 176.83 176.94 16.0 177.02 175.0 10464.0 3642.0 6822.0 0.0 176.9524
12:12:00 96.0 3313.0 180.17 176.91 177.03 176.75 176.85 151.0 176.92 101.0 3313.0 730.0 2583.0 0.0 176.8438
12:13:00 116.0 2126.0 180.17 176.83 177.1 176.83 176.82 1.0 176.9 43.0 2126.0 935.0 1191.0 0.0 176.9699
12:14:00 138.0 2881.0 180.17 176.77 176.91 176.71 176.75 8.0 176.79 90.0 2881.0 1293.0 1588.0 0.0 176.8067
12:15:00 142.0 4525.0 180.17 176.7 176.75 176.5 176.67 5.0 176.73 338.0 4525.0 2011.0 2514.0 0.0 176.6021
12:16:00 222.0 5488.0 180.17 176.95 176.95 176.61 176.89 25.0 176.95 101.0 5488.0 3246.0 2242.0 0.0 176.7719
12:17:00 142.0 5026.0 180.17 176.78 176.97 176.77 176.75 125.0 176.86 18.0 5026.0 1186.0 3840.0 0.0 176.8499
12:18:00 129.0 2674.0 180.17 176.58 176.75 176.46 176.52 108.0 176.58 128.0 2674.0 812.0 1862.0 0.0 176.5768
12:19:00 259.0 7829.0 180.17 176.27 176.58 176.21 176.26 7.0 176.3 18.0 7829.0 2531.0 5298.0 0.0 176.3679
12:20:00 210.0 8879.0 180.17 176.29 176.33 176.05 176.28 35.0 176.32 179.0 8879.0 4544.0 4335.0 0.0 176.1603
12:21:00 171.0 3992.0 180.17 176.29 176.5 176.28 176.25 38.0 176.33 40.0 3992.0 2184.0 1808.0 0.0 176.3916
12:22:00 693.0 20455.0 180.17 175.91 176.26 175.89 175.9 1.0 175.94 16.0 20455.0 1308.0 19147.0 0.0 175.9939
12:23:00 472.0 13195.0 180.17 175.79 175.95 175.65 175.76 172.0 175.8 14.0 13195.0 3339.0 9856.0 0.0 175.7852
12:24:00 395.0 12785.0 180.17 175.67 175.84 175.49 175.66 29.0 175.72 133.0 12785.0 5412.0 7373.0 0.0 175.5963
12:25:00 282.0 7810.0 180.17 175.61 175.86 175.55 175.59 5.0 175.64 200.0 7810.0 4339.0 3471.0 0.0 175.7078
12:26:00 282.0 7015.0 180.17 175.31 175.59 175.26 175.29 111.0 175.34 23.0 7015.0 3909.0 3106.0 0.0 175.3694
12:27:00 340.0 9920.0 180.17 175.29 175.46 175.13 175.22 64.0 175.28 71.0 9920.0 4690.0 5230.0 0.0 175.2816
12:28:00 186.0 10245.0 180.17 175.37 175.42 175.2 175.34 1.0 175.38 100.0 10245.0 6893.0 3352.0 0.0 175.3328
12:29:00 238.0 13186.0 180.17 175.56 175.56 175.34 175.51 177.0 175.55 200.0 13186.0 8200.0 4986.0 0.0 175.4337
12:30:00 354.0 11676.0 180.17 175.37 175.65 175.35 175.34 64.0 175.42 94.0 11676.0 7766.0 3910.0 0.0 175.4817
12:31:00 329.0 13425.0 180.17 175.1 175.34 175.04 175.06 12.0 175.1 9.0 13425.0 5370.0 8055.0 0.0 175.136
12:32:00 240.0 10076.0 180.17 175.07 175.31 175.04 175.07 9.0 175.11 185.0 10076.0 4911.0 5165.0 0.0 175.1446
12:33:00 346.0 16753.0 180.17 175.08 175.21 175.01 175.05 125.0 175.1 165.0 16753.0 8074.0 8679.0 0.0 175.0836
12:34:00 277.0 16195.0 180.17 175.05 175.09 175.0 175.02 209.0 175.08 224.0 16195.0 8345.0 7850.0 0.0 175.0434
12:35:00 268.0 10936.0 180.17 175.04 175.18 175.01 175.03 7.0 175.07 400.0 10936.0 6874.0 4062.0 0.0 175.0839
12:36:00 2590.0 95570.0 180.17 174.905 175.13 174.86 174.9 15.0 174.95 23.0 95570.0 10669.0 84901.0 0.0 174.9978
12:37:00 316.0 7591.0 180.17 174.55 174.98 174.55 174.53 68.0 174.57 226.0 7591.0 2118.0 5473.0 0.0 174.7896
12:38:00 281.0 7374.0 180.17 174.92 174.92 174.5 174.89 62.0 174.96 1.0 7374.0 5391.0 1983.0 0.0 174.6363
12:39:00 304.0 12447.0 180.17 174.78 175.19 174.78 174.77 199.0 174.82 44.0 12447.0 9956.0 2491.0 0.0 175.0019
12:40:00 152.0 3340.0 180.17 174.73 174.82 174.65 174.72 42.0 174.75 85.0 3340.0 1754.0 1586.0 0.0 174.7421
12:41:00 407.0 15710.0 180.17 174.95 175.08 174.7 174.93 300.0 174.99 207.0 15710.0 11724.0 3986.0 0.0 174.9581
12:42:00 223.0 7130.0 180.17 174.82 175.05 174.75 174.77 166.0 174.8 20.0 7130.0 3297.0 3833.0 0.0 174.9439
12:43:00 272.0 11646.0 180.17 174.99 175.0 174.69 174.97 38.0 175.0 312.0 11646.0 7771.0 3875.0 0.0 174.9149
12:44:00 145.0 6242.0 180.17 175.04 175.14 174.93 175.06 60.0 175.1 120.0 6242.0 3303.0 2939.0 0.0 175.0198
12:45:00 203.0 6738.0 180.17 174.64 175.06 174.6 174.6 16.0 174.65 18.0 6738.0 1148.0 5590.0 0.0 174.812
12:46:00 336.0 12583.0 180.17 174.77 174.77 174.48 174.73 2.0 174.77 20.0 12583.0 4582.0 8001.0 0.0 174.5566
12:47:00 207.0 7059.0 180.17 174.74 174.9 174.67 174.71 5.0 174.76 17.0 7059.0 1176.0 5883.0 0.0 174.7471
12:48:00 148.0 3295.0 180.17 174.68 174.74 174.51 174.66 365.0 174.71 85.0 3295.0 1462.0 1833.0 0.0 174.6416
12:49:00 175.0 4171.0 180.17 174.82 174.82 174.55 174.77 48.0 174.84 23.0 4171.0 2224.0 1947.0 0.0 174.7005
12:50:00 433.0 13963.0 180.17 175.14 175.4 174.85 175.12 356.0 175.18 40.0 13963.0 10736.0 3227.0 0.0 175.2406
12:51:00 565.0 17537.0 180.17 175.73 175.84 175.01 175.66 41.0 175.73 17.0 17537.0 10852.0 6685.0 0.0 175.4385
12:52:00 427.0 13507.0 180.17 175.56 175.72 175.39 175.5 213.0 175.56 105.0 13507.0 7825.0 5682.0 0.0 175.5362
12:53:00 192.0 5893.0 180.17 175.56 175.69 175.45 175.51 25.0 175.56 10.0 5893.0 3917.0 1976.0 0.0 175.5536
12:54:00 208.0 5547.0 180.17 175.66 175.86 175.56 175.6 300.0 175.68 20.0 5547.0 3567.0 1980.0 0.0 175.6954
12:55:00 250.0 4529.0 180.17 175.67 175.79 175.5 175.62 5.0 175.67 100.0 4529.0 2930.0 1599.0 0.0 175.6354
12:56:00 288.0 7065.0 180.17 175.31 175.67 175.16 175.25 117.0 175.3 10.0 7065.0 4163.0 2902.0 0.0 175.461
12:57:00 214.0 5612.0 180.17 175.27 175.45 174.93 175.19 1.0 175.26 16.0 5612.0 2134.0 3478.0 0.0 175.1413
12:58:00 125.0 4048.0 180.17 175.04 175.23 174.94 175.0 41.0 175.07 3.0 4048.0 977.0 3071.0 0.0 175.0409
12:59:00 83.0 877.0 180.17 175.29 175.31 175.0 175.27 16.0 175.37 20.0 877.0 395.0 482.0 0.0 175.1517
13:00:00 148.0 2852.0 180.17 175.32 175.58 175.26 175.26 93.0 175.36 303.0 2852.0 1554.0 1298.0 0.0 175.407
13:01:00 161.0 4599.0 180.17 175.41 175.41 175.1 175.31 27.0 175.42 108.0 4599.0 1827.0 2772.0 0.0 175.2296
13:02:00 147.0 7040.0 180.17 175.41 175.49 175.28 175.38 400.0 175.46 100.0 7040.0 5547.0 1493.0 0.0 175.3921
13:03:00 200.0 8573.0 180.17 175.87 175.9 175.43 175.85 20.0 175.91 217.0 8573.0 4349.0 4224.0 0.0 175.6456
13:04:00 176.0 5915.0 180.17 175.36 175.99 175.33 175.33 7.0 175.38 125.0 5915.0 521.0 5394.0 0.0 175.7314
13:05:00 122.0 4011.0 180.17 175.38 175.51 175.2 175.34 14.0 175.43 20.0 4011.0 1762.0 2249.0 0.0 175.3196
13:06:00 104.0 2315.0 180.17 175.69 175.74 175.29 175.61 99.0 175.71 27.0 2315.0 961.0 1354.0 0.0 175.5774
13:07:00 112.0 1983.0 180.17 175.43 175.62 175.27 175.44 200.0 175.54 25.0 1983.0 630.0 1353.0 0.0 175.4101
13:08:00 185.0 4204.0 180.17 175.87 175.97 175.35 175.78 20.0 175.88 45.0 4204.0 3136.0 1068.0 0.0 175.677
13:09:00 131.0 6075.0 180.17 175.81 175.97 175.77 175.75 45.0 175.88 18.0 6075.0 4362.0 1713.0 0.0 175.9021
13:10:00 73.0 2035.0 180.17 175.59 175.75 175.46 175.55 25.0 175.65 54.0 2035.0 434.0 1601.0 0.0 175.5928
13:11:00 92.0 2231.0 180.17 175.47 175.73 175.38 175.43 1.0 175.59 125.0 2231.0 691.0 1540.0 0.0 175.5487
13:12:00 90.0 4782.0 180.17 175.24 175.53 175.18 175.15 123.0 175.24 20.0 4782.0 746.0 4036.0 0.0 175.3214
13:13:00 107.0 2109.0 180.17 175.19 175.37 175.11 175.14 49.0 175.21 10.0 2109.0 727.0 1382.0 0.0 175.2598
13:14:00 136.0 3063.0 180.17 175.21 175.25 175.05 175.13 45.0 175.22 37.0 3063.0 2039.0 1024.0 0.0 175.1754
13:15:00 375.0 12853.0 180.17 174.95 175.135 174.77 174.85 3.0 174.97 204.0 12853.0 5807.0 7046.0 0.0 175.0225
13:16:00 211.0 6649.0 180.17 174.71 175.0 174.64 174.66 7.0 174.71 20.0 6649.0 1864.0 4785.0 0.0 174.7362
13:17:00 170.0 5216.0 180.17 174.9 174.98 174.63 174.85 45.0 174.93 222.0 5216.0 3870.0 1346.0 0.0 174.8444
13:18:00 139.0 3226.0 180.17 174.72 174.84 174.68 174.69 1.0 174.76 17.0 3226.0 1314.0 1912.0 0.0 174.7812
13:19:00 124.0 2940.0 180.17 175.05 175.16 174.65 174.9 43.0 175.07 20.0 2940.0 1818.0 1122.0 0.0 174.928
13:20:00 81.0 1973.0 180.17 174.8 175.01 174.72 174.74 400.0 174.83 35.0 1973.0 569.0 1404.0 0.0 174.8067
13:21:00 211.0 5046.0 180.17 174.76 174.85 174.65 174.75 13.0 174.8 58.0 5046.0 2390.0 2656.0 0.0 174.7555
13:22:00 138.0 5086.0 180.17 174.64 174.79 174.58 174.6 62.0 174.67 200.0 5086.0 650.0 4436.0 0.0 174.6198
13:23:00 327.0 10232.0 180.17 175.0 175.02 174.52 174.94 206.0 175.03 17.0 10232.0 6982.0 3250.0 0.0 174.6983
13:24:00 199.0 4779.0 180.17 175.0 175.04 174.8 174.92 20.0 175.0 100.0 4779.0 2260.0 2519.0 0.0 174.9329
13:25:00 183.0 4518.0 180.17 174.7 175.05 174.7 174.68 1.0 174.75 36.0 4518.0 1876.0 2642.0 0.0 174.9167
13:26:00 129.0 3667.0 180.17 174.92 174.93 174.7 174.86 114.0 174.93 19.0 3667.0 2985.0 682.0 0.0 174.8039
13:27:00 435.0 15676.0 180.17 174.76 174.86 174.4 174.71 20.0 174.78 113.0 15676.0 2527.0 13149.0 0.0 174.5392
13:28:00 170.0 5770.0 180.17 174.995 175.12 174.73 174.94 19.0 175.03 23.0 5770.0 2974.0 2796.0 0.0 174.9408
13:29:00 201.0 5127.0 180.17 174.97 175.29 174.85 174.91 23.0 175.0 120.0 5127.0 3487.0 1640.0 0.0 175.0164
13:30:00 236.0 7463.0 180.17 175.01 175.27 174.94 174.91 113.0 175.03 225.0 7463.0 4905.0 2558.0 0.0 175.0753
13:31:00 109.0 3364.0 180.17 175.23 175.24 174.94 175.17 18.0 175.27 119.0 3364.0 1640.0 1724.0 0.0 175.0714
13:32:00 125.0 2867.0 180.17 175.15 175.23 175.05 175.07 55.0 175.2 30.0 2867.0 1609.0 1258.0 0.0 175.1329
13:33:00 125.0 4264.0 180.17 175.29 175.37 175.08 175.23 19.0 175.36 39.0 4264.0 3000.0 1264.0 0.0 175.2534
13:34:00 140.0 3911.0 180.17 174.88 175.28 174.86 174.86 200.0 174.95 102.0 3911.0 472.0 3439.0 0.0 175.0161
13:35:00 161.0 4191.0 180.17 174.76 174.98 174.67 174.76 69.0 174.83 242.0 4191.0 462.0 3729.0 0.0 174.7928
13:36:00 132.0 4008.0 180.17 174.71 174.765 174.55 174.69 10.0 174.75 14.0 4008.0 2043.0 1965.0 0.0 174.6453
13:37:00 126.0 4461.0 180.17 174.72 174.86 174.63 174.68 117.0 174.76 53.0 4461.0 3102.0 1359.0 0.0 174.765
13:38:00 122.0 3703.0 180.17 174.59 174.78 174.52 174.58 36.0 174.63 200.0 3703.0 797.0 2906.0 0.0 174.629
13:39:00 273.0 6963.0 180.17 174.71 174.74 174.48 174.65 2.0 174.7 13.0 6963.0 3228.0 3735.0 0.0 174.5795
13:40:00 274.0 7562.0 180.17 174.87 175.09 174.58 174.85 2.0 174.92 115.0 7562.0 5901.0 1661.0 0.0 174.9074
13:41:00 166.0 4601.0 180.17 175.12 175.15 174.74 175.12 18.0 175.17 78.0 4601.0 1918.0 2683.0 0.0 174.9233
13:42:00 130.0 5103.0 180.17 175.28 175.48 175.17 175.24 18.0 175.31 218.0 5103.0 3215.0 1888.0 0.0 175.3091
13:43:00 154.0 7785.0 180.17 175.47 175.7 175.3 175.48 15.0 175.55 17.0 7785.0 4788.0 2997.0 0.0 175.5225
13:44:00 208.0 12403.0 180.17 175.45 175.6 175.35 175.44 15.0 175.48 100.0 12403.0 2962.0 9441.0 0.0 175.4311
13:45:00 193.0 3488.0 180.17 175.36 175.47 175.28 175.29 4.0 175.39 35.0 3488.0 1162.0 2326.0 0.0 175.3989
13:46:00 206.0 5028.0 180.17 175.69 175.69 175.01 175.64 120.0 175.69 58.0 5028.0 3720.0 1308.0 0.0 175.4133
13:47:00 192.0 15740.0 180.17 175.59 175.76 175.57 175.57 300.0 175.65 34.0 15740.0 14199.0 1541.0 0.0 175.6957
13:48:00 106.0 3015.0 180.17 175.4 175.72 175.38 175.35 22.0 175.41 20.0 3015.0 573.0 2442.0 0.0 175.5536
13:49:00 96.0 3676.0 180.17 175.45 175.52 175.33 175.44 20.0 175.54 20.0 3676.0 2166.0 1510.0 0.0 175.425
13:50:00 109.0 3940.0 180.17 175.43 175.6 175.3 175.38 38.0 175.48 5.0 3940.0 1967.0 1973.0 0.0 175.4689
13:51:00 125.0 4932.0 180.17 175.43 175.74 175.33 175.38 39.0 175.46 51.0 4932.0 3231.0 1701.0 0.0 175.541
13:52:00 100.0 1975.0 180.17 175.28 175.47 175.16 175.2 19.0 175.31 24.0 1975.0 608.0 1367.0 0.0 175.2987
13:53:00 92.0 4411.0 180.17 175.2 175.37 175.15 175.14 19.0 175.3 45.0 4411.0 2864.0 1547.0 0.0 175.2506
13:54:00 49.0 1063.0 180.17 175.24 175.38 175.08 175.25 38.0 175.35 225.0 1063.0 510.0 553.0 0.0 175.1629
13:55:00 77.0 1736.0 180.17 175.06 175.37 175.03 175.01 100.0 175.11 87.0 1736.0 581.0 1155.0 0.0 175.1782
13:56:00 266.0 8551.0 180.17 174.74 175.04 174.74 174.74 24.0 174.81 19.0 8551.0 1213.0 7338.0 0.0 174.9167
13:57:00 102.0 2701.0 180.17 174.65 174.78 174.61 174.61 201.0 174.66 200.0 2701.0 1200.0 1501.0 0.0 174.7014
13:58:00 143.0 4122.0 180.17 174.55 174.76 174.55 174.55 12.0 174.6 77.0 4122.0 1779.0 2343.0 0.0 174.6323
13:59:00 210.0 6840.0 180.17 174.48 174.55 174.35 174.4 110.0 174.45 177.0 6840.0 1397.0 5443.0 0.0 174.472
14:00:00 277.0 6788.0 180.17 174.17 174.52 174.15 174.16 71.0 174.21 21.0 6788.0 2133.0 4655.0 0.0 174.3334
14:01:00 159.0 5739.0 180.17 174.47 174.48 174.16 174.42 14.0 174.48 20.0 5739.0 4791.0 948.0 0.0 174.2799
14:02:00 189.0 4678.0 180.17 174.04 174.41 174.04 174.04 55.0 174.09 444.0 4678.0 1108.0 3570.0 0.0 174.1705
14:03:00 806.0 22040.0 180.17 174.02 174.16 173.87 174.0 154.0 174.06 100.0 22040.0 2711.0 19329.0 0.0 173.9981
14:04:00 177.0 9282.0 180.17 173.83 174.07 173.77 173.8 3.0 173.86 21.0 9282.0 994.0 8288.0 0.0 173.9012
14:05:00 78.0 2489.0 180.17 173.87 173.92 173.79 173.82 46.0 173.89 200.0 2489.0 1513.0 976.0 0.0 173.8531
14:06:00 136.0 3473.0 180.17 173.8 173.98 173.74 173.78 300.0 173.84 205.0 3473.0 1360.0 2113.0 0.0 173.8481
14:07:00 353.0 11244.0 180.17 174.06 174.12 173.7 174.02 44.0 174.12 44.0 11244.0 7120.0 4124.0 0.0 173.9142
14:08:00 132.0 3746.0 180.17 173.93 174.13 173.79 173.89 83.0 173.98 25.0 3746.0 1062.0 2684.0 0.0 173.9033
14:09:00 159.0 4105.0 180.17 174.01 174.11 173.83 174.0 74.0 174.1 20.0 4105.0 2360.0 1745.0 0.0 173.9647
14:10:00 86.0 3138.0 180.17 173.96 174.06 173.91 173.96 32.0 174.0 1.0 3138.0 958.0 2180.0 0.0 173.995
14:11:00 329.0 6717.0 180.17 174.44 174.44 173.84 174.41 120.0 174.47 100.0 6717.0 4584.0 2133.0 0.0 174.0865
14:12:00 228.0 3777.0 180.17 174.34 174.54 174.08 174.26 54.0 174.31 3.0 3777.0 1202.0 2575.0 0.0 174.3296
14:13:00 125.0 4799.0 180.17 174.56 174.59 174.31 174.45 125.0 174.55 4.0 4799.0 3516.0 1283.0 0.0 174.4875
14:14:00 150.0 4589.0 180.17 174.38 174.63 174.38 174.36 25.0 174.41 25.0 4589.0 2228.0 2361.0 0.0 174.5271
14:15:00 154.0 4512.0 180.17 174.33 174.41 174.25 174.27 176.0 174.34 140.0 4512.0 1827.0 2685.0 0.0 174.3307
14:16:00 270.0 7378.0 180.17 174.12 174.39 174.06 174.12 51.0 174.2 25.0 7378.0 2796.0 4582.0 0.0 174.2025
14:17:00 148.0 4416.0 180.17 174.41 174.43 174.05 174.36 7.0 174.43 25.0 4416.0 3520.0 896.0 0.0 174.2234
14:18:00 132.0 5618.0 180.17 174.37 174.41 174.26 174.34 84.0 174.38 125.0 5618.0 1502.0 4116.0 0.0 174.3314
14:19:00 100.0 3488.0 180.17 174.21 174.38 174.2 174.2 22.0 174.28 125.0 3488.0 1266.0 2222.0 0.0 174.2626
14:20:00 146.0 6226.0 180.17 174.36 174.37 174.16 174.3 201.0 174.34 209.0 6226.0 4740.0 1486.0 0.0 174.2464
14:21:00 197.0 6010.0 180.17 174.0 174.33 174.0 173.99 1.0 174.02 300.0 6010.0 1260.0 4750.0 0.0 174.0744
14:22:00 269.0 6114.0 180.17 173.77 174.02 173.74 173.74 1.0 173.8 47.0 6114.0 2289.0 3825.0 0.0 173.8973
14:23:00 196.0 6088.0 180.17 173.75 173.86 173.62 173.71 64.0 173.8 100.0 6088.0 1656.0 4432.0 0.0 173.7306
14:24:00 133.0 3248.0 180.17 173.62 173.75 173.54 173.6 337.0 173.64 140.0 3248.0 794.0 2454.0 0.0 173.6235
14:25:00 100.0 3277.0 180.17 173.55 173.65 173.51 173.53 7.0 173.58 39.0 3277.0 1495.0 1782.0 0.0 173.5707
14:26:00 201.0 7352.0 180.17 173.64 173.71 173.49 173.62 168.0 173.67 25.0 7352.0 1481.0 5871.0 0.0 173.5325
14:27:00 127.0 4139.0 180.17 173.67 173.82 173.53 173.66 8.0 173.72 22.0 4139.0 2015.0 2124.0 0.0 173.6939
14:28:00 87.0 3630.0 180.17 173.68 173.77 173.64 173.66 10.0 173.71 1.0 3630.0 1903.0 1727.0 0.0 173.7049
14:29:00 153.0 4349.0 180.17 173.95 174.0 173.6 173.89 70.0 173.97 132.0 4349.0 3320.0 1029.0 0.0 173.85
14:30:00 105.0 3425.0 180.17 173.86 174.12 173.86 173.83 171.0 173.91 20.0 3425.0 464.0 2961.0 0.0 173.9681
14:31:00 123.0 4060.0 180.17 173.81 173.9 173.67 173.8 218.0 173.85 1.0 4060.0 2407.0 1653.0 0.0 173.7846
14:32:00 120.0 4222.0 180.17 173.62 173.8 173.6 173.6 743.0 173.65 18.0 4222.0 777.0 3445.0 0.0 173.6967
14:33:00 229.0 6803.0 180.17 173.55 173.82 173.55 173.54 296.0 173.59 11.0 6803.0 3485.0 3318.0 0.0 173.7139
14:34:00 130.0 3053.0 180.17 173.55 173.78 173.54 173.54 202.0 173.6 182.0 3053.0 1477.0 1576.0 0.0 173.6491
14:35:00 236.0 8541.0 180.17 173.425 173.58 173.35 173.39 86.0 173.45 15.0 8541.0 2163.0 6378.0 0.0 173.4827
14:36:00 208.0 5112.0 180.17 173.47 173.5 173.35 173.44 467.0 173.5 364.0 5112.0 1552.0 3560.0 0.0 173.424
14:37:00 193.0 5949.0 180.17 173.39 173.46 173.25 173.35 212.0 173.41 18.0 5949.0 1829.0 4120.0 0.0 173.3417
14:38:00 214.0 9212.0 180.17 173.46 173.5 173.2 173.45 2.0 173.5 76.0 9212.0 3125.0 6087.0 0.0 173.2963
14:39:00 95.0 3639.0 180.17 173.47 173.62 173.41 173.46 1.0 173.51 37.0 3639.0 2040.0 1599.0 0.0 173.5538
14:40:00 163.0 7088.0 180.17 173.69 173.7 173.51 173.63 36.0 173.7 38.0 7088.0 4659.0 2429.0 0.0 173.6258
14:41:00 106.0 2766.0 180.17 173.63 173.72 173.57 173.61 1.0 173.65 41.0 2766.0 1583.0 1183.0 0.0 173.672
14:42:00 133.0 3033.0 180.17 173.52 173.68 173.41 173.48 19.0 173.53 180.0 3033.0 622.0 2411.0 0.0 173.5594
14:43:00 120.0 3578.0 180.17 173.41 173.55 173.36 173.36 262.0 173.42 8.0 3578.0 1680.0 1898.0 0.0 173.469
14:44:00 242.0 6074.0 180.17 173.28 173.44 173.12 173.26 11.0 173.3 71.0 6074.0 1956.0 4118.0 0.0 173.2628
14:45:00 204.0 4934.0 180.17 173.37 173.5 173.17 173.33 20.0 173.39 242.0 4934.0 2470.0 2464.0 0.0 173.3573
14:46:00 118.0 1880.0 180.17 173.13 173.33 173.11 173.12 9.0 173.17 164.0 1880.0 216.0 1664.0 0.0 173.2244
14:47:00 168.0 3614.0 180.17 173.25 173.32 173.13 173.26 19.0 173.32 16.0 3614.0 2453.0 1161.0 0.0 173.2285
14:48:00 153.0 3781.0 180.17 173.19 173.41 173.12 173.13 37.0 173.21 200.0 3781.0 1931.0 1850.0 0.0 173.2514
14:49:00 156.0 4801.0 180.17 173.3 173.43 173.2 173.3 3.0 173.34 102.0 4801.0 2876.0 1925.0 0.0 173.3272
14:50:00 100.0 2878.0 180.17 173.34 173.38 173.25 173.34 1.0 173.39 47.0 2878.0 1929.0 949.0 0.0 173.308
14:51:00 206.0 6994.0 180.17 173.19 173.4 173.1 173.16 460.0 173.2 40.0 6994.0 2597.0 4397.0 0.0 173.2139
14:52:00 817.0 28230.0 180.17 172.91 173.21 172.86 172.91 392.0 172.96 22.0 28230.0 3982.0 24248.0 0.0 172.9901
14:53:00 191.0 5180.0 180.17 172.9 173.0 172.81 172.87 27.0 172.92 4.0 5180.0 2508.0 2672.0 0.0 172.8964
14:54:00 241.0 8710.0 180.17 172.81 173.1 172.74 172.78 1.0 172.86 22.0 8710.0 4167.0 4543.0 0.0 172.8927
14:55:00 199.0 9909.0 180.17 172.7 172.93 172.66 172.65 107.0 172.71 20.0 9909.0 3647.0 6262.0 0.0 172.7853
14:56:00 269.0 9525.0 180.17 173.03 173.11 172.63 172.99 100.0 173.07 17.0 9525.0 7476.0 2049.0 0.0 172.9094
14:57:00 222.0 10626.0 180.17 173.09 173.12 172.97 173.05 24.0 173.1 535.0 10626.0 6841.0 3785.0 0.0 173.0618
14:58:00 240.0 9266.0 180.17 172.84 173.13 172.8 172.82 120.0 172.89 217.0 9266.0 6211.0 3055.0 0.0 172.9822
14:59:00 359.0 10024.0 180.17 172.61 172.93 172.6 172.59 35.0 172.66 64.0 10024.0 5667.0 4357.0 0.0 172.7133
15:00:00 363.0 13419.0 180.17 172.55 172.69 172.5 172.5 5.0 172.54 18.0 13419.0 3746.0 9673.0 0.0 172.5674
15:01:00 219.0 7543.0 180.17 172.76 172.91 172.55 172.72 16.0 172.77 204.0 7543.0 5648.0 1895.0 0.0 172.7224
15:02:00 295.0 15186.0 180.17 172.66 172.87 172.53 172.61 72.0 172.71 168.0 15186.0 9623.0 5563.0 0.0 172.7267
15:03:00 118.0 4319.0 180.17 172.51 172.78 172.51 172.5 425.0 172.55 19.0 4319.0 1836.0 2483.0 0.0 172.6503
15:04:00 193.0 8113.0 180.17 172.57 172.8 172.54 172.55 4.0 172.61 409.0 8113.0 5149.0 2964.0 0.0 172.6554
15:05:00 170.0 7679.0 180.17 172.68 172.78 172.57 172.67 631.0 172.71 423.0 7679.0 5393.0 2286.0 0.0 172.6769
15:06:00 147.0 6143.0 180.17 172.58 172.67 172.54 172.55 17.0 172.59 6.0 6143.0 2628.0 3515.0 0.0 172.6063
15:07:00 535.0 17584.0 180.17 172.1 172.57 172.1 172.1 81.0 172.16 219.0 17584.0 7185.0 10399.0 0.0 172.3296
15:08:00 434.0 18299.0 180.17 172.04 172.3 172.01 172.03 8.0 172.07 250.0 18299.0 6132.0 12167.0 0.0 172.1296
15:09:00 663.0 18550.0 180.17 172.0 172.11 171.89 171.95 300.0 172.01 22.0 18550.0 4425.0 14125.0 0.0 171.9805
15:10:00 302.0 7851.0 180.17 171.89 172.03 171.81 171.89 52.0 171.92 378.0 7851.0 3006.0 4845.0 0.0 171.8982
15:11:00 424.0 27800.0 180.17 171.86 171.95 171.66 171.84 167.0 171.88 1.0 27800.0 17463.0 10337.0 0.0 171.8086
15:12:00 202.0 6683.0 180.17 171.89 171.96 171.77 171.83 41.0 171.91 24.0 6683.0 4073.0 2610.0 0.0 171.8902
15:13:00 248.0 7302.0 180.17 171.62 171.88 171.62 171.61 16.0 171.66 219.0 7302.0 4505.0 2797.0 0.0 171.7743
15:14:00 293.0 17898.0 180.17 171.77 171.88 171.56 171.72 639.0 171.77 186.0 17898.0 15499.0 2399.0 0.0 171.6858
15:15:00 296.0 12178.0 180.17 171.69 171.92 171.55 171.64 101.0 171.7 1050.0 12178.0 6021.0 6157.0 0.0 171.735
15:16:00 237.0 10080.0 180.17 171.66 171.75 171.61 171.65 15.0 171.7 126.0 10080.0 7151.0 2929.0 0.0 171.6936
15:17:00 287.0 13687.0 180.17 171.85 171.92 171.68 171.84 319.0 171.88 17.0 13687.0 9099.0 4588.0 0.0 171.7775
15:18:00 402.0 13263.0 180.17 171.6 171.92 171.5 171.57 2.0 171.62 455.0 13263.0 3779.0 9484.0 0.0 171.6057
15:19:00 252.0 6390.0 180.17 171.84 171.94 171.59 171.84 151.0 171.88 21.0 6390.0 3214.0 3176.0 0.0 171.8055
15:20:00 255.0 9743.0 180.17 171.69 171.86 171.62 171.65 21.0 171.71 126.0 9743.0 4446.0 5297.0 0.0 171.75
15:21:00 243.0 9147.0 180.17 171.84 171.91 171.63 171.81 62.0 171.89 150.0 9147.0 6361.0 2786.0 0.0 171.8028
15:22:00 207.0 7196.0 180.17 171.72 171.99 171.72 171.71 20.0 171.74 21.0 7196.0 2355.0 4841.0 0.0 171.8831
15:23:00 511.0 40559.0 180.17 171.83 171.84 171.51 171.8 70.0 171.84 116.0 40559.0 33406.0 7153.0 0.0 171.6835
15:24:00 349.0 13307.0 180.17 171.75 171.9 171.68 171.72 277.0 171.78 100.0 13307.0 5546.0 7761.0 0.0 171.7636
15:25:00 387.0 37672.0 180.17 171.85 172.0 171.74 171.85 10.0 171.9 91.0 37672.0 31080.0 6592.0 0.0 171.8244
15:26:00 257.0 13025.0 180.17 172.32 172.33 171.87 172.29 218.0 172.34 13.0 13025.0 9693.0 3332.0 0.0 172.1042
15:27:00 291.0 9058.0 180.17 172.36 172.41 172.11 172.35 743.0 172.38 21.0 9058.0 4587.0 4471.0 0.0 172.2498
15:28:00 356.0 10352.0 180.17 172.6 172.6 172.21 172.55 21.0 172.59 18.0 10352.0 4215.0 6137.0 0.0 172.3884
15:29:00 284.0 10550.0 180.17 172.52 172.6 172.42 172.5 50.0 172.53 254.0 10550.0 6062.0 4488.0 0.0 172.5166
15:30:00 233.0 9580.0 180.17 172.59 172.76 172.52 172.56 130.0 172.65 41.0 9580.0 4649.0 4931.0 0.0 172.635
15:31:00 314.0 8856.0 180.17 172.0 172.56 172.0 172.0 121.0 172.06 46.0 8856.0 3225.0 5631.0 0.0 172.3064
15:32:00 387.0 15613.0 180.17 171.9 172.07 171.84 171.86 41.0 171.97 50.0 15613.0 10798.0 4815.0 0.0 171.9385
15:33:00 280.0 9153.0 180.17 171.56 171.97 171.54 171.55 15.0 171.59 552.0 9153.0 3540.0 5613.0 0.0 171.7406
15:34:00 414.0 16808.0 180.17 171.6 171.7 171.52 171.59 247.0 171.64 111.0 16808.0 9926.0 6882.0 0.0 171.6306
15:35:00 343.0 10829.0 180.17 171.63 171.73 171.535 171.62 23.0 171.65 206.0 10829.0 5869.0 4960.0 0.0 171.6092
15:36:00 632.0 19582.0 180.17 171.32 171.65 171.26 171.32 400.0 171.34 18.0 19582.0 6310.0 13272.0 0.0 171.4375
15:37:00 354.0 12410.0 180.17 171.39 171.48 171.21 171.39 100.0 171.41 107.0 12410.0 4974.0 7436.0 0.0 171.3496
15:38:00 398.0 15565.0 180.17 171.35 171.47 171.3 171.31 35.0 171.36 21.0 15565.0 5479.0 10086.0 0.0 171.3701
15:39:00 477.0 20845.0 180.17 171.2 171.31 171.12 171.2 462.0 171.22 143.0 20845.0 6103.0 14742.0 0.0 171.2166
15:40:00 937.0 27620.0 180.17 170.98 171.22 170.97 170.97 17.0 171.01 253.0 27620.0 6753.0 20867.0 0.0 171.061
15:41:00 415.0 12540.0 180.17 171.06 171.19 170.93 171.06 30.0 171.12 293.0 12540.0 5803.0 6737.0 0.0 171.0443
15:42:00 715.0 33650.0 180.17 171.1 171.12 170.82 171.06 20.0 171.13 100.0 33650.0 12020.0 21630.0 0.0 170.9427
15:43:00 422.0 14750.0 180.17 170.885 171.08 170.85 170.87 114.0 170.92 300.0 14750.0 2893.0 11857.0 0.0 170.9411
15:44:00 380.0 14485.0 180.17 171.09 171.14 170.885 171.07 430.0 171.11 410.0 14485.0 7274.0 7211.0 0.0 171.0314
15:45:00 787.0 39140.0 180.17 171.03 171.13 170.96 171.0 220.0 171.04 450.0 39140.0 5744.0 33396.0 0.0 171.0129
15:46:00 915.0 32673.0 180.17 170.48 171.01 170.34 170.45 196.0 170.49 266.0 32673.0 15766.0 16907.0 0.0 170.6336
15:47:00 710.0 25353.0 180.17 170.16 170.46 170.08 170.15 105.0 170.18 402.0 25353.0 11202.0 14151.0 0.0 170.2443
15:48:00 707.0 28999.0 180.17 170.35 170.4 170.07 170.34 251.0 170.36 53.0 28999.0 17699.0 11300.0 0.0 170.2425
15:49:00 659.0 29898.0 180.17 170.2 170.41 170.12 170.18 54.0 170.23 250.0 29898.0 17527.0 12371.0 0.0 170.2994
15:50:00 2664.0 86005.0 180.17 170.035 170.2 169.95 170.01 450.0 170.05 184.0 86005.0 21746.0 64259.0 0.0 170.0199
15:51:00 989.0 32834.0 180.17 170.25 170.25 169.98 170.23 50.0 170.25 300.0 32834.0 17212.0 15622.0 0.0 170.1268
15:52:00 1038.0 44102.0 180.17 170.15 170.43 170.11 170.14 20.0 170.15 77.0 44102.0 27201.0 16901.0 0.0 170.2681
15:53:00 1062.0 34380.0 180.17 170.08 170.21 169.94 170.07 5.0 170.08 50.0 34380.0 14008.0 20372.0 0.0 170.0527
15:54:00 1145.0 31752.0 180.17 169.77 170.08 169.77 169.77 152.0 169.78 11.0 31752.0 15692.0 16060.0 0.0 169.9237
15:55:00 1747.0 42500.0 180.17 169.52 169.77 169.43 169.52 65.0 169.53 13.0 42500.0 20248.0 22252.0 0.0 169.6054
15:56:00 1126.0 31128.0 180.17 169.69 169.75 169.51 169.69 41.0 169.7 210.0 31128.0 15134.0 15994.0 0.0 169.6589
15:57:00 1095.0 35255.0 180.17 169.56 169.83 169.53 169.55 360.0 169.57 27.0 35255.0 16270.0 18985.0 0.0 169.6926
15:58:00 1208.0 49113.0 180.17 169.52 169.68 169.5 169.51 631.0 169.52 100.0 49113.0 24775.0 24338.0 0.0 169.6158
15:59:00 1560.0 79179.0 180.17 169.44 169.63 169.35 169.43 260.0 169.44 25.0 79179.0 34313.0 44866.0 0.0 169.5132
16:00:00 1558.0 140082.0 180.17 169.17 169.55 169.06 169.17 17382.0 169.18 20912.0 140082.0 37443.0 102639.0 0.0 169.1917
16:01:00 61.0 805.0 180.17 168.96 169.17 168.96 169.17 5500.0 169.0 165.0 805.0 39.0 766.0 0.0 169.0031
16:02:00 16.0 695.0 180.17 169.0 169.05 168.94 169.17 5500.0 168.94 45.0 695.0 664.0 31.0 0.0 168.9983
16:03:00 12.0 172.0 180.17 168.9 168.94 168.9 169.17 5500.0 168.94 389.0 172.0 156.0 16.0 0.0 168.9376
16:04:00 46.0 424.0 180.17 168.8 168.93 168.8 169.17 5500.0 168.8 59.0 424.0 25.0 399.0 0.0 168.8839
16:05:00 19.0 609.0 180.17 168.68 168.89 168.58 169.17 5500.0 168.7 573.0 609.0 412.0 197.0 0.0 168.6906
16:06:00 38.0 427.0 180.17 168.43 168.68 168.38 169.17 5500.0 168.38 190.0 427.0 62.0 365.0 0.0 168.5384
16:07:00 17.0 343.0 180.17 168.26 168.38 168.26 169.17 5500.0 168.28 44.0 343.0 201.0 142.0 0.0 168.2801
16:08:00 31.0 860.0 180.17 168.29 168.29 168.2 169.17 5500.0 168.29 492.0 860.0 492.0 368.0 0.0 168.2319
16:09:00 37.0 767.0 180.17 168.38 168.38 168.17 169.17 5500.0 168.38 153.0 767.0 533.0 234.0 0.0 168.3038
16:10:00 18.0 152.0 180.17 168.38 168.38 168.25 169.17 5500.0 168.38 631.0 152.0 85.0 67.0 0.0 168.2982
16:11:00 44.0 1742.0 180.17 168.19 168.29 168.18 169.17 5500.0 168.25 459.0 1742.0 1383.0 359.0 0.0 168.1942
16:12:00 34.0 1234.0 180.17 168.38 168.38 168.25 169.17 5500.0 168.38 685.0 1234.0 764.0 470.0 0.0 168.2873
16:13:00 22.0 878.0 180.17 168.5 168.5 168.36 169.17 5500.0 168.5 7243.0 878.0 868.0 10.0 0.0 168.4158
16:14:00 37.0 477.0 180.17 168.49 168.5 168.39 169.17 5500.0 168.5 8187.0 477.0 71.0 406.0 0.0 168.4147
16:15:00 20.0 245.0 180.17 168.4 168.49 168.38 169.17 5500.0 168.4 54.0 245.0 31.0 214.0 0.0 168.3886
16:16:00 54.0 1235.0 180.17 168.5 168.5 168.19 169.17 5500.0 168.49 5.0 1235.0 917.0 318.0 0.0 168.3752
16:17:00 3.0 101.0 180.17 168.48 168.5 168.31 169.17 5500.0 168.48 19.0 101.0 101.0 0.0 0.0 168.4998
16:18:00 227.0 4935.0 180.17 167.9 168.32 167.5 169.17 5500.0 167.94 25.0 4935.0 300.0 4635.0 0.0 168.0251
16:19:00 6.0 27.0 180.17 167.74 167.95 167.74 169.17 5500.0 167.9 54.0 27.0 2.0 25.0 0.0 167.8093
16:20:00 16.0 107.0 180.17 167.88 167.88 167.53 169.17 5500.0 167.9 33.0 107.0 0.0 107.0 0.0 167.7065
16:21:00 41.0 21018.0 180.17 168.0 168.46 167.75 169.17 5500.0 168.48 19.0 21018.0 20997.0 21.0 0.0 167.9987
16:22:00 70.0 1896.0 180.17 167.49 168.02 167.49 169.17 5500.0 167.97 25.0 1896.0 485.0 1411.0 0.0 167.742
16:23:00 205.0 29873.0 180.17 165.8 167.48 165.77 169.17 5500.0 166.89 40.0 29873.0 24663.0 5210.0 0.0 166.0817
16:24:00 35.0 17786.0 180.17 166.14 167.0 165.75 169.17 5500.0 166.24 49.0 17786.0 17655.0 131.0 0.0 166.0026
16:25:00 27.0 348.0 180.17 166.26 167.45 166.26 169.17 5500.0 167.2 15.0 348.0 36.0 312.0 0.0 166.5717
16:26:00 18.0 53.0 180.17 166.5 167.18 166.5 169.17 5500.0 166.8 20.0 53.0 35.0 18.0 0.0 166.8989
16:27:00 342.0 9242.0 180.17 164.75 166.75 164.01 169.17 5500.0 165.0 195.0 9242.0 5.0 9237.0 0.0 165.446
16:28:00 120.0 1897.0 180.17 164.7 165.0 163.74 169.17 5500.0 165.0 130.0 1897.0 1107.0 790.0 0.0 164.6061
16:29:00 47.0 789.0 180.17 164.7 165.0 164.5 169.17 5500.0 164.8 14.0 789.0 297.0 492.0 0.0 164.8306
16:30:00 36.0 469.0 180.17 164.78 164.98 164.51 169.17 5500.0 164.8 780.0 469.0 15.0 454.0 0.0 164.6776
16:31:00 59.0 787.0 180.17 164.8 165.0 164.5 169.17 5500.0 165.0 172.0 787.0 302.0 485.0 0.0 164.7583
16:32:00 47.0 1408.0 180.17 164.84 165.24 164.55 169.17 5500.0 164.95 10.0 1408.0 257.0 1151.0 0.0 164.8843
16:33:00 32.0 1867.0 180.17 164.96 165.0 164.7 169.17 5500.0 164.99 575.0 1867.0 1637.0 230.0 0.0 164.974
16:34:00 212.0 12527.0 180.17 163.9 164.99 162.88 169.17 5500.0 164.67 50.0 12527.0 8033.0 4494.0 0.0 163.4551
16:35:00 42.0 530.0 180.17 164.49 164.69 163.15 169.17 5500.0 164.75 200.0 530.0 147.0 383.0 0.0 164.2741
16:36:00 33.0 475.0 180.17 164.6 164.95 164.49 169.17 5500.0 164.99 271.0 475.0 437.0 38.0 0.0 164.8375
16:37:00 21.0 713.0 180.17 164.98 165.01 164.66 169.17 5500.0 164.82 7.0 713.0 615.0 98.0 0.0 164.9973
16:38:00 30.0 1583.0 180.17 165.0 165.0 164.7 169.17 5500.0 165.85 200.0 1583.0 1520.0 63.0 0.0 164.9734
16:39:00 46.0 199.0 180.17 165.38 165.75 165.0 169.17 5500.0 165.53 10.0 199.0 177.0 22.0 0.0 165.3156
16:40:00 33.0 631.0 180.17 165.4 165.52 165.4 169.17 5500.0 165.49 30.0 631.0 0.0 631.0 0.0 165.4984
16:41:00 48.0 2043.0 180.17 165.4 165.5 165.25 169.17 5500.0 165.45 50.0 2043.0 113.0 1930.0 0.0 165.4325
16:42:00 24.0 91.0 180.17 165.25 165.49 165.1 169.17 5500.0 165.4 51.0 91.0 89.0 2.0 0.0 165.4341
16:43:00 37.0 1786.0 180.17 165.77 165.8 165.18 169.17 5500.0 165.77 17.0 1786.0 1717.0 69.0 0.0 165.355
16:44:00 20.0 38.0 180.17 165.79 165.79 165.51 169.17 5500.0 165.8 15.0 38.0 37.0 1.0 0.0 165.7326
16:45:00 13.0 70.0 180.17 165.77 165.79 165.56 169.17 5500.0 165.78 10.0 70.0 0.0 70.0 0.0 165.7376
16:46:00 18.0 54.0 180.17 165.7 165.94 165.66 169.17 5500.0 165.78 10.0 54.0 5.0 49.0 0.0 165.748
16:47:00 16.0 243.0 180.17 165.9 165.9 165.65 169.17 5500.0 165.9 121.0 243.0 42.0 201.0 0.0 165.828
16:48:00 19.0 254.0 180.17 165.8 165.94 165.8 169.17 5500.0 165.94 37.0 254.0 119.0 135.0 0.0 165.8635
16:49:00 39.0 133.0 180.17 165.65 165.94 165.65 169.17 5500.0 165.8 417.0 133.0 1.0 132.0 0.0 165.7474
16:50:00 40.0 647.0 180.17 165.52 165.8 165.5 169.17 5500.0 165.75 100.0 647.0 456.0 191.0 0.0 165.6049
16:51:00 25.0 22.0 180.17 165.7 165.74 165.57 169.17 5500.0 165.7 16.0 22.0 4.0 18.0 0.0 165.7036
16:52:00 36.0 339.0 180.17 165.3 165.7 165.3 169.17 5500.0 165.5 456.0 339.0 328.0 11.0 0.0 165.5017
16:53:00 8.0 27.0 180.17 165.48 165.5 165.35 169.17 5500.0 165.5 435.0 27.0 26.0 1.0 0.0 165.4944
16:54:00 21.0 136.0 180.17 165.4 165.48 165.22 169.17 5500.0 165.4 90.0 136.0 24.0 112.0 0.0 165.2912
16:55:00 29.0 592.0 180.17 165.43 165.5 165.2 169.17 5500.0 165.5 763.0 592.0 99.0 493.0 0.0 165.2561
16:56:00 33.0 334.0 180.17 165.5 165.5 165.21 169.17 5500.0 165.5 857.0 334.0 189.0 145.0 0.0 165.325
16:57:00 7.0 214.0 180.17 165.5 165.5 165.44 169.17 5500.0 165.5 39.0 214.0 214.0 0.0 0.0 165.5
16:58:00 28.0 558.0 180.17 165.7 165.7 165.4 169.17 5500.0 165.7 11.0 558.0 542.0 16.0 0.0 165.5502
16:59:00 76.0 2283.0 180.17 165.2 165.95 165.2 169.17 5500.0 165.2 423.0 2283.0 1720.0 563.0 0.0 165.6409
17:00:00 19.0 605.0 180.17 165.45 165.95 165.2 169.17 5500.0 165.5 1000.0 605.0 573.0 32.0 0.0 165.4074
