time trade_count trade_volume trade_first trade_last trade_high trade_low bid_price bid_size ask_price ask_size hid_vol buy_vol sell_vol unsided_vol vwap
09:00:00 nan 100.0 205.25 205.25 205.25 205.25 205.11 100.0 205.29 100.0 100.0 0.0 100.0 0.0 205.25
09:01:00 5.0 127.0 205.25 205.2 205.2 205.14 205.11 100.0 205.25 100.0 127.0 0.0 127.0 0.0 205.2
09:02:00 88.0 2562.0 205.25 204.8 205.16 204.8 204.75 100.0 205.06 135.0 2562.0 107.0 2455.0 0.0 204.9787
09:03:00 11.0 310.0 205.25 204.63 204.75 204.63 204.6 10.0 204.72 6.0 310.0 130.0 180.0 0.0 204.7306
09:04:00 4.0 16.0 205.25 204.75 204.75 204.62 204.64 75.0 204.95 120.0 16.0 6.0 10.0 0.0 204.7388
09:05:00 13.0 87.0 205.25 204.61 204.69 204.6 204.6 606.0 204.7 612.0 87.0 8.0 79.0 0.0 204.6382
09:06:00 17.0 648.0 205.25 204.69 204.7 204.6 204.7 180.0 204.95 41.0 648.0 615.0 33.0 0.0 204.6947
09:07:00 4.0 0.0 205.25 204.83 204.83 204.71 204.7 180.0 204.9 135.0 nan 0.0 0.0 0.0 nan
09:08:00 1.0 135.0 205.25 204.82 204.82 204.82 204.7 188.0 204.95 15.0 135.0 135.0 0.0 0.0 204.82
09:09:00 4.0 0.0 205.25 204.85 204.85 204.72 204.8 2.0 204.94 4.0 nan 0.0 0.0 0.0 nan
09:10:00 3.0 21.0 205.25 204.85 204.85 204.8 204.85 1.0 204.95 1.0 21.0 18.0 3.0 0.0 204.8024
09:11:00 1.0 0.0 205.25 204.89 204.89 204.89 204.85 1.0 204.95 1.0 nan 0.0 0.0 0.0 nan
09:12:00 25.0 358.0 205.25 205.0 205.0 204.88 204.95 22.0 205.0 121.0 358.0 355.0 3.0 0.0 204.9986
09:13:00 26.0 0.0 205.25 204.99 204.99 204.93 204.9 300.0 205.0 121.0 nan 0.0 0.0 0.0 nan
09:14:00 1.0 0.0 205.25 205.08 205.08 205.08 205.0 101.0 205.15 20.0 nan 0.0 0.0 0.0 nan
09:15:00 1.0 1.0 205.25 205.15 205.15 205.15 205.01 100.0 205.15 118.0 1.0 1.0 0.0 0.0 205.15
09:16:00 15.0 149.0 205.25 205.25 205.25 205.15 205.15 2.0 205.25 100.0 149.0 149.0 0.0 0.0 205.1601
09:17:00 4.0 200.0 205.25 205.29 205.29 205.25 205.15 2.0 205.38 25.0 200.0 200.0 0.0 0.0 205.27
09:18:00 23.0 58.0 205.25 205.38 205.5 205.02 205.01 207.0 205.5 686.0 58.0 46.0 12.0 0.0 205.3276
09:19:00 1.0 0.0 205.25 205.15 205.15 205.15 205.01 107.0 205.5 686.0 nan 0.0 0.0 0.0 nan
09:20:00 0.0 0.0 205.25 205.15 nan nan 205.01 107.0 205.5 686.0 nan 0.0 0.0 0.0 nan
09:21:00 1.0 2.0 205.25 205.25 205.25 205.25 205.3 13.0 205.5 686.0 2.0 2.0 0.0 0.0 205.25
09:22:00 2.0 13.0 205.25 205.3 205.3 205.3 205.26 2.0 205.39 40.0 13.0 0.0 13.0 0.0 205.3
09:23:00 0.0 0.0 205.25 205.3 nan nan 205.26 2.0 205.5 196.0 nan 0.0 0.0 0.0 nan
09:24:00 0.0 0.0 205.25 205.3 nan nan 205.26 2.0 205.5 196.0 nan 0.0 0.0 0.0 nan
09:25:00 0.0 0.0 205.25 205.3 nan nan 205.26 2.0 205.5 196.0 nan 0.0 0.0 0.0 nan
09:26:00 2.0 0.0 205.25 205.49 205.49 205.49 205.3 10.0 205.5 383.0 nan 0.0 0.0 0.0 nan
09:27:00 0.0 0.0 205.25 205.49 nan nan 205.3 10.0 205.5 434.0 nan 0.0 0.0 0.0 nan
09:28:00 5.0 186.0 205.25 205.5 205.5 205.31 205.4 200.0 205.5 148.0 186.0 186.0 0.0 0.0 205.5
09:29:00 10.0 117.0 205.25 205.96 205.96 205.5 205.55 50.0 205.96 20.0 117.0 117.0 0.0 0.0 205.6274
09:30:00 26.0 338.0 205.25 205.1 205.96 205.1 205.03 15.0 205.43 200.0 338.0 105.0 233.0 0.0 205.2493
09:31:00 1196.0 22989.0 205.25 205.44 206.15 204.96 205.41 3.0 205.51 211.0 22989.0 7241.0 15748.0 0.0 205.3081
09:32:00 268.0 7724.0 205.25 205.57 205.79 205.26 205.51 25.0 205.8 172.0 7724.0 5250.0 2474.0 0.0 205.4635
09:33:00 237.0 8899.0 205.25 205.31 205.74 204.9 205.2 40.0 205.48 25.0 8899.0 1180.0 7719.0 0.0 205.1703
09:34:00 373.0 11368.0 205.25 204.16 205.4 204.09 204.15 5.0 204.28 4.0 11368.0 1476.0 9892.0 0.0 204.5836
09:35:00 346.0 12423.0 205.25 203.8 204.27 203.68 203.69 459.0 203.84 195.0 12423.0 3176.0 9247.0 0.0 203.9605
09:36:00 323.0 14373.0 205.25 203.88 204.07 203.13 203.83 232.0 204.05 825.0 14373.0 8214.0 6159.0 0.0 203.4647
09:37:00 319.0 11420.0 205.25 204.6 204.91 203.72 204.59 100.0 204.78 25.0 11420.0 6289.0 5131.0 0.0 204.4276
09:38:00 226.0 5746.0 205.25 204.3 204.66 204.1 204.2 25.0 204.37 200.0 5746.0 2010.0 3736.0 0.0 204.322
09:39:00 354.0 9494.0 205.25 204.185 204.63 204.05 204.03 25.0 204.23 100.0 9494.0 3312.0 6182.0 0.0 204.3086
09:40:00 192.0 7474.0 205.25 204.06 204.08 203.77 203.93 49.0 204.11 250.0 7474.0 2609.0 4865.0 0.0 203.9387
09:41:00 244.0 7433.0 205.25 204.71 205.04 204.0 204.67 200.0 204.83 25.0 7433.0 5701.0 1732.0 0.0 204.6434
09:42:00 208.0 4485.0 205.25 204.75 204.88 204.62 204.64 223.0 204.71 100.0 4485.0 1701.0 2784.0 0.0 204.7686
09:43:00 265.0 7217.0 205.25 205.01 205.16 204.63 204.9 25.0 205.03 100.0 7217.0 3301.0 3916.0 0.0 204.8056
09:44:00 210.0 7180.0 205.25 204.95 205.25 204.95 204.9 65.0 205.0 125.0 7180.0 1888.0 5292.0 0.0 205.0455
09:45:00 230.0 8083.0 205.25 205.02 205.02 204.58 204.93 25.0 205.04 1.0 8083.0 4814.0 3269.0 0.0 204.7755
09:46:00 282.0 6800.0 205.25 205.24 205.29 204.81 205.19 45.0 205.29 18.0 6800.0 3827.0 2973.0 0.0 205.007
09:47:00 179.0 4689.0 205.25 205.48 205.68 205.28 205.44 29.0 205.5 501.0 4689.0 3462.0 1227.0 0.0 205.4804
09:48:00 172.0 4267.0 205.25 205.45 205.54 205.23 205.43 33.0 205.5 132.0 4267.0 3058.0 1209.0 0.0 205.4088
09:49:00 214.0 5359.0 205.25 205.25 205.43 204.96 205.22 25.0 205.29 600.0 5359.0 1343.0 4016.0 0.0 205.1761
09:50:00 144.0 3879.0 205.25 205.06 205.44 205.06 205.06 25.0 205.18 1.0 3879.0 2502.0 1377.0 0.0 205.2807
09:51:00 187.0 3131.0 205.25 204.58 205.29 204.58 204.55 100.0 204.66 13.0 3131.0 874.0 2257.0 0.0 204.851
09:52:00 146.0 4502.0 205.25 204.46 204.8 204.4 204.39 200.0 204.48 125.0 4502.0 1352.0 3150.0 0.0 204.6217
09:53:00 196.0 6648.0 205.25 204.2 204.46 204.06 204.11 6.0 204.19 608.0 6648.0 2024.0 4624.0 0.0 204.277
09:54:00 211.0 5664.0 205.25 204.22 204.26 204.04 204.19 29.0 204.27 45.0 5664.0 3405.0 2259.0 0.0 204.1543
09:55:00 158.0 3833.0 205.25 204.22 204.59 204.14 204.22 101.0 204.32 220.0 3833.0 1668.0 2165.0 0.0 204.2951
09:56:00 193.0 3805.0 205.25 204.38 204.69 204.14 204.43 25.0 204.56 11.0 3805.0 1471.0 2334.0 0.0 204.3221
09:57:00 158.0 1869.0 205.25 204.36 204.84 204.32 204.31 4.0 204.43 302.0 1869.0 1190.0 679.0 0.0 204.6884
09:58:00 208.0 5857.0 205.25 204.615 204.615 204.09 204.53 200.0 204.69 11.0 5857.0 3511.0 2346.0 0.0 204.3371
09:59:00 113.0 2333.0 205.25 204.7 204.94 204.54 204.63 250.0 204.71 12.0 2333.0 1495.0 838.0 0.0 204.7421
10:00:00 171.0 2618.0 205.25 204.66 204.87 204.51 204.55 25.0 204.7 25.0 2618.0 950.0 1668.0 0.0 204.7224
10:01:00 208.0 5981.0 205.25 205.41 205.47 204.58 205.3 25.0 205.43 25.0 5981.0 4406.0 1575.0 0.0 205.0999
10:02:00 317.0 8131.0 205.25 205.11 205.52 204.95 205.04 225.0 205.14 56.0 8131.0 4259.0 3872.0 0.0 205.3348
10:03:00 277.0 5384.0 205.25 204.66 205.32 204.43 204.64 25.0 204.76 26.0 5384.0 2215.0 3169.0 0.0 204.6911
10:04:00 171.0 7033.0 205.25 204.67 204.7 204.34 204.65 15.0 204.74 115.0 7033.0 2038.0 4995.0 0.0 204.468
10:05:00 214.0 5277.0 205.25 204.74 205.05 204.62 204.76 25.0 204.85 27.0 5277.0 2880.0 2397.0 0.0 204.8675
10:06:00 125.0 3718.0 205.25 205.07 205.26 204.8 205.04 25.0 205.1 116.0 3718.0 2410.0 1308.0 0.0 205.0069
10:07:00 111.0 2870.0 205.25 204.96 205.18 204.86 204.9 152.0 205.02 13.0 2870.0 1173.0 1697.0 0.0 205.0734
10:08:00 211.0 3438.0 205.25 205.08 205.12 204.91 205.04 12.0 205.12 142.0 3438.0 947.0 2491.0 0.0 205.0105
10:09:00 250.0 8426.0 205.25 205.26 205.37 204.98 205.21 500.0 205.3 229.0 8426.0 4029.0 4397.0 0.0 205.1712
10:10:00 133.0 2462.0 205.25 204.6 205.27 204.6 204.58 1.0 204.66 3.0 2462.0 409.0 2053.0 0.0 204.9568
10:11:00 244.0 12703.0 205.25 204.12 204.74 204.04 204.12 500.0 204.19 125.0 12703.0 2877.0 9826.0 0.0 204.317
10:12:00 151.0 5020.0 205.25 204.28 204.37 204.07 204.25 141.0 204.34 100.0 5020.0 2960.0 2060.0 0.0 204.1909
10:13:00 120.0 2783.0 205.25 204.62 204.62 204.22 204.53 325.0 204.64 129.0 2783.0 1568.0 1215.0 0.0 204.3915
10:14:00 257.0 6901.0 205.25 205.46 205.46 204.64 205.41 58.0 205.47 2.0 6901.0 3514.0 3387.0 0.0 205.2896
10:15:00 259.0 8784.0 205.25 205.43 205.58 205.19 205.41 325.0 205.47 4.0 8784.0 6006.0 2778.0 0.0 205.4117
10:16:00 196.0 6396.0 205.25 205.87 205.87 205.44 205.83 252.0 205.88 1052.0 6396.0 4373.0 2023.0 0.0 205.7362
10:17:00 213.0 9664.0 205.25 206.01 206.04 205.79 206.0 12.0 206.05 1.0 9664.0 8099.0 1565.0 0.0 205.9153
10:18:00 101.0 4112.0 205.25 205.71 206.04 205.61 205.66 28.0 205.75 34.0 4112.0 1546.0 2566.0 0.0 205.8027
10:19:00 124.0 4445.0 205.25 205.9 205.9 205.53 205.85 400.0 205.91 29.0 4445.0 3008.0 1437.0 0.0 205.7267
10:20:00 65.0 3125.0 205.25 205.86 205.95 205.7 205.88 125.0 205.96 80.0 3125.0 416.0 2709.0 0.0 205.8416
10:21:00 205.0 8817.0 205.25 206.13 206.18 205.67 206.1 225.0 206.17 3.0 8817.0 6195.0 2622.0 0.0 205.9332
10:22:00 112.0 4379.0 205.25 206.12 206.33 206.08 206.09 24.0 206.16 350.0 4379.0 2659.0 1720.0 0.0 206.1984
10:23:00 150.0 4944.0 205.25 206.1 206.33 206.05 206.05 300.0 206.13 150.0 4944.0 1882.0 3062.0 0.0 206.188
10:24:00 145.0 5589.0 205.25 205.9 206.21 205.87 205.81 25.0 205.91 25.0 5589.0 1276.0 4313.0 0.0 206.0554
10:25:00 99.0 4316.0 205.25 205.88 206.17 205.88 205.83 125.0 205.92 25.0 4316.0 3468.0 848.0 0.0 205.9872
10:26:00 57.0 3142.0 205.25 205.85 206.01 205.68 205.79 25.0 205.91 52.0 3142.0 746.0 2396.0 0.0 205.7879
10:27:00 130.0 5364.0 205.25 206.24 206.33 205.88 206.19 25.0 206.27 351.0 5364.0 4417.0 947.0 0.0 206.1371
10:28:00 114.0 5111.0 205.25 206.02 206.27 206.0 205.96 150.0 206.06 25.0 5111.0 2707.0 2404.0 0.0 206.1312
10:29:00 101.0 2864.0 205.25 205.78 206.05 205.76 205.74 288.0 205.84 25.0 2864.0 1093.0 1771.0 0.0 205.9084
10:30:00 288.0 13026.0 205.25 204.99 205.75 204.91 204.96 125.0 205.07 25.0 13026.0 3001.0 10025.0 0.0 205.3887
10:31:00 195.0 6564.0 205.25 205.19 205.22 204.99 205.15 125.0 205.27 51.0 6564.0 2020.0 4544.0 0.0 205.1192
10:32:00 232.0 9345.0 205.25 205.33 205.45 205.01 205.25 33.0 205.32 100.0 9345.0 1776.0 7569.0 0.0 205.203
10:33:00 90.0 2768.0 205.25 205.27 205.28 205.11 205.18 125.0 205.27 50.0 2768.0 1370.0 1398.0 0.0 205.1766
10:34:00 131.0 5308.0 205.25 205.25 205.35 205.14 205.27 100.0 205.34 25.0 5308.0 2172.0 3136.0 0.0 205.2661
10:35:00 128.0 4063.0 205.25 205.5 205.55 205.19 205.44 5.0 205.53 76.0 4063.0 2276.0 1787.0 0.0 205.377
10:36:00 129.0 3206.0 205.25 205.48 205.7 205.35 205.3 25.0 205.42 264.0 3206.0 1276.0 1930.0 0.0 205.502
10:37:00 194.0 6661.0 205.25 205.13 205.45 204.94 205.07 240.0 205.14 178.0 6661.0 1748.0 4913.0 0.0 205.0805
10:38:00 131.0 5850.0 205.25 204.86 205.12 204.74 204.79 25.0 204.89 25.0 5850.0 1205.0 4645.0 0.0 204.9543
10:39:00 149.0 6646.0 205.25 204.3 204.89 204.3 204.27 100.0 204.33 200.0 6646.0 2074.0 4572.0 0.0 204.4669
10:40:00 206.0 6262.0 205.25 204.5 204.5 204.19 204.47 100.0 204.52 25.0 6262.0 3219.0 3043.0 0.0 204.3103
10:41:00 87.0 1587.0 205.25 204.47 204.69 204.41 204.44 109.0 204.52 130.0 1587.0 605.0 982.0 0.0 204.5251
10:42:00 107.0 4633.0 205.25 204.52 204.6 204.28 204.46 200.0 204.55 225.0 4633.0 1596.0 3037.0 0.0 204.4075
10:43:00 54.0 3125.0 205.25 204.3 204.46 204.26 204.28 100.0 204.36 150.0 3125.0 225.0 2900.0 0.0 204.3465
10:44:00 149.0 6390.0 205.25 204.16 204.28 204.01 204.13 4.0 204.2 125.0 6390.0 2229.0 4161.0 0.0 204.1046
10:45:00 142.0 4939.0 205.25 204.13 204.2 204.0 204.11 140.0 204.19 130.0 4939.0 2063.0 2876.0 0.0 204.1094
10:46:00 395.0 17899.0 205.25 203.87 204.11 203.65 203.85 201.0 203.93 214.0 17899.0 4331.0 13568.0 0.0 203.9008
10:47:00 108.0 5701.0 205.25 203.71 203.86 203.58 203.69 245.0 203.78 1.0 5701.0 2407.0 3294.0 0.0 203.73
10:48:00 103.0 3808.0 205.25 203.86 203.86 203.58 203.8 113.0 203.83 200.0 3808.0 2196.0 1612.0 0.0 203.7291
10:49:00 205.0 7642.0 205.25 203.91 204.22 203.74 203.9 111.0 203.97 150.0 7642.0 4198.0 3444.0 0.0 204.0169
10:50:00 90.0 3166.0 205.25 203.97 203.97 203.75 203.95 7.0 204.02 225.0 3166.0 2185.0 981.0 0.0 203.8837
10:51:00 151.0 3547.0 205.25 203.96 204.15 203.93 203.94 26.0 204.01 425.0 3547.0 1082.0 2465.0 0.0 204.0244
10:52:00 167.0 5094.0 205.25 203.89 204.08 203.86 203.88 327.0 203.93 118.0 5094.0 3646.0 1448.0 0.0 203.9241
10:53:00 150.0 4752.0 205.25 204.05 204.07 203.82 204.02 36.0 204.1 200.0 4752.0 2636.0 2116.0 0.0 203.9476
10:54:00 287.0 6907.0 205.25 204.32 204.32 204.01 204.27 25.0 204.33 1.0 6907.0 3871.0 3036.0 0.0 204.1192
10:55:00 145.0 3225.0 205.25 204.35 204.35 204.08 204.3 359.0 204.39 25.0 3225.0 1696.0 1529.0 0.0 204.2343
10:56:00 273.0 7286.0 205.25 204.21 204.3 203.945 204.16 25.0 204.26 1.0 7286.0 2403.0 4883.0 0.0 204.1279
10:57:00 113.0 3560.0 205.25 204.3 204.4 204.03 204.23 220.0 204.35 328.0 3560.0 2199.0 1361.0 0.0 204.2365
10:58:00 94.0 2204.0 205.25 204.11 204.41 204.0 204.06 220.0 204.15 201.0 2204.0 892.0 1312.0 0.0 204.1607
10:59:00 189.0 5021.0 205.25 203.84 204.06 203.82 203.82 3.0 203.87 27.0 5021.0 968.0 4053.0 0.0 203.9062
11:00:00 145.0 6809.0 205.25 203.7 203.93 203.64 203.69 306.0 203.76 350.0 6809.0 1254.0 5555.0 0.0 203.7857
11:01:00 169.0 5323.0 205.25 203.84 203.91 203.53 203.77 125.0 203.84 192.0 5323.0 2281.0 3042.0 0.0 203.6846
11:02:00 132.0 2886.0 205.25 204.08 204.17 203.7 204.01 125.0 204.09 200.0 2886.0 1627.0 1259.0 0.0 203.973
11:03:00 106.0 3268.0 205.25 204.32 204.5 204.06 204.24 1.0 204.36 25.0 3268.0 2121.0 1147.0 0.0 204.2746
11:04:00 104.0 2703.0 205.25 204.43 204.57 204.31 204.45 25.0 204.53 15.0 2703.0 2218.0 485.0 0.0 204.4107
11:05:00 64.0 1508.0 205.25 204.31 204.54 204.31 204.31 102.0 204.39 956.0 1508.0 731.0 777.0 0.0 204.43
11:06:00 88.0 5116.0 205.25 204.17 204.41 204.16 204.09 50.0 204.19 526.0 5116.0 1255.0 3861.0 0.0 204.3123
11:07:00 99.0 3923.0 205.25 204.34 204.35 204.01 204.32 130.0 204.4 134.0 3923.0 2952.0 971.0 0.0 204.1604
11:08:00 62.0 1393.0 205.25 204.02 204.32 204.02 204.01 89.0 204.08 259.0 1393.0 528.0 865.0 0.0 204.1812
11:09:00 67.0 1696.0 205.25 204.38 204.43 204.07 204.33 25.0 204.42 125.0 1696.0 1233.0 463.0 0.0 204.2709
11:10:00 52.0 875.0 205.25 204.11 204.32 204.11 204.07 90.0 204.18 200.0 875.0 320.0 555.0 0.0 204.1639
11:11:00 199.0 12058.0 205.25 203.69 204.16 203.52 203.65 200.0 203.71 25.0 12058.0 4460.0 7598.0 0.0 203.8107
11:12:00 104.0 5704.0 205.25 203.56 203.76 203.51 203.54 234.0 203.57 104.0 5704.0 1030.0 4674.0 0.0 203.5772
11:13:00 201.0 9064.0 205.25 203.53 203.71 203.4 203.51 241.0 203.58 172.0 9064.0 2329.0 6735.0 0.0 203.506
11:14:00 83.0 2782.0 205.25 203.87 204.01 203.58 203.87 100.0 203.96 25.0 2782.0 1982.0 800.0 0.0 203.874
11:15:00 64.0 2718.0 205.25 203.53 203.97 203.52 203.51 1.0 203.57 400.0 2718.0 659.0 2059.0 0.0 203.7052
11:16:00 158.0 10030.0 205.25 203.56 203.59 203.41 203.51 218.0 203.58 105.0 10030.0 3180.0 6850.0 0.0 203.4753
11:17:00 104.0 5329.0 205.25 204.0 204.0 203.49 203.96 255.0 204.03 233.0 5329.0 4767.0 562.0 0.0 203.7679
11:18:00 91.0 2003.0 205.25 204.05 204.18 204.03 204.01 391.0 204.07 100.0 2003.0 1063.0 940.0 0.0 204.1053
11:19:00 107.0 2532.0 205.25 203.95 204.15 203.86 203.9 47.0 203.98 325.0 2532.0 859.0 1673.0 0.0 203.9549
11:20:00 75.0 1443.0 205.25 204.02 204.15 203.98 204.01 4.0 204.05 25.0 1443.0 722.0 721.0 0.0 204.063
11:21:00 60.0 1907.0 205.25 203.94 204.15 203.94 203.94 573.0 204.02 100.0 1907.0 451.0 1456.0 0.0 204.0955
11:22:00 65.0 1910.0 205.25 203.72 204.04 203.7 203.67 115.0 203.73 325.0 1910.0 441.0 1469.0 0.0 203.8215
11:23:00 87.0 3538.0 205.25 203.65 203.72 203.53 203.6 10.0 203.68 225.0 3538.0 1896.0 1642.0 0.0 203.6336
11:24:00 90.0 3809.0 205.25 204.03 204.04 203.61 204.02 149.0 204.08 5.0 3809.0 3329.0 480.0 0.0 203.9257
11:25:00 136.0 3852.0 205.25 203.94 204.09 203.85 203.87 208.0 203.94 96.0 3852.0 1785.0 2067.0 0.0 203.9516
11:26:00 107.0 5243.0 205.25 204.37 204.37 203.93 204.33 6.0 204.4 229.0 5243.0 4305.0 938.0 0.0 204.1269
11:27:00 236.0 9633.0 205.25 204.54 204.67 204.21 204.52 284.0 204.6 210.0 9633.0 7132.0 2501.0 0.0 204.3988
11:28:00 95.0 3757.0 205.25 204.64 204.74 204.59 204.6 975.0 204.69 325.0 3757.0 2704.0 1053.0 0.0 204.6504
11:29:00 86.0 3073.0 205.25 204.55 204.69 204.37 204.53 100.0 204.61 154.0 3073.0 1294.0 1779.0 0.0 204.5467
11:30:00 64.0 1507.0 205.25 204.27 204.53 204.2 204.24 183.0 204.31 142.0 1507.0 233.0 1274.0 0.0 204.3159
11:31:00 67.0 2177.0 205.25 204.16 204.32 204.1 204.12 231.0 204.21 250.0 2177.0 692.0 1485.0 0.0 204.2116
11:32:00 130.0 4440.0 205.25 204.65 204.65 204.12 204.57 100.0 204.67 350.0 4440.0 2966.0 1474.0 0.0 204.4028
11:33:00 74.0 3283.0 205.25 204.9 204.94 204.66 204.86 115.0 204.94 50.0 3283.0 1676.0 1607.0 0.0 204.7717
11:34:00 165.0 7388.0 205.25 204.81 205.05 204.7 204.82 29.0 204.9 350.0 7388.0 2796.0 4592.0 0.0 204.9066
11:35:00 164.0 5050.0 205.25 204.92 205.03 204.87 204.9 35.0 204.97 110.0 5050.0 3544.0 1506.0 0.0 204.9558
11:36:00 271.0 12465.0 205.25 205.25 205.35 204.98 205.22 125.0 205.29 200.0 12465.0 9768.0 2697.0 0.0 205.167
11:37:00 117.0 5833.0 205.25 205.2 205.33 205.09 205.19 122.0 205.27 34.0 5833.0 4739.0 1094.0 0.0 205.1859
11:38:00 165.0 4692.0 205.25 205.32 205.39 205.15 205.27 192.0 205.37 330.0 4692.0 2837.0 1855.0 0.0 205.2627
11:39:00 126.0 2815.0 205.25 205.22 205.29 205.1 205.19 250.0 205.25 1.0 2815.0 1103.0 1712.0 0.0 205.2124
11:40:00 129.0 4483.0 205.25 205.4 205.53 205.3 205.39 211.0 205.44 1635.0 4483.0 2377.0 2106.0 0.0 205.4407
11:41:00 181.0 7960.0 205.25 205.59 205.7 205.44 205.62 100.0 205.67 350.0 7960.0 5598.0 2362.0 0.0 205.5665
11:42:00 385.0 17682.0 205.25 205.74 205.78 205.44 205.68 4.0 205.74 25.0 17682.0 8350.0 9332.0 0.0 205.669
11:43:00 82.0 4090.0 205.25 205.49 205.75 205.43 205.47 225.0 205.53 20.0 4090.0 1024.0 3066.0 0.0 205.544
11:44:00 49.0 2293.0 205.25 205.59 205.59 205.52 205.53 1.0 205.59 25.0 2293.0 1479.0 814.0 0.0 205.5596
11:45:00 93.0 3780.0 205.25 205.49 205.65 205.49 205.49 35.0 205.53 225.0 3780.0 1766.0 2014.0 0.0 205.5779
11:46:00 201.0 6911.0 205.25 205.66 205.67 205.41 205.63 50.0 205.69 133.0 6911.0 3861.0 3050.0 0.0 205.5003
11:47:00 181.0 9979.0 205.25 205.82 205.93 205.64 205.82 20.0 205.9 300.0 9979.0 6079.0 3900.0 0.0 205.8103
11:48:00 34.0 1154.0 205.25 205.71 205.88 205.71 205.67 4.0 205.71 1.0 1154.0 408.0 746.0 0.0 205.8069
11:49:00 40.0 1136.0 205.25 205.46 205.68 205.42 205.43 25.0 205.48 2.0 1136.0 477.0 659.0 0.0 205.5213
11:50:00 65.0 1409.0 205.25 205.39 205.51 205.31 205.36 125.0 205.4 3.0 1409.0 431.0 978.0 0.0 205.3804
11:51:00 159.0 4396.0 205.25 205.31 205.38 205.23 205.28 844.0 205.36 141.0 4396.0 1561.0 2835.0 0.0 205.294
11:52:00 83.0 2908.0 205.25 205.33 205.41 205.26 205.31 800.0 205.39 103.0 2908.0 1539.0 1369.0 0.0 205.3294
11:53:00 62.0 1930.0 205.25 205.21 205.39 205.17 205.17 119.0 205.23 293.0 1930.0 463.0 1467.0 0.0 205.2277
11:54:00 93.0 2527.0 205.25 205.14 205.27 205.09 205.14 25.0 205.22 300.0 2527.0 1445.0 1082.0 0.0 205.1605
11:55:00 33.0 1078.0 205.25 205.29 205.31 205.17 205.27 132.0 205.33 265.0 1078.0 805.0 273.0 0.0 205.2403
11:56:00 110.0 3519.0 205.25 205.44 205.5 205.29 205.44 125.0 205.49 4.0 3519.0 2017.0 1502.0 0.0 205.3968
11:57:00 85.0 2886.0 205.25 205.53 205.66 205.39 205.47 38.0 205.54 25.0 2886.0 2298.0 588.0 0.0 205.5832
11:58:00 116.0 4492.0 205.25 205.47 205.73 205.47 205.42 100.0 205.5 25.0 4492.0 3008.0 1484.0 0.0 205.6431
11:59:00 39.0 1225.0 205.25 205.3 205.5 205.28 205.27 25.0 205.35 2.0 1225.0 429.0 796.0 0.0 205.3741
12:00:00 56.0 1303.0 205.25 205.11 205.39 205.11 205.12 150.0 205.2 200.0 1303.0 569.0 734.0 0.0 205.271
12:01:00 122.0 5107.0 205.25 205.05 205.32 205.0 204.99 400.0 205.07 219.0 5107.0 1740.0 3367.0 0.0 205.1565
12:02:00 45.0 1766.0 205.25 204.86 205.04 204.86 204.84 225.0 204.92 599.0 1766.0 368.0 1398.0 0.0 204.9959
12:03:00 70.0 4532.0 205.25 204.9 204.96 204.89 204.87 990.0 204.95 301.0 4532.0 3932.0 600.0 0.0 204.9301
12:04:00 137.0 5487.0 205.25 205.0 205.11 204.87 204.97 25.0 205.04 12.0 5487.0 3799.0 1688.0 0.0 204.9759
12:05:00 51.0 1461.0 205.25 205.06 205.16 204.96 205.05 700.0 205.14 25.0 1461.0 867.0 594.0 0.0 205.0496
12:06:00 85.0 2792.0 205.25 205.17 205.25 205.01 205.15 37.0 205.2 50.0 2792.0 491.0 2301.0 0.0 205.1341
12:07:00 94.0 1884.0 205.25 205.08 205.29 205.08 205.08 2.0 205.16 384.0 1884.0 1434.0 450.0 0.0 205.1821
12:08:00 64.0 1601.0 205.25 204.92 205.18 204.92 204.92 10.0 204.99 262.0 1601.0 548.0 1053.0 0.0 205.0346
12:09:00 52.0 1498.0 205.25 204.96 205.05 204.84 204.96 174.0 205.02 105.0 1498.0 903.0 595.0 0.0 204.9425
12:10:00 182.0 12994.0 205.25 205.17 205.34 205.02 205.17 27.0 205.23 25.0 12994.0 9704.0 3290.0 0.0 205.152
12:11:00 48.0 1954.0 205.25 205.04 205.25 205.04 205.04 25.0 205.11 101.0 1954.0 284.0 1670.0 0.0 205.125
12:12:00 110.0 3424.0 205.25 204.98 205.04 204.83 204.95 25.0 205.0 1.0 3424.0 1141.0 2283.0 0.0 204.9748
12:13:00 47.0 1417.0 205.25 205.16 205.2 204.89 205.13 25.0 205.2 45.0 1417.0 824.0 593.0 0.0 205.0868
12:14:00 46.0 1832.0 205.25 205.51 205.51 205.17 205.45 25.0 205.52 202.0 1832.0 1671.0 161.0 0.0 205.3633
12:15:00 110.0 4130.0 205.25 205.61 205.75 205.45 205.56 135.0 205.63 1.0 4130.0 2912.0 1218.0 0.0 205.6473
12:16:00 64.0 1851.0 205.25 205.525 205.64 205.5 205.5 210.0 205.56 52.0 1851.0 910.0 941.0 0.0 205.5529
12:17:00 24.0 586.0 205.25 205.53 205.54 205.48 205.47 611.0 205.53 225.0 586.0 288.0 298.0 0.0 205.5135
12:18:00 88.0 2241.0 205.25 205.48 205.65 205.4 205.42 121.0 205.5 132.0 2241.0 951.0 1290.0 0.0 205.5038
12:19:00 49.0 1419.0 205.25 205.28 205.56 205.28 205.25 25.0 205.31 234.0 1419.0 332.0 1087.0 0.0 205.4242
12:20:00 51.0 1602.0 205.25 205.35 205.35 205.15 205.32 100.0 205.35 1.0 1602.0 984.0 618.0 0.0 205.2484
12:21:00 64.0 2297.0 205.25 205.2 205.35 205.2 205.15 25.0 205.23 367.0 2297.0 632.0 1665.0 0.0 205.2857
12:22:00 48.0 1163.0 205.25 205.27 205.27 205.18 205.24 13.0 205.29 10.0 1163.0 1132.0 31.0 0.0 205.251
12:23:00 50.0 1595.0 205.25 205.47 205.55 205.29 205.43 50.0 205.46 194.0 1595.0 1217.0 378.0 0.0 205.4088
12:24:00 38.0 1214.0 205.25 205.42 205.5 205.41 205.38 138.0 205.44 250.0 1214.0 627.0 587.0 0.0 205.4332
12:25:00 24.0 740.0 205.25 205.59 205.61 205.49 205.56 232.0 205.64 137.0 740.0 432.0 308.0 0.0 205.5474
12:26:00 64.0 2772.0 205.25 205.67 205.69 205.58 205.65 308.0 205.72 1.0 2772.0 2074.0 698.0 0.0 205.6376
12:27:00 45.0 884.0 205.25 205.66 205.72 205.57 205.59 525.0 205.68 110.0 884.0 455.0 429.0 0.0 205.638
12:28:00 108.0 3237.0 205.25 205.66 205.91 205.66 205.61 175.0 205.69 2.0 3237.0 2601.0 636.0 0.0 205.752
12:29:00 55.0 1565.0 205.25 205.69 205.72 205.6 205.65 101.0 205.69 100.0 1565.0 1217.0 348.0 0.0 205.6821
12:30:00 64.0 1885.0 205.25 205.76 205.91 205.69 205.77 25.0 205.84 117.0 1885.0 892.0 993.0 0.0 205.7936
12:31:00 192.0 9227.0 205.25 205.95 206.12 205.85 205.91 340.0 205.98 58.0 9227.0 7241.0 1986.0 0.0 206.0129
12:32:00 71.0 1313.0 205.25 205.71 205.91 205.64 205.65 125.0 205.72 25.0 1313.0 796.0 517.0 0.0 205.7751
12:33:00 55.0 1160.0 205.25 205.55 205.73 205.47 205.47 6.0 205.55 25.0 1160.0 185.0 975.0 0.0 205.5841
12:34:00 80.0 1409.0 205.25 205.65 205.65 205.49 205.6 155.0 205.68 200.0 1409.0 892.0 517.0 0.0 205.5465
12:35:00 67.0 2378.0 205.25 205.64 205.68 205.61 205.61 7.0 205.66 47.0 2378.0 1788.0 590.0 0.0 205.6689
12:36:00 48.0 1249.0 205.25 205.55 205.74 205.52 205.51 2.0 205.56 25.0 1249.0 561.0 688.0 0.0 205.6131
12:37:00 57.0 1128.0 205.25 205.63 205.68 205.49 205.58 59.0 205.66 50.0 1128.0 786.0 342.0 0.0 205.5727
12:38:00 47.0 1694.0 205.25 205.8 205.85 205.65 205.78 25.0 205.85 1.0 1694.0 1385.0 309.0 0.0 205.7971
12:39:00 70.0 1299.0 205.25 205.84 205.89 205.72 205.81 111.0 205.88 150.0 1299.0 512.0 787.0 0.0 205.814
12:40:00 40.0 1447.0 205.25 205.99 205.99 205.81 205.92 302.0 205.98 1.0 1447.0 1081.0 366.0 0.0 205.9237
12:41:00 158.0 10438.0 205.25 206.07 206.15 205.98 206.05 207.0 206.1 200.0 10438.0 7066.0 3372.0 0.0 206.067
12:42:00 58.0 1983.0 205.25 206.05 206.12 205.98 206.02 8.0 206.08 160.0 1983.0 960.0 1023.0 0.0 206.0612
12:43:00 36.0 1142.0 205.25 205.87 206.03 205.85 205.84 7.0 205.9 204.0 1142.0 517.0 625.0 0.0 205.9311
12:44:00 72.0 1808.0 205.25 205.78 205.84 205.63 205.73 50.0 205.76 14.0 1808.0 988.0 820.0 0.0 205.7131
12:45:00 66.0 2403.0 205.25 205.83 205.88 205.76 205.79 350.0 205.85 202.0 2403.0 1248.0 1155.0 0.0 205.8386
12:46:00 100.0 2140.0 205.25 205.7 205.81 205.65 205.65 155.0 205.74 50.0 2140.0 909.0 1231.0 0.0 205.7395
12:47:00 40.0 1486.0 205.25 205.71 205.74 205.64 205.68 150.0 205.75 601.0 1486.0 514.0 972.0 0.0 205.6659
12:48:00 47.0 1785.0 205.25 205.63 205.72 205.63 205.6 54.0 205.65 214.0 1785.0 712.0 1073.0 0.0 205.6708
12:49:00 65.0 3394.0 205.25 205.56 205.65 205.5 205.52 100.0 205.58 321.0 3394.0 1191.0 2203.0 0.0 205.5796
12:50:00 61.0 2262.0 205.25 205.69 205.75 205.58 205.68 238.0 205.71 104.0 2262.0 1098.0 1164.0 0.0 205.6737
12:51:00 78.0 4236.0 205.25 205.53 205.74 205.53 205.53 87.0 205.59 469.0 4236.0 736.0 3500.0 0.0 205.6088
12:52:00 50.0 2972.0 205.25 205.48 205.62 205.48 205.5 64.0 205.54 419.0 2972.0 515.0 2457.0 0.0 205.5569
12:53:00 109.0 3777.0 205.25 205.45 205.52 205.34 205.4 700.0 205.44 158.0 3777.0 1667.0 2110.0 0.0 205.4527
12:54:00 69.0 2701.0 205.25 205.53 205.6 205.42 205.52 161.0 205.57 63.0 2701.0 1908.0 793.0 0.0 205.5324
12:55:00 44.0 2187.0 205.25 205.43 205.54 205.41 205.39 650.0 205.46 206.0 2187.0 499.0 1688.0 0.0 205.4522
12:56:00 56.0 1290.0 205.25 205.44 205.49 205.34 205.44 97.0 205.49 201.0 1290.0 417.0 873.0 0.0 205.4182
12:57:00 55.0 3151.0 205.25 205.62 205.62 205.47 205.6 14.0 205.63 2.0 3151.0 2088.0 1063.0 0.0 205.5227
12:58:00 53.0 1375.0 205.25 205.88 205.91 205.6 205.87 194.0 205.92 191.0 1375.0 978.0 397.0 0.0 205.7541
12:59:00 68.0 2667.0 205.25 205.93 206.0 205.89 205.92 128.0 205.98 456.0 2667.0 2133.0 534.0 0.0 205.9731
13:00:00 90.0 9921.0 205.25 206.03 206.08 205.88 206.03 51.0 206.07 101.0 9921.0 9008.0 913.0 0.0 206.0034
13:01:00 217.0 8709.0 205.25 206.52 206.52 206.05 206.46 257.0 206.53 300.0 8709.0 7680.0 1029.0 0.0 206.2968
13:02:00 124.0 3849.0 205.25 206.45 206.56 206.45 206.46 32.0 206.52 50.0 3849.0 1671.0 2178.0 0.0 206.5068
13:03:00 75.0 2839.0 205.25 206.44 206.55 206.43 206.4 317.0 206.44 56.0 2839.0 894.0 1945.0 0.0 206.4843
13:04:00 150.0 6865.0 205.25 206.65 206.67 206.44 206.63 28.0 206.67 200.0 6865.0 5554.0 1311.0 0.0 206.595
13:05:00 145.0 7436.0 205.25 206.86 206.88 206.66 206.84 8.0 206.86 63.0 7436.0 5453.0 1983.0 0.0 206.77
13:06:00 96.0 4087.0 205.25 206.79 206.88 206.73 206.73 2.0 206.77 283.0 4087.0 1650.0 2437.0 0.0 206.8227
13:07:00 94.0 4161.0 205.25 206.76 206.79 206.67 206.73 50.0 206.79 11.0 4161.0 3169.0 992.0 0.0 206.716
13:08:00 111.0 4578.0 205.25 206.78 206.88 206.75 206.77 21.0 206.83 417.0 4578.0 3302.0 1276.0 0.0 206.8352
13:09:00 47.0 1419.0 205.25 206.78 206.81 206.72 206.76 278.0 206.82 60.0 1419.0 995.0 424.0 0.0 206.7663
13:10:00 90.0 7280.0 205.25 206.88 206.9 206.81 206.83 350.0 206.89 18.0 7280.0 3772.0 3508.0 0.0 206.8778
13:11:00 243.0 8991.0 205.25 207.15 207.15 206.82 207.11 250.0 207.16 1.0 8991.0 7427.0 1564.0 0.0 206.9987
13:12:00 515.0 19688.0 205.25 207.48 207.55 207.09 207.48 200.0 207.5 200.0 19688.0 8609.0 11079.0 0.0 207.3827
13:13:00 106.0 6671.0 205.25 207.47 207.57 207.42 207.42 241.0 207.49 250.0 6671.0 3347.0 3324.0 0.0 207.504
13:14:00 181.0 5147.0 205.25 207.03 207.45 207.0 206.99 283.0 207.05 191.0 5147.0 1426.0 3721.0 0.0 207.2111
13:15:00 80.0 3010.0 205.25 206.9 207.01 206.84 206.88 117.0 206.92 72.0 3010.0 597.0 2413.0 0.0 206.9207
13:16:00 76.0 1610.0 205.25 206.87 206.95 206.82 206.87 303.0 206.92 150.0 1610.0 998.0 612.0 0.0 206.9068
13:17:00 45.0 1461.0 205.25 206.63 206.87 206.61 206.62 32.0 206.67 652.0 1461.0 250.0 1211.0 0.0 206.7394
13:18:00 212.0 10343.0 205.25 206.61 206.65 206.49 206.61 301.0 206.67 9.0 10343.0 5115.0 5228.0 0.0 206.5772
13:19:00 113.0 9136.0 205.25 206.55 206.65 206.46 206.55 105.0 206.59 171.0 9136.0 1729.0 7407.0 0.0 206.5718
13:20:00 49.0 2707.0 205.25 206.56 206.6 206.44 206.54 18.0 206.59 100.0 2707.0 716.0 1991.0 0.0 206.4976
13:21:00 58.0 2307.0 205.25 206.67 206.67 206.46 206.6 151.0 206.66 55.0 2307.0 1629.0 678.0 0.0 206.5698
13:22:00 55.0 8882.0 205.25 206.76 206.8 206.61 206.73 265.0 206.79 263.0 8882.0 1152.0 7730.0 0.0 206.7611
13:23:00 43.0 1071.0 205.25 206.75 206.79 206.7 206.69 201.0 206.76 209.0 1071.0 646.0 425.0 0.0 206.7596
13:24:00 43.0 1062.0 205.25 206.96 206.96 206.75 206.91 300.0 206.96 5.0 1062.0 836.0 226.0 0.0 206.8644
13:25:00 61.0 1643.0 205.25 207.13 207.13 206.91 207.1 100.0 207.16 584.0 1643.0 1624.0 19.0 0.0 207.0265
13:26:00 118.0 3650.0 205.25 206.78 207.1 206.7 206.76 1.0 206.81 670.0 3650.0 1276.0 2374.0 0.0 206.8821
13:27:00 105.0 4278.0 205.25 206.67 206.78 206.54 206.61 954.0 206.67 5.0 4278.0 2351.0 1927.0 0.0 206.6242
13:28:00 70.0 3817.0 205.25 206.64 206.73 206.55 206.59 325.0 206.67 55.0 3817.0 618.0 3199.0 0.0 206.6268
13:29:00 117.0 4134.0 205.25 206.53 206.63 206.43 206.49 5.0 206.55 5.0 4134.0 1558.0 2576.0 0.0 206.5297
13:30:00 73.0 3702.0 205.25 206.54 206.6 206.44 206.46 200.0 206.54 157.0 3702.0 1867.0 1835.0 0.0 206.5345
13:31:00 82.0 1647.0 205.25 206.42 206.67 206.38 206.42 100.0 206.47 9.0 1647.0 929.0 718.0 0.0 206.5075
13:32:00 76.0 4506.0 205.25 206.41 206.48 206.34 206.38 493.0 206.44 5.0 4506.0 2489.0 2017.0 0.0 206.4285
13:33:00 64.0 2813.0 205.25 206.35 206.38 206.25 206.31 23.0 206.37 476.0 2813.0 1995.0 818.0 0.0 206.3262
13:34:00 114.0 12547.0 205.25 206.44 206.48 206.37 206.45 160.0 206.5 59.0 12547.0 11922.0 625.0 0.0 206.4183
13:35:00 44.0 1672.0 205.25 206.58 206.6 206.4 206.57 89.0 206.6 35.0 1672.0 871.0 801.0 0.0 206.465
13:36:00 49.0 839.0 205.25 206.59 206.64 206.56 206.58 200.0 206.64 308.0 839.0 570.0 269.0 0.0 206.5932
13:37:00 55.0 1643.0 205.25 206.59 206.68 206.51 206.57 300.0 206.61 21.0 1643.0 1045.0 598.0 0.0 206.5934
13:38:00 56.0 1826.0 205.25 206.43 206.62 206.43 206.44 25.0 206.5 1.0 1826.0 683.0 1143.0 0.0 206.5173
13:39:00 87.0 3981.0 205.25 206.42 206.58 206.4 206.39 110.0 206.46 293.0 3981.0 1857.0 2124.0 0.0 206.4706
13:40:00 36.0 1150.0 205.25 206.59 206.59 206.4 206.54 510.0 206.62 200.0 1150.0 898.0 252.0 0.0 206.4992
13:41:00 87.0 4116.0 205.25 206.61 206.69 206.58 206.59 250.0 206.65 14.0 4116.0 3394.0 722.0 0.0 206.6291
13:42:00 63.0 1647.0 205.25 206.58 206.68 206.51 206.55 201.0 206.61 56.0 1647.0 775.0 872.0 0.0 206.6017
13:43:00 46.0 1302.0 205.25 206.53 206.63 206.49 206.52 50.0 206.57 399.0 1302.0 397.0 905.0 0.0 206.5479
13:44:00 144.0 6124.0 205.25 206.9 206.98 206.57 206.84 160.0 206.9 161.0 6124.0 3387.0 2737.0 0.0 206.8158
13:45:00 114.0 3012.0 205.25 206.99 206.99 206.85 206.93 150.0 207.0 2056.0 3012.0 719.0 2293.0 0.0 206.91
13:46:00 234.0 6496.0 205.25 206.73 206.9 206.41 206.7 25.0 206.76 10.0 6496.0 3428.0 3068.0 0.0 206.6276
13:47:00 130.0 2849.0 205.25 206.49 206.89 206.42 206.48 100.0 206.56 25.0 2849.0 947.0 1902.0 0.0 206.6594
13:48:00 107.0 3968.0 205.25 206.56 206.59 206.36 206.46 125.0 206.54 70.0 3968.0 2406.0 1562.0 0.0 206.4818
13:49:00 51.0 911.0 205.25 206.37 206.57 206.36 206.38 25.0 206.43 1.0 911.0 640.0 271.0 0.0 206.525
13:50:00 27.0 494.0 205.25 206.39 206.46 206.38 206.41 25.0 206.47 209.0 494.0 393.0 101.0 0.0 206.4419
13:51:00 85.0 4074.0 205.25 206.65 206.68 206.47 206.61 231.0 206.68 110.0 4074.0 2638.0 1436.0 0.0 206.5831
13:52:00 40.0 1403.0 205.25 206.74 206.76 206.62 206.68 200.0 206.74 150.0 1403.0 1199.0 204.0 0.0 206.7039
13:53:00 56.0 1491.0 205.25 206.66 206.7 206.61 206.66 7.0 206.74 422.0 1491.0 774.0 717.0 0.0 206.6582
13:54:00 55.0 1067.0 205.25 206.75 206.76 206.63 206.7 25.0 206.75 252.0 1067.0 842.0 225.0 0.0 206.7302
13:55:00 65.0 2310.0 205.25 206.81 206.81 206.7 206.74 157.0 206.81 329.0 2310.0 1763.0 547.0 0.0 206.7716
13:56:00 109.0 4221.0 205.25 206.83 206.87 206.75 206.79 251.0 206.83 10.0 4221.0 1556.0 2665.0 0.0 206.8127
13:57:00 55.0 1758.0 205.25 206.75 206.85 206.69 206.7 4.0 206.77 150.0 1758.0 677.0 1081.0 0.0 206.7453
13:58:00 94.0 6847.0 205.25 207.0 207.0 206.73 206.98 7.0 207.01 10.0 6847.0 6025.0 822.0 0.0 206.9566
13:59:00 106.0 4929.0 205.25 206.92 207.05 206.85 206.84 479.0 206.93 100.0 4929.0 1666.0 3263.0 0.0 206.9828
14:00:00 42.0 1092.0 205.25 206.96 206.97 206.86 206.97 112.0 207.03 125.0 1092.0 852.0 240.0 0.0 206.9245
14:01:00 81.0 1582.0 205.25 207.02 207.1 206.92 206.99 48.0 207.06 74.0 1582.0 848.0 734.0 0.0 207.0385
14:02:00 54.0 1434.0 205.25 207.07 207.1 206.99 207.01 250.0 207.1 25.0 1434.0 721.0 713.0 0.0 207.0177
14:03:00 168.0 4890.0 205.25 207.17 207.25 206.97 207.14 31.0 207.19 111.0 4890.0 3458.0 1432.0 0.0 207.1043
14:04:00 65.0 1932.0 205.25 207.03 207.2 207.0 207.02 1.0 207.08 25.0 1932.0 737.0 1195.0 0.0 207.0874
14:05:00 91.0 3639.0 205.25 206.91 207.2 206.91 206.92 37.0 206.97 75.0 3639.0 2825.0 814.0 0.0 207.1311
14:06:00 142.0 4100.0 205.25 207.2 207.2 206.93 207.14 158.0 207.2 360.0 4100.0 3547.0 553.0 0.0 207.1498
14:07:00 154.0 8494.0 205.25 207.2 207.37 207.17 207.17 6.0 207.23 513.0 8494.0 7163.0 1331.0 0.0 207.2546
14:08:00 46.0 1549.0 205.25 207.18 207.25 207.1 207.11 25.0 207.19 162.0 1549.0 936.0 613.0 0.0 207.1673
14:09:00 74.0 1214.0 205.25 207.19 207.3 207.17 207.14 25.0 207.19 54.0 1214.0 802.0 412.0 0.0 207.2142
14:10:00 62.0 2072.0 205.25 207.09 207.23 207.09 207.07 5.0 207.12 257.0 2072.0 1354.0 718.0 0.0 207.1589
14:11:00 79.0 3020.0 205.25 207.08 207.16 207.08 207.08 397.0 207.13 242.0 3020.0 1838.0 1182.0 0.0 207.1171
14:12:00 115.0 3846.0 205.25 206.92 207.11 206.775 206.86 900.0 206.93 50.0 3846.0 2294.0 1552.0 0.0 206.9714
14:13:00 139.0 5018.0 205.25 206.6 207.0 206.6 206.58 700.0 206.65 162.0 5018.0 1138.0 3880.0 0.0 206.8188
14:14:00 67.0 1937.0 205.25 206.55 206.72 206.55 206.53 150.0 206.59 215.0 1937.0 634.0 1303.0 0.0 206.6321
14:15:00 83.0 3588.0 205.25 206.72 206.76 206.56 206.68 25.0 206.74 78.0 3588.0 3288.0 300.0 0.0 206.6757
14:16:00 112.0 3063.0 205.25 206.86 206.94 206.72 206.82 500.0 206.88 91.0 3063.0 1235.0 1828.0 0.0 206.8477
14:17:00 45.0 1705.0 205.25 206.93 206.94 206.74 206.87 527.0 206.94 55.0 1705.0 640.0 1065.0 0.0 206.8486
14:18:00 44.0 846.0 205.25 206.75 206.9 206.73 206.72 451.0 206.77 105.0 846.0 331.0 515.0 0.0 206.8355
14:19:00 62.0 2035.0 205.25 206.68 206.85 206.68 206.66 250.0 206.72 165.0 2035.0 1124.0 911.0 0.0 206.784
14:20:00 62.0 3012.0 205.25 206.44 206.66 206.44 206.42 24.0 206.46 497.0 3012.0 212.0 2800.0 0.0 206.5236
14:21:00 141.0 4787.0 205.25 206.63 206.66 206.4 206.57 450.0 206.65 227.0 4787.0 3366.0 1421.0 0.0 206.5573
14:22:00 41.0 1551.0 205.25 206.68 206.7 206.58 206.63 50.0 206.7 113.0 1551.0 393.0 1158.0 0.0 206.6735
14:23:00 66.0 1994.0 205.25 206.83 206.89 206.7 206.79 500.0 206.88 150.0 1994.0 773.0 1221.0 0.0 206.7992
14:24:00 47.0 2020.0 205.25 206.82 206.95 206.82 206.79 500.0 206.85 460.0 2020.0 966.0 1054.0 0.0 206.8583
14:25:00 65.0 2342.0 205.25 206.82 206.9 206.79 206.8 276.0 206.84 49.0 2342.0 1104.0 1238.0 0.0 206.8455
14:26:00 45.0 1646.0 205.25 206.88 206.94 206.79 206.84 50.0 206.88 10.0 1646.0 646.0 1000.0 0.0 206.8169
14:27:00 87.0 3911.0 205.25 207.0 207.03 206.82 206.94 261.0 207.0 175.0 3911.0 2609.0 1302.0 0.0 206.9629
14:28:00 92.0 1848.0 205.25 207.02 207.07 206.92 206.94 150.0 207.0 10.0 1848.0 805.0 1043.0 0.0 206.991
14:29:00 60.0 1581.0 205.25 206.89 207.02 206.85 206.86 152.0 206.91 39.0 1581.0 820.0 761.0 0.0 206.9218
14:30:00 72.0 1929.0 205.25 206.8 206.95 206.79 206.79 35.0 206.85 204.0 1929.0 824.0 1105.0 0.0 206.8743
14:31:00 80.0 2750.0 205.25 206.84 206.86 206.75 206.79 350.0 206.84 4.0 2750.0 1736.0 1014.0 0.0 206.8087
14:32:00 80.0 2285.0 205.25 206.72 206.86 206.71 206.72 201.0 206.76 201.0 2285.0 958.0 1327.0 0.0 206.7491
14:33:00 99.0 2935.0 205.25 206.79 206.8 206.66 206.75 150.0 206.81 13.0 2935.0 1426.0 1509.0 0.0 206.7099
14:34:00 119.0 4505.0 205.25 206.97 207.06 206.8 206.97 2.0 207.02 550.0 4505.0 3787.0 718.0 0.0 206.927
14:35:00 88.0 2417.0 205.25 206.96 207.01 206.87 206.94 10.0 206.99 80.0 2417.0 1656.0 761.0 0.0 206.9359
14:36:00 112.0 4247.0 205.25 206.93 207.07 206.88 206.9 300.0 206.97 200.0 4247.0 3173.0 1074.0 0.0 206.9887
14:37:00 163.0 6815.0 205.25 206.88 207.01 206.83 206.86 100.0 206.92 100.0 6815.0 2462.0 4353.0 0.0 206.9235
14:38:00 123.0 5287.0 205.25 207.12 207.13 206.82 207.11 1.0 207.13 100.0 5287.0 2828.0 2459.0 0.0 207.0056
14:39:00 183.0 9128.0 205.25 207.04 207.27 207.02 206.98 250.0 207.05 298.0 9128.0 7297.0 1831.0 0.0 207.2046
14:40:00 79.0 3985.0 205.25 207.06 207.11 206.96 207.01 39.0 207.08 100.0 3985.0 1501.0 2484.0 0.0 207.0276
14:41:00 105.0 3082.0 205.25 207.26 207.28 207.08 207.23 50.0 207.26 1.0 3082.0 1497.0 1585.0 0.0 207.2135
14:42:00 97.0 3088.0 205.25 207.24 207.33 207.19 207.21 7.0 207.27 100.0 3088.0 1831.0 1257.0 0.0 207.2613
14:43:00 153.0 6678.0 205.25 206.96 207.26 206.89 206.9 600.0 206.98 201.0 6678.0 1840.0 4838.0 0.0 207.0397
14:44:00 109.0 10780.0 205.25 206.85 207.05 206.85 206.85 5.0 206.92 250.0 10780.0 1818.0 8962.0 0.0 206.9816
14:45:00 81.0 2037.0 205.25 206.84 206.9 206.74 206.8 1202.0 206.88 26.0 2037.0 661.0 1376.0 0.0 206.8194
14:46:00 100.0 4569.0 205.25 206.79 206.88 206.67 206.79 21.0 206.83 125.0 4569.0 1970.0 2599.0 0.0 206.7841
14:47:00 54.0 1452.0 205.25 206.71 206.83 206.7 206.72 20.0 206.76 50.0 1452.0 745.0 707.0 0.0 206.7744
14:48:00 83.0 4265.0 205.25 206.64 206.72 206.52 206.61 15.0 206.67 351.0 4265.0 1072.0 3193.0 0.0 206.5753
14:49:00 54.0 2938.0 205.25 206.64 206.76 206.59 206.62 50.0 206.66 158.0 2938.0 2508.0 430.0 0.0 206.6793
14:50:00 89.0 3467.0 205.25 206.84 206.84 206.6 206.78 150.0 206.85 300.0 3467.0 1297.0 2170.0 0.0 206.6973
14:51:00 60.0 2665.0 205.25 206.96 207.01 206.8 206.93 117.0 206.99 398.0 2665.0 2421.0 244.0 0.0 206.9214
14:52:00 58.0 2927.0 205.25 207.05 207.09 206.88 207.03 101.0 207.06 708.0 2927.0 2537.0 390.0 0.0 206.9681
14:53:00 51.0 1448.0 205.25 207.04 207.06 206.99 207.01 42.0 207.07 65.0 1448.0 584.0 864.0 0.0 207.0423
14:54:00 69.0 1443.0 205.25 207.0 207.04 206.91 206.95 150.0 207.01 62.0 1443.0 605.0 838.0 0.0 206.973
14:55:00 56.0 1648.0 205.25 207.14 207.22 206.99 207.15 14.0 207.19 110.0 1648.0 1288.0 360.0 0.0 207.0928
14:56:00 100.0 2831.0 205.25 207.28 207.32 207.15 207.26 150.0 207.32 150.0 2831.0 2050.0 781.0 0.0 207.2334
14:57:00 73.0 2453.0 205.25 207.26 207.28 207.17 207.23 804.0 207.29 100.0 2453.0 1186.0 1267.0 0.0 207.2146
14:58:00 185.0 4914.0 205.25 207.38 207.38 207.21 207.35 2.0 207.39 600.0 4914.0 3048.0 1866.0 0.0 207.2873
14:59:00 103.0 4254.0 205.25 207.33 207.46 207.33 207.31 29.0 207.37 150.0 4254.0 2608.0 1646.0 0.0 207.3957
15:00:00 162.0 4756.0 205.25 207.29 207.41 207.21 207.28 200.0 207.35 264.0 4756.0 1830.0 2926.0 0.0 207.2908
15:01:00 164.0 8967.0 205.25 207.52 207.52 207.29 207.49 2.0 207.52 69.0 8967.0 6867.0 2100.0 0.0 207.4384
15:02:00 137.0 5513.0 205.25 207.48 207.57 207.38 207.45 4.0 207.49 20.0 5513.0 3431.0 2082.0 0.0 207.5023
15:03:00 54.0 1412.0 205.25 207.43 207.46 207.38 207.41 103.0 207.46 255.0 1412.0 788.0 624.0 0.0 207.4273
15:04:00 141.0 6510.0 205.25 207.45 207.56 207.3 207.41 2.0 207.47 3.0 6510.0 2217.0 4293.0 0.0 207.4528
15:05:00 52.0 1335.0 205.25 207.4 207.44 207.33 207.35 449.0 207.42 531.0 1335.0 1014.0 321.0 0.0 207.3992
15:06:00 121.0 4123.0 205.25 207.215 207.4 207.14 207.19 1.0 207.24 277.0 4123.0 2584.0 1539.0 0.0 207.2927
15:07:00 65.0 1961.0 205.25 207.21 207.27 207.14 207.17 6.0 207.23 405.0 1961.0 1369.0 592.0 0.0 207.2151
15:08:00 116.0 4219.0 205.25 207.25 207.25 207.12 207.25 154.0 207.3 273.0 4219.0 3308.0 911.0 0.0 207.1526
15:09:00 150.0 5348.0 205.25 207.4 207.45 207.23 207.4 150.0 207.45 307.0 5348.0 3275.0 2073.0 0.0 207.3395
15:10:00 135.0 3411.0 205.25 207.38 207.45 207.25 207.34 314.0 207.41 50.0 3411.0 1423.0 1988.0 0.0 207.3314
15:11:00 78.0 4906.0 205.25 207.58 207.58 207.39 207.55 2.0 207.59 1.0 4906.0 4611.0 295.0 0.0 207.5146
15:12:00 112.0 3439.0 205.25 207.64 207.7 207.54 207.58 52.0 207.62 171.0 3439.0 2703.0 736.0 0.0 207.6309
15:13:00 189.0 10522.0 205.25 207.84 207.9 207.62 207.8 250.0 207.84 80.0 10522.0 9173.0 1349.0 0.0 207.8055
15:14:00 153.0 4893.0 205.25 207.9 207.95 207.74 207.88 122.0 207.9 11.0 4893.0 3024.0 1869.0 0.0 207.8432
15:15:00 223.0 8628.0 205.25 207.96 208.0 207.83 207.95 16.0 207.99 250.0 8628.0 5113.0 3515.0 0.0 207.9291
15:16:00 318.0 12619.0 205.25 207.92 208.04 207.85 207.89 150.0 207.93 54.0 12619.0 10461.0 2158.0 0.0 207.9746
15:17:00 168.0 6164.0 205.25 207.87 207.98 207.83 207.87 105.0 207.92 117.0 6164.0 3513.0 2651.0 0.0 207.9049
15:18:00 141.0 7891.0 205.25 208.0 208.03 207.9 207.95 51.0 208.0 326.0 7891.0 5987.0 1904.0 0.0 207.9725
15:19:00 128.0 3529.0 205.25 207.86 208.01 207.86 207.85 8.0 207.88 1.0 3529.0 1511.0 2018.0 0.0 207.9389
15:20:00 291.0 9170.0 205.25 207.71 207.87 207.65 207.69 301.0 207.73 106.0 9170.0 3168.0 6002.0 0.0 207.7519
15:21:00 184.0 6381.0 205.25 207.8 207.89 207.72 207.77 2.0 207.82 237.0 6381.0 5127.0 1254.0 0.0 207.7883
15:22:00 114.0 3219.0 205.25 207.69 207.88 207.69 207.66 410.0 207.7 259.0 3219.0 2268.0 951.0 0.0 207.8164
15:23:00 211.0 11726.0 205.25 207.86 207.95 207.66 207.81 202.0 207.86 98.0 11726.0 9689.0 2037.0 0.0 207.826
15:24:00 172.0 6082.0 205.25 207.9 207.99 207.85 207.87 500.0 207.93 50.0 6082.0 3996.0 2086.0 0.0 207.9127
15:25:00 86.0 2661.0 205.25 207.95 207.98 207.88 207.93 1085.0 207.97 123.0 2661.0 2092.0 569.0 0.0 207.9375
15:26:00 144.0 5380.0 205.25 208.01 208.05 207.96 208.0 150.0 208.04 217.0 5380.0 4593.0 787.0 0.0 208.011
15:27:00 101.0 3919.0 205.25 207.85 208.05 207.83 207.86 2.0 207.89 474.0 3919.0 1744.0 2175.0 0.0 207.9368
15:28:00 102.0 2922.0 205.25 207.9 207.95 207.83 207.88 100.0 207.9 200.0 2922.0 1903.0 1019.0 0.0 207.8842
15:29:00 159.0 6493.0 205.25 207.61 207.88 207.61 207.62 41.0 207.66 310.0 6493.0 3077.0 3416.0 0.0 207.7521
15:30:00 158.0 4314.0 205.25 207.71 207.72 207.57 207.68 350.0 207.73 111.0 4314.0 2300.0 2014.0 0.0 207.6397
15:31:00 184.0 6704.0 205.25 207.95 207.95 207.72 207.93 166.0 207.95 5.0 6704.0 4395.0 2309.0 0.0 207.8733
15:32:00 115.0 3862.0 205.25 207.9 207.94 207.82 207.84 151.0 207.89 152.0 3862.0 2164.0 1698.0 0.0 207.887
15:33:00 288.0 9454.0 205.25 208.07 208.09 207.86 208.05 22.0 208.09 100.0 9454.0 7603.0 1851.0 0.0 207.9963
15:34:00 286.0 8437.0 205.25 208.17 208.22 208.06 208.16 158.0 208.18 117.0 8437.0 6633.0 1804.0 0.0 208.1444
15:35:00 164.0 5075.0 205.25 208.1 208.25 208.07 208.08 253.0 208.11 100.0 5075.0 3232.0 1843.0 0.0 208.1731
15:36:00 219.0 7123.0 205.25 207.86 208.06 207.82 207.81 550.0 207.86 1.0 7123.0 3671.0 3452.0 0.0 207.9241
15:37:00 201.0 8124.0 205.25 207.79 207.91 207.72 207.78 300.0 207.81 38.0 8124.0 4708.0 3416.0 0.0 207.8113
15:38:00 215.0 7869.0 205.25 208.05 208.08 207.78 208.02 22.0 208.05 404.0 7869.0 5498.0 2371.0 0.0 207.9396
15:39:00 104.0 4044.0 205.25 207.91 208.08 207.89 207.88 453.0 207.91 100.0 4044.0 1900.0 2144.0 0.0 207.9996
15:40:00 134.0 6085.0 205.25 207.73 207.91 207.71 207.71 450.0 207.75 31.0 6085.0 3169.0 2916.0 0.0 207.7969
15:41:00 247.0 12638.0 205.25 207.53 207.71 207.43 207.5 300.0 207.54 100.0 12638.0 5119.0 7519.0 0.0 207.5942
15:42:00 292.0 11285.0 205.25 207.43 207.6 207.32 207.4 300.0 207.45 114.0 11285.0 6035.0 5250.0 0.0 207.4373
15:43:00 172.0 5227.0 205.25 207.44 207.54 207.36 207.42 6.0 207.44 491.0 5227.0 3019.0 2208.0 0.0 207.4524
15:44:00 197.0 10731.0 205.25 207.3 207.44 207.24 207.29 5.0 207.31 156.0 10731.0 5685.0 5046.0 0.0 207.352
15:45:00 157.0 5070.0 205.25 207.14 207.38 207.07 207.12 3.0 207.15 573.0 5070.0 3380.0 1690.0 0.0 207.2634
15:46:00 463.0 20645.0 205.25 206.99 207.13 206.85 207.02 50.0 207.05 200.0 20645.0 9439.0 11206.0 0.0 206.9912
15:47:00 278.0 11834.0 205.25 207.17 207.2 206.94 207.14 750.0 207.17 300.0 11834.0 5952.0 5882.0 0.0 207.0696
15:48:00 233.0 6095.0 205.25 206.95 207.15 206.9 206.94 250.0 206.96 3.0 6095.0 4014.0 2081.0 0.0 207.0095
15:49:00 332.0 12888.0 205.25 206.76 206.95 206.7 206.73 208.0 206.76 48.0 12888.0 6143.0 6745.0 0.0 206.7963
15:50:00 388.0 17782.0 205.25 206.7 206.75 206.5 206.69 50.0 206.74 100.0 17782.0 6963.0 10819.0 0.0 206.6293
15:51:00 742.0 30921.0 205.25 206.81 207.1 206.71 206.78 184.0 206.82 50.0 30921.0 14897.0 16024.0 0.0 206.957
15:52:00 238.0 7983.0 205.25 206.67 206.78 206.6 206.66 107.0 206.68 1.0 7983.0 4292.0 3691.0 0.0 206.6824
15:53:00 301.0 9102.0 205.25 206.61 206.75 206.6 206.6 664.0 206.62 276.0 9102.0 5270.0 3832.0 0.0 206.6831
15:54:00 341.0 14182.0 205.25 206.72 206.72 206.56 206.71 250.0 206.73 1.0 14182.0 9364.0 4818.0 0.0 206.624
15:55:00 392.0 14158.0 205.25 206.85 206.9 206.65 206.83 50.0 206.85 50.0 14158.0 7431.0 6727.0 0.0 206.7761
15:56:00 474.0 17079.0 205.25 206.66 206.83 206.63 206.65 503.0 206.68 703.0 17079.0 8989.0 8090.0 0.0 206.7052
15:57:00 690.0 25187.0 205.25 206.54 206.73 206.47 206.53 287.0 206.54 3.0 25187.0 10559.0 14628.0 0.0 206.5835
15:58:00 674.0 19754.0 205.25 206.44 206.63 206.41 206.44 19.0 206.45 183.0 19754.0 10393.0 9361.0 0.0 206.5133
15:59:00 687.0 21532.0 205.25 206.44 206.54 206.36 206.43 63.0 206.45 350.0 21532.0 12214.0 9318.0 0.0 206.446
16:00:00 1364.0 57588.0 205.25 206.43 206.67 206.35 206.43 34.0 206.44 100.0 57588.0 30974.0 26614.0 0.0 206.5424
16:01:00 23.0 217.0 205.25 206.5 206.5 205.55 206.46 173.0 206.45 14267.0 217.0 13.0 204.0 0.0 206.3941
16:02:00 4.0 715.0 205.25 206.9 206.9 206.5 206.55 5.0 206.45 14267.0 715.0 115.0 600.0 0.0 206.6958
16:03:00 2.0 10.0 205.25 206.5 206.55 206.5 206.5 2.0 206.45 14267.0 10.0 5.0 5.0 0.0 206.525
16:04:00 0.0 0.0 205.25 206.5 nan nan 206.5 2.0 206.45 14267.0 nan 0.0 0.0 0.0 nan
16:05:00 3.0 32.0 205.25 206.5 206.91 206.5 206.5 50.0 206.45 14267.0 32.0 0.0 32.0 0.0 206.5
16:06:00 16.0 527.0 205.25 206.4 206.64 206.4 206.43 34.0 206.4 597.0 527.0 3.0 524.0 0.0 206.4476
16:07:00 5.0 435.0 205.25 206.3 206.4 206.3 206.43 34.0 206.3 100.0 435.0 34.0 401.0 0.0 206.3078
16:08:00 7.0 607.0 205.25 206.1 206.3 206.01 206.43 34.0 206.3 197.0 607.0 81.0 526.0 0.0 206.2368
16:09:00 1.0 0.0 205.25 206.29 206.29 206.29 206.43 34.0 206.3 197.0 nan 0.0 0.0 0.0 nan
16:10:00 0.0 0.0 205.25 206.29 nan nan 206.43 34.0 206.3 197.0 nan 0.0 0.0 0.0 nan
16:11:00 0.0 0.0 205.25 206.29 nan nan 206.43 34.0 206.3 197.0 nan 0.0 0.0 0.0 nan
16:12:00 8.0 312.0 205.25 206.3 206.3 206.3 206.43 34.0 206.3 185.0 312.0 312.0 0.0 0.0 206.3
16:13:00 0.0 0.0 205.25 206.3 nan nan 206.43 34.0 206.3 185.0 nan 0.0 0.0 0.0 nan
16:14:00 2.0 75.0 205.25 206.5 206.5 206.25 206.43 34.0 206.3 185.0 75.0 75.0 0.0 0.0 206.25
16:15:00 4.0 190.0 205.25 206.3 206.3 206.3 206.43 34.0 206.3 195.0 190.0 190.0 0.0 0.0 206.3
16:16:00 3.0 195.0 205.25 206.3 206.3 206.3 206.43 34.0 206.3 100.0 195.0 195.0 0.0 0.0 206.3
16:17:00 7.0 235.0 205.25 206.2 206.21 206.19 206.43 34.0 206.3 100.0 235.0 35.0 200.0 0.0 206.2
16:18:00 0.0 0.0 205.25 206.2 nan nan 206.43 34.0 206.3 100.0 nan 0.0 0.0 0.0 nan
16:19:00 0.0 0.0 205.25 206.2 nan nan 206.43 34.0 206.3 100.0 nan 0.0 0.0 0.0 nan
16:20:00 0.0 0.0 205.25 206.2 nan nan 206.43 34.0 206.3 100.0 nan 0.0 0.0 0.0 nan
16:21:00 0.0 0.0 205.25 206.2 nan nan 206.43 34.0 206.3 100.0 nan 0.0 0.0 0.0 nan
16:22:00 0.0 0.0 205.25 206.2 nan nan 206.43 34.0 206.3 100.0 nan 0.0 0.0 0.0 nan
16:23:00 6.0 114.0 205.25 206.15 206.15 206.06 206.43 34.0 206.22 33.0 114.0 0.0 114.0 0.0 206.0675
16:24:00 7.0 135.0 205.25 206.05 206.24 206.05 206.43 34.0 206.24 80.0 135.0 53.0 82.0 0.0 206.1197
16:25:00 0.0 0.0 205.25 206.05 nan nan 206.43 34.0 206.24 80.0 nan 0.0 0.0 0.0 nan
16:26:00 0.0 0.0 205.25 206.05 nan nan 206.43 34.0 206.24 77.0 nan 0.0 0.0 0.0 nan
16:27:00 0.0 0.0 205.25 206.05 nan nan 206.43 34.0 206.41 10.0 nan 0.0 0.0 0.0 nan
16:28:00 0.0 0.0 205.25 206.05 nan nan 206.43 34.0 206.41 10.0 nan 0.0 0.0 0.0 nan
16:29:00 1.0 0.0 205.25 206.4 206.4 206.4 206.43 34.0 206.41 10.0 nan 0.0 0.0 0.0 nan
16:30:00 0.0 0.0 205.25 206.4 nan nan 206.43 34.0 206.41 10.0 nan 0.0 0.0 0.0 nan
16:31:00 0.0 0.0 205.25 206.4 nan nan 206.43 34.0 206.41 10.0 nan 0.0 0.0 0.0 nan
16:32:00 2.0 10.0 205.25 206.15 206.2 206.15 206.43 34.0 206.41 10.0 10.0 0.0 10.0 0.0 206.165
16:33:00 0.0 0.0 205.25 206.15 nan nan 206.43 34.0 206.41 10.0 nan 0.0 0.0 0.0 nan
16:34:00 1.0 100.0 205.25 206.2 206.2 206.2 206.43 34.0 206.41 10.0 100.0 100.0 0.0 0.0 206.2
16:35:00 0.0 0.0 205.25 206.2 nan nan 206.43 34.0 206.41 10.0 nan 0.0 0.0 0.0 nan
16:36:00 0.0 0.0 205.25 206.2 nan nan 206.43 34.0 206.41 10.0 nan 0.0 0.0 0.0 nan
16:37:00 0.0 0.0 205.25 206.2 nan nan 206.43 34.0 206.41 10.0 nan 0.0 0.0 0.0 nan
16:38:00 1.0 30.0 205.25 206.3 206.3 206.3 206.43 34.0 206.3 70.0 30.0 30.0 0.0 0.0 206.3
16:39:00 0.0 0.0 205.25 206.3 nan nan 206.43 34.0 206.3 70.0 nan 0.0 0.0 0.0 nan
16:40:00 0.0 0.0 205.25 206.3 nan nan 206.43 34.0 206.3 70.0 nan 0.0 0.0 0.0 nan
16:41:00 0.0 0.0 205.25 206.3 nan nan 206.43 34.0 206.3 70.0 nan 0.0 0.0 0.0 nan
16:42:00 0.0 0.0 205.25 206.3 nan nan 206.43 34.0 206.3 70.0 nan 0.0 0.0 0.0 nan
16:43:00 0.0 0.0 205.25 206.3 nan nan 206.43 34.0 206.3 70.0 nan 0.0 0.0 0.0 nan
16:44:00 0.0 0.0 205.25 206.3 nan nan 206.43 34.0 206.3 70.0 nan 0.0 0.0 0.0 nan
16:45:00 0.0 0.0 205.25 206.3 nan nan 206.43 34.0 206.3 70.0 nan 0.0 0.0 0.0 nan
16:46:00 1.0 0.0 205.25 206.2 206.2 206.2 206.43 34.0 206.3 70.0 nan 0.0 0.0 0.0 nan
16:47:00 0.0 0.0 205.25 206.2 nan nan 206.43 34.0 206.35 70.0 nan 0.0 0.0 0.0 nan
16:48:00 0.0 0.0 205.25 206.2 nan nan 206.43 34.0 206.35 70.0 nan 0.0 0.0 0.0 nan
16:49:00 1.0 1.0 205.25 206.4 206.4 206.4 206.43 34.0 206.35 70.0 1.0 1.0 0.0 0.0 206.4
16:50:00 1.0 7.0 205.25 206.12 206.12 206.12 206.43 34.0 206.35 70.0 7.0 7.0 0.0 0.0 206.12
16:51:00 0.0 0.0 205.25 206.12 nan nan 206.43 34.0 206.4 148.0 nan 0.0 0.0 0.0 nan
16:52:00 0.0 0.0 205.25 206.12 nan nan 206.43 34.0 206.4 148.0 nan 0.0 0.0 0.0 nan
16:53:00 1.0 15.0 205.25 206.4 206.4 206.4 206.43 34.0 206.4 133.0 15.0 15.0 0.0 0.0 206.4
16:54:00 1.0 3.0 205.25 206.4 206.4 206.4 206.43 34.0 206.4 130.0 3.0 3.0 0.0 0.0 206.4
16:55:00 0.0 0.0 205.25 206.4 nan nan 206.43 34.0 206.36 78.0 nan 0.0 0.0 0.0 nan
16:56:00 0.0 0.0 205.25 206.4 nan nan 206.43 34.0 206.36 78.0 nan 0.0 0.0 0.0 nan
16:57:00 1.0 7.0 205.25 206.36 206.36 206.36 206.43 34.0 206.36 71.0 7.0 7.0 0.0 0.0 206.36
16:58:00 1.0 5.0 205.25 206.19 206.19 206.19 206.43 34.0 206.36 71.0 5.0 5.0 0.0 0.0 206.19
16:59:00 0.0 0.0 205.25 206.19 nan nan 206.43 34.0 206.35 30.0 nan 0.0 0.0 0.0 nan
17:00:00 1.0 1.0 205.25 206.35 206.35 206.35 206.43 34.0 206.35 29.0 1.0 1.0 0.0 0.0 206.35
