time trade_count trade_volume trade_first trade_last trade_high trade_low bid_price bid_size ask_price ask_size hid_vol buy_vol sell_vol unsided_vol vwap
09:00:00 nan 50.0 175.68 175.66 175.68 175.66 175.6 26.0 175.84 6.0 50.0 0.0 50.0 0.0 175.68
09:01:00 5.0 13.0 175.68 175.82 176.01 175.82 175.6 26.0 176.0 506.0 13.0 2.0 11.0 0.0 175.8708
09:02:00 15.0 985.0 175.68 175.84 175.84 175.52 175.52 1.0 176.0 2.0 985.0 957.0 28.0 0.0 175.5539
09:03:00 1.0 0.0 175.68 175.97 175.97 175.97 175.55 1.0 175.85 253.0 nan 0.0 0.0 0.0 nan
09:04:00 7.0 2.0 175.68 175.52 175.79 175.52 175.52 1.0 175.7 84.0 2.0 0.0 2.0 0.0 175.68
09:05:00 5.0 5.0 175.68 175.52 175.56 175.5 175.51 60.0 175.68 1053.0 5.0 1.0 4.0 0.0 175.518
09:06:00 6.0 135.0 175.68 175.55 175.68 175.55 175.55 22.0 175.68 1051.0 135.0 2.0 133.0 0.0 175.5721
09:07:00 4.0 79.0 175.68 175.52 175.55 175.5 175.51 61.0 175.55 3.0 79.0 6.0 73.0 0.0 175.5038
09:08:00 18.0 286.0 175.68 175.82 175.85 175.55 175.69 856.0 175.82 69.0 286.0 142.0 144.0 0.0 175.7657
09:09:00 1.0 2.0 175.68 175.84 175.84 175.84 175.69 1107.0 175.84 73.0 2.0 2.0 0.0 0.0 175.84
09:10:00 17.0 442.0 175.68 175.94 175.94 175.71 175.89 10.0 175.94 15.0 442.0 255.0 187.0 0.0 175.8756
09:11:00 2.0 7.0 175.68 175.94 175.94 175.94 175.9 3.0 175.94 8.0 7.0 7.0 0.0 0.0 175.94
09:12:00 10.0 40.0 175.68 175.9 176.0 175.9 175.89 11.0 176.0 1003.0 40.0 32.0 8.0 0.0 175.9805
09:13:00 4.0 24.0 175.68 175.88 175.9 175.88 175.85 5.0 175.98 20.0 24.0 11.0 13.0 0.0 175.8862
09:14:00 0.0 0.0 175.68 175.88 nan nan 175.85 5.0 175.98 20.0 nan 0.0 0.0 0.0 nan
09:15:00 31.0 301.0 175.68 175.72 175.96 175.7 175.75 1.0 175.98 60.0 301.0 100.0 201.0 0.0 175.7533
09:16:00 11.0 9.0 175.68 175.97 175.97 175.72 175.84 77.0 175.98 60.0 9.0 0.0 9.0 0.0 175.72
09:17:00 0.0 0.0 175.68 175.97 nan nan 175.88 100.0 175.98 60.0 nan 0.0 0.0 0.0 nan
09:18:00 7.0 77.0 175.68 175.88 175.97 175.88 175.77 50.0 175.88 126.0 77.0 0.0 77.0 0.0 175.88
09:19:00 2.0 4.0 175.68 175.81 175.88 175.81 175.9 3.0 175.98 20.0 4.0 4.0 0.0 0.0 175.88
09:20:00 5.0 103.0 175.68 175.83 175.95 175.83 175.77 50.0 175.9 598.0 103.0 100.0 3.0 0.0 175.8515
09:21:00 6.0 74.0 175.68 175.96 175.96 175.9 175.77 50.0 175.98 20.0 74.0 74.0 0.0 0.0 175.9
09:22:00 4.0 60.0 175.68 175.96 175.96 175.88 175.88 2.0 175.98 20.0 60.0 60.0 0.0 0.0 175.94
09:23:00 6.0 4.0 175.68 175.85 175.93 175.8 175.75 520.0 175.85 28.0 4.0 2.0 2.0 0.0 175.865
09:24:00 8.0 40.0 175.68 175.98 175.98 175.85 175.75 520.0 176.0 1013.0 40.0 40.0 0.0 0.0 175.915
09:25:00 0.0 0.0 175.68 175.98 nan nan 175.87 1.0 176.0 1082.0 nan 0.0 0.0 0.0 nan
09:26:00 96.0 4195.0 175.68 175.5 175.89 175.46 175.45 3.0 175.5 335.0 4195.0 1362.0 2833.0 0.0 175.6279
09:27:00 28.0 553.0 175.68 175.49 175.5 175.4 175.4 666.0 175.5 412.0 553.0 435.0 118.0 0.0 175.4797
09:28:00 11.0 564.0 175.68 175.5 175.5 175.49 175.45 1.0 176.0 42.0 564.0 564.0 0.0 0.0 175.5
09:29:00 45.0 1471.0 175.68 175.71 176.3 175.71 175.61 35.0 176.3 792.0 1471.0 1271.0 200.0 0.0 176.2247
09:30:00 28.0 1402.0 175.68 175.99 176.5 175.93 175.61 1.0 175.93 200.0 1402.0 1364.0 38.0 0.0 176.3014
09:31:00 609.0 15589.0 175.68 176.13 176.46 175.45 176.0 111.0 176.22 25.0 15589.0 4593.0 10996.0 0.0 175.7273
09:32:00 771.0 27551.0 175.68 175.66 176.19 175.38 175.58 171.0 175.7 100.0 27551.0 9346.0 18205.0 0.0 175.6573
09:33:00 452.0 18909.0 175.68 176.22 176.55 175.53 176.1 120.0 176.25 50.0 18909.0 8956.0 9953.0 0.0 176.134
09:34:00 550.0 25907.0 175.68 177.13 177.41 176.13 177.13 26.0 177.23 100.0 25907.0 15005.0 10902.0 0.0 176.9402
09:35:00 403.0 11351.0 175.68 177.0 177.3 176.76 176.94 25.0 177.05 5.0 11351.0 3178.0 8173.0 0.0 177.0356
09:36:00 497.0 17227.0 175.68 176.11 177.05 176.1 176.09 100.0 176.19 52.0 17227.0 4089.0 13138.0 0.0 176.4815
09:37:00 595.0 21776.0 175.68 175.71 176.39 175.39 175.7 13.0 175.81 50.0 21776.0 7036.0 14740.0 0.0 175.7114
09:38:00 478.0 16391.0 175.68 175.8 176.07 175.45 175.71 50.0 175.9 39.0 16391.0 8424.0 7967.0 0.0 175.7744
09:39:00 362.0 10921.0 175.68 176.09 176.21 175.58 176.07 22.0 176.22 22.0 10921.0 5408.0 5513.0 0.0 175.9194
09:40:00 556.0 13777.0 175.68 175.97 176.68 175.77 175.87 120.0 176.0 110.0 13777.0 6243.0 7534.0 0.0 176.2322
09:41:00 678.0 18702.0 175.68 176.46 176.97 175.96 176.41 22.0 176.53 25.0 18702.0 10562.0 8140.0 0.0 176.4798
09:42:00 398.0 10792.0 175.68 176.72 176.93 176.2 176.7 292.0 176.8 30.0 10792.0 4230.0 6562.0 0.0 176.721
09:43:00 840.0 21901.0 175.68 177.41 177.8 176.71 177.38 250.0 177.48 50.0 21901.0 11307.0 10594.0 0.0 177.3148
09:44:00 475.0 11751.0 175.68 177.74 177.98 177.0 177.69 70.0 177.81 47.0 11751.0 4188.0 7563.0 0.0 177.4025
09:45:00 289.0 7899.0 175.68 177.36 177.82 177.22 177.3 3.0 177.38 15.0 7899.0 2774.0 5125.0 0.0 177.4634
09:46:00 614.0 15916.0 175.68 177.84 177.98 177.0 177.83 35.0 177.96 22.0 15916.0 8285.0 7631.0 0.0 177.5863
09:47:00 493.0 15114.0 175.68 177.77 178.12 177.69 177.73 25.0 177.84 39.0 15114.0 8394.0 6720.0 0.0 177.9347
09:48:00 465.0 12117.0 175.68 177.98 178.15 177.7 177.92 241.0 178.07 25.0 12117.0 5532.0 6585.0 0.0 177.891
09:49:00 325.0 12248.0 175.68 178.64 178.64 177.98 178.6 1.0 178.65 207.0 12248.0 8770.0 3478.0 0.0 178.4156
09:50:00 333.0 11821.0 175.68 178.75 178.91 178.56 178.72 100.0 178.81 22.0 11821.0 3493.0 8328.0 0.0 178.7289
09:51:00 574.0 17118.0 175.68 179.35 179.46 178.68 179.27 89.0 179.36 100.0 17118.0 7579.0 9539.0 0.0 178.9541
09:52:00 536.0 14029.0 175.68 179.3 179.56 178.89 179.27 42.0 179.4 39.0 14029.0 5507.0 8522.0 0.0 179.2753
09:53:00 497.0 9818.0 175.68 179.36 179.39 178.83 179.32 20.0 179.4 26.0 9818.0 3773.0 6045.0 0.0 179.0854
09:54:00 352.0 15143.0 175.68 179.61 179.85 179.12 179.57 25.0 179.67 25.0 15143.0 9433.0 5710.0 0.0 179.4964
09:55:00 213.0 7137.0 175.68 179.79 179.9 179.53 179.72 220.0 179.84 25.0 7137.0 3443.0 3694.0 0.0 179.6745
09:56:00 765.0 29557.0 175.68 180.7 180.81 179.71 180.7 200.0 180.78 150.0 29557.0 15143.0 14414.0 0.0 180.4766
09:57:00 336.0 15174.0 175.68 180.47 180.71 180.33 180.5 200.0 180.58 10.0 15174.0 8171.0 7003.0 0.0 180.5239
09:58:00 443.0 18473.0 175.68 180.74 180.85 180.53 180.73 25.0 180.8 350.0 18473.0 10660.0 7813.0 0.0 180.7329
09:59:00 524.0 21399.0 175.68 181.44 181.47 180.79 181.42 22.0 181.5 94.0 21399.0 11221.0 10178.0 0.0 181.1259
10:00:00 290.0 9512.0 175.68 181.2 181.49 181.19 181.19 88.0 181.28 25.0 9512.0 2967.0 6545.0 0.0 181.3804
10:01:00 501.0 17467.0 175.68 180.6 181.29 180.6 180.52 47.0 180.63 10.0 17467.0 10293.0 7174.0 0.0 180.9289
10:02:00 344.0 10884.0 175.68 180.42 180.71 180.39 180.39 25.0 180.49 50.0 10884.0 5384.0 5500.0 0.0 180.576
10:03:00 342.0 10115.0 175.68 180.23 180.55 179.96 180.14 41.0 180.26 72.0 10115.0 5802.0 4313.0 0.0 180.2277
10:04:00 170.0 7421.0 175.68 180.02 180.36 180.0 179.94 5.0 180.02 30.0 7421.0 1629.0 5792.0 0.0 180.0866
10:05:00 235.0 6063.0 175.68 180.05 180.29 179.77 180.03 50.0 180.14 2.0 6063.0 3748.0 2315.0 0.0 180.0823
10:06:00 339.0 9814.0 175.68 180.75 180.84 180.14 180.67 25.0 180.79 62.0 9814.0 6467.0 3347.0 0.0 180.565
10:07:00 254.0 5312.0 175.68 180.65 180.92 180.65 180.58 25.0 180.68 21.0 5312.0 3129.0 2183.0 0.0 180.7999
10:08:00 405.0 8930.0 175.68 179.62 180.6 179.6 179.61 2.0 179.7 69.0 8930.0 2423.0 6507.0 0.0 179.9509
10:09:00 242.0 6066.0 175.68 179.63 180.08 179.57 179.6 50.0 179.75 15.0 6066.0 3819.0 2247.0 0.0 179.8161
10:10:00 119.0 2159.0 175.68 180.09 180.19 179.73 180.01 51.0 180.11 1.0 2159.0 2054.0 105.0 0.0 180.0112
10:11:00 214.0 3744.0 175.68 180.65 180.65 180.07 180.56 75.0 180.7 4.0 3744.0 3092.0 652.0 0.0 180.4547
10:12:00 210.0 4456.0 175.68 180.505 180.89 180.47 180.45 25.0 180.56 50.0 4456.0 1908.0 2548.0 0.0 180.7422
10:13:00 355.0 7782.0 175.68 180.8 181.03 180.21 180.75 100.0 180.89 97.0 7782.0 4309.0 3473.0 0.0 180.7293
10:14:00 168.0 4465.0 175.68 181.0 181.25 180.85 180.91 25.0 181.05 25.0 4465.0 2200.0 2265.0 0.0 181.0889
10:15:00 239.0 5752.0 175.68 180.91 181.16 180.8 180.8 100.0 180.93 69.0 5752.0 3223.0 2529.0 0.0 180.9499
10:16:00 281.0 6203.0 175.68 181.07 181.14 180.5 181.0 10.0 181.11 22.0 6203.0 3101.0 3102.0 0.0 180.8031
10:17:00 288.0 7922.0 175.68 181.27 181.27 180.92 181.14 10.0 181.2 32.0 7922.0 3994.0 3928.0 0.0 181.1023
10:18:00 433.0 16060.0 175.68 181.57 181.62 181.19 181.51 47.0 181.59 105.0 16060.0 12751.0 3309.0 0.0 181.4556
10:19:00 201.0 4437.0 175.68 181.38 181.57 181.2 181.34 25.0 181.43 5.0 4437.0 1543.0 2894.0 0.0 181.377
10:20:00 357.0 11278.0 175.68 181.73 181.83 181.37 181.73 48.0 181.8 10.0 11278.0 7831.0 3447.0 0.0 181.7021
10:21:00 339.0 10750.0 175.68 181.58 181.81 181.53 181.53 369.0 181.57 26.0 10750.0 3508.0 7242.0 0.0 181.6679
10:22:00 415.0 15975.0 175.68 181.64 181.76 181.41 181.56 400.0 181.65 41.0 15975.0 5843.0 10132.0 0.0 181.5469
10:23:00 452.0 22393.0 175.68 182.0 182.03 181.52 181.96 22.0 182.01 10.0 22393.0 16169.0 6224.0 0.0 181.8737
10:24:00 346.0 6904.0 175.68 181.75 182.0 181.65 181.68 45.0 181.73 22.0 6904.0 2976.0 3928.0 0.0 181.8213
10:25:00 428.0 8729.0 175.68 181.5 181.68 181.2 181.43 636.0 181.51 1.0 8729.0 5081.0 3648.0 0.0 181.4148
10:26:00 274.0 12632.0 175.68 181.7 181.91 181.51 181.64 411.0 181.74 56.0 12632.0 8819.0 3813.0 0.0 181.7217
10:27:00 272.0 9600.0 175.68 181.21 181.84 181.21 181.21 206.0 181.25 100.0 9600.0 4009.0 5591.0 0.0 181.5435
10:28:00 207.0 5819.0 175.68 181.205 181.42 181.15 181.17 25.0 181.26 91.0 5819.0 3116.0 2703.0 0.0 181.2888
10:29:00 179.0 6562.0 175.68 181.32 181.38 181.15 181.27 32.0 181.39 47.0 6562.0 3760.0 2802.0 0.0 181.2851
10:30:00 309.0 10111.0 175.68 180.32 181.45 180.29 180.24 28.0 180.38 88.0 10111.0 2348.0 7763.0 0.0 180.8235
10:31:00 263.0 6801.0 175.68 180.37 180.71 180.28 180.37 4.0 180.43 42.0 6801.0 4205.0 2596.0 0.0 180.5007
10:32:00 212.0 5459.0 175.68 180.42 180.7 180.31 180.39 25.0 180.49 50.0 5459.0 3434.0 2025.0 0.0 180.5073
10:33:00 378.0 14115.0 175.68 179.78 180.38 179.78 179.77 27.0 179.85 41.0 14115.0 4216.0 9899.0 0.0 180.0272
10:34:00 194.0 7969.0 175.68 179.29 179.81 179.29 179.26 200.0 179.34 22.0 7969.0 3431.0 4538.0 0.0 179.4598
10:35:00 221.0 9954.0 175.68 179.12 179.31 179.06 179.06 100.0 179.1 98.0 9954.0 3601.0 6353.0 0.0 179.1733
10:36:00 325.0 11543.0 175.68 179.03 179.25 178.8 179.0 376.0 179.08 132.0 11543.0 4631.0 6912.0 0.0 178.9834
10:37:00 320.0 5453.0 175.68 178.96 179.11 178.82 178.92 100.0 178.97 2527.0 5453.0 3251.0 2202.0 0.0 178.9698
10:38:00 180.0 6809.0 175.68 179.19 179.35 178.9 179.15 25.0 179.23 11.0 6809.0 5097.0 1712.0 0.0 179.035
10:39:00 108.0 4165.0 175.68 179.2 179.33 179.1 179.19 22.0 179.29 25.0 4165.0 1336.0 2829.0 0.0 179.2535
10:40:00 228.0 6611.0 175.68 179.54 179.54 179.13 179.47 25.0 179.54 10.0 6611.0 5444.0 1167.0 0.0 179.4431
10:41:00 155.0 4969.0 175.68 179.8 179.85 179.41 179.79 10.0 179.88 67.0 4969.0 2619.0 2350.0 0.0 179.577
10:42:00 177.0 4669.0 175.68 179.78 179.919 179.64 179.78 27.0 179.84 25.0 4669.0 2143.0 2526.0 0.0 179.7794
10:43:00 139.0 5349.0 175.68 179.35 179.78 179.29 179.3 22.0 179.37 100.0 5349.0 997.0 4352.0 0.0 179.5249
10:44:00 122.0 3224.0 175.68 179.34 179.49 179.2 179.33 10.0 179.44 25.0 3224.0 1245.0 1979.0 0.0 179.3358
10:45:00 126.0 5297.0 175.68 179.06 179.35 178.9 179.01 69.0 179.09 1.0 5297.0 923.0 4374.0 0.0 179.0693
10:46:00 222.0 4692.0 175.68 179.4 179.59 179.09 179.35 100.0 179.41 100.0 4692.0 3226.0 1466.0 0.0 179.4108
10:47:00 34.0 1287.0 175.68 179.3 179.35 179.21 179.22 67.0 179.34 13.0 1287.0 376.0 911.0 0.0 179.258
10:48:00 150.0 3216.0 175.68 179.94 179.97 179.32 179.9 25.0 179.97 13.0 3216.0 2897.0 319.0 0.0 179.7521
10:49:00 175.0 5127.0 175.68 180.1 180.15 179.86 180.02 50.0 180.13 25.0 5127.0 3992.0 1135.0 0.0 180.0414
10:50:00 98.0 3773.0 175.68 179.8 180.1 179.78 179.73 22.0 179.82 146.0 3773.0 658.0 3115.0 0.0 179.9594
10:51:00 165.0 5260.0 175.68 179.35 179.73 179.35 179.32 100.0 179.4 47.0 5260.0 1846.0 3414.0 0.0 179.5154
10:52:00 196.0 6326.0 175.68 179.12 179.29 178.91 179.06 20.0 179.12 100.0 6326.0 1771.0 4555.0 0.0 179.0893
10:53:00 260.0 7023.0 175.68 178.76 179.33 178.7 178.73 611.0 178.78 13.0 7023.0 3246.0 3777.0 0.0 178.9857
10:54:00 96.0 2790.0 175.68 178.93 178.99 178.7 178.93 203.0 179.03 26.0 2790.0 1674.0 1116.0 0.0 178.8213
10:55:00 176.0 7190.0 175.68 178.48 178.93 178.41 178.43 100.0 178.49 25.0 7190.0 2117.0 5073.0 0.0 178.6124
10:56:00 182.0 4609.0 175.68 178.43 178.48 178.28 178.34 20.0 178.41 100.0 4609.0 1698.0 2911.0 0.0 178.3756
10:57:00 134.0 2797.0 175.68 178.46 178.62 178.28 178.42 500.0 178.47 25.0 2797.0 1493.0 1304.0 0.0 178.4517
10:58:00 117.0 3457.0 175.68 178.59 178.59 178.36 178.51 19.0 178.62 41.0 3457.0 1747.0 1710.0 0.0 178.4643
10:59:00 256.0 8347.0 175.68 178.18 178.59 178.13 178.12 50.0 178.2 1.0 8347.0 2107.0 6240.0 0.0 178.2777
11:00:00 331.0 10564.0 175.68 178.36 178.36 177.87 178.29 257.0 178.36 20.0 10564.0 3254.0 7310.0 0.0 178.0708
11:01:00 166.0 6110.0 175.68 178.14 178.29 177.99 178.09 25.0 178.2 20.0 6110.0 3035.0 3075.0 0.0 178.1402
11:02:00 147.0 6121.0 175.68 177.77 178.16 177.75 177.76 100.0 177.82 344.0 6121.0 2716.0 3405.0 0.0 177.8692
11:03:00 95.0 3659.0 175.68 177.89 178.04 177.72 177.86 10.0 177.96 25.0 3659.0 2121.0 1538.0 0.0 177.8851
11:04:00 207.0 10226.0 175.68 177.82 178.0 177.64 177.8 25.0 177.88 60.0 10226.0 5848.0 4378.0 0.0 177.8038
11:05:00 94.0 5246.0 175.68 177.75 177.89 177.6 177.68 35.0 177.76 25.0 5246.0 2536.0 2710.0 0.0 177.7053
11:06:00 504.0 8585.0 175.68 177.92 178.13 177.79 177.91 340.0 177.98 72.0 8585.0 5431.0 3154.0 0.0 178.0418
11:07:00 96.0 3443.0 175.68 177.73 178.06 177.69 177.68 30.0 177.82 31.0 3443.0 781.0 2662.0 0.0 177.8708
11:08:00 70.0 1805.0 175.68 177.85 177.99 177.76 177.81 20.0 177.91 190.0 1805.0 1096.0 709.0 0.0 177.872
11:09:00 119.0 4669.0 175.68 178.0 178.24 177.87 178.0 40.0 178.07 8.0 4669.0 2187.0 2482.0 0.0 178.0296
11:10:00 68.0 3539.0 175.68 178.06 178.25 178.02 178.03 21.0 178.06 25.0 3539.0 1665.0 1874.0 0.0 178.1098
11:11:00 128.0 7030.0 175.68 177.67 178.03 177.6 177.63 25.0 177.73 47.0 7030.0 1131.0 5899.0 0.0 177.7689
11:12:00 75.0 3102.0 175.68 177.86 177.86 177.68 177.83 25.0 177.91 271.0 3102.0 1906.0 1196.0 0.0 177.791
11:13:00 124.0 4103.0 175.68 178.02 178.13 177.73 178.0 47.0 178.09 22.0 4103.0 1793.0 2310.0 0.0 177.8973
11:14:00 53.0 1166.0 175.68 178.33 178.37 177.96 178.29 22.0 178.39 133.0 1166.0 1086.0 80.0 0.0 178.175
11:15:00 126.0 4645.0 175.68 178.21 178.3 178.1 178.16 12.0 178.25 47.0 4645.0 3343.0 1302.0 0.0 178.2266
11:16:00 51.0 1394.0 175.68 178.2 178.36 178.14 178.19 25.0 178.3 100.0 1394.0 682.0 712.0 0.0 178.2594
11:17:00 140.0 5939.0 175.68 178.0 178.21 177.88 177.98 66.0 178.07 10.0 5939.0 3447.0 2492.0 0.0 178.0293
11:18:00 96.0 3027.0 175.68 177.91 178.14 177.8 177.9 450.0 177.98 50.0 3027.0 334.0 2693.0 0.0 177.9202
11:19:00 87.0 2528.0 175.68 178.11 178.2 177.945 178.07 22.0 178.14 22.0 2528.0 1863.0 665.0 0.0 178.0842
11:20:00 95.0 2421.0 175.68 178.11 178.325 178.11 178.08 76.0 178.17 100.0 2421.0 1736.0 685.0 0.0 178.2273
11:21:00 113.0 3493.0 175.68 178.24 178.32 178.0 178.17 66.0 178.24 137.0 3493.0 1185.0 2308.0 0.0 178.1084
11:22:00 127.0 5768.0 175.68 178.34 178.5 178.23 178.35 22.0 178.45 10.0 5768.0 4783.0 985.0 0.0 178.3837
11:23:00 130.0 5639.0 175.68 178.12 178.35 178.0 178.12 44.0 178.18 622.0 5639.0 2263.0 3376.0 0.0 178.1594
11:24:00 130.0 6614.0 175.68 177.85 178.28 177.83 177.81 66.0 177.89 143.0 6614.0 2307.0 4307.0 0.0 178.0127
11:25:00 141.0 3660.0 175.68 177.925 177.95 177.78 177.89 47.0 177.97 100.0 3660.0 1563.0 2097.0 0.0 177.8535
11:26:00 108.0 2643.0 175.68 177.93 178.05 177.72 177.95 25.0 178.03 25.0 2643.0 665.0 1978.0 0.0 177.8334
11:27:00 147.0 5430.0 175.68 177.51 177.99 177.43 177.45 66.0 177.52 100.0 5430.0 762.0 4668.0 0.0 177.6287
11:28:00 170.0 6280.0 175.68 177.06 177.44 177.06 177.05 34.0 177.11 4.0 6280.0 1744.0 4536.0 0.0 177.1989
11:29:00 361.0 13989.0 175.68 177.01 177.12 176.95 177.01 14.0 177.04 19.0 13989.0 4782.0 9207.0 0.0 177.0497
11:30:00 262.0 9076.0 175.68 177.03 177.08 176.95 177.03 19.0 177.07 21.0 9076.0 4263.0 4813.0 0.0 177.0107
11:31:00 240.0 6021.0 175.68 177.14 177.35 177.0 177.1 43.0 177.14 88.0 6021.0 3472.0 2549.0 0.0 177.2123
11:32:00 123.0 3550.0 175.68 177.15 177.2 177.0 177.13 25.0 177.2 22.0 3550.0 1976.0 1574.0 0.0 177.1066
11:33:00 140.0 4591.0 175.68 177.35 177.45 177.19 177.29 266.0 177.35 21.0 4591.0 3019.0 1572.0 0.0 177.3034
11:34:00 204.0 10190.0 175.68 177.17 177.44 177.13 177.15 100.0 177.23 100.0 10190.0 3941.0 6249.0 0.0 177.2442
11:35:00 64.0 1869.0 175.68 177.23 177.35 177.21 177.23 22.0 177.3 25.0 1869.0 822.0 1047.0 0.0 177.269
11:36:00 138.0 3799.0 175.68 177.02 177.4 176.92 176.99 21.0 177.06 200.0 3799.0 1163.0 2636.0 0.0 177.1466
11:37:00 163.0 4584.0 175.68 176.79 177.01 176.78 176.77 647.0 176.83 301.0 4584.0 1891.0 2693.0 0.0 176.9102
11:38:00 160.0 4247.0 175.68 177.05 177.24 176.81 177.01 137.0 177.07 11.0 4247.0 2182.0 2065.0 0.0 177.0172
11:39:00 167.0 5372.0 175.68 176.88 177.07 176.83 176.87 25.0 176.96 25.0 5372.0 1821.0 3551.0 0.0 176.9502
11:40:00 148.0 6903.0 175.68 176.87 176.92 176.68 176.78 84.0 176.84 50.0 6903.0 1175.0 5728.0 0.0 176.7991
11:41:00 109.0 2625.0 175.68 176.98 177.16 176.84 176.96 100.0 177.01 89.0 2625.0 1203.0 1422.0 0.0 177.0422
11:42:00 176.0 5433.0 175.68 176.64 176.96 176.57 176.64 35.0 176.7 200.0 5433.0 1183.0 4250.0 0.0 176.6801
11:43:00 89.0 4776.0 175.68 176.68 176.76 176.6 176.67 21.0 176.75 35.0 4776.0 1069.0 3707.0 0.0 176.6717
11:44:00 171.0 7270.0 175.68 176.46 176.72 176.4 176.41 22.0 176.47 200.0 7270.0 2041.0 5229.0 0.0 176.5787
11:45:00 136.0 5006.0 175.68 176.89 176.93 176.46 176.85 111.0 176.9 305.0 5006.0 3028.0 1978.0 0.0 176.6829
11:46:00 152.0 4840.0 175.68 176.89 176.96 176.79 176.85 46.0 176.94 250.0 4840.0 2200.0 2640.0 0.0 176.8743
11:47:00 183.0 8759.0 175.68 176.51 176.87 176.42 176.5 100.0 176.55 1.0 8759.0 1717.0 7042.0 0.0 176.6131
11:48:00 140.0 5460.0 175.68 176.55 176.55 176.42 176.49 36.0 176.56 22.0 5460.0 898.0 4562.0 0.0 176.4672
11:49:00 107.0 1971.0 175.68 176.78 176.84 176.55 176.77 8.0 176.82 46.0 1971.0 1221.0 750.0 0.0 176.7085
11:50:00 84.0 3627.0 175.68 176.82 176.91 176.76 176.77 187.0 176.85 106.0 3627.0 983.0 2644.0 0.0 176.8237
11:51:00 145.0 4593.0 175.68 176.93 177.1 176.81 176.91 110.0 176.95 50.0 4593.0 2748.0 1845.0 0.0 176.9856
11:52:00 88.0 2272.0 175.68 176.93 176.99 176.85 176.9 5.0 176.95 150.0 2272.0 828.0 1444.0 0.0 176.925
11:53:00 114.0 4267.0 175.68 177.25 177.27 176.9 177.21 21.0 177.28 572.0 4267.0 2424.0 1843.0 0.0 177.147
11:54:00 82.0 3244.0 175.68 177.32 177.32 177.06 177.28 48.0 177.33 1.0 3244.0 1744.0 1500.0 0.0 177.1657
11:55:00 74.0 2038.0 175.68 177.18 177.34 177.17 177.18 500.0 177.24 221.0 2038.0 112.0 1926.0 0.0 177.238
11:56:00 157.0 9970.0 175.68 177.18 177.22 177.065 177.17 204.0 177.23 272.0 9970.0 2655.0 7315.0 0.0 177.1519
11:57:00 221.0 16854.0 175.68 177.38 177.4 177.22 177.34 289.0 177.4 3796.0 16854.0 13927.0 2927.0 0.0 177.3809
11:58:00 205.0 13053.0 175.68 177.35 177.59 177.35 177.35 11.0 177.4 150.0 13053.0 10885.0 2168.0 0.0 177.4102
11:59:00 55.0 615.0 175.68 177.54 177.54 177.32 177.49 15.0 177.56 50.0 615.0 392.0 223.0 0.0 177.4347
12:00:00 49.0 563.0 175.68 177.71 177.76 177.48 177.67 33.0 177.77 21.0 563.0 406.0 157.0 0.0 177.5991
12:01:00 63.0 1471.0 175.68 177.59 177.75 177.59 177.6 25.0 177.69 11.0 1471.0 250.0 1221.0 0.0 177.6503
12:02:00 95.0 3671.0 175.68 177.68 177.76 177.62 177.66 1.0 177.71 82.0 3671.0 2479.0 1192.0 0.0 177.7021
12:03:00 112.0 3002.0 175.68 177.7 177.79 177.6 177.68 112.0 177.74 225.0 3002.0 1067.0 1935.0 0.0 177.6762
12:04:00 125.0 1817.0 175.68 177.5 177.71 177.4 177.49 91.0 177.58 75.0 1817.0 860.0 957.0 0.0 177.5408
12:05:00 15.0 701.0 175.68 177.67 177.67 177.5 177.63 111.0 177.72 260.0 701.0 617.0 84.0 0.0 177.5441
12:06:00 160.0 4837.0 175.68 177.96 177.99 177.72 177.94 42.0 177.98 100.0 4837.0 3899.0 938.0 0.0 177.8866
12:07:00 138.0 3980.0 175.68 177.76 178.08 177.68 177.73 25.0 177.8 50.0 3980.0 1569.0 2411.0 0.0 177.951
12:08:00 97.0 3601.0 175.68 177.54 177.73 177.45 177.52 25.0 177.62 150.0 3601.0 1098.0 2503.0 0.0 177.5731
12:09:00 46.0 1683.0 175.68 177.41 177.56 177.34 177.37 19.0 177.46 25.0 1683.0 602.0 1081.0 0.0 177.4228
12:10:00 16.0 653.0 175.68 177.38 177.44 177.38 177.33 5.0 177.42 3.0 653.0 153.0 500.0 0.0 177.3809
12:11:00 49.0 1723.0 175.68 177.37 177.51 177.35 177.32 32.0 177.4 56.0 1723.0 656.0 1067.0 0.0 177.4112
12:12:00 82.0 2488.0 175.68 177.29 177.36 177.21 177.25 195.0 177.33 20.0 2488.0 1587.0 901.0 0.0 177.3065
12:13:00 55.0 1150.0 175.68 177.42 177.42 177.24 177.34 1.0 177.43 19.0 1150.0 728.0 422.0 0.0 177.3259
12:14:00 40.0 1319.0 175.68 177.17 177.34 177.09 177.17 25.0 177.22 13.0 1319.0 587.0 732.0 0.0 177.136
12:15:00 62.0 1780.0 175.68 177.33 177.36 177.14 177.3 66.0 177.38 20.0 1780.0 1376.0 404.0 0.0 177.2573
12:16:00 65.0 1582.0 175.68 177.51 177.51 177.31 177.44 211.0 177.53 106.0 1582.0 1396.0 186.0 0.0 177.4115
12:17:00 73.0 3016.0 175.68 177.46 177.6 177.4 177.43 22.0 177.52 25.0 3016.0 685.0 2331.0 0.0 177.4799
12:18:00 52.0 1320.0 175.68 177.41 177.45 177.33 177.35 6.0 177.42 25.0 1320.0 671.0 649.0 0.0 177.4053
12:19:00 71.0 1938.0 175.68 177.22 177.34 177.2 177.18 250.0 177.24 19.0 1938.0 926.0 1012.0 0.0 177.269
12:20:00 137.0 7412.0 175.68 177.4 177.4 177.19 177.36 25.0 177.42 18.0 7412.0 1516.0 5896.0 0.0 177.2567
12:21:00 177.0 13743.0 175.68 177.5 177.5 177.37 177.46 547.0 177.5 999.0 13743.0 11209.0 2534.0 0.0 177.4865
12:22:00 184.0 10992.0 175.68 177.6 177.67 177.48 177.59 17.0 177.64 19.0 10992.0 9155.0 1837.0 0.0 177.5341
12:23:00 178.0 6300.0 175.68 177.7 177.9 177.59 177.69 1.0 177.71 24.0 6300.0 2972.0 3328.0 0.0 177.7788
12:24:00 50.0 881.0 175.68 177.85 177.87 177.71 177.84 25.0 177.89 413.0 881.0 806.0 75.0 0.0 177.8062
12:25:00 61.0 3777.0 175.68 177.88 177.91 177.76 177.83 49.0 177.89 350.0 3777.0 781.0 2996.0 0.0 177.7956
12:26:00 70.0 3004.0 175.68 177.78 177.93 177.78 177.77 51.0 177.82 47.0 3004.0 1008.0 1996.0 0.0 177.8799
12:27:00 539.0 12560.0 175.68 177.62 177.77 177.5 177.57 46.0 177.65 25.0 12560.0 4260.0 8300.0 0.0 177.5841
12:28:00 80.0 1673.0 175.68 177.775 177.8 177.54 177.72 200.0 177.77 18.0 1673.0 1453.0 220.0 0.0 177.6758
12:29:00 50.0 1101.0 175.68 177.87 177.87 177.68 177.8 21.0 177.88 26.0 1101.0 775.0 326.0 0.0 177.7383
12:30:00 146.0 4727.0 175.68 177.97 178.03 177.76 177.96 73.0 178.0 600.0 4727.0 3269.0 1458.0 0.0 177.9466
12:31:00 240.0 4599.0 175.68 177.89 178.01 177.87 177.86 2.0 177.91 100.0 4599.0 2165.0 2434.0 0.0 177.9482
12:32:00 426.0 6248.0 175.68 177.55 177.89 177.46 177.47 74.0 177.56 25.0 6248.0 1919.0 4329.0 0.0 177.6919
12:33:00 83.0 1591.0 175.68 177.31 177.52 177.3 177.29 71.0 177.33 75.0 1591.0 102.0 1489.0 0.0 177.3865
12:34:00 97.0 3025.0 175.68 177.19 177.36 177.19 177.15 100.0 177.21 150.0 3025.0 588.0 2437.0 0.0 177.2858
12:35:00 218.0 7307.0 175.68 177.0 177.27 176.95 176.98 1.0 177.02 1.0 7307.0 3011.0 4296.0 0.0 177.0576
12:36:00 68.0 3331.0 175.68 176.9 177.02 176.85 176.88 206.0 176.94 46.0 3331.0 302.0 3029.0 0.0 176.9291
12:37:00 64.0 2649.0 175.68 176.74 176.88 176.73 176.73 285.0 176.79 61.0 2649.0 104.0 2545.0 0.0 176.8077
12:38:00 100.0 3215.0 175.68 177.0 177.0 176.67 176.95 41.0 176.99 39.0 3215.0 1733.0 1482.0 0.0 176.7861
12:39:00 52.0 831.0 175.68 176.88 176.98 176.83 176.88 11.0 176.93 45.0 831.0 412.0 419.0 0.0 176.9055
12:40:00 56.0 1646.0 175.68 176.93 176.99 176.83 176.9 21.0 176.96 25.0 1646.0 873.0 773.0 0.0 176.8917
12:41:00 86.0 2164.0 175.68 176.82 177.01 176.8 176.83 17.0 176.89 25.0 2164.0 1262.0 902.0 0.0 176.9087
12:42:00 91.0 4755.0 175.68 176.59 176.83 176.59 176.58 19.0 176.63 200.0 4755.0 400.0 4355.0 0.0 176.6583
12:43:00 169.0 5872.0 175.68 176.46 176.58 176.42 176.43 39.0 176.47 4.0 5872.0 2082.0 3790.0 0.0 176.5084
12:44:00 71.0 2096.0 175.68 176.55 176.65 176.45 176.51 300.0 176.58 25.0 2096.0 710.0 1386.0 0.0 176.5453
12:45:00 66.0 1930.0 175.68 176.595 176.61 176.49 176.56 21.0 176.61 12.0 1930.0 1090.0 840.0 0.0 176.5347
12:46:00 163.0 5104.0 175.68 176.53 176.61 176.45 176.52 200.0 176.57 25.0 5104.0 2202.0 2902.0 0.0 176.5557
12:47:00 61.0 2475.0 175.68 176.63 176.63 176.43 176.55 18.0 176.61 25.0 2475.0 1334.0 1141.0 0.0 176.5208
12:48:00 106.0 2937.0 175.68 176.78 176.84 176.62 176.77 11.0 176.82 46.0 2937.0 1592.0 1345.0 0.0 176.7476
12:49:00 95.0 1503.0 175.68 176.74 176.96 176.74 176.73 33.0 176.78 46.0 1503.0 392.0 1111.0 0.0 176.8493
12:50:00 43.0 1126.0 175.68 177.0 177.03 176.76 176.99 1.0 177.03 52.0 1126.0 1011.0 115.0 0.0 176.9462
12:51:00 63.0 3370.0 175.68 176.92 177.08 176.89 176.88 28.0 176.94 1.0 3370.0 200.0 3170.0 0.0 177.0051
12:52:00 83.0 4865.0 175.68 176.73 176.88 176.68 176.7 37.0 176.75 180.0 4865.0 149.0 4716.0 0.0 176.7225
12:53:00 104.0 2432.0 175.68 176.58 176.7 176.51 176.55 10.0 176.59 6.0 2432.0 809.0 1623.0 0.0 176.631
12:54:00 90.0 2372.0 175.68 176.46 176.55 176.35 176.43 424.0 176.47 47.0 2372.0 737.0 1635.0 0.0 176.4317
12:55:00 73.0 1665.0 175.68 176.45 176.48 176.34 176.41 94.0 176.46 10.0 1665.0 804.0 861.0 0.0 176.4116
12:56:00 60.0 1121.0 175.68 176.37 176.49 176.37 176.35 160.0 176.42 150.0 1121.0 87.0 1034.0 0.0 176.4274
12:57:00 85.0 2784.0 175.68 176.37 176.41 176.26 176.34 75.0 176.39 200.0 2784.0 1632.0 1152.0 0.0 176.3228
12:58:00 97.0 2400.0 175.68 176.36 176.39 176.27 176.36 290.0 176.42 26.0 2400.0 1398.0 1002.0 0.0 176.3328
12:59:00 65.0 1731.0 175.68 176.53 176.55 176.26 176.5 29.0 176.56 25.0 1731.0 1015.0 716.0 0.0 176.4148
13:00:00 30.0 486.0 175.68 176.43 176.56 176.42 176.41 17.0 176.45 10.0 486.0 132.0 354.0 0.0 176.4817
13:01:00 139.0 5562.0 175.68 176.18 176.41 176.14 176.14 248.0 176.19 37.0 5562.0 1435.0 4127.0 0.0 176.2742
13:02:00 125.0 5117.0 175.68 176.21 176.22 176.08 176.19 257.0 176.23 13.0 5117.0 1219.0 3898.0 0.0 176.1438
13:03:00 138.0 4404.0 175.68 176.34 176.58 176.18 176.32 431.0 176.38 46.0 4404.0 2440.0 1964.0 0.0 176.4011
13:04:00 163.0 6940.0 175.68 176.12 176.33 176.08 176.13 16.0 176.17 16.0 6940.0 1529.0 5411.0 0.0 176.1508
13:05:00 314.0 14504.0 175.68 175.95 176.14 175.92 175.92 31.0 175.97 47.0 14504.0 1948.0 12556.0 0.0 176.009
13:06:00 77.0 2068.0 175.68 176.06 176.07 175.97 176.05 80.0 176.12 219.0 2068.0 994.0 1074.0 0.0 176.0354
13:07:00 130.0 2280.0 175.68 176.31 176.31 176.01 176.25 19.0 176.32 35.0 2280.0 1126.0 1154.0 0.0 176.0902
13:08:00 51.0 1738.0 175.68 176.3 176.4 176.29 176.27 41.0 176.33 619.0 1738.0 798.0 940.0 0.0 176.3312
13:09:00 99.0 1537.0 175.68 176.37 176.42 176.26 176.36 34.0 176.42 29.0 1537.0 894.0 643.0 0.0 176.3551
13:10:00 50.0 1000.0 175.68 176.47 176.47 176.37 176.44 19.0 176.48 1.0 1000.0 794.0 206.0 0.0 176.4278
13:11:00 92.0 2894.0 175.68 176.62 176.69 176.4 176.61 115.0 176.65 602.0 2894.0 1042.0 1852.0 0.0 176.5909
13:12:00 104.0 2598.0 175.68 176.6 176.62 176.49 176.6 16.0 176.65 301.0 2598.0 1317.0 1281.0 0.0 176.5619
13:13:00 104.0 2895.0 175.68 176.79 176.83 176.58 176.78 116.0 176.83 89.0 2895.0 1999.0 896.0 0.0 176.7174
13:14:00 56.0 2132.0 175.68 176.7 176.89 176.64 176.64 233.0 176.7 5.0 2132.0 684.0 1448.0 0.0 176.8072
13:15:00 90.0 2429.0 175.68 176.5 176.67 176.47 176.5 28.0 176.56 200.0 2429.0 894.0 1535.0 0.0 176.5651
13:16:00 55.0 1233.0 175.68 176.49 176.5 176.4 176.47 150.0 176.53 1.0 1233.0 736.0 497.0 0.0 176.4587
13:17:00 67.0 1547.0 175.68 176.67 176.73 176.53 176.66 51.0 176.73 23.0 1547.0 962.0 585.0 0.0 176.6618
13:18:00 38.0 1728.0 175.68 176.85 176.85 176.64 176.82 398.0 176.85 1000.0 1728.0 459.0 1269.0 0.0 176.8086
13:19:00 120.0 3700.0 175.68 176.83 176.91 176.72 176.82 1.0 176.87 151.0 3700.0 1633.0 2067.0 0.0 176.8342
13:20:00 96.0 2776.0 175.68 176.95 177.08 176.87 176.89 48.0 176.96 20.0 2776.0 2052.0 724.0 0.0 177.0084
13:21:00 86.0 3738.0 175.68 176.96 177.12 176.91 176.96 19.0 177.03 22.0 3738.0 2186.0 1552.0 0.0 176.9882
13:22:00 211.0 5843.0 175.68 176.64 177.04 176.53 176.62 142.0 176.69 5.0 5843.0 3515.0 2328.0 0.0 176.6773
13:23:00 56.0 2523.0 175.68 176.64 176.68 176.47 176.61 25.0 176.68 150.0 2523.0 1723.0 800.0 0.0 176.5769
13:24:00 65.0 1678.0 175.68 176.55 176.61 176.48 176.51 19.0 176.57 1.0 1678.0 982.0 696.0 0.0 176.5443
13:25:00 43.0 1560.0 175.68 176.56 176.56 176.5 176.52 3.0 176.57 22.0 1560.0 1198.0 362.0 0.0 176.5275
13:26:00 164.0 8800.0 175.68 176.35 176.545 176.3 176.33 100.0 176.39 280.0 8800.0 1399.0 7401.0 0.0 176.4208
13:27:00 111.0 3456.0 175.68 176.64 176.64 176.36 176.59 11.0 176.65 21.0 3456.0 2175.0 1281.0 0.0 176.4612
13:28:00 147.0 3017.0 175.68 176.86 176.92 176.65 176.83 21.0 176.88 41.0 3017.0 1354.0 1663.0 0.0 176.8137
13:29:00 116.0 2590.0 175.68 176.82 177.04 176.8 176.81 50.0 176.86 25.0 2590.0 1565.0 1025.0 0.0 176.8846
13:30:00 84.0 2139.0 175.68 176.77 176.92 176.71 176.7 356.0 176.78 100.0 2139.0 1409.0 730.0 0.0 176.8336
13:31:00 137.0 4140.0 175.68 176.88 176.89 176.62 176.86 22.0 176.9 150.0 4140.0 2842.0 1298.0 0.0 176.7696
13:32:00 126.0 3088.0 175.68 176.87 177.0 176.8 176.87 43.0 176.94 21.0 3088.0 1768.0 1320.0 0.0 176.8932
13:33:00 99.0 1730.0 175.68 176.92 176.99 176.79 176.92 19.0 176.98 466.0 1730.0 474.0 1256.0 0.0 176.8628
13:34:00 61.0 1240.0 175.68 177.0 177.02 176.93 176.97 42.0 177.02 700.0 1240.0 731.0 509.0 0.0 176.9746
13:35:00 116.0 6823.0 175.68 177.09 177.18 176.96 177.06 159.0 177.12 147.0 6823.0 6224.0 599.0 0.0 177.0738
13:36:00 147.0 5117.0 175.68 177.1 177.16 176.83 177.05 28.0 177.11 41.0 5117.0 2579.0 2538.0 0.0 177.0203
13:37:00 77.0 3796.0 175.68 176.93 177.11 176.88 176.87 18.0 176.92 43.0 3796.0 302.0 3494.0 0.0 177.0354
13:38:00 85.0 2975.0 175.68 176.84 176.9 176.78 176.82 22.0 176.89 150.0 2975.0 889.0 2086.0 0.0 176.8494
13:39:00 45.0 2792.0 175.68 176.79 176.82 176.65 176.73 43.0 176.81 1400.0 2792.0 797.0 1995.0 0.0 176.7663
13:40:00 102.0 6602.0 175.68 176.61 176.89 176.61 176.61 38.0 176.68 23.0 6602.0 3885.0 2717.0 0.0 176.7543
13:41:00 125.0 3408.0 175.68 176.69 176.81 176.66 176.64 1.0 176.69 43.0 3408.0 2048.0 1360.0 0.0 176.724
13:42:00 102.0 3194.0 175.68 176.46 176.64 176.41 176.42 24.0 176.46 522.0 3194.0 479.0 2715.0 0.0 176.4998
13:43:00 135.0 5578.0 175.68 176.52 176.53 176.35 176.52 21.0 176.57 603.0 5578.0 4004.0 1574.0 0.0 176.4417
13:44:00 35.0 1343.0 175.68 176.63 176.65 176.46 176.58 62.0 176.66 168.0 1343.0 1114.0 229.0 0.0 176.568
13:45:00 56.0 1553.0 175.68 176.83 176.92 176.66 176.82 336.0 176.9 25.0 1553.0 1238.0 315.0 0.0 176.7857
13:46:00 97.0 3565.0 175.68 177.02 177.02 176.88 176.99 169.0 177.04 3.0 3565.0 2196.0 1369.0 0.0 176.95
13:47:00 109.0 5351.0 175.68 177.22 177.27 177.04 177.17 75.0 177.24 1350.0 5351.0 4481.0 870.0 0.0 177.1537
13:48:00 139.0 4443.0 175.68 177.35 177.45 177.24 177.33 100.0 177.37 121.0 4443.0 3340.0 1103.0 0.0 177.3072
13:49:00 154.0 3572.0 175.68 177.24 177.38 177.14 177.21 22.0 177.26 105.0 3572.0 1682.0 1890.0 0.0 177.2777
13:50:00 185.0 6115.0 175.68 177.4 177.52 177.21 177.38 161.0 177.44 300.0 6115.0 4270.0 1845.0 0.0 177.38
13:51:00 162.0 5188.0 175.68 177.2 177.44 177.19 177.2 253.0 177.24 100.0 5188.0 2630.0 2558.0 0.0 177.3544
13:52:00 192.0 15772.0 175.68 177.25 177.31 177.17 177.25 1030.0 177.3 325.0 15772.0 3461.0 12311.0 0.0 177.2493
13:53:00 193.0 9877.0 175.68 176.93 177.33 176.93 176.93 11.0 176.98 21.0 9877.0 2344.0 7533.0 0.0 177.2184
13:54:00 89.0 2043.0 175.68 176.95 177.03 176.85 176.9 19.0 176.97 222.0 2043.0 826.0 1217.0 0.0 176.939
13:55:00 55.0 1912.0 175.68 177.02 177.09 176.96 176.96 150.0 177.03 500.0 1912.0 1190.0 722.0 0.0 177.0201
13:56:00 66.0 2205.0 175.68 177.01 177.03 176.93 176.97 21.0 177.02 37.0 2205.0 710.0 1495.0 0.0 176.9708
13:57:00 87.0 2527.0 175.68 176.92 177.08 176.92 176.9 48.0 176.96 25.0 2527.0 1038.0 1489.0 0.0 176.9858
13:58:00 121.0 3780.0 175.68 177.055 177.08 176.85 177.04 56.0 177.08 59.0 3780.0 1901.0 1879.0 0.0 176.9691
13:59:00 192.0 11610.0 175.68 177.35 177.35 177.045 177.32 66.0 177.36 13.0 11610.0 3395.0 8215.0 0.0 177.2375
14:00:00 145.0 2518.0 175.68 177.35 177.37 177.23 177.34 89.0 177.38 2.0 2518.0 578.0 1940.0 0.0 177.3052
14:01:00 258.0 17530.0 175.68 177.44 177.5 177.36 177.43 413.0 177.48 188.0 17530.0 14648.0 2882.0 0.0 177.4753
14:02:00 157.0 4341.0 175.68 177.34 177.45 177.28 177.3 200.0 177.34 542.0 4341.0 1837.0 2504.0 0.0 177.3484
14:03:00 209.0 12446.0 175.68 177.27 177.35 177.15 177.25 22.0 177.3 100.0 12446.0 8610.0 3836.0 0.0 177.3218
14:04:00 189.0 6259.0 175.68 177.75 177.75 177.28 177.67 250.0 177.75 982.0 6259.0 4850.0 1409.0 0.0 177.5092
14:05:00 259.0 10379.0 175.68 178.08 178.08 177.68 178.04 20.0 178.08 213.0 10379.0 8198.0 2181.0 0.0 177.8561
14:06:00 297.0 11742.0 175.68 177.815 178.28 177.64 177.76 157.0 177.83 22.0 11742.0 6133.0 5609.0 0.0 177.9244
14:07:00 123.0 3027.0 175.68 177.74 177.89 177.68 177.71 143.0 177.78 193.0 3027.0 1321.0 1706.0 0.0 177.8202
14:08:00 88.0 1693.0 175.68 177.84 177.88 177.67 177.83 180.0 177.88 49.0 1693.0 1046.0 647.0 0.0 177.8029
14:09:00 100.0 2367.0 175.68 177.67 177.83 177.59 177.65 176.0 177.72 18.0 2367.0 1490.0 877.0 0.0 177.738
14:10:00 102.0 3097.0 175.68 177.5 177.73 177.49 177.46 22.0 177.53 100.0 3097.0 1603.0 1494.0 0.0 177.6078
14:11:00 135.0 4372.0 175.68 177.56 177.6 177.49 177.52 100.0 177.56 50.0 4372.0 3382.0 990.0 0.0 177.5634
14:12:00 98.0 2761.0 175.68 177.48 177.525 177.39 177.45 39.0 177.5 100.0 2761.0 947.0 1814.0 0.0 177.4467
14:13:00 101.0 3695.0 175.68 177.66 177.74 177.43 177.64 5.0 177.68 152.0 3695.0 2409.0 1286.0 0.0 177.6148
14:14:00 100.0 1871.0 175.68 177.57 177.66 177.45 177.53 105.0 177.58 214.0 1871.0 486.0 1385.0 0.0 177.5707
14:15:00 57.0 2576.0 175.68 177.63 177.69 177.48 177.6 253.0 177.65 494.0 2576.0 1650.0 926.0 0.0 177.6066
14:16:00 125.0 5994.0 175.68 177.71 177.86 177.55 177.71 20.0 177.75 133.0 5994.0 4297.0 1697.0 0.0 177.7468
14:17:00 93.0 3097.0 175.68 177.93 177.98 177.75 177.91 406.0 177.95 100.0 3097.0 2204.0 893.0 0.0 177.8587
14:18:00 58.0 1234.0 175.68 177.88 177.95 177.81 177.87 72.0 177.92 1.0 1234.0 363.0 871.0 0.0 177.8918
14:19:00 144.0 6923.0 175.68 178.09 178.16 177.92 178.04 215.0 178.1 50.0 6923.0 5821.0 1102.0 0.0 178.023
14:20:00 95.0 1592.0 175.68 177.94 178.09 177.94 177.94 92.0 177.99 50.0 1592.0 603.0 989.0 0.0 178.0129
14:21:00 48.0 1794.0 175.68 178.04 178.05 177.98 178.01 19.0 178.06 201.0 1794.0 1085.0 709.0 0.0 178.0262
14:22:00 110.0 3615.0 175.68 177.84 178.025 177.83 177.85 20.0 177.89 2.0 3615.0 972.0 2643.0 0.0 177.9186
14:23:00 129.0 5662.0 175.68 177.85 178.0 177.83 177.83 300.0 177.89 168.0 5662.0 1827.0 3835.0 0.0 177.9181
14:24:00 85.0 3829.0 175.68 177.85 178.0 177.85 177.8 303.0 177.87 212.0 3829.0 1716.0 2113.0 0.0 177.9002
14:25:00 78.0 3019.0 175.68 177.61 177.88 177.59 177.58 10.0 177.61 33.0 3019.0 1141.0 1878.0 0.0 177.7317
14:26:00 35.0 922.0 175.68 177.7 177.71 177.61 177.68 157.0 177.74 1.0 922.0 573.0 349.0 0.0 177.6695
14:27:00 67.0 2894.0 175.68 177.89 177.89 177.74 177.85 39.0 177.89 63.0 2894.0 2151.0 743.0 0.0 177.8045
14:28:00 104.0 5346.0 175.68 178.0 178.09 177.85 177.97 130.0 178.03 9.0 5346.0 2129.0 3217.0 0.0 177.9863
14:29:00 85.0 3131.0 175.68 178.07 178.22 178.03 178.06 202.0 178.11 20.0 3131.0 2282.0 849.0 0.0 178.1231
14:30:00 55.0 1737.0 175.68 178.1 178.18 178.01 178.09 149.0 178.13 236.0 1737.0 708.0 1029.0 0.0 178.1113
14:31:00 188.0 5850.0 175.68 178.25 178.56 178.13 178.23 22.0 178.32 50.0 5850.0 4098.0 1752.0 0.0 178.4001
14:32:00 80.0 2794.0 175.68 178.25 178.35 178.17 178.21 42.0 178.27 268.0 2794.0 1267.0 1527.0 0.0 178.266
14:33:00 59.0 3710.0 175.68 178.37 178.47 178.27 178.31 25.0 178.4 72.0 3710.0 2066.0 1644.0 0.0 178.3563
14:34:00 58.0 661.0 175.68 178.2 178.37 178.16 178.2 4.0 178.26 45.0 661.0 155.0 506.0 0.0 178.2435
14:35:00 103.0 4061.0 175.68 178.25 178.29 178.06 178.22 126.0 178.29 45.0 4061.0 2226.0 1835.0 0.0 178.182
14:36:00 63.0 3084.0 175.68 178.14 178.24 178.14 178.13 368.0 178.18 126.0 3084.0 493.0 2591.0 0.0 178.1957
14:37:00 116.0 5450.0 175.68 178.3 178.32 178.17 178.28 142.0 178.34 22.0 5450.0 3326.0 2124.0 0.0 178.232
14:38:00 87.0 2552.0 175.68 178.26 178.32 178.18 178.25 76.0 178.3 30.0 2552.0 768.0 1784.0 0.0 178.2363
14:39:00 125.0 5005.0 175.68 178.46 178.55 178.3 178.45 10.0 178.48 1.0 5005.0 3673.0 1332.0 0.0 178.4213
14:40:00 105.0 2851.0 175.68 178.47 178.59 178.37 178.41 233.0 178.46 209.0 2851.0 1758.0 1093.0 0.0 178.5249
14:41:00 57.0 1572.0 175.68 178.43 178.46 178.33 178.41 22.0 178.45 21.0 1572.0 567.0 1005.0 0.0 178.4058
14:42:00 52.0 2220.0 175.68 178.47 178.5 178.4 178.46 204.0 178.51 639.0 2220.0 1151.0 1069.0 0.0 178.4781
14:43:00 82.0 2538.0 175.68 178.46 178.58 178.43 178.42 227.0 178.46 150.0 2538.0 1382.0 1156.0 0.0 178.4659
14:44:00 181.0 5696.0 175.68 178.08 178.46 178.05 178.06 185.0 178.1 184.0 5696.0 2203.0 3493.0 0.0 178.2485
14:45:00 81.0 2535.0 175.68 178.04 178.22 178.0 178.01 112.0 178.07 120.0 2535.0 1147.0 1388.0 0.0 178.0962
14:46:00 115.0 2691.0 175.68 178.07 178.1 177.93 178.02 89.0 178.08 100.0 2691.0 1433.0 1258.0 0.0 178.0254
14:47:00 86.0 5472.0 175.68 177.88 178.1 177.85 177.87 521.0 177.91 51.0 5472.0 1860.0 3612.0 0.0 177.9935
14:48:00 195.0 6626.0 175.68 178.31 178.34 177.91 178.28 28.0 178.35 68.0 6626.0 4605.0 2021.0 0.0 178.1291
14:49:00 151.0 6114.0 175.68 178.64 178.66 178.3 178.65 22.0 178.7 1.0 6114.0 4865.0 1249.0 0.0 178.5244
14:50:00 114.0 5153.0 175.68 178.8 178.82 178.64 178.78 82.0 178.8 100.0 5153.0 4167.0 986.0 0.0 178.7428
14:51:00 135.0 6834.0 175.68 178.85 178.97 178.8 178.84 226.0 178.89 17.0 6834.0 5124.0 1710.0 0.0 178.8961
14:52:00 90.0 2984.0 175.68 178.71 178.83 178.66 178.7 122.0 178.76 200.0 2984.0 1689.0 1295.0 0.0 178.7364
14:53:00 88.0 2944.0 175.68 178.81 178.88 178.67 178.78 178.0 178.83 159.0 2944.0 1341.0 1603.0 0.0 178.7929
14:54:00 145.0 5119.0 175.68 178.63 178.82 178.63 178.62 44.0 178.67 156.0 5119.0 2978.0 2141.0 0.0 178.7194
14:55:00 76.0 2656.0 175.68 178.37 178.62 178.37 178.36 401.0 178.4 68.0 2656.0 594.0 2062.0 0.0 178.4919
14:56:00 101.0 4008.0 175.68 178.58 178.69 178.4 178.55 20.0 178.58 70.0 4008.0 1284.0 2724.0 0.0 178.5986
14:57:00 83.0 2827.0 175.68 178.7 178.72 178.53 178.65 112.0 178.72 300.0 2827.0 2167.0 660.0 0.0 178.6396
14:58:00 44.0 1344.0 175.68 178.65 178.69 178.54 178.63 5.0 178.68 160.0 1344.0 903.0 441.0 0.0 178.6157
14:59:00 63.0 1262.0 175.68 178.61 178.65 178.54 178.55 33.0 178.61 200.0 1262.0 438.0 824.0 0.0 178.6027
15:00:00 82.0 3811.0 175.68 178.4 178.62 178.31 178.39 20.0 178.45 46.0 3811.0 894.0 2917.0 0.0 178.5156
15:01:00 125.0 2958.0 175.68 178.13 178.48 178.07 178.11 28.0 178.19 39.0 2958.0 1250.0 1708.0 0.0 178.209
15:02:00 104.0 4227.0 175.68 178.05 178.25 177.98 178.0 205.0 178.07 62.0 4227.0 1863.0 2364.0 0.0 178.0494
15:03:00 71.0 4057.0 175.68 178.0 178.07 178.0 177.98 101.0 178.02 47.0 4057.0 1527.0 2530.0 0.0 178.0254
15:04:00 53.0 2647.0 175.68 178.05 178.15 177.96 178.01 1.0 178.07 220.0 2647.0 2378.0 269.0 0.0 178.0775
15:05:00 114.0 4822.0 175.68 177.81 178.08 177.7 177.76 42.0 177.84 65.0 4822.0 755.0 4067.0 0.0 177.884
15:06:00 53.0 1156.0 175.68 177.94 177.95 177.79 177.88 367.0 177.96 142.0 1156.0 837.0 319.0 0.0 177.8702
15:07:00 95.0 3657.0 175.68 177.7 177.9 177.69 177.67 47.0 177.72 42.0 3657.0 781.0 2876.0 0.0 177.7798
15:08:00 116.0 5759.0 175.68 177.6 177.71 177.55 177.58 301.0 177.62 4.0 5759.0 2907.0 2852.0 0.0 177.6176
15:09:00 126.0 6164.0 175.68 177.6 177.65 177.52 177.61 20.0 177.66 2.0 6164.0 2044.0 4120.0 0.0 177.5721
15:10:00 156.0 4930.0 175.68 177.61 177.68 177.49 177.61 582.0 177.66 68.0 4930.0 2331.0 2599.0 0.0 177.598
15:11:00 136.0 6335.0 175.68 177.5 177.75 177.46 177.5 128.0 177.56 42.0 6335.0 2241.0 4094.0 0.0 177.6402
15:12:00 82.0 3831.0 175.68 177.55 177.65 177.5 177.52 2.0 177.59 20.0 3831.0 1738.0 2093.0 0.0 177.5586
15:13:00 49.0 1309.0 175.68 177.68 177.69 177.55 177.65 41.0 177.69 246.0 1309.0 765.0 544.0 0.0 177.6071
15:14:00 161.0 8901.0 175.68 177.69 177.87 177.64 177.68 242.0 177.75 297.0 8901.0 4382.0 4519.0 0.0 177.7167
15:15:00 476.0 14873.0 175.68 177.95 178.02 177.57 177.88 112.0 177.95 101.0 14873.0 4305.0 10568.0 0.0 177.6989
15:16:00 106.0 5258.0 175.68 177.95 178.02 177.84 177.93 20.0 177.97 30.0 5258.0 2729.0 2529.0 0.0 177.9249
15:17:00 104.0 4547.0 175.68 178.29 178.29 177.97 178.25 1.0 178.3 19.0 4547.0 2716.0 1831.0 0.0 178.1162
15:18:00 79.0 3379.0 175.68 178.17 178.3 178.13 178.16 500.0 178.2 69.0 3379.0 1517.0 1862.0 0.0 178.2328
15:19:00 95.0 4333.0 175.68 178.06 178.24 177.94 178.02 189.0 178.09 3.0 4333.0 1192.0 3141.0 0.0 178.1211
15:20:00 54.0 2413.0 175.68 178.08 178.08 177.93 178.04 181.0 178.09 172.0 2413.0 648.0 1765.0 0.0 178.0109
15:21:00 80.0 2828.0 175.68 178.18 178.29 178.05 178.15 45.0 178.2 22.0 2828.0 1623.0 1205.0 0.0 178.1965
15:22:00 104.0 4121.0 175.68 178.02 178.2 177.93 177.95 24.0 178.02 75.0 4121.0 1082.0 3039.0 0.0 177.9896
15:23:00 74.0 3549.0 175.68 177.9 177.95 177.84 177.84 6.0 177.9 45.0 3549.0 809.0 2740.0 0.0 177.877
15:24:00 140.0 8806.0 175.68 177.76 177.84 177.61 177.71 25.0 177.78 200.0 8806.0 1078.0 7728.0 0.0 177.753
15:25:00 81.0 3673.0 175.68 177.79 177.87 177.69 177.76 25.0 177.8 105.0 3673.0 1799.0 1874.0 0.0 177.7814
15:26:00 46.0 1580.0 175.68 177.94 177.95 177.71 177.94 64.0 177.99 74.0 1580.0 770.0 810.0 0.0 177.8039
15:27:00 99.0 2230.0 175.68 178.015 178.07 177.91 177.99 151.0 178.04 272.0 2230.0 915.0 1315.0 0.0 177.9828
15:28:00 519.0 11291.0 175.68 177.57 178.05 177.54 177.54 508.0 177.6 42.0 11291.0 3258.0 8033.0 0.0 177.7818
15:29:00 208.0 6165.0 175.68 177.65 177.69 177.51 177.61 20.0 177.67 212.0 6165.0 2447.0 3718.0 0.0 177.5935
15:30:00 72.0 2259.0 175.68 177.84 177.85 177.55 177.8 20.0 177.84 10.0 2259.0 1196.0 1063.0 0.0 177.6969
15:31:00 107.0 3931.0 175.68 177.75 177.94 177.69 177.69 186.0 177.77 300.0 3931.0 1084.0 2847.0 0.0 177.7833
15:32:00 87.0 2680.0 175.68 177.71 177.83 177.71 177.69 600.0 177.73 77.0 2680.0 2231.0 449.0 0.0 177.774
15:33:00 78.0 4489.0 175.68 177.72 177.8 177.6 177.71 22.0 177.78 22.0 4489.0 2272.0 2217.0 0.0 177.7092
15:34:00 51.0 1042.0 175.68 177.79 177.79 177.68 177.72 47.0 177.8 25.0 1042.0 641.0 401.0 0.0 177.7233
15:35:00 95.0 2573.0 175.68 177.88 177.99 177.79 177.83 22.0 177.89 47.0 2573.0 1150.0 1423.0 0.0 177.913
15:36:00 103.0 2925.0 175.68 177.96 177.96 177.79 177.93 342.0 177.98 9.0 2925.0 1290.0 1635.0 0.0 177.8811
15:37:00 96.0 3491.0 175.68 177.95 178.05 177.86 177.89 194.0 177.96 147.0 3491.0 1804.0 1687.0 0.0 177.9487
15:38:00 75.0 4251.0 175.68 177.8 177.91 177.75 177.74 41.0 177.8 68.0 4251.0 2316.0 1935.0 0.0 177.8115
15:39:00 170.0 6225.0 175.68 177.65 177.75 177.5 177.63 440.0 177.68 100.0 6225.0 3053.0 3172.0 0.0 177.6513
15:40:00 86.0 2658.0 175.68 177.69 177.77 177.6 177.71 22.0 177.78 119.0 2658.0 1550.0 1108.0 0.0 177.6684
15:41:00 136.0 3438.0 175.68 177.73 177.9 177.72 177.72 161.0 177.77 400.0 3438.0 1981.0 1457.0 0.0 177.7883
15:42:00 104.0 3447.0 175.68 177.98 177.98 177.77 177.94 22.0 178.0 500.0 3447.0 2740.0 707.0 0.0 177.8642
15:43:00 109.0 3687.0 175.68 178.0 178.12 177.96 177.98 15.0 178.01 72.0 3687.0 2609.0 1078.0 0.0 178.0451
15:44:00 104.0 4860.0 175.68 177.95 177.98 177.82 177.92 34.0 177.97 22.0 4860.0 2331.0 2529.0 0.0 177.8768
15:45:00 72.0 2311.0 175.68 177.9 178.07 177.87 177.87 140.0 177.92 115.0 2311.0 1347.0 964.0 0.0 177.9928
15:46:00 331.0 11184.0 175.68 177.93 177.96 177.64 177.91 50.0 177.96 291.0 11184.0 6629.0 4555.0 0.0 177.7629
15:47:00 147.0 4863.0 175.68 177.85 177.97 177.75 177.84 200.0 177.88 338.0 4863.0 2620.0 2243.0 0.0 177.8535
15:48:00 191.0 8422.0 175.68 178.11 178.15 177.84 178.11 151.0 178.15 100.0 8422.0 5509.0 2913.0 0.0 178.0105
15:49:00 203.0 7378.0 175.68 178.02 178.13 177.89 178.0 250.0 178.04 250.0 7378.0 3704.0 3674.0 0.0 178.0203
15:50:00 252.0 7635.0 175.68 177.95 178.17 177.945 177.92 222.0 177.96 174.0 7635.0 3339.0 4296.0 0.0 178.0501
15:51:00 519.0 15330.0 175.68 178.29 178.34 177.94 178.27 250.0 178.3 100.0 15330.0 8723.0 6607.0 0.0 178.2353
15:52:00 395.0 13665.0 175.68 178.47 178.53 178.3 178.46 50.0 178.49 272.0 13665.0 6612.0 7053.0 0.0 178.4433
15:53:00 376.0 12229.0 175.68 178.37 178.53 178.29 178.35 50.0 178.38 2.0 12229.0 7866.0 4363.0 0.0 178.4075
15:54:00 406.0 11750.0 175.68 178.57 178.67 178.38 178.56 232.0 178.59 168.0 11750.0 7911.0 3839.0 0.0 178.5497
15:55:00 709.0 22154.0 175.68 178.64 178.67 178.33 178.61 158.0 178.67 144.0 22154.0 12875.0 9279.0 0.0 178.5287
15:56:00 520.0 15033.0 175.68 178.5 178.67 178.49 178.49 50.0 178.5 124.0 15033.0 8972.0 6061.0 0.0 178.551
15:57:00 332.0 10498.0 175.68 178.54 178.61 178.47 178.53 50.0 178.55 370.0 10498.0 5588.0 4910.0 0.0 178.537
15:58:00 388.0 11135.0 175.68 178.49 178.57 178.46 178.48 250.0 178.5 232.0 11135.0 7956.0 3179.0 0.0 178.5135
15:59:00 608.0 26482.0 175.68 178.67 178.72 178.46 178.66 670.0 178.68 564.0 26482.0 16141.0 10341.0 0.0 178.5843
16:00:00 1220.0 66155.0 175.68 178.35 178.67 178.34 178.35 3100.0 178.43 27477.0 66155.0 33334.0 32821.0 0.0 178.5188
16:01:00 8.0 127.0 175.68 178.98 178.98 178.39 178.51 3.0 178.43 27437.0 127.0 127.0 0.0 0.0 178.5784
16:02:00 2.0 10.0 175.68 178.83 178.83 178.6 178.51 3.0 178.43 27437.0 10.0 10.0 0.0 0.0 178.6
16:03:00 2.0 5.0 175.68 178.32 178.51 178.32 178.39 100.0 178.43 27437.0 5.0 0.0 5.0 0.0 178.434
16:04:00 2.0 5.0 175.68 178.5 178.5 178.5 178.45 30.0 178.43 27437.0 5.0 5.0 0.0 0.0 178.5
16:05:00 0.0 0.0 175.68 178.5 nan nan 178.45 30.0 178.43 27437.0 nan 0.0 0.0 0.0 nan
16:06:00 0.0 0.0 175.68 178.5 nan nan 178.5 400.0 178.43 27437.0 nan 0.0 0.0 0.0 nan
16:07:00 7.0 981.0 175.68 178.39 178.5 178.39 178.39 100.0 178.41 970.0 981.0 0.0 981.0 0.0 178.4438
16:08:00 1.0 5.0 175.68 178.39 178.39 178.39 178.39 195.0 178.43 27437.0 5.0 0.0 5.0 0.0 178.39
16:09:00 7.0 415.0 175.68 178.39 178.4 178.39 178.39 100.0 178.43 27437.0 415.0 10.0 405.0 0.0 178.3902
16:10:00 0.0 0.0 175.68 178.39 nan nan 178.39 100.0 178.43 27437.0 nan 0.0 0.0 0.0 nan
16:11:00 7.0 242.0 175.68 178.48 178.48 178.39 178.39 148.0 178.43 27437.0 242.0 30.0 212.0 0.0 178.4012
16:12:00 0.0 0.0 175.68 178.48 nan nan 178.39 148.0 178.43 27437.0 nan 0.0 0.0 0.0 nan
16:13:00 0.0 0.0 175.68 178.48 nan nan 178.4 50.0 178.43 27437.0 nan 0.0 0.0 0.0 nan
16:14:00 0.0 0.0 175.68 178.48 nan nan 178.4 50.0 178.43 27437.0 nan 0.0 0.0 0.0 nan
16:15:00 1.0 18.0 175.68 178.4 178.4 178.4 178.4 32.0 178.43 27437.0 18.0 0.0 18.0 0.0 178.4
16:16:00 5.0 80.0 175.68 178.41 178.41 178.39 178.39 655.0 178.43 27437.0 80.0 20.0 60.0 0.0 178.399
16:17:00 65.0 509.0 175.68 178.51 178.51 178.38 178.5 50.0 178.43 27437.0 509.0 504.0 5.0 0.0 178.4989
16:18:00 0.0 0.0 175.68 178.51 nan nan 178.5 150.0 178.43 27437.0 nan 0.0 0.0 0.0 nan
16:19:00 3.0 51.0 175.68 178.5 178.55 178.5 178.5 129.0 178.43 27437.0 51.0 0.0 51.0 0.0 178.5294
16:20:00 0.0 0.0 175.68 178.5 nan nan 178.57 15.0 178.43 27437.0 nan 0.0 0.0 0.0 nan
16:21:00 3.0 35.0 175.68 178.6 178.6 178.38 178.5 133.0 178.43 27437.0 35.0 20.0 15.0 0.0 178.5871
16:22:00 1.0 5.0 175.68 178.6 178.6 178.6 178.5 129.0 178.43 27437.0 5.0 5.0 0.0 0.0 178.6
16:23:00 0.0 0.0 175.68 178.6 nan nan 178.5 129.0 178.43 27437.0 nan 0.0 0.0 0.0 nan
16:24:00 5.0 73.0 175.68 178.6 178.6 178.55 178.52 3.0 178.43 27437.0 73.0 25.0 48.0 0.0 178.5993
16:25:00 0.0 0.0 175.68 178.6 nan nan 178.52 3.0 178.43 27437.0 nan 0.0 0.0 0.0 nan
16:26:00 3.0 20.0 175.68 178.5 178.52 178.5 178.5 12.0 178.43 27437.0 20.0 0.0 20.0 0.0 178.503
16:27:00 6.0 33.0 175.68 178.73 178.82 178.39 178.5 12.0 178.43 27437.0 33.0 31.0 2.0 0.0 178.5561
16:28:00 1.0 1.0 175.68 178.4 178.4 178.4 178.5 12.0 178.43 27437.0 1.0 0.0 1.0 0.0 178.4
16:29:00 2.0 100.0 175.68 178.42 178.42 178.42 178.5 12.0 178.43 27437.0 100.0 100.0 0.0 0.0 178.42
16:30:00 7.0 37.0 175.68 178.48 178.5 178.37 178.45 20.0 178.43 27437.0 37.0 1.0 36.0 0.0 178.42
16:31:00 0.0 0.0 175.68 178.48 nan nan 178.42 10.0 178.43 27437.0 nan 0.0 0.0 0.0 nan
16:32:00 0.0 0.0 175.68 178.48 nan nan 178.42 10.0 178.43 27437.0 nan 0.0 0.0 0.0 nan
16:33:00 4.0 100.0 175.68 178.38 178.42 178.37 178.37 113.0 178.43 27437.0 100.0 0.0 100.0 0.0 178.3752
16:34:00 5.0 15.0 175.68 178.36 178.38 178.36 178.37 98.0 178.43 27437.0 15.0 0.0 15.0 0.0 178.3707
16:35:00 0.0 0.0 175.68 178.36 nan nan 178.4 10.0 178.43 27437.0 nan 0.0 0.0 0.0 nan
16:36:00 2.0 140.0 175.68 178.5 178.5 178.49 178.38 10.0 178.43 27437.0 140.0 140.0 0.0 0.0 178.5
16:37:00 0.0 0.0 175.68 178.5 nan nan 178.38 10.0 178.43 27437.0 nan 0.0 0.0 0.0 nan
16:38:00 0.0 0.0 175.68 178.5 nan nan 178.38 10.0 178.43 27437.0 nan 0.0 0.0 0.0 nan
16:39:00 2.0 2.0 175.68 178.48 178.48 178.45 178.38 10.0 178.43 27437.0 2.0 2.0 0.0 0.0 178.45
16:40:00 0.0 0.0 175.68 178.48 nan nan 178.39 500.0 178.43 27437.0 nan 0.0 0.0 0.0 nan
16:41:00 1.0 20.0 175.68 178.4 178.4 178.4 178.4 4.0 178.43 27437.0 20.0 0.0 20.0 0.0 178.4
16:42:00 1.0 20.0 175.68 178.39 178.39 178.39 178.41 785.0 178.43 27437.0 20.0 0.0 20.0 0.0 178.39
16:43:00 10.0 785.0 175.68 178.45 178.45 178.45 178.39 480.0 178.43 27437.0 785.0 0.0 785.0 0.0 178.45
16:44:00 10.0 350.0 175.68 178.45 178.45 178.45 178.39 485.0 178.43 27437.0 350.0 50.0 300.0 0.0 178.45
16:45:00 0.0 0.0 175.68 178.45 nan nan 178.42 2000.0 178.43 27437.0 nan 0.0 0.0 0.0 nan
16:46:00 0.0 0.0 175.68 178.45 nan nan 178.39 484.0 178.43 27437.0 nan 0.0 0.0 0.0 nan
16:47:00 3.0 484.0 175.68 178.39 178.39 178.39 178.38 6.0 178.43 27437.0 484.0 0.0 484.0 0.0 178.39
16:48:00 0.0 0.0 175.68 178.39 nan nan 178.38 5.0 178.43 27437.0 nan 0.0 0.0 0.0 nan
16:49:00 1.0 2.0 175.68 178.46 178.46 178.46 178.38 503.0 178.43 27437.0 2.0 2.0 0.0 0.0 178.46
16:50:00 3.0 19.0 175.68 178.48 178.48 178.47 178.4 10.0 178.43 27437.0 19.0 19.0 0.0 0.0 178.4789
16:51:00 3.0 7.0 175.68 178.45 178.45 178.4 178.42 495.0 178.43 27437.0 7.0 1.0 6.0 0.0 178.4071
16:52:00 9.0 495.0 175.68 178.42 178.42 178.42 178.39 51.0 178.43 27437.0 495.0 0.0 495.0 0.0 178.42
16:53:00 0.0 0.0 175.68 178.42 nan nan 178.48 100.0 178.43 27437.0 nan 0.0 0.0 0.0 nan
16:54:00 5.0 278.0 175.68 178.47 178.48 178.46 178.47 22.0 178.43 27437.0 278.0 0.0 278.0 0.0 178.47
16:55:00 10.0 142.0 175.68 178.47 178.5 178.47 178.44 100.0 178.43 27437.0 142.0 120.0 22.0 0.0 178.4954
16:56:00 11.0 78.0 175.68 178.44 178.47 178.44 178.44 25.0 178.43 27437.0 78.0 0.0 78.0 0.0 178.4412
16:57:00 0.0 0.0 175.68 178.44 nan nan 178.44 25.0 178.43 27437.0 nan 0.0 0.0 0.0 nan
16:58:00 1.0 4.0 175.68 178.45 178.45 178.45 178.45 1.0 178.43 27437.0 4.0 0.0 4.0 0.0 178.45
16:59:00 0.0 0.0 175.68 178.45 nan nan 178.44 25.0 178.43 27437.0 nan 0.0 0.0 0.0 nan
17:00:00 1.0 10.0 175.68 178.44 178.44 178.44 178.44 15.0 178.43 27437.0 10.0 0.0 10.0 0.0 178.44
