time trade_count trade_volume trade_first trade_last trade_high trade_low bid_price bid_size ask_price ask_size hid_vol buy_vol sell_vol unsided_vol vwap
09:00:00 nan 824.0 217.85 217.8 217.97 217.8 217.8 1832.0 217.98 292.0 824.0 186.0 638.0 0.0 217.8922
09:01:00 59.0 2100.0 217.85 217.58 217.98 217.36 217.25 219.0 217.56 100.0 2100.0 99.0 2001.0 0.0 217.6219
09:02:00 34.0 323.0 217.85 217.43 217.56 217.27 217.25 3.0 217.5 500.0 323.0 58.0 265.0 0.0 217.5088
09:03:00 23.0 191.0 217.85 217.47 217.5 217.42 217.43 188.0 217.47 41.0 191.0 191.0 0.0 0.0 217.4452
09:04:00 39.0 991.0 217.85 217.72 217.98 217.45 217.53 3.0 217.97 10.0 991.0 862.0 129.0 0.0 217.5721
09:05:00 15.0 139.0 217.85 217.55 217.85 217.52 217.55 1.0 217.87 325.0 139.0 3.0 136.0 0.0 217.6941
09:06:00 8.0 25.0 217.85 217.66 217.85 217.55 217.61 20.0 217.7 2.0 25.0 0.0 25.0 0.0 217.6588
09:07:00 32.0 341.0 217.85 217.5 217.79 217.5 217.5 276.0 217.75 1225.0 341.0 22.0 319.0 0.0 217.5182
09:08:00 28.0 1989.0 217.85 217.43 217.55 217.43 217.45 386.0 217.58 10.0 1989.0 1545.0 444.0 0.0 217.4552
09:09:00 13.0 534.0 217.85 217.67 217.67 217.45 217.48 112.0 217.75 1425.0 534.0 10.0 524.0 0.0 217.4524
09:10:00 8.0 232.0 217.85 217.56 217.69 217.48 217.6 1.0 217.7 1.0 232.0 0.0 232.0 0.0 217.5
09:11:00 15.0 420.0 217.85 217.5 217.69 217.5 217.56 1.0 217.7 1.0 420.0 0.0 420.0 0.0 217.5231
09:12:00 29.0 799.0 217.85 217.5 217.68 217.5 217.5 223.0 217.7 1.0 799.0 0.0 799.0 0.0 217.5002
09:13:00 13.0 376.0 217.85 217.45 217.5 217.45 217.5 100.0 217.69 75.0 376.0 0.0 376.0 0.0 217.4949
09:14:00 52.0 990.0 217.85 217.63 217.68 217.27 217.2 102.0 217.66 1.0 990.0 184.0 806.0 0.0 217.4245
09:15:00 28.0 203.0 217.85 217.39 217.55 217.2 217.25 75.0 217.5 23.0 203.0 51.0 152.0 0.0 217.2715
09:16:00 37.0 1329.0 217.85 217.4 217.62 217.25 217.4 146.0 217.65 525.0 1329.0 232.0 1097.0 0.0 217.4006
09:17:00 43.0 623.0 217.85 217.2 217.6 217.09 217.2 296.0 217.65 525.0 623.0 125.0 498.0 0.0 217.2655
09:18:00 18.0 397.0 217.85 217.35 217.6 217.22 217.25 96.0 217.55 229.0 397.0 50.0 347.0 0.0 217.3504
09:19:00 6.0 101.0 217.85 217.47 217.47 217.36 217.21 1.0 217.49 225.0 101.0 0.0 101.0 0.0 217.4446
09:20:00 18.0 335.0 217.85 217.25 217.25 217.19 217.2 1.0 217.3 100.0 335.0 30.0 305.0 0.0 217.2051
09:21:00 28.0 434.0 217.85 217.25 217.25 217.05 217.05 1006.0 217.25 70.0 434.0 75.0 359.0 0.0 217.1089
09:22:00 36.0 898.0 217.85 217.05 217.25 217.05 217.05 315.0 217.25 65.0 898.0 6.0 892.0 0.0 217.0512
09:23:00 59.0 1451.0 217.85 217.65 217.69 217.24 217.45 20.0 217.69 26.0 1451.0 945.0 506.0 0.0 217.54
09:24:00 31.0 2033.0 217.85 217.75 217.81 217.65 217.5 5.0 217.8 20.0 2033.0 1819.0 214.0 0.0 217.7425
09:25:00 8.0 106.0 217.85 217.75 217.78 217.73 217.5 155.0 217.75 69.0 106.0 106.0 0.0 0.0 217.75
09:26:00 17.0 557.0 217.85 217.71 217.85 217.51 217.67 112.0 217.85 200.0 557.0 557.0 0.0 0.0 217.8322
09:27:00 8.0 139.0 217.85 217.72 217.85 217.71 217.67 112.0 217.85 61.0 139.0 139.0 0.0 0.0 217.85
09:28:00 3.0 5.0 217.85 217.85 217.85 217.68 217.72 200.0 217.8 200.0 5.0 5.0 0.0 0.0 217.85
09:29:00 22.0 375.0 217.85 217.88 217.9 217.8 217.7 5.0 217.9 420.0 375.0 75.0 300.0 0.0 217.8171
09:30:00 105.0 1843.0 217.85 217.16 217.72 216.97 216.98 164.0 217.68 260.0 1843.0 181.0 1662.0 0.0 217.2302
09:31:00 1461.0 43763.0 217.85 218.78 218.88 216.77 218.6 6.0 218.86 652.0 43763.0 37175.0 6588.0 0.0 217.7917
09:32:00 644.0 16481.0 217.85 217.97 218.88 217.72 217.84 609.0 218.08 2.0 16481.0 5952.0 10529.0 0.0 218.2886
09:33:00 431.0 10282.0 217.85 217.23 218.08 216.97 217.22 104.0 217.41 95.0 10282.0 4354.0 5928.0 0.0 217.2452
09:34:00 550.0 22247.0 217.85 217.63 218.47 217.38 217.63 25.0 217.7 1.0 22247.0 9794.0 12453.0 0.0 218.0009
09:35:00 426.0 15015.0 217.85 217.82 218.35 217.33 217.71 100.0 217.86 242.0 15015.0 5031.0 9984.0 0.0 217.7818
09:36:00 662.0 28500.0 217.85 216.42 217.72 216.3 216.31 25.0 216.43 1170.0 28500.0 6115.0 22385.0 0.0 216.8023
09:37:00 292.0 12499.0 217.85 216.55 216.83 216.3 216.45 25.0 216.64 25.0 12499.0 6746.0 5753.0 0.0 216.508
09:38:00 240.0 7431.0 217.85 217.09 217.13 216.48 216.97 504.0 217.1 502.0 7431.0 5681.0 1750.0 0.0 216.8898
09:39:00 341.0 12227.0 217.85 216.74 217.27 216.74 216.74 229.0 216.84 146.0 12227.0 6058.0 6169.0 0.0 217.0144
09:40:00 371.0 14339.0 217.85 217.4 217.68 216.82 217.36 105.0 217.46 103.0 14339.0 8103.0 6236.0 0.0 217.3728
09:41:00 306.0 6596.0 217.85 217.23 217.37 216.97 217.22 61.0 217.3 150.0 6596.0 2803.0 3793.0 0.0 217.1596
09:42:00 320.0 12460.0 217.85 217.57 217.65 217.1 217.56 372.0 217.65 25.0 12460.0 7092.0 5368.0 0.0 217.4299
09:43:00 593.0 23015.0 217.85 217.92 218.03 217.56 217.83 100.0 217.93 80.0 23015.0 17109.0 5906.0 0.0 217.8229
09:44:00 639.0 25518.0 217.85 218.62 218.66 217.79 218.6 50.0 218.65 300.0 25518.0 15947.0 9571.0 0.0 218.3159
09:45:00 597.0 21183.0 217.85 218.39 218.68 218.23 218.34 577.0 218.44 201.0 21183.0 9006.0 12177.0 0.0 218.4761
09:46:00 397.0 12977.0 217.85 218.21 218.44 217.96 218.2 272.0 218.27 100.0 12977.0 6508.0 6469.0 0.0 218.1953
09:47:00 314.0 12024.0 217.85 217.71 218.31 217.71 217.66 54.0 217.74 431.0 12024.0 2892.0 9132.0 0.0 218.0164
09:48:00 397.0 18320.0 217.85 217.62 217.73 217.47 217.58 25.0 217.63 2.0 18320.0 3520.0 14800.0 0.0 217.6161
09:49:00 591.0 23541.0 217.85 218.71 218.74 217.63 218.65 93.0 218.73 2.0 23541.0 17885.0 5656.0 0.0 218.376
09:50:00 1524.0 65662.0 217.85 219.37 219.49 218.58 219.34 25.0 219.4 701.0 65662.0 47786.0 17876.0 0.0 219.1614
09:51:00 1219.0 56906.0 217.85 219.68 219.87 219.26 219.65 260.0 219.72 365.0 56906.0 34258.0 22648.0 0.0 219.5943
09:52:00 2450.0 127072.0 217.85 220.03 220.18 219.69 220.03 100.0 220.1 52.0 127072.0 103544.0 23528.0 0.0 219.9911
09:53:00 824.0 42962.0 217.85 220.55 220.64 220.0 220.51 400.0 220.56 300.0 42962.0 27808.0 15154.0 0.0 220.354
09:54:00 668.0 21224.0 217.85 220.54 220.75 220.37 220.45 172.0 220.53 376.0 21224.0 12206.0 9018.0 0.0 220.5506
09:55:00 1148.0 37481.0 217.85 220.33 220.47 219.94 220.3 70.0 220.35 563.0 37481.0 20761.0 16720.0 0.0 220.1581
09:56:00 532.0 25670.0 217.85 220.63 220.725 220.2 220.56 369.0 220.64 810.0 25670.0 16425.0 9245.0 0.0 220.5299
09:57:00 962.0 51757.0 217.85 221.14 221.24 220.51 221.13 50.0 221.18 10.0 51757.0 44026.0 7731.0 0.0 220.9379
09:58:00 479.0 18799.0 217.85 221.0 221.22 220.98 220.98 7.0 221.04 457.0 18799.0 6651.0 12148.0 0.0 221.1073
09:59:00 571.0 25944.0 217.85 220.83 221.19 220.82 220.82 100.0 220.88 5.0 25944.0 14372.0 11572.0 0.0 221.0127
10:00:00 540.0 17035.0 217.85 220.57 220.91 220.38 220.48 58.0 220.58 10.0 17035.0 4890.0 12145.0 0.0 220.7038
10:01:00 376.0 15117.0 217.85 220.3 220.67 220.19 220.26 200.0 220.31 324.0 15117.0 6052.0 9065.0 0.0 220.3993
10:02:00 409.0 14651.0 217.85 220.7 220.96 220.26 220.68 25.0 220.74 250.0 14651.0 9088.0 5563.0 0.0 220.5455
10:03:00 281.0 10995.0 217.85 220.66 220.98 220.51 220.6 20.0 220.68 240.0 10995.0 4909.0 6086.0 0.0 220.7614
10:04:00 570.0 19968.0 217.85 220.69 221.0 220.52 220.7 214.0 220.76 299.0 19968.0 11594.0 8374.0 0.0 220.7399
10:05:00 374.0 13703.0 217.85 220.9 220.97 220.56 220.89 385.0 220.94 190.0 13703.0 7182.0 6521.0 0.0 220.7497
10:06:00 428.0 14257.0 217.85 220.43 220.89 220.25 220.4 59.0 220.44 46.0 14257.0 2660.0 11597.0 0.0 220.4774
10:07:00 344.0 14738.0 217.85 220.24 220.53 220.21 220.22 15.0 220.25 220.0 14738.0 4297.0 10441.0 0.0 220.4007
10:08:00 382.0 12814.0 217.85 220.79 220.86 220.05 220.74 265.0 220.8 312.0 12814.0 6901.0 5913.0 0.0 220.5478
10:09:00 465.0 16799.0 217.85 220.76 221.04 220.69 220.73 12.0 220.8 50.0 16799.0 9783.0 7016.0 0.0 220.8892
10:10:00 181.0 7057.0 217.85 220.78 220.91 220.6 220.76 169.0 220.8 1.0 7057.0 2382.0 4675.0 0.0 220.747
10:11:00 296.0 16331.0 217.85 220.97 221.0 220.7 220.93 643.0 221.01 190.0 16331.0 9316.0 7015.0 0.0 220.8638
10:12:00 378.0 16091.0 217.85 220.84 221.1 220.71 220.81 400.0 220.85 120.0 16091.0 7168.0 8923.0 0.0 220.9501
10:13:00 311.0 14966.0 217.85 220.17 220.81 220.17 220.17 100.0 220.2 12.0 14966.0 3591.0 11375.0 0.0 220.4246
10:14:00 252.0 9305.0 217.85 220.33 220.47 220.17 220.3 11.0 220.34 317.0 9305.0 3935.0 5370.0 0.0 220.2779
10:15:00 295.0 11493.0 217.85 220.14 220.4 220.05 220.11 269.0 220.17 224.0 11493.0 4102.0 7391.0 0.0 220.1722
10:16:00 473.0 21207.0 217.85 220.04 220.24 219.63 219.99 150.0 220.06 394.0 21207.0 5365.0 15842.0 0.0 219.9446
10:17:00 176.0 8161.0 217.85 219.67 220.03 219.45 219.64 360.0 219.7 600.0 8161.0 2464.0 5697.0 0.0 219.6568
10:18:00 448.0 12563.0 217.85 219.79 219.8 219.48 219.74 45.0 219.79 91.0 12563.0 5379.0 7184.0 0.0 219.6388
10:19:00 236.0 9080.0 217.85 219.61 219.84 219.55 219.58 63.0 219.64 385.0 9080.0 2717.0 6363.0 0.0 219.7051
10:20:00 315.0 10473.0 217.85 219.39 219.68 219.31 219.35 150.0 219.41 100.0 10473.0 3227.0 7246.0 0.0 219.5002
10:21:00 314.0 10595.0 217.85 219.92 219.99 219.33 219.9 274.0 219.95 15.0 10595.0 7419.0 3176.0 0.0 219.6782
10:22:00 194.0 6998.0 217.85 219.86 219.97 219.77 219.85 400.0 219.88 5.0 6998.0 3493.0 3505.0 0.0 219.8715
10:23:00 329.0 9232.0 217.85 219.29 219.88 219.23 219.24 150.0 219.32 247.0 9232.0 2518.0 6714.0 0.0 219.5194
10:24:00 261.0 8250.0 217.85 219.28 219.45 219.14 219.26 312.0 219.32 3.0 8250.0 5403.0 2847.0 0.0 219.2989
10:25:00 147.0 6379.0 217.85 219.19 219.37 219.07 219.14 66.0 219.2 1418.0 6379.0 2562.0 3817.0 0.0 219.1772
10:26:00 375.0 21080.0 217.85 218.89 219.29 218.85 218.84 751.0 218.91 29.0 21080.0 8739.0 12341.0 0.0 218.9968
10:27:00 258.0 8645.0 217.85 219.03 219.18 218.84 219.01 183.0 219.07 30.0 8645.0 6189.0 2456.0 0.0 218.953
10:28:00 122.0 5301.0 217.85 218.95 219.12 218.92 218.95 61.0 219.0 100.0 5301.0 3293.0 2008.0 0.0 218.9987
10:29:00 205.0 8040.0 217.85 218.93 219.07 218.85 218.91 158.0 218.99 135.0 8040.0 3909.0 4131.0 0.0 218.9608
10:30:00 247.0 8118.0 217.85 219.06 219.07 218.73 219.03 91.0 219.1 698.0 8118.0 3943.0 4175.0 0.0 218.85
10:31:00 233.0 8293.0 217.85 218.82 219.11 218.8 218.79 1.0 218.83 25.0 8293.0 2201.0 6092.0 0.0 218.9578
10:32:00 258.0 9304.0 217.85 218.69 218.89 218.6 218.65 216.0 218.71 68.0 9304.0 2525.0 6779.0 0.0 218.7145
10:33:00 299.0 12137.0 217.85 218.56 218.71 218.34 218.59 251.0 218.65 3.0 12137.0 4815.0 7322.0 0.0 218.5298
10:34:00 185.0 6564.0 217.85 218.825 218.94 218.61 218.8 246.0 218.85 102.0 6564.0 3798.0 2766.0 0.0 218.7451
10:35:00 275.0 10552.0 217.85 219.02 219.06 218.83 218.99 230.0 219.07 70.0 10552.0 6845.0 3707.0 0.0 218.9578
10:36:00 239.0 8991.0 217.85 219.22 219.26 218.89 219.16 308.0 219.21 1.0 8991.0 6146.0 2845.0 0.0 219.0928
10:37:00 73.0 4247.0 217.85 219.18 219.27 219.16 219.13 162.0 219.17 21.0 4247.0 2844.0 1403.0 0.0 219.2178
10:38:00 237.0 6426.0 217.85 218.94 219.15 218.85 218.87 312.0 218.92 1.0 6426.0 2673.0 3753.0 0.0 218.9726
10:39:00 204.0 7440.0 217.85 218.54 218.94 218.46 218.48 473.0 218.53 50.0 7440.0 2687.0 4753.0 0.0 218.6368
10:40:00 206.0 7632.0 217.85 218.38 218.57 218.34 218.32 899.0 218.39 26.0 7632.0 3785.0 3847.0 0.0 218.4191
10:41:00 188.0 10358.0 217.85 218.34 218.68 218.34 218.32 23.0 218.37 303.0 10358.0 3782.0 6576.0 0.0 218.4624
10:42:00 572.0 19753.0 217.85 217.81 218.33 217.79 217.81 25.0 217.88 55.0 19753.0 7064.0 12689.0 0.0 218.0196
10:43:00 341.0 13904.0 217.85 217.23 217.98 217.23 217.23 621.0 217.3 355.0 13904.0 5709.0 8195.0 0.0 217.7083
10:44:00 242.0 14113.0 217.85 217.25 217.47 217.21 217.2 845.0 217.28 225.0 14113.0 9602.0 4511.0 0.0 217.3485
10:45:00 134.0 5557.0 217.85 217.61 217.61 217.26 217.58 266.0 217.63 5.0 5557.0 3920.0 1637.0 0.0 217.4985
10:46:00 178.0 6242.0 217.85 217.87 217.96 217.58 217.82 20.0 217.88 4.0 6242.0 2440.0 3802.0 0.0 217.7698
10:47:00 186.0 5808.0 217.85 218.12 218.13 217.84 218.05 184.0 218.11 10.0 5808.0 4073.0 1735.0 0.0 217.9945
10:48:00 174.0 5546.0 217.85 217.94 218.1 217.8 217.9 511.0 217.98 159.0 5546.0 1808.0 3738.0 0.0 217.9316
10:49:00 173.0 3937.0 217.85 217.72 217.96 217.72 217.71 298.0 217.75 100.0 3937.0 944.0 2993.0 0.0 217.789
10:50:00 198.0 7354.0 217.85 217.83 217.87 217.5 217.82 67.0 217.9 100.0 7354.0 4767.0 2587.0 0.0 217.6995
10:51:00 307.0 8463.0 217.85 218.05 218.05 217.8 218.01 81.0 218.07 137.0 8463.0 3709.0 4754.0 0.0 217.9192
10:52:00 249.0 7234.0 217.85 218.04 218.1 217.74 218.01 13.0 218.05 25.0 7234.0 4033.0 3201.0 0.0 217.9094
10:53:00 283.0 12768.0 217.85 217.66 218.07 217.58 217.66 215.0 217.72 126.0 12768.0 7300.0 5468.0 0.0 217.6979
10:54:00 212.0 5868.0 217.85 217.865 217.89 217.58 217.84 105.0 217.9 51.0 5868.0 2538.0 3330.0 0.0 217.7385
10:55:00 269.0 14032.0 217.85 217.83 217.87 217.41 217.8 1.0 217.87 325.0 14032.0 3224.0 10808.0 0.0 217.698
10:56:00 143.0 4136.0 217.85 217.57 217.8 217.45 217.54 25.0 217.59 100.0 4136.0 1580.0 2556.0 0.0 217.5677
10:57:00 107.0 3089.0 217.85 217.82 217.88 217.52 217.8 75.0 217.86 50.0 3089.0 2294.0 795.0 0.0 217.75
10:58:00 267.0 7418.0 217.85 218.14 218.2 217.77 218.13 17.0 218.19 51.0 7418.0 4251.0 3167.0 0.0 218.0304
10:59:00 194.0 7592.0 217.85 218.21 218.4 218.175 218.18 220.0 218.26 100.0 7592.0 3887.0 3705.0 0.0 218.2973
11:00:00 197.0 6748.0 217.85 218.31 218.38 218.16 218.25 250.0 218.33 25.0 6748.0 4338.0 2410.0 0.0 218.2956
11:01:00 142.0 6944.0 217.85 218.46 218.5 218.25 218.44 172.0 218.5 389.0 6944.0 5612.0 1332.0 0.0 218.3998
11:02:00 125.0 4639.0 217.85 218.59 218.62 218.43 218.55 250.0 218.62 187.0 4639.0 2804.0 1835.0 0.0 218.535
11:03:00 135.0 5483.0 217.85 218.54 218.72 218.51 218.52 263.0 218.56 831.0 5483.0 1380.0 4103.0 0.0 218.608
11:04:00 149.0 5577.0 217.85 218.33 218.66 218.33 218.29 1.0 218.34 253.0 5577.0 1747.0 3830.0 0.0 218.4959
11:05:00 98.0 3793.0 217.85 218.28 218.5 218.21 218.21 417.0 218.29 170.0 3793.0 2735.0 1058.0 0.0 218.3622
11:06:00 205.0 5739.0 217.85 217.76 218.33 217.75 217.73 225.0 217.79 9.0 5739.0 1285.0 4454.0 0.0 217.9421
11:07:00 438.0 12963.0 217.85 217.25 217.76 217.05 217.21 263.0 217.26 12.0 12963.0 5306.0 7657.0 0.0 217.3857
11:08:00 306.0 9427.0 217.85 217.195 217.25 216.98 217.2 41.0 217.23 1.0 9427.0 4700.0 4727.0 0.0 217.0862
11:09:00 157.0 12358.0 217.85 217.36 217.55 217.12 217.33 63.0 217.41 75.0 12358.0 10269.0 2089.0 0.0 217.3073
11:10:00 106.0 3185.0 217.85 217.4 217.41 217.22 217.4 163.0 217.45 70.0 3185.0 1926.0 1259.0 0.0 217.3539
11:11:00 81.0 2913.0 217.85 217.57 217.63 217.43 217.52 75.0 217.6 315.0 2913.0 1821.0 1092.0 0.0 217.5094
11:12:00 283.0 7654.0 217.85 217.54 217.68 217.44 217.52 369.0 217.56 63.0 7654.0 2834.0 4820.0 0.0 217.527
11:13:00 205.0 6739.0 217.85 217.28 217.52 217.21 217.24 163.0 217.31 154.0 6739.0 2745.0 3994.0 0.0 217.3475
11:14:00 101.0 2510.0 217.85 217.26 217.38 217.21 217.26 1120.0 217.32 81.0 2510.0 1294.0 1216.0 0.0 217.2849
11:15:00 189.0 5061.0 217.85 217.09 217.35 217.05 217.07 100.0 217.14 258.0 5061.0 834.0 4227.0 0.0 217.2305
11:16:00 285.0 11146.0 217.85 216.74 217.185 216.6 216.73 72.0 216.78 31.0 11146.0 4369.0 6777.0 0.0 216.8519
11:17:00 243.0 10146.0 217.85 216.69 216.85 216.64 216.69 358.0 216.75 157.0 10146.0 3564.0 6582.0 0.0 216.7187
11:18:00 129.0 5352.0 217.85 216.94 216.94 216.59 216.93 70.0 216.99 53.0 5352.0 3346.0 2006.0 0.0 216.745
11:19:00 160.0 6489.0 217.85 217.26 217.26 216.9 217.23 387.0 217.28 100.0 6489.0 3484.0 3005.0 0.0 217.0776
11:20:00 189.0 7399.0 217.85 217.42 217.48 217.28 217.35 377.0 217.42 50.0 7399.0 4439.0 2960.0 0.0 217.3878
11:21:00 170.0 6073.0 217.85 217.74 217.8 217.41 217.71 27.0 217.76 100.0 6073.0 2881.0 3192.0 0.0 217.5534
11:22:00 178.0 6489.0 217.85 217.76 217.82 217.56 217.75 267.0 217.82 25.0 6489.0 3862.0 2627.0 0.0 217.7123
11:23:00 166.0 4739.0 217.85 217.66 217.81 217.58 217.63 141.0 217.66 200.0 4739.0 1280.0 3459.0 0.0 217.7253
11:24:00 105.0 3097.0 217.85 217.47 217.715 217.43 217.42 100.0 217.49 185.0 3097.0 821.0 2276.0 0.0 217.5682
11:25:00 84.0 2974.0 217.85 217.64 217.7 217.4 217.62 117.0 217.68 100.0 2974.0 1522.0 1452.0 0.0 217.5713
11:26:00 184.0 5634.0 217.85 217.88 217.95 217.59 217.81 38.0 217.91 54.0 5634.0 3548.0 2086.0 0.0 217.7332
11:27:00 153.0 5978.0 217.85 217.88 218.0 217.83 217.89 226.0 217.98 100.0 5978.0 2661.0 3317.0 0.0 217.9157
11:28:00 108.0 7027.0 217.85 218.08 218.16 217.94 218.07 315.0 218.11 102.0 7027.0 2422.0 4605.0 0.0 218.0665
11:29:00 112.0 4396.0 217.85 218.12 218.17 218.03 218.07 300.0 218.15 451.0 4396.0 1935.0 2461.0 0.0 218.0898
11:30:00 163.0 5735.0 217.85 218.02 218.09 217.88 218.01 389.0 218.06 10.0 5735.0 2067.0 3668.0 0.0 218.0011
11:31:00 212.0 7859.0 217.85 218.07 218.1 217.85 218.01 196.0 218.07 150.0 7859.0 3212.0 4647.0 0.0 217.9938
11:32:00 120.0 2642.0 217.85 218.09 218.18 217.99 218.07 25.0 218.12 184.0 2642.0 1612.0 1030.0 0.0 218.0905
11:33:00 132.0 3981.0 217.85 217.81 218.14 217.8 217.8 21.0 217.86 650.0 3981.0 1259.0 2722.0 0.0 217.9231
11:34:00 151.0 4549.0 217.85 217.7 217.95 217.67 217.71 13.0 217.76 320.0 4549.0 1870.0 2679.0 0.0 217.8121
11:35:00 144.0 4417.0 217.85 217.54 217.8 217.45 217.54 167.0 217.56 1.0 4417.0 1383.0 3034.0 0.0 217.6109
11:36:00 120.0 3461.0 217.85 217.62 217.68 217.55 217.59 150.0 217.67 400.0 3461.0 1082.0 2379.0 0.0 217.6016
11:37:00 101.0 4103.0 217.85 217.77 217.77 217.53 217.74 65.0 217.78 203.0 4103.0 2251.0 1852.0 0.0 217.6594
11:38:00 116.0 2300.0 217.85 217.68 217.75 217.63 217.63 280.0 217.69 200.0 2300.0 768.0 1532.0 0.0 217.6901
11:39:00 96.0 3110.0 217.85 217.73 217.85 217.69 217.72 240.0 217.77 429.0 3110.0 1370.0 1740.0 0.0 217.7762
11:40:00 95.0 3286.0 217.85 217.535 217.72 217.51 217.52 214.0 217.57 203.0 3286.0 649.0 2637.0 0.0 217.6048
11:41:00 119.0 2769.0 217.85 217.56 217.65 217.52 217.54 75.0 217.57 300.0 2769.0 1348.0 1421.0 0.0 217.5778
11:42:00 217.0 5800.0 217.85 217.49 217.65 217.45 217.47 573.0 217.51 307.0 5800.0 2168.0 3632.0 0.0 217.5688
11:43:00 98.0 2577.0 217.85 217.7 217.71 217.5 217.67 72.0 217.73 150.0 2577.0 1284.0 1293.0 0.0 217.6452
11:44:00 93.0 3156.0 217.85 217.58 217.67 217.55 217.57 168.0 217.62 100.0 3156.0 803.0 2353.0 0.0 217.6059
11:45:00 180.0 7180.0 217.85 217.26 217.605 217.21 217.28 164.0 217.33 100.0 7180.0 1699.0 5481.0 0.0 217.3979
11:46:00 69.0 2277.0 217.85 217.24 217.3 217.2 217.24 86.0 217.29 324.0 2277.0 459.0 1818.0 0.0 217.2437
11:47:00 96.0 3201.0 217.85 217.32 217.37 217.17 217.33 3.0 217.36 2.0 3201.0 1545.0 1656.0 0.0 217.2786
11:48:00 202.0 7498.0 217.85 217.36 217.53 217.32 217.35 395.0 217.41 100.0 7498.0 2825.0 4673.0 0.0 217.4433
11:49:00 136.0 7336.0 217.85 217.22 217.42 217.19 217.21 486.0 217.25 487.0 7336.0 2367.0 4969.0 0.0 217.2848
11:50:00 102.0 3755.0 217.85 217.11 217.26 217.03 217.11 71.0 217.16 154.0 3755.0 1278.0 2477.0 0.0 217.1669
11:51:00 124.0 4445.0 217.85 217.23 217.26 217.02 217.23 57.0 217.27 100.0 4445.0 2242.0 2203.0 0.0 217.1286
11:52:00 139.0 4294.0 217.85 217.33 217.36 217.16 217.33 17.0 217.36 350.0 4294.0 1964.0 2330.0 0.0 217.2629
11:53:00 98.0 4138.0 217.85 217.34 217.45 217.32 217.32 190.0 217.38 450.0 4138.0 2451.0 1687.0 0.0 217.3849
11:54:00 192.0 7740.0 217.85 217.34 217.45 217.28 217.33 324.0 217.38 1.0 7740.0 4726.0 3014.0 0.0 217.3528
11:55:00 64.0 1682.0 217.85 217.37 217.39 217.32 217.34 897.0 217.39 634.0 1682.0 584.0 1098.0 0.0 217.3639
11:56:00 131.0 4072.0 217.85 217.26 217.35 217.15 217.22 497.0 217.27 100.0 4072.0 971.0 3101.0 0.0 217.2668
11:57:00 143.0 3722.0 217.85 217.16 217.25 217.1 217.13 225.0 217.19 100.0 3722.0 1090.0 2632.0 0.0 217.1734
11:58:00 167.0 6756.0 217.85 217.14 217.22 217.08 217.11 416.0 217.17 100.0 6756.0 2799.0 3957.0 0.0 217.1274
11:59:00 71.0 3077.0 217.85 217.13 217.185 217.03 217.12 472.0 217.18 350.0 3077.0 1623.0 1454.0 0.0 217.1297
12:00:00 238.0 15329.0 217.85 217.31 217.4 217.13 217.29 409.0 217.36 400.0 15329.0 11846.0 3483.0 0.0 217.244
12:01:00 117.0 2886.0 217.85 217.39 217.42 217.16 217.35 171.0 217.41 141.0 2886.0 1704.0 1182.0 0.0 217.3085
12:02:00 76.0 2758.0 217.85 217.46 217.5 217.36 217.45 307.0 217.49 100.0 2758.0 1115.0 1643.0 0.0 217.4285
12:03:00 57.0 1833.0 217.85 217.42 217.47 217.36 217.41 186.0 217.47 104.0 1833.0 595.0 1238.0 0.0 217.4063
12:04:00 83.0 3330.0 217.85 217.51 217.51 217.4 217.49 50.0 217.53 52.0 3330.0 1205.0 2125.0 0.0 217.4725
12:05:00 103.0 4075.0 217.85 217.725 217.74 217.49 217.71 371.0 217.74 42.0 4075.0 3249.0 826.0 0.0 217.6146
12:06:00 160.0 4896.0 217.85 217.35 217.74 217.35 217.34 156.0 217.38 370.0 4896.0 1276.0 3620.0 0.0 217.5857
12:07:00 183.0 6197.0 217.85 217.32 217.495 217.22 217.32 388.0 217.36 402.0 6197.0 2113.0 4084.0 0.0 217.3467
12:08:00 302.0 17902.0 217.85 217.09 217.34 216.93 217.1 70.0 217.15 200.0 17902.0 3941.0 13961.0 0.0 217.1358
12:09:00 62.0 1968.0 217.85 217.42 217.42 217.16 217.43 369.0 217.49 152.0 1968.0 1291.0 677.0 0.0 217.2684
12:10:00 79.0 2949.0 217.85 217.75 217.77 217.45 217.72 438.0 217.79 100.0 2949.0 1270.0 1679.0 0.0 217.6114
12:11:00 112.0 4979.0 217.85 217.84 217.91 217.72 217.83 5.0 217.89 457.0 4979.0 3474.0 1505.0 0.0 217.8191
12:12:00 140.0 10073.0 217.85 218.17 218.17 217.83 218.14 314.0 218.19 197.0 10073.0 8593.0 1480.0 0.0 218.0311
12:13:00 129.0 3743.0 217.85 217.98 218.2 217.93 217.93 320.0 217.99 111.0 3743.0 1775.0 1968.0 0.0 218.0622
12:14:00 54.0 2010.0 217.85 218.0 218.03 217.95 217.99 275.0 218.04 619.0 2010.0 1239.0 771.0 0.0 217.9905
12:15:00 232.0 8813.0 217.85 217.96 218.12 217.91 217.97 1.0 218.02 31.0 8813.0 4379.0 4434.0 0.0 218.0353
12:16:00 195.0 7297.0 217.85 218.06 218.1 217.94 218.04 11.0 218.1 957.0 7297.0 4183.0 3114.0 0.0 218.0069
12:17:00 341.0 15500.0 217.85 218.18 218.19 218.02 218.16 50.0 218.2 1231.0 15500.0 9779.0 5721.0 0.0 218.1093
12:18:00 220.0 8672.0 217.85 218.19 218.33 218.12 218.17 173.0 218.2 100.0 8672.0 5950.0 2722.0 0.0 218.204
12:19:00 136.0 4063.0 217.85 218.22 218.23 218.04 218.21 268.0 218.22 494.0 4063.0 1675.0 2388.0 0.0 218.1422
12:20:00 147.0 6485.0 217.85 218.28 218.4 218.2 218.27 148.0 218.32 294.0 6485.0 3611.0 2874.0 0.0 218.2876
12:21:00 159.0 4476.0 217.85 218.28 218.37 218.26 218.24 150.0 218.28 2.0 4476.0 2136.0 2340.0 0.0 218.3098
12:22:00 104.0 4334.0 217.85 218.29 218.33 218.22 218.28 62.0 218.32 1016.0 4334.0 1773.0 2561.0 0.0 218.2716
12:23:00 94.0 2501.0 217.85 218.1 218.31 218.07 218.08 117.0 218.12 479.0 2501.0 442.0 2059.0 0.0 218.2082
12:24:00 72.0 2384.0 217.85 218.04 218.14 218.025 218.03 722.0 218.06 31.0 2384.0 834.0 1550.0 0.0 218.0718
12:25:00 110.0 3584.0 217.85 218.04 218.1 218.03 218.04 180.0 218.08 441.0 3584.0 1517.0 2067.0 0.0 218.0778
12:26:00 227.0 11122.0 217.85 218.09 218.25 218.05 218.09 1.0 218.12 1.0 11122.0 8474.0 2648.0 0.0 218.1359
12:27:00 92.0 2605.0 217.85 218.08 218.11 218.03 218.06 386.0 218.1 342.0 2605.0 1057.0 1548.0 0.0 218.0755
12:28:00 126.0 5051.0 217.85 218.17 218.17 218.0 218.14 7.0 218.18 100.0 5051.0 2306.0 2745.0 0.0 218.087
12:29:00 82.0 3680.0 217.85 218.19 218.23 218.1 218.19 532.0 218.24 350.0 3680.0 2559.0 1121.0 0.0 218.1798
12:30:00 105.0 2597.0 217.85 218.3 218.32 218.19 218.28 173.0 218.31 750.0 2597.0 1724.0 873.0 0.0 218.2357
12:31:00 152.0 4890.0 217.85 218.33 218.36 218.24 218.31 255.0 218.36 51.0 4890.0 2780.0 2110.0 0.0 218.2976
12:32:00 147.0 5861.0 217.85 218.37 218.44 218.34 218.36 103.0 218.38 100.0 5861.0 4478.0 1383.0 0.0 218.3849
12:33:00 121.0 5449.0 217.85 218.44 218.46 218.36 218.43 10.0 218.46 569.0 5449.0 3049.0 2400.0 0.0 218.4129
12:34:00 63.0 1924.0 217.85 218.46 218.49 218.44 218.44 356.0 218.48 1157.0 1924.0 1097.0 827.0 0.0 218.4616
12:35:00 230.0 12665.0 217.85 218.48 218.59 218.43 218.48 127.0 218.5 1.0 12665.0 7853.0 4812.0 0.0 218.5143
12:36:00 262.0 14555.0 217.85 218.63 218.72 218.5 218.62 73.0 218.65 591.0 14555.0 7869.0 6686.0 0.0 218.6214
12:37:00 124.0 4278.0 217.85 218.45 218.66 218.44 218.43 48.0 218.46 534.0 4278.0 993.0 3285.0 0.0 218.5581
12:38:00 130.0 4015.0 217.85 218.29 218.43 218.15 218.28 230.0 218.31 2.0 4015.0 1438.0 2577.0 0.0 218.2566
12:39:00 121.0 2011.0 217.85 218.07 218.29 218.04 218.06 806.0 218.1 2.0 2011.0 412.0 1599.0 0.0 218.1129
12:40:00 155.0 7082.0 217.85 217.96 218.1 217.9 217.95 170.0 217.99 114.0 7082.0 2741.0 4341.0 0.0 217.9896
12:41:00 100.0 2200.0 217.85 218.09 218.13 217.94 218.1 275.0 218.15 199.0 2200.0 1361.0 839.0 0.0 218.0619
12:42:00 63.0 1855.0 217.85 218.215 218.25 218.15 218.19 69.0 218.23 16.0 1855.0 1275.0 580.0 0.0 218.2021
12:43:00 93.0 6021.0 217.85 218.07 218.26 218.04 218.03 42.0 218.09 526.0 6021.0 3138.0 2883.0 0.0 218.1815
12:44:00 46.0 1407.0 217.85 218.11 218.11 218.02 218.09 581.0 218.13 1093.0 1407.0 620.0 787.0 0.0 218.061
12:45:00 84.0 5104.0 217.85 217.92 218.11 217.87 217.9 117.0 217.96 456.0 5104.0 911.0 4193.0 0.0 217.9792
12:46:00 50.0 2819.0 217.85 218.05 218.06 217.9 218.02 178.0 218.06 18.0 2819.0 1834.0 985.0 0.0 217.9996
12:47:00 125.0 3439.0 217.85 218.12 218.19 218.02 218.12 124.0 218.15 400.0 3439.0 1950.0 1489.0 0.0 218.1185
12:48:00 88.0 3227.0 217.85 218.21 218.265 218.09 218.21 200.0 218.26 200.0 3227.0 2040.0 1187.0 0.0 218.1984
12:49:00 154.0 3169.0 217.85 218.22 218.32 218.18 218.22 69.0 218.26 50.0 3169.0 1865.0 1304.0 0.0 218.2529
12:50:00 246.0 8377.0 217.85 218.43 218.43 218.2 218.41 325.0 218.45 36.0 8377.0 6317.0 2060.0 0.0 218.3553
12:51:00 157.0 6987.0 217.85 218.64 218.66 218.41 218.63 219.0 218.66 43.0 6987.0 5768.0 1219.0 0.0 218.5906
12:52:00 179.0 5963.0 217.85 218.7 218.76 218.64 218.69 65.0 218.74 160.0 5963.0 4053.0 1910.0 0.0 218.7097
12:53:00 127.0 3080.0 217.85 218.84 218.86 218.641 218.84 271.0 218.85 100.0 3080.0 2179.0 901.0 0.0 218.7759
12:54:00 104.0 3628.0 217.85 218.78 218.88 218.78 218.77 423.0 218.8 68.0 3628.0 2466.0 1162.0 0.0 218.8408
12:55:00 119.0 4129.0 217.85 218.86 218.86 218.74 218.84 215.0 218.86 106.0 4129.0 2161.0 1968.0 0.0 218.7887
12:56:00 166.0 6304.0 217.85 218.92 218.92 218.8 218.91 100.0 218.93 324.0 6304.0 4750.0 1554.0 0.0 218.8598
12:57:00 110.0 3000.0 217.85 218.87 218.92 218.85 218.85 103.0 218.89 750.0 3000.0 965.0 2035.0 0.0 218.8903
12:58:00 115.0 3530.0 217.85 218.83 218.88 218.81 218.83 95.0 218.86 567.0 3530.0 1350.0 2180.0 0.0 218.8383
12:59:00 190.0 6920.0 217.85 218.84 218.95 218.82 218.83 31.0 218.87 356.0 6920.0 3557.0 3363.0 0.0 218.8861
13:00:00 105.0 3002.0 217.85 218.775 218.84 218.73 218.75 2.0 218.8 288.0 3002.0 1504.0 1498.0 0.0 218.7706
13:01:00 86.0 2579.0 217.85 218.76 218.83 218.71 218.73 120.0 218.76 100.0 2579.0 1502.0 1077.0 0.0 218.7624
13:02:00 150.0 3740.0 217.85 218.6 218.75 218.6 218.6 49.0 218.64 200.0 3740.0 1277.0 2463.0 0.0 218.6807
13:03:00 127.0 3886.0 217.85 218.53 218.63 218.49 218.51 218.0 218.55 104.0 3886.0 1532.0 2354.0 0.0 218.5447
13:04:00 104.0 3072.0 217.85 218.51 218.54 218.45 218.5 261.0 218.54 605.0 3072.0 1372.0 1700.0 0.0 218.4894
13:05:00 68.0 1996.0 217.85 218.62 218.62 218.5 218.61 86.0 218.62 20.0 1996.0 1681.0 315.0 0.0 218.5542
13:06:00 142.0 4783.0 217.85 218.57 218.67 218.5 218.55 50.0 218.57 412.0 4783.0 2124.0 2659.0 0.0 218.5684
13:07:00 46.0 902.0 217.85 218.48 218.535 218.47 218.48 166.0 218.51 251.0 902.0 414.0 488.0 0.0 218.4902
13:08:00 95.0 2986.0 217.85 218.53 218.57 218.465 218.52 21.0 218.53 100.0 2986.0 1929.0 1057.0 0.0 218.5131
13:09:00 95.0 2753.0 217.85 218.56 218.58 218.48 218.52 558.0 218.57 162.0 2753.0 1580.0 1173.0 0.0 218.5367
13:10:00 67.0 2182.0 217.85 218.58 218.6 218.52 218.57 220.0 218.59 219.0 2182.0 1926.0 256.0 0.0 218.557
13:11:00 169.0 5740.0 217.85 218.5 218.64 218.5 218.49 45.0 218.5 30.0 5740.0 3048.0 2692.0 0.0 218.5818
13:12:00 140.0 3996.0 217.85 218.52 218.6 218.42 218.49 224.0 218.54 605.0 3996.0 2588.0 1408.0 0.0 218.5009
13:13:00 149.0 3828.0 217.85 218.36 218.49 218.35 218.34 280.0 218.37 48.0 3828.0 1392.0 2436.0 0.0 218.4154
13:14:00 111.0 2778.0 217.85 218.16 218.38 218.1 218.1 55.0 218.14 250.0 2778.0 1396.0 1382.0 0.0 218.1779
13:15:00 96.0 1964.0 217.85 218.2 218.24 218.12 218.17 313.0 218.21 12.0 1964.0 1096.0 868.0 0.0 218.1947
13:16:00 157.0 7140.0 217.85 218.06 218.17 217.99 218.03 53.0 218.08 101.0 7140.0 3074.0 4066.0 0.0 218.0544
13:17:00 153.0 3846.0 217.85 218.28 218.3 218.06 218.25 53.0 218.3 123.0 3846.0 2995.0 851.0 0.0 218.1777
13:18:00 110.0 3851.0 217.85 218.14 218.29 218.1 218.14 100.0 218.17 54.0 3851.0 2286.0 1565.0 0.0 218.2182
13:19:00 88.0 2400.0 217.85 218.17 218.28 218.13 218.15 9.0 218.17 1.0 2400.0 822.0 1578.0 0.0 218.176
13:20:00 91.0 2207.0 217.85 218.19 218.23 218.15 218.15 300.0 218.21 150.0 2207.0 1320.0 887.0 0.0 218.2004
13:21:00 86.0 2596.0 217.85 218.17 218.19 218.06 218.16 216.0 218.2 512.0 2596.0 1006.0 1590.0 0.0 218.1397
13:22:00 75.0 3652.0 217.85 218.11 218.18 218.06 218.08 124.0 218.12 125.0 3652.0 922.0 2730.0 0.0 218.111
13:23:00 115.0 5543.0 217.85 218.05 218.09 217.99 218.02 278.0 218.07 674.0 5543.0 1741.0 3802.0 0.0 218.0233
13:24:00 131.0 4473.0 217.85 218.08 218.11 217.99 218.05 300.0 218.08 13.0 4473.0 2358.0 2115.0 0.0 218.0592
13:25:00 61.0 1595.0 217.85 218.14 218.18 218.07 218.12 648.0 218.17 23.0 1595.0 1241.0 354.0 0.0 218.1351
13:26:00 83.0 2651.0 217.85 218.07 218.22 218.06 218.04 506.0 218.08 2.0 2651.0 1625.0 1026.0 0.0 218.1588
13:27:00 105.0 5885.0 217.85 217.98 218.06 217.92 217.97 276.0 218.02 451.0 5885.0 1102.0 4783.0 0.0 217.9838
13:28:00 101.0 3508.0 217.85 218.15 218.15 217.97 218.14 55.0 218.16 23.0 3508.0 2816.0 692.0 0.0 218.0139
13:29:00 72.0 895.0 217.85 218.27 218.31 218.16 218.26 97.0 218.3 405.0 895.0 715.0 180.0 0.0 218.238
13:30:00 174.0 6417.0 217.85 218.08 218.29 217.97 218.06 250.0 218.1 23.0 6417.0 3878.0 2539.0 0.0 218.1326
13:31:00 152.0 4913.0 217.85 217.95 218.07 217.7 217.94 1.0 217.97 168.0 4913.0 2045.0 2868.0 0.0 217.8737
13:32:00 70.0 3922.0 217.85 217.99 218.01 217.9 217.97 336.0 218.0 24.0 3922.0 3102.0 820.0 0.0 217.9878
13:33:00 79.0 2098.0 217.85 218.005 218.12 217.99 217.99 123.0 218.03 331.0 2098.0 981.0 1117.0 0.0 218.0516
13:34:00 78.0 2444.0 217.85 217.94 218.05 217.93 217.91 103.0 217.96 117.0 2444.0 890.0 1554.0 0.0 218.0081
13:35:00 123.0 4769.0 217.85 217.83 217.92 217.78 217.79 581.0 217.83 258.0 4769.0 2327.0 2442.0 0.0 217.8661
13:36:00 99.0 4313.0 217.85 217.72 217.8 217.64 217.7 270.0 217.73 3.0 4313.0 1309.0 3004.0 0.0 217.71
13:37:00 87.0 2926.0 217.85 217.68 217.73 217.55 217.66 210.0 217.7 300.0 2926.0 1139.0 1787.0 0.0 217.6505
13:38:00 68.0 2113.0 217.85 217.75 217.75 217.625 217.74 318.0 217.78 31.0 2113.0 1078.0 1035.0 0.0 217.667
13:39:00 44.0 1365.0 217.85 217.77 217.79 217.72 217.76 6.0 217.78 1.0 1365.0 742.0 623.0 0.0 217.7678
13:40:00 198.0 4408.0 217.85 217.71 217.79 217.6 217.67 68.0 217.7 52.0 4408.0 1682.0 2726.0 0.0 217.6972
13:41:00 80.0 2748.0 217.85 217.68 217.74 217.59 217.68 250.0 217.72 369.0 2748.0 1261.0 1487.0 0.0 217.67
13:42:00 61.0 3359.0 217.85 217.85 217.85 217.71 217.83 370.0 217.86 112.0 3359.0 2851.0 508.0 0.0 217.7865
13:43:00 115.0 3400.0 217.85 217.98 218.0 217.85 217.94 454.0 217.99 50.0 3400.0 1864.0 1536.0 0.0 217.9247
13:44:00 68.0 2504.0 217.85 217.91 217.98 217.82 217.88 136.0 217.92 3.0 2504.0 601.0 1903.0 0.0 217.9007
13:45:00 45.0 1178.0 217.85 217.94 218.01 217.9 217.9 262.0 217.94 558.0 1178.0 630.0 548.0 0.0 217.9546
13:46:00 118.0 2236.0 217.85 217.88 217.92 217.85 217.86 437.0 217.9 11.0 2236.0 1146.0 1090.0 0.0 217.8879
13:47:00 104.0 4151.0 217.85 217.97 218.0 217.83 217.94 105.0 217.99 252.0 4151.0 2650.0 1501.0 0.0 217.9264
13:48:00 41.0 1050.0 217.85 217.89 217.98 217.89 217.89 711.0 217.93 31.0 1050.0 401.0 649.0 0.0 217.9357
13:49:00 63.0 2848.0 217.85 217.82 217.97 217.81 217.81 97.0 217.86 527.0 2848.0 563.0 2285.0 0.0 217.8788
13:50:00 55.0 1734.0 217.85 217.75 217.85 217.71 217.73 170.0 217.77 279.0 1734.0 678.0 1056.0 0.0 217.7816
13:51:00 118.0 4254.0 217.85 217.57 217.76 217.54 217.55 72.0 217.59 485.0 4254.0 1383.0 2871.0 0.0 217.6427
13:52:00 154.0 6658.0 217.85 217.52 217.6 217.41 217.51 205.0 217.55 237.0 6658.0 2900.0 3758.0 0.0 217.5148
13:53:00 172.0 6811.0 217.85 217.41 217.53 217.31 217.39 300.0 217.42 2.0 6811.0 1841.0 4970.0 0.0 217.4035
13:54:00 138.0 5190.0 217.85 217.58 217.6 217.42 217.56 67.0 217.59 61.0 5190.0 2490.0 2700.0 0.0 217.5022
13:55:00 45.0 811.0 217.85 217.48 217.56 217.47 217.48 66.0 217.52 154.0 811.0 216.0 595.0 0.0 217.5154
13:56:00 55.0 1874.0 217.85 217.5 217.56 217.48 217.5 50.0 217.53 252.0 1874.0 1519.0 355.0 0.0 217.5311
13:57:00 97.0 3755.0 217.85 217.69 217.72 217.53 217.68 381.0 217.72 33.0 3755.0 3141.0 614.0 0.0 217.6341
13:58:00 59.0 2262.0 217.85 217.78 217.78 217.66 217.75 170.0 217.79 455.0 2262.0 915.0 1347.0 0.0 217.7144
13:59:00 132.0 2656.0 217.85 217.64 217.79 217.51 217.61 64.0 217.66 389.0 2656.0 1004.0 1652.0 0.0 217.6488
14:00:00 66.0 1760.0 217.85 217.47 217.61 217.44 217.48 336.0 217.53 187.0 1760.0 520.0 1240.0 0.0 217.5202
14:01:00 106.0 4338.0 217.85 217.45 217.56 217.4 217.43 33.0 217.47 222.0 4338.0 1852.0 2486.0 0.0 217.4664
14:02:00 70.0 2433.0 217.85 217.37 217.48 217.36 217.36 87.0 217.39 121.0 2433.0 1110.0 1323.0 0.0 217.4045
14:03:00 179.0 6952.0 217.85 217.32 217.41 217.24 217.29 1.0 217.33 100.0 6952.0 2824.0 4128.0 0.0 217.3303
14:04:00 156.0 10747.0 217.85 217.25 217.34 217.13 217.23 400.0 217.28 350.0 10747.0 2648.0 8099.0 0.0 217.2015
14:05:00 128.0 5486.0 217.85 217.28 217.36 217.16 217.27 41.0 217.31 250.0 5486.0 3152.0 2334.0 0.0 217.2842
14:06:00 102.0 3630.0 217.85 217.3 217.42 217.17 217.27 100.0 217.32 359.0 3630.0 1845.0 1785.0 0.0 217.3074
14:07:00 55.0 1884.0 217.85 217.34 217.39 217.21 217.28 172.0 217.34 200.0 1884.0 878.0 1006.0 0.0 217.3101
14:08:00 62.0 2771.0 217.85 217.52 217.52 217.24 217.48 172.0 217.52 401.0 2771.0 2099.0 672.0 0.0 217.3762
14:09:00 77.0 2508.0 217.85 217.53 217.56 217.44 217.51 10.0 217.53 1.0 2508.0 874.0 1634.0 0.0 217.4946
14:10:00 86.0 4635.0 217.85 217.62 217.7 217.52 217.6 44.0 217.65 1351.0 4635.0 3043.0 1592.0 0.0 217.6495
14:11:00 133.0 4332.0 217.85 217.585 217.62 217.45 217.55 310.0 217.6 31.0 4332.0 2291.0 2041.0 0.0 217.5498
14:12:00 86.0 2361.0 217.85 217.54 217.67 217.54 217.51 50.0 217.57 916.0 2361.0 739.0 1622.0 0.0 217.5872
14:13:00 105.0 4941.0 217.85 217.64 217.7 217.57 217.61 200.0 217.66 1100.0 4941.0 2863.0 2078.0 0.0 217.6183
14:14:00 51.0 2114.0 217.85 217.46 217.64 217.44 217.44 100.0 217.49 350.0 2114.0 1352.0 762.0 0.0 217.501
14:15:00 69.0 2714.0 217.85 217.41 217.53 217.41 217.41 38.0 217.47 541.0 2714.0 1790.0 924.0 0.0 217.4936
14:16:00 136.0 5681.0 217.85 217.41 217.5 217.34 217.39 300.0 217.44 300.0 5681.0 3356.0 2325.0 0.0 217.4416
14:17:00 116.0 5436.0 217.85 217.37 217.44 217.27 217.33 264.0 217.38 87.0 5436.0 2534.0 2902.0 0.0 217.3625
14:18:00 105.0 3589.0 217.85 217.38 217.41 217.33 217.35 508.0 217.4 368.0 3589.0 1605.0 1984.0 0.0 217.3697
14:19:00 82.0 1890.0 217.85 217.375 217.42 217.32 217.36 777.0 217.41 570.0 1890.0 775.0 1115.0 0.0 217.3615
14:20:00 74.0 4652.0 217.85 217.3 217.38 217.21 217.22 400.0 217.29 51.0 4652.0 1019.0 3633.0 0.0 217.2763
14:21:00 39.0 846.0 217.85 217.27 217.29 217.21 217.26 476.0 217.31 597.0 846.0 368.0 478.0 0.0 217.2581
14:22:00 115.0 5153.0 217.85 217.38 217.45 217.24 217.39 20.0 217.42 349.0 5153.0 1888.0 3265.0 0.0 217.358
14:23:00 111.0 4038.0 217.85 217.5 217.52 217.34 217.46 400.0 217.51 220.0 4038.0 1459.0 2579.0 0.0 217.4091
14:24:00 89.0 3197.0 217.85 217.63 217.63 217.46 217.58 69.0 217.63 476.0 3197.0 2101.0 1096.0 0.0 217.5473
14:25:00 67.0 4048.0 217.85 217.63 217.63 217.55 217.63 25.0 217.65 14.0 4048.0 3621.0 427.0 0.0 217.5988
14:26:00 150.0 5783.0 217.85 217.6 217.75 217.58 217.57 208.0 217.6 3.0 5783.0 2810.0 2973.0 0.0 217.657
14:27:00 117.0 5719.0 217.85 217.49 217.6 217.48 217.5 295.0 217.53 65.0 5719.0 2143.0 3576.0 0.0 217.5301
14:28:00 39.0 1023.0 217.85 217.56 217.57 217.53 217.53 156.0 217.57 449.0 1023.0 518.0 505.0 0.0 217.5514
14:29:00 69.0 2671.0 217.85 217.53 217.6 217.48 217.5 3.0 217.52 10.0 2671.0 1048.0 1623.0 0.0 217.5179
14:30:00 41.0 1081.0 217.85 217.54 217.61 217.48 217.54 483.0 217.58 625.0 1081.0 448.0 633.0 0.0 217.538
14:31:00 96.0 2846.0 217.85 217.54 217.59 217.5 217.52 75.0 217.55 50.0 2846.0 1328.0 1518.0 0.0 217.5413
14:32:00 116.0 3605.0 217.85 217.5 217.59 217.38 217.49 23.0 217.52 150.0 3605.0 1988.0 1617.0 0.0 217.4846
14:33:00 77.0 3633.0 217.85 217.29 217.52 217.29 217.28 326.0 217.33 121.0 3633.0 640.0 2993.0 0.0 217.3773
14:34:00 97.0 4050.0 217.85 217.25 217.43 217.17 217.19 100.0 217.25 250.0 4050.0 706.0 3344.0 0.0 217.2621
14:35:00 81.0 4125.0 217.85 217.21 217.25 217.16 217.21 806.0 217.26 2.0 4125.0 693.0 3432.0 0.0 217.1922
14:36:00 113.0 4695.0 217.85 217.18 217.3 217.09 217.16 67.0 217.2 550.0 4695.0 1910.0 2785.0 0.0 217.1981
14:37:00 48.0 1585.0 217.85 217.16 217.23 217.14 217.13 115.0 217.17 523.0 1585.0 483.0 1102.0 0.0 217.1799
14:38:00 125.0 4289.0 217.85 217.16 217.22 217.13 217.13 207.0 217.17 300.0 4289.0 2301.0 1988.0 0.0 217.1691
14:39:00 84.0 3065.0 217.85 217.33 217.33 217.17 217.33 66.0 217.37 100.0 3065.0 2449.0 616.0 0.0 217.2234
14:40:00 78.0 2031.0 217.85 217.27 217.33 217.23 217.26 350.0 217.3 49.0 2031.0 649.0 1382.0 0.0 217.2779
14:41:00 161.0 5609.0 217.85 217.22 217.26 217.15 217.2 69.0 217.23 101.0 5609.0 3057.0 2552.0 0.0 217.203
14:42:00 88.0 3936.0 217.85 217.12 217.25 217.12 217.1 152.0 217.13 11.0 3936.0 1320.0 2616.0 0.0 217.1923
14:43:00 316.0 20253.0 217.85 216.97 217.13 216.88 216.96 50.0 216.99 438.0 20253.0 7285.0 12968.0 0.0 216.9844
14:44:00 173.0 5826.0 217.85 217.01 217.13 216.98 216.98 310.0 217.04 521.0 5826.0 3215.0 2611.0 0.0 217.0603
14:45:00 114.0 4063.0 217.85 216.89 217.0 216.87 216.87 250.0 216.92 171.0 4063.0 1935.0 2128.0 0.0 216.9345
14:46:00 168.0 6659.0 217.85 216.96 217.02 216.83 216.95 103.0 216.99 210.0 6659.0 3715.0 2944.0 0.0 216.9216
14:47:00 104.0 2993.0 217.85 217.03 217.05 216.89 217.01 201.0 217.04 50.0 2993.0 2316.0 677.0 0.0 216.9795
14:48:00 66.0 1287.0 217.85 217.15 217.15 216.99 217.17 69.0 217.2 50.0 1287.0 809.0 478.0 0.0 217.0538
14:49:00 141.0 6030.0 217.85 217.28 217.3 217.11 217.25 450.0 217.29 1.0 6030.0 4353.0 1677.0 0.0 217.1885
14:50:00 95.0 3143.0 217.85 217.23 217.26 217.16 217.22 166.0 217.25 40.0 3143.0 1385.0 1758.0 0.0 217.2136
14:51:00 114.0 3892.0 217.85 217.31 217.31 217.18 217.3 71.0 217.32 10.0 3892.0 2371.0 1521.0 0.0 217.2211
14:52:00 126.0 4377.0 217.85 217.31 217.36 217.19 217.27 4.0 217.29 200.0 4377.0 2524.0 1853.0 0.0 217.3089
14:53:00 73.0 1896.0 217.85 217.23 217.29 217.2 217.22 1064.0 217.24 10.0 1896.0 842.0 1054.0 0.0 217.2496
14:54:00 86.0 4505.0 217.85 217.2 217.3 217.18 217.18 420.0 217.22 23.0 4505.0 2493.0 2012.0 0.0 217.2332
14:55:00 60.0 1599.0 217.85 217.22 217.23 217.14 217.2 110.0 217.24 374.0 1599.0 736.0 863.0 0.0 217.1943
14:56:00 88.0 2589.0 217.85 217.18 217.22 217.09 217.16 143.0 217.2 465.0 2589.0 1118.0 1471.0 0.0 217.1693
14:57:00 84.0 2347.0 217.85 217.18 217.21 217.14 217.18 100.0 217.22 150.0 2347.0 1602.0 745.0 0.0 217.1861
14:58:00 56.0 1869.0 217.85 217.3 217.32 217.2 217.3 71.0 217.32 514.0 1869.0 1458.0 411.0 0.0 217.2654
14:59:00 56.0 2120.0 217.85 217.34 217.38 217.27 217.33 765.0 217.36 1.0 2120.0 1394.0 726.0 0.0 217.3248
15:00:00 73.0 2903.0 217.85 217.305 217.36 217.25 217.28 772.0 217.32 123.0 2903.0 800.0 2103.0 0.0 217.3122
15:01:00 230.0 9393.0 217.85 217.41 217.47 217.27 217.41 8.0 217.43 139.0 9393.0 4315.0 5078.0 0.0 217.3641
15:02:00 156.0 6343.0 217.85 217.28 217.42 217.05 217.3 593.0 217.36 10.0 6343.0 2802.0 3541.0 0.0 217.2579
15:03:00 54.0 2969.0 217.85 217.21 217.45 217.21 217.21 50.0 217.25 128.0 2969.0 2068.0 901.0 0.0 217.3783
15:04:00 73.0 2582.0 217.85 217.19 217.25 217.1 217.18 215.0 217.22 323.0 2582.0 1160.0 1422.0 0.0 217.1627
15:05:00 101.0 3481.0 217.85 217.17 217.29 217.11 217.16 67.0 217.2 19.0 3481.0 1841.0 1640.0 0.0 217.207
15:06:00 105.0 4070.0 217.85 216.96 217.21 216.94 216.94 469.0 216.99 211.0 4070.0 1286.0 2784.0 0.0 217.0772
15:07:00 147.0 5832.0 217.85 216.97 217.03 216.86 216.93 554.0 216.98 17.0 5832.0 2865.0 2967.0 0.0 216.9673
15:08:00 96.0 3293.0 217.85 217.05 217.05 216.91 217.01 468.0 217.05 20.0 3293.0 1612.0 1681.0 0.0 216.9456
15:09:00 100.0 3412.0 217.85 217.03 217.09 216.95 217.01 350.0 217.04 19.0 3412.0 1900.0 1512.0 0.0 217.0169
15:10:00 55.0 1450.0 217.85 216.99 217.05 216.98 216.97 176.0 217.0 150.0 1450.0 606.0 844.0 0.0 217.0152
15:11:00 177.0 4586.0 217.85 217.05 217.12 216.99 217.05 1.0 217.06 232.0 4586.0 2209.0 2377.0 0.0 217.0437
15:12:00 157.0 5524.0 217.85 217.07 217.13 216.98 217.05 87.0 217.09 500.0 5524.0 3103.0 2421.0 0.0 217.0651
15:13:00 107.0 3552.0 217.85 217.08 217.12 216.97 217.06 171.0 217.09 215.0 3552.0 2446.0 1106.0 0.0 217.0488
15:14:00 140.0 6242.0 217.85 217.18 217.24 217.06 217.18 100.0 217.2 28.0 6242.0 4070.0 2172.0 0.0 217.1388
15:15:00 141.0 4667.0 217.85 217.28 217.28 217.16 217.25 200.0 217.29 546.0 4667.0 2305.0 2362.0 0.0 217.2144
15:16:00 185.0 4416.0 217.85 217.415 217.48 217.24 217.4 370.0 217.42 4.0 4416.0 2154.0 2262.0 0.0 217.3954
15:17:00 299.0 8838.0 217.85 217.39 217.56 217.35 217.36 11.0 217.38 40.0 8838.0 4548.0 4290.0 0.0 217.4514
15:18:00 220.0 5147.0 217.85 217.31 217.39 217.28 217.33 21.0 217.34 10.0 5147.0 2578.0 2569.0 0.0 217.3414
15:19:00 195.0 4038.0 217.85 217.35 217.4 217.32 217.35 11.0 217.36 1.0 4038.0 1598.0 2440.0 0.0 217.3632
15:20:00 185.0 4281.0 217.85 217.23 217.35 217.19 217.21 72.0 217.22 1.0 4281.0 1903.0 2378.0 0.0 217.266
15:21:00 338.0 9203.0 217.85 217.26 217.32 217.16 217.25 100.0 217.26 24.0 9203.0 5165.0 4038.0 0.0 217.2366
15:22:00 251.0 7436.0 217.85 217.48 217.52 217.22 217.47 309.0 217.48 15.0 7436.0 4651.0 2785.0 0.0 217.4058
15:23:00 312.0 8558.0 217.85 217.44 217.63 217.44 217.44 23.0 217.46 327.0 8558.0 3847.0 4711.0 0.0 217.5172
15:24:00 227.0 4538.0 217.85 217.36 217.5 217.36 217.35 172.0 217.37 675.0 4538.0 2243.0 2295.0 0.0 217.4443
15:25:00 249.0 6262.0 217.85 217.24 217.39 217.21 217.23 72.0 217.25 529.0 6262.0 2844.0 3418.0 0.0 217.3113
15:26:00 350.0 8735.0 217.85 217.15 217.26 217.07 217.15 62.0 217.16 23.0 8735.0 4008.0 4727.0 0.0 217.1569
15:27:00 258.0 6852.0 217.85 217.07 217.23 217.07 217.06 506.0 217.07 100.0 6852.0 3455.0 3397.0 0.0 217.1571
15:28:00 265.0 7536.0 217.85 217.1 217.1 217.0 217.1 164.0 217.11 274.0 7536.0 3722.0 3814.0 0.0 217.0457
15:29:00 304.0 9563.0 217.85 217.12 217.17 217.05 217.11 260.0 217.13 124.0 9563.0 6067.0 3496.0 0.0 217.1053
15:30:00 261.0 5553.0 217.85 217.2 217.25 217.11 217.18 31.0 217.19 125.0 5553.0 2900.0 2653.0 0.0 217.1766
15:31:00 319.0 10414.0 217.85 217.4 217.42 217.1 217.39 670.0 217.41 28.0 10414.0 4343.0 6071.0 0.0 217.2339
15:32:00 290.0 6861.0 217.85 217.4 217.49 217.35 217.39 233.0 217.41 298.0 6861.0 2937.0 3924.0 0.0 217.4235
15:33:00 208.0 6471.0 217.85 217.36 217.41 217.31 217.36 135.0 217.37 315.0 6471.0 2564.0 3907.0 0.0 217.3582
15:34:00 396.0 14012.0 217.85 217.22 217.51 217.2 217.22 12.0 217.23 511.0 14012.0 5187.0 8825.0 0.0 217.3842
15:35:00 296.0 8278.0 217.85 217.23 217.29 217.11 217.23 40.0 217.24 10.0 8278.0 4507.0 3771.0 0.0 217.2136
15:36:00 410.0 10072.0 217.85 217.31 217.44 217.16 217.31 6.0 217.32 22.0 10072.0 5755.0 4317.0 0.0 217.2775
15:37:00 299.0 7475.0 217.85 217.28 217.45 217.28 217.28 73.0 217.3 290.0 7475.0 3374.0 4101.0 0.0 217.3778
15:38:00 278.0 6322.0 217.85 217.25 217.32 217.21 217.24 188.0 217.26 23.0 6322.0 2897.0 3425.0 0.0 217.2651
15:39:00 244.0 6626.0 217.85 217.15 217.25 217.12 217.14 111.0 217.16 282.0 6626.0 3020.0 3606.0 0.0 217.1835
15:40:00 281.0 8553.0 217.85 217.14 217.24 217.08 217.14 275.0 217.16 23.0 8553.0 3217.0 5336.0 0.0 217.1615
15:41:00 264.0 7132.0 217.85 217.21 217.24 217.13 217.21 5.0 217.22 596.0 7132.0 3082.0 4050.0 0.0 217.1776
15:42:00 342.0 8799.0 217.85 217.12 217.21 217.09 217.11 103.0 217.12 26.0 8799.0 3769.0 5030.0 0.0 217.1533
15:43:00 274.0 8350.0 217.85 217.13 217.17 217.08 217.11 126.0 217.12 2.0 8350.0 4298.0 4052.0 0.0 217.1188
15:44:00 261.0 7532.0 217.85 217.38 217.39 217.11 217.38 26.0 217.39 10.0 7532.0 3945.0 3587.0 0.0 217.244
15:45:00 339.0 9692.0 217.85 217.49 217.53 217.37 217.49 100.0 217.5 257.0 9692.0 4569.0 5123.0 0.0 217.4533
15:46:00 446.0 14392.0 217.85 217.64 217.72 217.45 217.63 151.0 217.65 327.0 14392.0 7323.0 7069.0 0.0 217.6273
15:47:00 465.0 15704.0 217.85 217.54 217.68 217.52 217.53 88.0 217.55 247.0 15704.0 7197.0 8507.0 0.0 217.5994
15:48:00 394.0 11279.0 217.85 217.32 217.55 217.32 217.31 50.0 217.33 230.0 11279.0 4130.0 7149.0 0.0 217.445
15:49:00 512.0 12604.0 217.85 217.42 217.45 217.23 217.42 4.0 217.43 12.0 12604.0 5675.0 6929.0 0.0 217.3707
15:50:00 307.0 8848.0 217.85 217.29 217.44 217.28 217.26 152.0 217.28 82.0 8848.0 3620.0 5228.0 0.0 217.3857
15:51:00 849.0 24112.0 217.85 217.33 217.45 217.27 217.33 8.0 217.35 206.0 24112.0 11212.0 12900.0 0.0 217.349
15:52:00 627.0 22409.0 217.85 217.54 217.65 217.32 217.54 24.0 217.55 226.0 22409.0 12394.0 10015.0 0.0 217.493
15:53:00 478.0 13260.0 217.85 217.53 217.69 217.47 217.52 150.0 217.53 6.0 13260.0 5370.0 7890.0 0.0 217.5827
15:54:00 471.0 16645.0 217.85 217.66 217.67 217.51 217.65 508.0 217.66 15.0 16645.0 7831.0 8814.0 0.0 217.5878
15:55:00 606.0 20799.0 217.85 217.7 217.72 217.63 217.69 275.0 217.7 76.0 20799.0 10680.0 10119.0 0.0 217.6666
15:56:00 699.0 25114.0 217.85 217.82 217.85 217.69 217.82 245.0 217.83 258.0 25114.0 14175.0 10939.0 0.0 217.7741
15:57:00 425.0 14985.0 217.85 217.825 217.855 217.79 217.82 471.0 217.83 242.0 14985.0 6134.0 8851.0 0.0 217.8226
15:58:00 497.0 20328.0 217.85 217.79 217.82 217.685 217.79 1361.0 217.8 489.0 20328.0 9460.0 10868.0 0.0 217.7366
15:59:00 544.0 27227.0 217.85 217.64 217.82 217.62 217.63 984.0 217.64 125.0 27227.0 12166.0 15061.0 0.0 217.7142
16:00:00 846.0 45302.0 217.85 217.61 217.65 217.43 217.61 3892.0 217.62 2172.0 45302.0 18581.0 26721.0 0.0 217.5495
16:01:00 10.0 241.0 217.85 217.33 217.78 217.33 217.45 3896.0 217.62 1880.0 241.0 206.0 35.0 0.0 217.5725
16:02:00 2.0 10.0 217.85 217.7 217.7 217.65 217.49 6.0 217.62 1880.0 10.0 10.0 0.0 0.0 217.655
16:03:00 7.0 67.0 217.85 217.49 217.5 217.49 217.45 3896.0 217.5 200.0 67.0 61.0 6.0 0.0 217.4991
16:04:00 1.0 3.0 217.85 217.5 217.5 217.5 217.45 3896.0 217.5 199.0 3.0 3.0 0.0 0.0 217.5
16:05:00 5.0 113.0 217.85 217.26 217.5 217.25 217.45 3896.0 217.48 1.0 113.0 100.0 13.0 0.0 217.4712
16:06:00 1.0 1.0 217.85 217.4 217.4 217.4 217.45 3896.0 217.42 1.0 1.0 1.0 0.0 0.0 217.4
16:07:00 3.0 1.0 217.85 217.26 217.48 217.26 217.45 3896.0 217.42 1.0 1.0 1.0 0.0 0.0 217.46
16:08:00 0.0 0.0 217.85 217.26 nan nan 217.45 3896.0 217.42 1.0 nan 0.0 0.0 0.0 nan
16:09:00 3.0 115.0 217.85 217.22 217.38 217.22 217.45 3896.0 217.42 1.0 115.0 100.0 15.0 0.0 217.3623
16:10:00 1.0 10.0 217.85 217.38 217.38 217.38 217.45 3896.0 217.42 1.0 10.0 0.0 10.0 0.0 217.38
16:11:00 6.0 5.0 217.85 217.26 217.46 217.26 217.45 3896.0 217.33 12.0 5.0 1.0 4.0 0.0 217.356
16:12:00 2.0 2.0 217.85 217.33 217.33 217.27 217.45 3896.0 217.42 1.0 2.0 2.0 0.0 0.0 217.33
16:13:00 34.0 2903.0 217.85 217.03 217.27 216.92 217.45 3896.0 217.4 30.0 2903.0 2258.0 645.0 0.0 217.0268
16:14:00 0.0 0.0 217.85 217.03 nan nan 217.45 3896.0 217.25 99.0 nan 0.0 0.0 0.0 nan
16:15:00 4.0 99.0 217.85 217.05 217.05 217.05 217.45 3896.0 217.35 30.0 99.0 99.0 0.0 0.0 217.05
16:16:00 0.0 0.0 217.85 217.05 nan nan 217.45 3896.0 217.35 30.0 nan 0.0 0.0 0.0 nan
16:17:00 1.0 0.0 217.85 217.03 217.03 217.03 217.45 3896.0 217.2 100.0 nan 0.0 0.0 0.0 nan
16:18:00 9.0 244.0 217.85 217.2 217.2 217.01 217.45 3896.0 217.3 30.0 244.0 0.0 244.0 0.0 217.1005
16:19:00 2.0 0.0 217.85 217.21 217.21 217.21 217.45 3896.0 217.3 30.0 nan 0.0 0.0 0.0 nan
16:20:00 2.0 30.0 217.85 217.3 217.3 217.3 217.45 3896.0 217.32 22.0 30.0 30.0 0.0 0.0 217.3
16:21:00 2.0 2.0 217.85 217.34 217.34 217.21 217.45 3896.0 217.32 22.0 2.0 0.0 2.0 0.0 217.21
16:22:00 5.0 998.0 217.85 217.21 217.23 217.21 217.45 3896.0 217.32 22.0 998.0 0.0 998.0 0.0 217.215
16:23:00 1.0 0.0 217.85 217.19 217.19 217.19 217.45 3896.0 217.32 22.0 nan 0.0 0.0 0.0 nan
16:24:00 1.0 1.0 217.85 217.39 217.39 217.39 217.45 3896.0 217.32 22.0 1.0 1.0 0.0 0.0 217.39
16:25:00 1.0 1.0 217.85 217.32 217.32 217.32 217.45 3896.0 217.32 21.0 1.0 1.0 0.0 0.0 217.32
16:26:00 0.0 0.0 217.85 217.32 nan nan 217.45 3896.0 217.32 21.0 nan 0.0 0.0 0.0 nan
16:27:00 0.0 0.0 217.85 217.32 nan nan 217.45 3896.0 217.32 21.0 nan 0.0 0.0 0.0 nan
16:28:00 0.0 0.0 217.85 217.32 nan nan 217.45 3896.0 217.32 21.0 nan 0.0 0.0 0.0 nan
16:29:00 0.0 0.0 217.85 217.32 nan nan 217.45 3896.0 217.32 21.0 nan 0.0 0.0 0.0 nan
16:30:00 0.0 0.0 217.85 217.32 nan nan 217.45 3896.0 217.32 21.0 nan 0.0 0.0 0.0 nan
16:31:00 5.0 70.0 217.85 217.34 217.39 217.32 217.45 3896.0 217.39 50.0 70.0 70.0 0.0 0.0 217.369
16:32:00 0.0 0.0 217.85 217.34 nan nan 217.45 3896.0 217.36 1.0 nan 0.0 0.0 0.0 nan
16:33:00 1.0 0.0 217.85 217.33 217.33 217.33 217.45 3896.0 217.36 1.0 nan 0.0 0.0 0.0 nan
16:34:00 0.0 0.0 217.85 217.33 nan nan 217.45 3896.0 217.36 1.0 nan 0.0 0.0 0.0 nan
16:35:00 0.0 0.0 217.85 217.33 nan nan 217.45 3896.0 217.35 50.0 nan 0.0 0.0 0.0 nan
16:36:00 1.0 13.0 217.85 217.25 217.25 217.25 217.45 3896.0 217.35 51.0 13.0 0.0 13.0 0.0 217.25
16:37:00 1.0 5.0 217.85 217.22 217.22 217.22 217.45 3896.0 217.31 1.0 5.0 5.0 0.0 0.0 217.22
16:38:00 3.0 7.0 217.85 217.25 217.26 217.25 217.45 3896.0 217.27 1.0 7.0 2.0 5.0 0.0 217.2529
16:39:00 1.0 1.0 217.85 217.27 217.27 217.27 217.45 3896.0 217.28 1.0 1.0 1.0 0.0 0.0 217.27
16:40:00 0.0 0.0 217.85 217.27 nan nan 217.45 3896.0 217.27 1.0 nan 0.0 0.0 0.0 nan
16:41:00 0.0 0.0 217.85 217.27 nan nan 217.45 3896.0 217.26 1.0 nan 0.0 0.0 0.0 nan
16:42:00 0.0 0.0 217.85 217.27 nan nan 217.45 3896.0 217.26 1.0 nan 0.0 0.0 0.0 nan
16:43:00 15.0 260.0 217.85 217.05 217.22 217.01 217.45 3896.0 217.24 1.0 260.0 25.0 235.0 0.0 217.0857
16:44:00 1.0 19.0 217.85 217.2 217.2 217.2 217.45 3896.0 217.2 1.0 19.0 0.0 19.0 0.0 217.2
16:45:00 3.0 3.0 217.85 217.21 217.21 217.02 217.45 3896.0 217.21 1.0 3.0 2.0 1.0 0.0 217.1433
16:46:00 0.0 0.0 217.85 217.21 nan nan 217.45 3896.0 217.2 1.0 nan 0.0 0.0 0.0 nan
16:47:00 0.0 0.0 217.85 217.21 nan nan 217.45 3896.0 217.18 1.0 nan 0.0 0.0 0.0 nan
16:48:00 0.0 0.0 217.85 217.21 nan nan 217.45 3896.0 217.15 100.0 nan 0.0 0.0 0.0 nan
16:49:00 0.0 0.0 217.85 217.21 nan nan 217.45 3896.0 217.18 1.0 nan 0.0 0.0 0.0 nan
16:50:00 10.0 10.0 217.85 217.29 217.29 217.2 217.45 3896.0 217.3 1.0 10.0 10.0 0.0 0.0 217.245
16:51:00 0.0 0.0 217.85 217.29 nan nan 217.45 3896.0 217.3 1.0 nan 0.0 0.0 0.0 nan
16:52:00 0.0 0.0 217.85 217.29 nan nan 217.45 3896.0 217.3 1.0 nan 0.0 0.0 0.0 nan
16:53:00 0.0 0.0 217.85 217.29 nan nan 217.45 3896.0 217.25 1.0 nan 0.0 0.0 0.0 nan
16:54:00 0.0 0.0 217.85 217.29 nan nan 217.45 3896.0 217.25 1.0 nan 0.0 0.0 0.0 nan
16:55:00 0.0 0.0 217.85 217.29 nan nan 217.45 3896.0 217.25 1.0 nan 0.0 0.0 0.0 nan
16:56:00 0.0 0.0 217.85 217.29 nan nan 217.45 3896.0 217.25 1.0 nan 0.0 0.0 0.0 nan
16:57:00 0.0 0.0 217.85 217.29 nan nan 217.45 3896.0 217.25 1.0 nan 0.0 0.0 0.0 nan
16:58:00 0.0 0.0 217.85 217.29 nan nan 217.45 3896.0 217.25 1.0 nan 0.0 0.0 0.0 nan
16:59:00 0.0 0.0 217.85 217.29 nan nan 217.45 3896.0 217.25 1.0 nan 0.0 0.0 0.0 nan
17:00:00 4.0 10.0 217.85 217.27 217.27 217.2 217.45 3896.0 217.28 1.0 10.0 3.0 7.0 0.0 217.218
