time trade_count trade_volume trade_first trade_last trade_high trade_low bid_price bid_size ask_price ask_size hid_vol buy_vol sell_vol unsided_vol vwap
09:00:00 nan 1528.0 200.8 200.7 200.93 200.7 200.7 1061.0 200.9 51.0 1528.0 127.0 1401.0 0.0 200.7184
09:01:00 48.0 1937.0 200.8 200.54 200.89 200.52 200.64 10.0 200.7 10.0 1937.0 84.0 1853.0 0.0 200.6546
09:02:00 47.0 1133.0 200.8 200.43 200.64 200.4 200.4 154.0 200.51 24.0 1133.0 607.0 526.0 0.0 200.5143
09:03:00 14.0 135.0 200.8 200.4 200.56 200.4 200.39 1.0 200.46 40.0 135.0 5.0 130.0 0.0 200.4007
09:04:00 70.0 1456.0 200.8 200.31 200.89 200.21 200.21 149.0 200.44 271.0 1456.0 1057.0 399.0 0.0 200.4158
09:05:00 54.0 865.0 200.8 200.21 200.44 200.19 200.19 96.0 200.44 110.0 865.0 713.0 152.0 0.0 200.3892
09:06:00 52.0 1355.0 200.8 200.09 200.43 200.08 200.08 168.0 200.37 2.0 1355.0 163.0 1192.0 0.0 200.1378
09:07:00 37.0 696.0 200.8 200.1 200.43 200.08 200.1 35.0 200.38 243.0 696.0 323.0 373.0 0.0 200.2438
09:08:00 45.0 342.0 200.8 200.05 200.37 200.05 200.05 200.0 200.19 4.0 342.0 147.0 195.0 0.0 200.1896
09:09:00 92.0 1920.0 200.8 200.15 200.29 200.0 200.15 93.0 200.29 163.0 1920.0 1246.0 674.0 0.0 200.021
09:10:00 24.0 80.0 200.8 200.1 200.28 200.01 200.1 135.0 200.28 22.0 80.0 41.0 39.0 0.0 200.1304
09:11:00 49.0 612.0 200.8 200.43 200.43 200.1 200.25 134.0 200.4 82.0 612.0 427.0 185.0 0.0 200.3421
09:12:00 20.0 1813.0 200.8 200.12 200.37 200.1 200.12 7.0 200.25 28.0 1813.0 150.0 1663.0 0.0 200.2542
09:13:00 21.0 400.0 200.8 200.15 200.3 200.12 200.1 121.0 200.25 45.0 400.0 363.0 37.0 0.0 200.2027
09:14:00 44.0 875.0 200.8 200.1 200.25 200.02 200.0 8075.0 200.1 300.0 875.0 423.0 452.0 0.0 200.2033
09:15:00 73.0 2291.0 200.8 200.01 200.1 200.0 200.0 8011.0 200.07 100.0 2291.0 2235.0 56.0 0.0 200.0965
09:16:00 540.0 19978.0 200.8 199.92 200.2 199.92 199.92 84.0 200.0 530.0 19978.0 6120.0 13858.0 0.0 200.0266
09:17:00 107.0 3713.0 200.8 199.98 200.31 199.83 199.85 98.0 200.0 254.0 3713.0 2774.0 939.0 0.0 200.0239
09:18:00 54.0 362.0 200.8 199.82 200.0 199.8 199.79 100.0 199.9 15.0 362.0 128.0 234.0 0.0 199.8986
09:19:00 64.0 851.0 200.8 199.99 200.0 199.79 199.8 54.0 200.0 513.0 851.0 711.0 140.0 0.0 199.961
09:20:00 42.0 1189.0 200.8 200.0 200.0 199.77 199.81 50.0 200.0 510.0 1189.0 1137.0 52.0 0.0 199.9995
09:21:00 68.0 2250.0 200.8 200.0 200.02 199.86 199.94 26.0 200.0 470.0 2250.0 2073.0 177.0 0.0 199.9903
09:22:00 47.0 1260.0 200.8 199.99 200.0 199.85 199.85 100.0 199.95 21.0 1260.0 1000.0 260.0 0.0 199.9794
09:23:00 43.0 657.0 200.8 199.88 200.0 199.81 199.88 30.0 199.9 17.0 657.0 604.0 53.0 0.0 199.9903
09:24:00 38.0 792.0 200.8 200.0 200.0 199.87 199.9 2.0 200.0 220.0 792.0 686.0 106.0 0.0 199.9826
09:25:00 26.0 293.0 200.8 199.95 199.99 199.8 199.8 329.0 199.95 7.0 293.0 247.0 46.0 0.0 199.9396
09:26:00 44.0 937.0 200.8 199.81 200.0 199.76 199.85 100.0 200.0 403.0 937.0 494.0 443.0 0.0 199.824
09:27:00 21.0 224.0 200.8 200.0 200.0 199.83 199.9 100.0 200.0 521.0 224.0 210.0 14.0 0.0 199.9855
09:28:00 16.0 230.0 200.8 199.9 200.0 199.9 199.9 133.0 200.0 874.0 230.0 227.0 3.0 0.0 199.996
09:29:00 22.0 196.0 200.8 199.95 199.99 199.82 199.81 5.0 200.0 814.0 196.0 8.0 188.0 0.0 199.8938
09:30:00 48.0 922.0 200.8 199.89 199.98 199.67 199.69 22.0 199.9 4.0 922.0 143.0 779.0 0.0 199.7938
09:31:00 2050.0 45633.0 200.8 198.3 199.85 197.78 198.23 76.0 198.31 100.0 45633.0 11649.0 33984.0 0.0 198.4808
09:32:00 660.0 12124.0 200.8 198.16 199.16 197.88 198.06 25.0 198.26 200.0 12124.0 7155.0 4969.0 0.0 198.3151
09:33:00 767.0 17818.0 200.8 199.62 199.97 198.15 199.55 2.0 199.71 129.0 17818.0 11586.0 6232.0 0.0 199.1647
09:34:00 706.0 21838.0 200.8 199.24 200.0 198.98 199.08 50.0 199.25 1.0 21838.0 10816.0 11022.0 0.0 199.5515
09:35:00 516.0 11609.0 200.8 198.91 199.15 198.22 198.9 126.0 199.12 25.0 11609.0 5137.0 6472.0 0.0 198.7179
09:36:00 938.0 39386.0 200.8 200.36 200.64 198.75 200.32 100.0 200.42 25.0 39386.0 27974.0 11412.0 0.0 200.0369
09:37:00 601.0 21621.0 200.8 200.94 201.0 199.89 200.87 25.0 201.0 125.0 21621.0 14693.0 6928.0 0.0 200.6556
09:38:00 371.0 9461.0 200.8 200.24 201.07 200.22 200.15 3.0 200.35 50.0 9461.0 4223.0 5238.0 0.0 200.8188
09:39:00 436.0 12886.0 200.8 200.73 200.81 199.86 200.7 35.0 200.81 6.0 12886.0 6488.0 6398.0 0.0 200.4265
09:40:00 440.0 13436.0 200.8 200.35 201.25 200.27 200.3 50.0 200.49 25.0 13436.0 6627.0 6809.0 0.0 200.83
09:41:00 514.0 10469.0 200.8 199.51 200.77 199.51 199.51 23.0 199.68 125.0 10469.0 3467.0 7002.0 0.0 200.2414
09:42:00 282.0 4610.0 200.8 199.76 199.94 199.31 199.72 325.0 199.97 120.0 4610.0 1745.0 2865.0 0.0 199.6881
09:43:00 529.0 19230.0 200.8 199.81 200.28 199.5 199.8 115.0 199.93 94.0 19230.0 7220.0 12010.0 0.0 199.8851
09:44:00 314.0 16511.0 200.8 199.42 200.15 199.4 199.41 321.0 199.52 25.0 16511.0 6125.0 10386.0 0.0 199.7863
09:45:00 422.0 17410.0 200.8 198.8 199.54 198.64 198.66 1.0 198.79 200.0 17410.0 3814.0 13596.0 0.0 199.0335
09:46:00 415.0 15360.0 200.8 198.57 198.88 198.47 198.56 12.0 198.67 140.0 15360.0 7208.0 8152.0 0.0 198.5952
09:47:00 591.0 20096.0 200.8 198.61 199.49 198.46 198.52 1.0 198.68 25.0 20096.0 8813.0 11283.0 0.0 198.9911
09:48:00 500.0 17648.0 200.8 198.43 198.6 198.05 198.34 25.0 198.43 230.0 17648.0 11549.0 6099.0 0.0 198.2776
09:49:00 596.0 25797.0 200.8 198.06 198.43 197.81 198.06 50.0 198.17 276.0 25797.0 6209.0 19588.0 0.0 198.0324
09:50:00 401.0 11942.0 200.8 197.78 198.3 197.61 197.78 127.0 197.88 200.0 11942.0 4549.0 7393.0 0.0 197.9412
09:51:00 427.0 13098.0 200.8 198.11 198.17 197.53 197.97 25.0 198.12 25.0 13098.0 6953.0 6145.0 0.0 197.7809
09:52:00 694.0 18048.0 200.8 197.58 198.14 197.22 197.5 155.0 197.6 350.0 18048.0 4904.0 13144.0 0.0 197.5349
09:53:00 332.0 7476.0 200.8 197.49 197.77 197.39 197.46 25.0 197.55 57.0 7476.0 3697.0 3779.0 0.0 197.5659
09:54:00 232.0 6875.0 200.8 197.65 197.83 197.42 197.57 50.0 197.69 100.0 6875.0 3262.0 3613.0 0.0 197.5887
09:55:00 363.0 10131.0 200.8 197.58 198.24 197.45 197.54 10.0 197.65 50.0 10131.0 6057.0 4074.0 0.0 197.8526
09:56:00 397.0 11762.0 200.8 197.97 198.2 197.33 197.91 35.0 198.05 232.0 11762.0 4739.0 7023.0 0.0 197.6335
09:57:00 285.0 10064.0 200.8 197.71 198.61 197.71 197.71 144.0 197.81 25.0 10064.0 6493.0 3571.0 0.0 198.3127
09:58:00 786.0 21927.0 200.8 197.07 197.72 196.96 197.04 211.0 197.13 1.0 21927.0 3748.0 18179.0 0.0 197.0985
09:59:00 424.0 13250.0 200.8 197.12 197.37 197.0 197.11 59.0 197.23 25.0 13250.0 5186.0 8064.0 0.0 197.1316
10:00:00 293.0 5775.0 200.8 197.42 197.77 197.11 197.34 25.0 197.47 125.0 5775.0 3267.0 2508.0 0.0 197.4248
10:01:00 392.0 8695.0 200.8 198.16 198.56 197.44 198.02 102.0 198.21 12.0 8695.0 5391.0 3304.0 0.0 198.0405
10:02:00 226.0 5185.0 200.8 197.71 198.2 197.55 197.63 25.0 197.79 300.0 5185.0 2185.0 3000.0 0.0 197.7961
10:03:00 382.0 18813.0 200.8 197.0 197.82 196.97 196.95 283.0 197.05 200.0 18813.0 5409.0 13404.0 0.0 197.3646
10:04:00 493.0 36599.0 200.8 196.73 197.08 196.6 196.61 75.0 196.73 79.0 36599.0 27549.0 9050.0 0.0 196.8746
10:05:00 599.0 15918.0 200.8 196.3 196.9 196.18 196.25 100.0 196.37 25.0 15918.0 3938.0 11980.0 0.0 196.41
10:06:00 684.0 27040.0 200.8 196.6 196.75 196.1 196.5 406.0 196.64 100.0 27040.0 15908.0 11132.0 0.0 196.3287
10:07:00 395.0 21483.0 200.8 196.33 196.76 196.05 196.24 200.0 196.35 200.0 21483.0 13464.0 8019.0 0.0 196.2597
10:08:00 752.0 22310.0 200.8 195.89 196.52 195.7 195.87 55.0 195.95 457.0 22310.0 4903.0 17407.0 0.0 195.987
10:09:00 557.0 22098.0 200.8 195.47 195.94 195.38 195.47 218.0 195.51 100.0 22098.0 11338.0 10760.0 0.0 195.6103
10:10:00 2019.0 76573.0 200.8 194.94 195.55 194.89 194.9 526.0 195.0 25.0 76573.0 17973.0 58600.0 0.0 195.1271
10:11:00 585.0 24418.0 200.8 194.73 195.04 194.55 194.7 125.0 194.84 150.0 24418.0 12809.0 11609.0 0.0 194.8171
10:12:00 563.0 26693.0 200.8 194.97 195.2 194.53 194.92 175.0 195.01 205.0 26693.0 20458.0 6235.0 0.0 194.9616
10:13:00 781.0 29957.0 200.8 194.93 195.52 194.8 194.81 401.0 194.96 25.0 29957.0 15770.0 14187.0 0.0 195.2262
10:14:00 332.0 16864.0 200.8 195.09 195.35 194.98 195.02 1.0 195.12 200.0 16864.0 14062.0 2802.0 0.0 195.1304
10:15:00 367.0 14151.0 200.8 195.3 195.54 194.91 195.28 101.0 195.38 34.0 14151.0 8480.0 5671.0 0.0 195.2496
10:16:00 391.0 11208.0 200.8 194.84 195.68 194.7 194.77 425.0 194.92 100.0 11208.0 4294.0 6914.0 0.0 195.0364
10:17:00 458.0 16787.0 200.8 194.61 194.89 194.33 194.54 107.0 194.63 9.0 16787.0 7525.0 9262.0 0.0 194.5861
10:18:00 223.0 6218.0 200.8 194.7 195.07 194.64 194.66 125.0 194.75 409.0 6218.0 3890.0 2328.0 0.0 194.8741
10:19:00 233.0 9402.0 200.8 194.5 194.84 194.47 194.47 5.0 194.56 1.0 9402.0 2393.0 7009.0 0.0 194.6206
10:20:00 706.0 22607.0 200.8 193.94 194.53 193.94 193.96 40.0 194.06 363.0 22607.0 5961.0 16646.0 0.0 194.0919
10:21:00 358.0 9513.0 200.8 194.77 194.8 193.94 194.74 20.0 194.84 100.0 9513.0 5944.0 3569.0 0.0 194.3951
10:22:00 269.0 4970.0 200.8 194.8 194.91 194.44 194.73 200.0 194.8 15.0 4970.0 3264.0 1706.0 0.0 194.7124
10:23:00 378.0 9145.0 200.8 194.69 194.76 194.26 194.61 25.0 194.69 37.0 9145.0 4587.0 4558.0 0.0 194.5216
10:24:00 576.0 15248.0 200.8 195.47 195.48 194.66 195.41 25.0 195.48 100.0 15248.0 11092.0 4156.0 0.0 195.1537
10:25:00 225.0 10348.0 200.8 196.13 196.19 195.39 196.13 200.0 196.22 200.0 10348.0 6109.0 4239.0 0.0 195.7779
10:26:00 242.0 10664.0 200.8 196.21 196.26 195.95 196.16 26.0 196.24 12.0 10664.0 7089.0 3575.0 0.0 196.1261
10:27:00 250.0 6268.0 200.8 195.74 196.19 195.57 195.72 200.0 195.79 100.0 6268.0 3536.0 2732.0 0.0 195.7727
10:28:00 339.0 12510.0 200.8 196.33 196.47 195.69 196.27 25.0 196.37 25.0 12510.0 9428.0 3082.0 0.0 196.0636
10:29:00 231.0 8563.0 200.8 195.86 196.38 195.78 195.77 4.0 195.87 712.0 8563.0 3545.0 5018.0 0.0 196.1066
10:30:00 339.0 11072.0 200.8 195.84 196.18 195.8 195.8 17.0 195.88 100.0 11072.0 6010.0 5062.0 0.0 195.9876
10:31:00 443.0 17956.0 200.8 196.27 196.8 195.75 196.2 110.0 196.28 77.0 17956.0 13062.0 4894.0 0.0 196.2783
10:32:00 600.0 22460.0 200.8 196.48 196.88 196.05 196.35 2.0 196.48 50.0 22460.0 13034.0 9426.0 0.0 196.4938
10:33:00 385.0 14129.0 200.8 197.01 197.01 196.34 196.94 50.0 197.02 100.0 14129.0 10663.0 3466.0 0.0 196.7877
10:34:00 348.0 22885.0 200.8 196.93 197.29 196.83 196.82 461.0 196.97 25.0 22885.0 18239.0 4646.0 0.0 197.1436
10:35:00 373.0 14663.0 200.8 196.85 197.38 196.82 196.82 55.0 196.9 430.0 14663.0 7059.0 7604.0 0.0 197.0728
10:36:00 423.0 14400.0 200.8 196.98 196.98 196.39 196.89 25.0 196.96 6.0 14400.0 8024.0 6376.0 0.0 196.5464
10:37:00 221.0 6942.0 200.8 197.12 197.39 196.9 197.03 25.0 197.12 11.0 6942.0 3238.0 3704.0 0.0 197.155
10:38:00 407.0 13557.0 200.8 197.84 197.9 197.02 197.8 25.0 197.89 100.0 13557.0 9647.0 3910.0 0.0 197.6106
10:39:00 537.0 19046.0 200.8 197.85 198.25 197.75 197.84 200.0 197.93 20.0 19046.0 10773.0 8273.0 0.0 197.9926
10:40:00 348.0 11844.0 200.8 197.93 198.29 197.84 197.9 100.0 197.99 302.0 11844.0 6915.0 4929.0 0.0 198.0449
10:41:00 228.0 6850.0 200.8 197.62 197.91 197.5 197.58 30.0 197.71 15.0 6850.0 2740.0 4110.0 0.0 197.7434
10:42:00 270.0 6925.0 200.8 197.59 198.1 197.36 197.54 15.0 197.64 150.0 6925.0 3486.0 3439.0 0.0 197.7028
10:43:00 394.0 9691.0 200.8 198.2 198.2 197.45 198.09 25.0 198.2 107.0 9691.0 3631.0 6060.0 0.0 197.7289
10:44:00 398.0 12109.0 200.8 198.58 198.58 198.14 198.46 200.0 198.55 203.0 12109.0 8076.0 4033.0 0.0 198.3639
10:45:00 332.0 10634.0 200.8 199.26 199.26 198.39 199.15 25.0 199.25 52.0 10634.0 5922.0 4712.0 0.0 198.856
10:46:00 436.0 14745.0 200.8 198.38 199.21 198.25 198.26 100.0 198.36 275.0 14745.0 3571.0 11174.0 0.0 198.8243
10:47:00 178.0 4919.0 200.8 198.23 198.42 198.08 198.15 107.0 198.23 1.0 4919.0 3199.0 1720.0 0.0 198.2575
10:48:00 480.0 15235.0 200.8 198.1 198.28 197.82 198.0 1.0 198.13 43.0 15235.0 7968.0 7267.0 0.0 198.0204
10:49:00 292.0 10491.0 200.8 197.89 198.0 197.76 197.85 325.0 197.97 3.0 10491.0 3417.0 7074.0 0.0 197.8982
10:50:00 357.0 13643.0 200.8 198.32 198.44 197.9 198.28 200.0 198.37 25.0 13643.0 10148.0 3495.0 0.0 198.1251
10:51:00 477.0 11854.0 200.8 198.64 198.73 198.08 198.55 302.0 198.65 57.0 11854.0 5324.0 6530.0 0.0 198.4514
10:52:00 346.0 8218.0 200.8 198.29 198.73 198.06 198.22 225.0 198.34 100.0 8218.0 3555.0 4663.0 0.0 198.4609
10:53:00 316.0 8303.0 200.8 198.08 198.34 197.71 198.02 12.0 198.15 15.0 8303.0 4122.0 4181.0 0.0 198.0261
10:54:00 272.0 6651.0 200.8 198.29 198.34 198.0 198.29 13.0 198.34 10.0 6651.0 3934.0 2717.0 0.0 198.1911
10:55:00 285.0 6229.0 200.8 198.32 198.5 198.22 198.31 63.0 198.38 25.0 6229.0 3353.0 2876.0 0.0 198.3736
10:56:00 315.0 10388.0 200.8 197.65 198.35 197.65 197.63 12.0 197.71 200.0 10388.0 3967.0 6421.0 0.0 197.9369
10:57:00 265.0 6711.0 200.8 197.64 197.84 197.24 197.6 100.0 197.67 164.0 6711.0 3786.0 2925.0 0.0 197.4718
10:58:00 247.0 5426.0 200.8 197.6 198.1 197.34 197.54 225.0 197.67 252.0 5426.0 3506.0 1920.0 0.0 197.7826
10:59:00 288.0 5952.0 200.8 197.48 198.03 197.46 197.5 1.0 197.57 13.0 5952.0 3479.0 2473.0 0.0 197.817
11:00:00 250.0 6126.0 200.8 197.59 197.71 197.35 197.49 300.0 197.61 100.0 6126.0 2478.0 3648.0 0.0 197.4998
11:01:00 184.0 5198.0 200.8 197.32 197.6 197.19 197.27 100.0 197.32 11.0 5198.0 2239.0 2959.0 0.0 197.3803
11:02:00 270.0 6462.0 200.8 197.24 197.38 197.05 197.12 177.0 197.25 105.0 6462.0 3834.0 2628.0 0.0 197.2491
11:03:00 182.0 4503.0 200.8 197.36 197.56 197.1 197.3 25.0 197.39 604.0 4503.0 2165.0 2338.0 0.0 197.351
11:04:00 163.0 3470.0 200.8 197.41 197.78 197.36 197.37 25.0 197.5 27.0 3470.0 1738.0 1732.0 0.0 197.5011
11:05:00 106.0 1992.0 200.8 197.42 197.59 197.32 197.4 25.0 197.5 3.0 1992.0 1320.0 672.0 0.0 197.458
11:06:00 345.0 9369.0 200.8 196.81 197.5 196.81 196.8 2.0 196.92 25.0 9369.0 1983.0 7386.0 0.0 197.0732
11:07:00 166.0 3766.0 200.8 197.05 197.3 196.73 196.95 100.0 197.08 25.0 3766.0 2845.0 921.0 0.0 197.0197
11:08:00 215.0 5671.0 200.8 196.8 197.1 196.69 196.73 26.0 196.84 526.0 5671.0 2290.0 3381.0 0.0 196.9453
11:09:00 337.0 8592.0 200.8 196.93 196.93 196.45 196.84 25.0 196.96 5.0 8592.0 5487.0 3105.0 0.0 196.6169
11:10:00 104.0 1681.0 200.8 196.95 197.0 196.7 196.84 25.0 196.96 50.0 1681.0 576.0 1105.0 0.0 196.8425
11:11:00 182.0 3626.0 200.8 196.66 197.05 196.6 196.59 10.0 196.68 68.0 3626.0 1895.0 1731.0 0.0 196.7845
11:12:00 195.0 8887.0 200.8 196.6 196.72 196.4 196.58 25.0 196.67 20.0 8887.0 4416.0 4471.0 0.0 196.5398
11:13:00 240.0 6257.0 200.8 196.67 196.76 196.24 196.61 1.0 196.74 164.0 6257.0 3782.0 2475.0 0.0 196.4727
11:14:00 178.0 5011.0 200.8 196.43 196.71 196.03 196.38 31.0 196.49 550.0 5011.0 2221.0 2790.0 0.0 196.3102
11:15:00 124.0 3769.0 200.8 196.17 196.56 196.17 196.23 43.0 196.35 230.0 3769.0 2675.0 1094.0 0.0 196.4523
11:16:00 105.0 2714.0 200.8 196.52 196.52 196.23 196.37 125.0 196.54 100.0 2714.0 1679.0 1035.0 0.0 196.4367
11:17:00 172.0 4924.0 200.8 196.88 196.88 196.28 196.77 25.0 196.89 200.0 4924.0 2696.0 2228.0 0.0 196.5419
11:18:00 164.0 3765.0 200.8 196.68 197.01 196.5 196.56 25.0 196.71 500.0 3765.0 2204.0 1561.0 0.0 196.8065
11:19:00 151.0 3124.0 200.8 196.62 196.74 196.24 196.56 200.0 196.65 14.0 3124.0 2307.0 817.0 0.0 196.5358
11:20:00 143.0 2976.0 200.8 196.62 196.78 196.44 196.55 25.0 196.63 140.0 2976.0 1358.0 1618.0 0.0 196.5985
11:21:00 962.0 4833.0 200.8 196.7 196.98 196.52 196.65 100.0 196.73 125.0 4833.0 3054.0 1779.0 0.0 196.7348
11:22:00 106.0 3245.0 200.8 196.38 196.75 196.38 196.37 66.0 196.48 231.0 3245.0 1082.0 2163.0 0.0 196.539
11:23:00 100.0 2996.0 200.8 196.73 196.93 196.29 196.66 100.0 196.73 104.0 2996.0 1956.0 1040.0 0.0 196.592
11:24:00 392.0 19773.0 200.8 195.93 196.69 195.85 195.83 15.0 195.93 189.0 19773.0 4526.0 15247.0 0.0 196.0737
11:25:00 172.0 5847.0 200.8 195.99 196.25 195.81 195.98 50.0 196.09 50.0 5847.0 3257.0 2590.0 0.0 195.9865
11:26:00 126.0 5415.0 200.8 195.8 195.98 195.73 195.74 25.0 195.88 25.0 5415.0 1323.0 4092.0 0.0 195.8046
11:27:00 144.0 5712.0 200.8 195.8 195.95 195.73 195.73 105.0 195.8 25.0 5712.0 4254.0 1458.0 0.0 195.8645
11:28:00 143.0 7986.0 200.8 195.96 196.08 195.6 195.98 131.0 196.07 25.0 7986.0 6302.0 1684.0 0.0 195.8997
11:29:00 119.0 4464.0 200.8 196.58 196.64 195.98 196.48 1.0 196.59 250.0 4464.0 3080.0 1384.0 0.0 196.3836
11:30:00 125.0 5451.0 200.8 196.7 196.7 196.44 196.61 163.0 196.75 700.0 5451.0 4409.0 1042.0 0.0 196.6229
11:31:00 405.0 9608.0 200.8 196.47 196.97 196.33 196.33 25.0 196.52 100.0 9608.0 4322.0 5286.0 0.0 196.69
11:32:00 158.0 4004.0 200.8 196.49 196.66 196.32 196.48 100.0 196.61 100.0 4004.0 2017.0 1987.0 0.0 196.5513
11:33:00 139.0 4354.0 200.8 196.8 197.0 196.41 196.75 1.0 196.85 225.0 4354.0 1516.0 2838.0 0.0 196.5858
11:34:00 159.0 4989.0 200.8 196.89 196.95 196.74 196.85 165.0 196.91 29.0 4989.0 1082.0 3907.0 0.0 196.8328
11:35:00 320.0 14323.0 200.8 197.1 197.2 196.91 197.02 25.0 197.09 25.0 14323.0 6869.0 7454.0 0.0 197.0489
11:36:00 244.0 8287.0 200.8 197.13 197.22 196.98 197.03 25.0 197.15 125.0 8287.0 2768.0 5519.0 0.0 197.1068
11:37:00 218.0 8606.0 200.8 196.88 197.15 196.8 196.78 81.0 196.87 11.0 8606.0 3744.0 4862.0 0.0 196.9634
11:38:00 400.0 15580.0 200.8 195.85 196.94 195.63 195.76 155.0 195.85 200.0 15580.0 6489.0 9091.0 0.0 196.2283
11:39:00 304.0 9237.0 200.8 195.43 195.9 195.37 195.38 25.0 195.46 299.0 9237.0 1988.0 7249.0 0.0 195.5917
11:40:00 308.0 11049.0 200.8 195.47 195.53 195.22 195.41 357.0 195.51 100.0 11049.0 6110.0 4939.0 0.0 195.3666
11:41:00 197.0 5643.0 200.8 195.17 195.48 195.17 195.16 3.0 195.25 25.0 5643.0 1728.0 3915.0 0.0 195.3505
11:42:00 823.0 31601.0 200.8 195.03 195.27 194.87 194.96 1.0 195.08 325.0 31601.0 7491.0 24110.0 0.0 195.0264
11:43:00 208.0 5781.0 200.8 194.84 195.07 194.71 194.81 25.0 194.86 300.0 5781.0 1979.0 3802.0 0.0 194.845
11:44:00 246.0 13450.0 200.8 194.94 195.05 194.76 194.88 100.0 194.95 200.0 13450.0 7666.0 5784.0 0.0 194.911
11:45:00 371.0 8845.0 200.8 194.92 194.94 194.69 194.92 605.0 195.0 203.0 8845.0 4462.0 4383.0 0.0 194.7755
11:46:00 196.0 5558.0 200.8 195.3 195.5 194.92 195.21 200.0 195.29 100.0 5558.0 3355.0 2203.0 0.0 195.1467
11:47:00 148.0 3714.0 200.8 194.87 195.21 194.86 194.87 22.0 194.97 285.0 3714.0 1336.0 2378.0 0.0 195.0139
11:48:00 154.0 4448.0 200.8 194.84 194.97 194.79 194.77 60.0 194.86 20.0 4448.0 1723.0 2725.0 0.0 194.8635
11:49:00 424.0 11418.0 200.8 194.5 194.81 194.44 194.45 225.0 194.52 16.0 11418.0 3511.0 7907.0 0.0 194.5751
11:50:00 230.0 6318.0 200.8 194.22 194.46 194.12 194.16 6.0 194.25 230.0 6318.0 2649.0 3669.0 0.0 194.2775
11:51:00 223.0 7136.0 200.8 194.58 194.7 194.23 194.52 30.0 194.66 25.0 7136.0 5068.0 2068.0 0.0 194.4965
11:52:00 188.0 9900.0 200.8 194.9 195.05 194.66 194.92 25.0 194.99 300.0 9900.0 5728.0 4172.0 0.0 194.9356
11:53:00 131.0 4217.0 200.8 195.17 195.22 194.75 195.14 5.0 195.23 200.0 4217.0 3548.0 669.0 0.0 194.9783
11:54:00 267.0 7726.0 200.8 195.68 195.8 195.19 195.6 1.0 195.7 302.0 7726.0 3189.0 4537.0 0.0 195.4806
11:55:00 300.0 6021.0 200.8 195.65 195.82 195.44 195.59 25.0 195.65 44.0 6021.0 3209.0 2812.0 0.0 195.6648
11:56:00 215.0 5770.0 200.8 195.97 196.07 195.65 195.94 289.0 196.02 212.0 5770.0 4580.0 1190.0 0.0 195.9085
11:57:00 220.0 3890.0 200.8 195.19 196.02 195.11 195.09 3.0 195.18 300.0 3890.0 1352.0 2538.0 0.0 195.5886
11:58:00 238.0 7969.0 200.8 195.27 195.27 194.8 195.21 352.0 195.31 9.0 7969.0 5422.0 2547.0 0.0 195.0247
11:59:00 194.0 6345.0 200.8 194.82 195.44 194.65 194.77 20.0 194.83 10.0 6345.0 1767.0 4578.0 0.0 194.8847
12:00:00 153.0 4429.0 200.8 195.29 195.29 194.73 195.26 111.0 195.36 75.0 4429.0 3192.0 1237.0 0.0 194.9946
12:01:00 211.0 5158.0 200.8 195.13 195.39 194.99 195.14 10.0 195.22 4.0 5158.0 2474.0 2684.0 0.0 195.207
12:02:00 106.0 1906.0 200.8 195.13 195.46 195.1 195.06 21.0 195.16 200.0 1906.0 1098.0 808.0 0.0 195.2685
12:03:00 136.0 2964.0 200.8 195.31 195.41 195.07 195.28 67.0 195.33 25.0 2964.0 1494.0 1470.0 0.0 195.2591
12:04:00 187.0 8720.0 200.8 194.81 195.28 194.77 194.76 226.0 194.81 1.0 8720.0 1544.0 7176.0 0.0 194.9839
12:05:00 356.0 12205.0 200.8 194.48 194.78 194.43 194.45 100.0 194.51 100.0 12205.0 6085.0 6120.0 0.0 194.5638
12:06:00 131.0 6593.0 200.8 194.65 194.67 194.37 194.63 2.0 194.72 207.0 6593.0 3631.0 2962.0 0.0 194.527
12:07:00 173.0 9193.0 200.8 194.75 194.93 194.5 194.71 159.0 194.77 200.0 9193.0 3402.0 5791.0 0.0 194.7619
12:08:00 120.0 3014.0 200.8 194.61 194.85 194.61 194.6 1079.0 194.7 100.0 3014.0 1313.0 1701.0 0.0 194.7099
12:09:00 247.0 13999.0 200.8 194.31 194.65 194.26 194.26 20.0 194.32 107.0 13999.0 3674.0 10325.0 0.0 194.4468
12:10:00 162.0 6298.0 200.8 194.25 194.34 194.12 194.18 25.0 194.26 304.0 6298.0 3020.0 3278.0 0.0 194.2529
12:11:00 137.0 4543.0 200.8 194.22 194.5 194.2 194.21 127.0 194.29 314.0 4543.0 3153.0 1390.0 0.0 194.3307
12:12:00 171.0 5019.0 200.8 194.29 194.35 194.12 194.22 145.0 194.29 100.0 5019.0 1670.0 3349.0 0.0 194.1945
12:13:00 1024.0 43775.0 200.8 193.91 194.35 193.87 193.87 216.0 193.95 200.0 43775.0 5298.0 38477.0 0.0 194.0215
12:14:00 319.0 25309.0 200.8 193.66 193.96 193.61 193.62 23.0 193.7 25.0 25309.0 19419.0 5890.0 0.0 193.7377
12:15:00 373.0 11734.0 200.8 193.65 193.75 193.43 193.59 2.0 193.66 175.0 11734.0 5699.0 6035.0 0.0 193.561
12:16:00 220.0 5822.0 200.8 193.34 193.68 193.3 193.33 1.0 193.42 25.0 5822.0 1307.0 4515.0 0.0 193.4781
12:17:00 258.0 4346.0 200.8 193.31 193.42 193.23 193.25 26.0 193.3 2.0 4346.0 1423.0 2923.0 0.0 193.2947
12:18:00 982.0 30284.0 200.8 192.7 193.25 192.59 192.64 10.0 192.73 25.0 30284.0 9811.0 20473.0 0.0 192.9124
12:19:00 296.0 11285.0 200.8 193.15 193.15 192.71 193.08 33.0 193.15 216.0 11285.0 7413.0 3872.0 0.0 192.9138
12:20:00 191.0 5829.0 200.8 193.35 193.47 193.14 193.33 5.0 193.42 25.0 5829.0 3881.0 1948.0 0.0 193.3417
12:21:00 180.0 5599.0 200.8 193.3 193.42 193.19 193.22 20.0 193.3 164.0 5599.0 2083.0 3516.0 0.0 193.2509
12:22:00 248.0 5953.0 200.8 193.77 193.77 193.18 193.67 14.0 193.8 201.0 5953.0 4144.0 1809.0 0.0 193.4914
12:23:00 240.0 2857.0 200.8 193.7 193.96 193.69 193.71 6.0 193.79 7.0 2857.0 1435.0 1422.0 0.0 193.7842
12:24:00 153.0 5680.0 200.8 193.09 193.71 193.07 193.07 159.0 193.11 3.0 5680.0 1761.0 3919.0 0.0 193.359
12:25:00 254.0 9014.0 200.8 192.93 193.15 192.7 192.84 5.0 192.93 368.0 9014.0 1741.0 7273.0 0.0 192.92
12:26:00 336.0 15807.0 200.8 192.72 192.94 192.51 192.68 82.0 192.76 25.0 15807.0 2739.0 13068.0 0.0 192.6358
12:27:00 205.0 10213.0 200.8 192.75 192.9 192.6 192.72 126.0 192.82 404.0 10213.0 5134.0 5079.0 0.0 192.7016
12:28:00 149.0 5199.0 200.8 193.14 193.22 192.77 193.15 102.0 193.24 25.0 5199.0 3389.0 1810.0 0.0 192.9402
12:29:00 186.0 9183.0 200.8 193.59 193.78 193.12 193.5 120.0 193.65 125.0 9183.0 5908.0 3275.0 0.0 193.4342
12:30:00 271.0 7916.0 200.8 193.45 193.79 193.29 193.4 25.0 193.47 100.0 7916.0 4252.0 3664.0 0.0 193.5658
12:31:00 262.0 5407.0 200.8 193.1 193.75 193.1 193.05 25.0 193.13 100.0 5407.0 3026.0 2381.0 0.0 193.4666
12:32:00 207.0 6082.0 200.8 193.65 193.65 193.01 193.59 5.0 193.66 5.0 6082.0 4284.0 1798.0 0.0 193.1896
12:33:00 186.0 5313.0 200.8 193.29 193.63 193.16 193.24 48.0 193.34 25.0 5313.0 2351.0 2962.0 0.0 193.3725
12:34:00 197.0 5905.0 200.8 193.45 193.55 193.18 193.44 162.0 193.53 20.0 5905.0 3977.0 1928.0 0.0 193.3707
12:35:00 141.0 4683.0 200.8 193.56 193.58 193.27 193.5 30.0 193.57 24.0 4683.0 3233.0 1450.0 0.0 193.3753
12:36:00 253.0 7813.0 200.8 192.83 193.5 192.83 192.82 38.0 192.91 200.0 7813.0 846.0 6967.0 0.0 193.1052
12:37:00 166.0 5014.0 200.8 192.845 192.91 192.65 192.79 100.0 192.86 5.0 5014.0 2057.0 2957.0 0.0 192.76
12:38:00 240.0 8531.0 200.8 192.89 192.92 192.55 192.83 25.0 192.88 700.0 8531.0 2841.0 5690.0 0.0 192.7558
12:39:00 151.0 6252.0 200.8 193.0 193.08 192.81 193.03 283.0 193.1 101.0 6252.0 4253.0 1999.0 0.0 192.9418
12:40:00 194.0 5702.0 200.8 193.32 193.47 192.97 193.28 200.0 193.41 300.0 5702.0 3162.0 2540.0 0.0 193.2168
12:41:00 194.0 8098.0 200.8 193.0 193.32 192.8 192.9 52.0 193.01 25.0 8098.0 2974.0 5124.0 0.0 193.0617
12:42:00 196.0 5497.0 200.8 193.3 193.3 192.8 193.21 113.0 193.3 35.0 5497.0 3362.0 2135.0 0.0 193.118
12:43:00 234.0 7905.0 200.8 194.09 194.09 193.3 194.05 200.0 194.13 5.0 7905.0 5687.0 2218.0 0.0 193.7863
12:44:00 285.0 9549.0 200.8 194.08 194.24 193.9 194.0 2.0 194.07 325.0 9549.0 6259.0 3290.0 0.0 194.0648
12:45:00 401.0 13071.0 200.8 193.89 194.11 193.66 193.88 4.0 193.99 25.0 13071.0 7898.0 5173.0 0.0 193.8996
12:46:00 187.0 6368.0 200.8 193.75 194.02 193.7 193.71 20.0 193.81 300.0 6368.0 3713.0 2655.0 0.0 193.8106
12:47:00 305.0 12758.0 200.8 193.94 194.06 193.81 193.92 50.0 193.99 100.0 12758.0 6698.0 6060.0 0.0 193.9313
12:48:00 204.0 6760.0 200.8 193.91 194.13 193.87 193.91 225.0 193.98 15.0 6760.0 4794.0 1966.0 0.0 194.0213
12:49:00 201.0 9943.0 200.8 193.91 194.04 193.62 193.89 141.0 193.95 25.0 9943.0 5826.0 4117.0 0.0 193.8552
12:50:00 202.0 6015.0 200.8 194.04 194.08 193.89 194.0 2.0 194.05 219.0 6015.0 4550.0 1465.0 0.0 193.999
12:51:00 268.0 8845.0 200.8 194.0 194.05 193.51 193.99 25.0 194.04 100.0 8845.0 2870.0 5975.0 0.0 193.7526
12:52:00 491.0 10999.0 200.8 194.22 194.32 193.95 194.16 191.0 194.24 2.0 10999.0 7537.0 3462.0 0.0 194.1311
12:53:00 360.0 11601.0 200.8 194.35 194.4 193.99 194.33 151.0 194.4 100.0 11601.0 7056.0 4545.0 0.0 194.1802
12:54:00 389.0 15762.0 200.8 194.22 194.54 194.12 194.18 18.0 194.22 94.0 15762.0 10792.0 4970.0 0.0 194.3466
12:55:00 325.0 10612.0 200.8 194.7 194.76 194.17 194.61 175.0 194.7 100.0 10612.0 7505.0 3107.0 0.0 194.4592
12:56:00 430.0 16746.0 200.8 195.1 195.11 194.57 195.03 455.0 195.1 5.0 16746.0 11836.0 4910.0 0.0 194.8355
12:57:00 278.0 10062.0 200.8 195.25 195.38 194.97 195.16 10.0 195.23 25.0 10062.0 7004.0 3058.0 0.0 195.119
12:58:00 265.0 8462.0 200.8 194.95 195.27 194.91 194.91 1.0 194.96 12.0 8462.0 2980.0 5482.0 0.0 195.0855
12:59:00 433.0 15941.0 200.8 195.31 195.44 194.93 195.3 174.0 195.36 100.0 15941.0 8000.0 7941.0 0.0 195.2626
13:00:00 535.0 17311.0 200.8 195.65 195.74 195.36 195.6 358.0 195.72 200.0 17311.0 8278.0 9033.0 0.0 195.5616
13:01:00 326.0 10089.0 200.8 195.83 195.91 195.54 195.79 10.0 195.85 200.0 10089.0 4901.0 5188.0 0.0 195.73
13:02:00 324.0 11098.0 200.8 195.36 195.85 195.27 195.28 515.0 195.36 299.0 11098.0 3325.0 7773.0 0.0 195.6039
13:03:00 293.0 10409.0 200.8 195.64 195.65 195.19 195.59 91.0 195.65 68.0 10409.0 7178.0 3231.0 0.0 195.3536
13:04:00 172.0 5642.0 200.8 195.83 195.88 195.56 195.75 850.0 195.85 300.0 5642.0 2616.0 3026.0 0.0 195.6531
13:05:00 185.0 8077.0 200.8 195.87 195.945 195.57 195.79 471.0 195.87 250.0 8077.0 3202.0 4875.0 0.0 195.7905
13:06:00 350.0 9349.0 200.8 195.7 195.98 195.56 195.63 15.0 195.71 100.0 9349.0 3950.0 5399.0 0.0 195.7822
13:07:00 266.0 8034.0 200.8 196.08 196.09 195.56 196.03 50.0 196.09 400.0 8034.0 6628.0 1406.0 0.0 195.9403
13:08:00 232.0 8452.0 200.8 196.46 196.52 196.07 196.44 210.0 196.54 200.0 8452.0 6355.0 2097.0 0.0 196.2749
13:09:00 188.0 8201.0 200.8 196.76 196.84 196.44 196.71 25.0 196.84 34.0 8201.0 3703.0 4498.0 0.0 196.6702
13:10:00 183.0 6933.0 200.8 196.43 196.8 196.34 196.4 30.0 196.5 1.0 6933.0 1283.0 5650.0 0.0 196.584
13:11:00 118.0 2714.0 200.8 196.65 196.7 196.41 196.6 320.0 196.69 151.0 2714.0 1269.0 1445.0 0.0 196.5867
13:12:00 224.0 5860.0 200.8 196.28 196.62 196.25 196.29 48.0 196.38 26.0 5860.0 1824.0 4036.0 0.0 196.4212
13:13:00 261.0 7305.0 200.8 196.33 196.43 195.94 196.28 84.0 196.35 138.0 7305.0 3812.0 3493.0 0.0 196.1066
13:14:00 137.0 3922.0 200.8 196.55 196.55 196.34 196.48 48.0 196.57 100.0 3922.0 2445.0 1477.0 0.0 196.4427
13:15:00 142.0 3349.0 200.8 196.7 196.77 196.5 196.69 371.0 196.78 200.0 3349.0 1988.0 1361.0 0.0 196.6615
13:16:00 248.0 7525.0 200.8 196.88 196.95 196.65 196.81 89.0 196.93 3.0 7525.0 4818.0 2707.0 0.0 196.7847
13:17:00 227.0 7617.0 200.8 197.16 197.25 196.91 197.16 26.0 197.19 100.0 7617.0 5863.0 1754.0 0.0 197.0591
13:18:00 226.0 8213.0 200.8 197.22 197.57 197.16 197.17 15.0 197.25 25.0 8213.0 4198.0 4015.0 0.0 197.3893
13:19:00 481.0 9510.0 200.8 197.25 197.35 196.94 197.15 535.0 197.32 101.0 9510.0 5904.0 3606.0 0.0 197.1846
13:20:00 101.0 2047.0 200.8 197.43 197.45 197.23 197.35 641.0 197.44 345.0 2047.0 1099.0 948.0 0.0 197.3353
13:21:00 255.0 6463.0 200.8 196.8 197.44 196.66 196.8 9.0 196.87 51.0 6463.0 985.0 5478.0 0.0 197.1926
13:22:00 215.0 5712.0 200.8 196.635 196.8 196.3 196.58 167.0 196.69 231.0 5712.0 3736.0 1976.0 0.0 196.5344
13:23:00 324.0 6505.0 200.8 196.98 197.01 196.47 196.89 220.0 197.03 5.0 6505.0 3540.0 2965.0 0.0 196.681
13:24:00 161.0 4410.0 200.8 196.35 197.03 196.32 196.26 52.0 196.42 20.0 4410.0 1006.0 3404.0 0.0 196.6145
13:25:00 157.0 4286.0 200.8 195.98 196.4 195.86 195.88 25.0 196.01 100.0 4286.0 487.0 3799.0 0.0 196.0937
13:26:00 172.0 3400.0 200.8 196.02 196.53 195.97 196.0 151.0 196.13 50.0 3400.0 1437.0 1963.0 0.0 196.2742
13:27:00 283.0 7283.0 200.8 195.74 196.3 195.64 195.71 3.0 195.9 74.0 7283.0 3185.0 4098.0 0.0 195.925
13:28:00 216.0 10962.0 200.8 195.6 195.89 195.52 195.51 133.0 195.6 25.0 10962.0 6002.0 4960.0 0.0 195.7383
13:29:00 227.0 6551.0 200.8 196.03 196.14 195.6 195.96 50.0 196.05 111.0 6551.0 4171.0 2380.0 0.0 195.7746
13:30:00 194.0 5957.0 200.8 195.81 196.21 195.81 195.81 11.0 195.92 25.0 5957.0 2596.0 3361.0 0.0 196.0523
13:31:00 326.0 8787.0 200.8 196.37 196.51 195.63 196.28 100.0 196.43 231.0 8787.0 6022.0 2765.0 0.0 195.9987
13:32:00 157.0 6636.0 200.8 196.36 196.55 196.23 196.3 220.0 196.4 25.0 6636.0 5137.0 1499.0 0.0 196.4078
13:33:00 128.0 2136.0 200.8 196.31 196.36 195.87 196.25 25.0 196.35 210.0 2136.0 825.0 1311.0 0.0 196.0799
13:34:00 238.0 10207.0 200.8 197.11 197.28 196.33 197.02 20.0 197.16 66.0 10207.0 8990.0 1217.0 0.0 196.9201
13:35:00 142.0 5662.0 200.8 197.33 197.33 197.1 197.25 25.0 197.33 102.0 5662.0 3997.0 1665.0 0.0 197.2213
13:36:00 145.0 3908.0 200.8 196.9 197.32 196.8 196.79 150.0 196.91 200.0 3908.0 1335.0 2573.0 0.0 197.0908
13:37:00 221.0 5512.0 200.8 196.54 196.93 196.25 196.46 25.0 196.56 200.0 5512.0 2438.0 3074.0 0.0 196.5473
13:38:00 184.0 6515.0 200.8 196.43 196.47 196.05 196.39 5.0 196.46 1.0 6515.0 4061.0 2454.0 0.0 196.2798
13:39:00 135.0 2454.0 200.8 196.91 196.91 196.4 196.82 300.0 196.91 25.0 2454.0 1181.0 1273.0 0.0 196.5829
13:40:00 204.0 7005.0 200.8 197.4 197.5 196.92 197.35 100.0 197.45 25.0 7005.0 4611.0 2394.0 0.0 197.3025
13:41:00 110.0 3205.0 200.8 197.32 197.42 197.12 197.24 51.0 197.32 34.0 3205.0 1337.0 1868.0 0.0 197.2757
13:42:00 156.0 4882.0 200.8 197.17 197.38 197.0 197.08 36.0 197.16 26.0 4882.0 1792.0 3090.0 0.0 197.1987
13:43:00 136.0 3158.0 200.8 197.08 197.18 196.89 196.96 25.0 197.1 460.0 3158.0 1729.0 1429.0 0.0 197.0485
13:44:00 180.0 7611.0 200.8 196.93 197.15 196.93 196.95 25.0 197.02 175.0 7611.0 2671.0 4940.0 0.0 197.0733
13:45:00 395.0 15419.0 200.8 196.85 196.94 196.64 196.83 155.0 196.92 25.0 15419.0 10084.0 5335.0 0.0 196.7569
13:46:00 240.0 5809.0 200.8 197.44 197.45 196.83 197.35 181.0 197.45 15.0 5809.0 3262.0 2547.0 0.0 197.1785
13:47:00 364.0 18582.0 200.8 197.87 198.09 197.45 197.79 26.0 197.87 216.0 18582.0 15601.0 2981.0 0.0 197.8238
13:48:00 155.0 6368.0 200.8 197.8 198.03 197.71 197.75 35.0 197.8 1.0 6368.0 3223.0 3145.0 0.0 197.8553
13:49:00 167.0 4341.0 200.8 197.74 197.94 197.62 197.67 25.0 197.76 10.0 4341.0 1801.0 2540.0 0.0 197.7665
13:50:00 188.0 5689.0 200.8 198.2 198.2 197.73 198.15 107.0 198.21 5.0 5689.0 4828.0 861.0 0.0 197.9785
13:51:00 255.0 5968.0 200.8 198.53 198.55 198.08 198.44 431.0 198.54 2.0 5968.0 4052.0 1916.0 0.0 198.285
13:52:00 329.0 8979.0 200.8 198.34 198.69 198.29 198.27 125.0 198.38 5.0 8979.0 3473.0 5506.0 0.0 198.5478
13:53:00 253.0 6126.0 200.8 198.11 198.41 198.05 198.12 432.0 198.2 38.0 6126.0 3343.0 2783.0 0.0 198.1779
13:54:00 200.0 4664.0 200.8 198.06 198.36 197.8 197.93 74.0 198.06 125.0 4664.0 1196.0 3468.0 0.0 198.0643
13:55:00 214.0 5368.0 200.8 198.42 198.67 197.98 198.41 49.0 198.53 1300.0 5368.0 3428.0 1940.0 0.0 198.2968
13:56:00 301.0 9296.0 200.8 198.51 198.91 198.48 198.43 40.0 198.51 25.0 9296.0 3204.0 6092.0 0.0 198.6656
13:57:00 248.0 7229.0 200.8 198.79 198.92 198.41 198.73 120.0 198.88 5.0 7229.0 3142.0 4087.0 0.0 198.6065
13:58:00 163.0 2337.0 200.8 198.91 198.98 198.72 198.88 25.0 198.95 100.0 2337.0 882.0 1455.0 0.0 198.8458
13:59:00 251.0 9203.0 200.8 198.89 199.11 198.71 198.8 50.0 198.94 5.0 9203.0 5985.0 3218.0 0.0 198.9321
14:00:00 156.0 3372.0 200.8 199.11 199.18 198.86 199.1 50.0 199.15 101.0 3372.0 2595.0 777.0 0.0 199.0628
14:01:00 232.0 12732.0 200.8 199.38 199.58 199.0 199.29 15.0 199.44 116.0 12732.0 8698.0 4034.0 0.0 199.3662
14:02:00 212.0 7468.0 200.8 199.93 199.94 199.27 199.87 125.0 199.95 10.0 7468.0 4385.0 3083.0 0.0 199.7248
14:03:00 764.0 52791.0 200.8 200.22 200.5 199.95 200.16 75.0 200.36 496.0 52791.0 37395.0 15396.0 0.0 200.0787
14:04:00 377.0 12020.0 200.8 199.9 200.28 199.65 199.93 125.0 200.04 48.0 12020.0 3893.0 8127.0 0.0 199.9514
14:05:00 265.0 6347.0 200.8 199.45 200.01 199.22 199.28 387.0 199.45 100.0 6347.0 3245.0 3102.0 0.0 199.5931
14:06:00 174.0 4897.0 200.8 199.59 199.8 199.45 199.59 226.0 199.75 209.0 4897.0 2863.0 2034.0 0.0 199.6666
14:07:00 311.0 11173.0 200.8 200.02 200.33 199.67 200.06 500.0 200.22 30.0 11173.0 4843.0 6330.0 0.0 200.0924
14:08:00 323.0 15663.0 200.8 200.52 200.57 199.8 200.43 25.0 200.53 20.0 15663.0 10183.0 5480.0 0.0 200.2406
14:09:00 285.0 7486.0 200.8 200.0 200.47 199.94 199.95 66.0 200.14 75.0 7486.0 1216.0 6270.0 0.0 200.1347
14:10:00 95.0 3143.0 200.8 200.18 200.25 199.88 200.04 4.0 200.2 200.0 3143.0 742.0 2401.0 0.0 200.108
14:11:00 210.0 6982.0 200.8 200.12 200.65 200.12 200.1 400.0 200.32 75.0 6982.0 3918.0 3064.0 0.0 200.4934
14:12:00 162.0 4764.0 200.8 199.9 200.13 199.69 199.83 32.0 199.98 84.0 4764.0 1690.0 3074.0 0.0 199.9792
14:13:00 176.0 10275.0 200.8 199.14 200.0 199.09 199.02 200.0 199.29 75.0 10275.0 1628.0 8647.0 0.0 199.4108
14:14:00 207.0 14754.0 200.8 198.51 199.44 198.51 198.5 808.0 198.69 100.0 14754.0 1982.0 12772.0 0.0 198.8634
14:15:00 102.0 3173.0 200.8 199.05 199.05 198.68 198.98 148.0 199.08 5.0 3173.0 2617.0 556.0 0.0 198.8424
14:16:00 181.0 4689.0 200.8 198.78 199.39 198.6 198.65 56.0 198.8 179.0 4689.0 1903.0 2786.0 0.0 198.9441
14:17:00 183.0 5629.0 200.8 198.27 199.0 198.26 198.26 19.0 198.39 310.0 5629.0 2181.0 3448.0 0.0 198.7207
14:18:00 150.0 4871.0 200.8 198.96 199.02 198.35 198.87 725.0 199.03 40.0 4871.0 3561.0 1310.0 0.0 198.7627
14:19:00 160.0 5679.0 200.8 198.93 199.01 198.44 198.87 100.0 199.03 5.0 5679.0 1904.0 3775.0 0.0 198.8308
14:20:00 157.0 3007.0 200.8 198.77 199.27 198.75 198.75 100.0 198.92 30.0 3007.0 1352.0 1655.0 0.0 199.011
14:21:00 139.0 3051.0 200.8 199.22 199.47 198.77 199.13 174.0 199.42 496.0 3051.0 1744.0 1307.0 0.0 199.2811
14:22:00 178.0 6765.0 200.8 198.6 199.2 198.58 198.6 210.0 198.79 430.0 6765.0 3748.0 3017.0 0.0 198.9879
14:23:00 178.0 7311.0 200.8 198.24 198.69 198.21 198.23 5.0 198.39 125.0 7311.0 1752.0 5559.0 0.0 198.3941
14:24:00 78.0 3237.0 200.8 198.04 198.46 198.02 198.18 100.0 198.28 230.0 3237.0 1071.0 2166.0 0.0 198.2567
14:25:00 167.0 4878.0 200.8 198.37 198.7 198.21 198.23 18.0 198.39 75.0 4878.0 2895.0 1983.0 0.0 198.5231
14:26:00 281.0 13882.0 200.8 198.38 198.42 198.01 198.31 208.0 198.43 32.0 13882.0 5277.0 8605.0 0.0 198.1945
14:27:00 130.0 3450.0 200.8 198.6 198.78 198.42 198.43 62.0 198.6 159.0 3450.0 1603.0 1847.0 0.0 198.6279
14:28:00 186.0 5865.0 200.8 198.67 198.86 198.4 198.6 110.0 198.77 72.0 5865.0 3886.0 1979.0 0.0 198.6251
14:29:00 125.0 2345.0 200.8 198.64 198.85 198.37 198.54 430.0 198.68 1.0 2345.0 755.0 1590.0 0.0 198.5905
14:30:00 131.0 1688.0 200.8 198.485 198.75 198.29 198.4 24.0 198.58 700.0 1688.0 397.0 1291.0 0.0 198.5639
14:31:00 222.0 7939.0 200.8 199.14 199.14 198.28 199.01 226.0 199.13 25.0 7939.0 6202.0 1737.0 0.0 198.7055
14:32:00 118.0 4041.0 200.8 198.73 199.03 198.6 198.73 91.0 198.91 1.0 4041.0 830.0 3211.0 0.0 198.7876
14:33:00 93.0 4028.0 200.8 198.5 198.8 198.37 198.5 2.0 198.58 25.0 4028.0 1611.0 2417.0 0.0 198.559
14:34:00 111.0 3520.0 200.8 198.35 198.63 198.18 198.2 7.0 198.37 302.0 3520.0 805.0 2715.0 0.0 198.5024
14:35:00 248.0 6734.0 200.8 197.81 198.25 197.81 197.83 58.0 197.96 84.0 6734.0 1852.0 4882.0 0.0 198.0279
14:36:00 72.0 1995.0 200.8 197.78 197.99 197.63 197.67 152.0 197.82 6.0 1995.0 1141.0 854.0 0.0 197.7995
14:37:00 121.0 3127.0 200.8 197.99 198.18 197.76 197.85 84.0 198.01 200.0 3127.0 1642.0 1485.0 0.0 197.9902
14:38:00 178.0 4226.0 200.8 197.38 197.95 197.34 197.34 17.0 197.55 100.0 4226.0 1324.0 2902.0 0.0 197.6185
14:39:00 79.0 1086.0 200.8 197.42 197.62 197.25 197.28 50.0 197.54 28.0 1086.0 142.0 944.0 0.0 197.3899
14:40:00 80.0 3861.0 200.8 197.69 197.71 197.34 197.56 60.0 197.69 4.0 3861.0 2737.0 1124.0 0.0 197.5033
14:41:00 99.0 2485.0 200.8 197.57 197.63 197.32 197.5 255.0 197.67 9.0 2485.0 937.0 1548.0 0.0 197.5097
14:42:00 92.0 5559.0 200.8 197.55 197.57 197.3 197.48 1.0 197.56 56.0 5559.0 4962.0 597.0 0.0 197.4881
14:43:00 118.0 5885.0 200.8 197.37 197.57 197.2 197.31 4.0 197.39 9.0 5885.0 293.0 5592.0 0.0 197.4077
14:44:00 220.0 7257.0 200.8 197.34 197.48 197.08 197.33 175.0 197.49 5.0 7257.0 6359.0 898.0 0.0 197.3433
14:45:00 102.0 1813.0 200.8 197.36 197.48 197.23 197.27 43.0 197.4 1100.0 1813.0 999.0 814.0 0.0 197.3389
14:46:00 187.0 5734.0 200.8 196.97 197.36 196.88 196.85 2.0 197.01 36.0 5734.0 2434.0 3300.0 0.0 197.1723
14:47:00 98.0 2265.0 200.8 196.94 196.97 196.69 196.74 100.0 196.94 193.0 2265.0 1590.0 675.0 0.0 196.8135
14:48:00 114.0 2818.0 200.8 196.8 197.18 196.8 196.71 75.0 196.93 225.0 2818.0 979.0 1839.0 0.0 197.0069
14:49:00 125.0 2126.0 200.8 197.09 197.13 196.77 196.96 33.0 197.12 25.0 2126.0 1597.0 529.0 0.0 196.9661
14:50:00 217.0 5453.0 200.8 197.33 197.61 196.96 197.25 69.0 197.48 107.0 5453.0 4593.0 860.0 0.0 197.2353
14:51:00 267.0 8205.0 200.8 197.46 197.91 197.27 197.38 100.0 197.54 25.0 8205.0 4623.0 3582.0 0.0 197.5381
14:52:00 89.0 3580.0 200.8 197.58 197.61 197.13 197.45 32.0 197.59 305.0 3580.0 2739.0 841.0 0.0 197.5066
14:53:00 107.0 1944.0 200.8 197.28 197.75 197.08 197.3 100.0 197.44 100.0 1944.0 1096.0 848.0 0.0 197.4173
14:54:00 74.0 2385.0 200.8 197.72 197.72 197.25 197.63 58.0 197.76 100.0 2385.0 2141.0 244.0 0.0 197.4074
14:55:00 195.0 6982.0 200.8 197.93 197.95 197.45 197.86 68.0 197.98 56.0 6982.0 4729.0 2253.0 0.0 197.7512
14:56:00 182.0 5116.0 200.8 197.75 197.86 197.54 197.65 25.0 197.81 10.0 5116.0 2945.0 2171.0 0.0 197.7085
14:57:00 183.0 9034.0 200.8 197.84 198.02 197.67 197.81 86.0 197.99 25.0 9034.0 3572.0 5462.0 0.0 197.855
14:58:00 88.0 1337.0 200.8 197.8 197.94 197.58 197.8 2.0 197.98 52.0 1337.0 859.0 478.0 0.0 197.747
14:59:00 123.0 4510.0 200.8 198.27 198.39 197.93 198.2 56.0 198.34 56.0 4510.0 2219.0 2291.0 0.0 198.2559
15:00:00 136.0 2994.0 200.8 198.6 198.77 198.28 198.53 30.0 198.68 100.0 2994.0 1431.0 1563.0 0.0 198.5079
15:01:00 121.0 2604.0 200.8 199.18 199.18 198.45 199.11 400.0 199.2 2.0 2604.0 2370.0 234.0 0.0 198.8591
15:02:00 156.0 3479.0 200.8 198.91 199.25 198.91 198.9 22.0 199.02 20.0 3479.0 1346.0 2133.0 0.0 199.0748
15:03:00 91.0 1894.0 200.8 199.47 199.47 198.98 199.37 211.0 199.49 30.0 1894.0 1548.0 346.0 0.0 199.2344
15:04:00 173.0 4290.0 200.8 199.26 199.55 199.17 199.13 120.0 199.3 1.0 4290.0 1211.0 3079.0 0.0 199.3538
15:05:00 221.0 5198.0 200.8 198.97 199.6 198.89 198.86 84.0 199.07 225.0 5198.0 3009.0 2189.0 0.0 199.3532
15:06:00 122.0 4331.0 200.8 198.65 199.23 198.6 198.57 25.0 198.72 10.0 4331.0 926.0 3405.0 0.0 198.8429
15:07:00 220.0 7585.0 200.8 198.74 199.05 198.64 198.67 54.0 198.85 73.0 7585.0 5707.0 1878.0 0.0 198.8343
15:08:00 72.0 988.0 200.8 198.7 199.03 198.68 198.68 20.0 198.79 5.0 988.0 81.0 907.0 0.0 198.8798
15:09:00 172.0 5570.0 200.8 198.76 199.15 198.61 198.76 229.0 198.99 204.0 5570.0 2129.0 3441.0 0.0 198.8898
15:10:00 152.0 5131.0 200.8 199.26 199.33 198.92 199.16 25.0 199.32 200.0 5131.0 2757.0 2374.0 0.0 199.2071
15:11:00 150.0 4884.0 200.8 199.55 199.58 199.18 199.47 265.0 199.57 2.0 4884.0 3324.0 1560.0 0.0 199.4237
15:12:00 167.0 6235.0 200.8 199.64 199.64 199.3 199.58 20.0 199.64 10.0 6235.0 3727.0 2508.0 0.0 199.4912
15:13:00 186.0 9758.0 200.8 199.85 199.94 199.46 199.8 25.0 199.85 441.0 9758.0 8210.0 1548.0 0.0 199.7468
15:14:00 178.0 5870.0 200.8 199.7 199.97 199.67 199.64 101.0 199.75 125.0 5870.0 3209.0 2661.0 0.0 199.8536
15:15:00 105.0 3160.0 200.8 199.8 199.92 199.62 199.81 4.0 199.9 129.0 3160.0 2492.0 668.0 0.0 199.8131
15:16:00 298.0 10253.0 200.8 200.31 200.38 199.9 200.27 599.0 200.39 102.0 10253.0 7911.0 2342.0 0.0 200.0906
15:17:00 168.0 6805.0 200.8 200.43 200.53 200.34 200.37 25.0 200.47 20.0 6805.0 3677.0 3128.0 0.0 200.448
15:18:00 188.0 5182.0 200.8 199.79 200.46 199.71 199.7 120.0 199.81 160.0 5182.0 1460.0 3722.0 0.0 200.1019
15:19:00 230.0 7325.0 200.8 199.46 199.88 199.38 199.4 133.0 199.53 125.0 7325.0 3283.0 4042.0 0.0 199.6998
15:20:00 157.0 4372.0 200.8 199.38 199.52 199.06 199.29 25.0 199.4 42.0 4372.0 1641.0 2731.0 0.0 199.3272
15:21:00 164.0 5496.0 200.8 200.08 200.16 199.4 199.99 75.0 200.11 200.0 5496.0 3062.0 2434.0 0.0 199.8619
15:22:00 180.0 4738.0 200.8 200.48 200.5 200.11 200.42 48.0 200.5 255.0 4738.0 2049.0 2689.0 0.0 200.3132
15:23:00 147.0 8466.0 200.8 200.53 200.65 200.35 200.45 25.0 200.55 101.0 8466.0 2842.0 5624.0 0.0 200.4947
15:24:00 110.0 4007.0 200.8 200.69 200.77 200.3 200.62 225.0 200.76 28.0 4007.0 2572.0 1435.0 0.0 200.5079
15:25:00 67.0 2154.0 200.8 200.43 200.63 200.38 200.37 425.0 200.5 5.0 2154.0 647.0 1507.0 0.0 200.4794
15:26:00 152.0 3362.0 200.8 200.5 200.68 200.39 200.49 25.0 200.59 28.0 3362.0 1807.0 1555.0 0.0 200.5181
15:27:00 155.0 5490.0 200.8 200.77 200.82 200.42 200.74 25.0 200.86 9.0 5490.0 3248.0 2242.0 0.0 200.6254
15:28:00 254.0 7728.0 200.8 200.15 200.77 199.83 200.12 175.0 200.3 100.0 7728.0 1716.0 6012.0 0.0 200.2953
15:29:00 129.0 5106.0 200.8 200.1 200.38 199.91 200.02 305.0 200.2 25.0 5106.0 2652.0 2454.0 0.0 200.1586
15:30:00 161.0 6953.0 200.8 200.4 200.5 200.18 200.31 25.0 200.43 20.0 6953.0 3755.0 3198.0 0.0 200.3672
15:31:00 461.0 15505.0 200.8 200.74 200.87 200.15 200.75 500.0 200.86 10.0 15505.0 9800.0 5705.0 0.0 200.4787
15:32:00 296.0 39584.0 200.8 201.15 201.25 200.84 201.11 45.0 201.19 270.0 39584.0 35779.0 3805.0 0.0 201.0022
15:33:00 300.0 16246.0 200.8 201.82 201.87 201.19 201.8 202.0 201.88 4.0 16246.0 9708.0 6538.0 0.0 201.5643
15:34:00 244.0 11209.0 200.8 201.9 201.99 201.54 201.88 25.0 201.93 8.0 11209.0 7268.0 3941.0 0.0 201.8501
15:35:00 340.0 11023.0 200.8 202.05 202.07 201.72 202.01 25.0 202.07 57.0 11023.0 8819.0 2204.0 0.0 201.9537
15:36:00 250.0 10087.0 200.8 201.86 202.1 201.83 201.84 25.0 201.94 50.0 10087.0 2951.0 7136.0 0.0 201.9531
15:37:00 387.0 13040.0 200.8 201.6 201.87 201.5 201.58 25.0 201.65 325.0 13040.0 6590.0 6450.0 0.0 201.6689
15:38:00 386.0 12515.0 200.8 202.1 202.24 201.64 202.09 292.0 202.22 386.0 12515.0 6891.0 5624.0 0.0 202.0422
15:39:00 346.0 12427.0 200.8 202.2 202.27 201.96 202.18 25.0 202.28 400.0 12427.0 8910.0 3517.0 0.0 202.1089
15:40:00 290.0 12768.0 200.8 202.12 202.26 201.94 202.1 300.0 202.18 175.0 12768.0 8653.0 4115.0 0.0 202.1459
15:41:00 310.0 10884.0 200.8 202.07 202.34 202.04 202.02 200.0 202.15 760.0 10884.0 6609.0 4275.0 0.0 202.1954
15:42:00 405.0 19189.0 200.8 201.62 202.15 201.6 201.61 825.0 201.7 220.0 19189.0 5246.0 13943.0 0.0 201.8438
15:43:00 464.0 13648.0 200.8 201.3 201.75 201.3 201.29 101.0 201.37 800.0 13648.0 4309.0 9339.0 0.0 201.5364
15:44:00 310.0 11169.0 200.8 201.2 201.63 201.17 201.17 100.0 201.2 200.0 11169.0 6911.0 4258.0 0.0 201.3845
15:45:00 331.0 13142.0 200.8 201.34 201.44 201.12 201.32 25.0 201.38 522.0 13142.0 9093.0 4049.0 0.0 201.2972
15:46:00 519.0 22959.0 200.8 201.94 202.0 201.32 201.92 18.0 201.98 150.0 22959.0 13450.0 9509.0 0.0 201.6599
15:47:00 438.0 19025.0 200.8 202.55 202.59 201.85 202.54 2.0 202.58 526.0 19025.0 11810.0 7215.0 0.0 202.3003
15:48:00 387.0 15503.0 200.8 202.74 202.83 202.58 202.74 1.0 202.77 405.0 15503.0 7059.0 8444.0 0.0 202.7106
15:49:00 566.0 20124.0 200.8 202.91 202.95 202.59 202.89 200.0 202.93 18.0 20124.0 8121.0 12003.0 0.0 202.7928
15:50:00 532.0 19264.0 200.8 202.97 202.97 202.45 202.93 114.0 202.98 50.0 19264.0 9690.0 9574.0 0.0 202.7221
15:51:00 1077.0 45672.0 200.8 203.8 203.81 202.98 203.74 50.0 203.81 150.0 45672.0 25662.0 20010.0 0.0 203.328
15:52:00 487.0 17844.0 200.8 204.04 204.1 203.64 204.03 60.0 204.08 46.0 17844.0 9394.0 8450.0 0.0 203.8512
15:53:00 495.0 16772.0 200.8 204.4 204.43 203.92 204.36 10.0 204.4 40.0 16772.0 10034.0 6738.0 0.0 204.1445
15:54:00 566.0 20914.0 200.8 204.31 204.63 204.23 204.3 187.0 204.36 150.0 20914.0 9591.0 11323.0 0.0 204.457
15:55:00 759.0 32936.0 200.8 203.95 204.41 203.82 203.89 50.0 203.96 50.0 32936.0 17250.0 15686.0 0.0 204.0429
15:56:00 597.0 24193.0 200.8 203.99 204.02 203.56 203.96 50.0 204.0 140.0 24193.0 11627.0 12566.0 0.0 203.8274
15:57:00 537.0 23769.0 200.8 204.17 204.2 203.81 204.17 137.0 204.21 527.0 23769.0 14600.0 9169.0 0.0 204.0264
15:58:00 702.0 23297.0 200.8 204.19 204.37 204.05 204.14 285.0 204.2 75.0 23297.0 13218.0 10079.0 0.0 204.2062
15:59:00 913.0 32232.0 200.8 204.62 204.8 204.19 204.62 195.0 204.68 97.0 32232.0 24029.0 8203.0 0.0 204.5018
16:00:00 1792.0 75508.0 200.8 204.14 204.68 203.98 204.13 21923.0 204.16 80.0 75508.0 50398.0 25110.0 0.0 204.2457
16:01:00 10.0 211.0 200.8 205.0 205.0 204.02 204.13 21749.0 204.2 26059.0 211.0 16.0 195.0 0.0 204.0941
16:02:00 8.0 130.0 200.8 203.75 204.54 203.75 204.13 21749.0 204.2 26059.0 130.0 52.0 78.0 0.0 203.9928
16:03:00 5.0 91.0 200.8 204.75 204.75 204.02 204.13 21749.0 204.2 26059.0 91.0 91.0 0.0 0.0 204.3964
16:04:00 2.0 0.0 200.8 204.01 204.01 204.01 204.15 100.0 204.2 26059.0 nan 0.0 0.0 0.0 nan
16:05:00 3.0 15.0 200.8 204.2 204.2 204.2 204.2 95.0 204.2 26059.0 15.0 5.0 10.0 0.0 204.2
16:06:00 8.0 29.0 200.8 204.25 204.75 204.21 204.25 4.0 204.2 26059.0 29.0 28.0 1.0 0.0 204.6293
16:07:00 23.0 332.0 200.8 203.5 204.3 203.5 204.13 21749.0 203.8 48.0 332.0 21.0 311.0 0.0 203.9387
16:08:00 1.0 1.0 200.8 203.8 203.8 203.8 204.13 21749.0 203.8 47.0 1.0 1.0 0.0 0.0 203.8
16:09:00 3.0 56.0 200.8 203.8 203.8 203.6 204.13 21749.0 204.0 8.0 56.0 47.0 9.0 0.0 203.7857
16:10:00 6.0 168.0 200.8 203.97 204.1 203.8 204.13 21749.0 203.97 46.0 168.0 78.0 90.0 0.0 203.8881
16:11:00 4.0 60.0 200.8 203.97 204.1 203.8 204.13 21749.0 203.97 4.0 60.0 55.0 5.0 0.0 204.0775
16:12:00 20.0 695.0 200.8 204.25 204.25 204.0 204.15 1005.0 204.2 26059.0 695.0 654.0 41.0 0.0 204.1842
16:13:00 5.0 365.0 200.8 204.15 204.48 204.15 204.15 18.0 204.2 26059.0 365.0 110.0 255.0 0.0 204.3816
16:14:00 7.0 1012.0 200.8 204.2 204.45 204.15 204.15 8.0 204.2 26059.0 1012.0 1002.0 10.0 0.0 204.1994
16:15:00 0.0 0.0 200.8 204.2 nan nan 204.15 8.0 204.2 26059.0 nan 0.0 0.0 0.0 nan
16:16:00 3.0 20.0 200.8 204.5 204.5 204.21 204.55 4.0 204.2 26059.0 20.0 0.0 20.0 0.0 204.5
16:17:00 1.0 4.0 200.8 204.55 204.55 204.55 204.55 25.0 204.2 26059.0 4.0 0.0 4.0 0.0 204.55
16:18:00 9.0 490.0 200.8 204.53 204.65 204.5 204.15 8.0 204.2 26059.0 490.0 8.0 482.0 0.0 204.5059
16:19:00 4.0 14.0 200.8 204.22 204.5 204.22 204.21 23.0 204.2 26059.0 14.0 9.0 5.0 0.0 204.4943
16:20:00 12.0 58.0 200.8 204.4 204.78 204.4 204.21 23.0 204.2 26059.0 58.0 58.0 0.0 0.0 204.6862
16:21:00 0.0 0.0 200.8 204.4 nan nan 204.21 23.0 204.2 26059.0 nan 0.0 0.0 0.0 nan
16:22:00 4.0 28.0 200.8 204.53 204.72 204.2 204.2 1029.0 204.2 26059.0 28.0 3.0 25.0 0.0 204.2436
16:23:00 7.0 226.0 200.8 204.3 204.49 204.3 204.3 29.0 204.2 26059.0 226.0 0.0 226.0 0.0 204.3442
16:24:00 1.0 5.0 200.8 204.4 204.4 204.4 204.3 29.0 204.2 26059.0 5.0 0.0 5.0 0.0 204.4
16:25:00 1.0 0.0 200.8 204.49 204.49 204.49 204.3 29.0 204.2 26059.0 nan 0.0 0.0 0.0 nan
16:26:00 2.0 25.0 200.8 204.3 204.3 204.3 204.3 7.0 204.2 26059.0 25.0 0.0 25.0 0.0 204.3
16:27:00 0.0 0.0 200.8 204.3 nan nan 204.3 7.0 204.2 26059.0 nan 0.0 0.0 0.0 nan
16:28:00 6.0 8.0 200.8 204.3 204.5 204.3 204.3 5.0 204.2 26059.0 8.0 6.0 2.0 0.0 204.4375
16:29:00 1.0 3.0 200.8 204.4 204.4 204.4 204.3 2.0 204.2 26059.0 3.0 0.0 3.0 0.0 204.4
16:30:00 0.0 0.0 200.8 204.4 nan nan 204.3 2.0 204.2 26059.0 nan 0.0 0.0 0.0 nan
16:31:00 1.0 0.0 200.8 204.21 204.21 204.21 204.3 2.0 204.2 26059.0 nan 0.0 0.0 0.0 nan
16:32:00 15.0 685.0 200.8 204.35 204.35 204.2 204.2 770.0 204.2 26059.0 685.0 15.0 670.0 0.0 204.2077
16:33:00 4.0 6.0 200.8 204.2 204.21 204.2 204.2 766.0 204.2 26059.0 6.0 0.0 6.0 0.0 204.2
16:34:00 1.0 5.0 200.8 204.2 204.2 204.2 204.2 771.0 204.2 26059.0 5.0 0.0 5.0 0.0 204.2
16:35:00 15.0 870.0 200.8 203.75 204.2 203.75 204.13 21749.0 204.2 26120.0 870.0 2.0 868.0 0.0 204.1599
16:36:00 1.0 7.0 200.8 204.0 204.0 204.0 204.13 21749.0 204.0 243.0 7.0 7.0 0.0 0.0 204.0
16:37:00 5.0 208.0 200.8 204.0 204.0 203.6 204.13 21749.0 204.0 233.0 208.0 205.0 3.0 0.0 203.9851
16:38:00 17.0 471.0 200.8 203.82 204.0 203.5 204.13 21749.0 204.0 231.0 471.0 233.0 238.0 0.0 203.7741
16:39:00 2.0 0.0 200.8 203.82 203.82 203.82 204.13 21749.0 204.0 282.0 nan 0.0 0.0 0.0 nan
16:40:00 2.0 0.0 200.8 203.82 203.82 203.82 204.13 21749.0 204.0 284.0 nan 0.0 0.0 0.0 nan
16:41:00 14.0 220.0 200.8 203.81 204.0 203.5 204.13 21749.0 203.95 2.0 220.0 3.0 217.0 0.0 203.5759
16:42:00 7.0 220.0 200.8 203.8 203.81 203.8 204.13 21749.0 203.8 26.0 220.0 10.0 210.0 0.0 203.8
16:43:00 14.0 525.0 200.8 203.98 204.0 203.8 204.13 21749.0 203.98 60.0 525.0 392.0 133.0 0.0 203.9728
16:44:00 6.0 50.0 200.8 203.77 203.86 203.77 204.13 21749.0 203.88 1.0 50.0 0.0 50.0 0.0 203.8
16:45:00 0.0 0.0 200.8 203.77 nan nan 204.13 21749.0 203.88 1.0 nan 0.0 0.0 0.0 nan
16:46:00 3.0 53.0 200.8 203.76 203.88 203.76 204.13 21749.0 203.97 2.0 53.0 53.0 0.0 0.0 203.8
16:47:00 13.0 241.0 200.8 204.0 204.01 203.97 204.13 21749.0 204.08 38.0 241.0 156.0 85.0 0.0 203.9998
16:48:00 3.0 224.0 200.8 204.0 204.0 204.0 204.13 21749.0 204.08 38.0 224.0 0.0 224.0 0.0 204.0
16:49:00 1.0 4.0 200.8 204.0 204.0 204.0 204.13 21749.0 204.08 38.0 4.0 0.0 4.0 0.0 204.0
16:50:00 1.0 0.0 200.8 204.19 204.19 204.19 204.13 21749.0 204.08 38.0 nan 0.0 0.0 0.0 nan
16:51:00 9.0 121.0 200.8 204.2 204.2 204.0 204.13 21749.0 204.2 26703.0 121.0 120.0 1.0 0.0 204.1424
16:52:00 0.0 0.0 200.8 204.2 nan nan 204.13 21749.0 204.17 5.0 nan 0.0 0.0 0.0 nan
16:53:00 2.0 0.0 200.8 204.19 204.19 204.19 204.13 21749.0 204.2 26203.0 nan 0.0 0.0 0.0 nan
16:54:00 3.0 63.0 200.8 204.22 204.22 204.2 204.2 16.0 204.2 26059.0 63.0 63.0 0.0 0.0 204.2003
16:55:00 10.0 252.0 200.8 204.2 204.29 204.2 204.15 30.0 204.2 26159.0 252.0 192.0 60.0 0.0 204.2435
16:56:00 2.0 30.0 200.8 204.15 204.19 204.15 204.13 21749.0 204.1 70.0 30.0 0.0 30.0 0.0 204.15
16:57:00 1.0 1.0 200.8 204.1 204.1 204.1 204.13 21749.0 204.1 69.0 1.0 1.0 0.0 0.0 204.1
16:58:00 1.0 4.0 200.8 204.1 204.1 204.1 204.13 21749.0 204.1 65.0 4.0 4.0 0.0 0.0 204.1
16:59:00 1.0 5.0 200.8 203.8 203.8 203.8 204.13 21749.0 204.1 65.0 5.0 0.0 5.0 0.0 203.8
17:00:00 1.0 2.0 200.8 204.0 204.0 204.0 204.13 21749.0 204.0 6.0 2.0 2.0 0.0 0.0 204.0
