time trade_count trade_volume trade_first trade_last trade_high trade_low bid_price bid_size ask_price ask_size hid_vol buy_vol sell_vol unsided_vol vwap
09:00:00 nan 5.0 209.26 209.24 209.26 209.24 209.11 313.0 209.25 100.0 5.0 5.0 0.0 0.0 209.256
09:01:00 4.0 68.0 209.26 209.24 209.24 209.11 209.12 1.0 209.25 105.0 68.0 0.0 68.0 0.0 209.11
09:02:00 20.0 628.0 209.26 209.07 209.17 209.07 209.06 13.0 209.25 130.0 628.0 161.0 467.0 0.0 209.1062
09:03:00 4.0 19.0 209.26 209.05 209.06 209.05 209.05 5.0 209.23 1.0 19.0 0.0 19.0 0.0 209.0568
09:04:00 1.0 0.0 209.26 209.11 209.11 209.11 209.05 105.0 209.2 200.0 nan 0.0 0.0 0.0 nan
09:05:00 5.0 140.0 209.26 209.05 209.05 209.04 209.04 54.0 209.05 48.0 140.0 2.0 138.0 0.0 209.0473
09:06:00 14.0 60.0 209.26 209.01 209.14 209.01 209.04 43.0 209.17 25.0 60.0 49.0 11.0 0.0 209.0495
09:07:00 6.0 277.0 209.26 209.0 209.06 209.0 209.04 40.0 209.17 25.0 277.0 2.0 275.0 0.0 209.0009
09:08:00 1.0 1.0 209.26 209.05 209.05 209.05 209.04 40.0 209.17 25.0 1.0 1.0 0.0 0.0 209.05
09:09:00 14.0 157.0 209.26 209.01 209.07 209.0 209.0 414.0 209.17 25.0 157.0 50.0 107.0 0.0 209.0061
09:10:00 10.0 24.0 209.26 209.17 209.19 209.0 209.0 390.0 209.17 54.0 24.0 7.0 17.0 0.0 209.0496
09:11:00 24.0 355.0 209.26 209.24 209.24 209.03 209.19 1.0 209.25 133.0 355.0 55.0 300.0 0.0 209.1702
09:12:00 2.0 30.0 209.26 209.25 209.25 209.24 209.19 1.0 209.24 40.0 30.0 30.0 0.0 0.0 209.25
09:13:00 7.0 7.0 209.26 209.06 209.19 209.04 209.03 1.0 209.24 40.0 7.0 6.0 1.0 0.0 209.1529
09:14:00 2.0 2.0 209.26 209.03 209.03 209.02 209.01 100.0 209.24 40.0 2.0 1.0 1.0 0.0 209.025
09:15:00 6.0 40.0 209.26 209.2 209.2 209.19 209.01 100.0 209.18 3.0 40.0 40.0 0.0 0.0 209.2
09:16:00 5.0 6.0 209.26 209.15 209.15 209.03 209.01 101.0 209.15 111.0 6.0 6.0 0.0 0.0 209.15
09:17:00 8.0 54.0 209.26 209.06 209.15 209.03 209.01 101.0 209.15 62.0 54.0 49.0 5.0 0.0 209.1407
09:18:00 5.0 0.0 209.26 209.06 209.06 209.02 209.01 101.0 209.15 62.0 nan 0.0 0.0 0.0 nan
09:19:00 22.0 266.0 209.26 209.1 209.19 209.0 209.01 120.0 209.15 27.0 266.0 36.0 230.0 0.0 209.0205
09:20:00 32.0 489.0 209.26 209.1 209.2 209.0 209.09 100.0 209.2 173.0 489.0 121.0 368.0 0.0 209.0461
09:21:00 5.0 102.0 209.26 209.11 209.15 209.1 209.1 105.0 209.2 125.0 102.0 0.0 102.0 0.0 209.101
09:22:00 24.0 425.0 209.26 209.13 209.27 209.11 209.14 5.0 209.46 25.0 425.0 355.0 70.0 0.0 209.2175
09:23:00 7.0 53.0 209.26 209.17 209.47 209.17 209.13 30.0 209.47 316.0 53.0 53.0 0.0 0.0 209.4625
09:24:00 7.0 31.0 209.26 209.11 209.23 209.11 209.1 6.0 209.3 42.0 31.0 0.0 31.0 0.0 209.1332
09:25:00 3.0 42.0 209.26 209.46 209.46 209.3 209.1 6.0 209.47 237.0 42.0 42.0 0.0 0.0 209.3
09:26:00 1.0 0.0 209.26 209.11 209.11 209.11 209.1 5.0 209.46 120.0 nan 0.0 0.0 0.0 nan
09:27:00 3.0 0.0 209.26 209.44 209.44 209.07 209.2 15.0 209.46 120.0 nan 0.0 0.0 0.0 nan
09:28:00 7.0 7.0 209.26 209.29 209.46 209.29 209.2 15.0 209.4 2.0 7.0 6.0 1.0 0.0 209.3457
09:29:00 3.0 6.0 209.26 209.2 209.38 209.2 209.2 19.0 209.31 445.0 6.0 0.0 6.0 0.0 209.2
09:30:00 36.0 1559.0 209.26 208.82 209.24 208.74 208.7 5.0 208.84 179.0 1559.0 27.0 1532.0 0.0 208.9711
09:31:00 700.0 26238.0 209.26 210.08 210.19 208.84 209.99 8.0 210.11 105.0 26238.0 14232.0 12006.0 0.0 209.5358
09:32:00 292.0 8180.0 209.26 210.13 210.31 209.44 210.04 252.0 210.2 425.0 8180.0 4371.0 3809.0 0.0 209.9813
09:33:00 442.0 14405.0 209.26 210.21 210.7 210.05 210.06 100.0 210.25 300.0 14405.0 8812.0 5593.0 0.0 210.4032
09:34:00 431.0 19170.0 209.26 210.14 210.55 209.88 210.04 330.0 210.2 220.0 19170.0 12128.0 7042.0 0.0 210.2842
09:35:00 283.0 11348.0 209.26 209.84 210.3 209.69 209.69 200.0 209.83 8.0 11348.0 4515.0 6833.0 0.0 210.0877
09:36:00 246.0 5869.0 209.26 209.3 210.14 209.3 209.27 6.0 209.34 6.0 5869.0 1238.0 4631.0 0.0 209.6427
09:37:00 296.0 7398.0 209.26 209.57 209.57 208.54 209.53 110.0 209.66 100.0 7398.0 2973.0 4425.0 0.0 208.9787
09:38:00 139.0 4112.0 209.26 209.37 209.69 208.93 209.13 100.0 209.32 325.0 4112.0 1754.0 2358.0 0.0 209.2754
09:39:00 297.0 11636.0 209.26 208.93 209.4 208.77 208.84 406.0 208.93 25.0 11636.0 3184.0 8452.0 0.0 209.0296
09:40:00 179.0 7259.0 209.26 208.74 209.1 208.57 208.67 325.0 208.8 127.0 7259.0 1744.0 5515.0 0.0 208.7974
09:41:00 230.0 6880.0 209.26 209.22 209.22 208.54 209.18 26.0 209.28 20.0 6880.0 4140.0 2740.0 0.0 208.913
09:42:00 210.0 4671.0 209.26 209.25 209.73 209.18 209.18 200.0 209.32 25.0 4671.0 2919.0 1752.0 0.0 209.4384
09:43:00 332.0 13529.0 209.26 209.98 210.09 209.18 209.85 120.0 209.98 41.0 13529.0 8747.0 4782.0 0.0 209.6969
09:44:00 206.0 6453.0 209.26 208.85 209.97 208.77 208.91 100.0 209.05 116.0 6453.0 1219.0 5234.0 0.0 209.1861
09:45:00 120.0 4626.0 209.26 208.88 209.22 208.74 208.8 5.0 208.93 27.0 4626.0 921.0 3705.0 0.0 208.925
09:46:00 270.0 8196.0 209.26 208.77 208.81 208.41 208.74 200.0 208.92 300.0 8196.0 2891.0 5305.0 0.0 208.6101
09:47:00 99.0 2788.0 209.26 209.26 209.44 208.85 209.13 25.0 209.26 9.0 2788.0 1604.0 1184.0 0.0 209.1636
09:48:00 210.0 10014.0 209.26 209.2 209.5 209.18 209.17 200.0 209.3 8.0 10014.0 1891.0 8123.0 0.0 209.3054
09:49:00 186.0 6675.0 209.26 209.3 209.48 208.88 209.29 249.0 209.44 97.0 6675.0 2571.0 4104.0 0.0 209.1321
09:50:00 382.0 10975.0 209.26 209.78 209.92 209.25 209.73 29.0 209.88 96.0 10975.0 7517.0 3458.0 0.0 209.5655
09:51:00 233.0 5301.0 209.26 210.03 210.07 209.62 209.97 350.0 210.1 250.0 5301.0 3622.0 1679.0 0.0 209.8989
09:52:00 348.0 15370.0 209.26 210.7 210.78 210.09 210.68 225.0 210.78 13.0 15370.0 10549.0 4821.0 0.0 210.3781
09:53:00 293.0 10345.0 209.26 210.7 210.84 210.52 210.63 402.0 210.77 30.0 10345.0 4564.0 5781.0 0.0 210.6976
09:54:00 247.0 8937.0 209.26 210.72 210.78 210.48 210.69 25.0 210.75 323.0 8937.0 4146.0 4791.0 0.0 210.6086
09:55:00 185.0 8181.0 209.26 210.33 210.86 210.29 210.33 30.0 210.44 25.0 8181.0 3864.0 4317.0 0.0 210.6709
09:56:00 324.0 7907.0 209.26 210.07 210.43 209.82 209.99 90.0 210.1 20.0 7907.0 2026.0 5881.0 0.0 209.993
09:57:00 150.0 2291.0 209.26 210.07 210.1 209.82 210.06 65.0 210.15 75.0 2291.0 1518.0 773.0 0.0 209.9757
09:58:00 195.0 4742.0 209.26 210.05 210.47 210.03 210.01 12.0 210.1 100.0 4742.0 878.0 3864.0 0.0 210.2832
09:59:00 257.0 4900.0 209.26 210.36 210.39 209.98 210.32 40.0 210.38 108.0 4900.0 2745.0 2155.0 0.0 210.2302
10:00:00 247.0 11671.0 209.26 210.73 210.77 210.38 210.65 25.0 210.79 104.0 11671.0 5989.0 5682.0 0.0 210.6311
10:01:00 747.0 31094.0 209.26 211.09 211.18 210.6 211.01 710.0 211.09 26.0 31094.0 17936.0 13158.0 0.0 210.9903
10:02:00 313.0 12216.0 209.26 211.13 211.33 210.96 211.11 24.0 211.2 100.0 12216.0 7090.0 5126.0 0.0 211.161
10:03:00 168.0 4699.0 209.26 211.2 211.62 211.145 211.17 100.0 211.3 25.0 4699.0 2841.0 1858.0 0.0 211.4086
10:04:00 306.0 5922.0 209.26 211.19 211.5 211.17 211.17 43.0 211.2 100.0 5922.0 3197.0 2725.0 0.0 211.3082
10:05:00 147.0 7421.0 209.26 211.31 211.51 211.16 211.25 543.0 211.33 1.0 7421.0 4888.0 2533.0 0.0 211.402
10:06:00 304.0 12674.0 209.26 211.5 211.545 211.23 211.48 25.0 211.54 300.0 12674.0 4371.0 8303.0 0.0 211.4425
10:07:00 204.0 8976.0 209.26 211.65 211.91 211.5 211.56 25.0 211.65 8.0 8976.0 6270.0 2706.0 0.0 211.7275
10:08:00 221.0 4367.0 209.26 211.62 211.64 211.33 211.59 17.0 211.65 5.0 4367.0 1801.0 2566.0 0.0 211.4752
10:09:00 316.0 9650.0 209.26 211.51 211.6 211.3 211.5 151.0 211.56 1.0 9650.0 6427.0 3223.0 0.0 211.471
10:10:00 189.0 7184.0 209.26 211.5 211.76 211.44 211.47 2.0 211.53 127.0 7184.0 1904.0 5280.0 0.0 211.6309
10:11:00 167.0 5672.0 209.26 211.62 211.75 211.45 211.62 25.0 211.69 33.0 5672.0 2973.0 2699.0 0.0 211.6197
10:12:00 257.0 10409.0 209.26 211.92 212.01 211.665 211.92 300.0 211.95 125.0 10409.0 8634.0 1775.0 0.0 211.9265
10:13:00 389.0 12790.0 209.26 211.79 212.03 211.66 211.76 100.0 211.81 4.0 12790.0 4206.0 8584.0 0.0 211.8282
10:14:00 221.0 7184.0 209.26 211.84 211.95 211.71 211.8 312.0 211.88 11.0 7184.0 4360.0 2824.0 0.0 211.8186
10:15:00 301.0 14841.0 209.26 212.05 212.12 211.7 212.0 225.0 212.1 10.0 14841.0 9063.0 5778.0 0.0 211.8947
10:16:00 324.0 7682.0 209.26 211.67 212.14 211.48 211.64 300.0 211.71 125.0 7682.0 3000.0 4682.0 0.0 211.8544
10:17:00 269.0 8982.0 209.26 211.9 212.0 211.73 211.89 25.0 211.96 200.0 8982.0 6656.0 2326.0 0.0 211.8662
10:18:00 233.0 9830.0 209.26 212.07 212.11 211.82 212.04 330.0 212.13 190.0 9830.0 4244.0 5586.0 0.0 211.9377
10:19:00 363.0 18017.0 209.26 212.13 212.44 212.1 212.1 125.0 212.19 100.0 18017.0 10100.0 7917.0 0.0 212.239
10:20:00 235.0 8777.0 209.26 212.31 212.38 212.04 212.3 100.0 212.37 2.0 8777.0 6830.0 1947.0 0.0 212.2405
10:21:00 320.0 11819.0 209.26 212.1 212.44 212.0 212.05 225.0 212.16 25.0 11819.0 7277.0 4542.0 0.0 212.3439
10:22:00 179.0 5216.0 209.26 212.53 212.53 212.09 212.49 6.0 212.55 33.0 5216.0 3949.0 1267.0 0.0 212.4147
10:23:00 185.0 6555.0 209.26 212.48 212.63 212.45 212.47 10.0 212.53 225.0 6555.0 3912.0 2643.0 0.0 212.562
10:24:00 186.0 6166.0 209.26 212.26 212.62 212.24 212.21 31.0 212.31 48.0 6166.0 1771.0 4395.0 0.0 212.4961
10:25:00 276.0 8711.0 209.26 212.04 212.24 211.9 211.97 100.0 212.1 250.0 8711.0 3907.0 4804.0 0.0 212.0587
10:26:00 193.0 5159.0 209.26 212.07 212.11 211.83 212.02 400.0 212.07 25.0 5159.0 1818.0 3341.0 0.0 211.9503
10:27:00 151.0 3211.0 209.26 212.07 212.12 211.81 212.05 225.0 212.11 16.0 3211.0 1735.0 1476.0 0.0 212.0068
10:28:00 129.0 3328.0 209.26 212.18 212.39 212.095 212.12 25.0 212.2 225.0 3328.0 2247.0 1081.0 0.0 212.282
10:29:00 222.0 5141.0 209.26 212.38 212.45 212.14 212.37 557.0 212.42 211.0 5141.0 3618.0 1523.0 0.0 212.3467
10:30:00 139.0 4688.0 209.26 212.21 212.37 212.11 212.19 100.0 212.27 225.0 4688.0 1495.0 3193.0 0.0 212.2532
10:31:00 188.0 4411.0 209.26 212.25 212.48 212.18 212.22 167.0 212.33 200.0 4411.0 2159.0 2252.0 0.0 212.3445
10:32:00 544.0 18955.0 209.26 211.76 212.26 211.64 211.71 100.0 211.79 36.0 18955.0 4651.0 14304.0 0.0 211.9588
10:33:00 122.0 3705.0 209.26 211.88 212.08 211.73 211.89 25.0 211.97 1.0 3705.0 2147.0 1558.0 0.0 211.8907
10:34:00 79.0 2219.0 209.26 212.04 212.18 211.97 211.99 128.0 212.06 100.0 2219.0 908.0 1311.0 0.0 212.0863
10:35:00 139.0 3001.0 209.26 211.94 212.1 211.91 211.94 80.0 211.99 29.0 3001.0 1724.0 1277.0 0.0 212.0141
10:36:00 179.0 8409.0 209.26 212.18 212.2 211.83 212.13 400.0 212.19 10.0 8409.0 6463.0 1946.0 0.0 211.997
10:37:00 223.0 12253.0 209.26 212.34 212.6 212.16 212.33 100.0 212.4 226.0 12253.0 9210.0 3043.0 0.0 212.462
10:38:00 299.0 10997.0 209.26 212.5 212.61 212.36 212.49 383.0 212.55 25.0 10997.0 6727.0 4270.0 0.0 212.5068
10:39:00 188.0 5032.0 209.26 212.35 212.59 212.27 212.27 100.0 212.37 571.0 5032.0 1615.0 3417.0 0.0 212.4593
10:40:00 294.0 8298.0 209.26 212.42 212.505 212.14 212.36 400.0 212.42 2.0 8298.0 3813.0 4485.0 0.0 212.3641
10:41:00 243.0 6103.0 209.26 212.56 212.72 212.42 212.51 2.0 212.59 17.0 6103.0 3530.0 2573.0 0.0 212.5705
10:42:00 167.0 6536.0 209.26 211.85 212.6 211.71 211.84 100.0 211.91 236.0 6536.0 902.0 5634.0 0.0 212.0293
10:43:00 136.0 3483.0 209.26 211.51 211.89 211.51 211.5 1130.0 211.56 100.0 3483.0 880.0 2603.0 0.0 211.6688
10:44:00 243.0 8847.0 209.26 211.45 211.6 211.22 211.42 300.0 211.48 2.0 8847.0 2946.0 5901.0 0.0 211.4304
10:45:00 179.0 5060.0 209.26 211.7 211.75 211.42 211.68 1115.0 211.74 100.0 5060.0 2103.0 2957.0 0.0 211.5586
10:46:00 229.0 7901.0 209.26 212.18 212.33 211.61 212.11 250.0 212.21 105.0 7901.0 3400.0 4501.0 0.0 211.8875
10:47:00 183.0 5282.0 209.26 212.24 212.44 211.96 212.23 100.0 212.33 45.0 5282.0 1651.0 3631.0 0.0 212.2264
10:48:00 121.0 1785.0 209.26 212.01 212.29 211.84 212.0 200.0 212.09 25.0 1785.0 504.0 1281.0 0.0 212.0959
10:49:00 72.0 2285.0 209.26 212.06 212.15 211.96 212.02 200.0 212.11 130.0 2285.0 688.0 1597.0 0.0 212.0576
10:50:00 189.0 3222.0 209.26 211.78 212.07 211.69 211.77 25.0 211.84 221.0 3222.0 906.0 2316.0 0.0 211.8804
10:51:00 130.0 3793.0 209.26 211.74 211.85 211.57 211.73 105.0 211.82 30.0 3793.0 767.0 3026.0 0.0 211.6899
10:52:00 112.0 2677.0 209.26 211.69 211.82 211.61 211.63 225.0 211.71 7.0 2677.0 1180.0 1497.0 0.0 211.6849
10:53:00 97.0 3800.0 209.26 211.81 211.9 211.64 211.81 24.0 211.89 289.0 3800.0 2891.0 909.0 0.0 211.816
10:54:00 152.0 4198.0 209.26 212.17 212.17 211.8 212.14 300.0 212.19 77.0 4198.0 2104.0 2094.0 0.0 212.0245
10:55:00 181.0 6251.0 209.26 212.01 212.3 211.97 212.01 20.0 212.08 23.0 6251.0 1747.0 4504.0 0.0 212.1894
10:56:00 61.0 1525.0 209.26 212.38 212.39 212.08 212.33 400.0 212.4 300.0 1525.0 1288.0 237.0 0.0 212.2287
10:57:00 150.0 4376.0 209.26 211.9 212.33 211.88 211.85 125.0 211.93 25.0 4376.0 1029.0 3347.0 0.0 212.1554
10:58:00 152.0 3609.0 209.26 211.55 211.99 211.55 211.55 68.0 211.63 454.0 3609.0 1760.0 1849.0 0.0 211.8145
10:59:00 166.0 4193.0 209.26 211.78 211.99 211.5 211.76 11.0 211.83 25.0 4193.0 2269.0 1924.0 0.0 211.6731
11:00:00 52.0 1637.0 209.26 211.89 211.97 211.685 211.88 150.0 211.94 10.0 1637.0 829.0 808.0 0.0 211.8691
11:01:00 542.0 18690.0 209.26 212.7 212.74 211.92 212.66 230.0 212.71 4.0 18690.0 14936.0 3754.0 0.0 212.3888
11:02:00 307.0 13834.0 209.26 212.94 213.0 212.71 212.9 20.0 212.95 150.0 13834.0 7672.0 6162.0 0.0 212.8722
11:03:00 321.0 13404.0 209.26 213.08 213.2 212.95 213.08 300.0 213.13 251.0 13404.0 10005.0 3399.0 0.0 213.0435
11:04:00 247.0 10552.0 209.26 213.14 213.19 213.04 213.12 50.0 213.15 22.0 10552.0 5083.0 5469.0 0.0 213.1108
11:05:00 531.0 20347.0 209.26 213.06 213.41 212.99 213.03 197.0 213.09 200.0 20347.0 7485.0 12862.0 0.0 213.2643
11:06:00 213.0 7254.0 209.26 213.15 213.18 213.0 213.12 402.0 213.16 200.0 7254.0 3444.0 3810.0 0.0 213.1067
11:07:00 209.0 8136.0 209.26 213.17 213.29 212.96 213.15 3.0 213.2 300.0 8136.0 4478.0 3658.0 0.0 213.1343
11:08:00 134.0 5463.0 209.26 213.27 213.29 213.08 213.25 100.0 213.29 101.0 5463.0 3220.0 2243.0 0.0 213.2213
11:09:00 221.0 10106.0 209.26 213.55 213.55 213.24 213.51 100.0 213.56 131.0 10106.0 6718.0 3388.0 0.0 213.4247
11:10:00 324.0 9765.0 209.26 213.25 213.6 213.14 213.25 50.0 213.34 300.0 9765.0 4864.0 4901.0 0.0 213.488
11:11:00 161.0 5494.0 209.26 213.27 213.38 213.21 213.24 58.0 213.3 10.0 5494.0 2277.0 3217.0 0.0 213.318
11:12:00 181.0 7489.0 209.26 213.24 213.42 213.23 213.24 426.0 213.3 213.0 7489.0 3718.0 3771.0 0.0 213.3257
11:13:00 222.0 8979.0 209.26 213.5 213.5 213.29 213.46 208.0 213.52 18.0 8979.0 4675.0 4304.0 0.0 213.4103
11:14:00 297.0 10123.0 209.26 213.45 213.56 213.35 213.4 270.0 213.44 2.0 10123.0 4116.0 6007.0 0.0 213.4996
11:15:00 125.0 6752.0 209.26 213.39 213.46 213.27 213.38 200.0 213.45 100.0 6752.0 3021.0 3731.0 0.0 213.3773
11:16:00 324.0 9389.0 209.26 213.45 213.53 213.33 213.4 700.0 213.46 200.0 9389.0 4170.0 5219.0 0.0 213.4262
11:17:00 159.0 6135.0 209.26 213.22 213.5 213.15 213.16 59.0 213.24 400.0 6135.0 1587.0 4548.0 0.0 213.3349
11:18:00 232.0 10764.0 209.26 213.42 213.47 213.0 213.37 711.0 213.43 10.0 10764.0 4831.0 5933.0 0.0 213.241
11:19:00 108.0 3760.0 209.26 213.48 213.59 213.42 213.46 62.0 213.52 150.0 3760.0 2159.0 1601.0 0.0 213.483
11:20:00 40.0 1052.0 209.26 213.49 213.54 213.41 213.46 126.0 213.5 100.0 1052.0 470.0 582.0 0.0 213.4617
11:21:00 102.0 3919.0 209.26 213.29 213.53 213.2 213.28 107.0 213.35 180.0 3919.0 2010.0 1909.0 0.0 213.3764
11:22:00 112.0 3272.0 209.26 213.41 213.41 213.14 213.38 200.0 213.46 300.0 3272.0 1431.0 1841.0 0.0 213.2581
11:23:00 114.0 3908.0 209.26 213.39 213.459 213.26 213.36 205.0 213.42 156.0 3908.0 545.0 3363.0 0.0 213.3037
11:24:00 113.0 5698.0 209.26 213.33 213.49 213.33 213.32 35.0 213.36 50.0 5698.0 1320.0 4378.0 0.0 213.4184
11:25:00 102.0 2856.0 209.26 213.25 213.4 213.205 213.21 508.0 213.27 25.0 2856.0 2125.0 731.0 0.0 213.3202
11:26:00 164.0 7580.0 209.26 213.1 213.31 213.08 213.09 1.0 213.14 573.0 7580.0 1333.0 6247.0 0.0 213.1832
11:27:00 180.0 6526.0 209.26 212.99 213.09 212.83 212.98 73.0 213.03 35.0 6526.0 2238.0 4288.0 0.0 212.9579
11:28:00 99.0 2668.0 209.26 212.95 213.05 212.95 212.93 130.0 212.96 1.0 2668.0 1035.0 1633.0 0.0 212.9946
11:29:00 94.0 1523.0 209.26 213.2 213.2 212.93 213.19 348.0 213.23 112.0 1523.0 1393.0 130.0 0.0 213.0795
11:30:00 103.0 3218.0 209.26 213.34 213.41 213.23 213.31 100.0 213.36 413.0 3218.0 2050.0 1168.0 0.0 213.3402
11:31:00 163.0 5295.0 209.26 213.1 213.38 213.05 213.09 201.0 213.13 268.0 5295.0 2810.0 2485.0 0.0 213.1554
11:32:00 73.0 3160.0 209.26 212.9 213.1 212.8 212.89 260.0 212.96 5.0 3160.0 940.0 2220.0 0.0 213.0039
11:33:00 116.0 3738.0 209.26 212.84 212.97 212.73 212.82 204.0 212.87 398.0 3738.0 1457.0 2281.0 0.0 212.8366
11:34:00 120.0 3553.0 209.26 213.2 213.21 212.81 213.16 270.0 213.22 11.0 3553.0 2061.0 1492.0 0.0 212.966
11:35:00 170.0 8679.0 209.26 213.51 213.55 213.16 213.48 420.0 213.55 56.0 8679.0 6183.0 2496.0 0.0 213.4247
11:36:00 203.0 9238.0 209.26 213.82 213.85 213.42 213.79 200.0 213.85 679.0 9238.0 6458.0 2780.0 0.0 213.6593
11:37:00 302.0 9265.0 209.26 214.05 214.05 213.79 214.04 401.0 214.06 5.0 9265.0 8017.0 1248.0 0.0 213.925
11:38:00 124.0 3818.0 209.26 214.02 214.05 213.95 214.0 350.0 214.03 112.0 3818.0 1098.0 2720.0 0.0 214.0026
11:39:00 242.0 12851.0 209.26 214.21 214.23 214.01 214.18 16.0 214.2 5.0 12851.0 7110.0 5741.0 0.0 214.1254
11:40:00 216.0 11748.0 209.26 214.18 214.3 213.99 214.15 190.0 214.19 250.0 11748.0 5465.0 6283.0 0.0 214.1399
11:41:00 154.0 9208.0 209.26 214.35 214.36 214.13 214.37 200.0 214.4 525.0 9208.0 7235.0 1973.0 0.0 214.2629
11:42:00 214.0 9313.0 209.26 214.46 214.48 214.34 214.44 293.0 214.46 429.0 9313.0 5358.0 3955.0 0.0 214.417
11:43:00 329.0 16127.0 209.26 214.67 214.77 214.36 214.65 150.0 214.72 677.0 16127.0 7399.0 8728.0 0.0 214.5488
11:44:00 170.0 7484.0 209.26 214.715 214.879 214.67 214.71 15.0 214.75 450.0 7484.0 3861.0 3623.0 0.0 214.7707
11:45:00 162.0 6827.0 209.26 214.72 214.79 214.59 214.71 157.0 214.76 14.0 6827.0 3008.0 3819.0 0.0 214.7007
11:46:00 182.0 6883.0 209.26 214.52 214.77 214.46 214.49 150.0 214.53 317.0 6883.0 1385.0 5498.0 0.0 214.5996
11:47:00 160.0 6529.0 209.26 214.38 214.6 214.365 214.36 244.0 214.4 50.0 6529.0 1789.0 4740.0 0.0 214.4747
11:48:00 192.0 8065.0 209.26 214.24 214.47 214.19 214.2 1023.0 214.26 106.0 8065.0 3144.0 4921.0 0.0 214.3339
11:49:00 177.0 7093.0 209.26 214.07 214.25 214.0 214.06 48.0 214.13 358.0 7093.0 3636.0 3457.0 0.0 214.1087
11:50:00 139.0 5586.0 209.26 214.14 214.16 214.06 214.11 100.0 214.16 250.0 5586.0 2556.0 3030.0 0.0 214.1232
11:51:00 131.0 5598.0 209.26 214.35 214.37 214.11 214.35 396.0 214.4 13.0 5598.0 4360.0 1238.0 0.0 214.2501
11:52:00 110.0 5497.0 209.26 214.16 214.43 214.16 214.14 510.0 214.2 50.0 5497.0 800.0 4697.0 0.0 214.2876
11:53:00 75.0 2480.0 209.26 214.14 214.25 214.12 214.14 450.0 214.2 307.0 2480.0 1677.0 803.0 0.0 214.1839
11:54:00 113.0 3552.0 209.26 214.24 214.35 214.12 214.23 8.0 214.29 300.0 3552.0 1269.0 2283.0 0.0 214.2133
11:55:00 132.0 5280.0 209.26 214.29 214.38 214.2 214.27 245.0 214.3 156.0 5280.0 2371.0 2909.0 0.0 214.3005
11:56:00 130.0 5450.0 209.26 214.37 214.4 214.155 214.35 400.0 214.4 36.0 5450.0 2405.0 3045.0 0.0 214.284
11:57:00 95.0 3691.0 209.26 214.27 214.34 214.04 214.27 182.0 214.33 74.0 3691.0 1226.0 2465.0 0.0 214.1744
11:58:00 54.0 1741.0 209.26 214.11 214.27 214.11 214.11 1395.0 214.16 199.0 1741.0 559.0 1182.0 0.0 214.1696
11:59:00 99.0 3377.0 209.26 214.14 214.21 214.06 214.13 250.0 214.19 282.0 3377.0 1609.0 1768.0 0.0 214.1131
12:00:00 155.0 5023.0 209.26 214.28 214.31 214.07 214.27 550.0 214.32 6.0 5023.0 3903.0 1120.0 0.0 214.2245
12:01:00 157.0 8109.0 209.26 214.32 214.35 214.15 214.29 200.0 214.36 359.0 8109.0 2886.0 5223.0 0.0 214.2429
12:02:00 39.0 1035.0 209.26 214.34 214.37 214.27 214.31 167.0 214.36 100.0 1035.0 630.0 405.0 0.0 214.3245
12:03:00 55.0 1496.0 209.26 214.2 214.36 214.2 214.13 300.0 214.22 257.0 1496.0 499.0 997.0 0.0 214.2943
12:04:00 81.0 2742.0 209.26 214.1 214.17 214.05 214.08 457.0 214.13 83.0 2742.0 1293.0 1449.0 0.0 214.0934
12:05:00 188.0 7523.0 209.26 214.025 214.14 213.91 214.03 50.0 214.07 11.0 7523.0 3128.0 4395.0 0.0 213.9951
12:06:00 124.0 4059.0 209.26 214.26 214.26 214.05 214.22 1478.0 214.27 20.0 4059.0 2302.0 1757.0 0.0 214.1056
12:07:00 58.0 2795.0 209.26 214.13 214.29 214.13 214.11 970.0 214.18 120.0 2795.0 817.0 1978.0 0.0 214.214
12:08:00 77.0 3012.0 209.26 214.2 214.22 214.09 214.15 3.0 214.2 75.0 3012.0 1344.0 1668.0 0.0 214.1383
12:09:00 104.0 3474.0 209.26 214.13 214.16 213.99 214.11 270.0 214.15 19.0 3474.0 1470.0 2004.0 0.0 214.0825
12:10:00 63.0 1527.0 209.26 214.09 214.16 214.07 214.06 350.0 214.13 184.0 1527.0 268.0 1259.0 0.0 214.106
12:11:00 96.0 2356.0 209.26 214.07 214.11 213.92 214.02 400.0 214.09 213.0 2356.0 1282.0 1074.0 0.0 214.0034
12:12:00 127.0 10190.0 209.26 214.28 214.28 214.04 214.25 519.0 214.28 135.0 10190.0 9371.0 819.0 0.0 214.2148
12:13:00 172.0 4407.0 209.26 214.15 214.3 214.11 214.15 100.0 214.19 34.0 4407.0 2234.0 2173.0 0.0 214.2239
12:14:00 102.0 2347.0 209.26 214.29 214.3 214.1 214.29 242.0 214.31 140.0 2347.0 1008.0 1339.0 0.0 214.1973
12:15:00 155.0 2995.0 209.26 214.29 214.33 214.19 214.25 620.0 214.32 410.0 2995.0 1456.0 1539.0 0.0 214.2743
12:16:00 78.0 1575.0 209.26 214.22 214.34 214.2 214.2 101.0 214.24 88.0 1575.0 734.0 841.0 0.0 214.2587
12:17:00 86.0 2249.0 209.26 214.14 214.27 214.1 214.12 400.0 214.17 27.0 2249.0 1195.0 1054.0 0.0 214.2042
12:18:00 58.0 1089.0 209.26 214.21 214.26 214.1 214.2 254.0 214.24 21.0 1089.0 681.0 408.0 0.0 214.1841
12:19:00 120.0 4000.0 209.26 214.32 214.38 214.24 214.33 150.0 214.36 77.0 4000.0 3306.0 694.0 0.0 214.3199
12:20:00 122.0 4224.0 209.26 214.45 214.49 214.36 214.44 200.0 214.47 651.0 4224.0 2141.0 2083.0 0.0 214.4274
12:21:00 109.0 3691.0 209.26 214.37 214.49 214.37 214.36 162.0 214.42 340.0 3691.0 1555.0 2136.0 0.0 214.4297
12:22:00 128.0 3150.0 209.26 214.33 214.45 214.29 214.3 796.0 214.35 41.0 3150.0 1546.0 1604.0 0.0 214.3867
12:23:00 84.0 1708.0 209.26 214.37 214.48 214.35 214.38 100.0 214.43 81.0 1708.0 726.0 982.0 0.0 214.4196
12:24:00 59.0 1097.0 209.26 214.32 214.42 214.29 214.31 200.0 214.36 150.0 1097.0 607.0 490.0 0.0 214.3433
12:25:00 32.0 848.0 209.26 214.38 214.42 214.33 214.34 976.0 214.37 30.0 848.0 216.0 632.0 0.0 214.3612
12:26:00 217.0 6597.0 209.26 214.235 214.37 214.19 214.2 100.0 214.27 360.0 6597.0 1947.0 4650.0 0.0 214.2736
12:27:00 187.0 4500.0 209.26 213.92 214.24 213.83 213.87 170.0 213.94 259.0 4500.0 1665.0 2835.0 0.0 214.0157
12:28:00 237.0 6116.0 209.26 213.83 213.91 213.69 213.79 680.0 213.85 5.0 6116.0 2058.0 4058.0 0.0 213.8009
12:29:00 131.0 3698.0 209.26 213.79 213.83 213.69 213.77 80.0 213.8 2.0 3698.0 1508.0 2190.0 0.0 213.7376
12:30:00 295.0 12031.0 209.26 213.98 214.06 213.79 213.98 100.0 214.01 34.0 12031.0 9295.0 2736.0 0.0 213.9585
12:31:00 122.0 3915.0 209.26 214.15 214.2 213.92 214.16 471.0 214.2 9.0 3915.0 2958.0 957.0 0.0 214.0192
12:32:00 96.0 3450.0 209.26 214.23 214.26 214.13 214.23 340.0 214.3 735.0 3450.0 2095.0 1355.0 0.0 214.1902
12:33:00 129.0 4815.0 209.26 214.41 214.45 214.23 214.39 200.0 214.45 161.0 4815.0 2921.0 1894.0 0.0 214.3311
12:34:00 138.0 7077.0 209.26 214.41 214.53 214.4 214.39 590.0 214.44 37.0 7077.0 4674.0 2403.0 0.0 214.4763
12:35:00 238.0 11476.0 209.26 214.51 214.7 214.38 214.51 200.0 214.56 605.0 11476.0 7667.0 3809.0 0.0 214.5317
12:36:00 96.0 2281.0 209.26 214.55 214.63 214.49 214.52 40.0 214.56 10.0 2281.0 1058.0 1223.0 0.0 214.5534
12:37:00 134.0 6439.0 209.26 214.78 214.78 214.56 214.74 202.0 214.78 1.0 6439.0 5752.0 687.0 0.0 214.6875
12:38:00 167.0 5797.0 209.26 214.82 214.87 214.75 214.8 200.0 214.85 200.0 5797.0 3779.0 2018.0 0.0 214.8191
12:39:00 124.0 9715.0 209.26 214.9 214.9 214.8 214.88 102.0 214.91 10.0 9715.0 7901.0 1814.0 0.0 214.8825
12:40:00 141.0 6775.0 209.26 214.92 214.99 214.85 214.91 8.0 214.95 150.0 6775.0 3395.0 3380.0 0.0 214.9109
12:41:00 470.0 23805.0 209.26 215.12 215.12 214.87 215.11 50.0 215.13 42.0 23805.0 22759.0 1046.0 0.0 215.0027
12:42:00 228.0 7337.0 209.26 215.25 215.31 215.12 215.25 300.0 215.28 100.0 7337.0 5037.0 2300.0 0.0 215.2305
12:43:00 102.0 5280.0 209.26 215.21 215.25 215.14 215.21 220.0 215.24 22.0 5280.0 1025.0 4255.0 0.0 215.1985
12:44:00 163.0 6952.0 209.26 215.3 215.3 215.13 215.29 317.0 215.31 300.0 6952.0 4862.0 2090.0 0.0 215.2049
12:45:00 217.0 8973.0 209.26 215.46 215.5 215.28 215.46 381.0 215.47 5.0 8973.0 5934.0 3039.0 0.0 215.428
12:46:00 274.0 10903.0 209.26 215.64 215.68 215.43 215.62 48.0 215.65 228.0 10903.0 7407.0 3496.0 0.0 215.5687
12:47:00 293.0 11082.0 209.26 215.7 215.77 215.62 215.69 63.0 215.72 874.0 11082.0 8009.0 3073.0 0.0 215.6895
12:48:00 169.0 7954.0 209.26 215.58 215.81 215.56 215.58 150.0 215.61 50.0 7954.0 3810.0 4144.0 0.0 215.7032
12:49:00 106.0 3094.0 209.26 215.55 215.67 215.55 215.53 1020.0 215.58 150.0 3094.0 968.0 2126.0 0.0 215.5937
12:50:00 64.0 1795.0 209.26 215.56 215.61 215.53 215.54 1250.0 215.59 154.0 1795.0 1163.0 632.0 0.0 215.569
12:51:00 170.0 11814.0 209.26 215.58 215.58 215.36 215.56 59.0 215.59 70.0 11814.0 2544.0 9270.0 0.0 215.4465
12:52:00 187.0 9565.0 209.26 215.45 215.62 215.36 215.44 206.0 215.47 200.0 9565.0 2154.0 7411.0 0.0 215.4668
12:53:00 223.0 7752.0 209.26 215.43 215.6 215.4 215.41 275.0 215.44 30.0 7752.0 3207.0 4545.0 0.0 215.5002
12:54:00 136.0 3823.0 209.26 215.21 215.485 215.15 215.17 507.0 215.21 105.0 3823.0 1537.0 2286.0 0.0 215.2908
12:55:00 48.0 1391.0 209.26 215.21 215.21 215.12 215.21 241.0 215.25 207.0 1391.0 918.0 473.0 0.0 215.1577
12:56:00 74.0 3524.0 209.26 215.09 215.22 215.09 215.08 45.0 215.12 263.0 3524.0 865.0 2659.0 0.0 215.1416
12:57:00 77.0 1952.0 209.26 215.15 215.2 215.1 215.12 127.0 215.19 23.0 1952.0 1082.0 870.0 0.0 215.1495
12:58:00 71.0 1522.0 209.26 215.18 215.24 215.18 215.18 611.0 215.23 100.0 1522.0 907.0 615.0 0.0 215.2261
12:59:00 67.0 2297.0 209.26 215.26 215.27 215.18 215.24 560.0 215.29 161.0 2297.0 1624.0 673.0 0.0 215.2222
13:00:00 117.0 3554.0 209.26 215.36 215.4 215.29 215.35 725.0 215.37 20.0 3554.0 2491.0 1063.0 0.0 215.3419
13:01:00 153.0 8276.0 209.26 215.15 215.35 215.11 215.15 1586.0 215.19 699.0 8276.0 1726.0 6550.0 0.0 215.2142
13:02:00 197.0 10233.0 209.26 215.0 215.235 214.94 214.94 140.0 214.99 3.0 10233.0 2767.0 7466.0 0.0 215.0767
13:03:00 59.0 886.0 209.26 215.14 215.21 214.99 215.1 583.0 215.16 40.0 886.0 408.0 478.0 0.0 215.1291
13:04:00 134.0 3125.0 209.26 215.135 215.14 215.05 215.11 350.0 215.15 63.0 3125.0 2577.0 548.0 0.0 215.1021
13:05:00 70.0 1853.0 209.26 215.07 215.19 215.06 215.05 53.0 215.08 314.0 1853.0 489.0 1364.0 0.0 215.1099
13:06:00 176.0 4316.0 209.26 214.98 215.09 214.91 214.94 290.0 215.0 857.0 4316.0 1630.0 2686.0 0.0 214.989
13:07:00 155.0 4470.0 209.26 215.1 215.16 214.97 215.07 150.0 215.1 1.0 4470.0 2689.0 1781.0 0.0 215.061
13:08:00 73.0 1567.0 209.26 215.06 215.09 214.98 215.04 103.0 215.09 5.0 1567.0 981.0 586.0 0.0 215.0324
13:09:00 87.0 3290.0 209.26 215.31 215.32 215.09 215.26 27.0 215.33 255.0 3290.0 2875.0 415.0 0.0 215.2119
13:10:00 126.0 4407.0 209.26 215.23 215.34 215.19 215.19 104.0 215.25 508.0 4407.0 812.0 3595.0 0.0 215.2228
13:11:00 67.0 1865.0 209.26 215.3 215.32 215.19 215.29 18.0 215.34 351.0 1865.0 1403.0 462.0 0.0 215.2677
13:12:00 74.0 2236.0 209.26 215.3 215.34 215.25 215.3 204.0 215.32 201.0 2236.0 1317.0 919.0 0.0 215.2915
13:13:00 114.0 5028.0 209.26 215.4 215.42 215.3 215.38 305.0 215.43 121.0 5028.0 3547.0 1481.0 0.0 215.3604
13:14:00 51.0 1474.0 209.26 215.42 215.46 215.37 215.4 4.0 215.42 10.0 1474.0 288.0 1186.0 0.0 215.4149
13:15:00 106.0 7555.0 209.26 215.55 215.6 215.42 215.53 365.0 215.55 38.0 7555.0 7190.0 365.0 0.0 215.5146
13:16:00 104.0 4311.0 209.26 215.54 215.59 215.46 215.52 330.0 215.58 200.0 4311.0 2213.0 2098.0 0.0 215.5166
13:17:00 59.0 1458.0 209.26 215.44 215.53 215.43 215.41 303.0 215.47 301.0 1458.0 317.0 1141.0 0.0 215.4855
13:18:00 54.0 4292.0 209.26 215.55 215.59 215.44 215.52 459.0 215.59 202.0 4292.0 3803.0 489.0 0.0 215.5354
13:19:00 138.0 7825.0 209.26 215.67 215.7 215.52 215.67 9.0 215.71 223.0 7825.0 4397.0 3428.0 0.0 215.6029
13:20:00 42.0 1460.0 209.26 215.7 215.71 215.64 215.69 50.0 215.71 1.0 1460.0 1326.0 134.0 0.0 215.6844
13:21:00 217.0 8355.0 209.26 215.87 215.89 215.68 215.86 200.0 215.9 325.0 8355.0 7078.0 1277.0 0.0 215.7932
13:22:00 161.0 5308.0 209.26 215.85 215.98 215.82 215.83 274.0 215.87 450.0 5308.0 1926.0 3382.0 0.0 215.9
13:23:00 83.0 3114.0 209.26 215.74 215.87 215.7 215.73 164.0 215.78 500.0 3114.0 1663.0 1451.0 0.0 215.7849
13:24:00 84.0 2904.0 209.26 215.76 215.8 215.7 215.75 290.0 215.79 100.0 2904.0 1228.0 1676.0 0.0 215.7382
13:25:00 106.0 3594.0 209.26 215.85 215.93 215.79 215.81 17.0 215.85 30.0 3594.0 2097.0 1497.0 0.0 215.8426
13:26:00 53.0 2610.0 209.26 215.78 215.84 215.75 215.75 505.0 215.79 264.0 2610.0 1334.0 1276.0 0.0 215.7852
13:27:00 86.0 3714.0 209.26 215.81 215.85 215.75 215.8 230.0 215.83 201.0 3714.0 2438.0 1276.0 0.0 215.793
13:28:00 94.0 2984.0 209.26 215.83 215.85 215.77 215.78 453.0 215.84 486.0 2984.0 1739.0 1245.0 0.0 215.812
13:29:00 86.0 2335.0 209.26 215.81 215.87 215.78 215.79 16.0 215.82 494.0 2335.0 1280.0 1055.0 0.0 215.8323
13:30:00 125.0 3668.0 209.26 215.75 215.89 215.72 215.73 430.0 215.79 650.0 3668.0 2180.0 1488.0 0.0 215.8238
13:31:00 81.0 3752.0 209.26 215.87 215.87 215.75 215.85 123.0 215.88 12.0 3752.0 3070.0 682.0 0.0 215.8341
13:32:00 137.0 7609.0 209.26 215.8 215.89 215.8 215.8 347.0 215.84 4.0 7609.0 6602.0 1007.0 0.0 215.8545
13:33:00 95.0 2720.0 209.26 215.86 215.9 215.79 215.83 450.0 215.88 79.0 2720.0 1930.0 790.0 0.0 215.8422
13:34:00 82.0 2407.0 209.26 215.79 215.89 215.76 215.77 202.0 215.81 165.0 2407.0 886.0 1521.0 0.0 215.816
13:35:00 113.0 2596.0 209.26 215.89 215.89 215.78 215.88 6.0 215.9 307.0 2596.0 1881.0 715.0 0.0 215.8457
13:36:00 58.0 1259.0 209.26 215.86 215.89 215.82 215.85 321.0 215.86 7.0 1259.0 358.0 901.0 0.0 215.8626
13:37:00 83.0 2392.0 209.26 215.78 215.9 215.77 215.78 320.0 215.81 52.0 2392.0 1061.0 1331.0 0.0 215.8238
13:38:00 112.0 5008.0 209.26 215.89 215.97 215.81 215.87 493.0 215.92 140.0 5008.0 4212.0 796.0 0.0 215.9163
13:39:00 96.0 3558.0 209.26 215.94 215.98 215.85 215.91 201.0 215.96 654.0 3558.0 2114.0 1444.0 0.0 215.8965
13:40:00 356.0 17995.0 209.26 215.94 216.04 215.92 215.93 1.0 215.96 200.0 17995.0 16184.0 1811.0 0.0 215.9958
13:41:00 155.0 4257.0 209.26 215.96 215.98 215.86 215.95 50.0 215.97 112.0 4257.0 2402.0 1855.0 0.0 215.9185
13:42:00 71.0 1862.0 209.26 215.95 215.98 215.91 215.93 404.0 215.96 400.0 1862.0 959.0 903.0 0.0 215.9489
13:43:00 161.0 3566.0 209.26 215.95 216.05 215.94 215.95 214.0 215.98 11.0 3566.0 1669.0 1897.0 0.0 215.9887
13:44:00 203.0 8724.0 209.26 216.12 216.14 215.95 216.09 221.0 216.13 615.0 8724.0 6254.0 2470.0 0.0 216.0735
13:45:00 54.0 1263.0 209.26 216.105 216.13 216.06 216.08 473.0 216.12 19.0 1263.0 892.0 371.0 0.0 216.0977
13:46:00 113.0 5273.0 209.26 216.03 216.1 215.96 216.0 1.0 216.04 395.0 5273.0 1758.0 3515.0 0.0 215.9992
13:47:00 128.0 4786.0 209.26 216.06 216.1 215.97 216.04 63.0 216.07 200.0 4786.0 2330.0 2456.0 0.0 216.0274
13:48:00 90.0 2078.0 209.26 216.06 216.13 216.0 216.05 296.0 216.09 379.0 2078.0 1114.0 964.0 0.0 216.0596
13:49:00 127.0 4897.0 209.26 215.98 216.05 215.95 215.95 736.0 215.99 1.0 4897.0 1197.0 3700.0 0.0 215.9837
13:50:00 102.0 3109.0 209.26 215.87 215.96 215.86 215.86 228.0 215.89 255.0 3109.0 657.0 2452.0 0.0 215.9108
13:51:00 79.0 1113.0 209.26 215.92 215.94 215.85 215.89 167.0 215.93 2.0 1113.0 863.0 250.0 0.0 215.8898
13:52:00 28.0 934.0 209.26 215.86 215.92 215.86 215.85 573.0 215.9 402.0 934.0 180.0 754.0 0.0 215.8873
13:53:00 85.0 3641.0 209.26 215.74 215.85 215.68 215.73 14.0 215.76 100.0 3641.0 1123.0 2518.0 0.0 215.7626
13:54:00 76.0 3273.0 209.26 215.66 215.75 215.56 215.66 154.0 215.68 20.0 3273.0 1496.0 1777.0 0.0 215.6544
13:55:00 66.0 3290.0 209.26 215.61 215.7 215.61 215.6 480.0 215.63 400.0 3290.0 788.0 2502.0 0.0 215.6648
13:56:00 110.0 5155.0 209.26 215.55 215.635 215.43 215.52 250.0 215.57 150.0 5155.0 2528.0 2627.0 0.0 215.5121
13:57:00 74.0 2346.0 209.26 215.58 215.65 215.49 215.56 230.0 215.59 47.0 2346.0 924.0 1422.0 0.0 215.579
13:58:00 45.0 1672.0 209.26 215.67 215.68 215.55 215.67 9.0 215.71 265.0 1672.0 1166.0 506.0 0.0 215.6055
13:59:00 47.0 1558.0 209.26 215.66 215.69 215.63 215.66 50.0 215.68 154.0 1558.0 442.0 1116.0 0.0 215.6646
14:00:00 98.0 4045.0 209.26 215.75 215.77 215.63 215.76 20.0 215.8 510.0 4045.0 1614.0 2431.0 0.0 215.6961
14:01:00 66.0 4028.0 209.26 215.69 215.78 215.69 215.68 12.0 215.71 150.0 4028.0 954.0 3074.0 0.0 215.7242
14:02:00 40.0 1553.0 209.26 215.8 215.8 215.69 215.77 172.0 215.81 211.0 1553.0 1236.0 317.0 0.0 215.7814
14:03:00 94.0 3227.0 209.26 215.64 215.78 215.6 215.64 568.0 215.68 2.0 3227.0 1043.0 2184.0 0.0 215.6659
14:04:00 63.0 3926.0 209.26 215.81 215.85 215.68 215.79 355.0 215.84 51.0 3926.0 3567.0 359.0 0.0 215.7954
14:05:00 103.0 3142.0 209.26 215.87 215.9 215.82 215.82 914.0 215.88 480.0 3142.0 1831.0 1311.0 0.0 215.8618
14:06:00 111.0 8238.0 209.26 215.89 215.91 215.84 215.87 201.0 215.9 100.0 8238.0 7284.0 954.0 0.0 215.8831
14:07:00 141.0 5296.0 209.26 215.95 215.97 215.88 215.92 42.0 215.96 304.0 5296.0 2997.0 2299.0 0.0 215.9296
14:08:00 56.0 1535.0 209.26 215.93 215.98 215.91 215.92 100.0 215.94 50.0 1535.0 538.0 997.0 0.0 215.9375
14:09:00 113.0 3294.0 209.26 215.84 215.96 215.82 215.82 200.0 215.85 412.0 3294.0 1916.0 1378.0 0.0 215.8929
14:10:00 220.0 6874.0 209.26 215.77 215.88 215.65 215.76 257.0 215.79 11.0 6874.0 2827.0 4047.0 0.0 215.7429
14:11:00 115.0 3501.0 209.26 215.78 215.88 215.69 215.76 64.0 215.8 274.0 3501.0 1887.0 1614.0 0.0 215.7726
14:12:00 88.0 2498.0 209.26 215.72 215.8 215.66 215.72 200.0 215.74 55.0 2498.0 956.0 1542.0 0.0 215.7356
14:13:00 108.0 2313.0 209.26 215.81 215.86 215.74 215.79 100.0 215.82 13.0 2313.0 1257.0 1056.0 0.0 215.8162
14:14:00 131.0 6680.0 209.26 215.79 215.87 215.77 215.79 100.0 215.82 11.0 6680.0 5539.0 1141.0 0.0 215.8334
14:15:00 123.0 6802.0 209.26 215.89 215.9 215.79 215.88 250.0 215.9 43.0 6802.0 5533.0 1269.0 0.0 215.8769
14:16:00 89.0 5817.0 209.26 215.97 215.97 215.9 215.94 301.0 215.97 1.0 5817.0 3555.0 2262.0 0.0 215.9479
14:17:00 98.0 2984.0 209.26 215.92 215.99 215.91 215.91 100.0 215.95 250.0 2984.0 1654.0 1330.0 0.0 215.9633
14:18:00 252.0 14746.0 209.26 216.01 216.09 215.92 215.99 154.0 216.03 337.0 14746.0 12895.0 1851.0 0.0 215.9994
14:19:00 49.0 1983.0 209.26 216.05 216.1 216.03 216.04 150.0 216.07 1.0 1983.0 1273.0 710.0 0.0 216.0602
14:20:00 75.0 2419.0 209.26 216.05 216.12 215.98 216.02 200.0 216.05 7.0 2419.0 1160.0 1259.0 0.0 216.0531
14:21:00 37.0 1940.0 209.26 216.02 216.06 215.97 216.02 300.0 216.05 33.0 1940.0 1451.0 489.0 0.0 216.0172
14:22:00 169.0 4987.0 209.26 215.91 216.04 215.84 215.9 38.0 215.92 350.0 4987.0 1979.0 3008.0 0.0 215.9094
14:23:00 77.0 2301.0 209.26 215.88 215.9 215.79 215.88 140.0 215.91 100.0 2301.0 1033.0 1268.0 0.0 215.8359
14:24:00 74.0 2875.0 209.26 215.95 215.96 215.87 215.93 300.0 215.99 350.0 2875.0 1517.0 1358.0 0.0 215.916
14:25:00 61.0 2683.0 209.26 215.97 215.99 215.9 215.95 405.0 215.99 399.0 2683.0 1320.0 1363.0 0.0 215.9432
14:26:00 48.0 1707.0 209.26 215.99 215.99 215.94 215.95 110.0 215.98 300.0 1707.0 930.0 777.0 0.0 215.9612
14:27:00 31.0 678.0 209.26 215.95 215.96 215.93 215.96 103.0 215.98 9.0 678.0 204.0 474.0 0.0 215.9431
14:28:00 95.0 3875.0 209.26 216.07 216.07 215.98 216.07 217.0 216.09 157.0 3875.0 3540.0 335.0 0.0 216.02
14:29:00 130.0 7780.0 209.26 216.11 216.12 216.04 216.07 400.0 216.12 22.0 7780.0 5908.0 1872.0 0.0 216.0929
14:30:00 299.0 17473.0 209.26 216.25 216.32 216.05 216.23 75.0 216.27 260.0 17473.0 14804.0 2669.0 0.0 216.1942
14:31:00 292.0 12282.0 209.26 216.11 216.3 216.02 216.09 50.0 216.14 507.0 12282.0 6948.0 5334.0 0.0 216.1619
14:32:00 227.0 8216.0 209.26 215.96 216.11 215.92 215.94 400.0 215.98 2.0 8216.0 4628.0 3588.0 0.0 215.9845
14:33:00 167.0 10159.0 209.26 215.9 216.0 215.89 215.89 16.0 215.91 5.0 10159.0 1511.0 8648.0 0.0 215.9298
14:34:00 164.0 8329.0 209.26 215.85 215.92 215.78 215.84 100.0 215.86 3.0 8329.0 1767.0 6562.0 0.0 215.8368
14:35:00 91.0 2445.0 209.26 215.78 215.86 215.76 215.76 100.0 215.78 25.0 2445.0 495.0 1950.0 0.0 215.8001
14:36:00 156.0 7028.0 209.26 215.76 215.8 215.64 215.75 424.0 215.79 5.0 7028.0 2182.0 4846.0 0.0 215.6911
14:37:00 125.0 3388.0 209.26 215.88 215.93 215.73 215.88 100.0 215.92 51.0 3388.0 2090.0 1298.0 0.0 215.8289
14:38:00 56.0 1494.0 209.26 215.94 215.96 215.85 215.93 420.0 215.96 46.0 1494.0 1010.0 484.0 0.0 215.8995
14:39:00 180.0 7724.0 209.26 216.01 216.06 215.93 215.98 558.0 216.01 110.0 7724.0 5659.0 2065.0 0.0 215.991
14:40:00 139.0 4626.0 209.26 216.14 216.21 216.0 216.14 6.0 216.17 188.0 4626.0 2596.0 2030.0 0.0 216.1381
14:41:00 188.0 10355.0 209.26 216.18 216.27 216.1 216.17 32.0 216.2 221.0 10355.0 8590.0 1765.0 0.0 216.1868
14:42:00 76.0 4008.0 209.26 216.23 216.29 216.18 216.22 101.0 216.24 3.0 4008.0 2983.0 1025.0 0.0 216.231
14:43:00 71.0 3085.0 209.26 216.21 216.28 216.2 216.18 708.0 216.22 300.0 3085.0 1487.0 1598.0 0.0 216.2355
14:44:00 46.0 1997.0 209.26 216.18 216.23 216.18 216.17 5.0 216.2 233.0 1997.0 1343.0 654.0 0.0 216.2086
14:45:00 162.0 10909.0 209.26 216.15 216.3 216.15 216.13 193.0 216.16 139.0 10909.0 4905.0 6004.0 0.0 216.2166
14:46:00 98.0 5111.0 209.26 216.04 216.14 215.98 216.02 4.0 216.06 93.0 5111.0 2119.0 2992.0 0.0 216.0531
14:47:00 111.0 3757.0 209.26 215.99 216.06 215.96 215.97 100.0 216.01 1036.0 3757.0 1912.0 1845.0 0.0 216.0233
14:48:00 75.0 3274.0 209.26 216.07 216.07 216.0 216.05 301.0 216.08 347.0 3274.0 3145.0 129.0 0.0 216.0308
14:49:00 71.0 1731.0 209.26 216.15 216.17 216.03 216.15 1.0 216.18 170.0 1731.0 1198.0 533.0 0.0 216.0964
14:50:00 127.0 4503.0 209.26 216.23 216.3 216.15 216.22 301.0 216.25 536.0 4503.0 3596.0 907.0 0.0 216.2395
14:51:00 129.0 4554.0 209.26 216.2 216.27 216.2 216.2 182.0 216.23 400.0 4554.0 2180.0 2374.0 0.0 216.2315
14:52:00 180.0 4817.0 209.26 216.12 216.24 216.02 216.1 507.0 216.13 38.0 4817.0 2222.0 2595.0 0.0 216.1166
14:53:00 104.0 5372.0 209.26 216.075 216.13 216.03 216.06 1267.0 216.1 360.0 5372.0 2011.0 3361.0 0.0 216.0717
14:54:00 74.0 3099.0 209.26 216.16 216.16 216.07 216.14 300.0 216.18 275.0 3099.0 1834.0 1265.0 0.0 216.1058
14:55:00 152.0 4455.0 209.26 216.24 216.27 216.14 216.21 413.0 216.25 206.0 4455.0 2744.0 1711.0 0.0 216.2171
14:56:00 135.0 12160.0 209.26 216.31 216.33 216.19 216.29 820.0 216.33 618.0 12160.0 11225.0 935.0 0.0 216.2874
14:57:00 135.0 5479.0 209.26 216.31 216.34 216.23 216.29 151.0 216.32 1194.0 5479.0 3538.0 1941.0 0.0 216.2951
14:58:00 70.0 2423.0 209.26 216.27 216.29 216.2 216.26 50.0 216.29 2.0 2423.0 1510.0 913.0 0.0 216.2453
14:59:00 171.0 8180.0 209.26 216.27 216.29 216.11 216.26 14.0 216.29 450.0 8180.0 3149.0 5031.0 0.0 216.1839
15:00:00 265.0 11760.0 209.26 216.35 216.4 216.23 216.35 350.0 216.37 18.0 11760.0 9117.0 2643.0 0.0 216.3233
15:01:00 277.0 11718.0 209.26 216.54 216.56 216.36 216.53 300.0 216.55 3.0 11718.0 10065.0 1653.0 0.0 216.4665
15:02:00 334.0 17505.0 209.26 216.7 216.75 216.54 216.67 400.0 216.71 471.0 17505.0 9397.0 8108.0 0.0 216.6566
15:03:00 180.0 4937.0 209.26 216.58 216.7 216.56 216.56 400.0 216.59 1212.0 4937.0 1822.0 3115.0 0.0 216.639
15:04:00 180.0 7049.0 209.26 216.61 216.63 216.49 216.61 100.0 216.62 1.0 7049.0 5328.0 1721.0 0.0 216.5339
15:05:00 187.0 8091.0 209.26 216.61 216.64 216.54 216.59 400.0 216.62 171.0 8091.0 4956.0 3135.0 0.0 216.5907
15:06:00 174.0 5978.0 209.26 216.76 216.8 216.57 216.73 250.0 216.76 450.0 5978.0 4824.0 1154.0 0.0 216.6853
15:07:00 102.0 4662.0 209.26 216.77 216.81 216.7 216.76 100.0 216.79 660.0 4662.0 3107.0 1555.0 0.0 216.7729
15:08:00 161.0 5359.0 209.26 216.82 216.82 216.7 216.78 451.0 216.81 237.0 5359.0 3873.0 1486.0 0.0 216.7459
15:09:00 150.0 5184.0 209.26 216.84 216.85 216.78 216.81 492.0 216.85 628.0 5184.0 2649.0 2535.0 0.0 216.8219
15:10:00 236.0 6029.0 209.26 216.7 216.82 216.67 216.7 81.0 216.71 8.0 6029.0 2739.0 3290.0 0.0 216.7218
15:11:00 89.0 2820.0 209.26 216.69 216.74 216.67 216.68 100.0 216.7 1124.0 2820.0 1539.0 1281.0 0.0 216.7119
15:12:00 337.0 8102.0 209.26 216.67 216.76 216.62 216.66 399.0 216.68 218.0 8102.0 4746.0 3356.0 0.0 216.6699
15:13:00 225.0 5104.0 209.26 216.7 216.71 216.62 216.69 8.0 216.71 16.0 5104.0 3273.0 1831.0 0.0 216.6678
15:14:00 333.0 9679.0 209.26 216.89 216.92 216.68 216.88 3.0 216.89 20.0 9679.0 6806.0 2873.0 0.0 216.8188
15:15:00 166.0 4661.0 209.26 216.92 216.95 216.89 216.91 328.0 216.92 8.0 4661.0 2976.0 1685.0 0.0 216.9311
15:16:00 646.0 29943.0 209.26 216.94 217.02 216.9 216.93 16.0 216.95 222.0 29943.0 23233.0 6710.0 0.0 216.9745
15:17:00 203.0 5656.0 209.26 216.9 216.97 216.85 216.89 138.0 216.91 520.0 5656.0 3130.0 2526.0 0.0 216.9151
15:18:00 298.0 12837.0 209.26 216.77 216.9 216.76 216.76 402.0 216.77 3.0 12837.0 4163.0 8674.0 0.0 216.8418
15:19:00 359.0 10517.0 209.26 216.79 216.825 216.7 216.79 22.0 216.8 8.0 10517.0 6580.0 3937.0 0.0 216.7494
15:20:00 237.0 6174.0 209.26 216.86 216.89 216.79 216.84 482.0 216.86 105.0 6174.0 3192.0 2982.0 0.0 216.8336
15:21:00 248.0 7271.0 209.26 216.96 216.98 216.85 216.95 104.0 216.96 15.0 7271.0 4448.0 2823.0 0.0 216.9186
15:22:00 261.0 8270.0 209.26 216.91 216.965 216.87 216.9 508.0 216.91 6.0 8270.0 4759.0 3511.0 0.0 216.9036
15:23:00 234.0 9178.0 209.26 216.93 216.995 216.87 216.91 159.0 216.93 95.0 9178.0 5682.0 3496.0 0.0 216.9287
15:24:00 420.0 27321.0 209.26 216.94 217.03 216.92 216.95 17.0 216.96 7.0 27321.0 22011.0 5310.0 0.0 216.9894
15:25:00 245.0 7615.0 209.26 216.86 217.01 216.83 216.85 220.0 216.86 15.0 7615.0 5533.0 2082.0 0.0 216.9499
15:26:00 233.0 6994.0 209.26 216.9 216.94 216.84 216.89 22.0 216.9 26.0 6994.0 3628.0 3366.0 0.0 216.8979
15:27:00 299.0 9548.0 209.26 216.94 217.02 216.83 216.94 2.0 216.96 432.0 9548.0 6851.0 2697.0 0.0 216.94
15:28:00 240.0 8114.0 209.26 216.81 216.97 216.78 216.79 100.0 216.8 8.0 8114.0 3423.0 4691.0 0.0 216.9066
15:29:00 277.0 11354.0 209.26 216.89 216.9 216.81 216.88 154.0 216.9 302.0 11354.0 7501.0 3853.0 0.0 216.8569
15:30:00 218.0 8097.0 209.26 216.81 216.99 216.8 216.81 22.0 216.82 301.0 8097.0 4140.0 3957.0 0.0 216.8988
15:31:00 426.0 13665.0 209.26 216.85 216.92 216.74 216.84 183.0 216.86 39.0 13665.0 5854.0 7811.0 0.0 216.8515
15:32:00 442.0 13780.0 209.26 216.76 216.89 216.69 216.76 117.0 216.78 147.0 13780.0 6155.0 7625.0 0.0 216.8019
15:33:00 332.0 8826.0 209.26 216.65 216.79 216.6 216.64 18.0 216.65 287.0 8826.0 4903.0 3923.0 0.0 216.6738
15:34:00 385.0 17409.0 209.26 216.68 216.73 216.595 216.68 10.0 216.69 203.0 17409.0 8681.0 8728.0 0.0 216.6616
15:35:00 323.0 12369.0 209.26 216.56 216.72 216.5 216.56 3.0 216.57 250.0 12369.0 7085.0 5284.0 0.0 216.5942
15:36:00 282.0 14540.0 209.26 216.58 216.6 216.47 216.57 51.0 216.58 426.0 14540.0 5512.0 9028.0 0.0 216.538
15:37:00 381.0 16561.0 209.26 216.31 216.58 216.3 216.29 30.0 216.31 950.0 16561.0 8938.0 7623.0 0.0 216.396
15:38:00 267.0 11768.0 209.26 216.28 216.44 216.26 216.28 27.0 216.29 900.0 11768.0 6390.0 5378.0 0.0 216.3488
15:39:00 566.0 24319.0 209.26 215.96 216.29 215.88 215.97 5.0 215.98 568.0 24319.0 13154.0 11165.0 0.0 216.0205
15:40:00 545.0 18658.0 209.26 215.79 216.15 215.74 215.79 41.0 215.81 469.0 18658.0 11067.0 7591.0 0.0 215.9747
15:41:00 329.0 9888.0 209.26 215.95 215.99 215.79 215.96 24.0 215.97 355.0 9888.0 5551.0 4337.0 0.0 215.8863
15:42:00 354.0 12580.0 209.26 215.8 215.97 215.77 215.8 3.0 215.82 100.0 12580.0 6426.0 6154.0 0.0 215.8695
15:43:00 378.0 17501.0 209.26 215.63 215.89 215.63 215.63 562.0 215.65 284.0 17501.0 6996.0 10505.0 0.0 215.7687
15:44:00 346.0 13704.0 209.26 215.89 215.89 215.64 215.9 720.0 215.92 596.0 13704.0 10051.0 3653.0 0.0 215.7872
15:45:00 313.0 10828.0 209.26 215.895 215.99 215.88 215.89 217.0 215.9 503.0 10828.0 5321.0 5507.0 0.0 215.9315
15:46:00 222.0 7180.0 209.26 215.88 215.97 215.82 215.88 102.0 215.89 278.0 7180.0 5010.0 2170.0 0.0 215.8804
15:47:00 307.0 12721.0 209.26 215.82 215.92 215.77 215.81 25.0 215.82 64.0 12721.0 6479.0 6242.0 0.0 215.8174
15:48:00 258.0 10183.0 209.26 215.82 215.88 215.74 215.81 201.0 215.82 2.0 10183.0 5574.0 4609.0 0.0 215.8164
15:49:00 375.0 14432.0 209.26 215.66 215.85 215.65 215.65 221.0 215.66 222.0 14432.0 6261.0 8171.0 0.0 215.7169
15:50:00 366.0 14775.0 209.26 215.65 215.66 215.49 215.65 84.0 215.67 120.0 14775.0 7603.0 7172.0 0.0 215.563
15:51:00 783.0 31130.0 209.26 215.5 215.76 215.33 215.49 19.0 215.5 4.0 31130.0 17560.0 13570.0 0.0 215.5092
15:52:00 458.0 18567.0 209.26 215.62 215.7 215.49 215.61 214.0 215.62 226.0 18567.0 9278.0 9289.0 0.0 215.634
15:53:00 311.0 12234.0 209.26 215.64 215.64 215.57 215.63 256.0 215.65 740.0 12234.0 7282.0 4952.0 0.0 215.6163
15:54:00 428.0 17572.0 209.26 215.68 215.68 215.53 215.68 500.0 215.69 20.0 17572.0 10951.0 6621.0 0.0 215.6098
15:55:00 684.0 24900.0 209.26 215.65 215.85 215.59 215.64 327.0 215.66 752.0 24900.0 11584.0 13316.0 0.0 215.7199
15:56:00 584.0 26172.0 209.26 215.73 215.81 215.65 215.72 350.0 215.73 104.0 26172.0 13662.0 12510.0 0.0 215.732
15:57:00 470.0 22776.0 209.26 215.78 215.78 215.63 215.77 838.0 215.78 3.0 22776.0 12784.0 9992.0 0.0 215.6955
15:58:00 383.0 19454.0 209.26 215.885 215.89 215.75 215.88 1740.0 215.89 667.0 19454.0 12272.0 7182.0 0.0 215.8156
15:59:00 546.0 27388.0 209.26 215.96 215.97 215.88 215.96 730.0 215.97 100.0 27388.0 14646.0 12742.0 0.0 215.9276
16:00:00 960.0 68565.0 209.26 215.99 216.09 215.88 215.98 5304.0 215.99 5740.0 68565.0 33884.0 34681.0 0.0 216.0075
16:01:00 7.0 3162.0 209.26 216.15 216.15 215.98 215.98 2138.0 216.02 10472.0 3162.0 0.0 3162.0 0.0 215.98
16:02:00 23.0 1548.0 209.26 216.29 216.33 215.99 215.98 2138.0 216.02 10472.0 1548.0 392.0 1156.0 0.0 216.2602
16:03:00 15.0 810.0 209.26 215.9 215.9 215.9 215.98 2138.0 216.02 10472.0 810.0 810.0 0.0 0.0 215.9
16:04:00 3.0 90.0 209.26 216.25 216.25 216.25 216.1 300.0 216.02 10472.0 90.0 10.0 80.0 0.0 216.25
16:05:00 1.0 3.0 209.26 216.1 216.1 216.1 216.1 297.0 216.02 10472.0 3.0 0.0 3.0 0.0 216.1
16:06:00 6.0 199.0 209.26 216.1 216.11 216.1 216.1 23.0 216.02 10472.0 199.0 0.0 199.0 0.0 216.1013
16:07:00 4.0 238.0 209.26 216.02 216.02 215.95 215.98 2138.0 216.0 100.0 238.0 237.0 1.0 0.0 216.0183
16:08:00 7.0 136.0 209.26 216.1 216.1 215.99 216.06 50.0 216.02 10472.0 136.0 127.0 9.0 0.0 216.001
16:09:00 1.0 50.0 209.26 216.12 216.12 216.12 216.03 26.0 216.02 10472.0 50.0 50.0 0.0 0.0 216.12
16:10:00 7.0 1760.0 209.26 216.02 216.05 216.02 216.02 386.0 216.02 10472.0 1760.0 0.0 1760.0 0.0 216.021
16:11:00 19.0 668.0 209.26 216.03 216.04 216.0 215.98 2138.0 216.0 1095.0 668.0 151.0 517.0 0.0 216.0203
16:12:00 2.0 39.0 209.26 216.0 216.0 215.99 215.98 2138.0 216.0 1081.0 39.0 39.0 0.0 0.0 215.9936
16:13:00 1.0 1.0 209.26 215.92 215.92 215.92 215.98 2138.0 216.0 1094.0 1.0 0.0 1.0 0.0 215.92
16:14:00 1.0 1.0 209.26 215.92 215.92 215.92 215.98 2138.0 216.0 1096.0 1.0 0.0 1.0 0.0 215.92
16:15:00 0.0 0.0 209.26 215.92 nan nan 215.98 2138.0 215.99 10.0 nan 0.0 0.0 0.0 nan
16:16:00 2.0 30.0 209.26 215.92 215.92 215.86 215.98 2138.0 215.99 9.0 30.0 20.0 10.0 0.0 215.88
16:17:00 1.0 1.0 209.26 215.96 215.96 215.96 215.98 2138.0 215.99 9.0 1.0 0.0 1.0 0.0 215.96
16:18:00 2.0 9.0 209.26 215.99 215.99 215.99 215.98 2138.0 216.0 1098.0 9.0 9.0 0.0 0.0 215.99
16:19:00 1.0 1.0 209.26 215.92 215.92 215.92 215.98 2138.0 216.0 2098.0 1.0 0.0 1.0 0.0 215.92
16:20:00 1.0 122.0 209.26 215.95 215.95 215.95 215.98 2138.0 215.95 878.0 122.0 122.0 0.0 0.0 215.95
16:21:00 1.0 20.0 209.26 215.95 215.95 215.95 215.98 2138.0 215.95 858.0 20.0 20.0 0.0 0.0 215.95
16:22:00 2.0 21.0 209.26 215.95 215.95 215.95 215.98 2138.0 215.95 837.0 21.0 21.0 0.0 0.0 215.95
16:23:00 4.0 40.0 209.26 215.92 215.92 215.83 215.98 2138.0 215.95 837.0 40.0 10.0 30.0 0.0 215.8975
16:24:00 1.0 1.0 209.26 215.8 215.8 215.8 215.98 2138.0 215.95 837.0 1.0 0.0 1.0 0.0 215.8
16:25:00 0.0 0.0 209.26 215.8 nan nan 215.98 2138.0 215.94 10.0 nan 0.0 0.0 0.0 nan
16:26:00 0.0 0.0 209.26 215.8 nan nan 215.98 2138.0 215.9 5.0 nan 0.0 0.0 0.0 nan
16:27:00 0.0 0.0 209.26 215.8 nan nan 215.98 2138.0 215.9 5.0 nan 0.0 0.0 0.0 nan
16:28:00 7.0 46.0 209.26 215.8 215.8 215.8 215.98 2138.0 215.9 5.0 46.0 0.0 46.0 0.0 215.8
16:29:00 1.0 5.0 209.26 215.8 215.8 215.8 215.98 2138.0 215.89 5.0 5.0 0.0 5.0 0.0 215.8
16:30:00 7.0 88.0 209.26 215.8 215.9 215.8 215.98 2138.0 215.87 768.0 88.0 79.0 9.0 0.0 215.8892
16:31:00 1.0 1.0 209.26 215.8 215.8 215.8 215.98 2138.0 215.85 30.0 1.0 0.0 1.0 0.0 215.8
16:32:00 5.0 51.0 209.26 215.8 215.8 215.8 215.98 2138.0 215.82 30.0 51.0 34.0 17.0 0.0 215.8
16:33:00 6.0 185.0 209.26 215.8 215.85 215.79 215.98 2138.0 215.85 732.0 185.0 70.0 115.0 0.0 215.8095
16:34:00 1.0 1.0 209.26 215.85 215.85 215.85 215.98 2138.0 215.85 731.0 1.0 1.0 0.0 0.0 215.85
16:35:00 5.0 11.0 209.26 215.8 215.8 215.76 215.98 2138.0 215.85 731.0 11.0 0.0 11.0 0.0 215.7691
16:36:00 2.0 2.0 209.26 215.8 215.8 215.76 215.98 2138.0 215.83 10.0 2.0 0.0 2.0 0.0 215.76
16:37:00 2.0 150.0 209.26 215.8 215.8 215.8 215.98 2138.0 215.83 10.0 150.0 150.0 0.0 0.0 215.8
16:38:00 15.0 234.0 209.26 215.75 215.86 215.75 215.98 2138.0 215.75 244.0 234.0 30.0 204.0 0.0 215.757
16:39:00 6.0 60.0 209.26 215.71 215.8 215.71 215.98 2138.0 215.84 10.0 60.0 0.0 60.0 0.0 215.7345
16:40:00 4.0 272.0 209.26 215.85 215.85 215.77 215.98 2138.0 215.75 1081.0 272.0 272.0 0.0 0.0 215.8421
16:41:00 14.0 1064.0 209.26 215.75 215.75 215.62 215.98 2138.0 215.75 606.0 1064.0 500.0 564.0 0.0 215.723
16:42:00 22.0 864.0 209.26 216.0 216.0 215.75 215.98 2138.0 216.0 29.0 864.0 864.0 0.0 0.0 215.7937
16:43:00 1.0 0.0 209.26 215.77 215.77 215.77 215.98 2138.0 216.0 54.0 nan 0.0 0.0 0.0 nan
16:44:00 3.0 10.0 209.26 216.0 216.0 216.0 215.98 2138.0 216.0 19.0 10.0 10.0 0.0 0.0 216.0
16:45:00 7.0 14.0 209.26 216.0 216.0 215.82 215.98 2138.0 216.0 5.0 14.0 14.0 0.0 0.0 216.0
16:46:00 0.0 0.0 209.26 216.0 nan nan 215.98 2138.0 216.0 5.0 nan 0.0 0.0 0.0 nan
16:47:00 0.0 0.0 209.26 216.0 nan nan 215.98 2138.0 216.0 5.0 nan 0.0 0.0 0.0 nan
16:48:00 0.0 0.0 209.26 216.0 nan nan 215.98 2138.0 216.0 5.0 nan 0.0 0.0 0.0 nan
16:49:00 0.0 0.0 209.26 216.0 nan nan 215.98 2138.0 216.0 5.0 nan 0.0 0.0 0.0 nan
16:50:00 0.0 0.0 209.26 216.0 nan nan 215.98 2138.0 216.0 7.0 nan 0.0 0.0 0.0 nan
16:51:00 0.0 0.0 209.26 216.0 nan nan 215.98 2138.0 216.0 7.0 nan 0.0 0.0 0.0 nan
16:52:00 0.0 0.0 209.26 216.0 nan nan 215.98 2138.0 216.0 7.0 nan 0.0 0.0 0.0 nan
16:53:00 8.0 186.0 209.26 216.0 216.0 216.0 216.0 114.0 216.02 10472.0 186.0 2.0 184.0 0.0 216.0
16:54:00 3.0 8.0 209.26 216.03 216.15 216.03 216.01 25.0 216.02 10472.0 8.0 8.0 0.0 0.0 216.12
16:55:00 1.0 2.0 209.26 216.02 216.02 216.02 216.0 114.0 216.02 10472.0 2.0 2.0 0.0 0.0 216.02
16:56:00 0.0 0.0 209.26 216.02 nan nan 216.01 25.0 216.02 10472.0 nan 0.0 0.0 0.0 nan
16:57:00 0.0 0.0 209.26 216.02 nan nan 216.0 114.0 216.02 10472.0 nan 0.0 0.0 0.0 nan
16:58:00 3.0 115.0 209.26 215.95 216.0 215.95 215.98 2138.0 215.99 1.0 115.0 0.0 115.0 0.0 215.9996
16:59:00 1.0 1.0 209.26 215.95 215.95 215.95 215.98 2138.0 215.99 1.0 1.0 0.0 1.0 0.0 215.95
17:00:00 0.0 0.0 209.26 215.95 nan nan 215.98 2138.0 215.99 1.0 nan 0.0 0.0 0.0 nan
