time trade_count trade_volume trade_first trade_last trade_high trade_low bid_price bid_size ask_price ask_size hid_vol buy_vol sell_vol unsided_vol vwap
09:00:00 nan 86.0 221.21 221.24 221.24 221.13 221.18 1.0 221.33 40.0 86.0 84.0 2.0 0.0 221.2077
09:01:00 9.0 5.0 221.21 221.3 221.3 221.15 221.25 15.0 221.33 40.0 5.0 5.0 0.0 0.0 221.15
09:02:00 11.0 17.0 221.21 221.24 221.25 221.2 221.18 1.0 221.3 197.0 17.0 0.0 17.0 0.0 221.2441
09:03:00 17.0 107.0 221.21 221.11 221.24 221.11 221.11 231.0 221.23 500.0 107.0 0.0 107.0 0.0 221.1391
09:04:00 12.0 685.0 221.21 221.08 221.14 221.08 221.04 4.0 221.14 450.0 685.0 0.0 685.0 0.0 221.0961
09:05:00 64.0 1629.0 221.21 221.3 221.44 221.01 221.28 112.0 221.33 9.0 1629.0 1405.0 224.0 0.0 221.1813
09:06:00 17.0 214.0 221.21 221.33 221.34 221.21 221.31 6.0 221.35 100.0 214.0 34.0 180.0 0.0 221.2783
09:07:00 37.0 715.0 221.21 221.45 221.45 221.2 221.2 40.0 221.4 500.0 715.0 534.0 181.0 0.0 221.2688
09:08:00 10.0 289.0 221.21 221.3 221.31 221.21 221.2 40.0 221.3 961.0 289.0 0.0 289.0 0.0 221.3
09:09:00 10.0 1065.0 221.21 221.3 221.3 221.2 221.15 12.0 221.3 27.0 1065.0 925.0 140.0 0.0 221.2962
09:10:00 4.0 56.0 221.21 221.25 221.25 221.15 221.22 2067.0 221.3 25.0 56.0 50.0 6.0 0.0 221.2393
09:11:00 8.0 76.0 221.21 221.3 221.3 221.23 221.22 2000.0 221.3 74.0 76.0 76.0 0.0 0.0 221.2572
09:12:00 3.0 27.0 221.21 221.25 221.28 221.25 221.28 73.0 221.3 74.0 27.0 0.0 27.0 0.0 221.28
09:13:00 9.0 79.0 221.21 221.28 221.28 221.24 221.24 1.0 221.28 14.0 79.0 1.0 78.0 0.0 221.2781
09:14:00 27.0 389.0 221.21 221.37 221.37 221.22 221.3 435.0 221.38 10.0 389.0 262.0 127.0 0.0 221.2861
09:15:00 14.0 671.0 221.21 221.35 221.37 221.3 221.25 1.0 221.38 14.0 671.0 0.0 671.0 0.0 221.3035
09:16:00 5.0 165.0 221.21 221.26 221.4 221.26 221.28 11.0 221.38 15.0 165.0 65.0 100.0 0.0 221.3394
09:17:00 54.0 1911.0 221.21 221.5 221.6 221.22 221.5 389.0 221.62 3.0 1911.0 1090.0 821.0 0.0 221.4441
09:18:00 7.0 54.0 221.21 221.53 221.64 221.52 221.53 11.0 221.64 12.0 54.0 53.0 1.0 0.0 221.537
09:19:00 52.0 982.0 221.21 221.8 221.82 221.56 221.8 491.0 221.83 100.0 982.0 303.0 679.0 0.0 221.7919
09:20:00 7.0 31.0 221.21 221.65 221.8 221.61 221.64 44.0 221.83 100.0 31.0 30.0 1.0 0.0 221.7323
09:21:00 3.0 4.0 221.21 221.87 221.87 221.7 221.63 1.0 221.83 100.0 4.0 4.0 0.0 0.0 221.735
09:22:00 19.0 76.0 221.21 221.8 221.8 221.56 221.8 99.0 221.83 100.0 76.0 34.0 42.0 0.0 221.6568
09:23:00 29.0 330.0 221.21 221.72 221.97 221.72 221.65 5.0 221.99 126.0 330.0 240.0 90.0 0.0 221.8531
09:24:00 0.0 0.0 221.21 221.72 nan nan 221.65 5.0 221.9 11.0 nan 0.0 0.0 0.0 nan
09:25:00 66.0 2179.0 221.21 222.47 222.47 221.77 222.01 4134.0 222.5 28.0 2179.0 2164.0 15.0 0.0 222.0973
09:26:00 2.0 0.0 221.21 222.06 222.06 222.06 222.01 4134.0 222.5 8.0 nan 0.0 0.0 0.0 nan
09:27:00 2.0 0.0 221.21 222.14 222.14 222.06 222.1 100.0 222.5 24.0 nan 0.0 0.0 0.0 nan
09:28:00 35.0 3238.0 221.21 222.11 222.6 222.01 222.01 2568.0 222.66 129.0 3238.0 1112.0 2126.0 0.0 222.123
09:29:00 34.0 626.0 221.21 222.5 222.91 222.01 222.35 10.0 222.58 222.0 626.0 74.0 552.0 0.0 222.1811
09:30:00 33.0 2551.0 221.21 222.01 222.48 221.9 221.77 153.0 222.21 1.0 2551.0 70.0 2481.0 0.0 222.0114
09:31:00 713.0 12646.0 221.21 221.96 222.72 221.58 221.76 25.0 221.99 272.0 12646.0 3694.0 8952.0 0.0 222.1871
09:32:00 740.0 22289.0 221.21 221.22 222.39 220.92 221.18 25.0 221.3 2.0 22289.0 7138.0 15151.0 0.0 221.3849
09:33:00 338.0 11013.0 221.21 221.2 221.65 221.1 221.21 25.0 221.36 38.0 11013.0 5379.0 5634.0 0.0 221.3059
09:34:00 442.0 16300.0 221.21 221.21 221.6 221.13 221.13 50.0 221.26 26.0 16300.0 5327.0 10973.0 0.0 221.322
09:35:00 598.0 15623.0 221.21 220.93 221.25 220.2 220.85 25.0 220.96 110.0 15623.0 4003.0 11620.0 0.0 220.6442
09:36:00 513.0 23009.0 221.21 221.82 221.87 220.7 221.8 2.0 221.94 125.0 23009.0 13298.0 9711.0 0.0 221.1573
09:37:00 513.0 18288.0 221.21 222.96 222.99 221.47 222.85 25.0 222.98 5.0 18288.0 12780.0 5508.0 0.0 222.1642
09:38:00 427.0 14113.0 221.21 223.13 223.18 222.46 223.08 17.0 223.18 133.0 14113.0 9893.0 4220.0 0.0 222.9083
09:39:00 509.0 13286.0 221.21 223.3 223.3 222.73 223.25 3.0 223.3 40.0 13286.0 6320.0 6966.0 0.0 222.976
09:40:00 414.0 15250.0 221.21 222.59 223.37 222.34 222.61 25.0 222.72 25.0 15250.0 3968.0 11282.0 0.0 222.6964
09:41:00 225.0 8587.0 221.21 222.45 222.69 222.18 222.45 2.0 222.58 6.0 8587.0 3133.0 5454.0 0.0 222.3955
09:42:00 456.0 15351.0 221.21 221.71 222.7 221.71 221.66 100.0 221.75 25.0 15351.0 3926.0 11425.0 0.0 222.1677
09:43:00 323.0 7660.0 221.21 221.63 222.34 221.59 221.58 12.0 221.68 25.0 7660.0 3224.0 4436.0 0.0 222.0042
09:44:00 244.0 7796.0 221.21 221.77 221.8 221.32 221.67 52.0 221.79 375.0 7796.0 4026.0 3770.0 0.0 221.5098
09:45:00 463.0 25013.0 221.21 222.14 222.28 221.64 222.08 78.0 222.18 177.0 25013.0 19012.0 6001.0 0.0 221.8171
09:46:00 363.0 11498.0 221.21 222.24 222.39 221.65 222.2 100.0 222.29 25.0 11498.0 4571.0 6927.0 0.0 221.8377
09:47:00 299.0 8271.0 221.21 222.98 223.18 222.33 222.98 90.0 223.08 25.0 8271.0 5985.0 2286.0 0.0 222.8256
09:48:00 261.0 9095.0 221.21 222.54 223.0 222.48 222.46 25.0 222.57 25.0 9095.0 2231.0 6864.0 0.0 222.7959
09:49:00 100.0 4051.0 221.21 222.41 222.62 222.12 222.42 25.0 222.52 350.0 4051.0 2039.0 2012.0 0.0 222.3744
09:50:00 296.0 8663.0 221.21 222.02 222.58 222.02 222.01 111.0 222.1 138.0 8663.0 2260.0 6403.0 0.0 222.2192
09:51:00 288.0 8777.0 221.21 221.91 222.42 221.86 221.89 29.0 221.97 25.0 8777.0 4627.0 4150.0 0.0 222.0471
09:52:00 236.0 7712.0 221.21 221.71 222.0 221.5 221.65 25.0 221.75 2.0 7712.0 3726.0 3986.0 0.0 221.7405
09:53:00 447.0 17910.0 221.21 221.11 221.83 220.96 221.05 326.0 221.12 8.0 17910.0 3996.0 13914.0 0.0 221.1982
09:54:00 250.0 6638.0 221.21 221.37 221.58 220.99 221.32 2.0 221.42 130.0 6638.0 3898.0 2740.0 0.0 221.2764
09:55:00 210.0 6882.0 221.21 221.45 221.68 221.12 221.42 25.0 221.51 100.0 6882.0 3339.0 3543.0 0.0 221.4188
09:56:00 225.0 9265.0 221.21 222.27 222.27 221.4 222.22 200.0 222.28 3.0 9265.0 7610.0 1655.0 0.0 221.9392
09:57:00 344.0 10085.0 221.21 222.27 222.75 222.19 222.19 1.0 222.3 175.0 10085.0 4911.0 5174.0 0.0 222.4962
09:58:00 180.0 6806.0 221.21 222.56 222.58 222.18 222.52 56.0 222.61 25.0 6806.0 3780.0 3026.0 0.0 222.3975
09:59:00 193.0 7793.0 221.21 222.5 222.97 222.5 222.46 225.0 222.53 20.0 7793.0 3341.0 4452.0 0.0 222.7822
10:00:00 261.0 7988.0 221.21 222.8 222.92 222.45 222.77 24.0 222.88 25.0 7988.0 4512.0 3476.0 0.0 222.7963
10:01:00 416.0 13535.0 221.21 222.58 222.8 222.13 222.51 204.0 222.58 17.0 13535.0 4712.0 8823.0 0.0 222.4617
10:02:00 178.0 6329.0 221.21 222.37 222.66 222.21 222.32 300.0 222.4 15.0 6329.0 2682.0 3647.0 0.0 222.4535
10:03:00 161.0 5515.0 221.21 222.53 222.61 222.15 222.45 25.0 222.54 167.0 5515.0 3386.0 2129.0 0.0 222.3873
10:04:00 139.0 5165.0 221.21 222.16 222.54 222.16 222.14 100.0 222.2 325.0 5165.0 2131.0 3034.0 0.0 222.3005
10:05:00 159.0 6463.0 221.21 222.53 222.71 222.04 222.52 200.0 222.6 100.0 6463.0 5155.0 1308.0 0.0 222.4522
10:06:00 433.0 19941.0 221.21 223.23 223.35 222.52 223.17 736.0 223.26 50.0 19941.0 13434.0 6507.0 0.0 223.05
10:07:00 661.0 26337.0 221.21 223.81 223.86 223.12 223.75 132.0 223.81 5.0 26337.0 14966.0 11371.0 0.0 223.5279
10:08:00 439.0 18238.0 221.21 223.455 223.96 223.45 223.41 105.0 223.5 835.0 18238.0 7920.0 10318.0 0.0 223.7692
10:09:00 184.0 8436.0 221.21 223.61 223.61 223.31 223.57 50.0 223.67 5.0 8436.0 3591.0 4845.0 0.0 223.4757
10:10:00 297.0 9456.0 221.21 223.13 223.58 223.01 223.05 100.0 223.15 75.0 9456.0 3031.0 6425.0 0.0 223.3467
10:11:00 177.0 7819.0 221.21 223.08 223.3 223.05 223.06 50.0 223.13 112.0 7819.0 2380.0 5439.0 0.0 223.1372
10:12:00 225.0 5892.0 221.21 223.18 223.6 223.12 223.16 50.0 223.26 105.0 5892.0 3384.0 2508.0 0.0 223.3795
10:13:00 171.0 8028.0 221.21 223.01 223.34 223.0 223.01 11.0 223.07 25.0 8028.0 4695.0 3333.0 0.0 223.1761
10:14:00 165.0 5149.0 221.21 223.01 223.11 222.88 222.98 25.0 223.05 303.0 5149.0 1816.0 3333.0 0.0 222.9575
10:15:00 233.0 7399.0 221.21 222.72 223.1 222.59 222.65 25.0 222.73 100.0 7399.0 3343.0 4056.0 0.0 222.8378
10:16:00 206.0 4937.0 221.21 223.23 223.38 222.72 223.23 150.0 223.31 5.0 4937.0 2696.0 2241.0 0.0 223.0543
10:17:00 290.0 8157.0 221.21 223.75 223.8 223.18 223.65 4.0 223.76 350.0 8157.0 5198.0 2959.0 0.0 223.4946
10:18:00 96.0 3304.0 221.21 223.515 223.8 223.46 223.48 323.0 223.55 125.0 3304.0 1519.0 1785.0 0.0 223.6687
10:19:00 140.0 6263.0 221.21 223.49 223.75 223.42 223.41 100.0 223.5 165.0 6263.0 3577.0 2686.0 0.0 223.5872
10:20:00 195.0 8943.0 221.21 223.89 223.95 223.51 223.85 10.0 223.92 339.0 8943.0 6382.0 2561.0 0.0 223.7705
10:21:00 293.0 9426.0 221.21 223.22 223.85 223.12 223.15 44.0 223.27 76.0 9426.0 2025.0 7401.0 0.0 223.5198
10:22:00 183.0 5478.0 221.21 223.14 223.23 222.95 223.09 14.0 223.16 200.0 5478.0 2313.0 3165.0 0.0 223.1096
10:23:00 179.0 5308.0 221.21 222.88 223.13 222.82 222.81 25.0 222.88 100.0 5308.0 1760.0 3548.0 0.0 222.9472
10:24:00 147.0 5684.0 221.21 222.84 223.0 222.75 222.78 2.0 222.84 5.0 5684.0 3081.0 2603.0 0.0 222.8572
10:25:00 162.0 6898.0 221.21 222.61 222.82 222.53 222.57 69.0 222.65 120.0 6898.0 1886.0 5012.0 0.0 222.6305
10:26:00 185.0 6683.0 221.21 222.81 222.89 222.5 222.77 53.0 222.84 6.0 6683.0 4351.0 2332.0 0.0 222.7104
10:27:00 220.0 6611.0 221.21 222.44 222.9 222.38 222.39 29.0 222.47 1.0 6611.0 2428.0 4183.0 0.0 222.571
10:28:00 156.0 6347.0 221.21 222.65 222.65 222.39 222.63 173.0 222.7 143.0 6347.0 3049.0 3298.0 0.0 222.4986
10:29:00 113.0 3785.0 221.21 222.56 222.83 222.5 222.53 10.0 222.59 25.0 3785.0 1435.0 2350.0 0.0 222.6518
10:30:00 188.0 6943.0 221.21 222.51 222.7 222.46 222.51 25.0 222.57 35.0 6943.0 3402.0 3541.0 0.0 222.5808
10:31:00 288.0 12998.0 221.21 222.4 222.57 222.12 222.35 25.0 222.43 25.0 12998.0 4824.0 8174.0 0.0 222.3485
10:32:00 116.0 4825.0 221.21 222.17 222.34 222.05 222.14 375.0 222.24 50.0 4825.0 1926.0 2899.0 0.0 222.2218
10:33:00 109.0 5790.0 221.21 222.04 222.27 222.02 222.04 100.0 222.08 27.0 5790.0 1680.0 4110.0 0.0 222.159
10:34:00 219.0 12586.0 221.21 222.22 222.22 221.9 222.19 1.0 222.25 104.0 12586.0 6091.0 6495.0 0.0 222.0431
10:35:00 151.0 5959.0 221.21 222.4 222.4 222.12 222.36 75.0 222.4 68.0 5959.0 4820.0 1139.0 0.0 222.2667
10:36:00 194.0 6934.0 221.21 222.37 222.5 222.22 222.32 152.0 222.42 100.0 6934.0 3993.0 2941.0 0.0 222.3283
10:37:00 157.0 8133.0 221.21 222.37 222.49 222.24 222.33 300.0 222.39 122.0 8133.0 2948.0 5185.0 0.0 222.3508
10:38:00 216.0 6707.0 221.21 222.02 222.33 221.88 221.97 253.0 222.01 10.0 6707.0 1841.0 4866.0 0.0 222.1149
10:39:00 310.0 15127.0 221.21 222.04 222.09 221.73 221.98 101.0 222.06 50.0 15127.0 9898.0 5229.0 0.0 221.8905
10:40:00 209.0 8961.0 221.21 222.06 222.25 221.94 222.06 50.0 222.1 40.0 8961.0 4522.0 4439.0 0.0 222.0518
10:41:00 120.0 4998.0 221.21 221.83 222.14 221.83 221.82 200.0 221.88 128.0 4998.0 1632.0 3366.0 0.0 221.9849
10:42:00 167.0 6299.0 221.21 221.96 222.18 221.86 221.97 150.0 222.04 315.0 6299.0 4727.0 1572.0 0.0 222.0324
10:43:00 108.0 4095.0 221.21 222.03 222.11 221.98 222.0 1006.0 222.07 510.0 4095.0 2230.0 1865.0 0.0 222.042
10:44:00 234.0 7960.0 221.21 222.03 222.2 221.81 221.99 82.0 222.06 509.0 7960.0 3523.0 4437.0 0.0 221.9923
10:45:00 200.0 6586.0 221.21 222.12 222.12 221.86 222.07 50.0 222.13 264.0 6586.0 4066.0 2520.0 0.0 222.0021
10:46:00 318.0 9418.0 221.21 222.06 222.06 221.76 222.05 50.0 222.1 173.0 9418.0 3549.0 5869.0 0.0 221.9399
10:47:00 223.0 6871.0 221.21 222.17 222.17 221.88 222.08 160.0 222.16 130.0 6871.0 3024.0 3847.0 0.0 222.0028
10:48:00 308.0 8771.0 221.21 222.2 222.26 221.96 222.16 157.0 222.21 22.0 8771.0 5438.0 3333.0 0.0 222.1183
10:49:00 235.0 8147.0 221.21 222.34 222.47 222.15 222.31 200.0 222.36 17.0 8147.0 4084.0 4063.0 0.0 222.291
10:50:00 308.0 39860.0 221.21 222.45 222.53 222.31 222.44 38.0 222.48 4.0 39860.0 35911.0 3949.0 0.0 222.4881
10:51:00 320.0 16347.0 221.21 222.67 222.67 222.2 222.58 1.0 222.66 50.0 16347.0 11071.0 5276.0 0.0 222.4625
10:52:00 359.0 10074.0 221.21 222.04 222.58 221.95 221.99 160.0 222.07 25.0 10074.0 3649.0 6425.0 0.0 222.2349
10:53:00 179.0 5752.0 221.21 222.04 222.11 221.82 221.97 150.0 222.08 26.0 5752.0 2971.0 2781.0 0.0 221.9488
10:54:00 411.0 19695.0 221.21 222.19 222.5 222.03 222.12 325.0 222.19 325.0 19695.0 15008.0 4687.0 0.0 222.2752
10:55:00 82.0 2967.0 221.21 222.19 222.19 222.06 222.13 293.0 222.18 10.0 2967.0 1589.0 1378.0 0.0 222.12
10:56:00 160.0 7039.0 221.21 222.33 222.46 221.97 222.31 150.0 222.39 100.0 7039.0 3436.0 3603.0 0.0 222.145
10:57:00 74.0 2738.0 221.21 222.54 222.64 222.24 222.53 200.0 222.59 14.0 2738.0 1959.0 779.0 0.0 222.4677
10:58:00 74.0 3624.0 221.21 222.53 222.63 222.45 222.5 25.0 222.58 1.0 3624.0 2342.0 1282.0 0.0 222.5649
10:59:00 78.0 2637.0 221.21 222.6 222.68 222.47 222.6 25.0 222.63 50.0 2637.0 1493.0 1144.0 0.0 222.5873
11:00:00 123.0 3358.0 221.21 222.66 222.66 222.54 222.62 225.0 222.68 25.0 3358.0 2160.0 1198.0 0.0 222.6054
11:01:00 220.0 5613.0 221.21 222.74 222.76 222.55 222.72 10.0 222.76 45.0 5613.0 3807.0 1806.0 0.0 222.6438
11:02:00 151.0 4771.0 221.21 222.93 222.97 222.65 222.91 100.0 222.95 4.0 4771.0 3272.0 1499.0 0.0 222.8512
11:03:00 169.0 8549.0 221.21 222.38 222.96 222.38 222.33 25.0 222.42 152.0 8549.0 1894.0 6655.0 0.0 222.6262
11:04:00 203.0 9375.0 221.21 221.74 222.31 221.63 221.7 25.0 221.78 8.0 9375.0 3134.0 6241.0 0.0 221.857
11:05:00 212.0 7562.0 221.21 221.87 221.87 221.55 221.86 225.0 221.93 22.0 7562.0 5070.0 2492.0 0.0 221.7006
11:06:00 279.0 6777.0 221.21 221.93 221.97 221.75 221.9 150.0 221.98 144.0 6777.0 2068.0 4709.0 0.0 221.8722
11:07:00 200.0 10732.0 221.21 222.02 222.09 221.82 221.96 223.0 222.03 11.0 10732.0 7519.0 3213.0 0.0 221.9812
11:08:00 223.0 4456.0 221.21 221.95 222.09 221.88 221.93 100.0 221.98 2.0 4456.0 2169.0 2287.0 0.0 221.9615
11:09:00 190.0 4362.0 221.21 221.95 221.95 221.76 221.87 154.0 221.94 75.0 4362.0 2445.0 1917.0 0.0 221.8585
11:10:00 75.0 1641.0 221.21 222.12 222.14 221.88 222.1 120.0 222.15 262.0 1641.0 1383.0 258.0 0.0 222.035
11:11:00 100.0 2636.0 221.21 222.33 222.41 222.15 222.29 8.0 222.36 30.0 2636.0 2166.0 470.0 0.0 222.2644
11:12:00 159.0 4171.0 221.21 222.22 222.46 221.99 222.11 25.0 222.19 420.0 4171.0 1379.0 2792.0 0.0 222.1472
11:13:00 80.0 2647.0 221.21 222.29 222.41 222.19 222.24 400.0 222.3 11.0 2647.0 2084.0 563.0 0.0 222.2837
11:14:00 84.0 2675.0 221.21 222.07 222.45 222.05 222.01 25.0 222.08 45.0 2675.0 939.0 1736.0 0.0 222.3197
11:15:00 75.0 2535.0 221.21 221.96 222.18 221.88 221.9 100.0 221.96 141.0 2535.0 1299.0 1236.0 0.0 222.017
11:16:00 120.0 4680.0 221.21 221.76 221.9 221.7 221.72 25.0 221.79 100.0 4680.0 1968.0 2712.0 0.0 221.7913
11:17:00 232.0 11881.0 221.21 221.9 222.02 221.7 221.86 25.0 221.9 12.0 11881.0 7878.0 4003.0 0.0 221.8287
11:18:00 183.0 4750.0 221.21 222.33 222.33 221.86 222.3 136.0 222.36 6.0 4750.0 3435.0 1315.0 0.0 222.0323
11:19:00 121.0 2965.0 221.21 222.08 222.37 222.08 222.05 15.0 222.12 10.0 2965.0 977.0 1988.0 0.0 222.2433
11:20:00 76.0 2067.0 221.21 222.14 222.16 221.98 222.12 125.0 222.19 258.0 2067.0 1706.0 361.0 0.0 222.0817
11:21:00 77.0 2386.0 221.21 222.17 222.34 222.16 222.11 373.0 222.16 2.0 2386.0 1180.0 1206.0 0.0 222.2377
11:22:00 54.0 1804.0 221.21 222.16 222.2 222.06 222.14 208.0 222.2 380.0 1804.0 635.0 1169.0 0.0 222.1372
11:23:00 142.0 4574.0 221.21 222.31 222.33 222.12 222.26 264.0 222.33 150.0 4574.0 3337.0 1237.0 0.0 222.2468
11:24:00 174.0 5862.0 221.21 222.4 222.55 222.24 222.4 137.0 222.44 20.0 5862.0 3161.0 2701.0 0.0 222.3923
11:25:00 115.0 3480.0 221.21 222.42 222.51 222.26 222.37 184.0 222.44 305.0 3480.0 1271.0 2209.0 0.0 222.3813
11:26:00 117.0 4989.0 221.21 222.62 222.64 222.4 222.56 270.0 222.64 406.0 4989.0 3419.0 1570.0 0.0 222.5246
11:27:00 123.0 3340.0 221.21 222.35 222.58 222.35 222.32 104.0 222.39 232.0 3340.0 747.0 2593.0 0.0 222.4736
11:28:00 111.0 4024.0 221.21 222.5 222.53 222.37 222.46 598.0 222.52 12.0 4024.0 3207.0 817.0 0.0 222.4756
11:29:00 94.0 3245.0 221.21 222.5 222.62 222.45 222.46 100.0 222.51 150.0 3245.0 1886.0 1359.0 0.0 222.5145
11:30:00 122.0 4572.0 221.21 222.55 222.59 222.46 222.49 418.0 222.56 10.0 4572.0 3347.0 1225.0 0.0 222.5199
11:31:00 226.0 5960.0 221.21 222.33 222.66 222.27 222.34 160.0 222.42 25.0 5960.0 2918.0 3042.0 0.0 222.4661
11:32:00 189.0 7351.0 221.21 222.3 222.44 222.28 222.29 121.0 222.36 125.0 7351.0 4952.0 2399.0 0.0 222.3592
11:33:00 139.0 3505.0 221.21 222.56 222.81 222.28 222.51 267.0 222.59 40.0 3505.0 2691.0 814.0 0.0 222.6363
11:34:00 101.0 5167.0 221.21 222.39 222.57 222.29 222.37 142.0 222.44 47.0 5167.0 1952.0 3215.0 0.0 222.4543
11:35:00 119.0 3505.0 221.21 222.02 222.37 221.98 221.99 126.0 222.05 300.0 3505.0 1062.0 2443.0 0.0 222.162
11:36:00 218.0 9972.0 221.21 222.21 222.28 221.88 222.18 28.0 222.24 80.0 9972.0 3040.0 6932.0 0.0 222.1316
11:37:00 133.0 3077.0 221.21 222.16 222.29 222.12 222.14 35.0 222.2 541.0 3077.0 1145.0 1932.0 0.0 222.204
11:38:00 141.0 5277.0 221.21 222.32 222.36 221.97 222.31 100.0 222.36 117.0 5277.0 2254.0 3023.0 0.0 222.1484
11:39:00 115.0 3088.0 221.21 222.15 222.43 222.01 222.11 206.0 222.18 20.0 3088.0 1754.0 1334.0 0.0 222.1756
11:40:00 108.0 4073.0 221.21 222.25 222.29 222.16 222.2 360.0 222.26 100.0 4073.0 2067.0 2006.0 0.0 222.2368
11:41:00 100.0 2815.0 221.21 222.38 222.43 222.24 222.37 121.0 222.44 27.0 2815.0 1598.0 1217.0 0.0 222.3339
11:42:00 137.0 4459.0 221.21 222.05 222.38 222.02 222.03 600.0 222.09 25.0 4459.0 207.0 4252.0 0.0 222.1993
11:43:00 124.0 6122.0 221.21 222.12 222.13 221.95 222.1 173.0 222.2 25.0 6122.0 2127.0 3995.0 0.0 222.0198
11:44:00 219.0 9642.0 221.21 222.36 222.56 222.19 222.36 144.0 222.4 20.0 9642.0 7449.0 2193.0 0.0 222.3656
11:45:00 105.0 4746.0 221.21 222.43 222.64 222.3 222.4 300.0 222.46 300.0 4746.0 2472.0 2274.0 0.0 222.4261
11:46:00 83.0 2341.0 221.21 222.51 222.57 222.27 222.49 4.0 222.54 25.0 2341.0 1362.0 979.0 0.0 222.417
11:47:00 75.0 2834.0 221.21 222.69 222.83 222.54 222.66 229.0 222.73 25.0 2834.0 1843.0 991.0 0.0 222.6738
11:48:00 35.0 760.0 221.21 222.75 222.76 222.62 222.62 536.0 222.7 350.0 760.0 607.0 153.0 0.0 222.6885
11:49:00 86.0 3219.0 221.21 222.69 222.79 222.69 222.67 100.0 222.72 165.0 3219.0 1002.0 2217.0 0.0 222.7253
11:50:00 134.0 7582.0 221.21 222.55 222.69 222.37 222.49 200.0 222.56 50.0 7582.0 2354.0 5228.0 0.0 222.455
11:51:00 38.0 1637.0 221.21 222.47 222.6 222.4 222.47 25.0 222.55 50.0 1637.0 996.0 641.0 0.0 222.5049
11:52:00 78.0 2960.0 221.21 222.39 222.56 222.36 222.35 25.0 222.41 10.0 2960.0 1207.0 1753.0 0.0 222.4233
11:53:00 103.0 7854.0 221.21 222.5 222.67 222.35 222.46 100.0 222.54 150.0 7854.0 1562.0 6292.0 0.0 222.5456
11:54:00 46.0 2274.0 221.21 222.61 222.61 222.5 222.55 51.0 222.63 40.0 2274.0 1909.0 365.0 0.0 222.5449
11:55:00 118.0 7519.0 221.21 222.54 222.6 222.44 222.53 5.0 222.58 10.0 7519.0 5314.0 2205.0 0.0 222.4802
11:56:00 127.0 4319.0 221.21 222.32 222.63 222.32 222.3 1.0 222.33 50.0 4319.0 1696.0 2623.0 0.0 222.4844
11:57:00 86.0 2405.0 221.21 222.63 222.63 222.32 222.6 5.0 222.68 141.0 2405.0 2352.0 53.0 0.0 222.4847
11:58:00 99.0 3266.0 221.21 222.65 222.84 222.6 222.63 32.0 222.69 127.0 3266.0 1675.0 1591.0 0.0 222.7306
11:59:00 65.0 1051.0 221.21 222.63 222.72 222.53 222.56 150.0 222.64 13.0 1051.0 553.0 498.0 0.0 222.626
12:00:00 72.0 1999.0 221.21 222.5 222.59 222.44 222.46 50.0 222.51 25.0 1999.0 1248.0 751.0 0.0 222.5037
12:01:00 126.0 5730.0 221.21 222.29 222.53 222.28 222.24 100.0 222.31 262.0 5730.0 1342.0 4388.0 0.0 222.3791
12:02:00 83.0 3328.0 221.21 222.45 222.5 222.31 222.42 25.0 222.5 255.0 3328.0 2155.0 1173.0 0.0 222.4115
12:03:00 71.0 1900.0 221.21 222.57 222.57 222.44 222.54 5.0 222.6 350.0 1900.0 1335.0 565.0 0.0 222.5051
12:04:00 79.0 3322.0 221.21 222.53 222.58 222.47 222.45 225.0 222.54 79.0 3322.0 1940.0 1382.0 0.0 222.5102
12:05:00 146.0 5034.0 221.21 222.62 222.66 222.5 222.62 125.0 222.69 845.0 5034.0 4031.0 1003.0 0.0 222.5895
12:06:00 162.0 9368.0 221.21 222.7 222.84 222.59 222.65 173.0 222.71 425.0 9368.0 7259.0 2109.0 0.0 222.7396
12:07:00 50.0 1651.0 221.21 222.72 222.73 222.58 222.68 117.0 222.75 875.0 1651.0 1181.0 470.0 0.0 222.658
12:08:00 49.0 1959.0 221.21 222.69 222.78 222.64 222.64 153.0 222.72 170.0 1959.0 1251.0 708.0 0.0 222.7207
12:09:00 54.0 2393.0 221.21 222.8 222.85 222.68 222.79 200.0 222.82 30.0 2393.0 2138.0 255.0 0.0 222.7699
12:10:00 264.0 14584.0 221.21 222.88 223.09 222.67 222.88 15.0 222.92 46.0 14584.0 11674.0 2910.0 0.0 222.9497
12:11:00 123.0 7777.0 221.21 223.02 223.18 222.87 223.02 204.0 223.08 29.0 7777.0 5382.0 2395.0 0.0 223.085
12:12:00 80.0 3509.0 221.21 222.92 223.09 222.82 222.85 6.0 222.92 184.0 3509.0 739.0 2770.0 0.0 222.952
12:13:00 64.0 2168.0 221.21 223.0 223.0 222.86 222.93 200.0 223.0 380.0 2168.0 1564.0 604.0 0.0 222.9424
12:14:00 108.0 4222.0 221.21 223.14 223.19 223.0 223.13 171.0 223.18 273.0 4222.0 3245.0 977.0 0.0 223.0956
12:15:00 139.0 2972.0 221.21 223.22 223.29 223.07 223.18 150.0 223.24 203.0 2972.0 1487.0 1485.0 0.0 223.1472
12:16:00 135.0 3628.0 221.21 223.35 223.46 223.23 223.31 50.0 223.35 118.0 3628.0 2524.0 1104.0 0.0 223.3661
12:17:00 121.0 6010.0 221.21 223.6 223.6 223.32 223.54 23.0 223.6 227.0 6010.0 5579.0 431.0 0.0 223.4825
12:18:00 144.0 5803.0 221.21 223.62 223.73 223.54 223.6 950.0 223.67 124.0 5803.0 3621.0 2182.0 0.0 223.6291
12:19:00 116.0 4273.0 221.21 223.61 223.78 223.59 223.59 100.0 223.64 60.0 4273.0 3159.0 1114.0 0.0 223.704
12:20:00 94.0 3201.0 221.21 223.47 223.68 223.43 223.44 1000.0 223.51 13.0 3201.0 1378.0 1823.0 0.0 223.5505
12:21:00 104.0 4010.0 221.21 223.53 223.53 223.42 223.47 119.0 223.53 30.0 4010.0 1767.0 2243.0 0.0 223.4836
12:22:00 119.0 3979.0 221.21 223.49 223.52 223.26 223.41 17.0 223.48 40.0 3979.0 1459.0 2520.0 0.0 223.3991
12:23:00 97.0 4444.0 221.21 223.28 223.41 223.19 223.23 160.0 223.28 1.0 4444.0 1328.0 3116.0 0.0 223.3001
12:24:00 81.0 2493.0 221.21 223.27 223.43 223.24 223.2 175.0 223.26 87.0 2493.0 1887.0 606.0 0.0 223.3248
12:25:00 93.0 3477.0 221.21 223.31 223.36 223.24 223.27 300.0 223.35 58.0 3477.0 1976.0 1501.0 0.0 223.2907
12:26:00 55.0 1507.0 221.21 223.31 223.34 223.27 223.26 208.0 223.32 8.0 1507.0 730.0 777.0 0.0 223.3051
12:27:00 91.0 4124.0 221.21 223.47 223.47 223.3 223.43 100.0 223.49 3.0 4124.0 3748.0 376.0 0.0 223.3624
12:28:00 98.0 3515.0 221.21 223.44 223.51 223.35 223.37 100.0 223.44 160.0 3515.0 2669.0 846.0 0.0 223.4581
12:29:00 44.0 1227.0 221.21 223.31 223.43 223.31 223.28 400.0 223.34 150.0 1227.0 551.0 676.0 0.0 223.3635
12:30:00 122.0 3927.0 221.21 223.23 223.35 223.18 223.23 1.0 223.27 150.0 3927.0 2434.0 1493.0 0.0 223.2635
12:31:00 81.0 2258.0 221.21 223.32 223.49 223.24 223.3 200.0 223.36 100.0 2258.0 2005.0 253.0 0.0 223.3636
12:32:00 120.0 5239.0 221.21 223.42 223.42 223.25 223.39 812.0 223.45 123.0 5239.0 2461.0 2778.0 0.0 223.3053
12:33:00 66.0 2268.0 221.21 223.45 223.49 223.35 223.42 200.0 223.48 442.0 2268.0 1800.0 468.0 0.0 223.4304
12:34:00 82.0 3749.0 221.21 223.33 223.43 223.3 223.28 100.0 223.34 70.0 3749.0 1041.0 2708.0 0.0 223.3273
12:35:00 66.0 2187.0 221.21 223.34 223.36 223.22 223.29 400.0 223.35 25.0 2187.0 1697.0 490.0 0.0 223.3086
12:36:00 96.0 3266.0 221.21 223.5 223.62 223.34 223.47 400.0 223.53 33.0 3266.0 2620.0 646.0 0.0 223.4781
12:37:00 77.0 3909.0 221.21 223.55 223.66 223.5 223.49 210.0 223.56 469.0 3909.0 2021.0 1888.0 0.0 223.5953
12:38:00 87.0 2318.0 221.21 223.56 223.61 223.49 223.51 150.0 223.58 300.0 2318.0 1487.0 831.0 0.0 223.5558
12:39:00 106.0 3772.0 221.21 223.42 223.55 223.38 223.39 250.0 223.45 269.0 3772.0 2197.0 1575.0 0.0 223.4516
12:40:00 93.0 3551.0 221.21 223.135 223.42 223.07 223.1 100.0 223.15 141.0 3551.0 1571.0 1980.0 0.0 223.2172
12:41:00 263.0 13249.0 221.21 223.04 223.1 222.98 223.02 3.0 223.06 184.0 13249.0 7031.0 6218.0 0.0 223.0588
12:42:00 109.0 5919.0 221.21 223.17 223.17 223.02 223.15 150.0 223.19 181.0 5919.0 4334.0 1585.0 0.0 223.1229
12:43:00 95.0 3726.0 221.21 223.18 223.33 223.16 223.15 150.0 223.21 140.0 3726.0 2008.0 1718.0 0.0 223.2379
12:44:00 74.0 1882.0 221.21 223.05 223.22 223.03 223.02 535.0 223.08 261.0 1882.0 1083.0 799.0 0.0 223.1314
12:45:00 59.0 1480.0 221.21 223.05 223.08 223.02 223.02 143.0 223.06 353.0 1480.0 870.0 610.0 0.0 223.0545
12:46:00 89.0 3364.0 221.21 222.97 223.06 222.93 222.92 50.0 222.97 319.0 3364.0 2768.0 596.0 0.0 222.997
12:47:00 174.0 7151.0 221.21 222.91 222.95 222.78 222.89 100.0 222.93 13.0 7151.0 3158.0 3993.0 0.0 222.8459
12:48:00 94.0 2822.0 221.21 222.88 222.92 222.79 222.84 450.0 222.88 36.0 2822.0 1399.0 1423.0 0.0 222.8472
12:49:00 172.0 5972.0 221.21 222.61 222.91 222.56 222.56 82.0 222.62 50.0 5972.0 3219.0 2753.0 0.0 222.7183
12:50:00 110.0 4121.0 221.21 222.62 222.64 222.48 222.58 15.0 222.63 26.0 4121.0 2003.0 2118.0 0.0 222.5506
12:51:00 46.0 1343.0 221.21 222.61 222.64 222.56 222.59 301.0 222.62 412.0 1343.0 932.0 411.0 0.0 222.5924
12:52:00 165.0 5327.0 221.21 222.75 222.8 222.62 222.73 400.0 222.79 1.0 5327.0 4208.0 1119.0 0.0 222.6914
12:53:00 158.0 8964.0 221.21 222.73 222.89 222.69 222.68 150.0 222.77 158.0 8964.0 1756.0 7208.0 0.0 222.7357
12:54:00 69.0 2357.0 221.21 222.78 222.86 222.66 222.74 252.0 222.8 31.0 2357.0 1689.0 668.0 0.0 222.7476
12:55:00 64.0 2497.0 221.21 222.8 222.88 222.76 222.78 350.0 222.84 1199.0 2497.0 1571.0 926.0 0.0 222.8437
12:56:00 89.0 3994.0 221.21 222.78 222.81 222.62 222.76 102.0 222.8 100.0 3994.0 1320.0 2674.0 0.0 222.701
12:57:00 119.0 4949.0 221.21 222.53 222.81 222.46 222.5 150.0 222.55 33.0 4949.0 1738.0 3211.0 0.0 222.5821
12:58:00 68.0 1037.0 221.21 222.72 222.78 222.55 222.71 228.0 222.76 442.0 1037.0 676.0 361.0 0.0 222.6822
12:59:00 129.0 6113.0 221.21 222.76 222.8 222.67 222.76 150.0 222.83 81.0 6113.0 1715.0 4398.0 0.0 222.731
13:00:00 60.0 2007.0 221.21 222.74 222.83 222.65 222.69 422.0 222.76 18.0 2007.0 836.0 1171.0 0.0 222.7493
13:01:00 157.0 3773.0 221.21 222.82 222.82 222.52 222.8 1.0 222.83 25.0 3773.0 1758.0 2015.0 0.0 222.6221
13:02:00 202.0 5532.0 221.21 222.96 223.17 222.83 222.93 150.0 222.99 365.0 5532.0 3120.0 2412.0 0.0 223.0452
13:03:00 58.0 1728.0 221.21 223.04 223.08 222.89 223.02 150.0 223.08 46.0 1728.0 1417.0 311.0 0.0 222.9852
13:04:00 25.0 521.0 221.21 223.02 223.08 222.99 222.98 152.0 223.04 183.0 521.0 344.0 177.0 0.0 223.0212
13:05:00 92.0 2774.0 221.21 222.94 222.98 222.87 222.92 173.0 222.97 10.0 2774.0 1348.0 1426.0 0.0 222.9247
13:06:00 72.0 2293.0 221.21 223.0 223.07 222.94 222.95 160.0 223.02 200.0 2293.0 1474.0 819.0 0.0 223.0158
13:07:00 102.0 3566.0 221.21 223.11 223.14 222.95 223.08 261.0 223.14 5.0 3566.0 2705.0 861.0 0.0 223.0506
13:08:00 44.0 1094.0 221.21 223.15 223.16 223.07 223.12 114.0 223.17 336.0 1094.0 592.0 502.0 0.0 223.1159
13:09:00 62.0 3007.0 221.21 223.08 223.19 223.06 223.04 100.0 223.1 420.0 3007.0 374.0 2633.0 0.0 223.1104
13:10:00 134.0 3637.0 221.21 222.92 223.05 222.86 222.89 250.0 222.94 37.0 3637.0 1591.0 2046.0 0.0 222.9447
13:11:00 85.0 4490.0 221.21 222.63 222.89 222.57 222.59 250.0 222.64 16.0 4490.0 910.0 3580.0 0.0 222.7113
13:12:00 80.0 3296.0 221.21 222.7 222.7 222.53 222.7 121.0 222.72 10.0 3296.0 1740.0 1556.0 0.0 222.5818
13:13:00 138.0 5336.0 221.21 222.82 222.85 222.7 222.79 145.0 222.84 1.0 5336.0 2646.0 2690.0 0.0 222.7867
13:14:00 68.0 2233.0 221.21 222.91 222.95 222.83 222.87 213.0 222.93 302.0 2233.0 1074.0 1159.0 0.0 222.8895
13:15:00 125.0 5002.0 221.21 223.04 223.05 222.81 223.0 100.0 223.06 50.0 5002.0 3150.0 1852.0 0.0 222.9369
13:16:00 65.0 3121.0 221.21 223.0 223.07 222.97 223.0 500.0 223.04 173.0 3121.0 861.0 2260.0 0.0 223.0397
13:17:00 87.0 4712.0 221.21 223.01 223.09 222.91 222.95 289.0 223.02 204.0 4712.0 1682.0 3030.0 0.0 223.0165
13:18:00 67.0 3187.0 221.21 222.91 223.03 222.89 222.88 500.0 222.93 708.0 3187.0 1504.0 1683.0 0.0 222.9649
13:19:00 52.0 3490.0 221.21 222.8 222.88 222.8 222.74 45.0 222.81 503.0 3490.0 1137.0 2353.0 0.0 222.8422
13:20:00 73.0 1953.0 221.21 222.86 222.9 222.68 222.84 209.0 222.89 201.0 1953.0 1381.0 572.0 0.0 222.8139
13:21:00 97.0 3788.0 221.21 223.0 223.06 222.67 223.0 56.0 223.06 30.0 3788.0 1394.0 2394.0 0.0 222.7866
13:22:00 81.0 2869.0 221.21 222.81 223.0 222.77 222.79 250.0 222.84 2.0 2869.0 811.0 2058.0 0.0 222.8781
13:23:00 52.0 1899.0 221.21 222.91 222.98 222.78 222.87 250.0 222.93 240.0 1899.0 1353.0 546.0 0.0 222.8879
13:24:00 69.0 3132.0 221.21 222.79 222.92 222.73 222.77 160.0 222.86 526.0 3132.0 1790.0 1342.0 0.0 222.809
13:25:00 72.0 2013.0 221.21 222.68 222.81 222.64 222.64 250.0 222.7 5.0 2013.0 911.0 1102.0 0.0 222.7023
13:26:00 64.0 2095.0 221.21 222.87 222.92 222.7 222.82 385.0 222.89 168.0 2095.0 1246.0 849.0 0.0 222.8228
13:27:00 50.0 1240.0 221.21 222.84 222.89 222.82 222.8 310.0 222.87 122.0 1240.0 807.0 433.0 0.0 222.8478
13:28:00 48.0 2270.0 221.21 222.7 222.8 222.66 222.68 50.0 222.74 160.0 2270.0 526.0 1744.0 0.0 222.7156
13:29:00 63.0 2428.0 221.21 222.7 222.83 222.7 222.66 327.0 222.71 376.0 2428.0 1389.0 1039.0 0.0 222.7627
13:30:00 132.0 2884.0 221.21 222.87 222.89 222.7 222.81 2.0 222.86 250.0 2884.0 1773.0 1111.0 0.0 222.7918
13:31:00 190.0 11506.0 221.21 223.11 223.16 222.77 223.11 190.0 223.14 50.0 11506.0 10305.0 1201.0 0.0 222.9786
13:32:00 56.0 2416.0 221.21 223.07 223.18 223.03 223.04 2.0 223.08 40.0 2416.0 867.0 1549.0 0.0 223.1111
13:33:00 127.0 4571.0 221.21 223.08 223.08 222.89 223.02 350.0 223.09 200.0 4571.0 2525.0 2046.0 0.0 223.0141
13:34:00 102.0 3354.0 221.21 222.98 223.08 222.9 222.98 213.0 223.04 50.0 3354.0 1162.0 2192.0 0.0 222.944
13:35:00 121.0 3593.0 221.21 223.03 223.17 222.94 222.97 96.0 223.05 76.0 3593.0 1314.0 2279.0 0.0 223.0665
13:36:00 84.0 3758.0 221.21 222.99 223.17 222.98 222.97 5.0 223.01 234.0 3758.0 2058.0 1700.0 0.0 223.0801
13:37:00 67.0 1734.0 221.21 222.85 223.09 222.85 222.82 150.0 222.88 265.0 1734.0 562.0 1172.0 0.0 222.9482
13:38:00 74.0 3094.0 221.21 223.11 223.11 222.86 223.05 200.0 223.1 1.0 3094.0 2280.0 814.0 0.0 223.0364
13:39:00 63.0 1595.0 221.21 223.18 223.22 223.1 223.14 712.0 223.19 254.0 1595.0 1222.0 373.0 0.0 223.1646
13:40:00 119.0 5160.0 221.21 223.24 223.27 223.15 223.23 590.0 223.28 386.0 5160.0 3480.0 1680.0 0.0 223.2017
13:41:00 148.0 5944.0 221.21 223.35 223.35 223.2 223.33 152.0 223.36 110.0 5944.0 3832.0 2112.0 0.0 223.2656
13:42:00 152.0 6452.0 221.21 223.56 223.59 223.27 223.54 200.0 223.59 126.0 6452.0 4789.0 1663.0 0.0 223.4238
13:43:00 269.0 11966.0 221.21 223.73 223.79 223.56 223.7 289.0 223.75 250.0 11966.0 8342.0 3624.0 0.0 223.6962
13:44:00 106.0 4147.0 221.21 223.64 223.76 223.59 223.62 218.0 223.67 52.0 4147.0 1842.0 2305.0 0.0 223.6815
13:45:00 105.0 4216.0 221.21 223.73 223.74 223.61 223.66 350.0 223.72 300.0 4216.0 2729.0 1487.0 0.0 223.675
13:46:00 129.0 5359.0 221.21 223.72 223.78 223.65 223.68 203.0 223.73 71.0 5359.0 4114.0 1245.0 0.0 223.7255
13:47:00 96.0 4668.0 221.21 223.75 223.83 223.67 223.74 214.0 223.78 216.0 4668.0 3626.0 1042.0 0.0 223.7516
13:48:00 83.0 3799.0 221.21 223.745 223.75 223.58 223.71 107.0 223.75 245.0 3799.0 1575.0 2224.0 0.0 223.6751
13:49:00 176.0 5198.0 221.21 223.63 223.78 223.58 223.61 50.0 223.65 212.0 5198.0 3102.0 2096.0 0.0 223.7077
13:50:00 69.0 2525.0 221.21 223.63 223.67 223.6 223.6 20.0 223.64 150.0 2525.0 1627.0 898.0 0.0 223.6359
13:51:00 130.0 3246.0 221.21 223.62 223.65 223.52 223.61 530.0 223.64 68.0 3246.0 1363.0 1883.0 0.0 223.5881
13:52:00 147.0 3786.0 221.21 223.64 223.65 223.51 223.6 152.0 223.66 10.0 3786.0 2457.0 1329.0 0.0 223.5942
13:53:00 75.0 3560.0 221.21 223.72 223.72 223.56 223.69 20.0 223.73 107.0 3560.0 2273.0 1287.0 0.0 223.6491
13:54:00 161.0 7964.0 221.21 223.94 223.949 223.74 223.9 173.0 223.94 60.0 7964.0 7031.0 933.0 0.0 223.8694
13:55:00 370.0 15256.0 221.21 224.01 224.07 223.9 224.01 251.0 224.04 28.0 15256.0 12437.0 2819.0 0.0 223.9977
13:56:00 191.0 8828.0 221.21 224.1 224.1 223.98 224.07 103.0 224.1 317.0 8828.0 5222.0 3606.0 0.0 224.0385
13:57:00 134.0 5040.0 221.21 224.19 224.21 224.04 224.15 326.0 224.2 1269.0 5040.0 2872.0 2168.0 0.0 224.1015
13:58:00 220.0 8330.0 221.21 224.23 224.25 224.1 224.22 101.0 224.24 98.0 8330.0 5385.0 2945.0 0.0 224.1844
13:59:00 145.0 5676.0 221.21 224.21 224.29 224.17 224.19 20.0 224.23 423.0 5676.0 3018.0 2658.0 0.0 224.2316
14:00:00 56.0 2251.0 221.21 224.23 224.23 224.16 224.21 204.0 224.24 205.0 2251.0 1471.0 780.0 0.0 224.1934
14:01:00 229.0 8916.0 221.21 224.44 224.47 224.21 224.42 300.0 224.46 762.0 8916.0 7111.0 1805.0 0.0 224.3199
14:02:00 255.0 11337.0 221.21 224.61 224.67 224.45 224.6 200.0 224.65 216.0 11337.0 7669.0 3668.0 0.0 224.5623
14:03:00 314.0 11370.0 221.21 224.73 224.87 224.649 224.7 377.0 224.75 802.0 11370.0 8151.0 3219.0 0.0 224.776
14:04:00 198.0 9523.0 221.21 224.72 224.78 224.64 224.68 200.0 224.7 200.0 9523.0 5367.0 4156.0 0.0 224.7239
14:05:00 283.0 9615.0 221.21 224.67 224.82 224.64 224.63 150.0 224.69 122.0 9615.0 6559.0 3056.0 0.0 224.7252
14:06:00 126.0 4605.0 221.21 224.45 224.7 224.45 224.43 594.0 224.48 900.0 4605.0 2059.0 2546.0 0.0 224.5994
14:07:00 125.0 5345.0 221.21 224.42 224.53 224.32 224.4 303.0 224.46 250.0 5345.0 3938.0 1407.0 0.0 224.4429
14:08:00 73.0 3660.0 221.21 224.31 224.41 224.29 224.29 492.0 224.33 266.0 3660.0 2715.0 945.0 0.0 224.3476
14:09:00 134.0 5036.0 221.21 224.43 224.43 224.27 224.38 101.0 224.44 128.0 5036.0 3316.0 1720.0 0.0 224.3514
14:10:00 171.0 5975.0 221.21 224.24 224.45 224.18 224.21 569.0 224.29 286.0 5975.0 2672.0 3303.0 0.0 224.3316
14:11:00 123.0 6588.0 221.21 224.14 224.25 224.07 224.11 150.0 224.16 300.0 6588.0 2955.0 3633.0 0.0 224.1593
14:12:00 52.0 2294.0 221.21 224.11 224.17 224.09 224.11 281.0 224.13 286.0 2294.0 708.0 1586.0 0.0 224.1226
14:13:00 179.0 7636.0 221.21 224.12 224.3 224.09 224.1 243.0 224.15 200.0 7636.0 4735.0 2901.0 0.0 224.1818
14:14:00 85.0 3811.0 221.21 224.16 224.26 224.09 224.15 293.0 224.2 575.0 3811.0 1990.0 1821.0 0.0 224.1759
14:15:00 103.0 5322.0 221.21 224.26 224.28 224.18 224.24 200.0 224.29 137.0 5322.0 3022.0 2300.0 0.0 224.2284
14:16:00 146.0 6377.0 221.21 224.33 224.44 224.22 224.33 402.0 224.37 17.0 6377.0 2451.0 3926.0 0.0 224.3403
14:17:00 141.0 4997.0 221.21 224.31 224.53 224.31 224.3 200.0 224.34 51.0 4997.0 2382.0 2615.0 0.0 224.4392
14:18:00 190.0 6525.0 221.21 224.39 224.43 224.26 224.34 481.0 224.42 150.0 6525.0 3636.0 2889.0 0.0 224.3581
14:19:00 78.0 2830.0 221.21 224.43 224.47 224.34 224.33 100.0 224.41 201.0 2830.0 1615.0 1215.0 0.0 224.4042
14:20:00 44.0 1604.0 221.21 224.4 224.45 224.31 224.36 100.0 224.42 50.0 1604.0 1261.0 343.0 0.0 224.3827
14:21:00 62.0 2688.0 221.21 224.5 224.52 224.36 224.46 50.0 224.5 245.0 2688.0 2118.0 570.0 0.0 224.4336
14:22:00 36.0 1486.0 221.21 224.49 224.52 224.43 224.43 300.0 224.51 100.0 1486.0 1070.0 416.0 0.0 224.4643
14:23:00 94.0 2832.0 221.21 224.53 224.55 224.41 224.51 110.0 224.54 116.0 2832.0 1911.0 921.0 0.0 224.4781
14:24:00 57.0 1929.0 221.21 224.51 224.55 224.44 224.5 250.0 224.55 404.0 1929.0 1225.0 704.0 0.0 224.4912
14:25:00 60.0 2631.0 221.21 224.53 224.58 224.5 224.51 50.0 224.54 671.0 2631.0 2002.0 629.0 0.0 224.5408
14:26:00 119.0 5022.0 221.21 224.37 224.57 224.36 224.36 104.0 224.4 62.0 5022.0 1894.0 3128.0 0.0 224.4635
14:27:00 97.0 3010.0 221.21 224.29 224.41 224.26 224.27 203.0 224.3 210.0 3010.0 1351.0 1659.0 0.0 224.3429
14:28:00 118.0 3536.0 221.21 224.27 224.35 224.14 224.22 150.0 224.29 543.0 3536.0 2233.0 1303.0 0.0 224.2617
14:29:00 69.0 2062.0 221.21 224.16 224.31 224.11 224.13 100.0 224.16 15.0 2062.0 1152.0 910.0 0.0 224.1853
14:30:00 176.0 6683.0 221.21 223.95 224.18 223.9 223.92 151.0 223.96 10.0 6683.0 1981.0 4702.0 0.0 224.0331
14:31:00 118.0 4765.0 221.21 224.03 224.07 223.93 224.02 447.0 224.07 122.0 4765.0 3674.0 1091.0 0.0 224.0048
14:32:00 123.0 3757.0 221.21 224.0 224.2 224.0 223.98 1142.0 224.03 402.0 3757.0 1594.0 2163.0 0.0 224.0785
14:33:00 98.0 3976.0 221.21 224.15 224.16 223.96 224.13 155.0 224.18 250.0 3976.0 2320.0 1656.0 0.0 224.0856
14:34:00 168.0 4817.0 221.21 224.26 224.38 224.11 224.22 100.0 224.29 235.0 4817.0 3474.0 1343.0 0.0 224.2698
14:35:00 106.0 2928.0 221.21 224.48 224.49 224.28 224.44 1255.0 224.49 23.0 2928.0 1653.0 1275.0 0.0 224.3589
14:36:00 166.0 6115.0 221.21 224.52 224.69 224.4 224.5 5.0 224.55 462.0 6115.0 3481.0 2634.0 0.0 224.5394
14:37:00 88.0 2680.0 221.21 224.6 224.66 224.55 224.59 210.0 224.64 250.0 2680.0 1888.0 792.0 0.0 224.5905
14:38:00 89.0 2419.0 221.21 224.48 224.62 224.44 224.45 3.0 224.48 11.0 2419.0 1261.0 1158.0 0.0 224.5293
14:39:00 59.0 2475.0 221.21 224.5 224.52 224.42 224.46 2.0 224.53 124.0 2475.0 1475.0 1000.0 0.0 224.4745
14:40:00 96.0 3223.0 221.21 224.54 224.6 224.44 224.49 200.0 224.54 152.0 3223.0 1254.0 1969.0 0.0 224.5163
14:41:00 91.0 2609.0 221.21 224.34 224.49 224.27 224.3 223.0 224.35 304.0 2609.0 1647.0 962.0 0.0 224.3413
14:42:00 104.0 3710.0 221.21 224.38 224.45 224.29 224.33 456.0 224.4 151.0 3710.0 2419.0 1291.0 0.0 224.357
14:43:00 97.0 4166.0 221.21 224.31 224.43 224.29 224.27 202.0 224.34 150.0 4166.0 2083.0 2083.0 0.0 224.3688
14:44:00 43.0 1572.0 221.21 224.22 224.38 224.2 224.17 25.0 224.23 170.0 1572.0 763.0 809.0 0.0 224.3003
14:45:00 97.0 3754.0 221.21 223.97 224.2 223.96 223.93 200.0 223.99 200.0 3754.0 1387.0 2367.0 0.0 224.0723
14:46:00 95.0 3371.0 221.21 223.98 224.07 223.95 223.95 650.0 224.01 153.0 3371.0 1718.0 1653.0 0.0 223.9996
14:47:00 55.0 1483.0 221.21 224.18 224.27 224.0 224.11 193.0 224.18 300.0 1483.0 1061.0 422.0 0.0 224.1433
14:48:00 49.0 1639.0 221.21 224.22 224.3 224.13 224.18 93.0 224.24 351.0 1639.0 743.0 896.0 0.0 224.2204
14:49:00 86.0 2547.0 221.21 224.13 224.21 224.1 224.11 150.0 224.16 30.0 2547.0 1108.0 1439.0 0.0 224.1497
14:50:00 38.0 1241.0 221.21 224.18 224.22 224.13 224.17 30.0 224.22 176.0 1241.0 683.0 558.0 0.0 224.1684
14:51:00 71.0 3207.0 221.21 224.37 224.37 224.17 224.34 223.0 224.39 1.0 3207.0 2354.0 853.0 0.0 224.2678
14:52:00 74.0 3145.0 221.21 224.43 224.43 224.3 224.4 460.0 224.44 2.0 3145.0 1592.0 1553.0 0.0 224.3816
14:53:00 91.0 4288.0 221.21 224.49 224.49 224.34 224.44 452.0 224.49 23.0 4288.0 2518.0 1770.0 0.0 224.4133
14:54:00 213.0 7588.0 221.21 224.58 224.6 224.43 224.57 200.0 224.6 100.0 7588.0 3296.0 4292.0 0.0 224.5163
14:55:00 51.0 2497.0 221.21 224.43 224.57 224.42 224.42 151.0 224.46 345.0 2497.0 610.0 1887.0 0.0 224.5179
14:56:00 72.0 2446.0 221.21 224.47 224.53 224.44 224.46 50.0 224.49 237.0 2446.0 1677.0 769.0 0.0 224.4758
14:57:00 57.0 2746.0 221.21 224.38 224.49 224.38 224.36 157.0 224.4 559.0 2746.0 1237.0 1509.0 0.0 224.4315
14:58:00 72.0 2480.0 221.21 224.43 224.46 224.32 224.38 250.0 224.44 200.0 2480.0 1761.0 719.0 0.0 224.3877
14:59:00 73.0 3836.0 221.21 224.42 224.44 224.34 224.4 250.0 224.43 33.0 3836.0 2203.0 1633.0 0.0 224.3961
15:00:00 137.0 5148.0 221.21 224.2 224.46 224.18 224.15 100.0 224.21 364.0 5148.0 2215.0 2933.0 0.0 224.3438
15:01:00 141.0 5855.0 221.21 224.37 224.42 224.15 224.35 243.0 224.41 415.0 5855.0 3697.0 2158.0 0.0 224.2893
15:02:00 109.0 5908.0 221.21 224.55 224.55 224.29 224.52 591.0 224.56 10.0 5908.0 4727.0 1181.0 0.0 224.4645
15:03:00 166.0 6634.0 221.21 224.53 224.6 224.4 224.52 152.0 224.57 200.0 6634.0 3729.0 2905.0 0.0 224.5014
15:04:00 120.0 6168.0 221.21 224.71 224.71 224.51 224.68 100.0 224.71 106.0 6168.0 4979.0 1189.0 0.0 224.6142
15:05:00 84.0 3975.0 221.21 224.67 224.73 224.6 224.64 150.0 224.68 443.0 3975.0 2650.0 1325.0 0.0 224.6693
15:06:00 112.0 5032.0 221.21 224.64 224.74 224.62 224.62 250.0 224.66 600.0 5032.0 3637.0 1395.0 0.0 224.6894
15:07:00 109.0 5208.0 221.21 224.56 224.64 224.53 224.53 200.0 224.57 200.0 5208.0 3350.0 1858.0 0.0 224.5896
15:08:00 231.0 12851.0 221.21 224.46 224.6 224.41 224.4 443.0 224.46 400.0 12851.0 3148.0 9703.0 0.0 224.4804
15:09:00 189.0 7130.0 221.21 224.21 224.47 224.15 224.23 121.0 224.26 100.0 7130.0 3771.0 3359.0 0.0 224.2567
15:10:00 94.0 3878.0 221.21 224.14 224.32 224.1 224.1 200.0 224.16 18.0 3878.0 1902.0 1976.0 0.0 224.2082
15:11:00 107.0 4879.0 221.21 224.06 224.18 224.0 224.05 13.0 224.09 322.0 4879.0 2525.0 2354.0 0.0 224.0931
15:12:00 83.0 2672.0 221.21 224.19 224.29 224.1 224.18 50.0 224.24 450.0 2672.0 1260.0 1412.0 0.0 224.1894
15:13:00 133.0 5778.0 221.21 224.39 224.41 224.18 224.35 18.0 224.4 50.0 5778.0 4057.0 1721.0 0.0 224.2834
15:14:00 88.0 3057.0 221.21 224.42 224.57 224.38 224.41 103.0 224.44 150.0 3057.0 1503.0 1554.0 0.0 224.4652
15:15:00 87.0 3188.0 221.21 224.41 224.52 224.4 224.4 150.0 224.45 572.0 3188.0 1247.0 1941.0 0.0 224.4519
15:16:00 72.0 3438.0 221.21 224.57 224.57 224.38 224.52 200.0 224.57 510.0 3438.0 2301.0 1137.0 0.0 224.4438
15:17:00 161.0 9452.0 221.21 224.69 224.71 224.41 224.65 43.0 224.72 200.0 9452.0 7343.0 2109.0 0.0 224.5304
15:18:00 235.0 10280.0 221.21 224.74 224.8 224.63 224.69 1.0 224.73 50.0 10280.0 7120.0 3160.0 0.0 224.7317
15:19:00 115.0 6414.0 221.21 224.81 224.87 224.71 224.78 50.0 224.82 14.0 6414.0 4302.0 2112.0 0.0 224.791
15:20:00 103.0 4302.0 221.21 224.83 224.87 224.76 224.82 350.0 224.85 100.0 4302.0 1634.0 2668.0 0.0 224.8215
15:21:00 181.0 8227.0 221.21 224.93 224.93 224.81 224.89 150.0 224.93 100.0 8227.0 6039.0 2188.0 0.0 224.8804
15:22:00 583.0 25020.0 221.21 225.03 225.12 224.89 225.01 226.0 225.04 50.0 25020.0 22600.0 2420.0 0.0 225.0011
15:23:00 175.0 8791.0 221.21 225.17 225.21 225.04 225.15 600.0 225.18 912.0 8791.0 5961.0 2830.0 0.0 225.1563
15:24:00 167.0 6337.0 221.21 225.03 225.21 225.02 225.02 50.0 225.06 115.0 6337.0 3438.0 2899.0 0.0 225.1072
15:25:00 172.0 6726.0 221.21 225.12 225.14 225.05 225.11 200.0 225.14 58.0 6726.0 3858.0 2868.0 0.0 225.0961
15:26:00 297.0 19671.0 221.21 225.06 225.2 224.97 225.05 150.0 225.09 144.0 19671.0 5840.0 13831.0 0.0 225.0204
15:27:00 122.0 5599.0 221.21 225.105 225.18 225.08 225.08 125.0 225.11 50.0 5599.0 4933.0 666.0 0.0 225.132
15:28:00 115.0 4375.0 221.21 225.05 225.08 224.93 225.04 303.0 225.08 283.0 4375.0 2260.0 2115.0 0.0 225.0189
15:29:00 147.0 5212.0 221.21 224.72 225.08 224.7 224.7 25.0 224.72 37.0 5212.0 2093.0 3119.0 0.0 224.857
15:30:00 163.0 6202.0 221.21 224.8 224.89 224.7 224.8 376.0 224.85 311.0 6202.0 3613.0 2589.0 0.0 224.8073
15:31:00 216.0 7290.0 221.21 224.94 225.01 224.83 224.93 6.0 224.96 252.0 7290.0 3205.0 4085.0 0.0 224.9256
15:32:00 185.0 4550.0 221.21 224.96 225.0 224.86 224.95 306.0 224.99 1203.0 4550.0 2934.0 1616.0 0.0 224.9338
15:33:00 245.0 10205.0 221.21 225.0 225.13 224.93 224.98 20.0 225.02 182.0 10205.0 6562.0 3643.0 0.0 225.0258
15:34:00 140.0 5670.0 221.21 224.95 225.12 224.95 224.91 6.0 224.95 618.0 5670.0 2544.0 3126.0 0.0 225.0467
15:35:00 114.0 3812.0 221.21 224.95 225.05 224.89 224.93 324.0 224.97 206.0 3812.0 1946.0 1866.0 0.0 224.956
15:36:00 188.0 10462.0 221.21 225.01 225.01 224.91 224.98 50.0 225.01 400.0 10462.0 7677.0 2785.0 0.0 224.9587
15:37:00 273.0 16535.0 221.21 225.08 225.13 225.0 225.08 2.0 225.11 100.0 16535.0 13858.0 2677.0 0.0 225.0554
15:38:00 189.0 8680.0 221.21 225.22 225.23 225.07 225.21 3.0 225.24 283.0 8680.0 6384.0 2296.0 0.0 225.166
15:39:00 240.0 9869.0 221.21 225.26 225.36 225.16 225.24 4.0 225.27 248.0 9869.0 5288.0 4581.0 0.0 225.3021
15:40:00 176.0 4756.0 221.21 225.24 225.31 225.21 225.2 517.0 225.24 320.0 4756.0 3040.0 1716.0 0.0 225.2716
15:41:00 230.0 8034.0 221.21 225.31 225.34 225.18 225.29 250.0 225.34 220.0 8034.0 5862.0 2172.0 0.0 225.2523
15:42:00 236.0 9883.0 221.21 225.31 225.41 225.23 225.29 100.0 225.34 700.0 9883.0 6491.0 3392.0 0.0 225.3581
15:43:00 210.0 9723.0 221.21 225.35 225.41 225.28 225.34 202.0 225.37 416.0 9723.0 5888.0 3835.0 0.0 225.3426
15:44:00 248.0 11922.0 221.21 225.47 225.5 225.29 225.46 1.0 225.49 560.0 11922.0 7636.0 4286.0 0.0 225.4044
15:45:00 213.0 10554.0 221.21 225.37 225.5 225.36 225.35 33.0 225.36 1.0 10554.0 6973.0 3581.0 0.0 225.4433
15:46:00 494.0 31059.0 221.21 225.61 225.64 225.35 225.6 323.0 225.61 278.0 31059.0 21098.0 9961.0 0.0 225.5129
15:47:00 529.0 25236.0 221.21 225.51 225.61 225.47 225.51 26.0 225.53 182.0 25236.0 9506.0 15730.0 0.0 225.5243
15:48:00 520.0 17963.0 221.21 225.575 225.61 225.39 225.57 200.0 225.58 401.0 17963.0 9108.0 8855.0 0.0 225.512
15:49:00 513.0 21526.0 221.21 225.59 225.62 225.53 225.59 27.0 225.6 4.0 21526.0 12254.0 9272.0 0.0 225.5763
15:50:00 399.0 16634.0 221.21 225.5 225.63 225.39 225.48 50.0 225.5 89.0 16634.0 6982.0 9652.0 0.0 225.5058
15:51:00 1058.0 47394.0 221.21 225.69 225.84 225.5 225.67 458.0 225.69 57.0 47394.0 32077.0 15317.0 0.0 225.7008
15:52:00 518.0 20653.0 221.21 225.5 225.94 225.45 225.49 364.0 225.51 416.0 20653.0 12143.0 8510.0 0.0 225.7126
15:53:00 526.0 21205.0 221.21 225.75 225.75 225.47 225.75 156.0 225.78 150.0 21205.0 14723.0 6482.0 0.0 225.6081
15:54:00 337.0 15467.0 221.21 225.75 225.8 225.71 225.74 55.0 225.76 750.0 15467.0 7860.0 7607.0 0.0 225.745
15:55:00 401.0 14498.0 221.21 225.83 225.84 225.7 225.82 19.0 225.84 1106.0 14498.0 8633.0 5865.0 0.0 225.7666
15:56:00 830.0 30171.0 221.21 225.75 225.84 225.56 225.75 226.0 225.76 140.0 30171.0 16837.0 13334.0 0.0 225.7023
15:57:00 537.0 19916.0 221.21 225.95 225.95 225.72 225.95 301.0 225.96 247.0 19916.0 13869.0 6047.0 0.0 225.8574
15:58:00 1103.0 50319.0 221.21 226.16 226.17 225.93 226.16 382.0 226.17 476.0 50319.0 37437.0 12882.0 0.0 226.0318
15:59:00 737.0 30211.0 221.21 226.13 226.19 226.03 226.12 350.0 226.14 390.0 30211.0 15748.0 14463.0 0.0 226.1084
16:00:00 1260.0 65069.0 221.21 225.86 226.2 225.86 225.86 64.0 225.86 313.0 65069.0 25852.0 39217.0 0.0 226.0579
16:01:00 8.0 28.0 221.21 226.0 226.24 225.81 226.0 2.0 225.96 1333.0 28.0 25.0 3.0 0.0 226.2271
16:02:00 5.0 5.0 221.21 225.95 226.17 225.95 225.85 516.0 225.96 1333.0 5.0 3.0 2.0 0.0 225.972
16:03:00 7.0 1.0 221.21 225.93 226.17 225.85 226.01 500.0 225.96 1333.0 1.0 0.0 1.0 0.0 225.96
16:04:00 2.0 55.0 221.21 226.02 226.02 226.01 226.0 450.0 225.96 1333.0 55.0 0.0 55.0 0.0 226.0109
16:05:00 2.0 9.0 221.21 226.03 226.1 226.03 226.03 195.0 225.96 1333.0 9.0 4.0 5.0 0.0 226.0611
16:06:00 7.0 112.0 221.21 226.1 226.17 226.03 226.03 183.0 225.96 1333.0 112.0 100.0 12.0 0.0 226.1314
16:07:00 3.0 58.0 221.21 226.05 226.05 226.03 226.05 87.0 225.96 1333.0 58.0 0.0 58.0 0.0 226.0345
16:08:00 1.0 1.0 221.21 226.05 226.05 226.05 226.05 86.0 225.96 1333.0 1.0 0.0 1.0 0.0 226.05
16:09:00 6.0 81.0 221.21 226.09 226.1 226.05 226.05 30.0 225.96 1333.0 81.0 25.0 56.0 0.0 226.0586
16:10:00 5.0 170.0 221.21 226.05 226.05 226.05 226.04 100.0 225.96 1333.0 170.0 2.0 168.0 0.0 226.05
16:11:00 36.0 1407.0 221.21 226.2 226.25 226.05 226.14 893.0 225.96 1333.0 1407.0 1171.0 236.0 0.0 226.1476
16:12:00 3.0 22.0 221.21 226.2 226.2 226.2 226.1 30.0 225.96 1333.0 22.0 16.0 6.0 0.0 226.2
16:13:00 14.0 1023.0 221.21 226.26 226.27 226.1 226.27 25.0 225.96 1333.0 1023.0 208.0 815.0 0.0 226.2431
16:14:00 18.0 148.0 221.21 226.1 226.37 226.09 226.02 409.0 225.96 1333.0 148.0 35.0 113.0 0.0 226.2803
16:15:00 6.0 31.0 221.21 226.25 226.25 226.05 226.1 1000.0 225.96 1333.0 31.0 31.0 0.0 0.0 226.1532
16:16:00 6.0 50.0 221.21 226.29 226.29 226.25 226.2 100.0 225.96 1333.0 50.0 50.0 0.0 0.0 226.277
16:17:00 17.0 445.0 221.21 226.18 226.2 226.18 226.18 555.0 225.96 1333.0 445.0 0.0 445.0 0.0 226.189
16:18:00 1.0 31.0 221.21 226.18 226.18 226.18 226.18 524.0 225.96 1333.0 31.0 0.0 31.0 0.0 226.18
16:19:00 4.0 41.0 221.21 226.29 226.29 226.18 226.19 5.0 225.96 1333.0 41.0 10.0 31.0 0.0 226.2024
16:20:00 3.0 5.0 221.21 226.06 226.24 226.06 226.05 250.0 225.96 1333.0 5.0 0.0 5.0 0.0 226.23
16:21:00 0.0 0.0 221.21 226.06 nan nan 226.05 250.0 225.96 1333.0 nan 0.0 0.0 0.0 nan
16:22:00 1.0 5.0 221.21 226.18 226.18 226.18 226.05 250.0 225.96 1333.0 5.0 0.0 5.0 0.0 226.18
16:23:00 2.0 10.0 221.21 226.1 226.1 226.06 226.05 250.0 225.96 1333.0 10.0 10.0 0.0 0.0 226.1
16:24:00 2.0 1.0 221.21 226.11 226.15 226.11 226.1 100.0 225.96 1333.0 1.0 1.0 0.0 0.0 226.15
16:25:00 0.0 0.0 221.21 226.11 nan nan 226.1 100.0 225.96 1333.0 nan 0.0 0.0 0.0 nan
16:26:00 6.0 183.0 221.21 226.2 226.21 226.2 226.2 238.0 225.96 1333.0 183.0 12.0 171.0 0.0 226.2
16:27:00 0.0 0.0 221.21 226.2 nan nan 226.2 238.0 225.96 1333.0 nan 0.0 0.0 0.0 nan
16:28:00 5.0 48.0 221.21 226.2 226.2 226.2 226.2 94.0 225.96 1333.0 48.0 4.0 44.0 0.0 226.2
16:29:00 2.0 10.0 221.21 226.24 226.26 226.24 226.2 94.0 225.96 1333.0 10.0 10.0 0.0 0.0 226.258
16:30:00 0.0 0.0 221.21 226.24 nan nan 226.2 94.0 225.96 1333.0 nan 0.0 0.0 0.0 nan
16:31:00 3.0 94.0 221.21 226.2 226.2 226.2 226.1 100.0 225.96 1333.0 94.0 0.0 94.0 0.0 226.2
16:32:00 1.0 1.0 221.21 226.2 226.2 226.2 226.2 90.0 225.96 1333.0 1.0 0.0 1.0 0.0 226.2
16:33:00 1.0 1.0 221.21 226.23 226.23 226.23 226.2 80.0 225.96 1333.0 1.0 1.0 0.0 0.0 226.23
16:34:00 0.0 0.0 221.21 226.23 nan nan 226.2 80.0 225.96 1333.0 nan 0.0 0.0 0.0 nan
16:35:00 0.0 0.0 221.21 226.23 nan nan 226.2 80.0 225.96 1333.0 nan 0.0 0.0 0.0 nan
16:36:00 0.0 0.0 221.21 226.23 nan nan 226.2 1.0 225.96 1333.0 nan 0.0 0.0 0.0 nan
16:37:00 2.0 20.0 221.21 226.2 226.2 226.2 226.19 30.0 225.96 1333.0 20.0 19.0 1.0 0.0 226.2
16:38:00 7.0 56.0 221.21 226.24 226.25 226.2 226.25 280.0 225.96 1333.0 56.0 56.0 0.0 0.0 226.2252
16:39:00 3.0 15.0 221.21 226.26 226.26 226.25 226.25 429.0 225.96 1333.0 15.0 14.0 1.0 0.0 226.2593
16:40:00 10.0 276.0 221.21 226.19 226.25 226.19 226.2 30.0 225.96 1333.0 276.0 0.0 276.0 0.0 226.2409
16:41:00 15.0 485.0 221.21 226.02 226.2 226.02 226.02 101.0 225.96 1333.0 485.0 0.0 485.0 0.0 226.0535
16:42:00 1.0 5.0 221.21 226.26 226.26 226.26 226.02 101.0 225.96 1333.0 5.0 5.0 0.0 0.0 226.26
16:43:00 4.0 20.0 221.21 226.25 226.25 226.13 226.05 30.0 225.96 1333.0 20.0 20.0 0.0 0.0 226.13
16:44:00 2.0 0.0 221.21 226.06 226.06 226.06 226.05 30.0 225.96 1333.0 nan 0.0 0.0 0.0 nan
16:45:00 4.0 0.0 221.21 226.22 226.22 226.06 226.1 14.0 225.96 1333.0 nan 0.0 0.0 0.0 nan
16:46:00 5.0 73.0 221.21 226.15 226.15 226.1 226.15 936.0 225.96 1333.0 73.0 0.0 73.0 0.0 226.1445
16:47:00 3.0 3.0 221.21 226.2 226.2 226.15 226.2 99.0 225.96 1333.0 3.0 0.0 3.0 0.0 226.1833
16:48:00 5.0 117.0 221.21 226.2 226.2 226.16 226.2 4.0 225.96 1333.0 117.0 15.0 102.0 0.0 226.1993
16:49:00 1.0 1.0 221.21 226.24 226.24 226.24 226.2 4.0 225.96 1333.0 1.0 1.0 0.0 0.0 226.24
16:50:00 5.0 176.0 221.21 226.16 226.23 226.16 226.15 959.0 225.96 1333.0 176.0 24.0 152.0 0.0 226.1705
16:51:00 2.0 621.0 221.21 226.15 226.16 226.15 226.15 363.0 225.96 1333.0 621.0 0.0 621.0 0.0 226.1504
16:52:00 0.0 0.0 221.21 226.15 nan nan 226.15 363.0 225.96 1333.0 nan 0.0 0.0 0.0 nan
16:53:00 11.0 305.0 221.21 226.22 226.22 226.15 226.15 359.0 225.96 1333.0 305.0 150.0 155.0 0.0 226.1959
16:54:00 5.0 117.0 221.21 226.23 226.23 226.15 226.23 500.0 225.96 1333.0 117.0 111.0 6.0 0.0 226.2241
16:55:00 7.0 339.0 221.21 226.2 226.25 226.2 226.2 66.0 225.96 1333.0 339.0 336.0 3.0 0.0 226.2406
16:56:00 14.0 1558.0 221.21 226.29 226.29 226.25 226.26 2.0 225.96 1333.0 1558.0 1558.0 0.0 0.0 226.2502
16:57:00 11.0 205.0 221.21 226.22 226.3 226.22 226.2 24.0 225.96 1333.0 205.0 164.0 41.0 0.0 226.2468
16:58:00 2.0 2.0 221.21 226.19 226.2 226.19 226.16 10.0 225.96 1333.0 2.0 2.0 0.0 0.0 226.2
16:59:00 0.0 0.0 221.21 226.19 nan nan 226.16 10.0 225.96 1333.0 nan 0.0 0.0 0.0 nan
17:00:00 5.0 110.0 221.21 226.2 226.2 226.16 226.16 4.0 225.96 1333.0 110.0 104.0 6.0 0.0 226.1978
