time trade_count trade_volume trade_first trade_last trade_high trade_low bid_price bid_size ask_price ask_size hid_vol buy_vol sell_vol unsided_vol vwap
09:00:00 nan 392.0 61.49 61.48 61.5 61.48 61.35 1837.0 61.52 642.0 392.0 300.0 92.0 0.0 61.5
09:01:00 3.0 1.0 61.49 61.44 61.5 61.44 61.35 1853.0 61.5 5.0 1.0 1.0 0.0 0.0 61.5
09:02:00 0.0 0.0 61.49 61.44 nan nan 61.35 1853.0 61.5 5.0 nan 0.0 0.0 0.0 nan
09:03:00 0.0 0.0 61.49 61.44 nan nan 61.35 1853.0 61.5 5.0 nan 0.0 0.0 0.0 nan
09:04:00 0.0 0.0 61.49 61.44 nan nan 61.35 1853.0 61.5 5.0 nan 0.0 0.0 0.0 nan
09:05:00 4.0 50.0 61.49 61.46 61.48 61.46 61.4 100.0 61.5 5.0 50.0 0.0 50.0 0.0 61.46
09:06:00 0.0 0.0 61.49 61.46 nan nan 61.4 100.0 61.5 5.0 nan 0.0 0.0 0.0 nan
09:07:00 0.0 0.0 61.49 61.46 nan nan 61.4 100.0 61.5 5.0 nan 0.0 0.0 0.0 nan
09:08:00 1.0 7.0 61.49 61.45 61.45 61.45 61.4 100.0 61.5 5.0 7.0 0.0 7.0 0.0 61.45
09:09:00 1.0 40.0 61.49 61.47 61.47 61.47 61.4 100.0 61.5 5.0 40.0 0.0 40.0 0.0 61.47
09:10:00 2.0 100.0 61.49 61.4 61.4 61.4 61.4 154.0 61.5 5.0 100.0 0.0 100.0 0.0 61.4
09:11:00 5.0 2.0 61.49 61.49 61.51 61.49 61.4 154.0 61.51 119.0 2.0 2.0 0.0 0.0 61.5
09:12:00 0.0 0.0 61.49 61.49 nan nan 61.4 154.0 61.51 119.0 nan 0.0 0.0 0.0 nan
09:13:00 0.0 0.0 61.49 61.49 nan nan 61.41 793.0 61.51 275.0 nan 0.0 0.0 0.0 nan
09:14:00 3.0 60.0 61.49 61.47 61.5 61.47 61.41 793.0 61.49 160.0 60.0 0.0 60.0 0.0 61.47
09:15:00 8.0 928.0 61.49 61.4 61.44 61.4 61.36 19.0 61.49 265.0 928.0 0.0 928.0 0.0 61.4101
09:16:00 5.0 210.0 61.49 61.35 61.45 61.35 61.35 1719.0 61.49 265.0 210.0 0.0 210.0 0.0 61.3555
09:17:00 1.0 0.0 61.49 61.43 61.43 61.43 61.35 1719.0 61.49 265.0 nan 0.0 0.0 0.0 nan
09:18:00 9.0 1719.0 61.49 61.35 61.35 61.35 61.2 1560.0 61.48 729.0 1719.0 0.0 1719.0 0.0 61.35
09:19:00 6.0 250.0 61.49 61.29 61.38 61.29 61.2 560.0 61.29 436.0 250.0 250.0 0.0 0.0 61.29
09:20:00 7.0 1530.0 61.49 61.29 61.3 61.24 61.2 560.0 61.35 300.0 1530.0 436.0 1094.0 0.0 61.289
09:21:00 9.0 560.0 61.49 61.06 61.23 61.06 61.1 1.0 61.27 300.0 560.0 0.0 560.0 0.0 61.2
09:22:00 8.0 121.0 61.49 61.1 61.1 61.05 61.01 2.0 61.27 105.0 121.0 0.0 121.0 0.0 61.057
09:23:00 27.0 1621.0 61.49 61.14 61.18 60.95 60.95 235.0 61.14 268.0 1621.0 199.0 1422.0 0.0 60.969
09:24:00 18.0 435.0 61.49 60.95 61.14 60.95 60.85 60.0 61.14 68.0 435.0 150.0 285.0 0.0 61.0259
09:25:00 0.0 0.0 61.49 60.95 nan nan 60.9 13.0 61.14 204.0 nan 0.0 0.0 0.0 nan
09:26:00 0.0 0.0 61.49 60.95 nan nan 60.9 13.0 61.14 304.0 nan 0.0 0.0 0.0 nan
09:27:00 9.0 1473.0 61.49 60.85 61.03 60.85 60.78 50.0 60.89 266.0 1473.0 0.0 1473.0 0.0 60.8749
09:28:00 10.0 100.0 61.49 60.82 60.9 60.82 60.78 50.0 61.27 205.0 100.0 100.0 0.0 0.0 60.9
09:29:00 1.0 100.0 61.49 60.85 60.85 60.85 60.85 675.0 61.27 205.0 100.0 100.0 0.0 0.0 60.85
09:30:00 0.0 0.0 61.49 60.85 nan nan 60.78 290.0 61.4 21.0 nan 0.0 0.0 0.0 nan
09:31:00 296.0 19282.0 61.49 61.06 61.93 61.06 61.03 100.0 61.24 50.0 19282.0 10982.0 8300.0 0.0 61.5989
09:32:00 178.0 9375.0 61.49 61.205 61.26 60.9 61.15 45.0 61.27 925.0 9375.0 5781.0 3594.0 0.0 61.073
09:33:00 120.0 6265.0 61.49 61.18 61.3 61.1 61.19 25.0 61.3 1.0 6265.0 1779.0 4486.0 0.0 61.2146
09:34:00 163.0 10743.0 61.49 61.0 61.21 60.86 60.96 25.0 61.07 100.0 10743.0 3256.0 7487.0 0.0 61.0067
09:35:00 202.0 17900.0 61.49 61.07 61.07 60.71 60.98 50.0 61.08 26.0 17900.0 4910.0 12990.0 0.0 60.8346
09:36:00 150.0 6286.0 61.49 61.0 61.23 60.95 60.96 597.0 61.06 225.0 6286.0 2572.0 3714.0 0.0 61.0744
09:37:00 150.0 5868.0 61.49 60.97 61.12 60.81 60.93 50.0 61.04 25.0 5868.0 2154.0 3714.0 0.0 60.9731
09:38:00 147.0 13928.0 61.49 61.23 61.23 60.87 61.18 777.0 61.25 172.0 13928.0 10465.0 3463.0 0.0 61.097
09:39:00 98.0 8851.0 61.49 61.03 61.32 61.03 61.0 20.0 61.06 462.0 8851.0 1200.0 7651.0 0.0 61.2135
09:40:00 140.0 7907.0 61.49 60.85 61.05 60.7 60.77 775.0 60.86 200.0 7907.0 2869.0 5038.0 0.0 60.8807
09:41:00 178.0 8988.0 61.49 60.77 60.84 60.62 60.72 700.0 60.78 25.0 8988.0 3430.0 5558.0 0.0 60.741
09:42:00 146.0 12881.0 61.49 60.71 60.88 60.6 60.7 305.0 60.77 150.0 12881.0 5831.0 7050.0 0.0 60.6934
09:43:00 234.0 29964.0 61.49 60.62 60.9 60.55 60.57 50.0 60.63 200.0 29964.0 11306.0 18658.0 0.0 60.6651
09:44:00 249.0 22337.0 61.49 60.62 60.7 60.44 60.59 250.0 60.66 250.0 22337.0 4355.0 17982.0 0.0 60.5683
09:45:00 163.0 18457.0 61.49 60.83 60.89 60.55 60.78 100.0 60.85 97.0 18457.0 12973.0 5484.0 0.0 60.7786
09:46:00 128.0 6687.0 61.49 60.72 60.85 60.71 60.72 25.0 60.79 25.0 6687.0 2941.0 3746.0 0.0 60.7811
09:47:00 130.0 7667.0 61.49 61.05 61.1 60.77 61.04 755.0 61.14 25.0 7667.0 6391.0 1276.0 0.0 60.942
09:48:00 143.0 8552.0 61.49 60.71 61.04 60.6 60.72 5.0 60.78 275.0 8552.0 1448.0 7104.0 0.0 60.8228
09:49:00 138.0 10269.0 61.49 60.68 60.82 60.55 60.69 210.0 60.75 425.0 10269.0 3437.0 6832.0 0.0 60.6898
09:50:00 132.0 6065.0 61.49 60.4 60.7 60.4 60.38 101.0 60.46 300.0 6065.0 1159.0 4906.0 0.0 60.5849
09:51:00 163.0 10084.0 61.49 60.23 60.43 60.23 60.22 19.0 60.25 125.0 10084.0 3428.0 6656.0 0.0 60.2991
09:52:00 85.0 3951.0 61.49 60.43 60.43 60.18 60.35 27.0 60.46 25.0 3951.0 2015.0 1936.0 0.0 60.2673
09:53:00 131.0 6621.0 61.49 60.16 60.56 60.1 60.13 175.0 60.2 50.0 6621.0 1868.0 4753.0 0.0 60.2749
09:54:00 64.0 2627.0 61.49 60.29 60.42 60.185 60.24 200.0 60.3 25.0 2627.0 630.0 1997.0 0.0 60.3293
09:55:00 128.0 6691.0 61.49 60.33 60.35 60.17 60.32 100.0 60.36 100.0 6691.0 3275.0 3416.0 0.0 60.2796
09:56:00 91.0 4402.0 61.49 60.53 60.56 60.32 60.51 539.0 60.57 395.0 4402.0 2677.0 1725.0 0.0 60.3942
09:57:00 109.0 4931.0 61.49 60.43 60.51 60.31 60.38 100.0 60.43 125.0 4931.0 1279.0 3652.0 0.0 60.4245
09:58:00 151.0 10997.0 61.49 60.28 60.52 60.19 60.25 100.0 60.28 250.0 10997.0 1553.0 9444.0 0.0 60.3116
09:59:00 130.0 7533.0 61.49 60.4 60.43 60.23 60.36 152.0 60.41 300.0 7533.0 3404.0 4129.0 0.0 60.3457
10:00:00 68.0 5004.0 61.49 60.42 60.45 60.29 60.42 100.0 60.48 200.0 5004.0 3712.0 1292.0 0.0 60.4035
10:01:00 119.0 5302.0 61.49 60.41 60.45 60.2 60.4 718.0 60.49 253.0 5302.0 2237.0 3065.0 0.0 60.3424
10:02:00 105.0 10318.0 61.49 60.29 60.55 60.29 60.27 50.0 60.33 300.0 10318.0 7747.0 2571.0 0.0 60.4893
10:03:00 74.0 3540.0 61.49 60.38 60.45 60.3 60.33 250.0 60.39 100.0 3540.0 1462.0 2078.0 0.0 60.3718
10:04:00 137.0 12699.0 61.49 60.485 60.5 60.19 60.47 347.0 60.5 1455.0 12699.0 6348.0 6351.0 0.0 60.3668
10:05:00 103.0 6585.0 61.49 60.46 60.55 60.4 60.42 150.0 60.46 197.0 6585.0 3499.0 3086.0 0.0 60.491
10:06:00 175.0 4863.0 61.49 60.56 60.56 60.36 60.52 150.0 60.57 317.0 4863.0 2865.0 1998.0 0.0 60.4228
10:07:00 81.0 3514.0 61.49 60.45 60.57 60.42 60.44 600.0 60.49 350.0 3514.0 482.0 3032.0 0.0 60.4965
10:08:00 124.0 7078.0 61.49 60.39 60.57 60.37 60.38 225.0 60.43 200.0 7078.0 2478.0 4600.0 0.0 60.4882
10:09:00 200.0 18313.0 61.49 60.19 60.38 60.05 60.13 300.0 60.2 250.0 18313.0 1935.0 16378.0 0.0 60.175
10:10:00 159.0 11801.0 61.49 60.12 60.2 59.98 60.11 100.0 60.14 50.0 11801.0 1727.0 10074.0 0.0 60.0568
10:11:00 350.0 15666.0 61.49 59.8 60.15 59.8 59.78 390.0 59.84 150.0 15666.0 4842.0 10824.0 0.0 59.9439
10:12:00 498.0 45520.0 61.49 59.67 59.85 59.55 59.65 30.0 59.69 300.0 45520.0 30614.0 14906.0 0.0 59.7087
10:13:00 198.0 31219.0 61.49 60.03 60.19 59.68 60.0 100.0 60.06 450.0 31219.0 27741.0 3478.0 0.0 59.8023
10:14:00 76.0 5606.0 61.49 60.13 60.13 59.98 60.11 503.0 60.14 123.0 5606.0 3505.0 2101.0 0.0 60.0359
10:15:00 109.0 12521.0 61.49 60.265 60.3 60.11 60.27 50.0 60.29 207.0 12521.0 11228.0 1293.0 0.0 60.171
10:16:00 98.0 3495.0 61.49 60.17 60.27 60.04 60.13 200.0 60.18 100.0 3495.0 1020.0 2475.0 0.0 60.1805
10:17:00 67.0 3984.0 61.49 60.1 60.13 59.97 60.07 150.0 60.13 450.0 3984.0 2167.0 1817.0 0.0 60.0774
10:18:00 98.0 6247.0 61.49 59.93 60.09 59.92 59.89 150.0 59.94 268.0 6247.0 1438.0 4809.0 0.0 59.9824
10:19:00 80.0 3904.0 61.49 59.94 59.94 59.82 59.93 500.0 59.98 109.0 3904.0 1974.0 1930.0 0.0 59.8882
10:20:00 118.0 11346.0 61.49 59.99 60.04 59.93 59.95 2.0 59.98 40.0 11346.0 6767.0 4579.0 0.0 59.986
10:21:00 118.0 8101.0 61.49 59.82 59.99 59.79 59.82 73.0 59.88 250.0 8101.0 3573.0 4528.0 0.0 59.9082
10:22:00 59.0 4052.0 61.49 59.79 59.94 59.68 59.75 50.0 59.8 250.0 4052.0 948.0 3104.0 0.0 59.7795
10:23:00 39.0 1692.0 61.49 59.75 59.89 59.75 59.71 526.0 59.79 250.0 1692.0 330.0 1362.0 0.0 59.826
10:24:00 112.0 6311.0 61.49 59.75 59.85 59.75 59.74 115.0 59.8 106.0 6311.0 3203.0 3108.0 0.0 59.8193
10:25:00 68.0 5282.0 61.49 59.62 59.77 59.62 59.6 1650.0 59.66 201.0 5282.0 300.0 4982.0 0.0 59.6763
10:26:00 90.0 12722.0 61.49 59.62 59.64 59.52 59.58 601.0 59.63 2351.0 12722.0 3294.0 9428.0 0.0 59.5993
10:27:00 146.0 13127.0 61.49 59.62 59.63 59.46 59.6 200.0 59.63 1.0 13127.0 6141.0 6986.0 0.0 59.563
10:28:00 82.0 5748.0 61.49 59.49 59.61 59.46 59.46 4.0 59.49 50.0 5748.0 2628.0 3120.0 0.0 59.5183
10:29:00 118.0 8050.0 61.49 59.56 59.58 59.46 59.53 350.0 59.58 609.0 8050.0 4567.0 3483.0 0.0 59.5217
10:30:00 174.0 24808.0 61.49 59.46 59.59 59.45 59.44 300.0 59.49 50.0 24808.0 4010.0 20798.0 0.0 59.5053
10:31:00 121.0 7932.0 61.49 59.46 59.61 59.46 59.45 1500.0 59.48 10.0 7932.0 4392.0 3540.0 0.0 59.5395
10:32:00 108.0 7729.0 61.49 59.32 59.47 59.32 59.32 200.0 59.36 150.0 7729.0 1227.0 6502.0 0.0 59.412
10:33:00 136.0 8131.0 61.49 59.25 59.37 59.25 59.22 1111.0 59.25 400.0 8131.0 4433.0 3698.0 0.0 59.32
10:34:00 75.0 3661.0 61.49 59.26 59.35 59.22 59.26 283.0 59.29 100.0 3661.0 2391.0 1270.0 0.0 59.2892
10:35:00 116.0 6709.0 61.49 59.19 59.32 59.19 59.17 202.0 59.22 500.0 6709.0 2743.0 3966.0 0.0 59.2636
10:36:00 83.0 9913.0 61.49 59.28 59.31 59.195 59.27 419.0 59.3 51.0 9913.0 6163.0 3750.0 0.0 59.28
10:37:00 129.0 9669.0 61.49 59.18 59.28 59.1 59.17 50.0 59.19 630.0 9669.0 2517.0 7152.0 0.0 59.1832
10:38:00 154.0 12783.0 61.49 59.37 59.37 59.16 59.34 50.0 59.38 700.0 12783.0 11464.0 1319.0 0.0 59.266
10:39:00 139.0 8317.0 61.49 59.29 59.41 59.26 59.26 403.0 59.31 1080.0 8317.0 3539.0 4778.0 0.0 59.3367
10:40:00 104.0 6853.0 61.49 59.22 59.31 59.12 59.19 450.0 59.23 700.0 6853.0 3079.0 3774.0 0.0 59.2014
10:41:00 130.0 10011.0 61.49 59.07 59.2 59.02 59.06 378.0 59.1 500.0 10011.0 4591.0 5420.0 0.0 59.0722
10:42:00 206.0 23213.0 61.49 59.03 59.11 58.91 59.03 400.0 59.06 700.0 23213.0 6470.0 16743.0 0.0 58.9923
10:43:00 160.0 13855.0 61.49 59.08 59.13 59.05 59.06 8055.0 59.08 1150.0 13855.0 7461.0 6394.0 0.0 59.0859
10:44:00 232.0 42020.0 61.49 59.2 59.2 59.03 59.19 300.0 59.22 2500.0 42020.0 30358.0 11662.0 0.0 59.103
10:45:00 92.0 6432.0 61.49 59.22 59.28 59.17 59.2 250.0 59.23 1103.0 6432.0 4313.0 2119.0 0.0 59.2265
10:46:00 96.0 7216.0 61.49 59.04 59.2 59.04 59.02 1.0 59.06 402.0 7216.0 3066.0 4150.0 0.0 59.1288
10:47:00 104.0 7053.0 61.49 59.04 59.06 58.97 59.03 425.0 59.06 1.0 7053.0 4783.0 2270.0 0.0 59.0129
10:48:00 55.0 2987.0 61.49 58.95 59.07 58.93 58.93 800.0 58.97 900.0 2987.0 310.0 2677.0 0.0 59.0187
10:49:00 107.0 7066.0 61.49 58.97 58.975 58.88 58.95 650.0 58.99 300.0 7066.0 2199.0 4867.0 0.0 58.9248
10:50:00 44.0 3001.0 61.49 59.01 59.04 58.97 58.99 600.0 59.02 651.0 3001.0 981.0 2020.0 0.0 59.0132
10:51:00 134.0 9743.0 61.49 59.22 59.24 58.98 59.21 119.0 59.24 100.0 9743.0 6430.0 3313.0 0.0 59.0676
10:52:00 164.0 14482.0 61.49 59.45 59.46 59.21 59.42 310.0 59.45 450.0 14482.0 12281.0 2201.0 0.0 59.3354
10:53:00 171.0 17279.0 61.49 59.43 59.52 59.39 59.4 20.0 59.44 401.0 17279.0 12844.0 4435.0 0.0 59.4821
10:54:00 116.0 6256.0 61.49 59.52 59.535 59.4 59.5 350.0 59.53 51.0 6256.0 3068.0 3188.0 0.0 59.485
10:55:00 173.0 10603.0 61.49 59.57 59.618 59.38 59.55 400.0 59.59 1650.0 10603.0 6603.0 4000.0 0.0 59.4986
10:56:00 204.0 20551.0 61.49 59.52 59.565 59.38 59.5 626.0 59.54 2652.0 20551.0 11094.0 9457.0 0.0 59.5054
10:57:00 69.0 7111.0 61.49 59.52 59.54 59.5 59.5 800.0 59.52 600.0 7111.0 3582.0 3529.0 0.0 59.524
10:58:00 78.0 9849.0 61.49 59.5 59.55 59.48 59.48 400.0 59.5 1200.0 9849.0 6494.0 3355.0 0.0 59.5333
10:59:00 116.0 7252.0 61.49 59.51 59.54 59.47 59.5 468.0 59.53 550.0 7252.0 4019.0 3233.0 0.0 59.5047
11:00:00 181.0 26596.0 61.49 59.58 59.67 59.44 59.57 300.0 59.6 300.0 26596.0 20930.0 5666.0 0.0 59.5528
11:01:00 212.0 25824.0 61.49 59.67 59.77 59.56 59.67 50.0 59.7 700.0 25824.0 19835.0 5989.0 0.0 59.6904
11:02:00 86.0 6291.0 61.49 59.66 59.76 59.66 59.65 10.0 59.69 302.0 6291.0 3885.0 2406.0 0.0 59.7231
11:03:00 94.0 5984.0 61.49 59.57 59.65 59.55 59.56 150.0 59.61 150.0 5984.0 3239.0 2745.0 0.0 59.5978
11:04:00 77.0 4376.0 61.49 59.63 59.63 59.45 59.61 170.0 59.64 3.0 4376.0 2215.0 2161.0 0.0 59.548
11:05:00 70.0 3126.0 61.49 59.58 59.625 59.47 59.57 104.0 59.59 100.0 3126.0 824.0 2302.0 0.0 59.5387
11:06:00 55.0 2253.0 61.49 59.68 59.69 59.55 59.67 315.0 59.7 150.0 2253.0 972.0 1281.0 0.0 59.6301
11:07:00 83.0 3734.0 61.49 59.75 59.765 59.65 59.73 1052.0 59.78 300.0 3734.0 1864.0 1870.0 0.0 59.7183
11:08:00 119.0 7268.0 61.49 59.56 59.82 59.56 59.53 306.0 59.58 150.0 7268.0 1595.0 5673.0 0.0 59.695
11:09:00 90.0 2878.0 61.49 59.67 59.68 59.6 59.66 210.0 59.71 390.0 2878.0 1837.0 1041.0 0.0 59.6379
11:10:00 54.0 2107.0 61.49 59.67 59.77 59.66 59.66 1059.0 59.71 280.0 2107.0 1090.0 1017.0 0.0 59.7343
11:11:00 65.0 2943.0 61.49 59.68 59.72 59.66 59.69 100.0 59.72 107.0 2943.0 973.0 1970.0 0.0 59.6829
11:12:00 88.0 6565.0 61.49 59.74 59.75 59.69 59.72 2.0 59.74 1.0 6565.0 4974.0 1591.0 0.0 59.7339
11:13:00 85.0 3036.0 61.49 59.62 59.73 59.57 59.62 300.0 59.64 150.0 3036.0 812.0 2224.0 0.0 59.6314
11:14:00 64.0 3444.0 61.49 59.51 59.63 59.51 59.52 50.0 59.55 183.0 3444.0 1253.0 2191.0 0.0 59.5533
11:15:00 58.0 2482.0 61.49 59.58 59.59 59.47 59.57 50.0 59.6 1.0 2482.0 907.0 1575.0 0.0 59.5345
11:16:00 89.0 6603.0 61.49 59.79 59.84 59.6 59.77 300.0 59.81 300.0 6603.0 4243.0 2360.0 0.0 59.7387
11:17:00 54.0 2795.0 61.49 59.515 59.78 59.515 59.49 250.0 59.53 300.0 2795.0 11.0 2784.0 0.0 59.6653
11:18:00 96.0 5496.0 61.49 59.55 59.69 59.51 59.51 150.0 59.56 50.0 5496.0 2562.0 2934.0 0.0 59.6191
11:19:00 135.0 8790.0 61.49 59.35 59.525 59.34 59.33 240.0 59.36 100.0 8790.0 1147.0 7643.0 0.0 59.3883
11:20:00 55.0 2782.0 61.49 59.375 59.4 59.25 59.34 50.0 59.39 10.0 2782.0 1353.0 1429.0 0.0 59.3365
11:21:00 53.0 3287.0 61.49 59.52 59.55 59.41 59.5 350.0 59.54 51.0 3287.0 1398.0 1889.0 0.0 59.5162
11:22:00 54.0 3555.0 61.49 59.41 59.52 59.4 59.37 201.0 59.41 63.0 3555.0 453.0 3102.0 0.0 59.4207
11:23:00 33.0 1137.0 61.49 59.36 59.43 59.36 59.35 550.0 59.4 516.0 1137.0 302.0 835.0 0.0 59.407
11:24:00 67.0 3970.0 61.49 59.24 59.4 59.21 59.24 350.0 59.27 182.0 3970.0 1370.0 2600.0 0.0 59.3017
11:25:00 49.0 5557.0 61.49 59.25 59.28 59.22 59.22 201.0 59.27 186.0 5557.0 785.0 4772.0 0.0 59.2339
11:26:00 95.0 3183.0 61.49 59.32 59.33 59.23 59.31 101.0 59.35 3100.0 3183.0 1371.0 1812.0 0.0 59.2921
11:27:00 79.0 6145.0 61.49 59.35 59.46 59.29 59.35 380.0 59.38 200.0 6145.0 4460.0 1685.0 0.0 59.3721
11:28:00 57.0 3446.0 61.49 59.5 59.54 59.35 59.51 654.0 59.55 160.0 3446.0 2588.0 858.0 0.0 59.4147
11:29:00 54.0 2671.0 61.49 59.49 59.54 59.41 59.47 100.0 59.5 100.0 2671.0 766.0 1905.0 0.0 59.4846
11:30:00 59.0 1833.0 61.49 59.48 59.49 59.39 59.46 150.0 59.5 180.0 1833.0 703.0 1130.0 0.0 59.4324
11:31:00 73.0 4268.0 61.49 59.67 59.71 59.49 59.66 300.0 59.69 300.0 4268.0 2021.0 2247.0 0.0 59.6508
11:32:00 79.0 3379.0 61.49 59.4 59.68 59.36 59.39 50.0 59.42 200.0 3379.0 427.0 2952.0 0.0 59.5484
11:33:00 74.0 3210.0 61.49 59.39 59.44 59.32 59.33 50.0 59.39 400.0 3210.0 1150.0 2060.0 0.0 59.3947
11:34:00 62.0 2660.0 61.49 59.39 59.4 59.28 59.35 400.0 59.4 100.0 2660.0 1295.0 1365.0 0.0 59.3295
11:35:00 37.0 1475.0 61.49 59.38 59.38 59.32 59.38 25.0 59.4 310.0 1475.0 407.0 1068.0 0.0 59.3506
11:36:00 66.0 2806.0 61.49 59.48 59.48 59.37 59.45 262.0 59.49 200.0 2806.0 1810.0 996.0 0.0 59.4192
11:37:00 76.0 3313.0 61.49 59.45 59.49 59.345 59.42 839.0 59.47 400.0 3313.0 1214.0 2099.0 0.0 59.4343
11:38:00 78.0 4080.0 61.49 59.43 59.48 59.42 59.42 100.0 59.46 350.0 4080.0 1950.0 2130.0 0.0 59.4531
11:39:00 34.0 1464.0 61.49 59.41 59.44 59.38 59.38 203.0 59.42 201.0 1464.0 650.0 814.0 0.0 59.4092
11:40:00 79.0 6463.0 61.49 59.48 59.5 59.29 59.45 150.0 59.49 551.0 6463.0 4203.0 2260.0 0.0 59.447
11:41:00 80.0 7067.0 61.49 59.38 59.47 59.34 59.36 600.0 59.41 400.0 7067.0 983.0 6084.0 0.0 59.3885
11:42:00 65.0 3244.0 61.49 59.37 59.41 59.32 59.34 1.0 59.38 215.0 3244.0 1697.0 1547.0 0.0 59.372
11:43:00 96.0 15488.0 61.49 59.66 59.71 59.39 59.64 11.0 59.68 539.0 15488.0 13833.0 1655.0 0.0 59.5821
11:44:00 66.0 3026.0 61.49 59.555 59.65 59.54 59.53 316.0 59.58 210.0 3026.0 1085.0 1941.0 0.0 59.5885
11:45:00 134.0 7141.0 61.49 59.61 59.75 59.49 59.59 158.0 59.63 177.0 7141.0 4497.0 2644.0 0.0 59.6778
11:46:00 91.0 6242.0 61.49 59.66 59.74 59.5 59.62 300.0 59.69 450.0 6242.0 1177.0 5065.0 0.0 59.5824
11:47:00 93.0 10008.0 61.49 59.75 59.79 59.64 59.71 503.0 59.76 200.0 10008.0 7824.0 2184.0 0.0 59.7242
11:48:00 60.0 5433.0 61.49 59.82 59.82 59.71 59.79 250.0 59.83 300.0 5433.0 4001.0 1432.0 0.0 59.773
11:49:00 22.0 739.0 61.49 59.79 59.83 59.77 59.77 302.0 59.8 100.0 739.0 218.0 521.0 0.0 59.7931
11:50:00 49.0 5866.0 61.49 59.73 59.78 59.73 59.7 354.0 59.75 450.0 5866.0 774.0 5092.0 0.0 59.7562
11:51:00 30.0 1547.0 61.49 59.74 59.75 59.68 59.72 503.0 59.75 23.0 1547.0 878.0 669.0 0.0 59.7252
11:52:00 62.0 1854.0 61.49 59.83 59.83 59.75 59.79 400.0 59.83 500.0 1854.0 587.0 1267.0 0.0 59.7883
11:53:00 48.0 2017.0 61.49 59.84 59.84 59.75 59.82 312.0 59.85 551.0 2017.0 565.0 1452.0 0.0 59.8017
11:54:00 93.0 7783.0 61.49 59.94 59.97 59.82 59.93 21.0 59.96 200.0 7783.0 5151.0 2632.0 0.0 59.9348
11:55:00 68.0 5978.0 61.49 59.92 60.02 59.92 59.89 453.0 59.94 300.0 5978.0 1904.0 4074.0 0.0 59.9818
11:56:00 36.0 2902.0 61.49 59.85 59.9 59.82 59.81 200.0 59.87 208.0 2902.0 289.0 2613.0 0.0 59.8655
11:57:00 51.0 2494.0 61.49 59.87 59.9 59.85 59.82 355.0 59.88 150.0 2494.0 1424.0 1070.0 0.0 59.8829
11:58:00 33.0 837.0 61.49 59.94 59.96 59.85 59.91 908.0 59.96 201.0 837.0 787.0 50.0 0.0 59.9139
11:59:00 96.0 3951.0 61.49 59.99 60.01 59.91 59.94 2.0 60.0 824.0 3951.0 1547.0 2404.0 0.0 59.9575
12:00:00 51.0 2010.0 61.49 59.98 59.98 59.93 59.95 100.0 59.98 150.0 2010.0 1037.0 973.0 0.0 59.9516
12:01:00 83.0 10441.0 61.49 60.03 60.07 59.98 60.01 250.0 60.05 160.0 10441.0 5243.0 5198.0 0.0 60.0449
12:02:00 53.0 5288.0 61.49 60.07 60.08 59.98 60.06 200.0 60.08 250.0 5288.0 712.0 4576.0 0.0 60.0108
12:03:00 44.0 2401.0 61.49 60.0 60.06 59.95 59.98 552.0 60.0 1235.0 2401.0 1238.0 1163.0 0.0 59.9998
12:04:00 46.0 3340.0 61.49 59.91 60.03 59.9 59.91 3.0 59.93 901.0 3340.0 1709.0 1631.0 0.0 59.986
12:05:00 45.0 2595.0 61.49 59.95 59.97 59.86 59.95 50.0 59.98 405.0 2595.0 1347.0 1248.0 0.0 59.9064
12:06:00 45.0 2307.0 61.49 59.99 60.02 59.93 59.93 203.0 59.99 200.0 2307.0 868.0 1439.0 0.0 59.9543
12:07:00 44.0 2279.0 61.49 59.935 59.99 59.86 59.91 350.0 59.95 57.0 2279.0 790.0 1489.0 0.0 59.9194
12:08:00 36.0 1924.0 61.49 59.84 59.94 59.84 59.84 250.0 59.88 200.0 1924.0 427.0 1497.0 0.0 59.8775
12:09:00 32.0 1318.0 61.49 59.86 59.9 59.84 59.85 702.0 59.88 200.0 1318.0 551.0 767.0 0.0 59.8734
12:10:00 50.0 2042.0 61.49 59.87 59.89 59.83 59.85 322.0 59.88 210.0 2042.0 860.0 1182.0 0.0 59.8604
12:11:00 54.0 3039.0 61.49 59.91 59.96 59.84 59.87 280.0 59.91 750.0 3039.0 1057.0 1982.0 0.0 59.8997
12:12:00 22.0 1108.0 61.49 59.85 59.95 59.85 59.85 407.0 59.87 336.0 1108.0 126.0 982.0 0.0 59.881
12:13:00 79.0 6040.0 61.49 59.93 59.95 59.85 59.9 200.0 59.93 50.0 6040.0 4533.0 1507.0 0.0 59.914
12:14:00 50.0 2978.0 61.49 59.94 60.08 59.94 59.94 50.0 59.98 260.0 2978.0 1464.0 1514.0 0.0 60.0025
12:15:00 40.0 3112.0 61.49 59.96 60.03 59.91 59.95 425.0 59.98 500.0 3112.0 917.0 2195.0 0.0 59.9855
12:16:00 26.0 4360.0 61.49 60.0 60.03 59.93 59.98 500.0 60.02 51.0 4360.0 3678.0 682.0 0.0 59.9946
12:17:00 23.0 1563.0 61.49 60.05 60.05 59.98 60.04 699.0 60.06 98.0 1563.0 862.0 701.0 0.0 60.0094
12:18:00 49.0 2741.0 61.49 59.99 60.04 59.97 59.96 2.0 59.99 429.0 2741.0 542.0 2199.0 0.0 60.0114
12:19:00 36.0 1560.0 61.49 60.02 60.04 59.99 60.01 303.0 60.04 101.0 1560.0 884.0 676.0 0.0 60.0205
12:20:00 29.0 1190.0 61.49 60.02 60.05 59.98 60.0 300.0 60.04 250.0 1190.0 209.0 981.0 0.0 60.0305
12:21:00 25.0 1798.0 61.49 60.03 60.05 60.0 60.0 513.0 60.04 250.0 1798.0 298.0 1500.0 0.0 60.0218
12:22:00 43.0 2014.0 61.49 59.92 60.02 59.91 59.91 100.0 59.94 363.0 2014.0 1.0 2013.0 0.0 59.9586
12:23:00 140.0 7544.0 61.49 59.85 59.91 59.76 59.84 350.0 59.88 51.0 7544.0 2505.0 5039.0 0.0 59.8156
12:24:00 54.0 3264.0 61.49 59.78 59.85 59.75 59.75 310.0 59.8 356.0 3264.0 788.0 2476.0 0.0 59.7957
12:25:00 13.0 504.0 61.49 59.95 59.96 59.78 59.95 500.0 59.97 16.0 504.0 404.0 100.0 0.0 59.9018
12:26:00 105.0 8177.0 61.49 60.03 60.03 59.93 59.99 2450.0 60.03 320.0 8177.0 3754.0 4423.0 0.0 59.9542
12:27:00 73.0 6114.0 61.49 60.19 60.22 60.03 60.2 600.0 60.23 641.0 6114.0 4134.0 1980.0 0.0 60.162
12:28:00 231.0 16992.0 61.49 60.07 60.23 60.02 60.07 240.0 60.09 180.0 16992.0 4460.0 12532.0 0.0 60.1647
12:29:00 63.0 4752.0 61.49 60.07 60.1 60.07 60.07 790.0 60.09 404.0 4752.0 762.0 3990.0 0.0 60.0725
12:30:00 32.0 1418.0 61.49 60.11 60.18 60.09 60.1 200.0 60.13 100.0 1418.0 671.0 747.0 0.0 60.1192
12:31:00 66.0 4423.0 61.49 60.17 60.2 60.1 60.17 471.0 60.2 100.0 4423.0 2420.0 2003.0 0.0 60.1529
12:32:00 136.0 12287.0 61.49 60.12 60.19 60.03 60.09 150.0 60.12 100.0 12287.0 3319.0 8968.0 0.0 60.1478
12:33:00 29.0 1105.0 61.49 60.07 60.17 60.06 60.04 300.0 60.08 176.0 1105.0 219.0 886.0 0.0 60.1141
12:34:00 40.0 3631.0 61.49 60.03 60.055 59.98 60.01 200.0 60.04 50.0 3631.0 1327.0 2304.0 0.0 60.0142
12:35:00 27.0 1883.0 61.49 59.94 60.01 59.94 59.93 50.0 59.95 9.0 1883.0 157.0 1726.0 0.0 59.9797
12:36:00 30.0 1338.0 61.49 59.98 59.98 59.92 59.94 350.0 59.98 68.0 1338.0 1059.0 279.0 0.0 59.9519
12:37:00 21.0 1319.0 61.49 59.97 59.99 59.95 59.94 200.0 59.97 100.0 1319.0 227.0 1092.0 0.0 59.9735
12:38:00 36.0 2117.0 61.49 60.02 60.06 59.97 60.0 400.0 60.04 1285.0 2117.0 951.0 1166.0 0.0 60.0007
12:39:00 39.0 2450.0 61.49 60.0 60.04 59.96 59.97 428.0 60.0 350.0 2450.0 223.0 2227.0 0.0 59.9886
12:40:00 52.0 2735.0 61.49 59.91 59.98 59.87 59.89 402.0 59.93 158.0 2735.0 1334.0 1401.0 0.0 59.9342
12:41:00 78.0 3688.0 61.49 59.88 59.96 59.82 59.87 444.0 59.9 700.0 3688.0 1924.0 1764.0 0.0 59.8746
12:42:00 41.0 6911.0 61.49 59.775 59.9 59.77 59.76 251.0 59.79 359.0 6911.0 681.0 6230.0 0.0 59.8112
12:43:00 52.0 6278.0 61.49 59.74 59.76 59.7 59.69 250.0 59.72 150.0 6278.0 2048.0 4230.0 0.0 59.7496
12:44:00 23.0 1527.0 61.49 59.84 59.84 59.71 59.8 1154.0 59.85 100.0 1527.0 927.0 600.0 0.0 59.7799
12:45:00 51.0 3818.0 61.49 59.88 59.9 59.82 59.86 735.0 59.9 200.0 3818.0 2343.0 1475.0 0.0 59.868
12:46:00 80.0 10068.0 61.49 59.92 59.95 59.85 59.92 283.0 59.94 12.0 10068.0 4438.0 5630.0 0.0 59.8793
12:47:00 55.0 2818.0 61.49 60.025 60.07 59.94 60.0 563.0 60.04 200.0 2818.0 1900.0 918.0 0.0 60.0068
12:48:00 72.0 4706.0 61.49 60.16 60.16 60.04 60.15 600.0 60.17 225.0 4706.0 3558.0 1148.0 0.0 60.1177
12:49:00 69.0 3216.0 61.49 60.13 60.2 60.08 60.11 650.0 60.14 3024.0 3216.0 1078.0 2138.0 0.0 60.1351
12:50:00 51.0 5465.0 61.49 60.12 60.17 60.12 60.12 152.0 60.18 670.0 5465.0 4452.0 1013.0 0.0 60.1453
12:51:00 27.0 1797.0 61.49 60.21 60.26 60.155 60.21 176.0 60.25 356.0 1797.0 878.0 919.0 0.0 60.2139
12:52:00 40.0 2869.0 61.49 60.18 60.23 60.17 60.18 601.0 60.2 1883.0 2869.0 1207.0 1662.0 0.0 60.2001
12:53:00 50.0 4710.0 61.49 60.18 60.23 60.15 60.17 150.0 60.2 500.0 4710.0 2659.0 2051.0 0.0 60.1899
12:54:00 27.0 2005.0 61.49 60.1 60.185 60.09 60.08 472.0 60.11 150.0 2005.0 420.0 1585.0 0.0 60.1115
12:55:00 53.0 3317.0 61.49 60.05 60.1 60.02 60.03 650.0 60.07 230.0 3317.0 1550.0 1767.0 0.0 60.0654
12:56:00 49.0 2700.0 61.49 60.11 60.13 60.06 60.11 200.0 60.14 200.0 2700.0 1740.0 960.0 0.0 60.0911
12:57:00 25.0 1323.0 61.49 60.14 60.14 60.12 60.13 477.0 60.14 181.0 1323.0 727.0 596.0 0.0 60.1329
12:58:00 50.0 3491.0 61.49 60.14 60.15 60.07 60.13 203.0 60.15 150.0 3491.0 1149.0 2342.0 0.0 60.1115
12:59:00 31.0 1210.0 61.49 60.15 60.17 60.11 60.13 200.0 60.17 250.0 1210.0 428.0 782.0 0.0 60.1283
13:00:00 61.0 4534.0 61.49 60.25 60.28 60.17 60.22 1.0 60.26 150.0 4534.0 3523.0 1011.0 0.0 60.2405
13:01:00 94.0 3944.0 61.49 59.87 60.22 59.87 59.87 70.0 59.91 60.0 3944.0 781.0 3163.0 0.0 60.0424
13:02:00 45.0 4108.0 61.49 59.99 60.01 59.86 59.97 600.0 60.01 650.0 4108.0 2331.0 1777.0 0.0 59.9527
13:03:00 81.0 5979.0 61.49 60.18 60.18 59.99 60.17 50.0 60.21 150.0 5979.0 4886.0 1093.0 0.0 60.0609
13:04:00 35.0 3638.0 61.49 60.23 60.23 60.14 60.21 100.0 60.24 1.0 3638.0 2877.0 761.0 0.0 60.1871
13:05:00 105.0 10774.0 61.49 60.38 60.4 60.23 60.35 250.0 60.39 314.0 10774.0 7236.0 3538.0 0.0 60.2996
13:06:00 93.0 8673.0 61.49 60.22 60.35 60.2 60.21 150.0 60.25 200.0 8673.0 594.0 8079.0 0.0 60.2666
13:07:00 41.0 2162.0 61.49 60.255 60.26 60.15 60.25 200.0 60.3 150.0 2162.0 919.0 1243.0 0.0 60.1848
13:08:00 32.0 1721.0 61.49 60.205 60.3 60.17 60.17 300.0 60.23 201.0 1721.0 234.0 1487.0 0.0 60.2294
13:09:00 49.0 2990.0 61.49 60.09 60.2 60.03 60.05 450.0 60.09 139.0 2990.0 416.0 2574.0 0.0 60.1223
13:10:00 44.0 1223.0 61.49 60.13 60.13 59.98 60.09 452.0 60.14 850.0 1223.0 760.0 463.0 0.0 60.0417
13:11:00 50.0 4947.0 61.49 60.285 60.3 60.13 60.26 450.0 60.31 900.0 4947.0 3778.0 1169.0 0.0 60.1832
13:12:00 60.0 3973.0 61.49 60.25 60.32 60.2 60.2 100.0 60.25 400.0 3973.0 1646.0 2327.0 0.0 60.283
13:13:00 90.0 5709.0 61.49 60.19 60.23 60.16 60.17 250.0 60.21 100.0 5709.0 2106.0 3603.0 0.0 60.1898
13:14:00 104.0 6025.0 61.49 60.27 60.27 60.15 60.24 200.0 60.29 750.0 6025.0 4143.0 1882.0 0.0 60.2255
13:15:00 80.0 4036.0 61.49 60.3 60.32 60.22 60.29 454.0 60.32 353.0 4036.0 2767.0 1269.0 0.0 60.2725
13:16:00 64.0 5672.0 61.49 60.37 60.38 60.305 60.33 652.0 60.38 671.0 5672.0 3986.0 1686.0 0.0 60.3412
13:17:00 77.0 4427.0 61.49 60.32 60.38 60.31 60.31 200.0 60.34 250.0 4427.0 2781.0 1646.0 0.0 60.3545
13:18:00 80.0 7946.0 61.49 60.38 60.38 60.29 60.35 200.0 60.38 451.0 7946.0 6099.0 1847.0 0.0 60.343
13:19:00 43.0 2489.0 61.49 60.38 60.4 60.34 60.36 200.0 60.4 4485.0 2489.0 1430.0 1059.0 0.0 60.3718
13:20:00 58.0 6617.0 61.49 60.39 60.42 60.37 60.36 200.0 60.39 125.0 6617.0 5392.0 1225.0 0.0 60.3981
13:21:00 62.0 3748.0 61.49 60.25 60.39 60.25 60.24 10.0 60.27 50.0 3748.0 1344.0 2404.0 0.0 60.3299
13:22:00 82.0 4411.0 61.49 60.31 60.35 60.19 60.3 310.0 60.33 100.0 4411.0 1915.0 2496.0 0.0 60.2948
13:23:00 63.0 5364.0 61.49 60.4 60.45 60.31 60.37 200.0 60.4 120.0 5364.0 4254.0 1110.0 0.0 60.3801
13:24:00 107.0 4781.0 61.49 60.345 60.45 60.33 60.33 200.0 60.36 424.0 4781.0 2200.0 2581.0 0.0 60.3955
13:25:00 77.0 4109.0 61.49 60.39 60.39 60.32 60.37 450.0 60.4 3809.0 4109.0 2317.0 1792.0 0.0 60.3614
13:26:00 91.0 7968.0 61.49 60.36 60.405 60.33 60.34 150.0 60.37 101.0 7968.0 4473.0 3495.0 0.0 60.3797
13:27:00 47.0 5173.0 61.49 60.33 60.34 60.28 60.31 438.0 60.34 200.0 5173.0 1600.0 3573.0 0.0 60.3153
13:28:00 105.0 6876.0 61.49 60.27 60.32 60.27 60.24 60.0 60.27 100.0 6876.0 3260.0 3616.0 0.0 60.2968
13:29:00 80.0 3942.0 61.49 60.16 60.27 60.15 60.13 966.0 60.17 700.0 3942.0 1460.0 2482.0 0.0 60.2263
13:30:00 86.0 5228.0 61.49 60.11 60.25 60.08 60.09 550.0 60.13 303.0 5228.0 2087.0 3141.0 0.0 60.1395
13:31:00 75.0 5268.0 61.49 60.15 60.17 60.02 60.13 400.0 60.17 421.0 5268.0 1712.0 3556.0 0.0 60.0975
13:32:00 75.0 4290.0 61.49 60.27 60.27 60.15 60.23 302.0 60.27 103.0 4290.0 1943.0 2347.0 0.0 60.1968
13:33:00 72.0 3800.0 61.49 60.33 60.37 60.26 60.31 250.0 60.36 300.0 3800.0 2209.0 1591.0 0.0 60.3307
13:34:00 61.0 4185.0 61.49 60.42 60.45 60.33 60.4 10.0 60.43 260.0 4185.0 2703.0 1482.0 0.0 60.4043
13:35:00 73.0 4925.0 61.49 60.45 60.5 60.41 60.43 63.0 60.45 1654.0 4925.0 3271.0 1654.0 0.0 60.4745
13:36:00 53.0 2964.0 61.49 60.34 60.43 60.31 60.33 100.0 60.35 927.0 2964.0 1173.0 1791.0 0.0 60.3479
13:37:00 50.0 2016.0 61.49 60.23 60.34 60.23 60.22 200.0 60.25 377.0 2016.0 791.0 1225.0 0.0 60.2786
13:38:00 48.0 7127.0 61.49 60.19 60.24 60.17 60.17 350.0 60.21 130.0 7127.0 1084.0 6043.0 0.0 60.2002
13:39:00 49.0 7637.0 61.49 60.19 60.23 60.1 60.18 150.0 60.22 200.0 7637.0 1389.0 6248.0 0.0 60.158
13:40:00 28.0 1388.0 61.49 60.17 60.25 60.1 60.15 2.0 60.2 1100.0 1388.0 663.0 725.0 0.0 60.1671
13:41:00 15.0 2895.0 61.49 60.14 60.18 60.14 60.14 300.0 60.16 50.0 2895.0 2473.0 422.0 0.0 60.142
13:42:00 47.0 3146.0 61.49 60.22 60.23 60.14 60.21 262.0 60.24 1267.0 3146.0 2400.0 746.0 0.0 60.1895
13:43:00 34.0 2420.0 61.49 60.22 60.25 60.19 60.21 250.0 60.24 166.0 2420.0 1458.0 962.0 0.0 60.2299
13:44:00 31.0 1123.0 61.49 60.24 60.27 60.21 60.23 1.0 60.25 276.0 1123.0 630.0 493.0 0.0 60.2451
13:45:00 38.0 2829.0 61.49 60.28 60.28 60.25 60.26 222.0 60.28 91.0 2829.0 2106.0 723.0 0.0 60.2682
13:46:00 72.0 4575.0 61.49 60.32 60.32 60.26 60.31 515.0 60.35 103.0 4575.0 4017.0 558.0 0.0 60.2824
13:47:00 21.0 1067.0 61.49 60.261 60.32 60.261 60.26 100.0 60.29 300.0 1067.0 3.0 1064.0 0.0 60.2969
13:48:00 36.0 4298.0 61.49 60.22 60.3 60.22 60.22 451.0 60.25 104.0 4298.0 1144.0 3154.0 0.0 60.2359
13:49:00 36.0 1834.0 61.49 60.18 60.31 60.18 60.17 360.0 60.2 1165.0 1834.0 704.0 1130.0 0.0 60.2522
13:50:00 68.0 3642.0 61.49 60.16 60.2 60.13 60.15 198.0 60.17 101.0 3642.0 2284.0 1358.0 0.0 60.1772
13:51:00 103.0 8415.0 61.49 60.07 60.17 60.03 60.05 155.0 60.08 300.0 8415.0 3068.0 5347.0 0.0 60.0682
13:52:00 91.0 5529.0 61.49 60.01 60.13 60.01 60.02 100.0 60.03 201.0 5529.0 1817.0 3712.0 0.0 60.0554
13:53:00 68.0 4187.0 61.49 60.09 60.09 59.98 60.09 100.0 60.12 350.0 4187.0 1675.0 2512.0 0.0 60.0291
13:54:00 23.0 1726.0 61.49 60.11 60.14 60.1 60.09 101.0 60.11 50.0 1726.0 496.0 1230.0 0.0 60.1236
13:55:00 44.0 2860.0 61.49 60.15 60.17 60.09 60.14 200.0 60.18 200.0 2860.0 1888.0 972.0 0.0 60.1319
13:56:00 39.0 2727.0 61.49 60.3 60.3 60.14 60.28 103.0 60.3 90.0 2727.0 2102.0 625.0 0.0 60.2197
13:57:00 45.0 2344.0 61.49 60.19 60.31 60.16 60.15 110.0 60.17 250.0 2344.0 539.0 1805.0 0.0 60.2378
13:58:00 28.0 1435.0 61.49 60.23 60.23 60.15 60.22 546.0 60.24 100.0 1435.0 1312.0 123.0 0.0 60.1984
13:59:00 34.0 1362.0 61.49 60.2 60.26 60.2 60.17 339.0 60.21 313.0 1362.0 209.0 1153.0 0.0 60.2317
14:00:00 19.0 1340.0 61.49 60.2 60.21 60.17 60.18 411.0 60.21 200.0 1340.0 993.0 347.0 0.0 60.1935
14:01:00 77.0 14052.0 61.49 60.31 60.34 60.17 60.28 350.0 60.32 261.0 14052.0 12089.0 1963.0 0.0 60.2547
14:02:00 47.0 1695.0 61.49 60.21 60.315 60.2 60.2 2.0 60.22 100.0 1695.0 140.0 1555.0 0.0 60.2496
14:03:00 24.0 1464.0 61.49 60.25 60.28 60.19 60.22 250.0 60.27 501.0 1464.0 771.0 693.0 0.0 60.2374
14:04:00 79.0 51357.0 61.49 60.105 60.25 60.06 60.08 551.0 60.12 50.0 51357.0 2207.0 49150.0 0.0 60.1218
14:05:00 32.0 1054.0 61.49 60.14 60.19 60.1 60.13 100.0 60.16 500.0 1054.0 520.0 534.0 0.0 60.1502
14:06:00 91.0 7982.0 61.49 60.06 60.135 60.03 60.05 7.0 60.06 142.0 7982.0 2271.0 5711.0 0.0 60.0888
14:07:00 79.0 3771.0 61.49 59.92 60.07 59.91 59.93 50.0 59.95 294.0 3771.0 941.0 2830.0 0.0 59.9838
14:08:00 16.0 1304.0 61.49 59.98 59.98 59.95 59.98 100.0 59.99 223.0 1304.0 694.0 610.0 0.0 59.9678
14:09:00 36.0 2439.0 61.49 59.99 60.0 59.96 59.96 300.0 59.98 50.0 2439.0 1537.0 902.0 0.0 59.9838
14:10:00 34.0 2177.0 61.49 59.95 59.98 59.92 59.95 129.0 59.98 50.0 2177.0 997.0 1180.0 0.0 59.9472
14:11:00 33.0 1710.0 61.49 60.03 60.03 59.95 60.02 400.0 60.04 124.0 1710.0 941.0 769.0 0.0 59.9924
14:12:00 55.0 6537.0 61.49 59.96 60.03 59.92 59.95 200.0 59.98 200.0 6537.0 1671.0 4866.0 0.0 59.9926
14:13:00 195.0 16877.0 61.49 59.92 59.955 59.82 59.89 200.0 59.93 150.0 16877.0 3217.0 13660.0 0.0 59.8727
14:14:00 41.0 2000.0 61.49 59.88 59.92 59.88 59.87 200.0 59.89 1.0 2000.0 547.0 1453.0 0.0 59.897
14:15:00 66.0 2011.0 61.49 59.81 59.88 59.81 59.81 10.0 59.82 310.0 2011.0 517.0 1494.0 0.0 59.8436
14:16:00 185.0 8544.0 61.49 59.84 59.84 59.7 59.83 150.0 59.86 250.0 8544.0 5981.0 2563.0 0.0 59.7636
14:17:00 85.0 3209.0 61.49 59.83 59.9 59.81 59.82 200.0 59.84 600.0 3209.0 814.0 2395.0 0.0 59.8557
14:18:00 75.0 6386.0 61.49 59.96 59.96 59.785 59.96 451.0 59.99 200.0 6386.0 5213.0 1173.0 0.0 59.8852
14:19:00 49.0 3078.0 61.49 60.0 60.03 59.95 59.98 311.0 60.02 353.0 3078.0 1673.0 1405.0 0.0 59.994
14:20:00 37.0 1316.0 61.49 59.97 59.99 59.93 59.97 211.0 60.0 306.0 1316.0 575.0 741.0 0.0 59.9573
14:21:00 23.0 979.0 61.49 59.93 59.99 59.93 59.92 103.0 59.95 257.0 979.0 20.0 959.0 0.0 59.9535
14:22:00 115.0 5263.0 61.49 59.92 59.96 59.81 59.91 200.0 59.95 200.0 5263.0 2614.0 2649.0 0.0 59.9064
14:23:00 46.0 2098.0 61.49 59.98 60.04 59.95 59.97 142.0 60.0 650.0 2098.0 758.0 1340.0 0.0 59.9874
14:24:00 35.0 2161.0 61.49 59.95 59.97 59.91 59.93 533.0 59.96 413.0 2161.0 964.0 1197.0 0.0 59.9343
14:25:00 35.0 1229.0 61.49 59.93 59.96 59.9 59.92 300.0 59.95 304.0 1229.0 600.0 629.0 0.0 59.9252
14:26:00 25.0 1241.0 61.49 59.96 59.98 59.93 59.95 219.0 59.98 500.0 1241.0 837.0 404.0 0.0 59.9609
14:27:00 58.0 2866.0 61.49 59.9 59.95 59.85 59.88 200.0 59.92 100.0 2866.0 1076.0 1790.0 0.0 59.9075
14:28:00 27.0 1333.0 61.49 59.91 59.91 59.89 59.89 757.0 59.92 8.0 1333.0 781.0 552.0 0.0 59.9077
14:29:00 61.0 2970.0 61.49 59.92 59.96 59.89 59.91 133.0 59.94 400.0 2970.0 1023.0 1947.0 0.0 59.9407
14:30:00 37.0 2080.0 61.49 59.87 59.93 59.87 59.86 10.0 59.89 350.0 2080.0 570.0 1510.0 0.0 59.9028
14:31:00 69.0 18604.0 61.49 59.86 59.86 59.78 59.84 300.0 59.87 256.0 18604.0 1303.0 17301.0 0.0 59.8368
14:32:00 57.0 3450.0 61.49 59.78 59.88 59.74 59.77 350.0 59.79 203.0 3450.0 1249.0 2201.0 0.0 59.8041
14:33:00 50.0 3131.0 61.49 59.78 59.87 59.78 59.77 204.0 59.79 399.0 3131.0 1010.0 2121.0 0.0 59.8198
14:34:00 70.0 7079.0 61.49 59.76 59.77 59.7 59.74 39.0 59.77 1350.0 7079.0 2971.0 4108.0 0.0 59.7255
14:35:00 55.0 5553.0 61.49 59.73 59.8 59.68 59.71 200.0 59.74 606.0 5553.0 4764.0 789.0 0.0 59.7529
14:36:00 92.0 7806.0 61.49 59.81 59.81 59.7 59.8 200.0 59.82 650.0 7806.0 5192.0 2614.0 0.0 59.7442
14:37:00 66.0 6159.0 61.49 59.9 59.91 59.8 59.88 100.0 59.91 150.0 6159.0 1510.0 4649.0 0.0 59.8639
14:38:00 19.0 738.0 61.49 59.86 59.91 59.85 59.85 475.0 59.87 407.0 738.0 111.0 627.0 0.0 59.8702
14:39:00 40.0 2065.0 61.49 59.81 59.851 59.77 59.8 300.0 59.83 578.0 2065.0 1097.0 968.0 0.0 59.8203
14:40:00 54.0 3363.0 61.49 59.76 59.83 59.74 59.75 450.0 59.77 266.0 3363.0 1743.0 1620.0 0.0 59.7849
14:41:00 41.0 2377.0 61.49 59.74 59.83 59.72 59.72 146.0 59.73 100.0 2377.0 1320.0 1057.0 0.0 59.7692
14:42:00 55.0 3549.0 61.49 59.8 59.81 59.72 59.79 400.0 59.81 801.0 3549.0 2974.0 575.0 0.0 59.7703
14:43:00 36.0 3123.0 61.49 59.76 59.79 59.74 59.76 174.0 59.79 107.0 3123.0 1401.0 1722.0 0.0 59.7648
14:44:00 60.0 2890.0 61.49 59.92 59.92 59.79 59.91 204.0 59.94 500.0 2890.0 1561.0 1329.0 0.0 59.8707
14:45:00 28.0 2009.0 61.49 59.95 59.98 59.95 59.93 201.0 59.96 446.0 2009.0 1104.0 905.0 0.0 59.96
14:46:00 56.0 3087.0 61.49 59.93 59.95 59.91 59.91 450.0 59.94 303.0 3087.0 1656.0 1431.0 0.0 59.9298
14:47:00 48.0 2648.0 61.49 59.83 59.91 59.83 59.8 1551.0 59.84 235.0 2648.0 746.0 1902.0 0.0 59.8826
14:48:00 50.0 3201.0 61.49 59.76 59.86 59.73 59.75 330.0 59.77 111.0 3201.0 949.0 2252.0 0.0 59.7931
14:49:00 58.0 8643.0 61.49 59.71 59.75 59.66 59.7 530.0 59.72 24.0 8643.0 1068.0 7575.0 0.0 59.6972
14:50:00 42.0 1818.0 61.49 59.72 59.77 59.71 59.71 200.0 59.72 97.0 1818.0 803.0 1015.0 0.0 59.7341
14:51:00 33.0 1433.0 61.49 59.75 59.76 59.71 59.75 200.0 59.77 251.0 1433.0 714.0 719.0 0.0 59.738
14:52:00 34.0 1691.0 61.49 59.77 59.77 59.74 59.75 600.0 59.78 239.0 1691.0 1025.0 666.0 0.0 59.7551
14:53:00 82.0 7384.0 61.49 59.82 59.82 59.71 59.8 566.0 59.83 800.0 7384.0 5819.0 1565.0 0.0 59.7728
14:54:00 61.0 5609.0 61.49 59.83 59.87 59.75 59.8 200.0 59.83 450.0 5609.0 3687.0 1922.0 0.0 59.785
14:55:00 21.0 1088.0 61.49 59.86 59.86 59.8 59.85 623.0 59.88 401.0 1088.0 485.0 603.0 0.0 59.8356
14:56:00 52.0 3148.0 61.49 59.88 59.89 59.83 59.87 600.0 59.91 500.0 3148.0 1745.0 1403.0 0.0 59.8718
14:57:00 79.0 5505.0 61.49 59.94 59.99 59.91 59.92 148.0 59.95 400.0 5505.0 2673.0 2832.0 0.0 59.963
14:58:00 54.0 6408.0 61.49 59.95 59.98 59.9 59.95 35.0 59.97 827.0 6408.0 2428.0 3980.0 0.0 59.9259
14:59:00 90.0 5024.0 61.49 59.95 60.0 59.94 59.95 1.0 59.97 350.0 5024.0 1832.0 3192.0 0.0 59.9621
15:00:00 86.0 5588.0 61.49 59.91 59.99 59.91 59.91 22.0 59.93 350.0 5588.0 1357.0 4231.0 0.0 59.9608
15:01:00 154.0 8278.0 61.49 59.98 59.98 59.91 59.98 600.0 60.02 450.0 8278.0 4621.0 3657.0 0.0 59.9525
15:02:00 132.0 7241.0 61.49 59.93 60.06 59.92 59.91 660.0 59.95 550.0 7241.0 3667.0 3574.0 0.0 59.9984
15:03:00 60.0 2347.0 61.49 59.93 59.96 59.88 59.91 200.0 59.93 150.0 2347.0 1887.0 460.0 0.0 59.9326
15:04:00 58.0 5338.0 61.49 59.86 59.91 59.83 59.85 200.0 59.87 197.0 5338.0 902.0 4436.0 0.0 59.8672
15:05:00 38.0 3329.0 61.49 59.86 59.88 59.835 59.84 300.0 59.87 300.0 3329.0 1021.0 2308.0 0.0 59.8511
15:06:00 52.0 3730.0 61.49 59.87 59.94 59.87 59.84 350.0 59.88 200.0 3730.0 1892.0 1838.0 0.0 59.9045
15:07:00 58.0 4534.0 61.49 59.95 59.95 59.88 59.93 350.0 59.96 6.0 4534.0 3512.0 1022.0 0.0 59.9288
15:08:00 31.0 1676.0 61.49 59.87 59.97 59.86 59.86 616.0 59.88 450.0 1676.0 368.0 1308.0 0.0 59.9436
15:09:00 89.0 6039.0 61.49 60.0 60.0 59.88 60.0 300.0 60.03 200.0 6039.0 2980.0 3059.0 0.0 59.9376
15:10:00 25.0 1949.0 61.49 59.99 60.0 59.96 59.98 576.0 60.0 210.0 1949.0 1101.0 848.0 0.0 59.9752
15:11:00 53.0 2468.0 61.49 60.03 60.03 59.95 60.02 786.0 60.04 696.0 2468.0 1566.0 902.0 0.0 59.9899
15:12:00 104.0 5302.0 61.49 59.93 60.02 59.91 59.92 201.0 59.94 519.0 5302.0 1293.0 4009.0 0.0 59.9639
15:13:00 90.0 8690.0 61.49 59.94 59.98 59.93 59.92 165.0 59.95 700.0 8690.0 6783.0 1907.0 0.0 59.9506
15:14:00 66.0 5341.0 61.49 60.01 60.01 59.95 60.01 101.0 60.02 303.0 5341.0 4192.0 1149.0 0.0 59.9902
15:15:00 91.0 5183.0 61.49 59.98 60.05 59.94 59.97 250.0 59.99 200.0 5183.0 2439.0 2744.0 0.0 60.0008
15:16:00 77.0 7102.0 61.49 59.9 60.03 59.9 59.89 5.0 59.91 415.0 7102.0 2350.0 4752.0 0.0 59.9765
15:17:00 87.0 4342.0 61.49 59.945 59.945 59.84 59.93 501.0 59.95 151.0 4342.0 3248.0 1094.0 0.0 59.8994
15:18:00 85.0 11394.0 61.49 59.8 59.93 59.8 59.79 120.0 59.81 452.0 11394.0 1267.0 10127.0 0.0 59.8789
15:19:00 55.0 3097.0 61.49 59.85 59.85 59.79 59.84 318.0 59.86 112.0 3097.0 2299.0 798.0 0.0 59.8164
15:20:00 53.0 2755.0 61.49 59.86 59.87 59.8 59.86 500.0 59.89 345.0 2755.0 1190.0 1565.0 0.0 59.8358
15:21:00 68.0 3873.0 61.49 59.86 59.88 59.8 59.84 300.0 59.86 200.0 3873.0 2116.0 1757.0 0.0 59.8326
15:22:00 94.0 11220.0 61.49 59.97 59.98 59.87 59.97 350.0 59.99 1212.0 11220.0 9283.0 1937.0 0.0 59.9398
15:23:00 50.0 2292.0 61.49 59.93 59.97 59.91 59.9 839.0 59.93 400.0 2292.0 559.0 1733.0 0.0 59.9467
15:24:00 66.0 3363.0 61.49 59.94 59.97 59.92 59.93 100.0 59.95 259.0 3363.0 1609.0 1754.0 0.0 59.9466
15:25:00 107.0 4903.0 61.49 59.865 59.96 59.86 59.85 183.0 59.88 350.0 4903.0 2057.0 2846.0 0.0 59.9226
15:26:00 74.0 5331.0 61.49 59.86 59.89 59.85 59.86 62.0 59.89 863.0 5331.0 3394.0 1937.0 0.0 59.8686
15:27:00 112.0 5886.0 61.49 59.82 59.88 59.76 59.81 45.0 59.83 579.0 5886.0 2903.0 2983.0 0.0 59.8157
15:28:00 89.0 4538.0 61.49 59.76 59.81 59.76 59.76 300.0 59.78 550.0 4538.0 1796.0 2742.0 0.0 59.7751
15:29:00 154.0 35791.0 61.49 59.74 59.8 59.73 59.73 263.0 59.75 551.0 35791.0 4866.0 30925.0 0.0 59.7595
15:30:00 126.0 7534.0 61.49 59.73 59.76 59.7 59.73 210.0 59.74 6.0 7534.0 3292.0 4242.0 0.0 59.7277
15:31:00 134.0 7335.0 61.49 59.73 59.77 59.68 59.71 350.0 59.73 48.0 7335.0 3428.0 3907.0 0.0 59.7274
15:32:00 187.0 9526.0 61.49 59.7 59.78 59.65 59.69 568.0 59.7 102.0 9526.0 3780.0 5746.0 0.0 59.709
15:33:00 169.0 9484.0 61.49 59.63 59.69 59.55 59.62 422.0 59.64 3.0 9484.0 3797.0 5687.0 0.0 59.6094
15:34:00 129.0 11029.0 61.49 59.6 59.62 59.59 59.6 535.0 59.63 1153.0 11029.0 3040.0 7989.0 0.0 59.6054
15:35:00 100.0 4085.0 61.49 59.58 59.61 59.54 59.58 204.0 59.59 200.0 4085.0 1785.0 2300.0 0.0 59.5852
15:36:00 110.0 5701.0 61.49 59.63 59.66 59.58 59.62 800.0 59.65 605.0 5701.0 2718.0 2983.0 0.0 59.6071
15:37:00 169.0 11172.0 61.49 59.65 59.71 59.6 59.65 751.0 59.67 210.0 11172.0 7013.0 4159.0 0.0 59.666
15:38:00 85.0 3003.0 61.49 59.68 59.72 59.66 59.66 563.0 59.69 793.0 3003.0 1234.0 1769.0 0.0 59.6909
15:39:00 94.0 2897.0 61.49 59.63 59.67 59.61 59.61 628.0 59.63 57.0 2897.0 418.0 2479.0 0.0 59.6338
15:40:00 105.0 3311.0 61.49 59.67 59.72 59.63 59.66 817.0 59.69 300.0 3311.0 1265.0 2046.0 0.0 59.6806
15:41:00 125.0 8235.0 61.49 59.72 59.78 59.66 59.69 200.0 59.73 224.0 8235.0 5103.0 3132.0 0.0 59.7298
15:42:00 231.0 10426.0 61.49 59.81 59.88 59.73 59.79 203.0 59.82 645.0 10426.0 4977.0 5449.0 0.0 59.8163
15:43:00 147.0 6236.0 61.49 59.84 59.84 59.78 59.84 2.0 59.85 6.0 6236.0 3392.0 2844.0 0.0 59.8244
15:44:00 138.0 5696.0 61.49 59.93 59.94 59.83 59.93 49.0 59.95 103.0 5696.0 2408.0 3288.0 0.0 59.92
15:45:00 155.0 11054.0 61.49 59.96 59.97 59.91 59.93 699.0 59.96 200.0 11054.0 2637.0 8417.0 0.0 59.9487
15:46:00 295.0 14136.0 61.49 60.01 60.03 59.91 60.01 526.0 60.03 265.0 14136.0 8133.0 6003.0 0.0 59.959
15:47:00 212.0 9500.0 61.49 59.9 60.02 59.84 59.88 300.0 59.9 150.0 9500.0 2819.0 6681.0 0.0 59.9339
15:48:00 129.0 4893.0 61.49 59.92 59.95 59.89 59.91 362.0 59.93 373.0 4893.0 1531.0 3362.0 0.0 59.9131
15:49:00 218.0 9699.0 61.49 59.86 59.95 59.84 59.84 150.0 59.86 106.0 9699.0 3648.0 6051.0 0.0 59.9015
15:50:00 136.0 6454.0 61.49 59.84 59.89 59.82 59.83 200.0 59.85 200.0 6454.0 2889.0 3565.0 0.0 59.8459
15:51:00 357.0 15991.0 61.49 59.75 59.83 59.7 59.75 10.0 59.76 523.0 15991.0 7302.0 8689.0 0.0 59.7599
15:52:00 257.0 11293.0 61.49 59.66 59.78 59.64 59.65 738.0 59.67 667.0 11293.0 3955.0 7338.0 0.0 59.6938
15:53:00 278.0 13137.0 61.49 59.59 59.66 59.59 59.58 677.0 59.6 731.0 13137.0 4158.0 8979.0 0.0 59.6226
15:54:00 323.0 19910.0 61.49 59.55 59.61 59.53 59.55 2.0 59.56 999.0 19910.0 9228.0 10682.0 0.0 59.5672
15:55:00 435.0 18635.0 61.49 59.6 59.65 59.52 59.58 836.0 59.6 141.0 18635.0 10096.0 8539.0 0.0 59.5646
15:56:00 492.0 35446.0 61.49 59.77 59.77 59.58 59.76 233.0 59.78 700.0 35446.0 15274.0 20172.0 0.0 59.6649
15:57:00 667.0 56429.0 61.49 59.66 59.78 59.56 59.65 500.0 59.66 20.0 56429.0 17732.0 38697.0 0.0 59.6436
15:58:00 414.0 25923.0 61.49 59.64 59.65 59.58 59.63 8666.0 59.65 2589.0 25923.0 7533.0 18390.0 0.0 59.6264
15:59:00 495.0 40816.0 61.49 59.65 59.65 59.56 59.63 510.0 59.65 814.0 40816.0 15405.0 25411.0 0.0 59.6092
16:00:00 838.0 105516.0 61.49 59.56 59.65 59.47 59.64 8939.0 59.65 22255.0 105516.0 28258.0 77258.0 0.0 59.5753
16:01:00 3.0 40.0 61.49 59.73 59.73 59.63 59.73 760.0 59.65 22255.0 40.0 0.0 40.0 0.0 59.73
16:02:00 2.0 5.0 61.49 59.77 59.93 59.77 59.73 760.0 59.65 22255.0 5.0 5.0 0.0 0.0 59.834
16:03:00 14.0 763.0 61.49 60.0 60.0 59.79 59.75 100.0 59.65 22255.0 763.0 263.0 500.0 0.0 59.9988
16:04:00 11.0 5330.0 61.49 60.0 60.0 59.7 59.57 4189.0 59.65 22255.0 5330.0 530.0 4800.0 0.0 59.7507
16:05:00 16.0 901.0 61.49 59.83 59.83 58.95 59.83 640.0 59.65 22255.0 901.0 646.0 255.0 0.0 59.6261
16:06:00 11.0 754.0 61.49 59.5 59.83 59.5 59.65 60.0 59.65 22255.0 754.0 38.0 716.0 0.0 59.8125
16:07:00 4.0 1666.0 61.49 59.69 59.8 59.69 59.69 300.0 59.65 22255.0 1666.0 166.0 1500.0 0.0 59.6941
16:08:00 9.0 1626.0 61.49 59.26 59.69 59.26 59.57 4189.0 59.65 22255.0 1626.0 100.0 1526.0 0.0 59.5276
16:09:00 5.0 175.0 61.49 59.23 59.5 59.23 59.57 4189.0 59.65 22255.0 175.0 50.0 125.0 0.0 59.358
16:10:00 7.0 368.0 61.49 59.48 59.72 59.3 59.57 4189.0 59.63 978.0 368.0 348.0 20.0 0.0 59.4792
16:11:00 259.0 19090.0 61.49 61.1 61.15 57.68 61.0 1000.0 59.65 22255.0 19090.0 11361.0 7729.0 0.0 59.8056
16:12:00 318.0 16190.0 61.49 59.75 61.4 59.7 59.75 82.0 59.65 22255.0 16190.0 6427.0 9763.0 0.0 60.5514
16:13:00 107.0 4813.0 61.49 59.3 60.28 59.3 59.57 4189.0 59.5 1135.0 4813.0 2804.0 2009.0 0.0 59.7034
16:14:00 207.0 11768.0 61.49 59.26 59.5 58.5 59.57 4189.0 59.47 10.0 11768.0 6163.0 5605.0 0.0 58.9936
16:15:00 344.0 26773.0 61.49 60.85 60.99 59.28 60.6 200.0 59.65 22255.0 26773.0 20838.0 5935.0 0.0 60.4547
16:16:00 183.0 7794.0 61.49 60.4 60.79 60.25 60.4 274.0 59.65 22255.0 7794.0 1728.0 6066.0 0.0 60.4334
16:17:00 214.0 16356.0 61.49 60.88 60.89 60.4 60.66 650.0 59.65 22255.0 16356.0 6160.0 10196.0 0.0 60.58
16:18:00 364.0 30936.0 61.49 61.0 61.39 60.73 60.75 108.0 59.65 22255.0 30936.0 19980.0 10956.0 0.0 61.0224
16:19:00 213.0 12756.0 61.49 60.6 60.99 60.5 60.6 20.0 59.65 22255.0 12756.0 715.0 12041.0 0.0 60.5225
16:20:00 181.0 12361.0 61.49 60.54 60.79 60.54 60.54 300.0 59.65 22255.0 12361.0 3051.0 9310.0 0.0 60.6011
16:21:00 77.0 3557.0 61.49 60.65 60.75 60.54 60.66 100.0 59.65 22255.0 3557.0 1882.0 1675.0 0.0 60.6187
16:22:00 225.0 16151.0 61.49 60.87 61.12 60.65 60.8 100.0 59.65 22255.0 16151.0 7385.0 8766.0 0.0 60.9284
16:23:00 131.0 9443.0 61.49 61.1 61.2 60.87 61.01 360.0 59.65 22255.0 9443.0 8226.0 1217.0 0.0 61.0684
16:24:00 139.0 27891.0 61.49 61.26 61.37 61.0 61.25 300.0 59.65 22255.0 27891.0 24296.0 3595.0 0.0 61.1909
16:25:00 479.0 25832.0 61.49 61.06 61.3 61.0 61.0 200.0 59.65 22255.0 25832.0 5497.0 20335.0 0.0 61.1954
16:26:00 167.0 5752.0 61.49 60.99 61.14 60.8 60.9 300.0 59.65 22255.0 5752.0 1542.0 4210.0 0.0 60.9719
16:27:00 190.0 8112.0 61.49 60.8 61.0 60.8 60.8 100.0 59.65 22255.0 8112.0 332.0 7780.0 0.0 60.8583
16:28:00 111.0 5107.0 61.49 60.9 60.99 60.8 60.82 325.0 59.65 22255.0 5107.0 1813.0 3294.0 0.0 60.8936
16:29:00 247.0 23656.0 61.49 60.57 60.86 60.57 60.6 1.0 59.65 22255.0 23656.0 13571.0 10085.0 0.0 60.8277
16:30:00 87.0 4807.0 61.49 60.4 60.65 60.21 60.3 1139.0 59.65 22255.0 4807.0 633.0 4174.0 0.0 60.4482
16:31:00 72.0 9548.0 61.49 60.94 60.94 60.48 60.71 1000.0 59.65 22255.0 9548.0 5741.0 3807.0 0.0 60.7705
16:32:00 187.0 12753.0 61.49 61.0 61.1 60.81 60.95 500.0 59.65 22255.0 12753.0 11403.0 1350.0 0.0 61.0195
16:33:00 43.0 2746.0 61.49 60.71 61.09 60.71 60.71 14.0 59.65 22255.0 2746.0 1492.0 1254.0 0.0 60.927
16:34:00 17.0 2779.0 61.49 60.67 60.9 60.67 60.61 710.0 59.65 22255.0 2779.0 1339.0 1440.0 0.0 60.7631
16:35:00 32.0 1710.0 61.49 60.85 60.89 60.7 60.75 51.0 59.65 22255.0 1710.0 1573.0 137.0 0.0 60.8096
16:36:00 6.0 91.0 61.49 60.75 60.77 60.7 60.68 600.0 59.65 22255.0 91.0 40.0 51.0 0.0 60.728
16:37:00 53.0 2687.0 61.49 60.61 60.82 60.61 60.58 1.0 59.65 22255.0 2687.0 1137.0 1550.0 0.0 60.6851
16:38:00 4.0 124.0 61.49 60.66 60.75 60.66 60.6 100.0 59.65 22255.0 124.0 114.0 10.0 0.0 60.7427
16:39:00 49.0 2793.0 61.49 60.87 60.95 60.75 60.75 10.0 59.65 22255.0 2793.0 2793.0 0.0 0.0 60.8892
16:40:00 23.0 2251.0 61.49 60.92 60.95 60.75 60.75 1.0 59.65 22255.0 2251.0 2241.0 10.0 0.0 60.8447
16:41:00 43.0 1448.0 61.49 60.7 60.9 60.7 60.7 131.0 59.65 22255.0 1448.0 1059.0 389.0 0.0 60.8077
16:42:00 3.0 50.0 61.49 60.8 60.8 60.73 60.7 80.0 59.65 22255.0 50.0 50.0 0.0 0.0 60.8
16:43:00 3.0 306.0 61.49 60.8 60.8 60.75 60.7 80.0 59.65 22255.0 306.0 306.0 0.0 0.0 60.751
16:44:00 14.0 305.0 61.49 60.75 60.85 60.75 60.7 130.0 59.65 22255.0 305.0 293.0 12.0 0.0 60.7913
16:45:00 5.0 150.0 61.49 60.75 60.79 60.73 60.7 130.0 59.65 22255.0 150.0 50.0 100.0 0.0 60.7633
16:46:00 11.0 994.0 61.49 60.7 60.77 60.7 60.65 500.0 59.65 22255.0 994.0 223.0 771.0 0.0 60.7322
16:47:00 2.0 47.0 61.49 60.75 60.75 60.73 60.7 500.0 59.65 22255.0 47.0 0.0 47.0 0.0 60.75
16:48:00 2.0 52.0 61.49 60.78 60.78 60.78 60.75 50.0 59.65 22255.0 52.0 52.0 0.0 0.0 60.78
16:49:00 137.0 9611.0 61.49 60.34 60.78 60.07 60.06 700.0 59.65 22255.0 9611.0 3630.0 5981.0 0.0 60.4469
16:50:00 23.0 1161.0 61.49 60.22 60.49 60.21 60.2 400.0 59.65 22255.0 1161.0 510.0 651.0 0.0 60.3924
16:51:00 0.0 0.0 61.49 60.22 nan nan 60.21 300.0 59.65 22255.0 nan 0.0 0.0 0.0 nan
16:52:00 10.0 901.0 61.49 60.45 60.45 60.34 60.3 2500.0 59.65 22255.0 901.0 901.0 0.0 0.0 60.4001
16:53:00 3.0 350.0 61.49 60.42 60.42 60.4 60.25 2.0 59.65 22255.0 350.0 0.0 350.0 0.0 60.4114
16:54:00 1.0 14.0 61.49 60.38 60.38 60.38 60.3 350.0 59.65 22255.0 14.0 0.0 14.0 0.0 60.38
16:55:00 11.0 1130.0 61.49 60.21 60.35 60.21 60.27 660.0 59.65 22255.0 1130.0 300.0 830.0 0.0 60.3059
16:56:00 11.0 2843.0 61.49 60.25 60.28 60.21 60.25 1070.0 59.65 22255.0 2843.0 0.0 2843.0 0.0 60.243
16:57:00 7.0 1066.0 61.49 60.25 60.25 60.25 60.25 4.0 59.65 22255.0 1066.0 0.0 1066.0 0.0 60.25
16:58:00 2.0 562.0 61.49 60.34 60.34 60.34 60.25 4.0 59.65 22255.0 562.0 562.0 0.0 0.0 60.34
16:59:00 0.0 0.0 61.49 60.34 nan nan 60.3 2600.0 59.65 22255.0 nan 0.0 0.0 0.0 nan
17:00:00 34.0 6905.0 61.49 60.45 60.5 60.45 60.31 100.0 59.65 22255.0 6905.0 1814.0 5091.0 0.0 60.4745
