time trade_count trade_volume trade_first trade_last trade_high trade_low bid_price bid_size ask_price ask_size hid_vol buy_vol sell_vol unsided_vol vwap
09:00:00 nan 90.0 78.06 78.08 78.08 78.06 78.0 600.0 78.15 294.0 90.0 90.0 0.0 0.0 78.06
09:01:00 0.0 0.0 78.06 78.08 nan nan 78.0 1450.0 78.15 397.0 nan 0.0 0.0 0.0 nan
09:02:00 2.0 45.0 78.06 78.08 78.08 78.08 78.01 12.0 78.15 419.0 45.0 45.0 0.0 0.0 78.08
09:03:00 5.0 60.0 78.06 78.0 78.08 78.0 78.0 626.0 78.14 25.0 60.0 24.0 36.0 0.0 78.034
09:04:00 3.0 0.0 78.06 78.0 78.0 78.0 78.0 626.0 78.14 29.0 nan 0.0 0.0 0.0 nan
09:05:00 0.0 0.0 78.06 78.0 nan nan 78.0 631.0 78.07 550.0 nan 0.0 0.0 0.0 nan
09:06:00 0.0 0.0 78.06 78.0 nan nan 78.0 640.0 78.03 8.0 nan 0.0 0.0 0.0 nan
09:07:00 5.0 522.0 78.06 78.0 78.03 78.0 78.0 650.0 78.07 714.0 522.0 8.0 514.0 0.0 78.0005
09:08:00 18.0 2362.0 78.06 78.0 78.01 78.0 78.0 600.0 78.07 550.0 2362.0 178.0 2184.0 0.0 78.0008
09:09:00 1.0 5.0 78.06 78.0 78.0 78.0 78.0 600.0 78.07 550.0 5.0 0.0 5.0 0.0 78.0
09:10:00 45.0 4207.0 78.06 78.0 78.03 78.0 78.0 334.0 78.02 191.0 4207.0 87.0 4120.0 0.0 78.0006
09:11:00 24.0 2169.0 78.06 78.0 78.02 78.0 78.0 566.0 78.03 3.0 2169.0 0.0 2169.0 0.0 78.0
09:12:00 15.0 1229.0 78.06 78.0 78.0 78.0 77.85 27.0 78.03 35.0 1229.0 6.0 1223.0 0.0 78.0
09:13:00 0.0 0.0 78.06 78.0 nan nan 77.85 27.0 78.03 3.0 nan 0.0 0.0 0.0 nan
09:14:00 2.0 1.0 78.06 77.84 77.89 77.84 77.85 27.0 77.9 1099.0 1.0 0.0 1.0 0.0 77.84
09:15:00 2.0 8.0 78.06 77.88 77.88 77.85 77.88 2.0 77.9 1099.0 8.0 0.0 8.0 0.0 77.88
09:16:00 5.0 32.0 78.06 77.85 77.88 77.85 77.84 3.0 77.9 1099.0 32.0 0.0 32.0 0.0 77.8519
09:17:00 9.0 4.0 78.06 77.82 77.89 77.82 77.82 7.0 77.9 1099.0 4.0 0.0 4.0 0.0 77.8375
09:18:00 8.0 279.0 78.06 77.8 77.82 77.8 77.8 220.0 77.9 1099.0 279.0 0.0 279.0 0.0 77.8005
09:19:00 7.0 50.0 78.06 77.79 77.79 77.68 77.55 1.0 77.8 347.0 50.0 18.0 32.0 0.0 77.7228
09:20:00 4.0 21.0 78.06 77.62 77.79 77.62 77.55 1.0 77.8 251.0 21.0 21.0 0.0 0.0 77.64
09:21:00 2.0 50.0 78.06 77.56 77.6 77.56 77.55 1.0 77.7 480.0 50.0 50.0 0.0 0.0 77.6
09:22:00 9.0 1872.0 78.06 77.6 77.62 77.52 77.6 45.0 77.7 1940.0 1872.0 0.0 1872.0 0.0 77.6
09:23:00 11.0 148.0 78.06 77.69 77.69 77.55 77.64 5.0 77.7 1969.0 148.0 74.0 74.0 0.0 77.6
09:24:00 2.0 200.0 78.06 77.64 77.64 77.58 77.64 5.0 77.7 1792.0 200.0 200.0 0.0 0.0 77.64
09:25:00 0.0 0.0 78.06 77.64 nan nan 77.64 5.0 77.7 1792.0 nan 0.0 0.0 0.0 nan
09:26:00 11.0 2022.0 78.06 77.74 77.74 77.66 77.73 106.0 77.9 2183.0 2022.0 2022.0 0.0 0.0 77.7
09:27:00 1.0 0.0 78.06 77.82 77.82 77.82 77.8 106.0 77.9 2183.0 nan 0.0 0.0 0.0 nan
09:28:00 10.0 6.0 78.06 77.77 77.82 77.77 77.7 60.0 77.85 300.0 6.0 0.0 6.0 0.0 77.8
09:29:00 9.0 125.0 78.06 77.64 77.77 77.64 77.54 4.0 77.73 200.0 125.0 0.0 125.0 0.0 77.6928
09:30:00 104.0 10663.0 78.06 77.17 77.56 76.8 76.69 5.0 77.18 300.0 10663.0 950.0 9713.0 0.0 77.1268
09:31:00 116.0 3673.0 78.06 76.95 77.38 76.56 76.94 7.0 77.05 75.0 3673.0 1914.0 1759.0 0.0 77.0248
09:32:00 2.0 6.0 78.06 77.19 77.19 77.04 77.08 100.0 77.19 19.0 6.0 6.0 0.0 0.0 77.19
09:33:00 42.0 1434.0 78.06 77.22 77.22 77.02 77.07 1225.0 77.23 275.0 1434.0 319.0 1115.0 0.0 77.1078
09:34:00 574.0 74183.0 78.06 77.23 77.29 76.53 77.21 1.0 77.28 100.0 74183.0 20442.0 53741.0 0.0 76.8541
09:35:00 503.0 51037.0 78.06 77.09 77.35 76.85 77.05 25.0 77.15 900.0 51037.0 18902.0 32135.0 0.0 77.0415
09:36:00 197.0 9590.0 78.06 76.91 77.1 76.9 76.88 5.0 76.91 800.0 9590.0 4524.0 5066.0 0.0 77.0116
09:37:00 125.0 7871.0 78.06 77.01 77.06 76.7 76.91 100.0 77.01 25.0 7871.0 6435.0 1436.0 0.0 76.8542
09:38:00 231.0 18562.0 78.06 76.62 77.09 76.62 76.6 3.0 76.64 16.0 18562.0 5997.0 12565.0 0.0 76.7891
09:39:00 329.0 38780.0 78.06 76.48 76.78 76.35 76.43 25.0 76.5 225.0 38780.0 22607.0 16173.0 0.0 76.5362
09:40:00 110.0 6566.0 78.06 76.66 76.7 76.47 76.65 200.0 76.72 1100.0 6566.0 5421.0 1145.0 0.0 76.5525
09:41:00 202.0 11381.0 78.06 76.85 77.1 76.72 76.83 25.0 76.88 100.0 11381.0 9692.0 1689.0 0.0 76.9173
09:42:00 144.0 9227.0 78.06 76.67 76.815 76.61 76.63 46.0 76.71 25.0 9227.0 4691.0 4536.0 0.0 76.7379
09:43:00 338.0 25169.0 78.06 76.5 76.66 76.37 76.47 100.0 76.5 600.0 25169.0 12076.0 13093.0 0.0 76.5146
09:44:00 214.0 14844.0 78.06 76.5 76.51 76.26 76.45 100.0 76.51 200.0 14844.0 10779.0 4065.0 0.0 76.4342
09:45:00 107.0 6298.0 78.06 76.72 76.83 76.46 76.67 100.0 76.74 100.0 6298.0 5005.0 1293.0 0.0 76.698
09:46:00 67.0 2646.0 78.06 76.67 76.76 76.57 76.6 101.0 76.66 1300.0 2646.0 1595.0 1051.0 0.0 76.6464
09:47:00 124.0 6187.0 78.06 76.62 76.75 76.59 76.6 249.0 76.65 25.0 6187.0 4365.0 1822.0 0.0 76.6407
09:48:00 107.0 4978.0 78.06 76.64 76.67 76.53 76.61 118.0 76.65 54.0 4978.0 2696.0 2282.0 0.0 76.6267
09:49:00 218.0 15566.0 78.06 76.28 76.65 76.21 76.25 102.0 76.3 1050.0 15566.0 3048.0 12518.0 0.0 76.401
09:50:00 224.0 14841.0 78.06 76.37 76.37 76.18 76.35 150.0 76.37 524.0 14841.0 12078.0 2763.0 0.0 76.2806
09:51:00 104.0 5249.0 78.06 76.64 76.7 76.35 76.62 150.0 76.7 1164.0 5249.0 4388.0 861.0 0.0 76.4632
09:52:00 62.0 3981.0 78.06 76.65 76.68 76.55 76.61 102.0 76.64 25.0 3981.0 1774.0 2207.0 0.0 76.6137
09:53:00 105.0 5904.0 78.06 76.44 76.64 76.39 76.44 167.0 76.5 100.0 5904.0 3827.0 2077.0 0.0 76.4643
09:54:00 72.0 3896.0 78.06 76.36 76.555 76.34 76.34 458.0 76.37 50.0 3896.0 830.0 3066.0 0.0 76.4132
09:55:00 139.0 6546.0 78.06 76.44 76.48 76.31 76.41 183.0 76.49 851.0 6546.0 3834.0 2712.0 0.0 76.3728
09:56:00 95.0 20235.0 78.06 76.31 76.555 76.31 76.3 5.0 76.34 586.0 20235.0 14804.0 5431.0 0.0 76.467
09:57:00 188.0 14559.0 78.06 76.44 76.44 76.23 76.38 261.0 76.45 600.0 14559.0 7942.0 6617.0 0.0 76.339
09:58:00 141.0 21537.0 78.06 76.39 76.46 76.33 76.36 50.0 76.39 51.0 21537.0 5152.0 16385.0 0.0 76.3797
09:59:00 192.0 15808.0 78.06 76.35 76.46 76.34 76.35 375.0 76.39 50.0 15808.0 7409.0 8399.0 0.0 76.3878
10:00:00 221.0 27433.0 78.06 76.245 76.38 76.22 76.23 50.0 76.26 95.0 27433.0 5347.0 22086.0 0.0 76.2889
10:01:00 294.0 19950.0 78.06 76.14 76.3 76.05 76.1 700.0 76.14 1321.0 19950.0 11788.0 8162.0 0.0 76.1652
10:02:00 134.0 9990.0 78.06 76.32 76.4 76.08 76.27 19.0 76.31 50.0 9990.0 6644.0 3346.0 0.0 76.1725
10:03:00 351.0 25876.0 78.06 75.92 76.37 75.85 75.88 200.0 75.93 1620.0 25876.0 7460.0 18416.0 0.0 76.006
10:04:00 468.0 52325.0 78.06 75.74 75.93 75.69 75.72 1306.0 75.75 50.0 52325.0 35570.0 16755.0 0.0 75.7735
10:05:00 200.0 9986.0 78.06 75.76 75.85 75.58 75.76 198.0 75.79 1.0 9986.0 4978.0 5008.0 0.0 75.6803
10:06:00 250.0 18589.0 78.06 75.71 75.8 75.66 75.69 150.0 75.73 118.0 18589.0 7357.0 11232.0 0.0 75.766
10:07:00 141.0 8557.0 78.06 76.35 76.35 75.73 76.3 102.0 76.36 6.0 8557.0 6418.0 2139.0 0.0 76.1228
10:08:00 66.0 3130.0 78.06 76.14 76.34 76.14 76.13 7.0 76.2 131.0 3130.0 1100.0 2030.0 0.0 76.2217
10:09:00 33.0 1738.0 78.06 76.22 76.24 76.13 76.18 100.0 76.25 629.0 1738.0 1370.0 368.0 0.0 76.1645
10:10:00 107.0 5288.0 78.06 76.18 76.32 76.1 76.13 50.0 76.2 200.0 5288.0 3725.0 1563.0 0.0 76.1945
10:11:00 84.0 5487.0 78.06 76.39 76.51 76.25 76.35 100.0 76.41 135.0 5487.0 4292.0 1195.0 0.0 76.4271
10:12:00 31.0 1496.0 78.06 76.46 76.46 76.31 76.39 450.0 76.45 300.0 1496.0 1385.0 111.0 0.0 76.3678
10:13:00 100.0 6250.0 78.06 76.45 76.6 76.35 76.4 268.0 76.46 336.0 6250.0 2504.0 3746.0 0.0 76.4633
10:14:00 81.0 3465.0 78.06 76.62 76.63 76.4 76.56 160.0 76.63 230.0 3465.0 2422.0 1043.0 0.0 76.5091
10:15:00 123.0 7634.0 78.06 76.78 76.79 76.55 76.74 50.0 76.78 4.0 7634.0 6490.0 1144.0 0.0 76.6827
10:16:00 55.0 4758.0 78.06 76.7 76.79 76.67 76.68 500.0 76.73 8.0 4758.0 2438.0 2320.0 0.0 76.7369
10:17:00 269.0 37238.0 78.06 76.925 76.96 76.68 76.91 50.0 76.95 200.0 37238.0 16874.0 20364.0 0.0 76.8798
10:18:00 203.0 22642.0 78.06 77.06 77.18 76.94 77.01 150.0 77.08 250.0 22642.0 14315.0 8327.0 0.0 77.0166
10:19:00 80.0 3669.0 78.06 76.83 77.08 76.83 76.82 150.0 76.89 226.0 3669.0 790.0 2879.0 0.0 76.9424
10:20:00 36.0 1867.0 78.06 76.94 76.96 76.88 76.89 210.0 76.95 925.0 1867.0 1573.0 294.0 0.0 76.9225
10:21:00 242.0 22867.0 78.06 77.01 77.04 76.82 76.99 100.0 77.02 200.0 22867.0 7404.0 15463.0 0.0 76.9559
10:22:00 372.0 25015.0 78.06 76.8 77.02 76.8 76.76 218.0 76.81 170.0 25015.0 4012.0 21003.0 0.0 76.9004
10:23:00 161.0 5311.0 78.06 76.92 76.98 76.79 76.89 211.0 76.95 150.0 5311.0 3468.0 1843.0 0.0 76.8845
10:24:00 64.0 3154.0 78.06 77.0 77.05 76.93 76.94 452.0 77.0 604.0 3154.0 1930.0 1224.0 0.0 76.9849
10:25:00 82.0 6336.0 78.06 77.04 77.04 76.87 77.0 501.0 77.04 1.0 6336.0 2884.0 3452.0 0.0 76.9236
10:26:00 115.0 7458.0 78.06 76.83 77.03 76.69 76.74 160.0 76.8 2.0 7458.0 2725.0 4733.0 0.0 76.8333
10:27:00 157.0 5990.0 78.06 76.55 76.8 76.55 76.51 50.0 76.56 370.0 5990.0 2826.0 3164.0 0.0 76.6649
10:28:00 200.0 11835.0 78.06 76.68 76.68 76.42 76.65 300.0 76.7 562.0 11835.0 6442.0 5393.0 0.0 76.524
10:29:00 99.0 4923.0 78.06 76.74 76.81 76.65 76.74 49.0 76.75 112.0 4923.0 1728.0 3195.0 0.0 76.7231
10:30:00 58.0 2568.0 78.06 76.82 76.86 76.74 76.79 250.0 76.83 11.0 2568.0 1815.0 753.0 0.0 76.8067
10:31:00 148.0 14598.0 78.06 76.72 76.8 76.66 76.65 250.0 76.71 387.0 14598.0 2581.0 12017.0 0.0 76.7278
10:32:00 83.0 1712.0 78.06 76.65 76.795 76.65 76.65 100.0 76.68 534.0 1712.0 732.0 980.0 0.0 76.6985
10:33:00 82.0 4166.0 78.06 76.58 76.65 76.52 76.57 695.0 76.6 314.0 4166.0 2790.0 1376.0 0.0 76.5867
10:34:00 75.0 3779.0 78.06 76.4 76.6 76.4 76.38 144.0 76.43 50.0 3779.0 1440.0 2339.0 0.0 76.5043
10:35:00 46.0 1310.0 78.06 76.4 76.52 76.4 76.37 210.0 76.42 10.0 1310.0 711.0 599.0 0.0 76.4425
10:36:00 76.0 1854.0 78.06 76.46 76.47 76.33 76.43 150.0 76.5 64.0 1854.0 1572.0 282.0 0.0 76.3884
10:37:00 134.0 5195.0 78.06 76.55 76.55 76.41 76.52 166.0 76.58 200.0 5195.0 2002.0 3193.0 0.0 76.4536
10:38:00 56.0 1814.0 78.06 76.595 76.6 76.42 76.56 302.0 76.63 450.0 1814.0 1310.0 504.0 0.0 76.5172
10:39:00 33.0 1828.0 78.06 76.41 76.56 76.41 76.38 700.0 76.43 150.0 1828.0 119.0 1709.0 0.0 76.4903
10:40:00 31.0 1072.0 78.06 76.455 76.5 76.405 76.41 400.0 76.48 150.0 1072.0 322.0 750.0 0.0 76.4586
10:41:00 69.0 2780.0 78.06 76.41 76.47 76.37 76.39 200.0 76.43 80.0 2780.0 1046.0 1734.0 0.0 76.4203
10:42:00 33.0 679.0 78.06 76.42 76.48 76.4 76.39 400.0 76.45 330.0 679.0 428.0 251.0 0.0 76.4409
10:43:00 46.0 2403.0 78.06 76.38 76.45 76.34 76.34 708.0 76.38 660.0 2403.0 787.0 1616.0 0.0 76.3739
10:44:00 78.0 5134.0 78.06 76.39 76.4 76.28 76.36 50.0 76.41 100.0 5134.0 2420.0 2714.0 0.0 76.3405
10:45:00 67.0 3110.0 78.06 76.37 76.43 76.35 76.35 200.0 76.4 4.0 3110.0 426.0 2684.0 0.0 76.3916
10:46:00 94.0 4064.0 78.06 76.28 76.41 76.25 76.25 451.0 76.3 250.0 4064.0 1097.0 2967.0 0.0 76.3221
10:47:00 143.0 3625.0 78.06 76.34 76.49 76.22 76.31 800.0 76.37 50.0 3625.0 2531.0 1094.0 0.0 76.3554
10:48:00 155.0 15966.0 78.06 76.27 76.36 76.17 76.27 24.0 76.34 5.0 15966.0 2889.0 13077.0 0.0 76.2179
10:49:00 66.0 3686.0 78.06 76.27 76.3 76.235 76.21 150.0 76.27 33.0 3686.0 1034.0 2652.0 0.0 76.2564
10:50:00 34.0 725.0 78.06 76.26 76.29 76.21 76.22 100.0 76.28 107.0 725.0 496.0 229.0 0.0 76.2581
10:51:00 70.0 5650.0 78.06 76.16 76.28 76.13 76.1 303.0 76.16 50.0 5650.0 155.0 5495.0 0.0 76.1761
10:52:00 65.0 3334.0 78.06 76.19 76.22 76.12 76.19 98.0 76.22 50.0 3334.0 1489.0 1845.0 0.0 76.1608
10:53:00 112.0 2566.0 78.06 76.27 76.3 76.195 76.23 150.0 76.3 451.0 2566.0 926.0 1640.0 0.0 76.2669
10:54:00 18.0 235.0 78.06 76.27 76.32 76.26 76.25 158.0 76.3 790.0 235.0 184.0 51.0 0.0 76.2949
10:55:00 129.0 5689.0 78.06 76.11 76.26 76.08 76.09 100.0 76.13 36.0 5689.0 1732.0 3957.0 0.0 76.1413
10:56:00 85.0 3815.0 78.06 76.17 76.17 76.05 76.14 110.0 76.19 50.0 3815.0 564.0 3251.0 0.0 76.0767
10:57:00 61.0 1991.0 78.06 76.3 76.3 76.16 76.27 158.0 76.33 350.0 1991.0 1856.0 135.0 0.0 76.2564
10:58:00 61.0 3440.0 78.06 76.27 76.33 76.22 76.23 50.0 76.28 4.0 3440.0 908.0 2532.0 0.0 76.2812
10:59:00 81.0 3935.0 78.06 76.42 76.45 76.26 76.41 372.0 76.46 150.0 3935.0 3914.0 21.0 0.0 76.3577
11:00:00 118.0 4440.0 78.06 76.52 76.59 76.39 76.52 300.0 76.59 250.0 4440.0 1307.0 3133.0 0.0 76.5003
11:01:00 71.0 3471.0 78.06 76.47 76.52 76.37 76.43 1.0 76.5 369.0 3471.0 456.0 3015.0 0.0 76.4452
11:02:00 38.0 2017.0 78.06 76.65 76.65 76.48 76.62 50.0 76.65 50.0 2017.0 1816.0 201.0 0.0 76.532
11:03:00 67.0 1762.0 78.06 76.71 76.72 76.63 76.66 250.0 76.74 250.0 1762.0 927.0 835.0 0.0 76.687
11:04:00 68.0 3073.0 78.06 76.71 76.79 76.64 76.66 4.0 76.71 2.0 3073.0 745.0 2328.0 0.0 76.7031
11:05:00 27.0 1366.0 78.06 76.65 76.73 76.63 76.63 719.0 76.67 38.0 1366.0 748.0 618.0 0.0 76.6757
11:06:00 202.0 10467.0 78.06 77.18 77.2 76.66 77.17 16.0 77.2 5.0 10467.0 8642.0 1825.0 0.0 77.0454
11:07:00 310.0 15889.0 78.06 77.38 77.42 77.08 77.38 300.0 77.41 100.0 15889.0 10539.0 5350.0 0.0 77.2754
11:08:00 151.0 8117.0 78.06 77.45 77.5 77.38 77.43 291.0 77.47 52.0 8117.0 4534.0 3583.0 0.0 77.4698
11:09:00 68.0 1934.0 78.06 77.36 77.49 77.31 77.31 150.0 77.36 58.0 1934.0 592.0 1342.0 0.0 77.4025
11:10:00 36.0 828.0 78.06 77.28 77.32 77.27 77.26 7.0 77.32 459.0 828.0 113.0 715.0 0.0 77.2885
11:11:00 108.0 5053.0 78.06 77.35 77.49 77.22 77.34 400.0 77.38 160.0 5053.0 2928.0 2125.0 0.0 77.407
11:12:00 96.0 3255.0 78.06 77.16 77.34 77.16 77.17 38.0 77.23 236.0 3255.0 470.0 2785.0 0.0 77.26
11:13:00 91.0 2917.0 78.06 77.24 77.29 77.15 77.22 243.0 77.26 251.0 2917.0 1946.0 971.0 0.0 77.2141
11:14:00 115.0 4145.0 78.06 77.25 77.34 77.19 77.2 200.0 77.25 55.0 4145.0 789.0 3356.0 0.0 77.2628
11:15:00 92.0 1285.0 78.06 77.28 77.33 77.2 77.25 4.0 77.3 360.0 1285.0 623.0 662.0 0.0 77.2826
11:16:00 34.0 523.0 78.06 77.23 77.28 77.18 77.22 101.0 77.26 154.0 523.0 205.0 318.0 0.0 77.2483
11:17:00 92.0 4115.0 78.06 77.34 77.38 77.19 77.34 122.0 77.39 250.0 4115.0 3207.0 908.0 0.0 77.2892
11:18:00 65.0 994.0 78.06 77.31 77.4 77.29 77.25 270.0 77.3 50.0 994.0 565.0 429.0 0.0 77.3424
11:19:00 43.0 1950.0 78.06 77.3 77.38 77.25 77.25 251.0 77.32 456.0 1950.0 1717.0 233.0 0.0 77.32
11:20:00 36.0 645.0 78.06 77.255 77.29 77.21 77.23 314.0 77.28 5.0 645.0 427.0 218.0 0.0 77.2377
11:21:00 63.0 1926.0 78.06 77.28 77.3 77.23 77.25 290.0 77.31 139.0 1926.0 878.0 1048.0 0.0 77.2854
11:22:00 38.0 1013.0 78.06 77.215 77.26 77.2 77.2 301.0 77.23 489.0 1013.0 560.0 453.0 0.0 77.2288
11:23:00 88.0 3551.0 78.06 77.31 77.4 77.215 77.29 100.0 77.33 323.0 3551.0 2989.0 562.0 0.0 77.3182
11:24:00 61.0 2371.0 78.06 77.36 77.42 77.3 77.36 300.0 77.41 97.0 2371.0 1005.0 1366.0 0.0 77.3629
11:25:00 66.0 3008.0 78.06 77.25 77.37 77.23 77.21 150.0 77.27 55.0 3008.0 187.0 2821.0 0.0 77.2904
11:26:00 41.0 11345.0 78.06 77.36 77.36 77.26 77.34 154.0 77.39 600.0 11345.0 11224.0 121.0 0.0 77.2852
11:27:00 67.0 4204.0 78.06 77.37 77.44 77.35 77.37 6.0 77.4 270.0 4204.0 3079.0 1125.0 0.0 77.41
11:28:00 54.0 3458.0 78.06 77.43 77.45 77.39 77.41 460.0 77.45 210.0 3458.0 2513.0 945.0 0.0 77.4159
11:29:00 52.0 2039.0 78.06 77.36 77.43 77.355 77.36 150.0 77.41 250.0 2039.0 526.0 1513.0 0.0 77.384
11:30:00 82.0 3642.0 78.06 77.49 77.49 77.37 77.48 52.0 77.49 62.0 3642.0 3291.0 351.0 0.0 77.4496
11:31:00 111.0 5464.0 78.06 77.4 77.51 77.38 77.39 200.0 77.41 4.0 5464.0 2843.0 2621.0 0.0 77.4578
11:32:00 64.0 1744.0 78.06 77.44 77.47 77.39 77.43 200.0 77.47 770.0 1744.0 1559.0 185.0 0.0 77.4407
11:33:00 84.0 3594.0 78.06 77.4 77.46 77.33 77.39 67.0 77.41 190.0 3594.0 1502.0 2092.0 0.0 77.4081
11:34:00 44.0 1514.0 78.06 77.4 77.42 77.34 77.38 351.0 77.4 289.0 1514.0 1322.0 192.0 0.0 77.3837
11:35:00 66.0 3213.0 78.06 77.5 77.5 77.38 77.49 20.0 77.52 250.0 3213.0 2998.0 215.0 0.0 77.4634
11:36:00 66.0 3452.0 78.06 77.42 77.52 77.405 77.39 152.0 77.42 5.0 3452.0 507.0 2945.0 0.0 77.4937
11:37:00 62.0 3050.0 78.06 77.39 77.43 77.32 77.38 6.0 77.41 186.0 3050.0 2339.0 711.0 0.0 77.3832
11:38:00 61.0 2342.0 78.06 77.25 77.43 77.25 77.2 259.0 77.25 300.0 2342.0 706.0 1636.0 0.0 77.3687
11:39:00 41.0 2004.0 78.06 77.2 77.24 77.13 77.19 101.0 77.22 5.0 2004.0 1076.0 928.0 0.0 77.1962
11:40:00 59.0 708.0 78.06 77.19 77.25 77.18 77.16 6.0 77.2 250.0 708.0 364.0 344.0 0.0 77.2126
11:41:00 132.0 4960.0 78.06 77.075 77.2 77.05 77.05 50.0 77.07 50.0 4960.0 1758.0 3202.0 0.0 77.1023
11:42:00 39.0 381.0 78.06 77.07 77.14 77.05 77.05 350.0 77.1 50.0 381.0 193.0 188.0 0.0 77.0968
11:43:00 37.0 1250.0 78.06 77.1 77.15 77.085 77.05 150.0 77.1 253.0 1250.0 938.0 312.0 0.0 77.1373
11:44:00 40.0 961.0 78.06 77.13 77.16 77.05 77.12 1.0 77.15 10.0 961.0 560.0 401.0 0.0 77.1034
11:45:00 63.0 1992.0 78.06 77.26 77.26 77.15 77.23 350.0 77.27 20.0 1992.0 1752.0 240.0 0.0 77.2038
11:46:00 32.0 1113.0 78.06 77.22 77.25 77.18 77.19 10.0 77.24 400.0 1113.0 600.0 513.0 0.0 77.2144
11:47:00 34.0 1661.0 78.06 77.37 77.37 77.24 77.36 353.0 77.41 150.0 1661.0 1661.0 0.0 0.0 77.3192
11:48:00 36.0 2158.0 78.06 77.35 77.36 77.31 77.3 161.0 77.36 110.0 2158.0 543.0 1615.0 0.0 77.3276
11:49:00 33.0 1026.0 78.06 77.35 77.36 77.29 77.32 352.0 77.37 106.0 1026.0 1003.0 23.0 0.0 77.3425
11:50:00 77.0 5071.0 78.06 77.5 77.58 77.37 77.52 50.0 77.58 19.0 5071.0 4135.0 936.0 0.0 77.5027
11:51:00 27.0 710.0 78.06 77.5 77.52 77.495 77.49 300.0 77.53 14.0 710.0 312.0 398.0 0.0 77.5103
11:52:00 11.0 417.0 78.06 77.46 77.53 77.46 77.45 770.0 77.49 563.0 417.0 11.0 406.0 0.0 77.5261
11:53:00 66.0 3020.0 78.06 77.42 77.49 77.42 77.4 317.0 77.46 150.0 3020.0 1547.0 1473.0 0.0 77.4622
11:54:00 31.0 1149.0 78.06 77.465 77.47 77.4 77.45 118.0 77.48 283.0 1149.0 829.0 320.0 0.0 77.4309
11:55:00 60.0 2223.0 78.06 77.48 77.53 77.47 77.47 110.0 77.52 2330.0 2223.0 1805.0 418.0 0.0 77.4928
11:56:00 33.0 2961.0 78.06 77.48 77.58 77.48 77.46 300.0 77.5 10.0 2961.0 2596.0 365.0 0.0 77.5243
11:57:00 43.0 1202.0 78.06 77.48 77.53 77.45 77.45 153.0 77.49 284.0 1202.0 912.0 290.0 0.0 77.5104
11:58:00 42.0 1109.0 78.06 77.405 77.51 77.39 77.38 501.0 77.43 230.0 1109.0 545.0 564.0 0.0 77.4386
11:59:00 44.0 1925.0 78.06 77.52 77.52 77.41 77.46 211.0 77.5 350.0 1925.0 1899.0 26.0 0.0 77.4533
12:00:00 41.0 1236.0 78.06 77.51 77.55 77.49 77.49 211.0 77.54 350.0 1236.0 990.0 246.0 0.0 77.513
12:01:00 60.0 4172.0 78.06 77.52 77.64 77.495 77.5 150.0 77.55 48.0 4172.0 3694.0 478.0 0.0 77.5667
12:02:00 49.0 2647.0 78.06 77.59 77.59 77.53 77.56 202.0 77.6 500.0 2647.0 2529.0 118.0 0.0 77.5568
12:03:00 87.0 5828.0 78.06 77.5 77.62 77.5 77.5 150.0 77.54 170.0 5828.0 3446.0 2382.0 0.0 77.5782
12:04:00 46.0 977.0 78.06 77.54 77.63 77.525 77.51 101.0 77.56 10.0 977.0 715.0 262.0 0.0 77.5794
12:05:00 38.0 985.0 78.06 77.57 77.57 77.51 77.53 253.0 77.59 650.0 985.0 600.0 385.0 0.0 77.55
12:06:00 52.0 2365.0 78.06 77.59 77.59 77.5 77.56 54.0 77.59 20.0 2365.0 1694.0 671.0 0.0 77.5467
12:07:00 27.0 922.0 78.06 77.61 77.62 77.58 77.56 1.0 77.6 500.0 922.0 316.0 606.0 0.0 77.5959
12:08:00 30.0 1151.0 78.06 77.52 77.58 77.51 77.51 105.0 77.54 32.0 1151.0 500.0 651.0 0.0 77.5375
12:09:00 51.0 2630.0 78.06 77.48 77.55 77.48 77.48 1.0 77.51 4.0 2630.0 1580.0 1050.0 0.0 77.4989
12:10:00 42.0 1259.0 78.06 77.53 77.53 77.47 77.51 460.0 77.55 108.0 1259.0 1026.0 233.0 0.0 77.5038
12:11:00 68.0 3414.0 78.06 77.54 77.54 77.49 77.54 100.0 77.55 218.0 3414.0 2364.0 1050.0 0.0 77.5226
12:12:00 76.0 1716.0 78.06 77.62 77.65 77.55 77.61 55.0 77.63 10.0 1716.0 923.0 793.0 0.0 77.5998
12:13:00 60.0 2907.0 78.06 77.59 77.66 77.59 77.57 301.0 77.61 189.0 2907.0 1843.0 1064.0 0.0 77.6403
12:14:00 58.0 1487.0 78.06 77.49 77.61 77.45 77.45 285.0 77.5 150.0 1487.0 1003.0 484.0 0.0 77.5017
12:15:00 82.0 2474.0 78.06 77.525 77.55 77.46 77.5 250.0 77.55 711.0 2474.0 2221.0 253.0 0.0 77.5092
12:16:00 39.0 847.0 78.06 77.49 77.53 77.49 77.46 1.0 77.5 411.0 847.0 487.0 360.0 0.0 77.5177
12:17:00 50.0 1778.0 78.06 77.5 77.52 77.45 77.49 103.0 77.53 418.0 1778.0 1560.0 218.0 0.0 77.4946
12:18:00 34.0 1177.0 78.06 77.49 77.5 77.47 77.48 352.0 77.51 4.0 1177.0 617.0 560.0 0.0 77.4922
12:19:00 103.0 4566.0 78.06 77.51 77.6 77.51 77.5 50.0 77.52 15.0 4566.0 3097.0 1469.0 0.0 77.5471
12:20:00 166.0 40920.0 78.06 77.48 77.53 77.36 77.48 29.0 77.51 500.0 40920.0 37757.0 3163.0 0.0 77.4024
12:21:00 46.0 1971.0 78.06 77.45 77.52 77.44 77.41 150.0 77.45 290.0 1971.0 1191.0 780.0 0.0 77.4832
12:22:00 89.0 2878.0 78.06 77.44 77.48 77.42 77.43 413.0 77.46 868.0 2878.0 1578.0 1300.0 0.0 77.4519
12:23:00 112.0 2931.0 78.06 77.38 77.44 77.36 77.37 6.0 77.4 284.0 2931.0 1545.0 1386.0 0.0 77.4004
12:24:00 43.0 1666.0 78.06 77.39 77.39 77.369 77.37 51.0 77.4 184.0 1666.0 1252.0 414.0 0.0 77.3776
12:25:00 48.0 1339.0 78.06 77.43 77.43 77.39 77.43 122.0 77.44 10.0 1339.0 1280.0 59.0 0.0 77.407
12:26:00 41.0 1778.0 78.06 77.55 77.57 77.43 77.55 309.0 77.56 19.0 1778.0 1615.0 163.0 0.0 77.5127
12:27:00 34.0 1342.0 78.06 77.51 77.55 77.51 77.5 251.0 77.54 50.0 1342.0 685.0 657.0 0.0 77.5467
12:28:00 40.0 3637.0 78.06 77.52 77.6 77.49 77.52 50.0 77.56 625.0 3637.0 3331.0 306.0 0.0 77.5687
12:29:00 50.0 1424.0 78.06 77.55 77.62 77.55 77.53 250.0 77.57 670.0 1424.0 1076.0 348.0 0.0 77.5705
12:30:00 44.0 1978.0 78.06 77.54 77.56 77.52 77.52 310.0 77.55 54.0 1978.0 1012.0 966.0 0.0 77.5448
12:31:00 39.0 1527.0 78.06 77.5 77.53 77.495 77.48 8.0 77.5 50.0 1527.0 848.0 679.0 0.0 77.5199
12:32:00 26.0 698.0 78.06 77.42 77.48 77.41 77.4 103.0 77.43 350.0 698.0 654.0 44.0 0.0 77.465
12:33:00 82.0 2990.0 78.06 77.52 77.55 77.43 77.5 251.0 77.54 137.0 2990.0 2411.0 579.0 0.0 77.5038
12:34:00 19.0 713.0 78.06 77.46 77.54 77.44 77.43 341.0 77.47 820.0 713.0 230.0 483.0 0.0 77.48
12:35:00 52.0 1635.0 78.06 77.34 77.43 77.3 77.3 488.0 77.34 31.0 1635.0 633.0 1002.0 0.0 77.3423
12:36:00 26.0 1498.0 78.06 77.35 77.39 77.32 77.33 100.0 77.36 584.0 1498.0 921.0 577.0 0.0 77.3491
12:37:00 21.0 927.0 78.06 77.28 77.36 77.28 77.29 201.0 77.31 8.0 927.0 572.0 355.0 0.0 77.3243
12:38:00 44.0 1469.0 78.06 77.31 77.33 77.27 77.29 250.0 77.34 720.0 1469.0 1261.0 208.0 0.0 77.2987
12:39:00 14.0 543.0 78.06 77.3 77.35 77.3 77.26 175.0 77.3 683.0 543.0 543.0 0.0 0.0 77.3396
12:40:00 50.0 2113.0 78.06 77.25 77.3 77.23 77.22 201.0 77.25 50.0 2113.0 1335.0 778.0 0.0 77.2594
12:41:00 22.0 517.0 78.06 77.2 77.25 77.18 77.18 157.0 77.23 350.0 517.0 404.0 113.0 0.0 77.2182
12:42:00 52.0 3124.0 78.06 77.19 77.19 77.155 77.18 36.0 77.2 54.0 3124.0 2926.0 198.0 0.0 77.1808
12:43:00 18.0 470.0 78.06 77.14 77.18 77.13 77.12 159.0 77.16 50.0 470.0 108.0 362.0 0.0 77.15
12:44:00 66.0 8264.0 78.06 77.1 77.12 77.03 77.06 10.0 77.09 50.0 8264.0 2378.0 5886.0 0.0 77.0949
12:45:00 30.0 1412.0 78.06 77.08 77.1 77.05 77.04 309.0 77.07 350.0 1412.0 950.0 462.0 0.0 77.0841
12:46:00 30.0 1414.0 78.06 77.09 77.09 77.02 77.06 200.0 77.09 762.0 1414.0 821.0 593.0 0.0 77.0643
12:47:00 77.0 7210.0 78.06 77.05 77.1 77.0 77.03 50.0 77.06 100.0 7210.0 1962.0 5248.0 0.0 77.0334
12:48:00 30.0 2414.0 78.06 76.96 77.04 76.93 76.93 150.0 76.97 4.0 2414.0 43.0 2371.0 0.0 77.0038
12:49:00 42.0 1697.0 78.06 77.0 77.0 76.86 76.99 223.0 77.03 212.0 1697.0 1178.0 519.0 0.0 76.9442
12:50:00 33.0 912.0 78.06 76.97 77.01 76.97 76.94 101.0 76.98 250.0 912.0 423.0 489.0 0.0 76.9927
12:51:00 23.0 880.0 78.06 76.94 76.96 76.93 76.92 164.0 76.96 191.0 880.0 826.0 54.0 0.0 76.9476
12:52:00 43.0 1367.0 78.06 76.955 76.96 76.89 76.92 400.0 76.96 1285.0 1367.0 1058.0 309.0 0.0 76.9347
12:53:00 46.0 2680.0 78.06 76.91 76.97 76.89 76.91 102.0 76.92 50.0 2680.0 1645.0 1035.0 0.0 76.9361
12:54:00 18.0 380.0 78.06 76.92 76.93 76.89 76.91 41.0 76.93 15.0 380.0 75.0 305.0 0.0 76.9106
12:55:00 43.0 2004.0 78.06 76.87 76.93 76.87 76.87 500.0 76.89 400.0 2004.0 612.0 1392.0 0.0 76.8885
12:56:00 23.0 1285.0 78.06 76.76 76.87 76.76 76.75 903.0 76.77 300.0 1285.0 498.0 787.0 0.0 76.8205
12:57:00 29.0 946.0 78.06 76.81 76.83 76.77 76.8 100.0 76.83 50.0 946.0 810.0 136.0 0.0 76.7913
12:58:00 73.0 4656.0 78.06 76.7 76.76 76.65 76.67 100.0 76.7 50.0 4656.0 722.0 3934.0 0.0 76.7254
12:59:00 32.0 1642.0 78.06 76.71 76.72 76.67 76.68 100.0 76.72 200.0 1642.0 841.0 801.0 0.0 76.698
13:00:00 122.0 5494.0 78.06 76.71 76.79 76.66 76.71 150.0 76.75 204.0 5494.0 4417.0 1077.0 0.0 76.7463
13:01:00 34.0 1585.0 78.06 76.73 76.79 76.71 76.7 3.0 76.74 85.0 1585.0 511.0 1074.0 0.0 76.7315
13:02:00 13.0 430.0 78.06 76.72 76.72 76.7 76.7 150.0 76.73 4.0 430.0 327.0 103.0 0.0 76.7152
13:03:00 27.0 630.0 78.06 76.72 76.75 76.72 76.72 50.0 76.74 490.0 630.0 381.0 249.0 0.0 76.7428
13:04:00 46.0 2883.0 78.06 76.69 76.72 76.65 76.67 452.0 76.71 50.0 2883.0 969.0 1914.0 0.0 76.6816
13:05:00 23.0 1185.0 78.06 76.64 76.67 76.64 76.63 4.0 76.65 50.0 1185.0 584.0 601.0 0.0 76.6559
13:06:00 64.0 5226.0 78.06 76.69 76.69 76.56 76.65 250.0 76.69 460.0 5226.0 4233.0 993.0 0.0 76.6216
13:07:00 26.0 1057.0 78.06 76.66 76.72 76.66 76.64 220.0 76.67 350.0 1057.0 478.0 579.0 0.0 76.693
13:08:00 37.0 1137.0 78.06 76.64 76.71 76.64 76.63 100.0 76.66 320.0 1137.0 928.0 209.0 0.0 76.6841
13:09:00 46.0 3268.0 78.06 76.57 76.63 76.5 76.56 153.0 76.59 10.0 3268.0 2242.0 1026.0 0.0 76.5581
13:10:00 29.0 2322.0 78.06 76.63 76.63 76.54 76.6 100.0 76.64 14.0 2322.0 639.0 1683.0 0.0 76.554
13:11:00 16.0 889.0 78.06 76.54 76.65 76.54 76.52 100.0 76.56 250.0 889.0 224.0 665.0 0.0 76.6243
13:12:00 66.0 4843.0 78.06 76.42 76.53 76.41 76.43 50.0 76.47 565.0 4843.0 1371.0 3472.0 0.0 76.4725
13:13:00 55.0 4206.0 78.06 76.55 76.56 76.47 76.54 50.0 76.57 42.0 4206.0 3951.0 255.0 0.0 76.5164
13:14:00 3.0 67.0 78.06 76.55 76.57 76.55 76.53 49.0 76.57 10.0 67.0 42.0 25.0 0.0 76.5625
13:15:00 28.0 1024.0 78.06 76.53 76.62 76.53 76.53 101.0 76.56 100.0 1024.0 534.0 490.0 0.0 76.5678
13:16:00 40.0 1368.0 78.06 76.57 76.64 76.55 76.55 150.0 76.61 270.0 1368.0 956.0 412.0 0.0 76.5974
13:17:00 35.0 1265.0 78.06 76.61 76.65 76.58 76.61 52.0 76.64 40.0 1265.0 705.0 560.0 0.0 76.6124
13:18:00 26.0 859.0 78.06 76.61 76.66 76.61 76.6 200.0 76.64 206.0 859.0 255.0 604.0 0.0 76.6336
13:19:00 12.0 281.0 78.06 76.54 76.62 76.54 76.52 271.0 76.57 150.0 281.0 154.0 127.0 0.0 76.6077
13:20:00 43.0 2263.0 78.06 76.5 76.59 76.48 76.46 100.0 76.5 100.0 2263.0 885.0 1378.0 0.0 76.5342
13:21:00 31.0 2599.0 78.06 76.47 76.53 76.47 76.46 20.0 76.5 150.0 2599.0 1120.0 1479.0 0.0 76.501
13:22:00 35.0 3644.0 78.06 76.45 76.46 76.4 76.4 800.0 76.45 795.0 3644.0 189.0 3455.0 0.0 76.4142
13:23:00 22.0 1419.0 78.06 76.41 76.41 76.37 76.38 151.0 76.41 5.0 1419.0 99.0 1320.0 0.0 76.3886
13:24:00 7.0 17.0 78.06 76.39 76.41 76.39 76.39 901.0 76.42 650.0 17.0 5.0 12.0 0.0 76.3959
13:25:00 46.0 6322.0 78.06 76.43 76.43 76.34 76.42 301.0 76.46 100.0 6322.0 3591.0 2731.0 0.0 76.4005
13:26:00 24.0 951.0 78.06 76.43 76.45 76.42 76.42 19.0 76.45 110.0 951.0 471.0 480.0 0.0 76.4365
13:27:00 25.0 1083.0 78.06 76.46 76.5 76.45 76.45 3276.0 76.48 150.0 1083.0 983.0 100.0 0.0 76.4767
13:28:00 21.0 5156.0 78.06 76.44 76.48 76.43 76.43 50.0 76.45 8.0 5156.0 320.0 4836.0 0.0 76.4488
13:29:00 26.0 627.0 78.06 76.46 76.46 76.41 76.43 152.0 76.46 1.0 627.0 349.0 278.0 0.0 76.4394
13:30:00 3.0 32.0 78.06 76.45 76.46 76.45 76.43 402.0 76.47 589.0 32.0 31.0 1.0 0.0 76.4503
13:31:00 75.0 4147.0 78.06 76.41 76.47 76.37 76.41 176.0 76.44 1150.0 4147.0 876.0 3271.0 0.0 76.4134
13:32:00 17.0 718.0 78.06 76.43 76.44 76.39 76.42 110.0 76.45 1154.0 718.0 380.0 338.0 0.0 76.4218
13:33:00 32.0 1080.0 78.06 76.45 76.45 76.39 76.44 2.0 76.45 50.0 1080.0 851.0 229.0 0.0 76.4379
13:34:00 47.0 1348.0 78.06 76.51 76.51 76.41 76.5 260.0 76.51 4.0 1348.0 1328.0 20.0 0.0 76.472
13:35:00 30.0 2160.0 78.06 76.56 76.56 76.49 76.54 201.0 76.57 30.0 2160.0 681.0 1479.0 0.0 76.5218
13:36:00 30.0 3172.0 78.06 76.52 76.54 76.49 76.5 206.0 76.52 38.0 3172.0 1030.0 2142.0 0.0 76.523
13:37:00 39.0 1963.0 78.06 76.49 76.54 76.45 76.47 583.0 76.51 5.0 1963.0 1044.0 919.0 0.0 76.4921
13:38:00 17.0 1420.0 78.06 76.44 76.47 76.44 76.43 21.0 76.46 200.0 1420.0 14.0 1406.0 0.0 76.4566
13:39:00 25.0 921.0 78.06 76.44 76.45 76.42 76.41 156.0 76.45 181.0 921.0 781.0 140.0 0.0 76.4412
13:40:00 9.0 319.0 78.06 76.41 76.44 76.41 76.4 905.0 76.43 250.0 319.0 0.0 319.0 0.0 76.4135
13:41:00 47.0 4038.0 78.06 76.33 76.41 76.31 76.32 111.0 76.36 298.0 4038.0 2063.0 1975.0 0.0 76.3536
13:42:00 72.0 8727.0 78.06 76.2 76.32 76.18 76.18 50.0 76.24 152.0 8727.0 110.0 8617.0 0.0 76.2426
13:43:00 63.0 3712.0 78.06 76.17 76.22 76.121 76.16 350.0 76.2 850.0 3712.0 849.0 2863.0 0.0 76.1765
13:44:00 39.0 3300.0 78.06 76.03 76.16 76.03 76.02 55.0 76.05 168.0 3300.0 105.0 3195.0 0.0 76.0843
13:45:00 80.0 3067.0 78.06 76.11 76.12 76.02 76.11 182.0 76.14 1500.0 3067.0 2644.0 423.0 0.0 76.07
13:46:00 44.0 2027.0 78.06 76.01 76.11 76.01 76.0 6074.0 76.05 600.0 2027.0 520.0 1507.0 0.0 76.0533
13:47:00 96.0 3790.0 78.06 76.03 76.07 76.0 76.01 400.0 76.03 26.0 3790.0 2000.0 1790.0 0.0 76.0306
13:48:00 169.0 10503.0 78.06 75.97 76.05 75.96 75.96 800.0 75.99 250.0 10503.0 2625.0 7878.0 0.0 75.9957
13:49:00 29.0 2253.0 78.06 75.97 75.98 75.94 75.95 200.0 75.97 54.0 2253.0 510.0 1743.0 0.0 75.9569
13:50:00 71.0 2472.0 78.06 76.04 76.07 75.97 76.04 29.0 76.06 150.0 2472.0 1948.0 524.0 0.0 76.0356
13:51:00 32.0 1119.0 78.06 76.03 76.04 75.99 76.03 5.0 76.06 200.0 1119.0 355.0 764.0 0.0 76.013
13:52:00 38.0 2299.0 78.06 76.12 76.12 76.02 76.09 200.0 76.11 28.0 2299.0 2146.0 153.0 0.0 76.0671
13:53:00 46.0 2362.0 78.06 76.14 76.14 76.08 76.12 351.0 76.15 4.0 2362.0 1862.0 500.0 0.0 76.1191
13:54:00 34.0 2612.0 78.06 76.1 76.12 76.055 76.08 50.0 76.13 1465.0 2612.0 404.0 2208.0 0.0 76.0938
13:55:00 36.0 2341.0 78.06 76.08 76.1 76.07 76.05 171.0 76.09 70.0 2341.0 840.0 1501.0 0.0 76.0789
13:56:00 49.0 1663.0 78.06 76.05 76.1 76.05 76.05 6.0 76.05 61.0 1663.0 1083.0 580.0 0.0 76.0886
13:57:00 60.0 4078.0 78.06 76.04 76.06 75.97 76.03 210.0 76.06 808.0 4078.0 743.0 3335.0 0.0 75.9979
13:58:00 18.0 1027.0 78.06 75.99 76.06 75.99 76.0 10.0 76.01 338.0 1027.0 594.0 433.0 0.0 76.0055
13:59:00 29.0 1642.0 78.06 75.98 76.02 75.98 75.97 1.0 75.98 200.0 1642.0 1145.0 497.0 0.0 76.0088
14:00:00 106.0 20913.0 78.06 75.93 76.01 75.93 75.92 400.0 75.95 200.0 20913.0 16522.0 4391.0 0.0 75.9445
14:01:00 58.0 2611.0 78.06 75.95 75.95 75.9 75.91 1200.0 75.95 114.0 2611.0 1544.0 1067.0 0.0 75.924
14:02:00 34.0 2417.0 78.06 75.93 75.94 75.9 75.92 205.0 75.94 4.0 2417.0 1158.0 1259.0 0.0 75.9204
14:03:00 105.0 3292.0 78.06 75.96 75.96 75.89 75.94 250.0 75.97 154.0 3292.0 2416.0 876.0 0.0 75.9331
14:04:00 84.0 3141.0 78.06 75.94 75.98 75.94 75.95 1.0 75.96 1.0 3141.0 1618.0 1523.0 0.0 75.966
14:05:00 55.0 3002.0 78.06 75.98 75.98 75.92 75.96 20.0 75.97 30.0 3002.0 1022.0 1980.0 0.0 75.9476
14:06:00 25.0 1038.0 78.06 75.9 75.96 75.9 75.91 50.0 75.94 96.0 1038.0 132.0 906.0 0.0 75.9206
14:07:00 47.0 2866.0 78.06 75.83 75.94 75.83 75.83 700.0 75.86 713.0 2866.0 1007.0 1859.0 0.0 75.8649
14:08:00 66.0 2273.0 78.06 75.87 75.89 75.84 75.85 350.0 75.89 51.0 2273.0 1556.0 717.0 0.0 75.866
14:09:00 20.0 716.0 78.06 75.86 75.89 75.83 75.85 101.0 75.87 4.0 716.0 231.0 485.0 0.0 75.8559
14:10:00 87.0 2953.0 78.06 75.82 75.85 75.81 75.82 250.0 75.84 1.0 2953.0 992.0 1961.0 0.0 75.8263
14:11:00 109.0 5410.0 78.06 75.8 75.84 75.77 75.79 200.0 75.81 554.0 5410.0 1202.0 4208.0 0.0 75.8044
14:12:00 82.0 3120.0 78.06 75.77 75.81 75.73 75.75 66.0 75.77 2.0 3120.0 1352.0 1768.0 0.0 75.7659
14:13:00 115.0 5560.0 78.06 75.72 75.76 75.67 75.69 150.0 75.72 119.0 5560.0 3664.0 1896.0 0.0 75.7185
14:14:00 128.0 5684.0 78.06 75.71 75.73 75.65 75.7 501.0 75.72 76.0 5684.0 2835.0 2849.0 0.0 75.6881
14:15:00 680.0 76324.0 78.06 75.55 75.74 75.485 75.53 116.0 75.56 152.0 76324.0 23465.0 52859.0 0.0 75.5493
14:16:00 112.0 5525.0 78.06 75.52 75.535 75.435 75.49 63.0 75.53 120.0 5525.0 2187.0 3338.0 0.0 75.4752
14:17:00 84.0 3939.0 78.06 75.66 75.67 75.53 75.65 1069.0 75.71 188.0 3939.0 2564.0 1375.0 0.0 75.6261
14:18:00 70.0 2128.0 78.06 75.76 75.8 75.665 75.76 169.0 75.78 50.0 2128.0 1194.0 934.0 0.0 75.749
14:19:00 67.0 2312.0 78.06 75.74 75.8 75.68 75.72 24.0 75.75 130.0 2312.0 581.0 1731.0 0.0 75.7388
14:20:00 48.0 1651.0 78.06 75.805 75.81 75.75 75.78 1228.0 75.81 30.0 1651.0 1300.0 351.0 0.0 75.778
14:21:00 68.0 2931.0 78.06 75.82 75.82 75.75 75.82 105.0 75.83 26.0 2931.0 1203.0 1728.0 0.0 75.7867
14:22:00 43.0 1197.0 78.06 75.815 75.85 75.78 75.8 350.0 75.83 145.0 1197.0 880.0 317.0 0.0 75.8046
14:23:00 31.0 1334.0 78.06 75.79 75.8 75.75 75.77 204.0 75.8 781.0 1334.0 543.0 791.0 0.0 75.7813
14:24:00 106.0 2571.0 78.06 75.83 75.85 75.79 75.82 50.0 75.84 54.0 2571.0 1568.0 1003.0 0.0 75.826
14:25:00 71.0 4404.0 78.06 75.78 75.84 75.74 75.77 10.0 75.79 3.0 4404.0 809.0 3595.0 0.0 75.7671
14:26:00 23.0 795.0 78.06 75.8 75.8 75.72 75.78 50.0 75.8 254.0 795.0 754.0 41.0 0.0 75.7649
14:27:00 49.0 1167.0 78.06 75.75 75.81 75.75 75.73 115.0 75.76 150.0 1167.0 514.0 653.0 0.0 75.7832
14:28:00 35.0 1374.0 78.06 75.72 75.77 75.72 75.71 108.0 75.73 532.0 1374.0 802.0 572.0 0.0 75.7471
14:29:00 61.0 2519.0 78.06 75.77 75.79 75.71 75.76 21.0 75.79 64.0 2519.0 1890.0 629.0 0.0 75.7455
14:30:00 83.0 2604.0 78.06 75.82 75.82 75.795 75.8 150.0 75.82 37.0 2604.0 1289.0 1315.0 0.0 75.8056
14:31:00 73.0 1795.0 78.06 75.76 75.85 75.76 75.73 394.0 75.76 42.0 1795.0 714.0 1081.0 0.0 75.8125
14:32:00 19.0 934.0 78.06 75.77 75.78 75.76 75.76 132.0 75.78 80.0 934.0 934.0 0.0 0.0 75.77
14:33:00 78.0 4855.0 78.06 75.77 75.79 75.75 75.76 100.0 75.78 424.0 4855.0 1593.0 3262.0 0.0 75.7708
14:34:00 79.0 6235.0 78.06 75.75 75.8 75.74 75.75 1.0 75.76 85.0 6235.0 5328.0 907.0 0.0 75.7762
14:35:00 94.0 6775.0 78.06 75.8 75.8 75.75 75.78 86.0 75.8 23.0 6775.0 3515.0 3260.0 0.0 75.7695
14:36:00 49.0 1267.0 78.06 75.76 75.8 75.73 75.76 733.0 75.78 641.0 1267.0 685.0 582.0 0.0 75.7694
14:37:00 79.0 3084.0 78.06 75.805 75.81 75.74 75.8 50.0 75.81 20.0 3084.0 1958.0 1126.0 0.0 75.7679
14:38:00 122.0 4396.0 78.06 75.83 75.85 75.78 75.83 38.0 75.84 300.0 4396.0 3224.0 1172.0 0.0 75.8206
14:39:00 53.0 2505.0 78.06 75.83 75.85 75.805 75.83 257.0 75.84 3.0 2505.0 1331.0 1174.0 0.0 75.8214
14:40:00 28.0 656.0 78.06 75.75 75.83 75.75 75.75 1324.0 75.77 14.0 656.0 5.0 651.0 0.0 75.8106
14:41:00 58.0 3729.0 78.06 75.75 75.78 75.75 75.75 1024.0 75.76 49.0 3729.0 1955.0 1774.0 0.0 75.7611
14:42:00 113.0 5006.0 78.06 75.83 75.85 75.735 75.82 478.0 75.85 479.0 5006.0 3680.0 1326.0 0.0 75.7713
14:43:00 70.0 2015.0 78.06 75.9 75.9 75.82 75.89 61.0 75.92 98.0 2015.0 1526.0 489.0 0.0 75.8484
14:44:00 75.0 3172.0 78.06 75.88 75.93 75.86 75.86 125.0 75.87 56.0 3172.0 748.0 2424.0 0.0 75.892
14:45:00 50.0 1416.0 78.06 75.87 75.9 75.86 75.87 4.0 75.89 180.0 1416.0 1008.0 408.0 0.0 75.8807
14:46:00 474.0 42285.0 78.06 76.23 76.36 75.89 76.22 129.0 76.25 625.0 42285.0 24449.0 17836.0 0.0 76.213
14:47:00 113.0 5228.0 78.06 76.19 76.24 76.11 76.16 200.0 76.2 614.0 5228.0 2491.0 2737.0 0.0 76.1563
14:48:00 117.0 4574.0 78.06 76.065 76.18 76.06 76.06 25.0 76.09 231.0 4574.0 1969.0 2605.0 0.0 76.1208
14:49:00 68.0 3205.0 78.06 76.16 76.18 76.065 76.14 171.0 76.18 100.0 3205.0 2083.0 1122.0 0.0 76.1368
14:50:00 53.0 2381.0 78.06 76.24 76.25 76.19 76.23 200.0 76.25 316.0 2381.0 2033.0 348.0 0.0 76.207
14:51:00 87.0 3101.0 78.06 76.155 76.25 76.07 76.14 651.0 76.18 41.0 3101.0 1427.0 1674.0 0.0 76.1659
14:52:00 38.0 684.0 78.06 76.18 76.2 76.155 76.17 432.0 76.2 270.0 684.0 257.0 427.0 0.0 76.1789
14:53:00 100.0 3203.0 78.06 76.26 76.27 76.14 76.25 52.0 76.27 150.0 3203.0 2184.0 1019.0 0.0 76.1857
14:54:00 66.0 3238.0 78.06 76.13 76.27 76.13 76.12 435.0 76.18 420.0 3238.0 682.0 2556.0 0.0 76.2206
14:55:00 69.0 2329.0 78.06 76.18 76.19 76.13 76.17 112.0 76.2 208.0 2329.0 1934.0 395.0 0.0 76.1684
14:56:00 106.0 3634.0 78.06 76.2 76.22 76.18 76.18 225.0 76.21 4.0 3634.0 1290.0 2344.0 0.0 76.2039
14:57:00 93.0 3524.0 78.06 76.19 76.21 76.17 76.17 355.0 76.19 259.0 3524.0 2121.0 1403.0 0.0 76.1925
14:58:00 90.0 4957.0 78.06 76.2 76.22 76.11 76.2 16.0 76.21 480.0 4957.0 2872.0 2085.0 0.0 76.1615
14:59:00 94.0 4051.0 78.06 76.1 76.2 76.1 76.08 221.0 76.1 129.0 4051.0 2690.0 1361.0 0.0 76.1653
15:00:00 46.0 1867.0 78.06 76.03 76.1 76.03 76.02 151.0 76.04 2529.0 1867.0 1042.0 825.0 0.0 76.0612
15:01:00 94.0 2902.0 78.06 75.98 76.03 75.965 75.96 1165.0 75.99 30.0 2902.0 1876.0 1026.0 0.0 76.0021
15:02:00 51.0 2202.0 78.06 75.93 76.01 75.93 75.91 6.0 75.94 337.0 2202.0 886.0 1316.0 0.0 75.9697
15:03:00 91.0 3435.0 78.06 75.99 76.0 75.91 75.96 674.0 76.0 714.0 3435.0 2376.0 1059.0 0.0 75.9584
15:04:00 47.0 4165.0 78.06 75.95 75.99 75.94 75.92 858.0 75.96 454.0 4165.0 96.0 4069.0 0.0 75.9551
15:05:00 81.0 5217.0 78.06 75.935 75.95 75.91 75.92 672.0 75.95 180.0 5217.0 3918.0 1299.0 0.0 75.9256
15:06:00 74.0 2512.0 78.06 75.94 75.96 75.93 75.92 145.0 75.93 313.0 2512.0 817.0 1695.0 0.0 75.9456
15:07:00 116.0 5194.0 78.06 75.85 75.92 75.8 75.83 68.0 75.87 150.0 5194.0 2264.0 2930.0 0.0 75.8497
15:08:00 93.0 3137.0 78.06 75.81 75.86 75.78 75.8 261.0 75.83 570.0 3137.0 1802.0 1335.0 0.0 75.8152
15:09:00 47.0 1852.0 78.06 75.81 75.82 75.79 75.8 252.0 75.83 479.0 1852.0 1330.0 522.0 0.0 75.8036
15:10:00 47.0 1665.0 78.06 75.76 75.8 75.76 75.75 213.0 75.78 170.0 1665.0 571.0 1094.0 0.0 75.786
15:11:00 173.0 6083.0 78.06 75.81 75.83 75.76 75.8 310.0 75.82 397.0 6083.0 3175.0 2908.0 0.0 75.8061
15:12:00 110.0 3925.0 78.06 75.83 75.87 75.78 75.82 403.0 75.84 50.0 3925.0 2742.0 1183.0 0.0 75.8281
15:13:00 151.0 6987.0 78.06 75.79 75.83 75.76 75.78 651.0 75.81 600.0 6987.0 4308.0 2679.0 0.0 75.7933
15:14:00 111.0 3273.0 78.06 75.77 75.83 75.76 75.76 20.0 75.78 227.0 3273.0 1586.0 1687.0 0.0 75.8011
15:15:00 78.0 2809.0 78.06 75.74 75.765 75.72 75.73 19.0 75.75 509.0 2809.0 960.0 1849.0 0.0 75.7353
15:16:00 195.0 11387.0 78.06 75.91 75.92 75.74 75.91 552.0 75.93 72.0 11387.0 8260.0 3127.0 0.0 75.8429
15:17:00 86.0 4331.0 78.06 75.85 75.935 75.85 75.83 250.0 75.85 293.0 4331.0 1984.0 2347.0 0.0 75.8947
15:18:00 164.0 9517.0 78.06 75.91 75.93 75.74 75.92 5.0 75.95 930.0 9517.0 4567.0 4950.0 0.0 75.8336
15:19:00 85.0 5678.0 78.06 75.89 75.92 75.82 75.87 850.0 75.9 10.0 5678.0 4262.0 1416.0 0.0 75.88
15:20:00 88.0 4741.0 78.06 75.97 76.07 75.91 75.95 150.0 75.99 250.0 4741.0 3137.0 1604.0 0.0 75.9774
15:21:00 73.0 4820.0 78.06 76.03 76.05 75.98 76.03 251.0 76.06 150.0 4820.0 3904.0 916.0 0.0 76.0056
15:22:00 82.0 4233.0 78.06 76.16 76.18 76.04 76.15 303.0 76.17 242.0 4233.0 3283.0 950.0 0.0 76.1316
15:23:00 64.0 2095.0 78.06 76.21 76.25 76.16 76.2 150.0 76.25 1515.0 2095.0 1248.0 847.0 0.0 76.2058
15:24:00 56.0 3924.0 78.06 76.16 76.21 76.14 76.14 7.0 76.16 391.0 3924.0 1492.0 2432.0 0.0 76.1729
15:25:00 53.0 1643.0 78.06 76.135 76.15 76.07 76.1 272.0 76.14 182.0 1643.0 1170.0 473.0 0.0 76.1299
15:26:00 73.0 3824.0 78.06 76.14 76.2 76.095 76.14 60.0 76.17 4.0 3824.0 2859.0 965.0 0.0 76.1718
15:27:00 132.0 6462.0 78.06 76.18 76.19 76.14 76.16 10.0 76.2 440.0 6462.0 4455.0 2007.0 0.0 76.1751
15:28:00 82.0 2983.0 78.06 76.12 76.2 76.12 76.11 100.0 76.13 400.0 2983.0 1184.0 1799.0 0.0 76.1517
15:29:00 50.0 1904.0 78.06 76.14 76.17 76.1 76.11 1.0 76.14 250.0 1904.0 1076.0 828.0 0.0 76.1287
15:30:00 170.0 7275.0 78.06 76.22 76.25 76.14 76.21 111.0 76.23 4.0 7275.0 5873.0 1402.0 0.0 76.2121
15:31:00 147.0 6645.0 78.06 76.36 76.36 76.23 76.34 255.0 76.36 23.0 6645.0 4972.0 1673.0 0.0 76.2967
15:32:00 106.0 3968.0 78.06 76.37 76.38 76.3 76.36 50.0 76.39 210.0 3968.0 2102.0 1866.0 0.0 76.3463
15:33:00 46.0 1340.0 78.06 76.35 76.36 76.32 76.34 26.0 76.36 54.0 1340.0 408.0 932.0 0.0 76.3439
15:34:00 107.0 4938.0 78.06 76.34 76.39 76.31 76.32 111.0 76.34 283.0 4938.0 2764.0 2174.0 0.0 76.3485
15:35:00 56.0 6884.0 78.06 76.25 76.34 76.25 76.24 100.0 76.25 316.0 6884.0 5530.0 1354.0 0.0 76.2595
15:36:00 127.0 4471.0 78.06 76.31 76.32 76.24 76.31 6.0 76.32 284.0 4471.0 2926.0 1545.0 0.0 76.2734
15:37:00 117.0 4460.0 78.06 76.3 76.32 76.26 76.28 605.0 76.31 500.0 4460.0 3278.0 1182.0 0.0 76.2898
15:38:00 137.0 5129.0 78.06 76.33 76.36 76.27 76.32 456.0 76.34 20.0 5129.0 2434.0 2695.0 0.0 76.3178
15:39:00 85.0 3970.0 78.06 76.37 76.4 76.33 76.35 300.0 76.38 4.0 3970.0 3040.0 930.0 0.0 76.3773
15:40:00 118.0 6587.0 78.06 76.43 76.45 76.37 76.42 716.0 76.44 203.0 6587.0 5788.0 799.0 0.0 76.4102
15:41:00 152.0 6311.0 78.06 76.45 76.47 76.37 76.44 52.0 76.47 494.0 6311.0 3368.0 2943.0 0.0 76.4271
15:42:00 95.0 3693.0 78.06 76.46 76.52 76.44 76.45 211.0 76.47 130.0 3693.0 2579.0 1114.0 0.0 76.4805
15:43:00 79.0 3096.0 78.06 76.45 76.48 76.41 76.43 217.0 76.45 39.0 3096.0 1949.0 1147.0 0.0 76.454
15:44:00 91.0 3240.0 78.06 76.515 76.52 76.44 76.51 637.0 76.52 534.0 3240.0 2820.0 420.0 0.0 76.4741
15:45:00 99.0 3869.0 78.06 76.51 76.52 76.48 76.5 200.0 76.52 1232.0 3869.0 1728.0 2141.0 0.0 76.5008
15:46:00 229.0 11393.0 78.06 76.59 76.61 76.51 76.59 150.0 76.61 165.0 11393.0 7072.0 4321.0 0.0 76.5684
15:47:00 157.0 6703.0 78.06 76.545 76.6 76.52 76.54 228.0 76.55 200.0 6703.0 3822.0 2881.0 0.0 76.5717
15:48:00 119.0 6033.0 78.06 76.56 76.6 76.53 76.54 250.0 76.56 100.0 6033.0 3582.0 2451.0 0.0 76.5726
15:49:00 159.0 8703.0 78.06 76.59 76.6 76.55 76.59 100.0 76.6 485.0 8703.0 6766.0 1937.0 0.0 76.5777
15:50:00 169.0 6746.0 78.06 76.52 76.61 76.5 76.51 478.0 76.53 208.0 6746.0 4059.0 2687.0 0.0 76.5695
15:51:00 401.0 16352.0 78.06 76.52 76.55 76.35 76.52 110.0 76.53 170.0 16352.0 8418.0 7934.0 0.0 76.4643
15:52:00 219.0 10634.0 78.06 76.46 76.55 76.455 76.45 535.0 76.46 36.0 10634.0 6870.0 3764.0 0.0 76.4991
15:53:00 240.0 12702.0 78.06 76.395 76.47 76.395 76.39 87.0 76.4 400.0 12702.0 6520.0 6182.0 0.0 76.4246
15:54:00 218.0 7507.0 78.06 76.35 76.4 76.32 76.34 266.0 76.35 472.0 7507.0 3835.0 3672.0 0.0 76.3611
15:55:00 288.0 10714.0 78.06 76.39 76.41 76.33 76.39 11.0 76.4 111.0 10714.0 6090.0 4624.0 0.0 76.3733
15:56:00 368.0 18810.0 78.06 76.495 76.55 76.41 76.49 214.0 76.5 318.0 18810.0 10559.0 8251.0 0.0 76.4896
15:57:00 286.0 13759.0 78.06 76.44 76.54 76.42 76.43 272.0 76.44 324.0 13759.0 8498.0 5261.0 0.0 76.4779
15:58:00 268.0 14292.0 78.06 76.435 76.48 76.43 76.43 1341.0 76.44 357.0 14292.0 8561.0 5731.0 0.0 76.4511
15:59:00 378.0 22904.0 78.06 76.47 76.49 76.44 76.46 1200.0 76.48 364.0 22904.0 11547.0 11357.0 0.0 76.4664
16:00:00 706.0 44615.0 78.06 76.43 76.55 76.4 76.43 4928.0 76.44 3494.0 44615.0 19322.0 25293.0 0.0 76.4727
16:01:00 3.0 37.0 78.06 76.47 76.47 76.43 76.43 4891.0 76.47 44144.0 37.0 0.0 37.0 0.0 76.43
16:02:00 1.0 10.0 78.06 76.47 76.47 76.47 76.43 4891.0 76.47 44144.0 10.0 0.0 10.0 0.0 76.47
16:03:00 1.0 4.0 78.06 76.45 76.45 76.45 76.43 4891.0 76.47 44144.0 4.0 0.0 4.0 0.0 76.45
16:04:00 0.0 0.0 78.06 76.45 nan nan 76.43 4891.0 76.47 44144.0 nan 0.0 0.0 0.0 nan
16:05:00 5.0 450.0 78.06 76.36 76.4 76.36 76.43 4891.0 76.47 44144.0 450.0 400.0 50.0 0.0 76.3644
16:06:00 2.0 100.0 78.06 76.51 76.51 76.5 76.43 4891.0 76.47 44144.0 100.0 100.0 0.0 0.0 76.51
16:07:00 0.0 0.0 78.06 76.51 nan nan 76.43 4891.0 76.47 44144.0 nan 0.0 0.0 0.0 nan
16:08:00 0.0 0.0 78.06 76.51 nan nan 76.43 4891.0 76.47 44144.0 nan 0.0 0.0 0.0 nan
16:09:00 0.0 0.0 78.06 76.51 nan nan 76.43 4891.0 76.45 5.0 nan 0.0 0.0 0.0 nan
16:10:00 0.0 0.0 78.06 76.51 nan nan 76.43 4891.0 76.45 5.0 nan 0.0 0.0 0.0 nan
16:11:00 2.0 3.0 78.06 76.28 76.45 76.28 76.43 4891.0 76.35 300.0 3.0 2.0 1.0 0.0 76.3933
16:12:00 0.0 0.0 78.06 76.28 nan nan 76.43 4891.0 76.34 300.0 nan 0.0 0.0 0.0 nan
16:13:00 0.0 0.0 78.06 76.28 nan nan 76.43 4891.0 76.34 300.0 nan 0.0 0.0 0.0 nan
16:14:00 0.0 0.0 78.06 76.28 nan nan 76.43 4891.0 76.34 300.0 nan 0.0 0.0 0.0 nan
16:15:00 1.0 300.0 78.06 76.34 76.34 76.34 76.43 4891.0 76.45 3.0 300.0 300.0 0.0 0.0 76.34
16:16:00 3.0 130.0 78.06 76.5 76.5 76.34 76.43 4891.0 76.47 44144.0 130.0 80.0 50.0 0.0 76.4373
16:17:00 0.0 0.0 78.06 76.5 nan nan 76.43 4891.0 76.47 44144.0 nan 0.0 0.0 0.0 nan
16:18:00 5.0 600.0 78.06 76.34 76.4 76.34 76.43 4891.0 76.46 100.0 600.0 0.0 600.0 0.0 76.3401
16:19:00 0.0 0.0 78.06 76.34 nan nan 76.43 4891.0 76.47 44144.0 nan 0.0 0.0 0.0 nan
16:20:00 0.0 0.0 78.06 76.34 nan nan 76.43 4891.0 76.47 44144.0 nan 0.0 0.0 0.0 nan
16:21:00 0.0 0.0 78.06 76.34 nan nan 76.43 4891.0 76.47 44144.0 nan 0.0 0.0 0.0 nan
16:22:00 0.0 0.0 78.06 76.34 nan nan 76.43 4891.0 76.47 44144.0 nan 0.0 0.0 0.0 nan
16:23:00 2.0 150.0 78.06 76.45 76.45 76.45 76.43 4891.0 76.47 44144.0 150.0 0.0 150.0 0.0 76.45
16:24:00 0.0 0.0 78.06 76.45 nan nan 76.43 4891.0 76.47 44144.0 nan 0.0 0.0 0.0 nan
16:25:00 0.0 0.0 78.06 76.45 nan nan 76.43 4891.0 76.47 44144.0 nan 0.0 0.0 0.0 nan
16:26:00 0.0 0.0 78.06 76.45 nan nan 76.43 4891.0 76.36 10.0 nan 0.0 0.0 0.0 nan
16:27:00 4.0 83.0 78.06 76.4 76.45 76.36 76.43 4891.0 76.47 44144.0 83.0 10.0 73.0 0.0 76.397
16:28:00 1.0 173.0 78.06 76.4 76.4 76.4 76.43 4891.0 76.47 44144.0 173.0 0.0 173.0 0.0 76.4
16:29:00 0.0 0.0 78.06 76.4 nan nan 76.43 4891.0 76.47 44144.0 nan 0.0 0.0 0.0 nan
16:30:00 1.0 2.0 78.06 76.47 76.47 76.47 76.43 4891.0 76.47 44144.0 2.0 0.0 2.0 0.0 76.47
16:31:00 0.0 0.0 78.06 76.47 nan nan 76.43 4891.0 76.47 44144.0 nan 0.0 0.0 0.0 nan
16:32:00 1.0 50.0 78.06 76.5 76.5 76.5 76.43 4891.0 76.47 44144.0 50.0 50.0 0.0 0.0 76.5
16:33:00 0.0 0.0 78.06 76.5 nan nan 76.43 4891.0 76.47 44144.0 nan 0.0 0.0 0.0 nan
16:34:00 0.0 0.0 78.06 76.5 nan nan 76.43 4891.0 76.47 44144.0 nan 0.0 0.0 0.0 nan
16:35:00 2.0 50.0 78.06 76.5 76.5 76.5 76.43 4891.0 76.47 44144.0 50.0 50.0 0.0 0.0 76.5
16:36:00 0.0 0.0 78.06 76.5 nan nan 76.43 4891.0 76.47 44144.0 nan 0.0 0.0 0.0 nan
16:37:00 0.0 0.0 78.06 76.5 nan nan 76.43 4891.0 76.47 44144.0 nan 0.0 0.0 0.0 nan
16:38:00 0.0 0.0 78.06 76.5 nan nan 76.43 4891.0 76.47 44144.0 nan 0.0 0.0 0.0 nan
16:39:00 0.0 0.0 78.06 76.5 nan nan 76.43 4891.0 76.47 44144.0 nan 0.0 0.0 0.0 nan
16:40:00 1.0 0.0 78.06 76.21 76.21 76.21 76.43 4891.0 76.47 44144.0 nan 0.0 0.0 0.0 nan
16:41:00 0.0 0.0 78.06 76.21 nan nan 76.43 4891.0 76.47 44144.0 nan 0.0 0.0 0.0 nan
16:42:00 0.0 0.0 78.06 76.21 nan nan 76.43 4891.0 76.47 44144.0 nan 0.0 0.0 0.0 nan
16:43:00 0.0 0.0 78.06 76.21 nan nan 76.43 4891.0 76.47 44144.0 nan 0.0 0.0 0.0 nan
16:44:00 5.0 200.0 78.06 76.37 76.37 76.37 76.43 4891.0 76.47 44144.0 200.0 200.0 0.0 0.0 76.37
16:45:00 2.0 0.0 78.06 76.41 76.41 76.41 76.43 4891.0 76.47 44144.0 nan 0.0 0.0 0.0 nan
16:46:00 0.0 0.0 78.06 76.41 nan nan 76.43 4891.0 76.47 44144.0 nan 0.0 0.0 0.0 nan
16:47:00 0.0 0.0 78.06 76.41 nan nan 76.43 4891.0 76.47 44144.0 nan 0.0 0.0 0.0 nan
16:48:00 0.0 0.0 78.06 76.41 nan nan 76.43 4891.0 76.47 44144.0 nan 0.0 0.0 0.0 nan
16:49:00 1.0 1.0 78.06 76.45 76.45 76.45 76.43 4891.0 76.47 44144.0 1.0 0.0 1.0 0.0 76.45
16:50:00 0.0 0.0 78.06 76.45 nan nan 76.43 4891.0 76.47 44144.0 nan 0.0 0.0 0.0 nan
16:51:00 1.0 0.0 78.06 76.38 76.38 76.38 76.43 4891.0 76.47 44144.0 nan 0.0 0.0 0.0 nan
16:52:00 1.0 2.0 78.06 76.49 76.49 76.49 76.43 4891.0 76.47 44144.0 2.0 2.0 0.0 0.0 76.49
16:53:00 1.0 50.0 78.06 76.49 76.49 76.49 76.43 4891.0 76.47 44144.0 50.0 50.0 0.0 0.0 76.49
16:54:00 0.0 0.0 78.06 76.49 nan nan 76.43 4891.0 76.47 44144.0 nan 0.0 0.0 0.0 nan
16:55:00 0.0 0.0 78.06 76.49 nan nan 76.43 4891.0 76.47 44144.0 nan 0.0 0.0 0.0 nan
16:56:00 0.0 0.0 78.06 76.49 nan nan 76.43 4891.0 76.47 44144.0 nan 0.0 0.0 0.0 nan
16:57:00 2.0 0.0 78.06 76.38 76.38 76.38 76.43 4891.0 76.47 44144.0 nan 0.0 0.0 0.0 nan
16:58:00 2.0 4.0 78.06 76.42 76.42 76.42 76.43 4891.0 76.47 44144.0 4.0 0.0 4.0 0.0 76.42
16:59:00 1.0 2.0 78.06 76.41 76.41 76.41 76.43 4891.0 76.47 44144.0 2.0 0.0 2.0 0.0 76.41
17:00:00 0.0 0.0 78.06 76.41 nan nan 76.43 4891.0 76.47 44144.0 nan 0.0 0.0 0.0 nan
