time trade_count trade_volume trade_first trade_last trade_high trade_low bid_price bid_size ask_price ask_size hid_vol buy_vol sell_vol unsided_vol vwap
09:00:00 nan 0.0 nan nan nan nan 59.8 150.0 60.0 18.0 nan 0.0 0.0 0.0 nan
09:01:00 1.0 1.0 nan 59.98 59.98 59.98 59.8 150.0 60.0 18.0 1.0 0.0 1.0 0.0 59.98
09:02:00 2.0 0.0 nan 59.93 59.93 59.92 59.7 308.0 59.94 1000.0 nan 0.0 0.0 0.0 nan
09:03:00 5.0 16.0 nan 59.86 59.93 59.8 59.8 100.0 59.87 1160.0 16.0 16.0 0.0 0.0 59.8
09:04:00 0.0 0.0 nan 59.86 nan nan 59.8 150.0 59.98 60.0 nan 0.0 0.0 0.0 nan
09:05:00 4.0 66.0 nan 59.88 59.9 59.88 59.88 25.0 59.98 20.0 66.0 66.0 0.0 0.0 59.9
09:06:00 1.0 0.0 nan 59.89 59.89 59.89 59.87 3.0 59.89 10.0 nan 0.0 0.0 0.0 nan
09:07:00 8.0 150.0 nan 59.74 59.87 59.74 59.7 150.0 59.9 251.0 150.0 0.0 150.0 0.0 59.8014
09:08:00 0.0 0.0 nan 59.74 nan nan 59.7 150.0 59.9 251.0 nan 0.0 0.0 0.0 nan
09:09:00 1.0 30.0 nan 59.79 59.79 59.79 59.7 150.0 59.9 100.0 30.0 30.0 0.0 0.0 59.79
09:10:00 0.0 0.0 nan 59.79 nan nan 59.7 150.0 59.9 243.0 nan 0.0 0.0 0.0 nan
09:11:00 0.0 0.0 nan 59.79 nan nan 59.7 150.0 59.9 243.0 nan 0.0 0.0 0.0 nan
09:12:00 0.0 0.0 nan 59.79 nan nan 59.7 150.0 59.8 20.0 nan 0.0 0.0 0.0 nan
09:13:00 1.0 20.0 nan 59.8 59.8 59.8 59.71 391.0 59.9 289.0 20.0 20.0 0.0 0.0 59.8
09:14:00 2.0 29.0 nan 59.71 59.71 59.71 59.72 172.0 59.9 173.0 29.0 0.0 29.0 0.0 59.71
09:15:00 1.0 0.0 nan 59.85 59.85 59.85 59.73 394.0 59.9 173.0 nan 0.0 0.0 0.0 nan
09:16:00 0.0 0.0 nan 59.85 nan nan 59.73 4.0 59.9 173.0 nan 0.0 0.0 0.0 nan
09:17:00 8.0 276.0 nan 59.94 59.94 59.88 59.73 4.0 60.0 7.0 276.0 276.0 0.0 0.0 59.9149
09:18:00 0.0 0.0 nan 59.94 nan nan 59.73 4.0 60.0 7.0 nan 0.0 0.0 0.0 nan
09:19:00 0.0 0.0 nan 59.94 nan nan 59.9 3.0 60.0 21.0 nan 0.0 0.0 0.0 nan
09:20:00 0.0 0.0 nan 59.94 nan nan 59.73 4.0 60.0 21.0 nan 0.0 0.0 0.0 nan
09:21:00 0.0 0.0 nan 59.94 nan nan 59.73 4.0 60.0 21.0 nan 0.0 0.0 0.0 nan
09:22:00 0.0 0.0 nan 59.94 nan nan 59.73 4.0 60.0 21.0 nan 0.0 0.0 0.0 nan
09:23:00 0.0 0.0 nan 59.94 nan nan 59.73 4.0 60.0 21.0 nan 0.0 0.0 0.0 nan
09:24:00 0.0 0.0 nan 59.94 nan nan 59.73 4.0 60.0 21.0 nan 0.0 0.0 0.0 nan
09:25:00 12.0 697.0 nan 59.98 60.0 59.8 59.73 4.0 59.98 31.0 697.0 697.0 0.0 0.0 59.8276
09:26:00 3.0 97.0 nan 60.0 60.0 59.95 60.0 403.0 60.25 898.0 97.0 80.0 17.0 0.0 59.968
09:27:00 0.0 0.0 nan 60.0 nan nan 60.0 403.0 60.25 898.0 nan 0.0 0.0 0.0 nan
09:28:00 4.0 6.0 nan 60.25 60.25 60.22 60.0 603.0 60.25 939.0 6.0 6.0 0.0 0.0 60.25
09:29:00 3.0 300.0 nan 60.25 60.25 60.25 60.0 403.0 60.25 528.0 300.0 300.0 0.0 0.0 60.25
09:30:00 17.0 578.0 nan 60.37 60.46 60.01 60.08 200.0 60.49 60.0 578.0 578.0 0.0 0.0 60.2682
09:31:00 359.0 23719.0 nan 59.82 60.31 59.62 59.82 500.0 59.89 425.0 23719.0 10416.0 13303.0 0.0 59.8016
09:32:00 323.0 35399.0 nan 59.5 59.82 59.34 59.5 250.0 59.57 800.0 35399.0 11603.0 23796.0 0.0 59.549
09:33:00 107.0 7148.0 nan 59.82 59.82 59.5 59.72 25.0 59.83 147.0 7148.0 5752.0 1396.0 0.0 59.6394
09:34:00 287.0 16172.0 nan 59.94 60.01 59.76 59.93 25.0 60.02 125.0 16172.0 13251.0 2921.0 0.0 59.8821
09:35:00 71.0 4479.0 nan 59.96 60.03 59.89 59.93 25.0 60.01 200.0 4479.0 2100.0 2379.0 0.0 59.9578
09:36:00 196.0 11935.0 nan 60.24 60.29 59.9 60.24 125.0 60.31 125.0 11935.0 5373.0 6562.0 0.0 60.0866
09:37:00 183.0 9536.0 nan 60.03 60.25 59.98 60.0 1000.0 60.07 150.0 9536.0 3655.0 5881.0 0.0 60.1284
09:38:00 153.0 12191.0 nan 60.22 60.22 59.86 60.2 200.0 60.28 50.0 12191.0 6261.0 5930.0 0.0 60.0069
09:39:00 132.0 8094.0 nan 60.56 60.56 60.18 60.54 50.0 60.6 50.0 8094.0 5001.0 3093.0 0.0 60.3902
09:40:00 92.0 3834.0 nan 60.41 60.64 60.32 60.37 150.0 60.44 150.0 3834.0 1138.0 2696.0 0.0 60.4808
09:41:00 83.0 3714.0 nan 60.67 60.67 60.39 60.64 100.0 60.7 23.0 3714.0 1641.0 2073.0 0.0 60.4874
09:42:00 107.0 8715.0 nan 60.08 60.74 60.08 60.05 38.0 60.11 50.0 8715.0 1786.0 6929.0 0.0 60.3864
09:43:00 83.0 5791.0 nan 60.05 60.2 60.05 60.05 1844.0 60.12 300.0 5791.0 2911.0 2880.0 0.0 60.1374
09:44:00 123.0 8483.0 nan 60.22 60.22 60.0 60.18 350.0 60.27 150.0 8483.0 3693.0 4790.0 0.0 60.0651
09:45:00 106.0 7193.0 nan 60.42 60.47 60.22 60.42 100.0 60.46 500.0 7193.0 5374.0 1819.0 0.0 60.3576
09:46:00 183.0 11096.0 nan 60.53 60.59 60.41 60.52 200.0 60.57 100.0 11096.0 7958.0 3138.0 0.0 60.5105
09:47:00 161.0 8538.0 nan 60.67 60.7 60.52 60.66 50.0 60.72 450.0 8538.0 5877.0 2661.0 0.0 60.6071
09:48:00 121.0 6253.0 nan 60.65 60.72 60.61 60.62 300.0 60.68 150.0 6253.0 4644.0 1609.0 0.0 60.677
09:49:00 108.0 7106.0 nan 60.73 60.76 60.63 60.71 150.0 60.76 200.0 7106.0 5071.0 2035.0 0.0 60.7115
09:50:00 194.0 7387.0 nan 60.42 60.76 60.42 60.39 25.0 60.44 360.0 7387.0 3967.0 3420.0 0.0 60.631
09:51:00 126.0 4471.0 nan 60.49 60.55 60.27 60.48 200.0 60.52 100.0 4471.0 2181.0 2290.0 0.0 60.4301
09:52:00 143.0 8388.0 nan 60.51 60.57 60.32 60.47 50.0 60.51 100.0 8388.0 4096.0 4292.0 0.0 60.4501
09:53:00 149.0 8593.0 nan 60.27 60.53 60.25 60.27 50.0 60.32 500.0 8593.0 4582.0 4011.0 0.0 60.3589
09:54:00 119.0 10563.0 nan 60.39 60.42 60.25 60.38 314.0 60.41 415.0 10563.0 6050.0 4513.0 0.0 60.341
09:55:00 105.0 11816.0 nan 60.49 60.51 60.32 60.46 4.0 60.49 424.0 11816.0 5431.0 6385.0 0.0 60.4505
09:56:00 95.0 8125.0 nan 60.78 60.82 60.49 60.76 50.0 60.78 5.0 8125.0 7472.0 653.0 0.0 60.7336
09:57:00 78.0 3396.0 nan 60.64 60.76 60.62 60.58 325.0 60.64 154.0 3396.0 1342.0 2054.0 0.0 60.6906
09:58:00 58.0 6376.0 nan 60.645 60.67 60.55 60.62 50.0 60.67 4.0 6376.0 1202.0 5174.0 0.0 60.5877
09:59:00 80.0 2464.0 nan 60.53 60.76 60.52 60.51 350.0 60.54 393.0 2464.0 858.0 1606.0 0.0 60.6381
10:00:00 97.0 3352.0 nan 60.54 60.68 60.54 60.52 300.0 60.57 327.0 3352.0 2187.0 1165.0 0.0 60.6053
10:01:00 197.0 11198.0 nan 60.31 60.62 60.29 60.28 200.0 60.32 150.0 11198.0 5316.0 5882.0 0.0 60.3879
10:02:00 131.0 6754.0 nan 60.15 60.28 60.075 60.14 228.0 60.16 100.0 6754.0 3506.0 3248.0 0.0 60.1911
10:03:00 90.0 4128.0 nan 60.15 60.22 60.11 60.12 355.0 60.17 865.0 4128.0 2777.0 1351.0 0.0 60.154
10:04:00 86.0 4198.0 nan 60.14 60.22 60.12 60.11 200.0 60.15 1950.0 4198.0 2623.0 1575.0 0.0 60.1701
10:05:00 70.0 3430.0 nan 60.28 60.29 60.09 60.24 150.0 60.28 113.0 3430.0 2124.0 1306.0 0.0 60.1901
10:06:00 85.0 3293.0 nan 60.46 60.55 60.27 60.43 200.0 60.47 370.0 3293.0 2328.0 965.0 0.0 60.4518
10:07:00 78.0 4017.0 nan 60.48 60.48 60.335 60.45 150.0 60.48 1.0 4017.0 2968.0 1049.0 0.0 60.3869
10:08:00 104.0 5373.0 nan 60.42 60.49 60.4 60.38 475.0 60.43 262.0 5373.0 3038.0 2335.0 0.0 60.4403
10:09:00 68.0 4406.0 nan 60.53 60.53 60.42 60.51 150.0 60.56 1105.0 4406.0 2681.0 1725.0 0.0 60.4768
10:10:00 79.0 5499.0 nan 60.33 60.53 60.25 60.31 150.0 60.37 952.0 5499.0 2517.0 2982.0 0.0 60.332
10:11:00 58.0 2838.0 nan 60.34 60.37 60.26 60.31 156.0 60.35 408.0 2838.0 1351.0 1487.0 0.0 60.3183
10:12:00 77.0 3334.0 nan 60.5 60.59 60.33 60.48 50.0 60.54 141.0 3334.0 2502.0 832.0 0.0 60.4623
10:13:00 40.0 3503.0 nan 60.51 60.52 60.46 60.49 200.0 60.51 50.0 3503.0 2200.0 1303.0 0.0 60.4767
10:14:00 46.0 3139.0 nan 60.31 60.49 60.31 60.3 533.0 60.34 341.0 3139.0 1018.0 2121.0 0.0 60.3931
10:15:00 119.0 7349.0 nan 60.2 60.39 60.16 60.19 515.0 60.24 150.0 7349.0 4594.0 2755.0 0.0 60.2857
10:16:00 150.0 6388.0 nan 60.33 60.43 60.25 60.35 1.0 60.38 450.0 6388.0 2640.0 3748.0 0.0 60.3525
10:17:00 33.0 1623.0 nan 60.58 60.58 60.33 60.58 17.0 60.62 50.0 1623.0 1575.0 48.0 0.0 60.4005
10:18:00 42.0 1987.0 nan 60.54 60.6 60.5 60.51 183.0 60.54 152.0 1987.0 851.0 1136.0 0.0 60.5549
10:19:00 32.0 1752.0 nan 60.45 60.55 60.45 60.4 200.0 60.44 228.0 1752.0 874.0 878.0 0.0 60.5012
10:20:00 49.0 3473.0 nan 60.63 60.67 60.44 60.6 501.0 60.64 311.0 3473.0 2873.0 600.0 0.0 60.6001
10:21:00 37.0 2000.0 nan 60.38 60.61 60.38 60.35 1.0 60.38 106.0 2000.0 467.0 1533.0 0.0 60.5238
10:22:00 48.0 3529.0 nan 60.32 60.35 60.27 60.3 200.0 60.33 1.0 3529.0 2143.0 1386.0 0.0 60.305
10:23:00 19.0 2058.0 nan 60.25 60.3 60.21 60.21 150.0 60.24 16.0 2058.0 468.0 1590.0 0.0 60.2312
10:24:00 31.0 3496.0 nan 60.15 60.23 60.11 60.11 505.0 60.15 160.0 3496.0 2503.0 993.0 0.0 60.1645
10:25:00 48.0 3459.0 nan 60.13 60.16 60.05 60.09 50.0 60.12 4.0 3459.0 1080.0 2379.0 0.0 60.0832
10:26:00 62.0 4629.0 nan 60.15 60.15 60.05 60.13 100.0 60.16 50.0 4629.0 1293.0 3336.0 0.0 60.0839
10:27:00 46.0 2434.0 nan 60.06 60.17 60.02 60.03 200.0 60.06 4.0 2434.0 897.0 1537.0 0.0 60.0907
10:28:00 42.0 5351.0 nan 60.15 60.15 60.04 60.12 200.0 60.15 55.0 5351.0 2170.0 3181.0 0.0 60.084
10:29:00 64.0 4122.0 nan 60.24 60.27 60.15 60.19 200.0 60.24 50.0 4122.0 2439.0 1683.0 0.0 60.2339
10:30:00 29.0 1098.0 nan 60.315 60.34 60.19 60.28 50.0 60.33 2003.0 1098.0 745.0 353.0 0.0 60.2721
10:31:00 55.0 2486.0 nan 60.21 60.3 60.14 60.17 200.0 60.2 105.0 2486.0 980.0 1506.0 0.0 60.2199
10:32:00 37.0 2173.0 nan 60.11 60.25 60.09 60.08 170.0 60.12 50.0 2173.0 867.0 1306.0 0.0 60.1609
10:33:00 45.0 5739.0 nan 60.12 60.12 60.04 60.1 156.0 60.14 51.0 5739.0 1559.0 4180.0 0.0 60.0596
10:34:00 62.0 2599.0 nan 60.04 60.12 60.01 60.04 146.0 60.07 114.0 2599.0 1102.0 1497.0 0.0 60.0544
10:35:00 48.0 1168.0 nan 60.16 60.18 60.035 60.16 50.0 60.19 50.0 1168.0 870.0 298.0 0.0 60.1042
10:36:00 62.0 2845.0 nan 60.18 60.22 60.12 60.16 100.0 60.2 406.0 2845.0 1653.0 1192.0 0.0 60.1712
10:37:00 49.0 2892.0 nan 60.14 60.19 60.14 60.13 403.0 60.16 457.0 2892.0 2175.0 717.0 0.0 60.1594
10:38:00 377.0 23022.0 nan 59.95 60.14 59.88 59.91 200.0 59.95 150.0 23022.0 4236.0 18786.0 0.0 59.956
10:39:00 58.0 4596.0 nan 59.93 59.93 59.83 59.9 401.0 59.93 250.0 4596.0 1880.0 2716.0 0.0 59.8716
10:40:00 39.0 3387.0 nan 59.97 60.02 59.93 59.94 350.0 59.98 1.0 3387.0 2580.0 807.0 0.0 59.9573
10:41:00 56.0 3043.0 nan 59.83 59.98 59.81 59.8 4157.0 59.83 50.0 3043.0 1088.0 1955.0 0.0 59.8884
10:42:00 106.0 23206.0 nan 59.81 59.94 59.8 59.81 450.0 59.84 50.0 23206.0 13905.0 9301.0 0.0 59.8293
10:43:00 43.0 3081.0 nan 59.85 59.88 59.81 59.83 53.0 59.86 150.0 3081.0 2233.0 848.0 0.0 59.846
10:44:00 59.0 4473.0 nan 59.78 59.82 59.76 59.76 150.0 59.79 1.0 4473.0 1936.0 2537.0 0.0 59.7904
10:45:00 34.0 1333.0 nan 59.78 59.82 59.74 59.75 200.0 59.78 341.0 1333.0 892.0 441.0 0.0 59.7897
10:46:00 54.0 3735.0 nan 59.8 59.8 59.73 59.79 150.0 59.82 200.0 3735.0 2286.0 1449.0 0.0 59.7685
10:47:00 114.0 6203.0 nan 59.71 59.82 59.69 59.7 50.0 59.72 200.0 6203.0 2592.0 3611.0 0.0 59.7339
10:48:00 49.0 2796.0 nan 59.88 59.88 59.71 59.85 248.0 59.9 2507.0 2796.0 1733.0 1063.0 0.0 59.7719
10:49:00 97.0 9171.0 nan 60.05 60.08 59.88 60.02 301.0 60.06 400.0 9171.0 6896.0 2275.0 0.0 59.9847
10:50:00 70.0 2792.0 nan 60.11 60.13 60.01 60.09 185.0 60.12 1.0 2792.0 1980.0 812.0 0.0 60.0497
10:51:00 100.0 4961.0 nan 60.11 60.12 60.03 60.07 450.0 60.11 350.0 4961.0 2106.0 2855.0 0.0 60.0795
10:52:00 38.0 1669.0 nan 59.92 60.07 59.92 59.9 158.0 59.93 307.0 1669.0 833.0 836.0 0.0 60.0028
10:53:00 89.0 5761.0 nan 59.87 59.91 59.83 59.86 114.0 59.87 205.0 5761.0 2597.0 3164.0 0.0 59.8734
10:54:00 48.0 2272.0 nan 59.96 60.02 59.87 59.96 51.0 59.99 204.0 2272.0 1571.0 701.0 0.0 59.9296
10:55:00 48.0 2470.0 nan 60.02 60.04 59.95 60.02 1.0 60.04 107.0 2470.0 589.0 1881.0 0.0 60.0142
10:56:00 78.0 3364.0 nan 60.09 60.11 59.97 60.09 50.0 60.13 300.0 3364.0 1383.0 1981.0 0.0 60.0348
10:57:00 39.0 1783.0 nan 60.23 60.23 60.1 60.22 601.0 60.24 55.0 1783.0 1180.0 603.0 0.0 60.176
10:58:00 60.0 3872.0 nan 60.15 60.22 60.13 60.13 847.0 60.16 106.0 3872.0 441.0 3431.0 0.0 60.1821
10:59:00 39.0 2162.0 nan 60.12 60.15 60.11 60.11 152.0 60.13 232.0 2162.0 471.0 1691.0 0.0 60.1333
11:00:00 53.0 2354.0 nan 60.23 60.23 60.11 60.19 1.0 60.23 453.0 2354.0 1602.0 752.0 0.0 60.1678
11:01:00 39.0 2528.0 nan 60.16 60.19 60.13 60.16 78.0 60.18 504.0 2528.0 1034.0 1494.0 0.0 60.1568
11:02:00 80.0 6041.0 nan 60.38 60.38 60.16 60.34 250.0 60.38 950.0 6041.0 5706.0 335.0 0.0 60.2992
11:03:00 67.0 3641.0 nan 60.11 60.38 60.09 60.08 231.0 60.12 256.0 3641.0 737.0 2904.0 0.0 60.2496
11:04:00 43.0 3462.0 nan 59.91 60.08 59.87 59.89 200.0 59.93 3.0 3462.0 2414.0 1048.0 0.0 59.936
11:05:00 49.0 3269.0 nan 59.93 59.93 59.86 59.91 153.0 59.96 401.0 3269.0 1711.0 1558.0 0.0 59.8994
11:06:00 39.0 2879.0 nan 59.94 59.95 59.87 59.92 50.0 59.94 348.0 2879.0 1781.0 1098.0 0.0 59.9092
11:07:00 63.0 4378.0 nan 59.93 59.94 59.88 59.87 150.0 59.94 2100.0 4378.0 3544.0 834.0 0.0 59.9177
11:08:00 29.0 1325.0 nan 59.91 59.94 59.9 59.9 320.0 59.92 150.0 1325.0 711.0 614.0 0.0 59.932
11:09:00 44.0 1375.0 nan 59.89 59.93 59.86 59.87 1.0 59.89 301.0 1375.0 617.0 758.0 0.0 59.894
11:10:00 45.0 2999.0 nan 59.9 59.91 59.83 59.89 19.0 59.91 156.0 2999.0 1216.0 1783.0 0.0 59.869
11:11:00 38.0 1346.0 nan 59.88 59.915 59.87 59.87 200.0 59.89 252.0 1346.0 642.0 704.0 0.0 59.8962
11:12:00 67.0 12941.0 nan 59.88 59.92 59.83 59.86 700.0 59.9 206.0 12941.0 11080.0 1861.0 0.0 59.8971
11:13:00 51.0 2269.0 nan 59.96 59.99 59.9 59.94 264.0 59.98 132.0 2269.0 1041.0 1228.0 0.0 59.9552
11:14:00 39.0 2302.0 nan 59.98 60.02 59.97 59.95 200.0 59.98 150.0 2302.0 1590.0 712.0 0.0 59.9951
11:15:00 52.0 6368.0 nan 60.0 60.01 59.94 59.98 305.0 60.02 61.0 6368.0 5525.0 843.0 0.0 59.996
11:16:00 38.0 1321.0 nan 59.84 59.98 59.84 59.82 306.0 59.86 255.0 1321.0 408.0 913.0 0.0 59.892
11:17:00 84.0 4756.0 nan 59.89 59.95 59.82 59.88 50.0 59.9 112.0 4756.0 3457.0 1299.0 0.0 59.8816
11:18:00 26.0 1473.0 nan 59.98 59.99 59.9 59.95 218.0 59.99 2814.0 1473.0 1052.0 421.0 0.0 59.9435
11:19:00 24.0 755.0 nan 59.87 59.99 59.87 59.83 7.0 59.86 65.0 755.0 121.0 634.0 0.0 59.9303
11:20:00 41.0 2562.0 nan 59.82 59.86 59.79 59.82 60.0 59.84 100.0 2562.0 1738.0 824.0 0.0 59.8098
11:21:00 38.0 1970.0 nan 59.77 59.82 59.77 59.75 21.0 59.78 100.0 1970.0 938.0 1032.0 0.0 59.7961
11:22:00 33.0 5052.0 nan 59.82 59.82 59.74 59.8 55.0 59.82 1127.0 5052.0 2292.0 2760.0 0.0 59.7812
11:23:00 87.0 9164.0 nan 59.82 59.83 59.78 59.82 739.0 59.84 30.0 9164.0 7195.0 1969.0 0.0 59.8144
11:24:00 77.0 5008.0 nan 59.8 59.96 59.8 59.82 350.0 59.86 50.0 5008.0 1665.0 3343.0 0.0 59.8429
11:25:00 30.0 1434.0 nan 59.98 60.0 59.87 59.96 609.0 60.0 1704.0 1434.0 1104.0 330.0 0.0 59.9528
11:26:00 56.0 6313.0 nan 59.97 60.0 59.95 59.95 275.0 59.98 102.0 6313.0 5032.0 1281.0 0.0 59.975
11:27:00 31.0 1142.0 nan 60.01 60.03 59.97 59.98 250.0 60.02 571.0 1142.0 794.0 348.0 0.0 60.0065
11:28:00 28.0 2259.0 nan 60.07 60.07 60.0 60.08 150.0 60.09 71.0 2259.0 1596.0 663.0 0.0 60.0405
11:29:00 45.0 2642.0 nan 60.03 60.09 60.01 60.02 1.0 60.04 151.0 2642.0 1736.0 906.0 0.0 60.0559
11:30:00 32.0 1941.0 nan 59.98 60.02 59.96 59.96 150.0 59.99 190.0 1941.0 160.0 1781.0 0.0 59.9801
11:31:00 58.0 2355.0 nan 59.97 60.03 59.88 59.96 350.0 59.99 102.0 2355.0 631.0 1724.0 0.0 59.9408
11:32:00 54.0 4598.0 nan 60.09 60.1 59.94 60.09 150.0 60.11 1.0 4598.0 3552.0 1046.0 0.0 60.0545
11:33:00 43.0 3328.0 nan 60.15 60.22 60.07 60.12 100.0 60.17 115.0 3328.0 1333.0 1995.0 0.0 60.1345
11:34:00 39.0 1732.0 nan 60.15 60.16 60.05 60.13 200.0 60.16 5.0 1732.0 334.0 1398.0 0.0 60.1009
11:35:00 29.0 1398.0 nan 60.09 60.16 60.09 60.1 1.0 60.11 136.0 1398.0 284.0 1114.0 0.0 60.1248
11:36:00 38.0 1539.0 nan 60.19 60.27 60.11 60.17 3.0 60.19 21.0 1539.0 806.0 733.0 0.0 60.2187
11:37:00 33.0 1935.0 nan 60.21 60.21 60.16 60.19 100.0 60.21 164.0 1935.0 1175.0 760.0 0.0 60.1904
11:38:00 40.0 1957.0 nan 60.21 60.21 60.12 60.21 63.0 60.25 1830.0 1957.0 662.0 1295.0 0.0 60.1581
11:39:00 29.0 4351.0 nan 60.25 60.25 60.2 60.23 637.0 60.25 25.0 4351.0 4086.0 265.0 0.0 60.2303
11:40:00 61.0 2699.0 nan 60.18 60.23 60.18 60.17 51.0 60.21 250.0 2699.0 574.0 2125.0 0.0 60.2117
11:41:00 22.0 718.0 nan 60.29 60.3 60.17 60.27 150.0 60.3 36.0 718.0 407.0 311.0 0.0 60.2393
11:42:00 29.0 1238.0 nan 60.18 60.3 60.18 60.18 55.0 60.21 1064.0 1238.0 212.0 1026.0 0.0 60.2252
11:43:00 39.0 2297.0 nan 60.21 60.21 60.17 60.2 131.0 60.22 30.0 2297.0 1023.0 1274.0 0.0 60.1942
11:44:00 96.0 10538.0 nan 60.23 60.28 60.22 60.22 100.0 60.24 456.0 10538.0 8779.0 1759.0 0.0 60.2525
11:45:00 75.0 4549.0 nan 60.19 60.28 60.17 60.17 954.0 60.2 502.0 4549.0 2697.0 1852.0 0.0 60.2263
11:46:00 48.0 3557.0 nan 60.19 60.2 60.16 60.16 230.0 60.19 351.0 3557.0 2914.0 643.0 0.0 60.182
11:47:00 32.0 3212.0 nan 60.33 60.33 60.19 60.3 200.0 60.32 43.0 3212.0 3002.0 210.0 0.0 60.2422
11:48:00 35.0 1238.0 nan 60.36 60.37 60.29 60.35 128.0 60.38 12.0 1238.0 980.0 258.0 0.0 60.3242
11:49:00 36.0 1509.0 nan 60.3 60.36 60.3 60.29 105.0 60.32 200.0 1509.0 533.0 976.0 0.0 60.3293
11:50:00 34.0 1315.0 nan 60.31 60.31 60.21 60.27 219.0 60.31 157.0 1315.0 680.0 635.0 0.0 60.2523
11:51:00 32.0 827.0 nan 60.27 60.33 60.25 60.25 2550.0 60.27 104.0 827.0 433.0 394.0 0.0 60.2854
11:52:00 30.0 4752.0 nan 60.21 60.27 60.2 60.22 100.0 60.24 2.0 4752.0 468.0 4284.0 0.0 60.2391
11:53:00 35.0 1812.0 nan 60.34 60.34 60.26 60.31 279.0 60.34 152.0 1812.0 1322.0 490.0 0.0 60.2874
11:54:00 28.0 7304.0 nan 60.39 60.39 60.32 60.37 413.0 60.4 2.0 7304.0 6715.0 589.0 0.0 60.3449
11:55:00 37.0 924.0 nan 60.4 60.43 60.36 60.38 150.0 60.42 165.0 924.0 299.0 625.0 0.0 60.396
11:56:00 69.0 3032.0 nan 60.36 60.45 60.35 60.33 300.0 60.37 650.0 3032.0 1287.0 1745.0 0.0 60.3908
11:57:00 19.0 1198.0 nan 60.45 60.45 60.38 60.44 200.0 60.47 166.0 1198.0 972.0 226.0 0.0 60.3916
11:58:00 63.0 5052.0 nan 60.46 60.52 60.43 60.44 150.0 60.48 56.0 5052.0 2949.0 2103.0 0.0 60.4815
11:59:00 15.0 447.0 nan 60.485 60.51 60.45 60.5 110.0 60.53 171.0 447.0 162.0 285.0 0.0 60.4825
12:00:00 33.0 1178.0 nan 60.46 60.5 60.42 60.47 17.0 60.5 290.0 1178.0 364.0 814.0 0.0 60.4647
12:01:00 70.0 3818.0 nan 60.32 60.47 60.32 60.31 150.0 60.35 150.0 3818.0 498.0 3320.0 0.0 60.4019
12:02:00 30.0 2808.0 nan 60.35 60.37 60.33 60.34 10.0 60.37 300.0 2808.0 561.0 2247.0 0.0 60.3493
12:03:00 15.0 468.0 nan 60.39 60.39 60.34 60.38 10.0 60.4 390.0 468.0 137.0 331.0 0.0 60.3556
12:04:00 47.0 1778.0 nan 60.4 60.44 60.37 60.39 87.0 60.41 150.0 1778.0 823.0 955.0 0.0 60.4048
12:05:00 46.0 3462.0 nan 60.37 60.39 60.33 60.35 150.0 60.39 95.0 3462.0 1432.0 2030.0 0.0 60.3574
12:06:00 52.0 4192.0 nan 60.38 60.41 60.33 60.37 200.0 60.4 200.0 4192.0 689.0 3503.0 0.0 60.3588
12:07:00 30.0 3121.0 nan 60.34 60.4 60.34 60.34 23.0 60.36 12.0 3121.0 2309.0 812.0 0.0 60.3849
12:08:00 24.0 3459.0 nan 60.31 60.38 60.31 60.31 2.0 60.34 100.0 3459.0 112.0 3347.0 0.0 60.3346
12:09:00 46.0 4800.0 nan 60.32 60.36 60.29 60.3 270.0 60.33 501.0 4800.0 737.0 4063.0 0.0 60.3109
12:10:00 68.0 4818.0 nan 60.26 60.3 60.24 60.25 300.0 60.27 500.0 4818.0 2672.0 2146.0 0.0 60.2761
12:11:00 47.0 4329.0 nan 60.32 60.33 60.25 60.29 350.0 60.32 2.0 4329.0 3329.0 1000.0 0.0 60.3039
12:12:00 30.0 2159.0 nan 60.26 60.28 60.24 60.25 1.0 60.26 50.0 2159.0 1558.0 601.0 0.0 60.2574
12:13:00 9.0 477.0 nan 60.29 60.3 60.26 60.3 211.0 60.32 117.0 477.0 340.0 137.0 0.0 60.2877
12:14:00 70.0 2842.0 nan 60.41 60.43 60.32 60.39 370.0 60.42 205.0 2842.0 1831.0 1011.0 0.0 60.3599
12:15:00 64.0 2265.0 nan 60.32 60.4 60.29 60.31 1.0 60.33 311.0 2265.0 728.0 1537.0 0.0 60.3468
12:16:00 87.0 3694.0 nan 60.36 60.41 60.33 60.35 1.0 60.38 103.0 3694.0 1499.0 2195.0 0.0 60.3528
12:17:00 31.0 1366.0 nan 60.38 60.38 60.35 60.37 350.0 60.39 108.0 1366.0 934.0 432.0 0.0 60.3645
12:18:00 33.0 1240.0 nan 60.42 60.43 60.36 60.42 174.0 60.43 300.0 1240.0 531.0 709.0 0.0 60.3961
12:19:00 93.0 12367.0 nan 60.56 60.57 60.43 60.55 507.0 60.57 401.0 12367.0 10569.0 1798.0 0.0 60.527
12:20:00 50.0 4606.0 nan 60.54 60.6 60.54 60.52 648.0 60.55 11.0 4606.0 2399.0 2207.0 0.0 60.584
12:21:00 37.0 2055.0 nan 60.61 60.61 60.54 60.59 750.0 60.62 38.0 2055.0 1397.0 658.0 0.0 60.5566
12:22:00 53.0 2589.0 nan 60.62 60.63 60.59 60.62 400.0 60.64 176.0 2589.0 1364.0 1225.0 0.0 60.6048
12:23:00 72.0 3287.0 nan 60.58 60.63 60.58 60.56 350.0 60.58 305.0 3287.0 707.0 2580.0 0.0 60.6013
12:24:00 22.0 1162.0 nan 60.55 60.59 60.54 60.51 100.0 60.54 366.0 1162.0 507.0 655.0 0.0 60.576
12:25:00 66.0 5810.0 nan 60.55 60.55 60.46 60.55 150.0 60.57 1.0 5810.0 3936.0 1874.0 0.0 60.5063
12:26:00 67.0 3796.0 nan 60.52 60.57 60.52 60.5 8890.0 60.52 406.0 3796.0 1637.0 2159.0 0.0 60.5472
12:27:00 50.0 12076.0 nan 60.535 60.535 60.5 60.52 496.0 60.54 504.0 12076.0 2038.0 10038.0 0.0 60.5041
12:28:00 39.0 3003.0 nan 60.56 60.58 60.53 60.56 950.0 60.58 2.0 3003.0 1884.0 1119.0 0.0 60.5595
12:29:00 45.0 3817.0 nan 60.56 60.56 60.52 60.55 100.0 60.57 453.0 3817.0 1634.0 2183.0 0.0 60.5457
12:30:00 60.0 4128.0 nan 60.57 60.57 60.5 60.55 201.0 60.58 1650.0 4128.0 1989.0 2139.0 0.0 60.5444
12:31:00 63.0 11085.0 nan 60.56 60.6 60.52 60.54 560.0 60.57 1016.0 11085.0 959.0 10126.0 0.0 60.5376
12:32:00 64.0 3435.0 nan 60.56 60.56 60.5 60.57 100.0 60.58 802.0 3435.0 1876.0 1559.0 0.0 60.5234
12:33:00 87.0 18800.0 nan 60.59 60.59 60.55 60.59 482.0 60.61 137.0 18800.0 16421.0 2379.0 0.0 60.5776
12:34:00 41.0 1916.0 nan 60.6 60.63 60.59 60.6 300.0 60.61 37.0 1916.0 359.0 1557.0 0.0 60.604
12:35:00 36.0 2927.0 nan 60.58 60.61 60.565 60.57 335.0 60.59 617.0 2927.0 1523.0 1404.0 0.0 60.5846
12:36:00 79.0 12196.0 nan 60.64 60.65 60.55 60.64 300.0 60.66 175.0 12196.0 10144.0 2052.0 0.0 60.6059
12:37:00 82.0 4052.0 nan 60.58 60.67 60.56 60.55 500.0 60.58 981.0 4052.0 1156.0 2896.0 0.0 60.6133
12:38:00 127.0 20453.0 nan 60.54 60.58 60.48 60.53 462.0 60.56 1.0 20453.0 4344.0 16109.0 0.0 60.5279
12:39:00 71.0 3213.0 nan 60.55 60.6 60.54 60.55 716.0 60.58 812.0 3213.0 2229.0 984.0 0.0 60.5665
12:40:00 69.0 17718.0 nan 60.44 60.55 60.44 60.42 202.0 60.45 150.0 17718.0 550.0 17168.0 0.0 60.5
12:41:00 60.0 2888.0 nan 60.36 60.43 60.36 60.35 233.0 60.37 152.0 2888.0 367.0 2521.0 0.0 60.3794
12:42:00 45.0 4537.0 nan 60.36 60.41 60.34 60.34 301.0 60.36 2.0 4537.0 1287.0 3250.0 0.0 60.3657
12:43:00 45.0 3344.0 nan 60.3 60.34 60.28 60.3 104.0 60.31 2.0 3344.0 1866.0 1478.0 0.0 60.3125
12:44:00 57.0 2055.0 nan 60.2 60.31 60.19 60.19 50.0 60.22 100.0 2055.0 561.0 1494.0 0.0 60.2389
12:45:00 29.0 1159.0 nan 60.2 60.21 60.17 60.2 162.0 60.23 101.0 1159.0 709.0 450.0 0.0 60.1894
12:46:00 20.0 662.0 nan 60.23 60.26 60.2 60.22 800.0 60.25 57.0 662.0 173.0 489.0 0.0 60.2344
12:47:00 50.0 5099.0 nan 60.18 60.22 60.11 60.16 250.0 60.18 902.0 5099.0 443.0 4656.0 0.0 60.1882
12:48:00 49.0 2424.0 nan 60.1 60.17 60.07 60.1 207.0 60.11 1.0 2424.0 371.0 2053.0 0.0 60.1161
12:49:00 31.0 1418.0 nan 60.01 60.11 60.01 60.01 161.0 60.03 115.0 1418.0 152.0 1266.0 0.0 60.0511
12:50:00 31.0 2897.0 nan 60.06 60.06 59.99 60.05 450.0 60.09 1033.0 2897.0 629.0 2268.0 0.0 60.0042
12:51:00 69.0 2840.0 nan 60.07 60.08 60.03 60.05 150.0 60.08 62.0 2840.0 1490.0 1350.0 0.0 60.0606
12:52:00 29.0 1073.0 nan 60.11 60.11 60.05 60.09 500.0 60.12 51.0 1073.0 687.0 386.0 0.0 60.0741
12:53:00 27.0 1563.0 nan 60.06 60.12 60.06 60.05 150.0 60.07 902.0 1563.0 251.0 1312.0 0.0 60.0892
12:54:00 29.0 2259.0 nan 60.09 60.12 60.03 60.08 465.0 60.1 1.0 2259.0 1653.0 606.0 0.0 60.0682
12:55:00 37.0 1322.0 nan 60.08 60.14 60.06 60.08 150.0 60.11 30.0 1322.0 134.0 1188.0 0.0 60.103
12:56:00 35.0 2156.0 nan 60.07 60.1 60.06 60.06 450.0 60.1 150.0 2156.0 803.0 1353.0 0.0 60.0758
12:57:00 27.0 1798.0 nan 60.01 60.06 60.01 60.01 540.0 60.03 34.0 1798.0 315.0 1483.0 0.0 60.0462
12:58:00 20.0 813.0 nan 60.07 60.09 60.03 60.07 560.0 60.1 92.0 813.0 53.0 760.0 0.0 60.0729
12:59:00 23.0 1600.0 nan 60.09 60.09 60.07 60.09 200.0 60.11 83.0 1600.0 381.0 1219.0 0.0 60.0843
13:00:00 43.0 1723.0 nan 60.09 60.11 60.08 60.07 1.0 60.1 156.0 1723.0 974.0 749.0 0.0 60.091
13:01:00 32.0 2936.0 nan 60.13 60.13 60.06 60.13 40.0 60.15 20.0 2936.0 2491.0 445.0 0.0 60.1043
13:02:00 47.0 3360.0 nan 60.1 60.2 60.09 60.08 800.0 60.11 37.0 3360.0 1278.0 2082.0 0.0 60.1442
13:03:00 23.0 1137.0 nan 60.15 60.15 60.11 60.15 10.0 60.16 30.0 1137.0 281.0 856.0 0.0 60.1315
13:04:00 18.0 942.0 nan 60.18 60.18 60.15 60.16 216.0 60.18 801.0 942.0 676.0 266.0 0.0 60.1635
13:05:00 53.0 2640.0 nan 60.11 60.16 60.11 60.1 450.0 60.13 156.0 2640.0 740.0 1900.0 0.0 60.1381
13:06:00 80.0 6399.0 nan 60.06 60.15 60.0 60.05 150.0 60.08 51.0 6399.0 2098.0 4301.0 0.0 60.0604
13:07:00 13.0 577.0 nan 60.09 60.1 60.07 60.06 2983.0 60.09 1.0 577.0 201.0 376.0 0.0 60.0821
13:08:00 28.0 11599.0 nan 60.03 60.06 60.02 60.06 593.0 60.08 4.0 11599.0 326.0 11273.0 0.0 60.0444
13:09:00 85.0 6770.0 nan 60.07 60.1 60.06 60.05 303.0 60.07 50.0 6770.0 4409.0 2361.0 0.0 60.0885
13:10:00 78.0 7636.0 nan 60.02 60.06 59.97 60.01 390.0 60.03 432.0 7636.0 2630.0 5006.0 0.0 60.012
13:11:00 56.0 4273.0 nan 59.94 60.01 59.94 59.93 50.0 59.95 35.0 4273.0 1090.0 3183.0 0.0 59.979
13:12:00 17.0 519.0 nan 60.01 60.01 59.93 60.0 100.0 60.03 151.0 519.0 319.0 200.0 0.0 59.9491
13:13:00 41.0 3774.0 nan 60.06 60.07 60.03 60.06 10.0 60.08 50.0 3774.0 2900.0 874.0 0.0 60.0508
13:14:00 21.0 1257.0 nan 60.06 60.08 60.04 60.07 10.0 60.09 425.0 1257.0 529.0 728.0 0.0 60.0479
13:15:00 56.0 3067.0 nan 60.12 60.15 60.06 60.12 150.0 60.15 252.0 3067.0 1682.0 1385.0 0.0 60.1095
13:16:00 28.0 1179.0 nan 60.05 60.12 60.05 60.05 415.0 60.07 212.0 1179.0 204.0 975.0 0.0 60.0836
13:17:00 46.0 1550.0 nan 60.09 60.1 60.02 60.07 157.0 60.11 203.0 1550.0 696.0 854.0 0.0 60.0713
13:18:00 111.0 5807.0 nan 60.05 60.09 60.04 60.04 200.0 60.06 654.0 5807.0 1957.0 3850.0 0.0 60.0595
13:19:00 53.0 3596.0 nan 60.0 60.04 60.0 59.99 8.0 60.01 851.0 3596.0 1423.0 2173.0 0.0 60.0153
13:20:00 44.0 1722.0 nan 60.06 60.08 59.99 60.04 250.0 60.06 72.0 1722.0 808.0 914.0 0.0 60.0455
13:21:00 29.0 1001.0 nan 60.07 60.08 59.97 60.07 399.0 60.1 60.0 1001.0 427.0 574.0 0.0 60.0452
13:22:00 35.0 1401.0 nan 60.01 60.09 59.96 60.0 806.0 60.03 100.0 1401.0 337.0 1064.0 0.0 60.0256
13:23:00 16.0 1241.0 nan 60.07 60.09 60.03 60.05 310.0 60.08 51.0 1241.0 232.0 1009.0 0.0 60.062
13:24:00 34.0 1625.0 nan 60.02 60.05 60.01 60.01 520.0 60.03 1.0 1625.0 329.0 1296.0 0.0 60.0321
13:25:00 23.0 1384.0 nan 59.97 60.02 59.95 59.96 258.0 59.98 32.0 1384.0 556.0 828.0 0.0 59.9896
13:26:00 23.0 924.0 nan 60.0 60.01 59.97 60.0 49.0 60.02 233.0 924.0 717.0 207.0 0.0 60.0023
13:27:00 42.0 1683.0 nan 60.09 60.1 60.01 60.08 500.0 60.1 32.0 1683.0 484.0 1199.0 0.0 60.0788
13:28:00 30.0 1213.0 nan 60.12 60.12 60.04 60.11 550.0 60.13 2.0 1213.0 721.0 492.0 0.0 60.076
13:29:00 30.0 869.0 nan 60.16 60.16 60.13 60.14 1361.0 60.17 16.0 869.0 218.0 651.0 0.0 60.1575
13:30:00 38.0 1688.0 nan 60.2 60.24 60.17 60.21 250.0 60.24 1110.0 1688.0 737.0 951.0 0.0 60.2142
13:31:00 33.0 1384.0 nan 60.3 60.3 60.21 60.29 610.0 60.31 300.0 1384.0 701.0 683.0 0.0 60.2666
13:32:00 38.0 3007.0 nan 60.37 60.37 60.3 60.35 10.0 60.38 258.0 3007.0 2124.0 883.0 0.0 60.3364
13:33:00 46.0 2441.0 nan 60.28 60.34 60.21 60.26 400.0 60.3 152.0 2441.0 982.0 1459.0 0.0 60.2794
13:34:00 6.0 35.0 nan 60.275 60.275 60.26 60.27 11.0 60.29 177.0 35.0 0.0 35.0 0.0 60.26
13:35:00 65.0 2738.0 nan 60.25 60.33 60.25 60.24 100.0 60.28 116.0 2738.0 734.0 2004.0 0.0 60.2883
13:36:00 40.0 1718.0 nan 60.27 60.31 60.25 60.27 10.0 60.29 107.0 1718.0 701.0 1017.0 0.0 60.2907
13:37:00 41.0 3755.0 nan 60.25 60.28 60.24 60.24 100.0 60.27 9.0 3755.0 298.0 3457.0 0.0 60.2608
13:38:00 23.0 4070.0 nan 60.32 60.32 60.27 60.32 1301.0 60.34 1.0 4070.0 3939.0 131.0 0.0 60.3026
13:39:00 47.0 5139.0 nan 60.39 60.42 60.33 60.37 501.0 60.39 35.0 5139.0 3256.0 1883.0 0.0 60.365
13:40:00 53.0 3274.0 nan 60.44 60.46 60.385 60.43 10.0 60.44 27.0 3274.0 2571.0 703.0 0.0 60.4181
13:41:00 32.0 1164.0 nan 60.48 60.48 60.42 60.48 50.0 60.49 3.0 1164.0 300.0 864.0 0.0 60.455
13:42:00 61.0 4094.0 nan 60.56 60.59 60.47 60.56 600.0 60.57 32.0 4094.0 1844.0 2250.0 0.0 60.5228
13:43:00 68.0 4229.0 nan 60.61 60.65 60.57 60.61 201.0 60.64 111.0 4229.0 1610.0 2619.0 0.0 60.6183
13:44:00 56.0 5766.0 nan 60.69 60.69 60.6 60.68 40.0 60.7 193.0 5766.0 3186.0 2580.0 0.0 60.6529
13:45:00 74.0 7799.0 nan 60.76 60.77 60.66 60.75 562.0 60.77 56.0 7799.0 4325.0 3474.0 0.0 60.7274
13:46:00 78.0 10225.0 nan 60.74 60.82 60.73 60.73 311.0 60.75 954.0 10225.0 7819.0 2406.0 0.0 60.7856
13:47:00 23.0 1024.0 nan 60.72 60.73 60.7 60.72 250.0 60.75 904.0 1024.0 173.0 851.0 0.0 60.7189
13:48:00 36.0 2459.0 nan 60.75 60.75 60.7 60.74 364.0 60.76 104.0 2459.0 1416.0 1043.0 0.0 60.7215
13:49:00 27.0 2190.0 nan 60.78 60.81 60.76 60.77 1438.0 60.8 2126.0 2190.0 1854.0 336.0 0.0 60.7862
13:50:00 48.0 5151.0 nan 60.84 60.84 60.79 60.82 1244.0 60.85 101.0 5151.0 4852.0 299.0 0.0 60.8091
13:51:00 42.0 1728.0 nan 60.89 60.89 60.81 60.86 900.0 60.89 203.0 1728.0 783.0 945.0 0.0 60.8304
13:52:00 32.0 1999.0 nan 60.87 60.89 60.86 60.87 150.0 60.9 2470.0 1999.0 262.0 1737.0 0.0 60.8642
13:53:00 34.0 1831.0 nan 60.87 60.89 60.86 60.84 1000.0 60.86 1.0 1831.0 967.0 864.0 0.0 60.8714
13:54:00 15.0 471.0 nan 60.91 60.93 60.86 60.9 1294.0 60.93 360.0 471.0 324.0 147.0 0.0 60.901
13:55:00 40.0 3058.0 nan 60.9 60.9 60.87 60.89 150.0 60.91 33.0 3058.0 696.0 2362.0 0.0 60.8868
13:56:00 40.0 2019.0 nan 60.84 60.9 60.84 60.84 506.0 60.85 32.0 2019.0 240.0 1779.0 0.0 60.86
13:57:00 61.0 11047.0 nan 60.9 60.91 60.84 60.89 1201.0 60.92 301.0 11047.0 10129.0 918.0 0.0 60.8928
13:58:00 56.0 6307.0 nan 60.95 60.95 60.91 60.93 259.0 60.96 2564.0 6307.0 4103.0 2204.0 0.0 60.942
13:59:00 65.0 5387.0 nan 60.9 60.95 60.89 60.89 300.0 60.91 401.0 5387.0 1915.0 3472.0 0.0 60.9356
14:00:00 28.0 3208.0 nan 60.87 60.89 60.85 60.88 7.0 60.9 50.0 3208.0 1596.0 1612.0 0.0 60.8761
14:01:00 44.0 2950.0 nan 60.81 60.89 60.8 60.8 500.0 60.82 1.0 2950.0 1577.0 1373.0 0.0 60.8395
14:02:00 46.0 2659.0 nan 60.79 60.83 60.78 60.78 16.0 60.8 156.0 2659.0 1003.0 1656.0 0.0 60.8039
14:03:00 44.0 3083.0 nan 60.87 60.87 60.8 60.84 10.0 60.86 102.0 3083.0 2820.0 263.0 0.0 60.8529
14:04:00 13.0 745.0 nan 60.87 60.88 60.86 60.88 10.0 60.9 260.0 745.0 608.0 137.0 0.0 60.8638
14:05:00 73.0 3304.0 nan 60.84 60.88 60.83 60.83 2.0 60.86 289.0 3304.0 1282.0 2022.0 0.0 60.8469
14:06:00 58.0 6574.0 nan 60.77 60.85 60.73 60.77 254.0 60.8 951.0 6574.0 455.0 6119.0 0.0 60.7639
14:07:00 124.0 8373.0 nan 60.695 60.8 60.64 60.68 251.0 60.7 3.0 8373.0 1724.0 6649.0 0.0 60.6888
14:08:00 29.0 1384.0 nan 60.69 60.7 60.67 60.67 514.0 60.7 548.0 1384.0 651.0 733.0 0.0 60.683
14:09:00 26.0 1260.0 nan 60.72 60.77 60.7 60.7 150.0 60.73 229.0 1260.0 729.0 531.0 0.0 60.7236
14:10:00 32.0 1064.0 nan 60.69 60.76 60.69 60.68 254.0 60.7 211.0 1064.0 485.0 579.0 0.0 60.7325
14:11:00 47.0 2226.0 nan 60.67 60.7 60.64 60.64 200.0 60.67 150.0 2226.0 911.0 1315.0 0.0 60.6844
14:12:00 43.0 5611.0 nan 60.62 60.67 60.58 60.6 276.0 60.63 152.0 5611.0 933.0 4678.0 0.0 60.6491
14:13:00 32.0 1494.0 nan 60.66 60.68 60.62 60.65 856.0 60.68 52.0 1494.0 846.0 648.0 0.0 60.6556
14:14:00 28.0 822.0 nan 60.76 60.76 60.68 60.74 459.0 60.78 901.0 822.0 716.0 106.0 0.0 60.7193
14:15:00 44.0 2392.0 nan 60.75 60.77 60.74 60.74 364.0 60.77 11.0 2392.0 620.0 1772.0 0.0 60.7478
14:16:00 47.0 2427.0 nan 60.72 60.8 60.72 60.71 17.0 60.73 403.0 2427.0 647.0 1780.0 0.0 60.7533
14:17:00 63.0 3660.0 nan 60.65 60.74 60.65 60.65 650.0 60.68 84.0 3660.0 1582.0 2078.0 0.0 60.6957
14:18:00 29.0 843.0 nan 60.75 60.75 60.68 60.73 507.0 60.76 180.0 843.0 730.0 113.0 0.0 60.7131
14:19:00 36.0 1509.0 nan 60.78 60.79 60.73 60.76 350.0 60.79 350.0 1509.0 735.0 774.0 0.0 60.7582
14:20:00 23.0 1177.0 nan 60.79 60.79 60.75 60.77 3.0 60.79 335.0 1177.0 969.0 208.0 0.0 60.7741
14:21:00 36.0 1567.0 nan 60.81 60.83 60.78 60.79 931.0 60.81 1.0 1567.0 1153.0 414.0 0.0 60.8012
14:22:00 38.0 2164.0 nan 60.78 60.83 60.77 60.77 10.0 60.79 958.0 2164.0 123.0 2041.0 0.0 60.808
14:23:00 27.0 1418.0 nan 60.8 60.81 60.76 60.79 451.0 60.82 151.0 1418.0 870.0 548.0 0.0 60.7923
14:24:00 46.0 3058.0 nan 60.82 60.84 60.78 60.82 903.0 60.85 301.0 3058.0 1459.0 1599.0 0.0 60.8145
14:25:00 35.0 1554.0 nan 60.88 60.89 60.85 60.86 1431.0 60.88 32.0 1554.0 1149.0 405.0 0.0 60.8647
14:26:00 47.0 1594.0 nan 60.76 60.86 60.76 60.75 250.0 60.77 227.0 1594.0 45.0 1549.0 0.0 60.826
14:27:00 40.0 2111.0 nan 60.72 60.78 60.69 60.72 10.0 60.73 4.0 2111.0 897.0 1214.0 0.0 60.7325
14:28:00 40.0 2278.0 nan 60.67 60.72 60.64 60.67 100.0 60.69 602.0 2278.0 329.0 1949.0 0.0 60.6723
14:29:00 32.0 2272.0 nan 60.67 60.72 60.66 60.66 39.0 60.68 301.0 2272.0 516.0 1756.0 0.0 60.6844
14:30:00 78.0 11197.0 nan 60.6 60.68 60.59 60.59 200.0 60.61 51.0 11197.0 1696.0 9501.0 0.0 60.6098
14:31:00 40.0 1691.0 nan 60.61 60.63 60.6 60.61 150.0 60.64 554.0 1691.0 1092.0 599.0 0.0 60.6085
14:32:00 37.0 1298.0 nan 60.67 60.71 60.64 60.67 400.0 60.69 62.0 1298.0 675.0 623.0 0.0 60.6609
14:33:00 47.0 2590.0 nan 60.65 60.68 60.63 60.64 305.0 60.66 698.0 2590.0 520.0 2070.0 0.0 60.6593
14:34:00 90.0 3905.0 nan 60.76 60.77 60.62 60.74 510.0 60.75 256.0 3905.0 2204.0 1701.0 0.0 60.6931
14:35:00 27.0 2705.0 nan 60.79 60.8 60.75 60.79 300.0 60.81 2.0 2705.0 1893.0 812.0 0.0 60.7949
14:36:00 46.0 1799.0 nan 60.88 60.88 60.79 60.86 252.0 60.89 203.0 1799.0 1064.0 735.0 0.0 60.8381
14:37:00 43.0 1677.0 nan 60.9 60.9 60.87 60.88 810.0 60.9 15061.0 1677.0 730.0 947.0 0.0 60.8835
14:38:00 57.0 18373.0 nan 60.92 60.92 60.88 60.91 300.0 60.92 4.0 18373.0 15516.0 2857.0 0.0 60.8989
14:39:00 48.0 2461.0 nan 60.9 60.93 60.88 60.9 250.0 60.92 145.0 2461.0 794.0 1667.0 0.0 60.9079
14:40:00 38.0 1359.0 nan 60.9 60.94 60.9 60.89 4.0 60.9 50.0 1359.0 477.0 882.0 0.0 60.9107
14:41:00 35.0 1616.0 nan 60.83 60.89 60.81 60.83 210.0 60.85 151.0 1616.0 1094.0 522.0 0.0 60.8385
14:42:00 32.0 1455.0 nan 60.85 60.87 60.83 60.84 100.0 60.86 170.0 1455.0 194.0 1261.0 0.0 60.8525
14:43:00 24.0 1018.0 nan 60.86 60.88 60.84 60.85 800.0 60.87 897.0 1018.0 601.0 417.0 0.0 60.8619
14:44:00 45.0 7945.0 nan 60.85 60.9 60.85 60.85 1050.0 60.87 18.0 7945.0 7081.0 864.0 0.0 60.8758
14:45:00 53.0 4464.0 nan 60.79 60.86 60.79 60.78 350.0 60.81 337.0 4464.0 294.0 4170.0 0.0 60.8159
14:46:00 58.0 1809.0 nan 60.8 60.81 60.75 60.77 701.0 60.8 189.0 1809.0 565.0 1244.0 0.0 60.7845
14:47:00 57.0 3798.0 nan 60.82 60.86 60.8 60.8 126.0 60.83 169.0 3798.0 2080.0 1718.0 0.0 60.8326
14:48:00 41.0 1511.0 nan 60.92 60.93 60.83 60.91 216.0 60.94 81.0 1511.0 794.0 717.0 0.0 60.8787
14:49:00 55.0 2575.0 nan 60.89 60.92 60.89 60.88 218.0 60.9 242.0 2575.0 455.0 2120.0 0.0 60.8944
14:50:00 29.0 619.0 nan 60.94 60.94 60.9 60.94 8.0 60.95 689.0 619.0 477.0 142.0 0.0 60.9107
14:51:00 87.0 7274.0 nan 60.98 61.0 60.95 60.98 550.0 60.99 3.0 7274.0 5056.0 2218.0 0.0 60.9809
14:52:00 48.0 2940.0 nan 61.03 61.03 60.98 61.0 1300.0 61.02 159.0 2940.0 2920.0 20.0 0.0 61.0068
14:53:00 90.0 5671.0 nan 61.0 61.01 60.96 60.99 350.0 61.01 105.0 5671.0 658.0 5013.0 0.0 60.9961
14:54:00 28.0 1818.0 nan 61.0 61.02 60.98 60.99 311.0 61.01 53.0 1818.0 1520.0 298.0 0.0 61.0063
14:55:00 34.0 1799.0 nan 60.97 60.99 60.95 60.95 800.0 60.97 130.0 1799.0 243.0 1556.0 0.0 60.9761
14:56:00 14.0 506.0 nan 60.95 60.97 60.95 60.95 10.0 60.97 423.0 506.0 403.0 103.0 0.0 60.9592
14:57:00 26.0 1165.0 nan 60.96 60.98 60.96 60.95 1.0 60.97 279.0 1165.0 642.0 523.0 0.0 60.9718
14:58:00 43.0 2375.0 nan 60.94 60.95 60.92 60.93 600.0 60.95 152.0 2375.0 565.0 1810.0 0.0 60.9392
14:59:00 17.0 912.0 nan 60.92 60.94 60.905 60.91 400.0 60.93 19.0 912.0 212.0 700.0 0.0 60.9319
15:00:00 58.0 2412.0 nan 60.89 60.93 60.85 60.88 700.0 60.89 85.0 2412.0 935.0 1477.0 0.0 60.8801
15:01:00 102.0 3859.0 nan 60.92 60.97 60.89 60.91 200.0 60.93 45.0 3859.0 1059.0 2800.0 0.0 60.9411
15:02:00 45.0 1138.0 nan 60.97 60.97 60.91 60.96 395.0 60.97 31.0 1138.0 439.0 699.0 0.0 60.9413
15:03:00 89.0 2494.0 nan 60.99 61.02 60.96 60.98 518.0 60.99 62.0 2494.0 1129.0 1365.0 0.0 60.9961
15:04:00 64.0 2746.0 nan 61.0 61.02 60.97 61.0 553.0 61.02 135.0 2746.0 905.0 1841.0 0.0 60.9936
15:05:00 42.0 931.0 nan 60.975 61.02 60.97 60.97 10.0 60.99 1471.0 931.0 562.0 369.0 0.0 60.9955
15:06:00 49.0 2883.0 nan 60.94 60.97 60.94 60.93 423.0 60.95 26.0 2883.0 335.0 2548.0 0.0 60.9517
15:07:00 79.0 5550.0 nan 60.88 60.94 60.87 60.87 200.0 60.88 1.0 5550.0 642.0 4908.0 0.0 60.891
15:08:00 69.0 2647.0 nan 60.88 60.9 60.87 60.87 480.0 60.88 50.0 2647.0 835.0 1812.0 0.0 60.8815
15:09:00 82.0 3295.0 nan 60.89 60.9 60.82 60.89 850.0 60.9 35.0 3295.0 1207.0 2088.0 0.0 60.8633
15:10:00 50.0 2353.0 nan 60.87 60.925 60.85 60.84 157.0 60.87 66.0 2353.0 363.0 1990.0 0.0 60.8847
15:11:00 44.0 1147.0 nan 60.87 60.9 60.865 60.87 109.0 60.89 71.0 1147.0 387.0 760.0 0.0 60.8833
15:12:00 100.0 4222.0 nan 60.94 60.96 60.88 60.94 300.0 60.96 87.0 4222.0 2111.0 2111.0 0.0 60.9293
15:13:00 77.0 3580.0 nan 60.97 61.0 60.94 60.97 200.0 60.98 31.0 3580.0 1182.0 2398.0 0.0 60.9697
15:14:00 57.0 1886.0 nan 60.94 60.97 60.93 60.93 1.0 60.95 566.0 1886.0 381.0 1505.0 0.0 60.9479
15:15:00 65.0 2527.0 nan 60.95 60.98 60.94 60.94 601.0 60.96 3.0 2527.0 987.0 1540.0 0.0 60.9546
15:16:00 49.0 1978.0 nan 61.0 61.0 60.96 60.98 607.0 61.0 50.0 1978.0 825.0 1153.0 0.0 60.9689
15:17:00 107.0 5862.0 nan 61.13 61.13 60.98 61.13 233.0 61.14 95.0 5862.0 4602.0 1260.0 0.0 61.0759
15:18:00 89.0 4652.0 nan 61.15 61.17 61.12 61.14 110.0 61.15 255.0 4652.0 1014.0 3638.0 0.0 61.1433
15:19:00 48.0 1808.0 nan 61.16 61.17 61.13 61.16 500.0 61.17 200.0 1808.0 977.0 831.0 0.0 61.1499
15:20:00 35.0 1524.0 nan 61.2 61.24 61.16 61.2 1079.0 61.22 50.0 1524.0 1139.0 385.0 0.0 61.1936
15:21:00 76.0 3283.0 nan 61.23 61.24 61.21 61.23 950.0 61.25 112.0 3283.0 1114.0 2169.0 0.0 61.223
15:22:00 80.0 4195.0 nan 61.26 61.29 61.24 61.25 10.0 61.27 940.0 4195.0 496.0 3699.0 0.0 61.2608
15:23:00 65.0 3044.0 nan 61.22 61.27 61.22 61.22 50.0 61.24 765.0 3044.0 595.0 2449.0 0.0 61.2465
15:24:00 83.0 2581.0 nan 61.21 61.22 61.16 61.19 710.0 61.21 84.0 2581.0 1560.0 1021.0 0.0 61.195
15:25:00 44.0 1951.0 nan 61.23 61.245 61.21 61.21 1372.0 61.24 297.0 1951.0 717.0 1234.0 0.0 61.2221
15:26:00 89.0 5067.0 nan 61.2 61.23 61.19 61.19 350.0 61.21 142.0 5067.0 648.0 4419.0 0.0 61.2049
15:27:00 74.0 2807.0 nan 61.16 61.22 61.13 61.16 504.0 61.17 54.0 2807.0 839.0 1968.0 0.0 61.1659
15:28:00 110.0 4768.0 nan 61.21 61.21 61.13 61.2 500.0 61.21 78.0 4768.0 1552.0 3216.0 0.0 61.1655
15:29:00 82.0 14911.0 nan 61.07 61.2 61.07 61.06 200.0 61.07 1.0 14911.0 794.0 14117.0 0.0 61.1725
15:30:00 86.0 3389.0 nan 61.04 61.09 61.04 61.04 581.0 61.06 245.0 3389.0 1128.0 2261.0 0.0 61.0589
15:31:00 122.0 3494.0 nan 61.1 61.13 61.05 61.1 265.0 61.11 284.0 3494.0 1039.0 2455.0 0.0 61.0834
15:32:00 93.0 2769.0 nan 61.14 61.15 61.09 61.13 1219.0 61.16 288.0 2769.0 1796.0 973.0 0.0 61.1114
15:33:00 68.0 3776.0 nan 61.13 61.16 61.11 61.13 663.0 61.15 245.0 3776.0 429.0 3347.0 0.0 61.1248
15:34:00 123.0 4974.0 nan 61.07 61.19 61.07 61.06 3.0 61.08 368.0 4974.0 1041.0 3933.0 0.0 61.1593
15:35:00 113.0 2703.0 nan 61.1 61.1 61.05 61.09 406.0 61.11 413.0 2703.0 2105.0 598.0 0.0 61.0684
15:36:00 202.0 8731.0 nan 61.07 61.11 61.0 61.06 360.0 61.08 5.0 8731.0 2965.0 5766.0 0.0 61.0518
15:37:00 100.0 3078.0 nan 61.12 61.14 61.08 61.11 893.0 61.13 111.0 3078.0 1629.0 1449.0 0.0 61.1025
15:38:00 78.0 2064.0 nan 61.16 61.18 61.12 61.15 1218.0 61.18 1423.0 2064.0 649.0 1415.0 0.0 61.1503
15:39:00 98.0 4304.0 nan 61.2 61.23 61.18 61.19 1339.0 61.21 100.0 4304.0 1624.0 2680.0 0.0 61.2053
15:40:00 95.0 6439.0 nan 61.23 61.26 61.21 61.22 1040.0 61.23 213.0 6439.0 3738.0 2701.0 0.0 61.2404
15:41:00 127.0 5237.0 nan 61.29 61.3 61.2 61.29 700.0 61.3 304.0 5237.0 1826.0 3411.0 0.0 61.2437
15:42:00 165.0 17886.0 nan 61.28 61.32 61.26 61.27 600.0 61.29 256.0 17886.0 11730.0 6156.0 0.0 61.2972
15:43:00 93.0 3595.0 nan 61.31 61.32 61.28 61.3 1015.0 61.32 33.0 3595.0 1713.0 1882.0 0.0 61.2923
15:44:00 93.0 3137.0 nan 61.35 61.35 61.28 61.34 1100.0 61.36 1056.0 3137.0 1662.0 1475.0 0.0 61.3163
15:45:00 153.0 10443.0 nan 61.36 61.4 61.34 61.36 815.0 61.37 308.0 10443.0 2789.0 7654.0 0.0 61.3624
15:46:00 163.0 9482.0 nan 61.37 61.39 61.34 61.37 800.0 61.38 321.0 9482.0 2084.0 7398.0 0.0 61.372
15:47:00 228.0 8815.0 nan 61.22 61.37 61.21 61.21 272.0 61.23 359.0 8815.0 2410.0 6405.0 0.0 61.2921
15:48:00 183.0 9285.0 nan 61.19 61.24 61.18 61.19 400.0 61.21 434.0 9285.0 4557.0 4728.0 0.0 61.2083
15:49:00 112.0 4241.0 nan 61.29 61.29 61.18 61.27 2213.0 61.29 351.0 4241.0 806.0 3435.0 0.0 61.2514
15:50:00 193.0 9329.0 nan 61.28 61.32 61.27 61.28 100.0 61.29 124.0 9329.0 3361.0 5968.0 0.0 61.2914
15:51:00 297.0 16050.0 nan 61.38 61.44 61.29 61.38 11.0 61.38 100.0 16050.0 8536.0 7514.0 0.0 61.3999
15:52:00 212.0 10762.0 nan 61.29 61.4 61.28 61.29 100.0 61.3 384.0 10762.0 3747.0 7015.0 0.0 61.343
15:53:00 117.0 6626.0 nan 61.33 61.33 61.29 61.33 316.0 61.35 742.0 6626.0 2883.0 3743.0 0.0 61.3103
15:54:00 119.0 6166.0 nan 61.35 61.37 61.34 61.35 410.0 61.36 571.0 6166.0 1675.0 4491.0 0.0 61.3541
15:55:00 184.0 10467.0 nan 61.36 61.36 61.33 61.35 1058.0 61.36 617.0 10467.0 3657.0 6810.0 0.0 61.3504
15:56:00 287.0 14177.0 nan 61.29 61.37 61.2 61.29 944.0 61.3 540.0 14177.0 5512.0 8665.0 0.0 61.2769
15:57:00 335.0 20479.0 nan 61.39 61.39 61.27 61.39 1226.0 61.4 249.0 20479.0 9557.0 10922.0 0.0 61.3349
15:58:00 364.0 21637.0 nan 61.4 61.42 61.38 61.4 307.0 61.41 1102.0 21637.0 6256.0 15381.0 0.0 61.3973
15:59:00 379.0 28063.0 nan 61.4 61.41 61.37 61.4 183.0 61.41 1604.0 28063.0 7689.0 20374.0 0.0 61.3967
16:00:00 542.0 60628.0 nan 61.36 61.44 61.35 61.36 9018.0 61.37 5600.0 60628.0 22284.0 38344.0 0.0 61.4065
16:01:00 3.0 1.0 nan 61.42 61.42 61.39 61.36 9018.0 61.39 46322.0 1.0 0.0 1.0 0.0 61.42
16:02:00 0.0 0.0 nan 61.42 nan nan 61.36 9018.0 61.39 46332.0 nan 0.0 0.0 0.0 nan
16:03:00 1.0 10.0 nan 61.1 61.1 61.1 61.36 9018.0 61.39 46380.0 10.0 10.0 0.0 0.0 61.1
16:04:00 0.0 0.0 nan 61.1 nan nan 61.36 9018.0 61.39 46380.0 nan 0.0 0.0 0.0 nan
16:05:00 0.0 0.0 nan 61.1 nan nan 61.36 9018.0 61.39 46322.0 nan 0.0 0.0 0.0 nan
16:06:00 0.0 0.0 nan 61.1 nan nan 61.36 9018.0 61.39 46322.0 nan 0.0 0.0 0.0 nan
16:07:00 0.0 0.0 nan 61.1 nan nan 61.36 9018.0 61.39 46322.0 nan 0.0 0.0 0.0 nan
16:08:00 0.0 0.0 nan 61.1 nan nan 61.36 9018.0 61.39 46322.0 nan 0.0 0.0 0.0 nan
16:09:00 0.0 0.0 nan 61.1 nan nan 61.36 9018.0 61.39 46322.0 nan 0.0 0.0 0.0 nan
16:10:00 0.0 0.0 nan 61.1 nan nan 61.36 9018.0 61.39 46322.0 nan 0.0 0.0 0.0 nan
16:11:00 0.0 0.0 nan 61.1 nan nan 61.36 9018.0 61.39 46322.0 nan 0.0 0.0 0.0 nan
16:12:00 0.0 0.0 nan 61.1 nan nan 61.36 9018.0 61.39 46322.0 nan 0.0 0.0 0.0 nan
16:13:00 3.0 300.0 nan 61.41 61.41 61.4 61.36 9018.0 61.39 46322.0 300.0 300.0 0.0 0.0 61.41
16:14:00 0.0 0.0 nan 61.41 nan nan 61.39 1000.0 61.39 46322.0 nan 0.0 0.0 0.0 nan
16:15:00 2.0 50.0 nan 61.45 61.45 61.45 61.36 9018.0 61.39 46322.0 50.0 0.0 50.0 0.0 61.45
16:16:00 0.0 0.0 nan 61.45 nan nan 61.36 9018.0 61.39 46322.0 nan 0.0 0.0 0.0 nan
16:17:00 0.0 0.0 nan 61.45 nan nan 61.36 9018.0 61.39 46322.0 nan 0.0 0.0 0.0 nan
16:18:00 0.0 0.0 nan 61.45 nan nan 61.36 9018.0 61.39 46322.0 nan 0.0 0.0 0.0 nan
16:19:00 0.0 0.0 nan 61.45 nan nan 61.36 9018.0 61.39 46322.0 nan 0.0 0.0 0.0 nan
16:20:00 0.0 0.0 nan 61.45 nan nan 61.36 9018.0 61.39 46322.0 nan 0.0 0.0 0.0 nan
16:21:00 0.0 0.0 nan 61.45 nan nan 61.36 9018.0 61.39 46322.0 nan 0.0 0.0 0.0 nan
16:22:00 0.0 0.0 nan 61.45 nan nan 61.36 9018.0 61.39 46322.0 nan 0.0 0.0 0.0 nan
16:23:00 0.0 0.0 nan 61.45 nan nan 61.36 9018.0 61.39 46322.0 nan 0.0 0.0 0.0 nan
16:24:00 0.0 0.0 nan 61.45 nan nan 61.36 9018.0 61.39 46322.0 nan 0.0 0.0 0.0 nan
16:25:00 0.0 0.0 nan 61.45 nan nan 61.36 9018.0 61.39 46322.0 nan 0.0 0.0 0.0 nan
16:26:00 0.0 0.0 nan 61.45 nan nan 61.36 9018.0 61.39 46322.0 nan 0.0 0.0 0.0 nan
16:27:00 0.0 0.0 nan 61.45 nan nan 61.36 9018.0 61.39 46322.0 nan 0.0 0.0 0.0 nan
16:28:00 0.0 0.0 nan 61.45 nan nan 61.36 9018.0 61.39 46322.0 nan 0.0 0.0 0.0 nan
16:29:00 0.0 0.0 nan 61.45 nan nan 61.36 9018.0 61.39 46322.0 nan 0.0 0.0 0.0 nan
16:30:00 0.0 0.0 nan 61.45 nan nan 61.36 9018.0 61.39 46322.0 nan 0.0 0.0 0.0 nan
16:31:00 1.0 1.0 nan 61.5 61.5 61.5 61.36 9018.0 61.39 46322.0 1.0 1.0 0.0 0.0 61.5
16:32:00 0.0 0.0 nan 61.5 nan nan 61.36 9018.0 61.39 46322.0 nan 0.0 0.0 0.0 nan
16:33:00 2.0 2.0 nan 61.51 61.51 61.51 61.36 9018.0 61.39 46322.0 2.0 2.0 0.0 0.0 61.51
16:34:00 0.0 0.0 nan 61.51 nan nan 61.36 9018.0 61.39 46322.0 nan 0.0 0.0 0.0 nan
16:35:00 0.0 0.0 nan 61.51 nan nan 61.36 9018.0 61.39 46322.0 nan 0.0 0.0 0.0 nan
16:36:00 2.0 4.0 nan 61.5 61.5 61.5 61.36 9018.0 61.39 46322.0 4.0 0.0 4.0 0.0 61.5
16:37:00 0.0 0.0 nan 61.5 nan nan 61.39 502.0 61.39 46322.0 nan 0.0 0.0 0.0 nan
16:38:00 0.0 0.0 nan 61.5 nan nan 61.39 502.0 61.39 46322.0 nan 0.0 0.0 0.0 nan
16:39:00 0.0 0.0 nan 61.5 nan nan 61.39 503.0 61.39 46322.0 nan 0.0 0.0 0.0 nan
16:40:00 1.0 20.0 nan 61.39 61.39 61.39 61.39 484.0 61.39 46322.0 20.0 0.0 20.0 0.0 61.39
16:41:00 0.0 0.0 nan 61.39 nan nan 61.39 480.0 61.39 46322.0 nan 0.0 0.0 0.0 nan
16:42:00 0.0 0.0 nan 61.39 nan nan 61.39 480.0 61.39 46322.0 nan 0.0 0.0 0.0 nan
16:43:00 1.0 1.0 nan 61.4 61.4 61.4 61.39 480.0 61.39 46322.0 1.0 0.0 1.0 0.0 61.4
16:44:00 0.0 0.0 nan 61.4 nan nan 61.39 480.0 61.39 46322.0 nan 0.0 0.0 0.0 nan
16:45:00 2.0 4.0 nan 61.39 61.39 61.39 61.39 476.0 61.39 46322.0 4.0 0.0 4.0 0.0 61.39
16:46:00 0.0 0.0 nan 61.39 nan nan 61.39 476.0 61.39 46322.0 nan 0.0 0.0 0.0 nan
16:47:00 0.0 0.0 nan 61.39 nan nan 61.39 476.0 61.39 46322.0 nan 0.0 0.0 0.0 nan
16:48:00 0.0 0.0 nan 61.39 nan nan 61.39 476.0 61.39 46322.0 nan 0.0 0.0 0.0 nan
16:49:00 0.0 0.0 nan 61.39 nan nan 61.39 476.0 61.39 46322.0 nan 0.0 0.0 0.0 nan
16:50:00 0.0 0.0 nan 61.39 nan nan 61.43 440.0 61.39 46322.0 nan 0.0 0.0 0.0 nan
16:51:00 0.0 0.0 nan 61.39 nan nan 61.43 440.0 61.39 46322.0 nan 0.0 0.0 0.0 nan
16:52:00 0.0 0.0 nan 61.39 nan nan 61.43 440.0 61.39 46322.0 nan 0.0 0.0 0.0 nan
16:53:00 2.0 1.0 nan 61.49 61.49 61.45 61.43 440.0 61.39 46322.0 1.0 1.0 0.0 0.0 61.45
16:54:00 0.0 0.0 nan 61.49 nan nan 61.43 440.0 61.39 46322.0 nan 0.0 0.0 0.0 nan
16:55:00 0.0 0.0 nan 61.49 nan nan 61.43 440.0 61.39 46322.0 nan 0.0 0.0 0.0 nan
16:56:00 0.0 0.0 nan 61.49 nan nan 61.43 440.0 61.39 46322.0 nan 0.0 0.0 0.0 nan
16:57:00 0.0 0.0 nan 61.49 nan nan 61.43 440.0 61.39 46322.0 nan 0.0 0.0 0.0 nan
16:58:00 0.0 0.0 nan 61.49 nan nan 61.43 440.0 61.39 46322.0 nan 0.0 0.0 0.0 nan
16:59:00 0.0 0.0 nan 61.49 nan nan 61.43 440.0 61.39 46322.0 nan 0.0 0.0 0.0 nan
17:00:00 1.0 1.0 nan 61.43 61.43 61.43 61.43 440.0 61.39 46322.0 1.0 1.0 0.0 0.0 61.43
