time trade_count trade_volume trade_first trade_last trade_high trade_low bid_price bid_size ask_price ask_size hid_vol buy_vol sell_vol unsided_vol vwap
09:00:00 nan 0.0 nan nan nan nan 61.52 50.0 61.6 1030.0 nan 0.0 0.0 0.0 nan
09:01:00 2.0 0.0 nan 61.59 61.59 61.59 61.52 50.0 61.6 1030.0 nan 0.0 0.0 0.0 nan
09:02:00 0.0 0.0 nan 61.59 nan nan 61.52 50.0 61.6 1030.0 nan 0.0 0.0 0.0 nan
09:03:00 15.0 521.0 nan 61.5 61.52 61.49 61.39 104.0 61.5 100.0 521.0 0.0 521.0 0.0 61.5021
09:04:00 8.0 329.0 nan 61.3 61.4 61.3 61.25 100.0 61.5 100.0 329.0 87.0 242.0 0.0 61.367
09:05:00 1.0 200.0 nan 61.38 61.38 61.38 61.25 103.0 61.5 100.0 200.0 0.0 200.0 0.0 61.38
09:06:00 13.0 740.0 nan 61.27 61.38 61.25 61.25 939.0 61.48 100.0 740.0 0.0 740.0 0.0 61.2542
09:07:00 7.0 363.0 nan 61.3 61.4 61.28 61.28 5.0 61.5 100.0 363.0 363.0 0.0 0.0 61.2855
09:08:00 0.0 0.0 nan 61.3 nan nan 61.25 940.0 61.5 100.0 nan 0.0 0.0 0.0 nan
09:09:00 1.0 0.0 nan 61.4 61.4 61.4 61.3 6.0 61.5 100.0 nan 0.0 0.0 0.0 nan
09:10:00 0.0 0.0 nan 61.4 nan nan 61.3 338.0 61.45 50.0 nan 0.0 0.0 0.0 nan
09:11:00 0.0 0.0 nan 61.4 nan nan 61.3 370.0 61.45 50.0 nan 0.0 0.0 0.0 nan
09:12:00 18.0 51.0 nan 61.4 61.45 61.4 61.3 380.0 61.45 3.0 51.0 50.0 1.0 0.0 61.449
09:13:00 0.0 0.0 nan 61.4 nan nan 61.3 430.0 61.45 3.0 nan 0.0 0.0 0.0 nan
09:14:00 10.0 626.0 nan 61.49 61.49 61.45 61.39 132.0 61.5 200.0 626.0 153.0 473.0 0.0 61.4898
09:15:00 3.0 360.0 nan 61.45 61.45 61.45 61.39 132.0 61.45 740.0 360.0 360.0 0.0 0.0 61.45
09:16:00 4.0 776.0 nan 61.47 61.47 61.45 61.4 3.0 61.5 100.0 776.0 776.0 0.0 0.0 61.4513
09:17:00 0.0 0.0 nan 61.47 nan nan 61.4 3.0 61.5 100.0 nan 0.0 0.0 0.0 nan
09:18:00 1.0 0.0 nan 61.41 61.41 61.41 61.47 348.0 61.6 1050.0 nan 0.0 0.0 0.0 nan
09:19:00 0.0 0.0 nan 61.41 nan nan 61.47 349.0 61.6 1050.0 nan 0.0 0.0 0.0 nan
09:20:00 1.0 0.0 nan 61.51 61.51 61.51 61.5 282.0 61.6 1209.0 nan 0.0 0.0 0.0 nan
09:21:00 13.0 1091.0 nan 61.62 61.62 61.6 61.47 201.0 61.6 1161.0 1091.0 1059.0 32.0 0.0 61.6018
09:22:00 3.0 151.0 nan 61.6 61.6 61.6 61.5 361.0 61.6 1034.0 151.0 151.0 0.0 0.0 61.6
09:23:00 8.0 942.0 nan 61.76 61.76 61.6 61.56 64.0 61.88 15.0 942.0 942.0 0.0 0.0 61.6011
09:24:00 3.0 281.0 nan 61.7 61.7 61.67 61.56 64.0 61.88 15.0 281.0 281.0 0.0 0.0 61.7
09:25:00 0.0 0.0 nan 61.7 nan nan 61.56 64.0 61.88 15.0 nan 0.0 0.0 0.0 nan
09:26:00 1.0 0.0 nan 61.76 61.76 61.76 61.57 196.0 61.88 15.0 nan 0.0 0.0 0.0 nan
09:27:00 0.0 0.0 nan 61.76 nan nan 61.58 164.0 61.88 5.0 nan 0.0 0.0 0.0 nan
09:28:00 0.0 0.0 nan 61.76 nan nan 61.58 270.0 61.88 5.0 nan 0.0 0.0 0.0 nan
09:29:00 0.0 0.0 nan 61.76 nan nan 61.58 206.0 61.88 5.0 nan 0.0 0.0 0.0 nan
09:30:00 5.0 0.0 nan 61.87 61.87 61.76 61.58 206.0 61.88 205.0 nan 0.0 0.0 0.0 nan
09:31:00 188.0 11670.0 nan 61.75 61.96 61.64 61.64 25.0 61.74 3200.0 11670.0 8699.0 2971.0 0.0 61.843
09:32:00 211.0 16938.0 nan 61.7 62.01 61.7 61.66 5.0 61.75 25.0 16938.0 10064.0 6874.0 0.0 61.8838
09:33:00 204.0 7647.0 nan 61.26 61.73 61.26 61.25 635.0 61.32 445.0 7647.0 2818.0 4829.0 0.0 61.5146
09:34:00 106.0 4828.0 nan 61.39 61.39 61.09 61.3 1.0 61.4 125.0 4828.0 2671.0 2157.0 0.0 61.2672
09:35:00 119.0 6469.0 nan 61.32 61.43 61.27 61.27 150.0 61.36 50.0 6469.0 2761.0 3708.0 0.0 61.3386
09:36:00 54.0 4963.0 nan 61.6 61.6 61.29 61.53 323.0 61.59 100.0 4963.0 3952.0 1011.0 0.0 61.4576
09:37:00 88.0 7307.0 nan 61.7 61.77 61.59 61.66 300.0 61.74 225.0 7307.0 3659.0 3648.0 0.0 61.6511
09:38:00 80.0 10253.0 nan 61.95 62.03 61.73 61.93 50.0 62.02 275.0 10253.0 7998.0 2255.0 0.0 61.8626
09:39:00 54.0 7939.0 nan 62.08 62.08 61.87 62.02 300.0 62.07 47.0 7939.0 6299.0 1640.0 0.0 61.9932
09:40:00 225.0 16645.0 nan 62.19 62.25 62.07 62.15 100.0 62.19 27.0 16645.0 10946.0 5699.0 0.0 62.1472
09:41:00 109.0 9172.0 nan 62.02 62.28 62.02 62.01 600.0 62.07 150.0 9172.0 2452.0 6720.0 0.0 62.1913
09:42:00 160.0 16489.0 nan 62.3 62.3 62.07 62.27 100.0 62.3 2600.0 16489.0 14202.0 2287.0 0.0 62.2353
09:43:00 124.0 11818.0 nan 62.4 62.45 62.3 62.38 50.0 62.42 100.0 11818.0 8376.0 3442.0 0.0 62.3742
09:44:00 46.0 5550.0 nan 62.43 62.48 62.4 62.41 150.0 62.47 100.0 5550.0 1259.0 4291.0 0.0 62.4274
09:45:00 116.0 10053.0 nan 62.39 62.45 62.33 62.38 900.0 62.44 435.0 10053.0 1317.0 8736.0 0.0 62.3778
09:46:00 120.0 12758.0 nan 62.55 62.55 62.44 62.54 150.0 62.58 7.0 12758.0 9801.0 2957.0 0.0 62.4941
09:47:00 158.0 13587.0 nan 62.46 62.7 62.46 62.45 401.0 62.51 250.0 13587.0 6406.0 7181.0 0.0 62.6264
09:48:00 77.0 4045.0 nan 62.47 62.58 62.38 62.42 50.0 62.47 425.0 4045.0 2302.0 1743.0 0.0 62.4913
09:49:00 216.0 14421.0 nan 62.62 62.68 62.45 62.6 350.0 62.66 300.0 14421.0 5694.0 8727.0 0.0 62.5982
09:50:00 130.0 8653.0 nan 62.66 62.7 62.55 62.64 150.0 62.68 150.0 8653.0 3396.0 5257.0 0.0 62.6403
09:51:00 190.0 18979.0 nan 62.85 62.86 62.64 62.8 250.0 62.85 1040.0 18979.0 14412.0 4567.0 0.0 62.7819
09:52:00 119.0 8976.0 nan 62.97 62.97 62.81 62.93 450.0 62.97 100.0 8976.0 5709.0 3267.0 0.0 62.8834
09:53:00 185.0 19625.0 nan 63.01 63.06 62.96 63.01 300.0 63.03 271.0 19625.0 14781.0 4844.0 0.0 63.0112
09:54:00 132.0 5585.0 nan 62.93 63.05 62.91 62.89 251.0 62.94 100.0 5585.0 3415.0 2170.0 0.0 63.0047
09:55:00 98.0 6586.0 nan 63.08 63.09 62.9 63.06 1550.0 63.09 71.0 6586.0 5781.0 805.0 0.0 63.0098
09:56:00 105.0 7304.0 nan 63.08 63.08 62.97 63.07 40.0 63.09 152.0 7304.0 3323.0 3981.0 0.0 63.0408
09:57:00 150.0 10009.0 nan 63.11 63.15 63.03 63.09 350.0 63.14 100.0 10009.0 7004.0 3005.0 0.0 63.0846
09:58:00 188.0 10294.0 nan 63.16 63.25 63.115 63.14 20.0 63.16 800.0 10294.0 6123.0 4171.0 0.0 63.203
09:59:00 122.0 4942.0 nan 62.93 63.16 62.91 62.92 50.0 62.96 200.0 4942.0 1467.0 3475.0 0.0 63.0381
10:00:00 124.0 5343.0 nan 62.905 62.99 62.89 62.89 250.0 62.93 526.0 5343.0 3042.0 2301.0 0.0 62.952
10:01:00 178.0 13984.0 nan 62.98 63.01 62.9 62.96 350.0 62.99 108.0 13984.0 10377.0 3607.0 0.0 62.9725
10:02:00 167.0 6650.0 nan 63.03 63.03 62.94 62.99 150.0 63.04 151.0 6650.0 4137.0 2513.0 0.0 63.0007
10:03:00 73.0 1753.0 nan 63.08 63.105 63.04 63.04 208.0 63.08 435.0 1753.0 1135.0 618.0 0.0 63.075
10:04:00 111.0 4673.0 nan 63.18 63.18 63.04 63.17 31.0 63.18 112.0 4673.0 3821.0 852.0 0.0 63.0995
10:05:00 150.0 7435.0 nan 63.17 63.23 63.15 63.16 349.0 63.18 100.0 7435.0 2210.0 5225.0 0.0 63.1917
10:06:00 220.0 11513.0 nan 63.08 63.27 63.06 63.06 100.0 63.11 71.0 11513.0 5367.0 6146.0 0.0 63.1916
10:07:00 162.0 6068.0 nan 62.89 63.08 62.87 62.87 102.0 62.89 6.0 6068.0 3153.0 2915.0 0.0 62.9891
10:08:00 99.0 3845.0 nan 62.9 62.94 62.85 62.88 240.0 62.93 1851.0 3845.0 2320.0 1525.0 0.0 62.8948
10:09:00 128.0 5386.0 nan 62.945 62.98 62.91 62.92 50.0 62.95 29.0 5386.0 2708.0 2678.0 0.0 62.9438
10:10:00 63.0 2492.0 nan 63.01 63.02 62.91 62.98 301.0 63.01 210.0 2492.0 1513.0 979.0 0.0 62.94
10:11:00 132.0 4662.0 nan 62.8 62.98 62.77 62.8 503.0 62.83 200.0 4662.0 2046.0 2616.0 0.0 62.8387
10:12:00 92.0 4384.0 nan 62.94 62.95 62.8 62.91 150.0 62.95 1614.0 4384.0 2246.0 2138.0 0.0 62.8909
10:13:00 113.0 8736.0 nan 63.17 63.17 62.93 63.17 290.0 63.19 200.0 8736.0 5779.0 2957.0 0.0 63.0967
10:14:00 119.0 5269.0 nan 62.92 63.18 62.92 62.91 650.0 62.95 100.0 5269.0 903.0 4366.0 0.0 63.0857
10:15:00 159.0 6293.0 nan 62.91 62.93 62.84 62.88 1.0 62.89 1.0 6293.0 2260.0 4033.0 0.0 62.8873
10:16:00 86.0 5542.0 nan 62.82 62.9 62.79 62.77 250.0 62.81 50.0 5542.0 412.0 5130.0 0.0 62.8229
10:17:00 136.0 7065.0 nan 62.57 62.79 62.55 62.55 293.0 62.57 1.0 7065.0 1644.0 5421.0 0.0 62.6748
10:18:00 100.0 6651.0 nan 62.58 62.67 62.54 62.56 150.0 62.61 145.0 6651.0 2199.0 4452.0 0.0 62.5985
10:19:00 79.0 7357.0 nan 62.48 62.58 62.41 62.46 250.0 62.49 108.0 7357.0 1295.0 6062.0 0.0 62.4659
10:20:00 76.0 5314.0 nan 62.54 62.54 62.38 62.51 2.0 62.54 7.0 5314.0 2426.0 2888.0 0.0 62.4574
10:21:00 169.0 8025.0 nan 62.77 62.8 62.51 62.75 50.0 62.78 214.0 8025.0 4370.0 3655.0 0.0 62.6808
10:22:00 70.0 4538.0 nan 62.72 62.8 62.71 62.71 316.0 62.75 1150.0 4538.0 3622.0 916.0 0.0 62.7841
10:23:00 68.0 2951.0 nan 62.83 62.84 62.67 62.82 362.0 62.86 299.0 2951.0 1864.0 1087.0 0.0 62.7284
10:24:00 56.0 4297.0 nan 62.72 62.85 62.72 62.7 250.0 62.74 1350.0 4297.0 330.0 3967.0 0.0 62.7913
10:25:00 64.0 2145.0 nan 62.66 62.73 62.66 62.65 100.0 62.69 758.0 2145.0 1243.0 902.0 0.0 62.7117
10:26:00 69.0 3135.0 nan 62.52 62.63 62.51 62.49 150.0 62.53 50.0 3135.0 1355.0 1780.0 0.0 62.5942
10:27:00 129.0 6546.0 nan 62.53 62.55 62.47 62.52 550.0 62.55 368.0 6546.0 2564.0 3982.0 0.0 62.5241
10:28:00 42.0 2669.0 nan 62.5 62.56 62.49 62.49 100.0 62.52 350.0 2669.0 1214.0 1455.0 0.0 62.5165
10:29:00 42.0 1691.0 nan 62.47 62.51 62.45 62.46 602.0 62.49 150.0 1691.0 688.0 1003.0 0.0 62.4807
10:30:00 48.0 2067.0 nan 62.55 62.55 62.44 62.51 100.0 62.55 543.0 2067.0 1159.0 908.0 0.0 62.4951
10:31:00 73.0 4220.0 nan 62.6 62.67 62.5 62.59 300.0 62.63 50.0 4220.0 3346.0 874.0 0.0 62.5705
10:32:00 35.0 1037.0 nan 62.51 62.625 62.47 62.47 350.0 62.51 150.0 1037.0 307.0 730.0 0.0 62.5667
10:33:00 594.0 37567.0 nan 62.14 62.49 62.03 62.13 300.0 62.15 261.0 37567.0 8373.0 29194.0 0.0 62.1284
10:34:00 138.0 10294.0 nan 62.25 62.25 62.1 62.2 400.0 62.24 50.0 10294.0 6320.0 3974.0 0.0 62.1959
10:35:00 97.0 3385.0 nan 62.21 62.27 62.15 62.18 500.0 62.21 160.0 3385.0 2355.0 1030.0 0.0 62.2103
10:36:00 105.0 5215.0 nan 62.06 62.2 62.05 62.04 300.0 62.07 367.0 5215.0 1235.0 3980.0 0.0 62.163
10:37:00 73.0 3137.0 nan 62.12 62.16 62.05 62.12 199.0 62.15 150.0 3137.0 2574.0 563.0 0.0 62.112
10:38:00 55.0 3272.0 nan 62.05 62.14 62.04 62.04 200.0 62.08 253.0 3272.0 2429.0 843.0 0.0 62.0676
10:39:00 101.0 8488.0 nan 62.02 62.08 61.98 62.01 100.0 62.03 106.0 8488.0 2594.0 5894.0 0.0 62.0232
10:40:00 121.0 10123.0 nan 61.93 62.06 61.89 61.92 150.0 61.95 4725.0 10123.0 5730.0 4393.0 0.0 61.9491
10:41:00 94.0 10515.0 nan 62.01 62.02 61.94 62.0 100.0 62.02 100.0 10515.0 7152.0 3363.0 0.0 61.9799
10:42:00 47.0 2090.0 nan 61.99 62.04 61.97 61.97 250.0 62.01 250.0 2090.0 1290.0 800.0 0.0 62.0004
10:43:00 127.0 22962.0 nan 61.96 61.98 61.9 61.97 200.0 62.0 11.0 22962.0 20691.0 2271.0 0.0 61.9682
10:44:00 29.0 1171.0 nan 61.98 62.05 61.97 61.95 300.0 61.98 200.0 1171.0 628.0 543.0 0.0 61.9895
10:45:00 55.0 1794.0 nan 61.99 62.0 61.94 61.99 150.0 62.03 152.0 1794.0 1262.0 532.0 0.0 61.9612
10:46:00 65.0 3149.0 nan 62.14 62.15 61.97 62.11 100.0 62.15 247.0 3149.0 1725.0 1424.0 0.0 62.0783
10:47:00 53.0 3202.0 nan 62.35 62.38 62.14 62.34 1.0 62.37 250.0 3202.0 2759.0 443.0 0.0 62.2959
10:48:00 40.0 3805.0 nan 62.34 62.35 62.33 62.32 165.0 62.35 250.0 3805.0 3346.0 459.0 0.0 62.3459
10:49:00 33.0 2293.0 nan 62.39 62.43 62.32 62.37 250.0 62.42 904.0 2293.0 1426.0 867.0 0.0 62.3993
10:50:00 51.0 2991.0 nan 62.32 62.425 62.32 62.3 156.0 62.32 50.0 2991.0 1502.0 1489.0 0.0 62.3842
10:51:00 129.0 5122.0 nan 62.09 62.33 62.07 62.07 100.0 62.1 50.0 5122.0 1711.0 3411.0 0.0 62.1987
10:52:00 70.0 5057.0 nan 62.07 62.11 62.05 62.06 50.0 62.09 8.0 5057.0 3088.0 1969.0 0.0 62.0809
10:53:00 67.0 3709.0 nan 62.03 62.11 62.0 62.05 155.0 62.08 400.0 3709.0 1057.0 2652.0 0.0 62.0342
10:54:00 42.0 2607.0 nan 62.03 62.11 62.01 62.0 160.0 62.04 254.0 2607.0 1512.0 1095.0 0.0 62.054
10:55:00 62.0 3032.0 nan 62.04 62.04 61.89 62.01 50.0 62.05 227.0 3032.0 1642.0 1390.0 0.0 61.9589
10:56:00 43.0 3666.0 nan 62.1 62.11 62.0 62.07 300.0 62.11 154.0 3666.0 1227.0 2439.0 0.0 62.053
10:57:00 100.0 4389.0 nan 62.21 62.26 62.11 62.19 224.0 62.22 300.0 4389.0 2323.0 2066.0 0.0 62.2066
10:58:00 42.0 1596.0 nan 62.25 62.25 62.19 62.21 265.0 62.24 666.0 1596.0 1570.0 26.0 0.0 62.2221
10:59:00 69.0 1869.0 nan 62.12 62.25 62.09 62.11 15.0 62.13 752.0 1869.0 770.0 1099.0 0.0 62.1882
11:00:00 41.0 1534.0 nan 62.08 62.12 62.08 62.06 6.0 62.09 200.0 1534.0 740.0 794.0 0.0 62.0892
11:01:00 49.0 2112.0 nan 62.22 62.22 62.025 62.18 156.0 62.23 150.0 2112.0 1729.0 383.0 0.0 62.0843
11:02:00 45.0 3276.0 nan 62.09 62.18 62.09 62.09 200.0 62.11 13.0 3276.0 2249.0 1027.0 0.0 62.1523
11:03:00 35.0 5351.0 nan 62.11 62.14 62.08 62.09 54.0 62.13 50.0 5351.0 934.0 4417.0 0.0 62.0892
11:04:00 30.0 1189.0 nan 62.06 62.08 62.01 62.02 4.0 62.04 200.0 1189.0 733.0 456.0 0.0 62.0572
11:05:00 92.0 5390.0 nan 62.05 62.13 61.93 62.03 2.0 62.06 400.0 5390.0 1439.0 3951.0 0.0 62.0061
11:06:00 67.0 7551.0 nan 62.08 62.085 61.99 62.06 182.0 62.1 400.0 7551.0 4058.0 3493.0 0.0 62.0357
11:07:00 25.0 1284.0 nan 62.13 62.13 62.1 62.13 206.0 62.15 255.0 1284.0 744.0 540.0 0.0 62.113
11:08:00 42.0 1324.0 nan 62.07 62.14 62.06 62.06 50.0 62.08 100.0 1324.0 758.0 566.0 0.0 62.0932
11:09:00 50.0 1305.0 nan 62.01 62.05 61.99 61.98 158.0 62.01 466.0 1305.0 641.0 664.0 0.0 62.0247
11:10:00 88.0 6414.0 nan 62.02 62.02 61.96 62.0 150.0 62.02 200.0 6414.0 2270.0 4144.0 0.0 61.986
11:11:00 272.0 30400.0 nan 61.77 62.02 61.75 61.76 351.0 61.79 33.0 30400.0 3809.0 26591.0 0.0 61.8487
11:12:00 92.0 3127.0 nan 61.79 61.87 61.76 61.77 150.0 61.81 150.0 3127.0 1505.0 1622.0 0.0 61.8075
11:13:00 101.0 11156.0 nan 61.79 61.86 61.74 61.77 1200.0 61.81 250.0 11156.0 5284.0 5872.0 0.0 61.7898
11:14:00 55.0 3178.0 nan 61.82 61.84 61.78 61.82 200.0 61.85 903.0 3178.0 1443.0 1735.0 0.0 61.8083
11:15:00 39.0 2466.0 nan 61.78 61.89 61.78 61.77 39.0 61.8 401.0 2466.0 1401.0 1065.0 0.0 61.854
11:16:00 104.0 18085.0 nan 61.81 61.81 61.7 61.8 150.0 61.82 19.0 18085.0 3637.0 14448.0 0.0 61.7313
11:17:00 60.0 2762.0 nan 61.87 61.9 61.81 61.86 200.0 61.87 300.0 2762.0 859.0 1903.0 0.0 61.858
11:18:00 48.0 3448.0 nan 61.82 61.88 61.8 61.81 150.0 61.84 111.0 3448.0 530.0 2918.0 0.0 61.8299
11:19:00 49.0 1508.0 nan 61.77 61.82 61.75 61.75 106.0 61.78 100.0 1508.0 1002.0 506.0 0.0 61.7928
11:20:00 30.0 925.0 nan 61.75 61.76 61.7 61.72 400.0 61.75 671.0 925.0 434.0 491.0 0.0 61.7365
11:21:00 55.0 4718.0 nan 61.9 61.9 61.71 61.89 454.0 61.92 50.0 4718.0 3967.0 751.0 0.0 61.7565
11:22:00 111.0 14562.0 nan 61.9 61.95 61.86 61.88 50.0 61.9 100.0 14562.0 12479.0 2083.0 0.0 61.9321
11:23:00 29.0 1396.0 nan 61.87 61.91 61.87 61.86 305.0 61.89 32.0 1396.0 1186.0 210.0 0.0 61.8959
11:24:00 29.0 1417.0 nan 61.94 61.95 61.88 61.93 404.0 61.95 600.0 1417.0 963.0 454.0 0.0 61.9136
11:25:00 92.0 11817.0 nan 62.11 62.14 61.94 62.11 204.0 62.14 300.0 11817.0 8683.0 3134.0 0.0 62.0171
11:26:00 33.0 1659.0 nan 62.04 62.11 62.04 62.04 54.0 62.06 210.0 1659.0 375.0 1284.0 0.0 62.0603
11:27:00 51.0 3117.0 nan 62.07 62.09 62.05 62.06 250.0 62.09 300.0 3117.0 1177.0 1940.0 0.0 62.071
11:28:00 60.0 13292.0 nan 62.15 62.16 62.08 62.13 749.0 62.17 479.0 13292.0 12290.0 1002.0 0.0 62.1231
11:29:00 97.0 6225.0 nan 62.27 62.325 62.12 62.24 232.0 62.27 50.0 6225.0 3614.0 2611.0 0.0 62.2451
11:30:00 48.0 3856.0 nan 62.3 62.3 62.245 62.27 300.0 62.3 150.0 3856.0 1141.0 2715.0 0.0 62.2737
11:31:00 56.0 2879.0 nan 62.33 62.35 62.26 62.31 150.0 62.34 1.0 2879.0 908.0 1971.0 0.0 62.3191
11:32:00 25.0 899.0 nan 62.33 62.36 62.33 62.31 500.0 62.34 2593.0 899.0 251.0 648.0 0.0 62.3396
11:33:00 45.0 1426.0 nan 62.29 62.33 62.27 62.26 265.0 62.29 151.0 1426.0 822.0 604.0 0.0 62.3041
11:34:00 44.0 6437.0 nan 62.23 62.29 62.22 62.2 451.0 62.23 50.0 6437.0 539.0 5898.0 0.0 62.2495
11:35:00 24.0 1016.0 nan 62.24 62.27 62.21 62.22 151.0 62.24 309.0 1016.0 718.0 298.0 0.0 62.2484
11:36:00 30.0 2126.0 nan 62.23 62.28 62.22 62.21 350.0 62.24 302.0 2126.0 1547.0 579.0 0.0 62.253
11:37:00 49.0 2601.0 nan 62.26 62.28 62.23 62.24 244.0 62.27 150.0 2601.0 1398.0 1203.0 0.0 62.2449
11:38:00 56.0 5283.0 nan 62.24 62.33 62.24 62.23 252.0 62.26 102.0 5283.0 4188.0 1095.0 0.0 62.2958
11:39:00 33.0 1539.0 nan 62.3 62.33 62.26 62.27 10.0 62.28 10.0 1539.0 1170.0 369.0 0.0 62.2842
11:40:00 24.0 1177.0 nan 62.27 62.29 62.26 62.24 302.0 62.27 132.0 1177.0 649.0 528.0 0.0 62.2677
11:41:00 52.0 4536.0 nan 62.32 62.32 62.24 62.31 150.0 62.33 300.0 4536.0 3183.0 1353.0 0.0 62.2788
11:42:00 6.0 331.0 nan 62.31 62.32 62.31 62.32 454.0 62.33 6.0 331.0 200.0 131.0 0.0 62.3133
11:43:00 48.0 4345.0 nan 62.33 62.355 62.305 62.32 101.0 62.34 110.0 4345.0 3421.0 924.0 0.0 62.3379
11:44:00 65.0 6366.0 nan 62.3 62.35 62.26 62.29 339.0 62.31 350.0 6366.0 1748.0 4618.0 0.0 62.2817
11:45:00 49.0 2085.0 nan 62.325 62.325 62.26 62.31 150.0 62.33 3.0 2085.0 1047.0 1038.0 0.0 62.2984
11:46:00 27.0 1111.0 nan 62.26 62.31 62.26 62.24 502.0 62.27 260.0 1111.0 556.0 555.0 0.0 62.2788
11:47:00 19.0 1068.0 nan 62.28 62.28 62.24 62.27 5.0 62.28 3.0 1068.0 766.0 302.0 0.0 62.2587
11:48:00 18.0 801.0 nan 62.25 62.27 62.24 62.24 201.0 62.27 351.0 801.0 341.0 460.0 0.0 62.2525
11:49:00 32.0 1477.0 nan 62.27 62.3 62.26 62.27 51.0 62.3 351.0 1477.0 1266.0 211.0 0.0 62.2779
11:50:00 44.0 1875.0 nan 62.35 62.36 62.285 62.34 938.0 62.37 452.0 1875.0 1306.0 569.0 0.0 62.3297
11:51:00 34.0 2151.0 nan 62.32 62.35 62.29 62.31 51.0 62.34 401.0 2151.0 1037.0 1114.0 0.0 62.3247
11:52:00 16.0 508.0 nan 62.3 62.31 62.27 62.28 51.0 62.3 111.0 508.0 102.0 406.0 0.0 62.2861
11:53:00 52.0 2704.0 nan 62.26 62.31 62.22 62.24 298.0 62.27 600.0 2704.0 673.0 2031.0 0.0 62.2667
11:54:00 23.0 1043.0 nan 62.26 62.26 62.22 62.25 207.0 62.28 144.0 1043.0 1009.0 34.0 0.0 62.251
11:55:00 36.0 2525.0 nan 62.29 62.3 62.26 62.27 51.0 62.3 311.0 2525.0 1858.0 667.0 0.0 62.2847
11:56:00 52.0 1554.0 nan 62.22 62.29 62.21 62.21 101.0 62.23 261.0 1554.0 642.0 912.0 0.0 62.2341
11:57:00 54.0 1980.0 nan 62.21 62.23 62.16 62.19 50.0 62.24 152.0 1980.0 1042.0 938.0 0.0 62.1908
11:58:00 66.0 3745.0 nan 62.11 62.23 62.07 62.09 50.0 62.12 161.0 3745.0 1963.0 1782.0 0.0 62.1286
11:59:00 21.0 1414.0 nan 62.18 62.18 62.11 62.16 252.0 62.19 4.0 1414.0 1350.0 64.0 0.0 62.1338
12:00:00 21.0 684.0 nan 62.2 62.22 62.16 62.19 111.0 62.21 313.0 684.0 210.0 474.0 0.0 62.1836
12:01:00 57.0 1828.0 nan 62.16 62.2 62.1 62.13 451.0 62.16 8.0 1828.0 1149.0 679.0 0.0 62.1689
12:02:00 18.0 437.0 nan 62.04 62.13 62.04 62.03 100.0 62.06 262.0 437.0 219.0 218.0 0.0 62.0811
12:03:00 43.0 1965.0 nan 62.06 62.07 62.01 62.04 200.0 62.07 6.0 1965.0 1292.0 673.0 0.0 62.0317
12:04:00 33.0 1581.0 nan 62.04 62.075 62.0 62.03 103.0 62.06 650.0 1581.0 855.0 726.0 0.0 62.022
12:05:00 68.0 2352.0 nan 61.89 62.04 61.89 61.88 10.0 61.91 150.0 2352.0 1058.0 1294.0 0.0 61.9319
12:06:00 51.0 1845.0 nan 61.87 61.96 61.82 61.85 11056.0 61.88 142.0 1845.0 836.0 1009.0 0.0 61.8748
12:07:00 55.0 12723.0 nan 61.92 61.92 61.83 61.92 152.0 61.96 1202.0 12723.0 1150.0 11573.0 0.0 61.8538
12:08:00 32.0 925.0 nan 61.94 61.95 61.93 61.93 400.0 61.96 102.0 925.0 366.0 559.0 0.0 61.9375
12:09:00 29.0 1259.0 nan 61.93 61.96 61.91 61.92 230.0 61.94 550.0 1259.0 520.0 739.0 0.0 61.9347
12:10:00 71.0 4050.0 nan 61.96 61.98 61.92 61.96 3.0 61.98 500.0 4050.0 2110.0 1940.0 0.0 61.9442
12:11:00 49.0 2654.0 nan 61.94 61.99 61.93 61.94 245.0 61.96 234.0 2654.0 715.0 1939.0 0.0 61.9439
12:12:00 33.0 1347.0 nan 61.97 62.01 61.96 61.97 100.0 62.0 80.0 1347.0 931.0 416.0 0.0 61.9814
12:13:00 31.0 3894.0 nan 62.0 62.0 61.95 61.98 300.0 62.0 150.0 3894.0 632.0 3262.0 0.0 61.9735
12:14:00 46.0 2425.0 nan 61.88 61.98 61.88 61.87 101.0 61.88 236.0 2425.0 653.0 1772.0 0.0 61.9401
12:15:00 44.0 1607.0 nan 61.83 61.87 61.82 61.81 1110.0 61.84 149.0 1607.0 1230.0 377.0 0.0 61.8389
12:16:00 181.0 12762.0 nan 61.65 61.84 61.63 61.64 350.0 61.69 50.0 12762.0 6082.0 6680.0 0.0 61.7049
12:17:00 84.0 3709.0 nan 61.58 61.7 61.57 61.58 200.0 61.6 4519.0 3709.0 1581.0 2128.0 0.0 61.6062
12:18:00 55.0 4727.0 nan 61.58 61.61 61.56 61.56 200.0 61.6 80.0 4727.0 3400.0 1327.0 0.0 61.5882
12:19:00 68.0 15917.0 nan 61.53 61.58 61.51 61.51 187.0 61.53 100.0 15917.0 650.0 15267.0 0.0 61.5497
12:20:00 101.0 20720.0 nan 61.48 61.54 61.48 61.47 120.0 61.5 200.0 20720.0 3841.0 16879.0 0.0 61.5021
12:21:00 73.0 2446.0 nan 61.42 61.48 61.38 61.4 300.0 61.43 168.0 2446.0 1294.0 1152.0 0.0 61.4332
12:22:00 116.0 4966.0 nan 61.42 61.42 61.35 61.41 50.0 61.43 8.0 4966.0 2533.0 2433.0 0.0 61.3692
12:23:00 57.0 3833.0 nan 61.41 61.44 61.35 61.38 50.0 61.44 1301.0 3833.0 1550.0 2283.0 0.0 61.3778
12:24:00 32.0 1619.0 nan 61.44 61.46 61.39 61.44 100.0 61.45 10.0 1619.0 917.0 702.0 0.0 61.432
12:25:00 78.0 3423.0 nan 61.45 61.48 61.4 61.44 150.0 61.47 450.0 3423.0 1721.0 1702.0 0.0 61.4282
12:26:00 35.0 3852.0 nan 61.55 61.55 61.45 61.54 150.0 61.56 4.0 3852.0 1153.0 2699.0 0.0 61.4725
12:27:00 86.0 2148.0 nan 61.53 61.57 61.53 61.5 200.0 61.55 2928.0 2148.0 1262.0 886.0 0.0 61.5474
12:28:00 60.0 2660.0 nan 61.54 61.59 61.5 61.49 150.0 61.52 50.0 2660.0 1637.0 1023.0 0.0 61.5323
12:29:00 59.0 5579.0 nan 61.575 61.61 61.53 61.55 150.0 61.59 150.0 5579.0 4624.0 955.0 0.0 61.5798
12:30:00 78.0 6735.0 nan 61.48 61.57 61.45 61.46 450.0 61.5 1443.0 6735.0 1516.0 5219.0 0.0 61.5191
12:31:00 84.0 2581.0 nan 61.36 61.46 61.32 61.34 150.0 61.37 29.0 2581.0 975.0 1606.0 0.0 61.3882
12:32:00 52.0 4210.0 nan 61.37 61.42 61.37 61.37 158.0 61.4 484.0 4210.0 834.0 3376.0 0.0 61.3942
12:33:00 30.0 984.0 nan 61.44 61.44 61.36 61.45 10.0 61.48 200.0 984.0 882.0 102.0 0.0 61.4088
12:34:00 66.0 2662.0 nan 61.45 61.52 61.44 61.44 101.0 61.47 550.0 2662.0 1400.0 1262.0 0.0 61.4858
12:35:00 22.0 1219.0 nan 61.465 61.48 61.42 61.45 1247.0 61.48 185.0 1219.0 338.0 881.0 0.0 61.4533
12:36:00 65.0 3105.0 nan 61.52 61.57 61.45 61.51 50.0 61.55 51.0 3105.0 1930.0 1175.0 0.0 61.5319
12:37:00 36.0 3572.0 nan 61.52 61.56 61.52 61.5 85.0 61.53 225.0 3572.0 2558.0 1014.0 0.0 61.5392
12:38:00 38.0 1558.0 nan 61.47 61.52 61.45 61.46 454.0 61.49 104.0 1558.0 1051.0 507.0 0.0 61.4811
12:39:00 26.0 1274.0 nan 61.49 61.51 61.45 61.5 10.0 61.53 72.0 1274.0 537.0 737.0 0.0 61.4677
12:40:00 34.0 947.0 nan 61.51 61.54 61.5 61.49 151.0 61.52 10.0 947.0 487.0 460.0 0.0 61.5215
12:41:00 58.0 2620.0 nan 61.42 61.53 61.42 61.41 370.0 61.43 123.0 2620.0 585.0 2035.0 0.0 61.4787
12:42:00 56.0 1860.0 nan 61.39 61.45 61.37 61.38 10.0 61.4 8.0 1860.0 889.0 971.0 0.0 61.4048
12:43:00 36.0 1027.0 nan 61.3 61.36 61.29 61.29 428.0 61.33 734.0 1027.0 161.0 866.0 0.0 61.3106
12:44:00 76.0 5489.0 nan 61.26 61.32 61.25 61.25 59.0 61.27 152.0 5489.0 3896.0 1593.0 0.0 61.2847
12:45:00 50.0 1360.0 nan 61.27 61.27 61.22 61.23 650.0 61.28 150.0 1360.0 630.0 730.0 0.0 61.2427
12:46:00 54.0 1983.0 nan 61.2 61.32 61.2 61.21 50.0 61.23 404.0 1983.0 900.0 1083.0 0.0 61.2671
12:47:00 63.0 3354.0 nan 61.16 61.25 61.15 61.16 150.0 61.19 101.0 3354.0 1175.0 2179.0 0.0 61.2044
12:48:00 72.0 4658.0 nan 61.12 61.21 61.11 61.11 253.0 61.14 150.0 4658.0 1565.0 3093.0 0.0 61.1496
12:49:00 103.0 6018.0 nan 61.08 61.12 61.03 61.05 250.0 61.08 130.0 6018.0 1412.0 4606.0 0.0 61.0812
12:50:00 48.0 1366.0 nan 61.11 61.12 61.06 61.11 303.0 61.14 100.0 1366.0 926.0 440.0 0.0 61.0994
12:51:00 38.0 1902.0 nan 61.12 61.12 61.08 61.11 200.0 61.15 150.0 1902.0 995.0 907.0 0.0 61.097
12:52:00 56.0 2925.0 nan 61.2 61.25 61.14 61.19 218.0 61.22 144.0 2925.0 1009.0 1916.0 0.0 61.2082
12:53:00 59.0 1959.0 nan 61.15 61.22 61.15 61.13 321.0 61.15 54.0 1959.0 1019.0 940.0 0.0 61.1884
12:54:00 58.0 3565.0 nan 61.15 61.15 61.12 61.14 61.0 61.17 302.0 3565.0 2947.0 618.0 0.0 61.1331
12:55:00 54.0 3540.0 nan 61.17 61.17 61.09 61.16 150.0 61.2 219.0 3540.0 627.0 2913.0 0.0 61.1046
12:56:00 36.0 1552.0 nan 61.2 61.2 61.14 61.19 53.0 61.22 250.0 1552.0 1205.0 347.0 0.0 61.1695
12:57:00 18.0 830.0 nan 61.24 61.25 61.18 61.26 353.0 61.29 100.0 830.0 511.0 319.0 0.0 61.2308
12:58:00 136.0 7880.0 nan 61.33 61.34 61.27 61.32 1.0 61.35 203.0 7880.0 4442.0 3438.0 0.0 61.2988
12:59:00 80.0 3708.0 nan 61.38 61.41 61.33 61.37 118.0 61.38 350.0 3708.0 1647.0 2061.0 0.0 61.3498
13:00:00 33.0 5139.0 nan 61.5 61.52 61.37 61.5 154.0 61.52 6.0 5139.0 4864.0 275.0 0.0 61.506
13:01:00 133.0 7501.0 nan 61.54 61.56 61.5 61.53 350.0 61.55 9.0 7501.0 4175.0 3326.0 0.0 61.5313
13:02:00 110.0 6590.0 nan 61.51 61.55 61.49 61.51 308.0 61.53 9.0 6590.0 3334.0 3256.0 0.0 61.5204
13:03:00 181.0 10771.0 nan 61.61 61.61 61.5 61.6 550.0 61.62 1300.0 10771.0 4198.0 6573.0 0.0 61.5417
13:04:00 79.0 16517.0 nan 61.55 61.67 61.55 61.54 273.0 61.56 250.0 16517.0 13307.0 3210.0 0.0 61.6294
13:05:00 52.0 2885.0 nan 61.61 61.65 61.53 61.59 100.0 61.62 300.0 2885.0 1534.0 1351.0 0.0 61.5902
13:06:00 75.0 3309.0 nan 61.61 61.62 61.55 61.59 5.0 61.62 300.0 3309.0 1306.0 2003.0 0.0 61.5771
13:07:00 21.0 2578.0 nan 61.68 61.68 61.61 61.68 548.0 61.71 261.0 2578.0 2339.0 239.0 0.0 61.6422
13:08:00 53.0 2439.0 nan 61.64 61.69 61.64 61.63 152.0 61.65 378.0 2439.0 584.0 1855.0 0.0 61.6683
13:09:00 39.0 2004.0 nan 61.66 61.685 61.65 61.66 64.0 61.69 200.0 2004.0 1090.0 914.0 0.0 61.6587
13:10:00 27.0 884.0 nan 61.66 61.7 61.64 61.62 829.0 61.66 635.0 884.0 261.0 623.0 0.0 61.6682
13:11:00 32.0 766.0 nan 61.64 61.7 61.63 61.62 1282.0 61.65 935.0 766.0 403.0 363.0 0.0 61.6614
13:12:00 159.0 9185.0 nan 61.625 61.65 61.61 61.62 640.0 61.63 8.0 9185.0 4037.0 5148.0 0.0 61.6273
13:13:00 74.0 4756.0 nan 61.625 61.64 61.61 61.61 1410.0 61.63 10.0 4756.0 646.0 4110.0 0.0 61.6138
13:14:00 68.0 4644.0 nan 61.61 61.64 61.6 61.61 105.0 61.63 481.0 4644.0 494.0 4150.0 0.0 61.6131
13:15:00 54.0 2250.0 nan 61.69 61.69 61.62 61.69 100.0 61.71 1.0 2250.0 1346.0 904.0 0.0 61.6476
13:16:00 55.0 1848.0 nan 61.77 61.79 61.71 61.75 103.0 61.78 212.0 1848.0 779.0 1069.0 0.0 61.7442
13:17:00 58.0 1917.0 nan 61.695 61.76 61.68 61.69 50.0 61.7 813.0 1917.0 483.0 1434.0 0.0 61.7011
13:18:00 64.0 3002.0 nan 61.69 61.71 61.67 61.68 598.0 61.71 414.0 3002.0 1687.0 1315.0 0.0 61.6938
13:19:00 34.0 1302.0 nan 61.7 61.7 61.68 61.7 8.0 61.72 16.0 1302.0 794.0 508.0 0.0 61.6874
13:20:00 58.0 2133.0 nan 61.74 61.77 61.7 61.73 2.0 61.75 35.0 2133.0 612.0 1521.0 0.0 61.7353
13:21:00 58.0 2273.0 nan 61.77 61.77 61.67 61.76 230.0 61.79 150.0 2273.0 1149.0 1124.0 0.0 61.721
13:22:00 60.0 2524.0 nan 61.84 61.87 61.79 61.84 50.0 61.86 1002.0 2524.0 1543.0 981.0 0.0 61.8287
13:23:00 69.0 3189.0 nan 61.9 61.9 61.81 61.89 200.0 61.91 4.0 3189.0 1468.0 1721.0 0.0 61.8535
13:24:00 52.0 2652.0 nan 61.89 61.93 61.88 61.89 219.0 61.9 2117.0 2652.0 1327.0 1325.0 0.0 61.8949
13:25:00 53.0 4531.0 nan 61.95 61.95 61.88 61.96 12.0 61.99 711.0 4531.0 3294.0 1237.0 0.0 61.8942
13:26:00 114.0 19138.0 nan 62.0 62.03 61.96 61.99 121.0 62.01 150.0 19138.0 15693.0 3445.0 0.0 61.9978
13:27:00 28.0 1002.0 nan 61.98 62.0 61.98 61.98 621.0 62.0 227.0 1002.0 324.0 678.0 0.0 61.9921
13:28:00 96.0 4235.0 nan 61.88 61.98 61.83 61.86 200.0 61.88 210.0 4235.0 1078.0 3157.0 0.0 61.9087
13:29:00 59.0 2033.0 nan 61.86 61.895 61.83 61.84 1.0 61.87 200.0 2033.0 763.0 1270.0 0.0 61.8636
13:30:00 37.0 2760.0 nan 61.8 61.85 61.79 61.78 10.0 61.81 100.0 2760.0 615.0 2145.0 0.0 61.8056
13:31:00 39.0 1065.0 nan 61.79 61.8 61.75 61.78 300.0 61.81 300.0 1065.0 919.0 146.0 0.0 61.7753
13:32:00 29.0 1281.0 nan 61.76 61.82 61.75 61.74 617.0 61.78 100.0 1281.0 669.0 612.0 0.0 61.7828
13:33:00 30.0 1174.0 nan 61.76 61.76 61.74 61.76 110.0 61.78 300.0 1174.0 617.0 557.0 0.0 61.7539
13:34:00 28.0 1490.0 nan 61.73 61.77 61.73 61.72 23.0 61.74 272.0 1490.0 960.0 530.0 0.0 61.7472
13:35:00 60.0 3851.0 nan 61.71 61.74 61.69 61.7 5.0 61.74 125.0 3851.0 1197.0 2654.0 0.0 61.708
13:36:00 55.0 2595.0 nan 61.7 61.73 61.65 61.7 492.0 61.73 51.0 2595.0 1168.0 1427.0 0.0 61.6839
13:37:00 21.0 878.0 nan 61.69 61.71 61.69 61.68 278.0 61.7 250.0 878.0 553.0 325.0 0.0 61.7012
13:38:00 26.0 1093.0 nan 61.72 61.75 61.69 61.7 10.0 61.73 62.0 1093.0 991.0 102.0 0.0 61.7212
13:39:00 34.0 705.0 nan 61.72 61.77 61.72 61.69 350.0 61.71 10.0 705.0 419.0 286.0 0.0 61.737
13:40:00 38.0 1555.0 nan 61.71 61.74 61.69 61.72 107.0 61.74 951.0 1555.0 1064.0 491.0 0.0 61.7126
13:41:00 69.0 7621.0 nan 61.69 61.72 61.67 61.67 151.0 61.69 137.0 7621.0 849.0 6772.0 0.0 61.697
13:42:00 39.0 1464.0 nan 61.65 61.7 61.65 61.64 450.0 61.67 150.0 1464.0 562.0 902.0 0.0 61.6708
13:43:00 52.0 5247.0 nan 61.68 61.74 61.67 61.68 166.0 61.69 6.0 5247.0 3607.0 1640.0 0.0 61.7325
13:44:00 68.0 3301.0 nan 61.69 61.74 61.68 61.68 80.0 61.7 2.0 3301.0 1518.0 1783.0 0.0 61.7215
13:45:00 31.0 1252.0 nan 61.66 61.68 61.65 61.64 514.0 61.66 132.0 1252.0 418.0 834.0 0.0 61.6622
13:46:00 83.0 3930.0 nan 61.74 61.74 61.63 61.71 50.0 61.73 50.0 3930.0 2353.0 1577.0 0.0 61.6772
13:47:00 38.0 1384.0 nan 61.69 61.74 61.67 61.67 475.0 61.71 229.0 1384.0 784.0 600.0 0.0 61.7002
13:48:00 48.0 1719.0 nan 61.63 61.68 61.63 61.63 150.0 61.65 10.0 1719.0 801.0 918.0 0.0 61.6527
13:49:00 30.0 1376.0 nan 61.675 61.68 61.63 61.66 130.0 61.69 294.0 1376.0 624.0 752.0 0.0 61.6517
13:50:00 20.0 746.0 nan 61.71 61.71 61.68 61.71 50.0 61.73 239.0 746.0 745.0 1.0 0.0 61.6976
13:51:00 36.0 1102.0 nan 61.69 61.71 61.68 61.69 50.0 61.71 43.0 1102.0 363.0 739.0 0.0 61.6974
13:52:00 34.0 1910.0 nan 61.695 61.72 61.69 61.68 5.0 61.7 52.0 1910.0 601.0 1309.0 0.0 61.7014
13:53:00 47.0 2294.0 nan 61.72 61.73 61.7 61.69 302.0 61.71 50.0 2294.0 940.0 1354.0 0.0 61.7093
13:54:00 30.0 2162.0 nan 61.705 61.72 61.69 61.69 201.0 61.7 10.0 2162.0 659.0 1503.0 0.0 61.7
13:55:00 18.0 845.0 nan 61.68 61.71 61.67 61.66 247.0 61.69 533.0 845.0 320.0 525.0 0.0 61.6871
13:56:00 19.0 665.0 nan 61.69 61.69 61.68 61.68 14.0 61.7 381.0 665.0 665.0 0.0 0.0 61.6855
13:57:00 83.0 6302.0 nan 61.74 61.74 61.69 61.73 100.0 61.75 304.0 6302.0 4321.0 1981.0 0.0 61.7278
13:58:00 47.0 2001.0 nan 61.7 61.73 61.7 61.69 200.0 61.71 257.0 2001.0 972.0 1029.0 0.0 61.7135
13:59:00 60.0 5476.0 nan 61.72 61.74 61.69 61.7 501.0 61.73 350.0 5476.0 4735.0 741.0 0.0 61.7107
14:00:00 44.0 3792.0 nan 61.69 61.73 61.67 61.68 4.0 61.7 626.0 3792.0 802.0 2990.0 0.0 61.6836
14:01:00 72.0 2069.0 nan 61.68 61.71 61.64 61.67 150.0 61.69 355.0 2069.0 885.0 1184.0 0.0 61.6694
14:02:00 87.0 4122.0 nan 61.69 61.74 61.68 61.7 163.0 61.72 420.0 4122.0 1599.0 2523.0 0.0 61.7149
14:03:00 45.0 1323.0 nan 61.76 61.77 61.72 61.75 200.0 61.78 400.0 1323.0 1139.0 184.0 0.0 61.7355
14:04:00 22.0 854.0 nan 61.77 61.78 61.75 61.75 252.0 61.77 86.0 854.0 653.0 201.0 0.0 61.7666
14:05:00 44.0 1498.0 nan 61.77 61.77 61.72 61.75 124.0 61.77 97.0 1498.0 837.0 661.0 0.0 61.739
14:06:00 25.0 734.0 nan 61.77 61.77 61.76 61.76 5.0 61.78 460.0 734.0 526.0 208.0 0.0 61.7693
14:07:00 63.0 2232.0 nan 61.76 61.78 61.74 61.75 107.0 61.78 350.0 2232.0 1074.0 1158.0 0.0 61.7548
14:08:00 10.0 329.0 nan 61.74 61.76 61.74 61.73 251.0 61.75 226.0 329.0 78.0 251.0 0.0 61.7519
14:09:00 33.0 1227.0 nan 61.77 61.78 61.75 61.75 557.0 61.78 201.0 1227.0 1196.0 31.0 0.0 61.7597
14:10:00 37.0 1386.0 nan 61.79 61.8 61.76 61.8 500.0 61.81 227.0 1386.0 962.0 424.0 0.0 61.7795
14:11:00 50.0 1891.0 nan 61.78 61.8 61.78 61.77 4.0 61.78 141.0 1891.0 293.0 1598.0 0.0 61.7893
14:12:00 30.0 965.0 nan 61.785 61.79 61.77 61.77 60.0 61.79 61.0 965.0 760.0 205.0 0.0 61.7789
14:13:00 51.0 1424.0 nan 61.75 61.78 61.73 61.74 150.0 61.77 145.0 1424.0 540.0 884.0 0.0 61.7526
14:14:00 29.0 2264.0 nan 61.75 61.78 61.75 61.74 103.0 61.77 200.0 2264.0 409.0 1855.0 0.0 61.7583
14:15:00 55.0 2222.0 nan 61.73 61.765 61.72 61.72 100.0 61.74 36.0 2222.0 923.0 1299.0 0.0 61.7322
14:16:00 44.0 1723.0 nan 61.65 61.76 61.65 61.65 298.0 61.67 300.0 1723.0 331.0 1392.0 0.0 61.7139
14:17:00 84.0 4899.0 nan 61.6 61.65 61.6 61.59 53.0 61.61 50.0 4899.0 2475.0 2424.0 0.0 61.6169
14:18:00 54.0 2946.0 nan 61.53 61.64 61.53 61.52 1264.0 61.54 10.0 2946.0 492.0 2454.0 0.0 61.5925
14:19:00 62.0 4173.0 nan 61.54 61.58 61.51 61.54 100.0 61.55 178.0 4173.0 1592.0 2581.0 0.0 61.5316
14:20:00 42.0 1915.0 nan 61.55 61.55 61.52 61.52 3202.0 61.55 110.0 1915.0 769.0 1146.0 0.0 61.5361
14:21:00 64.0 7475.0 nan 61.52 61.53 61.5 61.5 150.0 61.53 160.0 7475.0 869.0 6606.0 0.0 61.5087
14:22:00 25.0 1036.0 nan 61.57 61.57 61.48 61.56 201.0 61.57 10.0 1036.0 619.0 417.0 0.0 61.5137
14:23:00 52.0 2217.0 nan 61.58 61.62 61.56 61.58 250.0 61.6 14.0 2217.0 1072.0 1145.0 0.0 61.5814
14:24:00 34.0 2129.0 nan 61.65 61.65 61.58 61.65 100.0 61.68 200.0 2129.0 1166.0 963.0 0.0 61.6203
14:25:00 36.0 1526.0 nan 61.68 61.7 61.65 61.66 409.0 61.69 300.0 1526.0 698.0 828.0 0.0 61.6765
14:26:00 35.0 2042.0 nan 61.7 61.73 61.68 61.69 501.0 61.72 237.0 2042.0 1231.0 811.0 0.0 61.695
14:27:00 24.0 1264.0 nan 61.71 61.73 61.69 61.7 315.0 61.72 160.0 1264.0 310.0 954.0 0.0 61.7132
14:28:00 74.0 6775.0 nan 61.65 61.71 61.65 61.63 251.0 61.66 852.0 6775.0 780.0 5995.0 0.0 61.6859
14:29:00 68.0 2865.0 nan 61.64 61.68 61.63 61.63 256.0 61.65 10.0 2865.0 1161.0 1704.0 0.0 61.6451
14:30:00 36.0 1628.0 nan 61.63 61.66 61.61 61.61 353.0 61.64 97.0 1628.0 911.0 717.0 0.0 61.6393
14:31:00 106.0 4222.0 nan 61.6 61.61 61.52 61.59 350.0 61.62 120.0 4222.0 1848.0 2374.0 0.0 61.5709
14:32:00 47.0 2515.0 nan 61.57 61.63 61.54 61.55 451.0 61.58 311.0 2515.0 978.0 1537.0 0.0 61.5891
14:33:00 42.0 2583.0 nan 61.53 61.55 61.5 61.53 300.0 61.54 12.0 2583.0 1236.0 1347.0 0.0 61.5251
14:34:00 46.0 1913.0 nan 61.55 61.59 61.52 61.54 50.0 61.56 200.0 1913.0 708.0 1205.0 0.0 61.5485
14:35:00 30.0 1031.0 nan 61.56 61.59 61.56 61.55 5.0 61.57 550.0 1031.0 619.0 412.0 0.0 61.572
14:36:00 53.0 3090.0 nan 61.5 61.56 61.47 61.48 401.0 61.51 200.0 3090.0 1000.0 2090.0 0.0 61.5134
14:37:00 37.0 1225.0 nan 61.46 61.48 61.45 61.45 1.0 61.47 450.0 1225.0 340.0 885.0 0.0 61.4641
14:38:00 29.0 1592.0 nan 61.47 61.49 61.43 61.46 50.0 61.49 450.0 1592.0 925.0 667.0 0.0 61.4469
14:39:00 57.0 1918.0 nan 61.44 61.48 61.4 61.42 100.0 61.44 487.0 1918.0 1128.0 790.0 0.0 61.43
14:40:00 48.0 1723.0 nan 61.37 61.47 61.37 61.36 11.0 61.38 450.0 1723.0 890.0 833.0 0.0 61.427
14:41:00 120.0 6873.0 nan 61.39 61.43 61.34 61.39 3.0 61.41 127.0 6873.0 4355.0 2518.0 0.0 61.3813
14:42:00 62.0 5696.0 nan 61.28 61.39 61.26 61.28 200.0 61.29 622.0 5696.0 1637.0 4059.0 0.0 61.3075
14:43:00 55.0 3148.0 nan 61.29 61.32 61.28 61.28 60.0 61.3 100.0 3148.0 1993.0 1155.0 0.0 61.2956
14:44:00 25.0 1004.0 nan 61.35 61.37 61.28 61.35 50.0 61.38 151.0 1004.0 702.0 302.0 0.0 61.3215
14:45:00 50.0 4085.0 nan 61.29 61.35 61.29 61.28 18.0 61.29 10.0 4085.0 1336.0 2749.0 0.0 61.3128
14:46:00 81.0 4528.0 nan 61.29 61.29 61.26 61.28 201.0 61.3 255.0 4528.0 4109.0 419.0 0.0 61.2788
14:47:00 103.0 5312.0 nan 61.31 61.31 61.25 61.29 200.0 61.31 490.0 5312.0 1887.0 3425.0 0.0 61.2605
14:48:00 55.0 3088.0 nan 61.22 61.3 61.2 61.21 250.0 61.23 800.0 3088.0 972.0 2116.0 0.0 61.2426
14:49:00 65.0 4855.0 nan 61.23 61.25 61.2 61.2 3351.0 61.23 674.0 4855.0 3691.0 1164.0 0.0 61.229
14:50:00 111.0 8704.0 nan 61.13 61.22 61.12 61.12 200.0 61.14 154.0 8704.0 2333.0 6371.0 0.0 61.1723
14:51:00 112.0 22533.0 nan 61.1 61.12 61.08 61.08 379.0 61.1 21.0 22533.0 2344.0 20189.0 0.0 61.0948
14:52:00 81.0 5043.0 nan 61.18 61.18 61.11 61.18 450.0 61.2 4.0 5043.0 4184.0 859.0 0.0 61.1507
14:53:00 63.0 3348.0 nan 61.21 61.22 61.18 61.18 226.0 61.21 418.0 3348.0 606.0 2742.0 0.0 61.1977
14:54:00 79.0 5039.0 nan 61.21 61.24 61.16 61.2 9.0 61.22 310.0 5039.0 3517.0 1522.0 0.0 61.2063
14:55:00 59.0 2746.0 nan 61.23 61.23 61.19 61.22 374.0 61.24 129.0 2746.0 2089.0 657.0 0.0 61.2158
14:56:00 61.0 2517.0 nan 61.34 61.34 61.24 61.34 214.0 61.36 4.0 2517.0 1594.0 923.0 0.0 61.295
14:57:00 57.0 1806.0 nan 61.36 61.38 61.32 61.35 500.0 61.37 250.0 1806.0 1111.0 695.0 0.0 61.3556
14:58:00 47.0 2817.0 nan 61.42 61.45 61.34 61.41 200.0 61.42 25.0 2817.0 1782.0 1035.0 0.0 61.3949
14:59:00 36.0 1831.0 nan 61.44 61.46 61.39 61.44 100.0 61.46 486.0 1831.0 1144.0 687.0 0.0 61.4201
15:00:00 24.0 2342.0 nan 61.52 61.52 61.44 61.52 10.0 61.53 10.0 2342.0 2242.0 100.0 0.0 61.484
15:01:00 122.0 11552.0 nan 61.44 61.53 61.42 61.44 18.0 61.46 598.0 11552.0 1219.0 10333.0 0.0 61.44
15:02:00 44.0 2291.0 nan 61.47 61.5 61.46 61.46 50.0 61.48 238.0 2291.0 1872.0 419.0 0.0 61.4758
15:03:00 113.0 4825.0 nan 61.36 61.47 61.34 61.36 350.0 61.39 1601.0 4825.0 2123.0 2702.0 0.0 61.4234
15:04:00 63.0 2966.0 nan 61.3 61.36 61.29 61.28 510.0 61.3 213.0 2966.0 1341.0 1625.0 0.0 61.3343
15:05:00 78.0 3894.0 nan 61.24 61.33 61.24 61.25 150.0 61.27 123.0 3894.0 1450.0 2444.0 0.0 61.2843
15:06:00 59.0 5655.0 nan 61.32 61.35 61.26 61.31 162.0 61.33 803.0 5655.0 3837.0 1818.0 0.0 61.3201
15:07:00 38.0 1537.0 nan 61.32 61.33 61.3 61.32 300.0 61.33 13.0 1537.0 613.0 924.0 0.0 61.3138
15:08:00 60.0 2119.0 nan 61.28 61.335 61.28 61.26 212.0 61.29 263.0 2119.0 607.0 1512.0 0.0 61.3089
15:09:00 87.0 3636.0 nan 61.24 61.27 61.2 61.23 1.0 61.25 660.0 3636.0 1717.0 1919.0 0.0 61.2246
15:10:00 68.0 3002.0 nan 61.2 61.23 61.19 61.19 400.0 61.2 505.0 3002.0 774.0 2228.0 0.0 61.2109
15:11:00 112.0 5774.0 nan 61.17 61.22 61.16 61.16 34.0 61.18 50.0 5774.0 1846.0 3928.0 0.0 61.1844
15:12:00 55.0 3088.0 nan 61.14 61.16 61.11 61.12 200.0 61.14 560.0 3088.0 1387.0 1701.0 0.0 61.1289
15:13:00 349.0 64339.0 nan 61.02 61.16 60.98 61.01 50.0 61.04 454.0 64339.0 5104.0 59235.0 0.0 61.0159
15:14:00 83.0 8553.0 nan 60.96 61.01 60.94 60.95 5.0 60.97 150.0 8553.0 2137.0 6416.0 0.0 60.9807
15:15:00 80.0 3330.0 nan 61.0 61.0 60.93 60.97 51.0 61.0 1254.0 3330.0 2295.0 1035.0 0.0 60.9699
15:16:00 45.0 1832.0 nan 61.07 61.07 60.96 61.07 755.0 61.09 10.0 1832.0 1297.0 535.0 0.0 61.004
15:17:00 83.0 4546.0 nan 61.0 61.1 61.0 61.0 2881.0 61.01 10.0 4546.0 2181.0 2365.0 0.0 61.0613
15:18:00 62.0 5536.0 nan 61.06 61.06 60.97 61.05 150.0 61.07 12.0 5536.0 1754.0 3782.0 0.0 61.0069
15:19:00 70.0 2889.0 nan 61.08 61.13 61.05 61.1 250.0 61.12 200.0 2889.0 946.0 1943.0 0.0 61.0904
15:20:00 78.0 7400.0 nan 61.12 61.19 61.12 61.11 300.0 61.13 305.0 7400.0 3507.0 3893.0 0.0 61.1699
15:21:00 110.0 6293.0 nan 61.14 61.21 61.13 61.13 250.0 61.16 1307.0 6293.0 3891.0 2402.0 0.0 61.1806
15:22:00 98.0 6219.0 nan 61.05 61.14 61.04 61.03 110.0 61.05 500.0 6219.0 2381.0 3838.0 0.0 61.0965
15:23:00 165.0 10291.0 nan 61.0 61.05 60.96 60.99 69.0 61.01 123.0 10291.0 4223.0 6068.0 0.0 61.0076
15:24:00 58.0 3209.0 nan 60.95 60.99 60.94 60.94 1234.0 60.96 260.0 3209.0 1513.0 1696.0 0.0 60.9679
15:25:00 95.0 5558.0 nan 60.97 60.97 60.9 60.96 300.0 60.99 160.0 5558.0 2595.0 2963.0 0.0 60.9342
15:26:00 74.0 2814.0 nan 61.0 61.03 60.96 61.0 323.0 61.01 64.0 2814.0 1142.0 1672.0 0.0 61.006
15:27:00 63.0 3529.0 nan 61.08 61.09 61.0 61.06 310.0 61.09 850.0 3529.0 2298.0 1231.0 0.0 61.0241
15:28:00 42.0 2067.0 nan 61.07 61.1 61.05 61.07 250.0 61.1 1400.0 2067.0 1025.0 1042.0 0.0 61.0713
15:29:00 61.0 1888.0 nan 61.1 61.11 61.07 61.08 558.0 61.1 110.0 1888.0 1207.0 681.0 0.0 61.0879
15:30:00 126.0 7601.0 nan 61.04 61.08 61.03 61.03 250.0 61.05 211.0 7601.0 1299.0 6302.0 0.0 61.0458
15:31:00 88.0 3476.0 nan 61.11 61.12 61.04 61.11 383.0 61.13 704.0 3476.0 1986.0 1490.0 0.0 61.0834
15:32:00 75.0 4000.0 nan 61.13 61.13 61.1 61.12 684.0 61.14 204.0 4000.0 2354.0 1646.0 0.0 61.1215
15:33:00 108.0 4607.0 nan 61.14 61.14 61.1 61.13 516.0 61.15 100.0 4607.0 2172.0 2435.0 0.0 61.1165
15:34:00 65.0 2658.0 nan 61.11 61.19 61.11 61.11 200.0 61.13 979.0 2658.0 337.0 2321.0 0.0 61.1627
15:35:00 81.0 3002.0 nan 61.13 61.16 61.13 61.12 1.0 61.13 573.0 3002.0 1267.0 1735.0 0.0 61.1413
15:36:00 112.0 8411.0 nan 61.01 61.12 61.01 61.0 209.0 61.02 2103.0 8411.0 1483.0 6928.0 0.0 61.048
15:37:00 168.0 9745.0 nan 60.9 61.0 60.88 60.9 368.0 60.91 516.0 9745.0 4463.0 5282.0 0.0 60.9185
15:38:00 158.0 5987.0 nan 60.82 60.95 60.82 60.81 240.0 60.83 256.0 5987.0 2741.0 3246.0 0.0 60.9059
15:39:00 129.0 9595.0 nan 60.76 60.84 60.76 60.76 200.0 60.77 800.0 9595.0 3182.0 6413.0 0.0 60.8059
15:40:00 128.0 6638.0 nan 60.72 60.76 60.67 60.71 850.0 60.73 603.0 6638.0 2903.0 3735.0 0.0 60.7101
15:41:00 131.0 6421.0 nan 60.69 60.765 60.69 60.69 763.0 60.71 1467.0 6421.0 3701.0 2720.0 0.0 60.7265
15:42:00 113.0 6189.0 nan 60.77 60.81 60.69 60.77 200.0 60.78 110.0 6189.0 3451.0 2738.0 0.0 60.7576
15:43:00 156.0 8798.0 nan 60.75 60.79 60.69 60.75 22.0 60.77 300.0 8798.0 6699.0 2099.0 0.0 60.7413
15:44:00 87.0 3467.0 nan 60.71 60.75 60.7 60.69 978.0 60.71 1710.0 3467.0 1263.0 2204.0 0.0 60.7287
15:45:00 149.0 9026.0 nan 60.72 60.73 60.68 60.72 621.0 60.73 1005.0 9026.0 3869.0 5157.0 0.0 60.7049
15:46:00 157.0 9045.0 nan 60.67 60.72 60.66 60.67 100.0 60.68 2076.0 9045.0 4907.0 4138.0 0.0 60.6753
15:47:00 176.0 9278.0 nan 60.6 60.7 60.6 60.6 1835.0 60.61 146.0 9278.0 4702.0 4576.0 0.0 60.642
15:48:00 144.0 7576.0 nan 60.63 60.68 60.61 60.63 159.0 60.64 110.0 7576.0 2683.0 4893.0 0.0 60.6503
15:49:00 83.0 6031.0 nan 60.65 60.66 60.62 60.64 2153.0 60.66 419.0 6031.0 4882.0 1149.0 0.0 60.6367
15:50:00 144.0 8535.0 nan 60.63 60.66 60.62 60.63 400.0 60.64 1714.0 8535.0 4170.0 4365.0 0.0 60.6424
15:51:00 352.0 25769.0 nan 60.52 60.66 60.52 60.52 222.0 60.53 604.0 25769.0 10040.0 15729.0 0.0 60.5962
15:52:00 343.0 21096.0 nan 60.5 60.53 60.45 60.5 109.0 60.51 512.0 21096.0 9900.0 11196.0 0.0 60.4836
15:53:00 235.0 11708.0 nan 60.585 60.59 60.475 60.58 1539.0 60.59 204.0 11708.0 7132.0 4576.0 0.0 60.5148
15:54:00 366.0 25454.0 nan 60.605 60.64 60.58 60.6 483.0 60.61 405.0 25454.0 12426.0 13028.0 0.0 60.6072
15:55:00 274.0 16722.0 nan 60.5 60.61 60.49 60.49 3000.0 60.51 1112.0 16722.0 5023.0 11699.0 0.0 60.5463
15:56:00 366.0 24893.0 nan 60.41 60.51 60.39 60.41 430.0 60.42 1156.0 24893.0 8606.0 16287.0 0.0 60.4382
15:57:00 450.0 34322.0 nan 60.45 60.45 60.41 60.44 1755.0 60.45 1236.0 34322.0 22371.0 11951.0 0.0 60.4311
15:58:00 552.0 39385.0 nan 60.51 60.53 60.44 60.5 261.0 60.51 1410.0 39385.0 20571.0 18814.0 0.0 60.4784
15:59:00 406.0 35798.0 nan 60.49 60.53 60.48 60.49 287.0 60.5 2018.0 35798.0 9186.0 26612.0 0.0 60.4957
16:00:00 745.0 89297.0 nan 60.52 60.55 60.37 60.51 8362.0 60.52 4951.0 89297.0 22744.0 66553.0 0.0 60.4539
16:01:00 3.0 20.0 nan 60.48 60.51 60.48 60.51 4273.0 60.52 4751.0 20.0 0.0 20.0 0.0 60.48
16:02:00 0.0 0.0 nan 60.48 nan nan 60.51 4273.0 60.52 4751.0 nan 0.0 0.0 0.0 nan
16:03:00 0.0 0.0 nan 60.48 nan nan 60.51 4273.0 60.52 4751.0 nan 0.0 0.0 0.0 nan
16:04:00 2.0 160.0 nan 60.5 60.5 60.5 60.51 4273.0 60.5 100.0 160.0 160.0 0.0 0.0 60.5
16:05:00 2.0 100.0 nan 60.5 60.5 60.5 60.51 4273.0 60.5 100.0 100.0 100.0 0.0 0.0 60.5
16:06:00 6.0 50.0 nan 60.49 60.49 60.49 60.51 4273.0 60.5 100.0 50.0 0.0 50.0 0.0 60.49
16:07:00 2.0 104.0 nan 60.5 60.5 60.45 60.51 4273.0 60.5 100.0 104.0 100.0 4.0 0.0 60.4981
16:08:00 0.0 0.0 nan 60.5 nan nan 60.51 4273.0 60.47 20.0 nan 0.0 0.0 0.0 nan
16:09:00 3.0 128.0 nan 60.5 60.5 60.47 60.51 4273.0 60.5 100.0 128.0 120.0 8.0 0.0 60.4953
16:10:00 1.0 2.0 nan 60.45 60.45 60.45 60.51 4273.0 60.5 150.0 2.0 2.0 0.0 0.0 60.45
16:11:00 1.0 10.0 nan 60.45 60.45 60.45 60.51 4273.0 60.5 100.0 10.0 10.0 0.0 0.0 60.45
16:12:00 1.0 10.0 nan 60.45 60.45 60.45 60.51 4273.0 60.5 100.0 10.0 10.0 0.0 0.0 60.45
16:13:00 1.0 0.0 nan 60.41 60.41 60.41 60.51 4273.0 60.5 100.0 nan 0.0 0.0 0.0 nan
16:14:00 1.0 10.0 nan 60.5 60.5 60.5 60.51 4273.0 60.5 103.0 10.0 10.0 0.0 0.0 60.5
16:15:00 0.0 0.0 nan 60.5 nan nan 60.51 4273.0 60.5 103.0 nan 0.0 0.0 0.0 nan
16:16:00 0.0 0.0 nan 60.5 nan nan 60.51 4273.0 60.5 103.0 nan 0.0 0.0 0.0 nan
16:17:00 0.0 0.0 nan 60.5 nan nan 60.51 4273.0 60.5 103.0 nan 0.0 0.0 0.0 nan
16:18:00 0.0 0.0 nan 60.5 nan nan 60.51 4273.0 60.5 103.0 nan 0.0 0.0 0.0 nan
16:19:00 0.0 0.0 nan 60.5 nan nan 60.51 4273.0 60.5 103.0 nan 0.0 0.0 0.0 nan
16:20:00 0.0 0.0 nan 60.5 nan nan 60.51 4273.0 60.5 103.0 nan 0.0 0.0 0.0 nan
16:21:00 0.0 0.0 nan 60.5 nan nan 60.51 4273.0 60.48 16.0 nan 0.0 0.0 0.0 nan
16:22:00 0.0 0.0 nan 60.5 nan nan 60.51 4273.0 60.48 16.0 nan 0.0 0.0 0.0 nan
16:23:00 0.0 0.0 nan 60.5 nan nan 60.51 4273.0 60.48 16.0 nan 0.0 0.0 0.0 nan
16:24:00 0.0 0.0 nan 60.5 nan nan 60.51 4273.0 60.48 16.0 nan 0.0 0.0 0.0 nan
16:25:00 1.0 16.0 nan 60.44 60.44 60.44 60.51 4273.0 60.5 103.0 16.0 16.0 0.0 0.0 60.44
16:26:00 0.0 0.0 nan 60.44 nan nan 60.51 4273.0 60.5 103.0 nan 0.0 0.0 0.0 nan
16:27:00 0.0 0.0 nan 60.44 nan nan 60.51 4273.0 60.5 103.0 nan 0.0 0.0 0.0 nan
16:28:00 0.0 0.0 nan 60.44 nan nan 60.51 4273.0 60.5 103.0 nan 0.0 0.0 0.0 nan
16:29:00 0.0 0.0 nan 60.44 nan nan 60.51 4273.0 60.5 103.0 nan 0.0 0.0 0.0 nan
16:30:00 0.0 0.0 nan 60.44 nan nan 60.51 4273.0 60.5 103.0 nan 0.0 0.0 0.0 nan
16:31:00 0.0 0.0 nan 60.44 nan nan 60.51 4273.0 60.5 103.0 nan 0.0 0.0 0.0 nan
16:32:00 2.0 5.0 nan 60.5 60.5 60.5 60.51 4273.0 60.5 100.0 5.0 5.0 0.0 0.0 60.5
16:33:00 0.0 0.0 nan 60.5 nan nan 60.51 4273.0 60.5 100.0 nan 0.0 0.0 0.0 nan
16:34:00 0.0 0.0 nan 60.5 nan nan 60.51 4273.0 60.5 100.0 nan 0.0 0.0 0.0 nan
16:35:00 1.0 100.0 nan 60.5 60.5 60.5 60.51 4273.0 60.5 100.0 100.0 100.0 0.0 0.0 60.5
16:36:00 0.0 0.0 nan 60.5 nan nan 60.51 4273.0 60.5 100.0 nan 0.0 0.0 0.0 nan
16:37:00 0.0 0.0 nan 60.5 nan nan 60.51 4273.0 60.5 100.0 nan 0.0 0.0 0.0 nan
16:38:00 0.0 0.0 nan 60.5 nan nan 60.51 4273.0 60.5 100.0 nan 0.0 0.0 0.0 nan
16:39:00 0.0 0.0 nan 60.5 nan nan 60.51 4273.0 60.5 100.0 nan 0.0 0.0 0.0 nan
16:40:00 0.0 0.0 nan 60.5 nan nan 60.51 4273.0 60.5 100.0 nan 0.0 0.0 0.0 nan
16:41:00 2.0 26.0 nan 60.5 60.5 60.5 60.51 4273.0 60.5 100.0 26.0 26.0 0.0 0.0 60.5
16:42:00 0.0 0.0 nan 60.5 nan nan 60.51 4273.0 60.5 100.0 nan 0.0 0.0 0.0 nan
16:43:00 0.0 0.0 nan 60.5 nan nan 60.51 4273.0 60.5 100.0 nan 0.0 0.0 0.0 nan
16:44:00 1.0 2.0 nan 60.5 60.5 60.5 60.51 4273.0 60.5 100.0 2.0 2.0 0.0 0.0 60.5
16:45:00 0.0 0.0 nan 60.5 nan nan 60.51 4273.0 60.5 100.0 nan 0.0 0.0 0.0 nan
16:46:00 0.0 0.0 nan 60.5 nan nan 60.51 4273.0 60.5 100.0 nan 0.0 0.0 0.0 nan
16:47:00 0.0 0.0 nan 60.5 nan nan 60.51 4273.0 60.5 100.0 nan 0.0 0.0 0.0 nan
16:48:00 0.0 0.0 nan 60.5 nan nan 60.51 4273.0 60.5 100.0 nan 0.0 0.0 0.0 nan
16:49:00 2.0 1.0 nan 60.42 60.42 60.42 60.51 4273.0 60.5 100.0 1.0 0.0 1.0 0.0 60.42
16:50:00 1.0 8.0 nan 60.48 60.48 60.48 60.51 4273.0 60.5 100.0 8.0 0.0 8.0 0.0 60.48
16:51:00 1.0 0.0 nan 60.42 60.42 60.42 60.51 4273.0 60.5 100.0 nan 0.0 0.0 0.0 nan
16:52:00 1.0 4.0 nan 60.5 60.5 60.5 60.51 4273.0 60.5 100.0 4.0 4.0 0.0 0.0 60.5
16:53:00 0.0 0.0 nan 60.5 nan nan 60.51 4273.0 60.5 100.0 nan 0.0 0.0 0.0 nan
16:54:00 1.0 1.0 nan 60.5 60.5 60.5 60.51 4273.0 60.5 100.0 1.0 1.0 0.0 0.0 60.5
16:55:00 0.0 0.0 nan 60.5 nan nan 60.51 4273.0 60.5 100.0 nan 0.0 0.0 0.0 nan
16:56:00 0.0 0.0 nan 60.5 nan nan 60.51 4273.0 60.5 100.0 nan 0.0 0.0 0.0 nan
16:57:00 0.0 0.0 nan 60.5 nan nan 60.51 4273.0 60.5 100.0 nan 0.0 0.0 0.0 nan
16:58:00 0.0 0.0 nan 60.5 nan nan 60.51 4273.0 60.5 100.0 nan 0.0 0.0 0.0 nan
16:59:00 0.0 0.0 nan 60.5 nan nan 60.51 4273.0 60.5 100.0 nan 0.0 0.0 0.0 nan
17:00:00 1.0 1.0 nan 60.5 60.5 60.5 60.51 4273.0 60.5 100.0 1.0 1.0 0.0 0.0 60.5
