time trade_count trade_volume trade_first trade_last trade_high trade_low bid_price bid_size ask_price ask_size hid_vol buy_vol sell_vol unsided_vol vwap
09:00:00 nan 100.0 62.3 62.31 62.31 62.3 62.3 150.0 62.4 55.0 100.0 0.0 100.0 0.0 62.3
09:01:00 2.0 88.0 62.3 62.3 62.31 62.3 62.3 142.0 62.4 55.0 88.0 0.0 88.0 0.0 62.3091
09:02:00 4.0 146.0 62.3 62.3 62.39 62.3 62.22 1.0 62.3 114.0 146.0 4.0 142.0 0.0 62.3
09:03:00 4.0 150.0 62.3 62.2 62.22 62.2 62.1 1.0 62.22 25.0 150.0 49.0 101.0 0.0 62.2001
09:04:00 3.0 10.0 62.3 62.02 62.1 62.01 62.02 15.0 62.11 25.0 10.0 0.0 10.0 0.0 62.019
09:05:00 2.0 48.0 62.3 62.22 62.22 62.11 62.03 125.0 62.14 29.0 48.0 48.0 0.0 0.0 62.1627
09:06:00 8.0 179.0 62.3 62.14 62.14 62.0 61.97 50.0 62.2 250.0 179.0 29.0 150.0 0.0 62.0333
09:07:00 4.0 225.0 62.3 61.81 62.2 61.81 61.8 250.0 62.22 2.0 225.0 200.0 25.0 0.0 62.1933
09:08:00 1.0 30.0 62.3 62.07 62.07 62.07 62.07 84.0 62.22 3.0 30.0 0.0 30.0 0.0 62.07
09:09:00 2.0 25.0 62.3 62.07 62.07 62.07 61.9 250.0 62.2 39.0 25.0 0.0 25.0 0.0 62.07
09:10:00 0.0 0.0 62.3 62.07 nan nan 62.0 590.0 62.2 13.0 nan 0.0 0.0 0.0 nan
09:11:00 1.0 1.0 62.3 62.06 62.06 62.06 62.01 81.0 62.2 13.0 1.0 1.0 0.0 0.0 62.06
09:12:00 3.0 100.0 62.3 62.0 62.01 62.0 62.0 544.0 62.06 300.0 100.0 0.0 100.0 0.0 62.0081
09:13:00 11.0 389.0 62.3 61.8 62.01 61.78 61.68 1.0 61.76 4.0 389.0 0.0 389.0 0.0 61.9837
09:14:00 2.0 1.0 62.3 61.68 61.68 61.68 61.51 8.0 62.06 350.0 1.0 0.0 1.0 0.0 61.68
09:15:00 0.0 0.0 62.3 61.68 nan nan 61.51 8.0 62.06 350.0 nan 0.0 0.0 0.0 nan
09:16:00 0.0 0.0 62.3 61.68 nan nan 61.51 1.0 62.06 350.0 nan 0.0 0.0 0.0 nan
09:17:00 0.0 0.0 62.3 61.68 nan nan 61.56 1.0 62.06 350.0 nan 0.0 0.0 0.0 nan
09:18:00 0.0 0.0 62.3 61.68 nan nan 61.61 97.0 61.99 105.0 nan 0.0 0.0 0.0 nan
09:19:00 0.0 0.0 62.3 61.68 nan nan 61.61 1.0 61.99 105.0 nan 0.0 0.0 0.0 nan
09:20:00 11.0 282.0 62.3 61.75 61.99 61.7 61.6 1050.0 61.75 37.0 282.0 31.0 251.0 0.0 61.7098
09:21:00 0.0 0.0 62.3 61.75 nan nan 61.6 1050.0 61.75 37.0 nan 0.0 0.0 0.0 nan
09:22:00 1.0 0.0 62.3 61.62 61.62 61.62 61.6 1550.0 61.75 37.0 nan 0.0 0.0 0.0 nan
09:23:00 6.0 537.0 62.3 61.75 61.75 61.62 61.75 534.0 61.98 12.0 537.0 37.0 500.0 0.0 61.75
09:24:00 4.0 484.0 62.3 61.75 61.76 61.75 61.65 1150.0 61.98 158.0 484.0 0.0 484.0 0.0 61.75
09:25:00 4.0 71.0 62.3 61.66 61.66 61.65 61.65 1044.0 61.99 270.0 71.0 0.0 71.0 0.0 61.6521
09:26:00 0.0 0.0 62.3 61.66 nan nan 61.65 1044.0 61.98 150.0 nan 0.0 0.0 0.0 nan
09:27:00 3.0 0.0 62.3 61.89 61.94 61.89 61.65 1044.0 61.98 150.0 nan 0.0 0.0 0.0 nan
09:28:00 4.0 150.0 62.3 61.9 61.9 61.65 61.7 200.0 61.99 470.0 150.0 0.0 150.0 0.0 61.65
09:29:00 18.0 2606.0 62.3 61.55 61.75 61.55 61.5 1805.0 61.95 200.0 2606.0 300.0 2306.0 0.0 61.6154
09:30:00 18.0 1636.0 62.3 61.5 61.87 61.5 61.5 172.0 61.93 200.0 1636.0 0.0 1636.0 0.0 61.5007
09:31:00 287.0 14087.0 62.3 61.725 61.8 61.22 61.68 25.0 61.78 200.0 14087.0 5199.0 8888.0 0.0 61.4936
09:32:00 129.0 9654.0 62.3 61.07 61.68 61.05 61.05 203.0 61.11 344.0 9654.0 692.0 8962.0 0.0 61.3012
09:33:00 96.0 12593.0 62.3 60.55 61.05 60.55 60.54 60.0 60.59 25.0 12593.0 2249.0 10344.0 0.0 60.7643
09:34:00 93.0 7999.0 62.3 60.65 60.87 60.48 60.6 5.0 60.67 250.0 7999.0 2804.0 5195.0 0.0 60.6432
09:35:00 108.0 5788.0 62.3 60.29 60.6 60.21 60.22 25.0 60.31 100.0 5788.0 2642.0 3146.0 0.0 60.3989
09:36:00 198.0 11115.0 62.3 60.84 60.95 60.25 60.8 310.0 60.89 416.0 11115.0 9378.0 1737.0 0.0 60.6453
09:37:00 167.0 8324.0 62.3 60.875 61.07 60.8 60.85 200.0 60.92 125.0 8324.0 3349.0 4975.0 0.0 60.9174
09:38:00 238.0 13038.0 62.3 61.22 61.36 60.9 61.17 25.0 61.24 100.0 13038.0 7466.0 5572.0 0.0 61.148
09:39:00 133.0 6845.0 62.3 60.92 61.32 60.88 60.89 25.0 60.96 446.0 6845.0 1993.0 4852.0 0.0 61.0719
09:40:00 171.0 22536.0 62.3 61.07 61.16 60.93 61.07 200.0 61.12 17.0 22536.0 20449.0 2087.0 0.0 60.9999
09:41:00 119.0 15861.0 62.3 61.17 61.2 61.09 61.1 50.0 61.16 225.0 15861.0 12961.0 2900.0 0.0 61.1846
09:42:00 511.0 61169.0 62.3 61.62 61.62 61.09 61.57 300.0 61.63 335.0 61169.0 35489.0 25680.0 0.0 61.3198
09:43:00 98.0 8142.0 62.3 61.75 61.91 61.62 61.7 151.0 61.77 20.0 8142.0 5472.0 2670.0 0.0 61.7899
09:44:00 90.0 3605.0 62.3 61.82 61.95 61.7 61.79 100.0 61.84 129.0 3605.0 1589.0 2016.0 0.0 61.8499
09:45:00 38.0 2101.0 62.3 61.81 61.9 61.64 61.8 1050.0 61.88 799.0 2101.0 714.0 1387.0 0.0 61.7824
09:46:00 109.0 9023.0 62.3 61.86 61.96 61.85 61.85 20.0 61.89 165.0 9023.0 5686.0 3337.0 0.0 61.9074
09:47:00 266.0 43563.0 62.3 62.41 62.42 61.85 62.39 350.0 62.44 442.0 43563.0 35490.0 8073.0 0.0 62.1052
09:48:00 169.0 17601.0 62.3 62.57 62.64 62.35 62.54 52.0 62.6 187.0 17601.0 11955.0 5646.0 0.0 62.4923
09:49:00 139.0 14527.0 62.3 62.57 62.62 62.45 62.54 401.0 62.6 380.0 14527.0 8761.0 5766.0 0.0 62.5276
09:50:00 94.0 6660.0 62.3 62.21 62.63 62.21 62.21 400.0 62.25 150.0 6660.0 1009.0 5651.0 0.0 62.4201
09:51:00 159.0 7903.0 62.3 62.3 62.33 61.99 62.29 1275.0 62.36 617.0 7903.0 2680.0 5223.0 0.0 62.1123
09:52:00 42.0 2447.0 62.3 62.22 62.31 62.16 62.24 10.0 62.29 1084.0 2447.0 239.0 2208.0 0.0 62.2472
09:53:00 86.0 28542.0 62.3 62.12 62.3 62.12 62.11 250.0 62.15 120.0 28542.0 3940.0 24602.0 0.0 62.1941
09:54:00 96.0 7334.0 62.3 62.255 62.26 62.11 62.23 300.0 62.27 100.0 7334.0 5903.0 1431.0 0.0 62.2026
09:55:00 64.0 2490.0 62.3 62.095 62.23 62.07 62.07 260.0 62.1 72.0 2490.0 569.0 1921.0 0.0 62.1603
09:56:00 120.0 14208.0 62.3 62.0 62.105 61.98 61.99 120.0 62.05 150.0 14208.0 7675.0 6533.0 0.0 62.0088
09:57:00 334.0 24204.0 62.3 61.76 62.06 61.66 61.75 450.0 61.79 1.0 24204.0 13417.0 10787.0 0.0 61.7866
09:58:00 111.0 8240.0 62.3 61.725 61.88 61.66 61.7 125.0 61.73 400.0 8240.0 2443.0 5797.0 0.0 61.7576
09:59:00 225.0 29818.0 62.3 61.65 62.06 61.63 61.63 700.0 61.67 1762.0 29818.0 8757.0 21061.0 0.0 61.8023
10:00:00 186.0 16379.0 62.3 61.91 62.0 61.62 61.91 20.0 61.96 510.0 16379.0 12756.0 3623.0 0.0 61.7634
10:01:00 210.0 10850.0 62.3 61.97 62.04 61.77 61.94 420.0 61.98 100.0 10850.0 6993.0 3857.0 0.0 61.9121
10:02:00 185.0 11672.0 62.3 62.01 62.04 61.79 62.0 27.0 62.02 100.0 11672.0 7694.0 3978.0 0.0 61.933
10:03:00 123.0 10854.0 62.3 62.13 62.23 62.0 62.11 390.0 62.14 100.0 10854.0 8255.0 2599.0 0.0 62.1477
10:04:00 141.0 13763.0 62.3 62.33 62.35 62.13 62.33 136.0 62.38 311.0 13763.0 11693.0 2070.0 0.0 62.2291
10:05:00 161.0 14810.0 62.3 62.42 62.52 62.33 62.36 102.0 62.44 1720.0 14810.0 7123.0 7687.0 0.0 62.4314
10:06:00 91.0 5450.0 62.3 62.45 62.45 62.23 62.42 1512.0 62.47 5.0 5450.0 4583.0 867.0 0.0 62.363
10:07:00 95.0 4444.0 62.3 62.305 62.44 62.27 62.27 54.0 62.32 108.0 4444.0 1129.0 3315.0 0.0 62.3513
10:08:00 32.0 2083.0 62.3 62.315 62.37 62.3 62.29 215.0 62.33 352.0 2083.0 497.0 1586.0 0.0 62.3293
10:09:00 59.0 2562.0 62.3 62.34 62.39 62.32 62.33 51.0 62.37 482.0 2562.0 1630.0 932.0 0.0 62.3551
10:10:00 87.0 5961.0 62.3 62.27 62.43 62.27 62.25 115.0 62.27 10.0 5961.0 3165.0 2796.0 0.0 62.3545
10:11:00 89.0 9358.0 62.3 62.13 62.27 62.05 62.11 100.0 62.14 50.0 9358.0 1518.0 7840.0 0.0 62.119
10:12:00 112.0 11709.0 62.3 62.21 62.27 62.12 62.21 563.0 62.26 150.0 11709.0 5346.0 6363.0 0.0 62.1923
10:13:00 72.0 3777.0 62.3 62.06 62.3 62.04 62.03 302.0 62.05 20.0 3777.0 1417.0 2360.0 0.0 62.1949
10:14:00 109.0 11257.0 62.3 62.12 62.13 61.95 62.1 213.0 62.13 107.0 11257.0 7466.0 3791.0 0.0 62.0554
10:15:00 68.0 5743.0 62.3 62.05 62.12 62.03 62.03 200.0 62.07 330.0 5743.0 1638.0 4105.0 0.0 62.0763
10:16:00 82.0 6079.0 62.3 61.91 62.04 61.89 61.89 211.0 61.93 418.0 6079.0 2050.0 4029.0 0.0 61.9466
10:17:00 73.0 4025.0 62.3 61.98 61.98 61.83 61.96 544.0 62.0 3640.0 4025.0 2754.0 1271.0 0.0 61.8846
10:18:00 78.0 6511.0 62.3 62.23 62.23 61.99 62.21 406.0 62.25 151.0 6511.0 5097.0 1414.0 0.0 62.0337
10:19:00 153.0 10664.0 62.3 62.48 62.48 62.14 62.47 753.0 62.5 5997.0 10664.0 8269.0 2395.0 0.0 62.3247
10:20:00 123.0 15782.0 62.3 62.56 62.63 62.5 62.55 875.0 62.57 400.0 15782.0 11568.0 4214.0 0.0 62.5482
10:21:00 125.0 8469.0 62.3 62.47 62.72 62.47 62.45 250.0 62.51 160.0 8469.0 3964.0 4505.0 0.0 62.6092
10:22:00 58.0 3833.0 62.3 62.52 62.55 62.48 62.5 2.0 62.54 1.0 3833.0 2408.0 1425.0 0.0 62.4963
10:23:00 136.0 12013.0 62.3 62.56 62.62 62.36 62.54 100.0 62.56 8.0 12013.0 4877.0 7136.0 0.0 62.5135
10:24:00 100.0 6327.0 62.3 62.45 62.59 62.45 62.45 99.0 62.47 10.0 6327.0 2349.0 3978.0 0.0 62.5061
10:25:00 165.0 13051.0 62.3 62.31 62.45 62.22 62.29 1.0 62.32 2.0 13051.0 4127.0 8924.0 0.0 62.3082
10:26:00 213.0 10838.0 62.3 62.11 62.31 62.0 62.09 52.0 62.14 221.0 10838.0 4609.0 6229.0 0.0 62.1799
10:27:00 110.0 6367.0 62.3 62.21 62.29 62.12 62.19 2.0 62.24 100.0 6367.0 2690.0 3677.0 0.0 62.2299
10:28:00 194.0 19473.0 62.3 61.85 62.19 61.85 61.82 301.0 61.86 86.0 19473.0 4233.0 15240.0 0.0 61.9883
10:29:00 179.0 30462.0 62.3 61.62 61.86 61.62 61.62 109.0 61.65 250.0 30462.0 5336.0 25126.0 0.0 61.6959
10:30:00 164.0 14861.0 62.3 61.67 61.8 61.6 61.64 50.0 61.67 699.0 14861.0 5080.0 9781.0 0.0 61.7052
10:31:00 207.0 24330.0 62.3 61.49 61.63 61.43 61.47 650.0 61.52 50.0 24330.0 4870.0 19460.0 0.0 61.5159
10:32:00 185.0 10189.0 62.3 61.79 61.84 61.51 61.77 50.0 61.82 912.0 10189.0 4389.0 5800.0 0.0 61.717
10:33:00 116.0 8320.0 62.3 61.75 61.88 61.68 61.72 103.0 61.77 100.0 8320.0 5824.0 2496.0 0.0 61.7628
10:34:00 80.0 4686.0 62.3 61.76 61.8 61.55 61.74 202.0 61.78 100.0 4686.0 1984.0 2702.0 0.0 61.6535
10:35:00 161.0 9936.0 62.3 61.8 61.98 61.74 61.78 500.0 61.83 250.0 9936.0 7144.0 2792.0 0.0 61.8595
10:36:00 67.0 4704.0 62.3 61.83 61.86 61.66 61.77 50.0 61.85 250.0 4704.0 2034.0 2670.0 0.0 61.7732
10:37:00 92.0 3598.0 62.3 61.67 61.81 61.64 61.68 2.0 61.74 150.0 3598.0 1545.0 2053.0 0.0 61.7032
10:38:00 33.0 859.0 62.3 61.84 61.87 61.71 61.82 1.0 61.87 50.0 859.0 700.0 159.0 0.0 61.8018
10:39:00 112.0 5164.0 62.3 61.91 61.99 61.82 61.9 111.0 61.93 200.0 5164.0 2910.0 2254.0 0.0 61.9302
10:40:00 161.0 17112.0 62.3 61.86 62.08 61.8 61.82 452.0 61.88 50.0 17112.0 12956.0 4156.0 0.0 61.9733
10:41:00 79.0 8535.0 62.3 62.05 62.07 61.89 62.01 200.0 62.07 1411.0 8535.0 6283.0 2252.0 0.0 62.0395
10:42:00 83.0 9341.0 62.3 62.13 62.15 62.01 62.11 418.0 62.18 530.0 9341.0 6654.0 2687.0 0.0 62.0695
10:43:00 74.0 10987.0 62.3 62.16 62.18 62.06 62.15 50.0 62.18 2217.0 10987.0 4259.0 6728.0 0.0 62.1466
10:44:00 76.0 7540.0 62.3 62.12 62.21 62.12 62.09 364.0 62.14 571.0 7540.0 3739.0 3801.0 0.0 62.168
10:45:00 132.0 5442.0 62.3 62.04 62.1 61.95 62.01 50.0 62.04 86.0 5442.0 3017.0 2425.0 0.0 62.0331
10:46:00 29.0 3303.0 62.3 62.04 62.04 61.97 62.04 51.0 62.07 7.0 3303.0 682.0 2621.0 0.0 61.9954
10:47:00 97.0 4944.0 62.3 61.88 62.13 61.88 61.86 200.0 61.91 478.0 4944.0 2721.0 2223.0 0.0 62.0569
10:48:00 85.0 5685.0 62.3 61.69 61.97 61.68 61.67 1355.0 61.72 200.0 5685.0 2103.0 3582.0 0.0 61.8117
10:49:00 69.0 4215.0 62.3 61.81 61.86 61.67 61.78 50.0 61.82 60.0 4215.0 3747.0 468.0 0.0 61.7702
10:50:00 66.0 4608.0 62.3 61.75 61.82 61.67 61.73 150.0 61.77 109.0 4608.0 1571.0 3037.0 0.0 61.7263
10:51:00 95.0 5102.0 62.3 61.64 61.83 61.6 61.62 255.0 61.67 100.0 5102.0 1763.0 3339.0 0.0 61.6995
10:52:00 244.0 30422.0 62.3 61.57 61.63 61.37 61.54 12.0 61.57 50.0 30422.0 8753.0 21669.0 0.0 61.5021
10:53:00 66.0 7927.0 62.3 61.53 61.57 61.49 61.51 153.0 61.55 190.0 7927.0 6271.0 1656.0 0.0 61.5473
10:54:00 36.0 1769.0 62.3 61.49 61.55 61.45 61.43 3.0 61.49 215.0 1769.0 415.0 1354.0 0.0 61.4967
10:55:00 36.0 1722.0 62.3 61.44 61.47 61.4 61.44 11.0 61.47 359.0 1722.0 559.0 1163.0 0.0 61.4158
10:56:00 97.0 4771.0 62.3 61.5 61.5 61.3 61.51 3.0 61.55 251.0 4771.0 3980.0 791.0 0.0 61.403
10:57:00 121.0 8989.0 62.3 61.84 61.85 61.55 61.81 150.0 61.85 50.0 8989.0 5665.0 3324.0 0.0 61.7647
10:58:00 80.0 5011.0 62.3 61.9 61.92 61.77 61.87 100.0 61.9 199.0 5011.0 3930.0 1081.0 0.0 61.8372
10:59:00 170.0 12016.0 62.3 61.77 61.87 61.68 61.69 202.0 61.77 150.0 12016.0 2630.0 9386.0 0.0 61.7329
11:00:00 47.0 1490.0 62.3 61.56 61.8 61.56 61.54 250.0 61.6 200.0 1490.0 414.0 1076.0 0.0 61.7177
11:01:00 87.0 6673.0 62.3 61.41 61.55 61.28 61.39 3.0 61.44 326.0 6673.0 2736.0 3937.0 0.0 61.4269
11:02:00 27.0 1683.0 62.3 61.44 61.44 61.34 61.4 474.0 61.47 700.0 1683.0 1406.0 277.0 0.0 61.377
11:03:00 23.0 1479.0 62.3 61.52 61.52 61.43 61.49 433.0 61.57 200.0 1479.0 1378.0 101.0 0.0 61.4944
11:04:00 46.0 1708.0 62.3 61.54 61.54 61.44 61.53 37.0 61.56 50.0 1708.0 1164.0 544.0 0.0 61.4979
11:05:00 51.0 1936.0 62.3 61.71 61.73 61.57 61.69 150.0 61.75 100.0 1936.0 733.0 1203.0 0.0 61.6709
11:06:00 95.0 6995.0 62.3 61.76 61.9 61.72 61.72 115.0 61.81 416.0 6995.0 5139.0 1856.0 0.0 61.8026
11:07:00 125.0 19077.0 62.3 61.97 61.98 61.7 61.92 700.0 61.97 3.0 19077.0 17787.0 1290.0 0.0 61.8594
11:08:00 93.0 6014.0 62.3 61.95 61.98 61.76 61.91 200.0 61.96 306.0 6014.0 3159.0 2855.0 0.0 61.9169
11:09:00 95.0 14412.0 62.3 62.0 62.0 61.9 62.0 100.0 62.03 50.0 14412.0 13940.0 472.0 0.0 61.9922
11:10:00 112.0 7349.0 62.3 62.2 62.23 62.03 62.19 200.0 62.2 91.0 7349.0 3467.0 3882.0 0.0 62.1634
11:11:00 109.0 8216.0 62.3 62.24 62.32 62.15 62.21 100.0 62.28 100.0 8216.0 5319.0 2897.0 0.0 62.2267
11:12:00 54.0 4013.0 62.3 62.28 62.35 62.25 62.22 250.0 62.29 309.0 4013.0 2238.0 1775.0 0.0 62.2964
11:13:00 40.0 2023.0 62.3 62.22 62.3 62.22 62.19 150.0 62.25 504.0 2023.0 1472.0 551.0 0.0 62.2752
11:14:00 63.0 13244.0 62.3 62.28 62.34 62.19 62.25 150.0 62.32 296.0 13244.0 12138.0 1106.0 0.0 62.2443
11:15:00 108.0 6468.0 62.3 62.36 62.44 62.32 62.34 50.0 62.37 100.0 6468.0 3329.0 3139.0 0.0 62.3721
11:16:00 62.0 2863.0 62.3 62.43 62.43 62.27 62.39 200.0 62.43 2.0 2863.0 2119.0 744.0 0.0 62.3759
11:17:00 131.0 29177.0 62.3 62.45 62.47 62.35 62.42 101.0 62.44 40.0 29177.0 26372.0 2805.0 0.0 62.3914
11:18:00 97.0 2907.0 62.3 62.25 62.42 62.185 62.22 601.0 62.26 254.0 2907.0 1586.0 1321.0 0.0 62.2569
11:19:00 130.0 7458.0 62.3 62.29 62.32 62.18 62.27 559.0 62.32 285.0 7458.0 3277.0 4181.0 0.0 62.2335
11:20:00 92.0 4166.0 62.3 62.26 62.34 62.15 62.22 250.0 62.29 380.0 4166.0 2146.0 2020.0 0.0 62.2355
11:21:00 77.0 3439.0 62.3 62.28 62.32 62.16 62.27 10.0 62.31 9.0 3439.0 1496.0 1943.0 0.0 62.252
11:22:00 69.0 3709.0 62.3 62.36 62.42 62.28 62.35 101.0 62.39 153.0 3709.0 2109.0 1600.0 0.0 62.3586
11:23:00 111.0 5194.0 62.3 62.4 62.44 62.39 62.37 52.0 62.41 200.0 5194.0 4218.0 976.0 0.0 62.4093
11:24:00 126.0 13839.0 62.3 62.49 62.51 62.36 62.47 50.0 62.5 50.0 13839.0 12598.0 1241.0 0.0 62.4757
11:25:00 46.0 2687.0 62.3 62.42 62.5 62.39 62.4 301.0 62.43 500.0 2687.0 888.0 1799.0 0.0 62.4369
11:26:00 92.0 4036.0 62.3 62.48 62.5 62.36 62.46 101.0 62.5 256.0 4036.0 2736.0 1300.0 0.0 62.4284
11:27:00 92.0 5287.0 62.3 62.43 62.53 62.43 62.4 300.0 62.44 452.0 5287.0 3370.0 1917.0 0.0 62.4996
11:28:00 81.0 2834.0 62.3 62.37 62.48 62.37 62.35 151.0 62.38 350.0 2834.0 1707.0 1127.0 0.0 62.4195
11:29:00 113.0 4912.0 62.3 62.49 62.53 62.33 62.45 435.0 62.49 99.0 4912.0 4076.0 836.0 0.0 62.4431
11:30:00 91.0 5483.0 62.3 62.34 62.5 62.29 62.31 200.0 62.37 317.0 5483.0 1991.0 3492.0 0.0 62.3818
11:31:00 70.0 2813.0 62.3 62.33 62.41 62.3 62.31 256.0 62.33 160.0 2813.0 1940.0 873.0 0.0 62.3478
11:32:00 102.0 5181.0 62.3 62.39 62.48 62.29 62.34 200.0 62.39 250.0 5181.0 3638.0 1543.0 0.0 62.4051
11:33:00 121.0 6326.0 62.3 62.22 62.38 62.2 62.18 201.0 62.22 241.0 6326.0 3101.0 3225.0 0.0 62.2682
11:34:00 92.0 6852.0 62.3 62.25 62.28 62.13 62.18 200.0 62.23 250.0 6852.0 5435.0 1417.0 0.0 62.2035
11:35:00 96.0 5811.0 62.3 62.245 62.27 62.08 62.22 150.0 62.27 300.0 5811.0 2934.0 2877.0 0.0 62.1662
11:36:00 77.0 5113.0 62.3 62.19 62.25 62.13 62.18 251.0 62.23 10.0 5113.0 2821.0 2292.0 0.0 62.1905
11:37:00 113.0 9173.0 62.3 62.18 62.24 62.095 62.14 360.0 62.19 187.0 9173.0 5103.0 4070.0 0.0 62.1541
11:38:00 71.0 5111.0 62.3 62.13 62.22 62.06 62.11 150.0 62.18 350.0 5111.0 2293.0 2818.0 0.0 62.1766
11:39:00 38.0 2698.0 62.3 62.22 62.25 62.09 62.19 151.0 62.23 147.0 2698.0 2288.0 410.0 0.0 62.1499
11:40:00 96.0 4040.0 62.3 62.26 62.29 62.22 62.25 283.0 62.27 360.0 4040.0 2327.0 1713.0 0.0 62.2775
11:41:00 96.0 6612.0 62.3 62.25 62.31 62.19 62.25 501.0 62.28 3.0 6612.0 3076.0 3536.0 0.0 62.2737
11:42:00 130.0 7143.0 62.3 62.28 62.31 62.245 62.27 702.0 62.3 173.0 7143.0 3093.0 4050.0 0.0 62.2823
11:43:00 62.0 3175.0 62.3 62.26 62.28 62.17 62.25 38.0 62.27 210.0 3175.0 800.0 2375.0 0.0 62.2466
11:44:00 32.0 1295.0 62.3 62.2 62.27 62.18 62.18 301.0 62.22 70.0 1295.0 750.0 545.0 0.0 62.2283
11:45:00 58.0 2134.0 62.3 62.26 62.295 62.22 62.24 401.0 62.27 53.0 2134.0 1482.0 652.0 0.0 62.2606
11:46:00 83.0 3151.0 62.3 62.21 62.3 62.17 62.18 150.0 62.22 3.0 3151.0 1558.0 1593.0 0.0 62.2372
11:47:00 39.0 1259.0 62.3 62.21 62.28 62.155 62.18 1007.0 62.23 250.0 1259.0 954.0 305.0 0.0 62.2233
11:48:00 83.0 3814.0 62.3 62.19 62.23 62.15 62.16 100.0 62.19 53.0 3814.0 2067.0 1747.0 0.0 62.1913
11:49:00 41.0 1635.0 62.3 62.29 62.29 62.16 62.22 510.0 62.28 10.0 1635.0 1333.0 302.0 0.0 62.2562
11:50:00 88.0 4434.0 62.3 62.26 62.31 62.17 62.23 1200.0 62.28 153.0 4434.0 1703.0 2731.0 0.0 62.2487
11:51:00 43.0 1876.0 62.3 62.175 62.24 62.16 62.15 150.0 62.2 37.0 1876.0 244.0 1632.0 0.0 62.1939
11:52:00 73.0 4291.0 62.3 62.15 62.24 62.06 62.14 100.0 62.19 100.0 4291.0 1826.0 2465.0 0.0 62.1459
11:53:00 26.0 556.0 62.3 62.185 62.26 62.16 62.15 51.0 62.2 10.0 556.0 434.0 122.0 0.0 62.215
11:54:00 77.0 5033.0 62.3 62.27 62.31 62.2 62.26 50.0 62.28 112.0 5033.0 2719.0 2314.0 0.0 62.2664
11:55:00 228.0 18657.0 62.3 62.46 62.5 62.28 62.42 350.0 62.47 261.0 18657.0 12675.0 5982.0 0.0 62.421
11:56:00 49.0 3169.0 62.3 62.52 62.52 62.44 62.51 3.0 62.54 100.0 3169.0 2749.0 420.0 0.0 62.5005
11:57:00 69.0 3547.0 62.3 62.5 62.56 62.45 62.47 1201.0 62.52 1753.0 3547.0 1844.0 1703.0 0.0 62.5089
11:58:00 75.0 4097.0 62.3 62.42 62.52 62.4 62.42 428.0 62.45 3.0 4097.0 2283.0 1814.0 0.0 62.4754
11:59:00 109.0 6389.0 62.3 62.69 62.69 62.45 62.65 912.0 62.69 150.0 6389.0 5557.0 832.0 0.0 62.5702
12:00:00 208.0 22173.0 62.3 62.68 62.73 62.6 62.65 201.0 62.69 225.0 22173.0 14357.0 7816.0 0.0 62.687
12:01:00 122.0 6109.0 62.3 62.71 62.76 62.665 62.69 150.0 62.73 924.0 6109.0 4195.0 1914.0 0.0 62.716
12:02:00 40.0 1822.0 62.3 62.68 62.69 62.66 62.65 153.0 62.69 278.0 1822.0 1290.0 532.0 0.0 62.6767
12:03:00 152.0 11852.0 62.3 62.76 62.82 62.65 62.76 200.0 62.79 216.0 11852.0 9380.0 2472.0 0.0 62.768
12:04:00 142.0 6880.0 62.3 62.86 62.86 62.76 62.83 320.0 62.86 447.0 6880.0 3001.0 3879.0 0.0 62.8279
12:05:00 117.0 5956.0 62.3 62.87 62.87 62.83 62.86 7.0 62.88 1350.0 5956.0 3079.0 2877.0 0.0 62.8419
12:06:00 161.0 8750.0 62.3 62.94 62.94 62.87 62.92 203.0 62.94 316.0 8750.0 3810.0 4940.0 0.0 62.8884
12:07:00 151.0 10034.0 62.3 62.93 62.93 62.88 62.92 211.0 62.93 100.0 10034.0 4028.0 6006.0 0.0 62.9063
12:08:00 392.0 42010.0 62.3 63.1 63.11 62.93 63.1 120.0 63.11 231.0 42010.0 28516.0 13494.0 0.0 63.0285
12:09:00 242.0 20344.0 62.3 63.08 63.11 63.05 63.06 256.0 63.09 200.0 20344.0 3481.0 16863.0 0.0 63.0665
12:10:00 162.0 12832.0 62.3 63.05 63.09 63.03 63.04 150.0 63.05 98.0 12832.0 3530.0 9302.0 0.0 63.056
12:11:00 129.0 6818.0 62.3 62.94 63.07 62.94 62.93 260.0 62.95 98.0 6818.0 1805.0 5013.0 0.0 63.0289
12:12:00 120.0 5859.0 62.3 63.005 63.005 62.81 62.99 303.0 63.02 50.0 5859.0 2739.0 3120.0 0.0 62.8996
12:13:00 122.0 6553.0 62.3 62.86 63.01 62.85 62.85 356.0 62.89 150.0 6553.0 1608.0 4945.0 0.0 62.9197
12:14:00 77.0 4511.0 62.3 63.01 63.01 62.88 62.99 150.0 63.01 10.0 4511.0 2311.0 2200.0 0.0 62.9535
12:15:00 64.0 3089.0 62.3 62.91 62.98 62.89 62.89 107.0 62.93 400.0 3089.0 1289.0 1800.0 0.0 62.9213
12:16:00 136.0 12324.0 62.3 62.885 62.93 62.76 62.87 551.0 62.91 225.0 12324.0 3543.0 8781.0 0.0 62.8508
12:17:00 67.0 2878.0 62.3 62.98 62.98 62.86 62.97 100.0 63.0 349.0 2878.0 1909.0 969.0 0.0 62.8994
12:18:00 94.0 4622.0 62.3 62.98 63.0 62.92 62.96 172.0 63.0 205.0 4622.0 1121.0 3501.0 0.0 62.9572
12:19:00 29.0 1229.0 62.3 62.94 62.97 62.92 62.94 109.0 62.98 200.0 1229.0 129.0 1100.0 0.0 62.9367
12:20:00 60.0 2692.0 62.3 62.93 63.0 62.91 62.9 50.0 62.94 150.0 2692.0 809.0 1883.0 0.0 62.9556
12:21:00 114.0 6658.0 62.3 63.07 63.09 62.92 63.04 804.0 63.07 489.0 6658.0 5619.0 1039.0 0.0 63.0423
12:22:00 132.0 9504.0 62.3 62.95 63.12 62.94 62.95 100.0 62.97 160.0 9504.0 2833.0 6671.0 0.0 63.0472
12:23:00 36.0 1762.0 62.3 62.99 63.0 62.92 62.97 251.0 63.0 10.0 1762.0 947.0 815.0 0.0 62.9718
12:24:00 80.0 6401.0 62.3 62.96 63.01 62.93 62.95 341.0 62.97 450.0 6401.0 1327.0 5074.0 0.0 62.9561
12:25:00 76.0 3906.0 62.3 62.96 62.97 62.87 62.95 201.0 62.99 200.0 3906.0 1559.0 2347.0 0.0 62.9285
12:26:00 52.0 2900.0 62.3 62.9 63.01 62.88 62.91 165.0 62.94 415.0 2900.0 1164.0 1736.0 0.0 62.9412
12:27:00 56.0 2872.0 62.3 62.99 63.005 62.92 62.96 353.0 62.99 252.0 2872.0 955.0 1917.0 0.0 62.9718
12:28:00 93.0 5533.0 62.3 63.02 63.04 62.96 63.0 153.0 63.04 150.0 5533.0 2543.0 2990.0 0.0 63.0038
12:29:00 61.0 2820.0 62.3 63.03 63.06 62.98 63.03 103.0 63.05 50.0 2820.0 662.0 2158.0 0.0 63.0165
12:30:00 73.0 3639.0 62.3 63.03 63.1 63.01 63.0 606.0 63.05 360.0 3639.0 1565.0 2074.0 0.0 63.0526
12:31:00 49.0 1887.0 62.3 62.98 63.07 62.98 62.98 201.0 63.01 1079.0 1887.0 683.0 1204.0 0.0 63.0125
12:32:00 60.0 2943.0 62.3 63.0 63.01 62.97 62.98 302.0 63.01 311.0 2943.0 899.0 2044.0 0.0 62.9941
12:33:00 73.0 3714.0 62.3 63.01 63.01 62.96 63.0 401.0 63.02 525.0 3714.0 1407.0 2307.0 0.0 62.9806
12:34:00 41.0 2290.0 62.3 63.04 63.04 62.95 63.03 100.0 63.05 110.0 2290.0 1181.0 1109.0 0.0 62.9915
12:35:00 135.0 6675.0 62.3 63.06 63.12 63.05 63.05 501.0 63.08 157.0 6675.0 3453.0 3222.0 0.0 63.0859
12:36:00 173.0 17510.0 62.3 63.14 63.2 63.065 63.13 351.0 63.15 324.0 17510.0 12419.0 5091.0 0.0 63.1551
12:37:00 88.0 7569.0 62.3 63.2 63.23 63.15 63.19 3.0 63.21 150.0 7569.0 5955.0 1614.0 0.0 63.2091
12:38:00 66.0 2991.0 62.3 63.15 63.2 63.11 63.14 41.0 63.16 4.0 2991.0 927.0 2064.0 0.0 63.1531
12:39:00 70.0 2705.0 62.3 63.2 63.21 63.16 63.19 151.0 63.23 960.0 2705.0 1443.0 1262.0 0.0 63.1782
12:40:00 80.0 3198.0 62.3 63.15 63.19 63.12 63.14 101.0 63.17 250.0 3198.0 1264.0 1934.0 0.0 63.1427
12:41:00 111.0 5563.0 62.3 63.16 63.18 63.12 63.15 303.0 63.18 253.0 5563.0 2719.0 2844.0 0.0 63.1481
12:42:00 18.0 666.0 62.3 63.19 63.2 63.17 63.18 154.0 63.21 417.0 666.0 232.0 434.0 0.0 63.1774
12:43:00 132.0 6026.0 62.3 63.17 63.21 63.12 63.15 1.0 63.17 150.0 6026.0 2120.0 3906.0 0.0 63.183
12:44:00 70.0 7560.0 62.3 63.2 63.22 63.15 63.19 203.0 63.21 50.0 7560.0 5304.0 2256.0 0.0 63.1766
12:45:00 125.0 7269.0 62.3 63.22 63.25 63.19 63.2 649.0 63.22 50.0 7269.0 3602.0 3667.0 0.0 63.2266
12:46:00 158.0 9801.0 62.3 63.23 63.25 63.16 63.21 3.0 63.23 279.0 9801.0 4925.0 4876.0 0.0 63.2056
12:47:00 52.0 1944.0 62.3 63.25 63.26 63.18 63.23 351.0 63.26 264.0 1944.0 1151.0 793.0 0.0 63.2175
12:48:00 238.0 22183.0 62.3 63.35 63.42 63.26 63.34 1066.0 63.36 12.0 22183.0 10897.0 11286.0 0.0 63.3489
12:49:00 76.0 4805.0 62.3 63.38 63.38 63.28 63.38 25.0 63.4 300.0 4805.0 2326.0 2479.0 0.0 63.3299
12:50:00 60.0 3555.0 62.3 63.28 63.38 63.25 63.28 201.0 63.3 111.0 3555.0 978.0 2577.0 0.0 63.3137
12:51:00 64.0 3668.0 62.3 63.2 63.28 63.19 63.19 340.0 63.21 100.0 3668.0 645.0 3023.0 0.0 63.2282
12:52:00 67.0 3563.0 62.3 63.26 63.29 63.22 63.24 300.0 63.27 329.0 3563.0 1663.0 1900.0 0.0 63.2568
12:53:00 101.0 8822.0 62.3 63.26 63.31 63.23 63.27 70.0 63.29 100.0 8822.0 5715.0 3107.0 0.0 63.2714
12:54:00 95.0 4887.0 62.3 63.2 63.29 63.19 63.19 501.0 63.21 1220.0 4887.0 1068.0 3819.0 0.0 63.2368
12:55:00 55.0 3028.0 62.3 63.2 63.22 63.19 63.19 442.0 63.21 213.0 3028.0 1649.0 1379.0 0.0 63.21
12:56:00 116.0 5980.0 62.3 63.22 63.23 63.17 63.2 653.0 63.22 179.0 5980.0 2392.0 3588.0 0.0 63.2067
12:57:00 126.0 6742.0 62.3 63.12 63.23 63.11 63.1 151.0 63.13 286.0 6742.0 1346.0 5396.0 0.0 63.1721
12:58:00 101.0 7229.0 62.3 63.02 63.15 63.0 63.01 200.0 63.03 100.0 7229.0 2925.0 4304.0 0.0 63.0787
12:59:00 75.0 3028.0 62.3 63.07 63.1 63.03 63.07 100.0 63.09 379.0 3028.0 1789.0 1239.0 0.0 63.0755
13:00:00 109.0 4530.0 62.3 63.03 63.1 63.03 63.02 252.0 63.04 215.0 4530.0 1309.0 3221.0 0.0 63.059
13:01:00 121.0 8842.0 62.3 62.9 63.02 62.89 62.89 662.0 62.92 153.0 8842.0 4132.0 4710.0 0.0 62.9351
13:02:00 192.0 13916.0 62.3 62.67 62.89 62.65 62.66 100.0 62.69 200.0 13916.0 4685.0 9231.0 0.0 62.7428
13:03:00 239.0 19046.0 62.3 62.48 62.69 62.46 62.48 136.0 62.5 150.0 19046.0 4704.0 14342.0 0.0 62.5875
13:04:00 143.0 8774.0 62.3 62.47 62.56 62.45 62.45 100.0 62.49 179.0 8774.0 2571.0 6203.0 0.0 62.5197
13:05:00 75.0 5010.0 62.3 62.51 62.53 62.45 62.5 102.0 62.53 304.0 5010.0 1923.0 3087.0 0.0 62.4891
13:06:00 119.0 5219.0 62.3 62.46 62.515 62.41 62.44 400.0 62.47 126.0 5219.0 2282.0 2937.0 0.0 62.4617
13:07:00 74.0 2455.0 62.3 62.51 62.51 62.42 62.5 102.0 62.53 368.0 2455.0 1440.0 1015.0 0.0 62.4541
13:08:00 101.0 4684.0 62.3 62.53 62.58 62.51 62.53 1658.0 62.55 738.0 4684.0 1130.0 3554.0 0.0 62.5396
13:09:00 127.0 5830.0 62.3 62.54 62.64 62.53 62.53 201.0 62.55 244.0 5830.0 1799.0 4031.0 0.0 62.5812
13:10:00 84.0 3952.0 62.3 62.62 62.66 62.55 62.61 1.0 62.64 176.0 3952.0 1733.0 2219.0 0.0 62.6099
13:11:00 66.0 2655.0 62.3 62.54 62.615 62.47 62.52 221.0 62.54 2.0 2655.0 1120.0 1535.0 0.0 62.5337
13:12:00 60.0 1598.0 62.3 62.58 62.59 62.52 62.56 352.0 62.6 362.0 1598.0 881.0 717.0 0.0 62.5584
13:13:00 48.0 1754.0 62.3 62.59 62.61 62.545 62.57 301.0 62.59 10.0 1754.0 457.0 1297.0 0.0 62.5743
13:14:00 125.0 6329.0 62.3 62.66 62.66 62.58 62.65 250.0 62.67 261.0 6329.0 2870.0 3459.0 0.0 62.6197
13:15:00 106.0 4618.0 62.3 62.69 62.72 62.64 62.67 201.0 62.69 153.0 4618.0 1028.0 3590.0 0.0 62.6772
13:16:00 103.0 3863.0 62.3 62.63 62.71 62.63 62.61 2.0 62.64 225.0 3863.0 1520.0 2343.0 0.0 62.6699
13:17:00 108.0 4409.0 62.3 62.655 62.71 62.6 62.64 250.0 62.66 200.0 4409.0 1679.0 2730.0 0.0 62.6623
13:18:00 58.0 2482.0 62.3 62.74 62.76 62.67 62.72 150.0 62.75 9.0 2482.0 1983.0 499.0 0.0 62.7333
13:19:00 113.0 3608.0 62.3 62.65 62.75 62.63 62.63 401.0 62.66 314.0 3608.0 667.0 2941.0 0.0 62.6962
13:20:00 140.0 4591.0 62.3 62.71 62.75 62.62 62.71 200.0 62.72 79.0 4591.0 2501.0 2090.0 0.0 62.6687
13:21:00 122.0 7647.0 62.3 62.53 62.73 62.5 62.53 150.0 62.55 25.0 7647.0 1981.0 5666.0 0.0 62.6009
13:22:00 34.0 950.0 62.3 62.58 62.59 62.54 62.58 101.0 62.6 286.0 950.0 195.0 755.0 0.0 62.5773
13:23:00 127.0 5231.0 62.3 62.54 62.58 62.5 62.51 100.0 62.53 50.0 5231.0 1345.0 3886.0 0.0 62.5469
13:24:00 72.0 2511.0 62.3 62.47 62.52 62.45 62.47 303.0 62.51 150.0 2511.0 862.0 1649.0 0.0 62.4871
13:25:00 84.0 2740.0 62.3 62.68 62.69 62.51 62.68 251.0 62.71 204.0 2740.0 2072.0 668.0 0.0 62.5759
13:26:00 71.0 4612.0 62.3 62.81 62.81 62.67 62.78 541.0 62.81 626.0 4612.0 3475.0 1137.0 0.0 62.7136
13:27:00 110.0 5336.0 62.3 62.84 62.89 62.8 62.84 100.0 62.85 107.0 5336.0 2209.0 3127.0 0.0 62.8553
13:28:00 33.0 2586.0 62.3 62.91 62.92 62.84 62.91 251.0 62.93 285.0 2586.0 1030.0 1556.0 0.0 62.8978
13:29:00 137.0 7351.0 62.3 63.0 63.0 62.93 62.98 152.0 63.02 1484.0 7351.0 4234.0 3117.0 0.0 62.9658
13:30:00 118.0 7750.0 62.3 63.1 63.11 63.01 63.08 301.0 63.1 210.0 7750.0 5414.0 2336.0 0.0 63.0675
13:31:00 174.0 10635.0 62.3 63.13 63.19 63.05 63.13 200.0 63.15 300.0 10635.0 4201.0 6434.0 0.0 63.1129
13:32:00 80.0 4508.0 62.3 63.09 63.13 63.08 63.08 101.0 63.1 201.0 4508.0 2187.0 2321.0 0.0 63.0957
13:33:00 76.0 1620.0 62.3 63.04 63.08 63.01 63.03 302.0 63.07 372.0 1620.0 385.0 1235.0 0.0 63.0607
13:34:00 89.0 2957.0 62.3 63.03 63.08 63.0 63.03 62.0 63.05 100.0 2957.0 1280.0 1677.0 0.0 63.0284
13:35:00 43.0 965.0 62.3 63.04 63.06 63.01 63.04 304.0 63.06 72.0 965.0 453.0 512.0 0.0 63.0291
13:36:00 134.0 4877.0 62.3 63.1 63.15 63.04 63.1 45.0 63.12 213.0 4877.0 1489.0 3388.0 0.0 63.107
13:37:00 89.0 4803.0 62.3 63.2 63.22 63.07 63.19 400.0 63.2 400.0 4803.0 2926.0 1877.0 0.0 63.1673
13:38:00 101.0 4458.0 62.3 63.14 63.22 63.09 63.12 402.0 63.17 200.0 4458.0 1567.0 2891.0 0.0 63.1755
13:39:00 84.0 3244.0 62.3 63.15 63.18 63.07 63.14 102.0 63.17 450.0 3244.0 1176.0 2068.0 0.0 63.1254
13:40:00 52.0 2497.0 62.3 63.22 63.23 63.12 63.2 328.0 63.22 22.0 2497.0 1361.0 1136.0 0.0 63.1629
13:41:00 129.0 9676.0 62.3 63.28 63.28 63.16 63.26 202.0 63.29 410.0 9676.0 6689.0 2987.0 0.0 63.21
13:42:00 126.0 6868.0 62.3 63.22 63.33 63.21 63.21 45.0 63.22 18.0 6868.0 3375.0 3493.0 0.0 63.2852
13:43:00 125.0 8088.0 62.3 63.18 63.22 63.14 63.17 601.0 63.2 72.0 8088.0 4789.0 3299.0 0.0 63.1805
13:44:00 85.0 3563.0 62.3 63.17 63.2 63.12 63.15 702.0 63.18 160.0 3563.0 1250.0 2313.0 0.0 63.1559
13:45:00 104.0 6421.0 62.3 63.27 63.31 63.17 63.26 552.0 63.29 160.0 6421.0 3752.0 2669.0 0.0 63.2602
13:46:00 105.0 6288.0 62.3 63.37 63.37 63.26 63.35 153.0 63.38 221.0 6288.0 3769.0 2519.0 0.0 63.317
13:47:00 89.0 4371.0 62.3 63.35 63.41 63.35 63.35 63.0 63.38 152.0 4371.0 1534.0 2837.0 0.0 63.3731
13:48:00 142.0 9073.0 62.3 63.39 63.45 63.37 63.36 401.0 63.39 50.0 9073.0 5830.0 3243.0 0.0 63.4108
13:49:00 76.0 2906.0 62.3 63.39 63.41 63.36 63.38 300.0 63.4 180.0 2906.0 1065.0 1841.0 0.0 63.3786
13:50:00 80.0 3591.0 62.3 63.38 63.44 63.38 63.37 45.0 63.39 279.0 3591.0 821.0 2770.0 0.0 63.4022
13:51:00 40.0 2614.0 62.3 63.4 63.4 63.34 63.4 450.0 63.42 210.0 2614.0 2127.0 487.0 0.0 63.3721
13:52:00 145.0 10120.0 62.3 63.38 63.45 63.365 63.37 851.0 63.4 1079.0 10120.0 4186.0 5934.0 0.0 63.4118
13:53:00 100.0 6330.0 62.3 63.36 63.45 63.36 63.35 1.0 63.37 279.0 6330.0 3852.0 2478.0 0.0 63.4042
13:54:00 123.0 8257.0 62.3 63.46 63.46 63.34 63.45 202.0 63.47 300.0 8257.0 6921.0 1336.0 0.0 63.42
13:55:00 127.0 8029.0 62.3 63.3 63.46 63.3 63.3 301.0 63.33 708.0 8029.0 2573.0 5456.0 0.0 63.3649
13:56:00 111.0 7156.0 62.3 63.34 63.34 63.29 63.31 701.0 63.34 108.0 7156.0 4382.0 2774.0 0.0 63.3168
13:57:00 162.0 8114.0 62.3 63.22 63.33 63.22 63.22 504.0 63.26 440.0 8114.0 2986.0 5128.0 0.0 63.2765
13:58:00 111.0 6379.0 62.3 63.21 63.27 63.2 63.2 201.0 63.23 596.0 6379.0 2265.0 4114.0 0.0 63.2207
13:59:00 131.0 7356.0 62.3 63.135 63.239 63.135 63.11 700.0 63.17 625.0 7356.0 2590.0 4766.0 0.0 63.1845
14:00:00 164.0 11057.0 62.3 63.21 63.25 63.04 63.16 301.0 63.24 710.0 11057.0 5074.0 5983.0 0.0 63.1154
14:01:00 376.0 31964.0 62.3 63.16 63.48 63.05 63.16 50.0 63.23 275.0 31964.0 18712.0 13252.0 0.0 63.2934
14:02:00 168.0 11008.0 62.3 63.36 63.48 63.21 63.34 100.0 63.39 50.0 11008.0 6753.0 4255.0 0.0 63.3899
14:03:00 283.0 41080.0 62.3 63.58 63.64 63.34 63.57 251.0 63.63 255.0 41080.0 36909.0 4171.0 0.0 63.5343
14:04:00 155.0 10110.0 62.3 63.18 63.6 63.14 63.16 200.0 63.23 362.0 10110.0 5142.0 4968.0 0.0 63.2997
14:05:00 320.0 28600.0 62.3 62.97 63.2 62.92 62.91 200.0 62.97 50.0 28600.0 11373.0 17227.0 0.0 63.0875
14:06:00 111.0 5595.0 62.3 63.28 63.28 62.98 63.25 301.0 63.3 560.0 5595.0 4341.0 1254.0 0.0 63.1186
14:07:00 108.0 9240.0 62.3 63.27 63.31 63.14 63.25 501.0 63.28 244.0 9240.0 7093.0 2147.0 0.0 63.2437
14:08:00 170.0 8395.0 62.3 63.2 63.3 63.03 63.17 101.0 63.22 150.0 8395.0 3913.0 4482.0 0.0 63.1742
14:09:00 73.0 5617.0 62.3 63.25 63.29 63.2 63.24 186.0 63.29 150.0 5617.0 3774.0 1843.0 0.0 63.2521
14:10:00 88.0 4943.0 62.3 63.07 63.3 63.07 63.05 350.0 63.1 100.0 4943.0 1133.0 3810.0 0.0 63.1828
14:11:00 151.0 11725.0 62.3 63.08 63.33 63.07 63.07 200.0 63.08 50.0 11725.0 5396.0 6329.0 0.0 63.1678
14:12:00 142.0 10551.0 62.3 62.85 63.07 62.82 62.84 150.0 62.88 114.0 10551.0 3442.0 7109.0 0.0 62.9545
14:13:00 121.0 9860.0 62.3 63.0 63.01 62.86 63.0 556.0 63.05 100.0 9860.0 7584.0 2276.0 0.0 62.97
14:14:00 202.0 10695.0 62.3 62.87 63.0 62.77 62.85 30.0 62.88 250.0 10695.0 3419.0 7276.0 0.0 62.8918
14:15:00 213.0 12493.0 62.3 62.69 62.88 62.5 62.66 201.0 62.7 200.0 12493.0 4998.0 7495.0 0.0 62.6237
14:16:00 133.0 7271.0 62.3 62.85 62.9 62.65 62.8 200.0 62.87 296.0 7271.0 3362.0 3909.0 0.0 62.7492
14:17:00 144.0 8577.0 62.3 62.63 62.85 62.55 62.63 550.0 62.67 4.0 8577.0 3690.0 4887.0 0.0 62.6588
14:18:00 60.0 2514.0 62.3 62.58 62.7 62.51 62.53 170.0 62.59 185.0 2514.0 1243.0 1271.0 0.0 62.5864
14:19:00 88.0 5517.0 62.3 62.72 62.72 62.52 62.69 150.0 62.73 35.0 5517.0 3741.0 1776.0 0.0 62.6355
14:20:00 81.0 3505.0 62.3 62.71 62.74 62.59 62.71 50.0 62.77 356.0 3505.0 1318.0 2187.0 0.0 62.664
14:21:00 89.0 3856.0 62.3 62.74 62.83 62.55 62.73 106.0 62.78 595.0 3856.0 2711.0 1145.0 0.0 62.7057
14:22:00 122.0 5708.0 62.3 62.88 62.91 62.64 62.86 100.0 62.91 437.0 5708.0 3673.0 2035.0 0.0 62.7881
14:23:00 120.0 5803.0 62.3 62.88 62.91 62.7 62.85 329.0 62.91 31.0 5803.0 2538.0 3265.0 0.0 62.8258
14:24:00 52.0 1921.0 62.3 62.78 62.91 62.69 62.78 86.0 62.83 215.0 1921.0 1098.0 823.0 0.0 62.8096
14:25:00 67.0 2636.0 62.3 62.91 62.91 62.78 62.87 100.0 62.91 59.0 2636.0 1267.0 1369.0 0.0 62.8712
14:26:00 250.0 22926.0 62.3 63.19 63.21 62.91 63.17 36.0 63.22 150.0 22926.0 13567.0 9359.0 0.0 63.0741
14:27:00 69.0 3733.0 62.3 63.27 63.28 63.18 63.26 5.0 63.3 831.0 3733.0 2455.0 1278.0 0.0 63.2352
14:28:00 101.0 7405.0 62.3 63.34 63.42 63.25 63.31 250.0 63.36 110.0 7405.0 4898.0 2507.0 0.0 63.3532
14:29:00 93.0 4722.0 62.3 63.31 63.39 63.19 63.27 100.0 63.34 45.0 4722.0 1532.0 3190.0 0.0 63.2731
14:30:00 64.0 1909.0 62.3 63.29 63.37 63.26 63.28 58.0 63.32 150.0 1909.0 882.0 1027.0 0.0 63.2954
14:31:00 134.0 6436.0 62.3 63.25 63.37 63.13 63.2 201.0 63.26 150.0 6436.0 2754.0 3682.0 0.0 63.2285
14:32:00 74.0 3907.0 62.3 63.16 63.32 63.075 63.14 400.0 63.21 250.0 3907.0 2578.0 1329.0 0.0 63.1468
14:33:00 290.0 12905.0 62.3 63.3 63.37 63.13 63.24 51.0 63.33 50.0 12905.0 7939.0 4966.0 0.0 63.244
14:34:00 151.0 6459.0 62.3 63.06 63.31 63.04 63.07 50.0 63.12 6.0 6459.0 2765.0 3694.0 0.0 63.1379
14:35:00 251.0 16237.0 62.3 62.84 63.14 62.71 62.79 50.0 62.85 50.0 16237.0 6829.0 9408.0 0.0 62.8891
14:36:00 130.0 6269.0 62.3 62.74 62.9 62.65 62.68 200.0 62.75 200.0 6269.0 3539.0 2730.0 0.0 62.755
14:37:00 137.0 7768.0 62.3 62.69 62.77 62.55 62.66 225.0 62.75 100.0 7768.0 4493.0 3275.0 0.0 62.6487
14:38:00 149.0 7104.0 62.3 62.81 62.98 62.7 62.81 101.0 62.87 100.0 7104.0 4228.0 2876.0 0.0 62.8587
14:39:00 168.0 6818.0 62.3 63.22 63.25 62.84 63.2 100.0 63.25 100.0 6818.0 3635.0 3183.0 0.0 63.0825
14:40:00 162.0 8924.0 62.3 63.16 63.35 63.0 63.15 75.0 63.22 110.0 8924.0 3805.0 5119.0 0.0 63.2298
14:41:00 89.0 3738.0 62.3 63.0 63.3 63.0 62.95 27.0 63.03 25.0 3738.0 2400.0 1338.0 0.0 63.2115
14:42:00 193.0 9013.0 62.3 62.91 63.18 62.88 62.87 200.0 62.93 144.0 9013.0 3909.0 5104.0 0.0 63.0403
14:43:00 221.0 27718.0 62.3 62.83 62.96 62.8 62.8 20.0 62.86 100.0 27718.0 22927.0 4791.0 0.0 62.9272
14:44:00 171.0 10654.0 62.3 62.79 62.84 62.62 62.8 350.0 62.87 500.0 10654.0 5929.0 4725.0 0.0 62.7187
14:45:00 168.0 10288.0 62.3 62.5 62.85 62.49 62.46 339.0 62.53 50.0 10288.0 1717.0 8571.0 0.0 62.6322
14:46:00 257.0 21646.0 62.3 62.26 62.55 62.22 62.24 50.0 62.29 210.0 21646.0 6202.0 15444.0 0.0 62.3656
14:47:00 185.0 11746.0 62.3 62.22 62.35 62.08 62.2 50.0 62.29 300.0 11746.0 4636.0 7110.0 0.0 62.2084
14:48:00 173.0 11350.0 62.3 62.13 62.19 61.96 62.09 200.0 62.14 100.0 11350.0 3844.0 7506.0 0.0 62.0583
14:49:00 142.0 8671.0 62.3 61.9 62.09 61.88 61.86 301.0 61.93 200.0 8671.0 3797.0 4874.0 0.0 61.9544
14:50:00 157.0 5956.0 62.3 62.07 62.17 61.94 62.04 200.0 62.1 50.0 5956.0 3526.0 2430.0 0.0 62.0662
14:51:00 216.0 8648.0 62.3 62.07 62.4 62.04 62.08 100.0 62.17 811.0 8648.0 3539.0 5109.0 0.0 62.1786
14:52:00 168.0 6760.0 62.3 62.5 62.61 62.07 62.48 25.0 62.54 26.0 6760.0 3633.0 3127.0 0.0 62.4171
14:53:00 130.0 4609.0 62.3 62.45 62.58 62.26 62.31 50.0 62.38 25.0 4609.0 1599.0 3010.0 0.0 62.3934
14:54:00 88.0 2935.0 62.3 62.37 62.46 62.28 62.33 125.0 62.39 200.0 2935.0 1315.0 1620.0 0.0 62.3625
14:55:00 111.0 5131.0 62.3 62.29 62.46 62.27 62.26 250.0 62.32 210.0 5131.0 3534.0 1597.0 0.0 62.3654
14:56:00 124.0 6377.0 62.3 62.09 62.26 62.09 62.09 187.0 62.12 25.0 6377.0 3093.0 3284.0 0.0 62.1658
14:57:00 121.0 4664.0 62.3 62.32 62.32 62.07 62.29 75.0 62.34 12.0 4664.0 3802.0 862.0 0.0 62.1732
14:58:00 127.0 5469.0 62.3 62.34 62.38 62.26 62.31 150.0 62.38 125.0 5469.0 2596.0 2873.0 0.0 62.3198
14:59:00 81.0 3520.0 62.3 62.3 62.5 62.3 62.29 101.0 62.35 430.0 3520.0 1147.0 2373.0 0.0 62.372
15:00:00 249.0 18091.0 62.3 62.17 62.38 62.08 62.12 102.0 62.17 100.0 18091.0 10532.0 7559.0 0.0 62.1751
15:01:00 177.0 20495.0 62.3 61.88 62.16 61.8 61.81 51.0 61.9 50.0 20495.0 3446.0 17049.0 0.0 61.9835
15:02:00 240.0 15990.0 62.3 61.73 61.95 61.59 61.67 55.0 61.75 150.0 15990.0 4263.0 11727.0 0.0 61.727
15:03:00 80.0 2877.0 62.3 61.61 61.78 61.6 61.6 1.0 61.64 60.0 2877.0 909.0 1968.0 0.0 61.6692
15:04:00 223.0 37178.0 62.3 61.13 61.68 61.13 61.11 451.0 61.17 650.0 37178.0 5192.0 31986.0 0.0 61.484
15:05:00 362.0 28122.0 62.3 61.18 61.28 61.01 61.11 100.0 61.22 1250.0 28122.0 8067.0 20055.0 0.0 61.1503
15:06:00 122.0 6954.0 62.3 61.09 61.22 60.99 61.09 2.0 61.13 100.0 6954.0 3249.0 3705.0 0.0 61.0944
15:07:00 241.0 17767.0 62.3 61.08 61.19 60.98 61.07 850.0 61.08 200.0 17767.0 9001.0 8766.0 0.0 61.0505
15:08:00 260.0 18478.0 62.3 60.99 61.09 60.85 60.99 424.0 61.05 50.0 18478.0 7911.0 10567.0 0.0 60.9993
15:09:00 253.0 11820.0 62.3 60.89 61.0 60.7 60.89 293.0 60.94 261.0 11820.0 6543.0 5277.0 0.0 60.8437
15:10:00 156.0 6793.0 62.3 60.66 60.91 60.66 60.66 100.0 60.72 113.0 6793.0 1457.0 5336.0 0.0 60.8067
15:11:00 244.0 13076.0 62.3 60.86 60.88 60.64 60.83 200.0 60.88 200.0 13076.0 2514.0 10562.0 0.0 60.717
15:12:00 333.0 15054.0 62.3 61.04 61.14 60.8 61.02 260.0 61.09 150.0 15054.0 3244.0 11810.0 0.0 60.9112
15:13:00 227.0 14054.0 62.3 61.13 61.17 60.87 61.12 54.0 61.17 50.0 14054.0 9173.0 4881.0 0.0 61.055
15:14:00 72.0 2876.0 62.3 61.11 61.2 61.05 61.09 2.0 61.14 50.0 2876.0 1753.0 1123.0 0.0 61.1363
15:15:00 139.0 5166.0 62.3 60.94 61.16 60.9 60.89 152.0 60.96 197.0 5166.0 2865.0 2301.0 0.0 61.0362
15:16:00 208.0 14674.0 62.3 60.86 61.09 60.8 60.8 110.0 60.87 132.0 14674.0 8654.0 6020.0 0.0 60.9333
15:17:00 274.0 12229.0 62.3 60.9 60.96 60.64 60.86 100.0 60.92 100.0 12229.0 5475.0 6754.0 0.0 60.7568
15:18:00 140.0 5116.0 62.3 60.78 60.95 60.67 60.77 213.0 60.85 317.0 5116.0 3465.0 1651.0 0.0 60.8381
15:19:00 148.0 7474.0 62.3 60.77 60.83 60.63 60.74 200.0 60.8 12.0 7474.0 3515.0 3959.0 0.0 60.7522
15:20:00 204.0 15469.0 62.3 60.54 60.82 60.54 60.53 200.0 60.59 20.0 15469.0 8626.0 6843.0 0.0 60.6751
15:21:00 340.0 25718.0 62.3 60.29 60.6 60.29 60.29 150.0 60.33 1460.0 25718.0 11749.0 13969.0 0.0 60.4403
15:22:00 343.0 20958.0 62.3 60.31 60.44 60.29 60.29 100.0 60.31 100.0 20958.0 14694.0 6264.0 0.0 60.3493
15:23:00 366.0 27365.0 62.3 60.09 60.31 60.05 60.06 100.0 60.09 900.0 27365.0 14166.0 13199.0 0.0 60.1558
15:24:00 317.0 24827.0 62.3 60.02 60.07 59.9 60.01 100.0 60.04 182.0 24827.0 11729.0 13098.0 0.0 60.004
15:25:00 510.0 31104.0 62.3 60.05 60.19 59.93 60.03 1.0 60.06 292.0 31104.0 16473.0 14631.0 0.0 60.078
15:26:00 432.0 28997.0 62.3 59.95 60.15 59.93 59.95 402.0 59.98 715.0 28997.0 16558.0 12439.0 0.0 60.0285
15:27:00 278.0 20646.0 62.3 60.05 60.05 59.88 60.03 1.0 60.06 200.0 20646.0 10914.0 9732.0 0.0 59.947
15:28:00 325.0 19008.0 62.3 60.46 60.52 60.06 60.45 245.0 60.49 360.0 19008.0 12384.0 6624.0 0.0 60.3247
15:29:00 655.0 53945.0 62.3 60.92 60.93 60.38 60.91 1000.0 60.92 100.0 53945.0 33576.0 20369.0 0.0 60.6724
15:30:00 650.0 37499.0 62.3 60.66 60.95 60.56 60.63 387.0 60.67 750.0 37499.0 18058.0 19441.0 0.0 60.7591
15:31:00 298.0 19036.0 62.3 60.93 60.98 60.57 60.91 823.0 60.95 149.0 19036.0 10821.0 8215.0 0.0 60.7178
15:32:00 274.0 16512.0 62.3 61.01 61.06 60.82 61.02 414.0 61.07 441.0 16512.0 11230.0 5282.0 0.0 60.9643
15:33:00 159.0 9704.0 62.3 60.9 61.07 60.89 60.87 366.0 60.92 350.0 9704.0 4555.0 5149.0 0.0 60.9802
15:34:00 280.0 16145.0 62.3 60.65 60.93 60.63 60.6 801.0 60.65 150.0 16145.0 9764.0 6381.0 0.0 60.7817
15:35:00 236.0 13104.0 62.3 60.64 60.78 60.55 60.61 100.0 60.64 200.0 13104.0 7455.0 5649.0 0.0 60.6495
15:36:00 243.0 14423.0 62.3 60.54 60.61 60.44 60.53 1.0 60.57 340.0 14423.0 6463.0 7960.0 0.0 60.5189
15:37:00 317.0 25188.0 62.3 60.72 60.89 60.5 60.66 22.0 60.71 425.0 25188.0 17215.0 7973.0 0.0 60.6949
15:38:00 199.0 17015.0 62.3 60.72 60.88 60.64 60.7 100.0 60.72 48.0 17015.0 11103.0 5912.0 0.0 60.7668
15:39:00 221.0 13465.0 62.3 60.86 60.965 60.65 60.83 269.0 60.87 170.0 13465.0 7272.0 6193.0 0.0 60.8384
15:40:00 186.0 11664.0 62.3 60.81 60.97 60.77 60.8 100.0 60.84 104.0 11664.0 5208.0 6456.0 0.0 60.8913
15:41:00 207.0 10302.0 62.3 60.835 60.85 60.62 60.83 451.0 60.87 300.0 10302.0 5632.0 4670.0 0.0 60.7179
15:42:00 208.0 12364.0 62.3 60.94 61.03 60.84 60.93 506.0 60.98 450.0 12364.0 7319.0 5045.0 0.0 60.9323
15:43:00 186.0 11489.0 62.3 60.87 61.07 60.79 60.86 301.0 60.89 50.0 11489.0 5980.0 5509.0 0.0 60.9245
15:44:00 204.0 12126.0 62.3 60.87 60.94 60.73 60.83 202.0 60.89 450.0 12126.0 6837.0 5289.0 0.0 60.8307
15:45:00 151.0 9015.0 62.3 60.89 60.94 60.74 60.86 102.0 60.89 418.0 9015.0 4836.0 4179.0 0.0 60.8352
15:46:00 261.0 17668.0 62.3 60.82 60.86 60.71 60.82 100.0 60.85 200.0 17668.0 10897.0 6771.0 0.0 60.7855
15:47:00 294.0 18851.0 62.3 61.02 61.05 60.82 61.02 50.0 61.05 630.0 18851.0 9946.0 8905.0 0.0 60.968
15:48:00 471.0 35578.0 62.3 60.76 61.05 60.68 60.75 200.0 60.76 260.0 35578.0 14918.0 20660.0 0.0 60.8691
15:49:00 481.0 31109.0 62.3 60.64 60.94 60.5 60.62 851.0 60.65 250.0 31109.0 15387.0 15722.0 0.0 60.6687
15:50:00 393.0 28493.0 62.3 60.7 60.74 60.5 60.67 170.0 60.71 50.0 28493.0 17147.0 11346.0 0.0 60.6283
15:51:00 412.0 25433.0 62.3 60.67 60.78 60.58 60.63 3101.0 60.67 300.0 25433.0 14781.0 10652.0 0.0 60.706
15:52:00 252.0 15751.0 62.3 60.74 60.78 60.65 60.71 100.0 60.74 415.0 15751.0 10780.0 4971.0 0.0 60.7259
15:53:00 277.0 17718.0 62.3 60.62 60.79 60.6 60.6 650.0 60.62 392.0 17718.0 6706.0 11012.0 0.0 60.6902
15:54:00 313.0 20421.0 62.3 60.62 60.63 60.53 60.59 1394.0 60.63 224.0 20421.0 12271.0 8150.0 0.0 60.5867
15:55:00 361.0 30572.0 62.3 60.87 60.97 60.63 60.86 200.0 60.92 1004.0 30572.0 22600.0 7972.0 0.0 60.8277
15:56:00 295.0 15607.0 62.3 60.72 60.98 60.72 60.71 5.0 60.74 215.0 15607.0 8027.0 7580.0 0.0 60.8868
15:57:00 741.0 51069.0 62.3 60.79 60.87 60.74 60.76 624.0 60.8 785.0 51069.0 27338.0 23731.0 0.0 60.7836
15:58:00 507.0 33750.0 62.3 60.86 60.9 60.76 60.85 1.0 60.88 334.0 33750.0 21775.0 11975.0 0.0 60.8126
15:59:00 568.0 46061.0 62.3 60.76 60.89 60.73 60.76 470.0 60.78 282.0 46061.0 33272.0 12789.0 0.0 60.8043
16:00:00 689.0 78133.0 62.3 60.72 60.8 60.72 60.72 20261.0 60.73 4940.0 78133.0 59558.0 18575.0 0.0 60.7564
16:01:00 2.0 0.0 62.3 60.75 60.75 60.75 60.77 100.0 60.76 8745.0 nan 0.0 0.0 0.0 nan
16:02:00 1.0 100.0 62.3 60.82 60.82 60.82 60.72 20261.0 60.76 8745.0 100.0 0.0 100.0 0.0 60.82
16:03:00 0.0 0.0 62.3 60.82 nan nan 60.72 20261.0 60.76 8745.0 nan 0.0 0.0 0.0 nan
16:04:00 0.0 0.0 62.3 60.82 nan nan 60.72 20261.0 60.76 8745.0 nan 0.0 0.0 0.0 nan
16:05:00 2.0 101.0 62.3 61.03 61.03 60.89 60.72 20261.0 60.76 8745.0 101.0 1.0 100.0 0.0 60.8914
16:06:00 1.0 10.0 62.3 60.9 60.9 60.9 60.72 20261.0 60.76 8745.0 10.0 0.0 10.0 0.0 60.9
16:07:00 0.0 0.0 62.3 60.9 nan nan 60.72 20261.0 60.76 8745.0 nan 0.0 0.0 0.0 nan
16:08:00 0.0 0.0 62.3 60.9 nan nan 60.72 20261.0 60.76 8745.0 nan 0.0 0.0 0.0 nan
16:09:00 1.0 1.0 62.3 60.85 60.85 60.85 60.72 20261.0 60.76 8745.0 1.0 0.0 1.0 0.0 60.85
16:10:00 0.0 0.0 62.3 60.85 nan nan 60.72 20261.0 60.76 8745.0 nan 0.0 0.0 0.0 nan
16:11:00 0.0 0.0 62.3 60.85 nan nan 60.75 10.0 60.76 8745.0 nan 0.0 0.0 0.0 nan
16:12:00 1.0 0.0 62.3 61.09 61.09 61.09 60.75 10.0 60.76 8745.0 nan 0.0 0.0 0.0 nan
16:13:00 1.0 0.0 62.3 61.09 61.09 61.09 60.75 10.0 60.76 8745.0 nan 0.0 0.0 0.0 nan
16:14:00 0.0 0.0 62.3 61.09 nan nan 60.75 10.0 60.76 8745.0 nan 0.0 0.0 0.0 nan
16:15:00 1.0 0.0 62.3 61.09 61.09 61.09 60.75 10.0 60.76 8745.0 nan 0.0 0.0 0.0 nan
16:16:00 0.0 0.0 62.3 61.09 nan nan 60.75 10.0 60.76 8745.0 nan 0.0 0.0 0.0 nan
16:17:00 0.0 0.0 62.3 61.09 nan nan 60.75 10.0 60.76 8745.0 nan 0.0 0.0 0.0 nan
16:18:00 1.0 2.0 62.3 61.08 61.08 61.08 60.75 10.0 60.76 8745.0 2.0 2.0 0.0 0.0 61.08
16:19:00 3.0 100.0 62.3 61.08 61.08 60.45 60.75 1.0 60.76 8745.0 100.0 90.0 10.0 0.0 60.48
16:20:00 0.0 0.0 62.3 61.08 nan nan 60.75 1.0 60.76 8745.0 nan 0.0 0.0 0.0 nan
16:21:00 0.0 0.0 62.3 61.08 nan nan 60.75 1.0 60.76 8745.0 nan 0.0 0.0 0.0 nan
16:22:00 2.0 100.0 62.3 60.5 60.75 60.5 60.72 20261.0 60.76 8745.0 100.0 99.0 1.0 0.0 60.5025
16:23:00 0.0 0.0 62.3 60.5 nan nan 60.72 20261.0 60.76 8745.0 nan 0.0 0.0 0.0 nan
16:24:00 0.0 0.0 62.3 60.5 nan nan 60.72 20261.0 60.76 8745.0 nan 0.0 0.0 0.0 nan
16:25:00 1.0 0.0 62.3 61.09 61.09 61.09 60.72 20261.0 60.76 8745.0 nan 0.0 0.0 0.0 nan
16:26:00 0.0 0.0 62.3 61.09 nan nan 60.72 20261.0 60.76 8745.0 nan 0.0 0.0 0.0 nan
16:27:00 0.0 0.0 62.3 61.09 nan nan 60.72 20261.0 60.76 8745.0 nan 0.0 0.0 0.0 nan
16:28:00 2.0 15.0 62.3 61.03 61.03 60.99 60.72 20261.0 60.76 8745.0 15.0 15.0 0.0 0.0 61.0167
16:29:00 0.0 0.0 62.3 61.03 nan nan 60.72 20261.0 60.76 8745.0 nan 0.0 0.0 0.0 nan
16:30:00 0.0 0.0 62.3 61.03 nan nan 60.72 20261.0 60.76 8745.0 nan 0.0 0.0 0.0 nan
16:31:00 0.0 0.0 62.3 61.03 nan nan 60.72 20261.0 60.76 8745.0 nan 0.0 0.0 0.0 nan
16:32:00 0.0 0.0 62.3 61.03 nan nan 60.72 20261.0 60.76 8745.0 nan 0.0 0.0 0.0 nan
16:33:00 0.0 0.0 62.3 61.03 nan nan 60.72 20261.0 60.76 8745.0 nan 0.0 0.0 0.0 nan
16:34:00 0.0 0.0 62.3 61.03 nan nan 60.72 20261.0 60.76 8745.0 nan 0.0 0.0 0.0 nan
16:35:00 0.0 0.0 62.3 61.03 nan nan 60.72 20261.0 60.76 8745.0 nan 0.0 0.0 0.0 nan
16:36:00 0.0 0.0 62.3 61.03 nan nan 60.72 20261.0 60.76 8745.0 nan 0.0 0.0 0.0 nan
16:37:00 1.0 50.0 62.3 60.68 60.68 60.68 60.72 20261.0 60.76 8745.0 50.0 0.0 50.0 0.0 60.68
16:38:00 0.0 0.0 62.3 60.68 nan nan 60.72 20261.0 60.76 8745.0 nan 0.0 0.0 0.0 nan
16:39:00 0.0 0.0 62.3 60.68 nan nan 60.72 20261.0 60.76 8745.0 nan 0.0 0.0 0.0 nan
16:40:00 0.0 0.0 62.3 60.68 nan nan 60.72 20261.0 60.76 8745.0 nan 0.0 0.0 0.0 nan
16:41:00 0.0 0.0 62.3 60.68 nan nan 60.72 20261.0 60.75 8.0 nan 0.0 0.0 0.0 nan
16:42:00 0.0 0.0 62.3 60.68 nan nan 60.72 20261.0 60.75 8.0 nan 0.0 0.0 0.0 nan
16:43:00 0.0 0.0 62.3 60.68 nan nan 60.72 20261.0 60.75 8.0 nan 0.0 0.0 0.0 nan
16:44:00 0.0 0.0 62.3 60.68 nan nan 60.72 20261.0 60.75 8.0 nan 0.0 0.0 0.0 nan
16:45:00 0.0 0.0 62.3 60.68 nan nan 60.72 20261.0 60.75 8.0 nan 0.0 0.0 0.0 nan
16:46:00 0.0 0.0 62.3 60.68 nan nan 60.72 20261.0 60.75 8.0 nan 0.0 0.0 0.0 nan
16:47:00 0.0 0.0 62.3 60.68 nan nan 60.72 20261.0 60.75 8.0 nan 0.0 0.0 0.0 nan
16:48:00 0.0 0.0 62.3 60.68 nan nan 60.72 20261.0 60.75 108.0 nan 0.0 0.0 0.0 nan
16:49:00 0.0 0.0 62.3 60.68 nan nan 60.72 20261.0 60.75 108.0 nan 0.0 0.0 0.0 nan
16:50:00 0.0 0.0 62.3 60.68 nan nan 60.72 20261.0 60.75 108.0 nan 0.0 0.0 0.0 nan
16:51:00 0.0 0.0 62.3 60.68 nan nan 60.72 20261.0 60.75 108.0 nan 0.0 0.0 0.0 nan
16:52:00 0.0 0.0 62.3 60.68 nan nan 60.72 20261.0 60.75 108.0 nan 0.0 0.0 0.0 nan
16:53:00 0.0 0.0 62.3 60.68 nan nan 60.72 20261.0 60.75 108.0 nan 0.0 0.0 0.0 nan
16:54:00 0.0 0.0 62.3 60.68 nan nan 60.72 20261.0 60.75 108.0 nan 0.0 0.0 0.0 nan
16:55:00 0.0 0.0 62.3 60.68 nan nan 60.72 20261.0 60.75 108.0 nan 0.0 0.0 0.0 nan
16:56:00 0.0 0.0 62.3 60.68 nan nan 60.72 20261.0 60.75 108.0 nan 0.0 0.0 0.0 nan
16:57:00 0.0 0.0 62.3 60.68 nan nan 60.72 20261.0 60.75 108.0 nan 0.0 0.0 0.0 nan
16:58:00 3.0 500.0 62.3 60.75 60.75 60.75 60.72 20261.0 60.76 8745.0 500.0 108.0 392.0 0.0 60.75
16:59:00 0.0 0.0 62.3 60.75 nan nan 60.72 20261.0 60.76 8745.0 nan 0.0 0.0 0.0 nan
17:00:00 1.0 990.0 62.3 60.9 60.9 60.9 60.72 20261.0 60.76 8745.0 990.0 0.0 990.0 0.0 60.9
