time trade_count trade_volume trade_first trade_last trade_high trade_low bid_price bid_size ask_price ask_size hid_vol buy_vol sell_vol unsided_vol vwap
09:00:00 nan 0.0 nan nan nan nan 81.51 100.0 81.58 15.0 nan 0.0 0.0 0.0 nan
09:01:00 1.0 2.0 nan 81.51 81.51 81.51 81.31 5.0 81.58 15.0 2.0 0.0 2.0 0.0 81.51
09:02:00 2.0 15.0 nan 81.58 81.58 81.58 81.31 4.0 81.6 96.0 15.0 15.0 0.0 0.0 81.58
09:03:00 0.0 0.0 nan 81.58 nan nan 81.3 304.0 81.6 96.0 nan 0.0 0.0 0.0 nan
09:04:00 0.0 0.0 nan 81.58 nan nan 81.3 304.0 81.6 96.0 nan 0.0 0.0 0.0 nan
09:05:00 0.0 0.0 nan 81.58 nan nan 81.3 304.0 81.6 96.0 nan 0.0 0.0 0.0 nan
09:06:00 7.0 169.0 nan 81.73 81.73 81.6 81.3 304.0 81.74 15.0 169.0 169.0 0.0 0.0 81.6346
09:07:00 6.0 15.0 nan 81.4 81.74 81.4 81.42 20.0 81.75 258.0 15.0 15.0 0.0 0.0 81.74
09:08:00 9.0 22.0 nan 81.32 81.72 81.3 81.3 303.0 81.75 258.0 22.0 0.0 22.0 0.0 81.4095
09:09:00 14.0 145.0 nan 81.45 81.59 81.3 81.34 100.0 81.75 258.0 145.0 0.0 145.0 0.0 81.3021
09:10:00 6.0 202.0 nan 81.7 81.75 81.34 81.3 169.0 81.7 87.0 202.0 102.0 100.0 0.0 81.5262
09:11:00 5.0 186.0 nan 81.75 81.75 81.45 81.31 10.0 81.75 366.0 186.0 86.0 100.0 0.0 81.5887
09:12:00 7.0 336.0 nan 81.75 81.75 81.52 81.3 169.0 81.75 310.0 336.0 336.0 0.0 0.0 81.6295
09:13:00 5.0 14.0 nan 81.31 81.41 81.3 81.3 171.0 81.5 479.0 14.0 0.0 14.0 0.0 81.3029
09:14:00 25.0 1172.0 nan 81.27 81.45 81.25 81.25 4.0 81.7 3.0 1172.0 601.0 571.0 0.0 81.2637
09:15:00 2.0 400.0 nan 81.4 81.4 81.27 81.4 63.0 81.7 9.0 400.0 100.0 300.0 0.0 81.3675
09:16:00 0.0 0.0 nan 81.4 nan nan 81.4 30.0 81.7 9.0 nan 0.0 0.0 0.0 nan
09:17:00 0.0 0.0 nan 81.4 nan nan 81.4 30.0 81.7 9.0 nan 0.0 0.0 0.0 nan
09:18:00 2.0 304.0 nan 81.41 81.41 81.4 81.41 668.0 81.58 111.0 304.0 0.0 304.0 0.0 81.4099
09:19:00 30.0 1985.0 nan 81.23 81.41 81.22 81.22 27.0 81.47 28.0 1985.0 451.0 1534.0 0.0 81.3772
09:20:00 0.0 0.0 nan 81.23 nan nan 81.4 250.0 81.69 122.0 nan 0.0 0.0 0.0 nan
09:21:00 1.0 1.0 nan 81.55 81.55 81.55 81.4 250.0 81.69 122.0 1.0 0.0 1.0 0.0 81.55
09:22:00 1.0 100.0 nan 81.4 81.4 81.4 81.4 10.0 81.69 122.0 100.0 0.0 100.0 0.0 81.4
09:23:00 2.0 10.0 nan 81.39 81.4 81.39 81.22 51.0 81.65 119.0 10.0 0.0 10.0 0.0 81.4
09:24:00 0.0 0.0 nan 81.39 nan nan 81.21 7.0 81.45 30.0 nan 0.0 0.0 0.0 nan
09:25:00 31.0 294.0 nan 81.75 81.75 81.35 81.21 7.0 81.65 55.0 294.0 294.0 0.0 0.0 81.6605
09:26:00 24.0 812.0 nan 81.7 81.75 81.63 81.21 7.0 81.7 12.0 812.0 812.0 0.0 0.0 81.736
09:27:00 0.0 0.0 nan 81.7 nan nan 81.21 7.0 81.7 12.0 nan 0.0 0.0 0.0 nan
09:28:00 0.0 0.0 nan 81.7 nan nan 81.21 7.0 81.7 12.0 nan 0.0 0.0 0.0 nan
09:29:00 8.0 36.0 nan 81.7 81.75 81.21 81.2 14.0 81.7 7.0 36.0 30.0 6.0 0.0 81.5603
09:30:00 49.0 1016.0 nan 80.8 81.7 80.57 80.58 18.0 81.08 300.0 1016.0 140.0 876.0 0.0 80.8063
09:31:00 164.0 4990.0 nan 80.49 80.94 80.25 80.44 14.0 80.59 525.0 4990.0 3472.0 1518.0 0.0 80.336
09:32:00 26.0 1133.0 nan 80.38 80.51 80.38 80.42 82.0 80.59 200.0 1133.0 136.0 997.0 0.0 80.4445
09:33:00 12.0 358.0 nan 80.56 80.56 80.4 80.48 132.0 80.58 225.0 358.0 283.0 75.0 0.0 80.4903
09:34:00 490.0 18527.0 nan 81.23 81.43 80.47 81.17 3.0 81.3 600.0 18527.0 9230.0 9297.0 0.0 81.0025
09:35:00 184.0 9951.0 nan 81.36 81.42 80.71 81.35 285.0 81.45 4.0 9951.0 6306.0 3645.0 0.0 81.0368
09:36:00 205.0 5866.0 nan 80.86 81.56 80.725 80.83 3.0 80.93 325.0 5866.0 1717.0 4149.0 0.0 81.1038
09:37:00 129.0 5394.0 nan 81.1 81.1 80.59 81.04 25.0 81.17 900.0 5394.0 3154.0 2240.0 0.0 80.7989
09:38:00 190.0 15410.0 nan 81.36 81.59 81.11 81.33 225.0 81.42 100.0 15410.0 10474.0 4936.0 0.0 81.2581
09:39:00 161.0 5433.0 nan 81.66 81.82 81.44 81.59 94.0 81.65 200.0 5433.0 3663.0 1770.0 0.0 81.6294
09:40:00 189.0 7648.0 nan 81.69 81.85 81.1 81.54 12.0 81.66 25.0 7648.0 2179.0 5469.0 0.0 81.4244
09:41:00 122.0 4353.0 nan 81.53 81.72 81.22 81.45 225.0 81.6 200.0 4353.0 1850.0 2503.0 0.0 81.4758
09:42:00 164.0 8797.0 nan 81.63 81.86 81.515 81.56 60.0 81.7 200.0 8797.0 5631.0 3166.0 0.0 81.691
09:43:00 86.0 2741.0 nan 81.72 81.85 81.46 81.66 25.0 81.74 200.0 2741.0 1078.0 1663.0 0.0 81.5539
09:44:00 245.0 9361.0 nan 81.0 81.75 81.0 80.88 403.0 80.97 200.0 9361.0 2502.0 6859.0 0.0 81.4359
09:45:00 172.0 9257.0 nan 81.02 81.3 80.74 80.98 25.0 81.18 25.0 9257.0 5614.0 3643.0 0.0 81.0549
09:46:00 254.0 8268.0 nan 80.94 81.25 80.67 80.9 474.0 80.96 200.0 8268.0 4079.0 4189.0 0.0 80.9607
09:47:00 198.0 6420.0 nan 80.76 81.03 80.65 80.69 125.0 80.77 112.0 6420.0 2717.0 3703.0 0.0 80.8161
09:48:00 135.0 5935.0 nan 81.21 81.31 80.77 81.19 25.0 81.3 25.0 5935.0 4316.0 1619.0 0.0 81.1362
09:49:00 225.0 7125.0 nan 81.1 81.33 81.08 81.1 17.0 81.14 53.0 7125.0 2504.0 4621.0 0.0 81.2112
09:50:00 179.0 8643.0 nan 81.13 81.46 81.04 81.1 25.0 81.22 25.0 8643.0 6704.0 1939.0 0.0 81.2164
09:51:00 209.0 9070.0 nan 80.85 81.39 80.84 80.85 25.0 80.94 138.0 9070.0 3402.0 5668.0 0.0 81.0311
09:52:00 87.0 3897.0 nan 81.33 81.33 80.84 81.29 200.0 81.38 25.0 3897.0 3690.0 207.0 0.0 81.0743
09:53:00 106.0 4492.0 nan 80.82 81.32 80.76 80.78 289.0 80.85 50.0 4492.0 954.0 3538.0 0.0 81.0034
09:54:00 110.0 5635.0 nan 80.62 80.96 80.62 80.6 602.0 80.66 396.0 5635.0 1980.0 3655.0 0.0 80.8041
09:55:00 159.0 8262.0 nan 80.6 80.7 80.51 80.59 111.0 80.65 225.0 8262.0 2449.0 5813.0 0.0 80.5816
09:56:00 141.0 7902.0 nan 81.06 81.06 80.44 81.04 216.0 81.1 25.0 7902.0 3961.0 3941.0 0.0 80.7276
09:57:00 142.0 6342.0 nan 81.07 81.34 81.07 81.03 200.0 81.1 275.0 6342.0 2851.0 3491.0 0.0 81.2306
09:58:00 94.0 4039.0 nan 81.17 81.4 81.115 81.17 226.0 81.27 27.0 4039.0 1777.0 2262.0 0.0 81.2749
09:59:00 200.0 9481.0 nan 80.92 81.3 80.9 80.92 309.0 81.0 107.0 9481.0 2227.0 7254.0 0.0 81.0461
10:00:00 81.0 2979.0 nan 81.02 81.06 80.8 80.97 25.0 81.06 3.0 2979.0 1220.0 1759.0 0.0 80.9171
10:01:00 121.0 3853.0 nan 80.9 81.1 80.9 80.86 108.0 80.97 200.0 3853.0 807.0 3046.0 0.0 81.0113
10:02:00 218.0 10605.0 nan 80.97 80.97 80.71 80.88 138.0 81.01 10.0 10605.0 4404.0 6201.0 0.0 80.8387
10:03:00 165.0 8158.0 nan 80.91 81.01 80.79 80.89 220.0 80.96 176.0 8158.0 2920.0 5238.0 0.0 80.888
10:04:00 106.0 4924.0 nan 80.835 81.0 80.81 80.79 118.0 80.88 302.0 4924.0 1624.0 3300.0 0.0 80.8588
10:05:00 111.0 4248.0 nan 80.81 80.95 80.76 80.81 193.0 80.85 212.0 4248.0 1870.0 2378.0 0.0 80.8399
10:06:00 79.0 3878.0 nan 80.865 81.0 80.78 80.83 322.0 80.9 174.0 3878.0 2255.0 1623.0 0.0 80.9084
10:07:00 210.0 9266.0 nan 80.91 81.08 80.865 80.91 201.0 80.96 64.0 9266.0 3117.0 6149.0 0.0 80.9851
10:08:00 133.0 4577.0 nan 80.92 80.98 80.82 80.89 823.0 80.96 74.0 4577.0 1210.0 3367.0 0.0 80.9107
10:09:00 213.0 8718.0 nan 80.67 81.01 80.63 80.65 80.0 80.7 300.0 8718.0 2308.0 6410.0 0.0 80.8184
10:10:00 189.0 10503.0 nan 81.08 81.09 80.6 81.02 309.0 81.08 232.0 10503.0 4886.0 5617.0 0.0 80.8832
10:11:00 250.0 17125.0 nan 81.62 81.62 81.05 81.57 409.0 81.63 190.0 17125.0 11332.0 5793.0 0.0 81.3727
10:12:00 186.0 8157.0 nan 81.51 81.63 81.35 81.48 200.0 81.53 52.0 8157.0 4111.0 4046.0 0.0 81.5094
10:13:00 205.0 7766.0 nan 81.21 81.69 81.14 81.15 129.0 81.23 199.0 7766.0 2763.0 5003.0 0.0 81.4916
10:14:00 134.0 8594.0 nan 81.35 81.38 81.17 81.35 312.0 81.41 206.0 8594.0 2791.0 5803.0 0.0 81.292
10:15:00 98.0 4570.0 nan 81.4 81.43 81.29 81.41 223.0 81.48 8.0 4570.0 1493.0 3077.0 0.0 81.3471
10:16:00 61.0 2610.0 nan 81.6 81.68 81.44 81.52 409.0 81.6 500.0 2610.0 1401.0 1209.0 0.0 81.5812
10:17:00 144.0 7059.0 nan 81.35 81.57 81.24 81.3 1132.0 81.36 335.0 7059.0 1427.0 5632.0 0.0 81.4278
10:18:00 125.0 7729.0 nan 81.3 81.46 81.29 81.29 301.0 81.36 200.0 7729.0 2869.0 4860.0 0.0 81.3677
10:19:00 89.0 4918.0 nan 81.49 81.49 81.27 81.4 400.0 81.47 2.0 4918.0 1293.0 3625.0 0.0 81.332
10:20:00 182.0 11481.0 nan 81.61 81.75 81.45 81.59 123.0 81.64 247.0 11481.0 7052.0 4429.0 0.0 81.6337
10:21:00 190.0 8941.0 nan 81.28 81.59 81.22 81.22 274.0 81.29 212.0 8941.0 1527.0 7414.0 0.0 81.3166
10:22:00 121.0 5548.0 nan 81.04 81.26 81.01 81.01 312.0 81.06 301.0 5548.0 1161.0 4387.0 0.0 81.1289
10:23:00 100.0 4781.0 nan 81.07 81.185 80.91 81.05 404.0 81.09 200.0 4781.0 2090.0 2691.0 0.0 81.0647
10:24:00 201.0 12177.0 nan 81.24 81.27 80.98 81.23 592.0 81.29 202.0 12177.0 6283.0 5894.0 0.0 81.1535
10:25:00 164.0 8040.0 nan 81.12 81.31 81.12 81.1 101.0 81.14 200.0 8040.0 2872.0 5168.0 0.0 81.1993
10:26:00 89.0 6073.0 nan 81.38 81.38 81.13 81.35 1353.0 81.4 200.0 6073.0 3067.0 3006.0 0.0 81.2667
10:27:00 96.0 4823.0 nan 81.26 81.38 81.13 81.22 173.0 81.26 33.0 4823.0 1795.0 3028.0 0.0 81.2993
10:28:00 168.0 6138.0 nan 81.22 81.31 80.91 81.18 100.0 81.24 6.0 6138.0 2029.0 4109.0 0.0 81.09
10:29:00 68.0 2268.0 nan 81.2 81.25 81.18 81.14 311.0 81.2 1442.0 2268.0 707.0 1561.0 0.0 81.2202
10:30:00 41.0 1488.0 nan 81.21 81.21 81.115 81.21 613.0 81.27 301.0 1488.0 841.0 647.0 0.0 81.1675
10:31:00 135.0 8626.0 nan 81.54 81.55 81.21 81.51 511.0 81.57 357.0 8626.0 5657.0 2969.0 0.0 81.4069
10:32:00 81.0 3728.0 nan 81.25 81.55 81.25 81.25 3.0 81.31 1102.0 3728.0 787.0 2941.0 0.0 81.4342
10:33:00 89.0 3378.0 nan 80.9 81.24 80.9 80.9 427.0 80.97 212.0 3378.0 621.0 2757.0 0.0 81.011
10:34:00 169.0 7191.0 nan 80.78 81.0 80.73 80.74 100.0 80.8 238.0 7191.0 2041.0 5150.0 0.0 80.8443
10:35:00 87.0 3240.0 nan 80.81 80.91 80.71 80.75 2412.0 80.82 245.0 3240.0 1839.0 1401.0 0.0 80.8306
10:36:00 99.0 4669.0 nan 80.62 80.88 80.56 80.62 46.0 80.68 90.0 4669.0 1856.0 2813.0 0.0 80.7138
10:37:00 57.0 2342.0 nan 80.94 80.94 80.65 80.9 451.0 80.96 509.0 2342.0 1766.0 576.0 0.0 80.8167
10:38:00 67.0 2285.0 nan 80.87 81.01 80.86 80.85 138.0 80.9 255.0 2285.0 774.0 1511.0 0.0 80.9383
10:39:00 47.0 2312.0 nan 80.8 80.9 80.75 80.82 312.0 80.88 200.0 2312.0 310.0 2002.0 0.0 80.7953
10:40:00 145.0 7478.0 nan 80.73 80.885 80.53 80.73 187.0 80.8 23.0 7478.0 1878.0 5600.0 0.0 80.6409
10:41:00 63.0 2458.0 nan 80.62 80.765 80.58 80.55 1160.0 80.62 200.0 2458.0 845.0 1613.0 0.0 80.6381
10:42:00 277.0 15566.0 nan 80.375 80.62 80.35 80.36 157.0 80.41 30.0 15566.0 4087.0 11479.0 0.0 80.4197
10:43:00 87.0 3257.0 nan 80.36 80.49 80.36 80.37 7.0 80.42 256.0 3257.0 1612.0 1645.0 0.0 80.402
10:44:00 168.0 6711.0 nan 80.34 80.45 80.23 80.31 1.0 80.37 801.0 6711.0 2467.0 4244.0 0.0 80.3217
10:45:00 82.0 2155.0 nan 80.44 80.44 80.26 80.41 178.0 80.47 294.0 2155.0 1090.0 1065.0 0.0 80.3276
10:46:00 130.0 4716.0 nan 80.31 80.44 80.25 80.26 308.0 80.33 22.0 4716.0 2349.0 2367.0 0.0 80.3387
10:47:00 218.0 7963.0 nan 80.24 80.38 80.12 80.2 100.0 80.26 142.0 7963.0 3346.0 4617.0 0.0 80.2351
10:48:00 150.0 3039.0 nan 80.19 80.3 80.12 80.15 1622.0 80.22 401.0 3039.0 1694.0 1345.0 0.0 80.2256
10:49:00 218.0 9043.0 nan 80.4 80.47 80.17 80.39 279.0 80.43 101.0 9043.0 5337.0 3706.0 0.0 80.3894
10:50:00 39.0 1237.0 nan 80.49 80.49 80.38 80.44 1063.0 80.51 622.0 1237.0 381.0 856.0 0.0 80.4228
10:51:00 162.0 12127.0 nan 80.67 80.68 80.45 80.65 506.0 80.72 113.0 12127.0 8500.0 3627.0 0.0 80.5631
10:52:00 110.0 4567.0 nan 80.83 80.85 80.57 80.81 312.0 80.84 19.0 4567.0 2920.0 1647.0 0.0 80.685
10:53:00 95.0 4908.0 nan 80.9 80.91 80.68 80.87 201.0 80.93 40.0 4908.0 2323.0 2585.0 0.0 80.793
10:54:00 74.0 5001.0 nan 80.77 80.97 80.77 80.74 303.0 80.8 453.0 5001.0 3707.0 1294.0 0.0 80.9115
10:55:00 131.0 5166.0 nan 80.59 80.81 80.55 80.58 13.0 80.62 105.0 5166.0 1670.0 3496.0 0.0 80.6675
10:56:00 124.0 2057.0 nan 80.65 80.7 80.53 80.62 100.0 80.66 492.0 2057.0 987.0 1070.0 0.0 80.6219
10:57:00 106.0 4001.0 nan 80.42 80.62 80.41 80.38 300.0 80.45 242.0 4001.0 933.0 3068.0 0.0 80.4993
10:58:00 160.0 5067.0 nan 80.46 80.58 80.34 80.46 169.0 80.5 50.0 5067.0 2604.0 2463.0 0.0 80.4651
10:59:00 153.0 7058.0 nan 80.59 80.71 80.5 80.57 708.0 80.64 401.0 7058.0 4152.0 2906.0 0.0 80.6349
11:00:00 49.0 1269.0 nan 80.82 80.82 80.59 80.8 302.0 80.87 200.0 1269.0 523.0 746.0 0.0 80.743
11:01:00 73.0 3544.0 nan 81.04 81.04 80.87 81.0 205.0 81.06 27.0 3544.0 2497.0 1047.0 0.0 80.9197
11:02:00 68.0 3700.0 nan 81.36 81.36 81.06 81.34 710.0 81.39 197.0 3700.0 3258.0 442.0 0.0 81.2806
11:03:00 200.0 7505.0 nan 80.85 81.365 80.85 80.8 282.0 80.9 24.0 7505.0 1970.0 5535.0 0.0 81.1699
11:04:00 28.0 776.0 nan 80.9 80.9 80.78 80.9 1250.0 80.97 8.0 776.0 433.0 343.0 0.0 80.8384
11:05:00 66.0 4115.0 nan 80.93 81.05 80.93 80.91 402.0 80.98 30.0 4115.0 2274.0 1841.0 0.0 81.0117
11:06:00 61.0 2464.0 nan 80.9 80.99 80.8 80.88 20.0 80.94 30.0 2464.0 928.0 1536.0 0.0 80.8819
11:07:00 31.0 2254.0 nan 80.69 80.88 80.65 80.62 701.0 80.69 357.0 2254.0 0.0 2254.0 0.0 80.7459
11:08:00 63.0 2940.0 nan 80.51 80.62 80.49 80.53 104.0 80.56 1.0 2940.0 528.0 2412.0 0.0 80.5283
11:09:00 97.0 5834.0 nan 80.54 80.66 80.54 80.5 6.0 80.54 131.0 5834.0 2875.0 2959.0 0.0 80.57
11:10:00 59.0 2604.0 nan 80.44 80.505 80.43 80.42 4.0 80.48 554.0 2604.0 1682.0 922.0 0.0 80.4729
11:11:00 105.0 3414.0 nan 80.41 80.49 80.39 80.4 1009.0 80.47 512.0 3414.0 2017.0 1397.0 0.0 80.4516
11:12:00 75.0 4042.0 nan 80.34 80.41 80.3 80.31 201.0 80.38 201.0 4042.0 797.0 3245.0 0.0 80.3702
11:13:00 101.0 2515.0 nan 80.44 80.44 80.3 80.42 451.0 80.46 16.0 2515.0 1656.0 859.0 0.0 80.3709
11:14:00 97.0 4101.0 nan 80.68 80.74 80.41 80.66 203.0 80.72 256.0 4101.0 1510.0 2591.0 0.0 80.5743
11:15:00 73.0 2475.0 nan 80.6 80.74 80.58 80.56 407.0 80.61 19.0 2475.0 1394.0 1081.0 0.0 80.6697
11:16:00 49.0 2095.0 nan 80.485 80.61 80.45 80.5 103.0 80.55 1700.0 2095.0 887.0 1208.0 0.0 80.5228
11:17:00 84.0 4038.0 nan 80.53 80.71 80.5 80.5 105.0 80.54 102.0 4038.0 2861.0 1177.0 0.0 80.5742
11:18:00 49.0 1046.0 nan 80.66 80.72 80.53 80.62 920.0 80.7 12.0 1046.0 346.0 700.0 0.0 80.6244
11:19:00 53.0 2407.0 nan 80.6 80.7 80.51 80.58 7.0 80.67 4.0 2407.0 984.0 1423.0 0.0 80.5887
11:20:00 44.0 2103.0 nan 80.72 80.74 80.55 80.68 320.0 80.74 701.0 2103.0 1343.0 760.0 0.0 80.6585
11:21:00 45.0 1562.0 nan 80.68 80.71 80.61 80.67 500.0 80.74 35.0 1562.0 418.0 1144.0 0.0 80.6566
11:22:00 44.0 1326.0 nan 80.68 80.68 80.61 80.62 237.0 80.68 300.0 1326.0 218.0 1108.0 0.0 80.6635
11:23:00 101.0 8388.0 nan 80.47 80.65 80.44 80.45 901.0 80.5 624.0 8388.0 5095.0 3293.0 0.0 80.5266
11:24:00 172.0 13541.0 nan 80.51 80.58 80.47 80.48 3.0 80.54 58.0 13541.0 4403.0 9138.0 0.0 80.5422
11:25:00 96.0 7925.0 nan 80.5 80.69 80.5 80.47 229.0 80.53 435.0 7925.0 6084.0 1841.0 0.0 80.6183
11:26:00 61.0 2696.0 nan 80.45 80.47 80.4 80.42 300.0 80.5 1204.0 2696.0 605.0 2091.0 0.0 80.4262
11:27:00 89.0 5975.0 nan 80.46 80.6 80.46 80.44 40.0 80.51 201.0 5975.0 4204.0 1771.0 0.0 80.5357
11:28:00 39.0 2560.0 nan 80.58 80.58 80.51 80.52 404.0 80.58 103.0 2560.0 2171.0 389.0 0.0 80.5326
11:29:00 69.0 2311.0 nan 80.48 80.6 80.48 80.45 4.0 80.51 215.0 2311.0 1045.0 1266.0 0.0 80.5699
11:30:00 66.0 1943.0 nan 80.53 80.57 80.425 80.49 273.0 80.57 6.0 1943.0 1047.0 896.0 0.0 80.5039
11:31:00 47.0 1456.0 nan 80.74 80.74 80.5 80.72 300.0 80.74 3.0 1456.0 893.0 563.0 0.0 80.6395
11:32:00 119.0 5656.0 nan 80.53 80.75 80.53 80.52 200.0 80.57 247.0 5656.0 2574.0 3082.0 0.0 80.6335
11:33:00 70.0 4589.0 nan 80.34 80.57 80.28 80.31 400.0 80.36 202.0 4589.0 1510.0 3079.0 0.0 80.4123
11:34:00 62.0 1811.0 nan 80.21 80.36 80.21 80.2 11.0 80.25 446.0 1811.0 582.0 1229.0 0.0 80.3022
11:35:00 121.0 5317.0 nan 80.3 80.3 80.13 80.26 1.0 80.29 200.0 5317.0 3075.0 2242.0 0.0 80.2352
11:36:00 45.0 1411.0 nan 80.31 80.31 80.18 80.29 523.0 80.34 204.0 1411.0 836.0 575.0 0.0 80.2189
11:37:00 99.0 4145.0 nan 80.28 80.39 80.2 80.26 200.0 80.29 91.0 4145.0 1843.0 2302.0 0.0 80.3133
11:38:00 109.0 5545.0 nan 80.09 80.28 80.08 80.08 203.0 80.12 37.0 5545.0 711.0 4834.0 0.0 80.1359
11:39:00 61.0 2261.0 nan 80.18 80.26 80.12 80.17 1.0 80.21 162.0 2261.0 1729.0 532.0 0.0 80.2046
11:40:00 40.0 1717.0 nan 80.26 80.29 80.15 80.25 910.0 80.3 724.0 1717.0 1480.0 237.0 0.0 80.2241
11:41:00 85.0 4605.0 nan 80.5 80.51 80.29 80.48 6.0 80.53 204.0 4605.0 3000.0 1605.0 0.0 80.4154
11:42:00 111.0 3855.0 nan 80.43 80.53 80.42 80.42 204.0 80.46 201.0 3855.0 1469.0 2386.0 0.0 80.4887
11:43:00 107.0 2981.0 nan 80.28 80.44 80.28 80.27 302.0 80.32 192.0 2981.0 1119.0 1862.0 0.0 80.3524
11:44:00 72.0 3240.0 nan 80.28 80.37 80.19 80.26 4.0 80.31 100.0 3240.0 1155.0 2085.0 0.0 80.3213
11:45:00 38.0 905.0 nan 80.38 80.395 80.31 80.35 304.0 80.4 57.0 905.0 286.0 619.0 0.0 80.3483
11:46:00 62.0 3129.0 nan 80.38 80.45 80.35 80.37 1402.0 80.44 1010.0 3129.0 2110.0 1019.0 0.0 80.3864
11:47:00 233.0 15529.0 nan 80.31 80.44 80.2 80.3 203.0 80.33 58.0 15529.0 8326.0 7203.0 0.0 80.2784
11:48:00 60.0 2812.0 nan 80.22 80.34 80.17 80.19 252.0 80.25 165.0 2812.0 458.0 2354.0 0.0 80.2754
11:49:00 49.0 1968.0 nan 80.35 80.35 80.2 80.31 506.0 80.35 2616.0 1968.0 954.0 1014.0 0.0 80.2666
11:50:00 59.0 4955.0 nan 80.26 80.41 80.22 80.22 757.0 80.26 16.0 4955.0 2994.0 1961.0 0.0 80.3525
11:51:00 63.0 2240.0 nan 80.3 80.315 80.195 80.26 9.0 80.31 1.0 2240.0 927.0 1313.0 0.0 80.2525
11:52:00 60.0 2526.0 nan 80.28 80.36 80.23 80.26 303.0 80.3 107.0 2526.0 823.0 1703.0 0.0 80.3009
11:53:00 39.0 1615.0 nan 80.32 80.33 80.26 80.27 298.0 80.32 1.0 1615.0 611.0 1004.0 0.0 80.2874
11:54:00 51.0 3283.0 nan 80.32 80.41 80.31 80.27 167.0 80.32 31.0 3283.0 1707.0 1576.0 0.0 80.3325
11:55:00 48.0 3056.0 nan 80.19 80.29 80.16 80.19 101.0 80.25 914.0 3056.0 406.0 2650.0 0.0 80.2172
11:56:00 38.0 1702.0 nan 80.24 80.26 80.16 80.23 348.0 80.29 275.0 1702.0 342.0 1360.0 0.0 80.2017
11:57:00 52.0 2511.0 nan 80.23 80.34 80.19 80.2 3000.0 80.26 37.0 2511.0 1506.0 1005.0 0.0 80.2764
11:58:00 58.0 2950.0 nan 80.22 80.27 80.17 80.22 17.0 80.23 201.0 2950.0 410.0 2540.0 0.0 80.2009
11:59:00 45.0 1650.0 nan 80.2 80.27 80.18 80.18 61.0 80.21 100.0 1650.0 771.0 879.0 0.0 80.223
12:00:00 39.0 2629.0 nan 80.2 80.21 80.17 80.17 251.0 80.22 110.0 2629.0 612.0 2017.0 0.0 80.1824
12:01:00 62.0 2746.0 nan 80.01 80.22 80.01 80.01 1756.0 80.06 294.0 2746.0 337.0 2409.0 0.0 80.1203
12:02:00 269.0 15138.0 nan 80.11 80.11 79.98 80.09 150.0 80.13 1000.0 15138.0 3913.0 11225.0 0.0 80.0221
12:03:00 148.0 7835.0 nan 80.17 80.19 80.08 80.16 1.0 80.19 376.0 7835.0 4530.0 3305.0 0.0 80.1557
12:04:00 133.0 8982.0 nan 80.02 80.21 79.99 80.0 85.0 80.02 32.0 8982.0 3569.0 5413.0 0.0 80.0978
12:05:00 140.0 6995.0 nan 80.04 80.07 79.93 80.02 1.0 80.04 50.0 6995.0 4229.0 2766.0 0.0 79.9954
12:06:00 89.0 4796.0 nan 80.05 80.09 79.98 80.02 339.0 80.05 50.0 4796.0 2766.0 2030.0 0.0 80.0456
12:07:00 94.0 7238.0 nan 80.01 80.16 80.0 80.0 1127.0 80.02 329.0 7238.0 5048.0 2190.0 0.0 80.0848
12:08:00 87.0 3722.0 nan 79.89 80.1 79.88 79.88 482.0 79.89 7.0 3722.0 1086.0 2636.0 0.0 79.9856
12:09:00 71.0 3053.0 nan 79.83 79.88 79.77 79.82 340.0 79.87 251.0 3053.0 1213.0 1840.0 0.0 79.8265
12:10:00 67.0 3159.0 nan 79.82 79.87 79.75 79.78 101.0 79.83 159.0 3159.0 2281.0 878.0 0.0 79.8381
12:11:00 65.0 2294.0 nan 79.74 79.83 79.74 79.72 150.0 79.76 8.0 2294.0 894.0 1400.0 0.0 79.7814
12:12:00 56.0 1622.0 nan 79.91 79.93 79.72 79.9 52.0 79.94 123.0 1622.0 739.0 883.0 0.0 79.8549
12:13:00 85.0 4276.0 nan 80.01 80.01 79.88 79.99 110.0 80.03 1156.0 4276.0 2939.0 1337.0 0.0 79.9462
12:14:00 97.0 3775.0 nan 80.01 80.05 79.98 80.01 378.0 80.05 251.0 3775.0 1373.0 2402.0 0.0 80.0128
12:15:00 71.0 2751.0 nan 80.11 80.13 79.99 80.06 279.0 80.1 276.0 2751.0 1105.0 1646.0 0.0 80.0662
12:16:00 73.0 2068.0 nan 80.03 80.06 80.0 80.0 504.0 80.04 550.0 2068.0 584.0 1484.0 0.0 80.0305
12:17:00 74.0 2286.0 nan 80.04 80.05 79.945 80.01 251.0 80.04 94.0 2286.0 996.0 1290.0 0.0 80.0014
12:18:00 80.0 1891.0 nan 79.94 80.06 79.94 79.93 104.0 79.97 461.0 1891.0 955.0 936.0 0.0 80.001
12:19:00 40.0 1185.0 nan 79.94 79.97 79.92 79.92 567.0 79.96 101.0 1185.0 751.0 434.0 0.0 79.9491
12:20:00 57.0 1684.0 nan 79.98 80.02 79.9 79.98 815.0 80.01 219.0 1684.0 687.0 997.0 0.0 79.9403
12:21:00 42.0 1185.0 nan 80.22 80.22 79.98 80.19 652.0 80.23 10.0 1185.0 1085.0 100.0 0.0 80.0988
12:22:00 84.0 4533.0 nan 80.16 80.31 80.15 80.15 118.0 80.2 356.0 4533.0 2391.0 2142.0 0.0 80.2438
12:23:00 66.0 2068.0 nan 80.09 80.175 80.04 80.1 166.0 80.14 100.0 2068.0 789.0 1279.0 0.0 80.1105
12:24:00 62.0 2410.0 nan 80.19 80.2 80.1 80.16 503.0 80.2 4.0 2410.0 425.0 1985.0 0.0 80.1588
12:25:00 40.0 1650.0 nan 80.18 80.18 80.08 80.15 459.0 80.19 1451.0 1650.0 769.0 881.0 0.0 80.152
12:26:00 64.0 3046.0 nan 80.19 80.22 80.12 80.19 361.0 80.22 24.0 3046.0 1948.0 1098.0 0.0 80.1745
12:27:00 48.0 1565.0 nan 80.32 80.35 80.2 80.28 166.0 80.33 253.0 1565.0 583.0 982.0 0.0 80.2787
12:28:00 72.0 2852.0 nan 80.26 80.33 80.21 80.24 8.0 80.26 258.0 2852.0 1145.0 1707.0 0.0 80.2744
12:29:00 64.0 3264.0 nan 80.28 80.35 80.23 80.24 1.0 80.28 137.0 3264.0 1388.0 1876.0 0.0 80.296
12:30:00 55.0 1741.0 nan 80.36 80.39 80.25 80.35 150.0 80.4 1050.0 1741.0 1709.0 32.0 0.0 80.3421
12:31:00 113.0 7032.0 nan 80.52 80.59 80.35 80.5 410.0 80.53 100.0 7032.0 3445.0 3587.0 0.0 80.479
12:32:00 93.0 4844.0 nan 80.29 80.515 80.29 80.28 100.0 80.31 200.0 4844.0 933.0 3911.0 0.0 80.4048
12:33:00 65.0 2178.0 nan 80.32 80.35 80.21 80.3 402.0 80.34 127.0 2178.0 1313.0 865.0 0.0 80.289
12:34:00 41.0 1427.0 nan 80.25 80.31 80.25 80.25 107.0 80.29 363.0 1427.0 462.0 965.0 0.0 80.2764
12:35:00 150.0 7593.0 nan 80.13 80.34 80.03 80.13 354.0 80.16 24.0 7593.0 5210.0 2383.0 0.0 80.1546
12:36:00 82.0 3569.0 nan 80.05 80.18 80.03 80.06 1452.0 80.08 300.0 3569.0 1280.0 2289.0 0.0 80.1153
12:37:00 63.0 3033.0 nan 80.06 80.18 80.06 80.05 1.0 80.08 75.0 3033.0 884.0 2149.0 0.0 80.0778
12:38:00 93.0 4662.0 nan 79.95 80.08 79.91 79.91 1.0 79.95 8.0 4662.0 1563.0 3099.0 0.0 79.9845
12:39:00 79.0 3185.0 nan 79.87 79.92 79.82 79.85 1.0 79.87 62.0 3185.0 1946.0 1239.0 0.0 79.8715
12:40:00 89.0 3843.0 nan 79.72 79.87 79.62 79.71 436.0 79.74 190.0 3843.0 1227.0 2616.0 0.0 79.7322
12:41:00 114.0 4636.0 nan 79.77 79.8 79.71 79.76 290.0 79.8 200.0 4636.0 1527.0 3109.0 0.0 79.7549
12:42:00 64.0 1909.0 nan 79.86 79.89 79.8 79.86 258.0 79.9 5.0 1909.0 903.0 1006.0 0.0 79.8362
12:43:00 57.0 1871.0 nan 79.87 79.93 79.82 79.85 2.0 79.88 103.0 1871.0 677.0 1194.0 0.0 79.8634
12:44:00 55.0 1849.0 nan 79.9 79.9 79.81 79.88 11.0 79.92 151.0 1849.0 1143.0 706.0 0.0 79.8659
12:45:00 52.0 1714.0 nan 79.87 79.97 79.86 79.86 353.0 79.92 702.0 1714.0 249.0 1465.0 0.0 79.921
12:46:00 39.0 2424.0 nan 79.86 79.86 79.78 79.85 103.0 79.88 257.0 2424.0 448.0 1976.0 0.0 79.8209
12:47:00 46.0 1592.0 nan 79.82 79.88 79.8 79.8 6.0 79.84 1100.0 1592.0 521.0 1071.0 0.0 79.8364
12:48:00 69.0 5294.0 nan 79.75 79.8 79.68 79.75 157.0 79.78 305.0 5294.0 1653.0 3641.0 0.0 79.7278
12:49:00 88.0 3440.0 nan 79.72 79.75 79.66 79.69 271.0 79.73 8.0 3440.0 1289.0 2151.0 0.0 79.685
12:50:00 42.0 1714.0 nan 79.89 79.92 79.71 79.86 158.0 79.89 303.0 1714.0 1128.0 586.0 0.0 79.838
12:51:00 45.0 1343.0 nan 79.82 79.92 79.8 79.8 307.0 79.86 301.0 1343.0 485.0 858.0 0.0 79.8719
12:52:00 39.0 1447.0 nan 79.89 79.93 79.83 79.85 752.0 79.89 108.0 1447.0 603.0 844.0 0.0 79.8706
12:53:00 46.0 1659.0 nan 79.89 79.895 79.83 79.88 107.0 79.91 200.0 1659.0 800.0 859.0 0.0 79.8708
12:54:00 93.0 5321.0 nan 80.04 80.045 79.895 80.03 1.0 80.06 250.0 5321.0 4260.0 1061.0 0.0 79.9992
12:55:00 62.0 5655.0 nan 80.12 80.15 80.06 80.11 2.0 80.15 850.0 5655.0 5176.0 479.0 0.0 80.1158
12:56:00 58.0 2597.0 nan 80.23 80.28 80.1 80.2 406.0 80.24 138.0 2597.0 1529.0 1068.0 0.0 80.202
12:57:00 65.0 4020.0 nan 80.24 80.3 80.21 80.25 50.0 80.28 196.0 4020.0 3131.0 889.0 0.0 80.2617
12:58:00 146.0 9335.0 nan 80.2 80.29 80.14 80.15 251.0 80.2 367.0 9335.0 4520.0 4815.0 0.0 80.1829
12:59:00 38.0 972.0 nan 80.06 80.21 80.06 80.06 125.0 80.1 150.0 972.0 270.0 702.0 0.0 80.1756
13:00:00 32.0 868.0 nan 80.1 80.14 80.08 80.09 1.0 80.13 177.0 868.0 631.0 237.0 0.0 80.1188
13:01:00 44.0 2566.0 nan 80.2 80.28 80.13 80.18 300.0 80.22 267.0 2566.0 2104.0 462.0 0.0 80.2053
13:02:00 43.0 4167.0 nan 80.13 80.27 80.13 80.1 1265.0 80.14 25.0 4167.0 907.0 3260.0 0.0 80.1902
13:03:00 70.0 4905.0 nan 80.13 80.17 80.08 80.1 50.0 80.15 252.0 4905.0 919.0 3986.0 0.0 80.108
13:04:00 36.0 3113.0 nan 80.15 80.23 80.15 80.15 818.0 80.19 9.0 3113.0 820.0 2293.0 0.0 80.2036
13:05:00 57.0 2264.0 nan 80.04 80.15 80.04 80.04 50.0 80.07 251.0 2264.0 759.0 1505.0 0.0 80.1108
13:06:00 48.0 1983.0 nan 80.01 80.1 80.0 80.0 81.0 80.04 309.0 1983.0 790.0 1193.0 0.0 80.0517
13:07:00 49.0 1420.0 nan 80.05 80.05 79.96 80.01 1.0 80.06 150.0 1420.0 551.0 869.0 0.0 80.0033
13:08:00 13.0 463.0 nan 80.02 80.08 80.0 80.0 120.0 80.04 457.0 463.0 148.0 315.0 0.0 80.0479
13:09:00 3.0 100.0 nan 80.0 80.02 80.0 80.0 877.0 80.03 171.0 100.0 0.0 100.0 0.0 80.0
13:10:00 166.0 9178.0 nan 79.89 80.015 79.83 79.86 775.0 79.91 159.0 9178.0 2918.0 6260.0 0.0 79.9581
13:11:00 53.0 2263.0 nan 79.86 79.94 79.84 79.85 1.0 79.87 100.0 2263.0 1180.0 1083.0 0.0 79.8942
13:12:00 66.0 3575.0 nan 79.82 79.88 79.79 79.8 251.0 79.84 333.0 3575.0 873.0 2702.0 0.0 79.8289
13:13:00 69.0 2697.0 nan 79.92 79.96 79.83 79.92 622.0 79.98 197.0 2697.0 1470.0 1227.0 0.0 79.9023
13:14:00 36.0 2200.0 nan 79.85 79.96 79.85 79.84 263.0 79.87 225.0 2200.0 182.0 2018.0 0.0 79.8994
13:15:00 83.0 3020.0 nan 79.82 79.88 79.8 79.79 170.0 79.82 20.0 3020.0 1439.0 1581.0 0.0 79.8427
13:16:00 37.0 887.0 nan 79.83 79.85 79.81 79.81 388.0 79.84 128.0 887.0 345.0 542.0 0.0 79.8311
13:17:00 51.0 2391.0 nan 79.92 79.92 79.82 79.9 174.0 79.93 20.0 2391.0 1489.0 902.0 0.0 79.8664
13:18:00 39.0 1751.0 nan 80.01 80.01 79.9 79.99 476.0 80.02 608.0 1751.0 1267.0 484.0 0.0 79.9633
13:19:00 77.0 4134.0 nan 80.03 80.09 80.01 80.01 161.0 80.06 151.0 4134.0 2019.0 2115.0 0.0 80.0491
13:20:00 66.0 1895.0 nan 79.98 80.02 79.96 80.0 400.0 80.03 16.0 1895.0 933.0 962.0 0.0 79.9995
13:21:00 92.0 3142.0 nan 79.97 80.01 79.88 79.96 100.0 79.99 50.0 3142.0 1169.0 1973.0 0.0 79.9726
13:22:00 52.0 2571.0 nan 79.99 80.02 79.95 79.99 50.0 80.02 208.0 2571.0 850.0 1721.0 0.0 79.9923
13:23:00 51.0 3492.0 nan 79.9 79.99 79.88 79.92 51.0 79.96 200.0 3492.0 1197.0 2295.0 0.0 79.9155
13:24:00 51.0 3336.0 nan 79.9 79.99 79.9 79.89 391.0 79.93 56.0 3336.0 933.0 2403.0 0.0 79.9472
13:25:00 59.0 2525.0 nan 79.97 79.97 79.87 79.96 54.0 79.97 114.0 2525.0 1096.0 1429.0 0.0 79.8946
13:26:00 74.0 2633.0 nan 79.94 80.01 79.94 79.93 411.0 79.96 700.0 2633.0 716.0 1917.0 0.0 79.9764
13:27:00 89.0 3711.0 nan 79.96 79.98 79.9 79.98 250.0 80.0 282.0 3711.0 1895.0 1816.0 0.0 79.938
13:28:00 67.0 3181.0 nan 80.0 80.04 79.93 79.98 502.0 80.01 250.0 3181.0 1566.0 1615.0 0.0 79.9847
13:29:00 52.0 1264.0 nan 79.94 80.01 79.94 79.93 201.0 79.95 3.0 1264.0 300.0 964.0 0.0 79.9729
13:30:00 29.0 989.0 nan 80.03 80.03 79.93 80.04 10.0 80.06 60.0 989.0 822.0 167.0 0.0 79.9847
13:31:00 117.0 4033.0 nan 80.07 80.09 80.04 80.07 109.0 80.08 245.0 4033.0 773.0 3260.0 0.0 80.0549
13:32:00 83.0 5786.0 nan 80.17 80.19 80.08 80.12 102.0 80.15 150.0 5786.0 4777.0 1009.0 0.0 80.1165
13:33:00 46.0 1435.0 nan 80.26 80.28 80.135 80.26 423.0 80.28 460.0 1435.0 1075.0 360.0 0.0 80.2322
13:34:00 109.0 5860.0 nan 80.24 80.32 80.21 80.22 102.0 80.25 266.0 5860.0 2130.0 3730.0 0.0 80.2572
13:35:00 73.0 2313.0 nan 80.215 80.3 80.2 80.2 200.0 80.24 161.0 2313.0 856.0 1457.0 0.0 80.2557
13:36:00 99.0 4762.0 nan 80.25 80.25 80.2 80.23 351.0 80.27 154.0 4762.0 1112.0 3650.0 0.0 80.2044
13:37:00 82.0 3702.0 nan 80.21 80.27 80.2 80.22 155.0 80.25 205.0 3702.0 1276.0 2426.0 0.0 80.2184
13:38:00 48.0 3161.0 nan 80.37 80.385 80.2 80.37 979.0 80.4 23.0 3161.0 2473.0 688.0 0.0 80.3031
13:39:00 74.0 2377.0 nan 80.32 80.37 80.32 80.3 1.0 80.32 186.0 2377.0 955.0 1422.0 0.0 80.3488
13:40:00 65.0 1600.0 nan 80.22 80.3 80.22 80.22 11.0 80.24 7.0 1600.0 634.0 966.0 0.0 80.2553
13:41:00 44.0 1869.0 nan 80.24 80.29 80.24 80.22 11.0 80.26 200.0 1869.0 737.0 1132.0 0.0 80.2623
13:42:00 63.0 2373.0 nan 80.23 80.23 80.2 80.2 351.0 80.23 174.0 2373.0 458.0 1915.0 0.0 80.2073
13:43:00 68.0 3067.0 nan 80.26 80.26 80.2 80.26 200.0 80.3 255.0 3067.0 2018.0 1049.0 0.0 80.2187
13:44:00 89.0 2173.0 nan 80.29 80.3 80.23 80.26 402.0 80.28 50.0 2173.0 922.0 1251.0 0.0 80.2592
13:45:00 102.0 7431.0 nan 80.3 80.33 80.24 80.3 301.0 80.33 171.0 7431.0 6552.0 879.0 0.0 80.2893
13:46:00 119.0 10003.0 nan 80.32 80.41 80.25 80.33 10.0 80.34 10.0 10003.0 6665.0 3338.0 0.0 80.3621
13:47:00 81.0 2654.0 nan 80.35 80.37 80.26 80.32 1.0 80.34 9.0 2654.0 1334.0 1320.0 0.0 80.3056
13:48:00 86.0 3201.0 nan 80.19 80.32 80.19 80.18 401.0 80.19 2.0 3201.0 1217.0 1984.0 0.0 80.2554
13:49:00 61.0 4817.0 nan 80.2 80.23 80.18 80.19 54.0 80.22 300.0 4817.0 3762.0 1055.0 0.0 80.197
13:50:00 70.0 3793.0 nan 80.1 80.22 80.09 80.1 39.0 80.13 286.0 3793.0 1077.0 2716.0 0.0 80.1342
13:51:00 105.0 4180.0 nan 80.0 80.13 80.0 79.95 9.0 80.0 116.0 4180.0 978.0 3202.0 0.0 80.0708
13:52:00 125.0 4734.0 nan 80.06 80.07 79.95 80.05 165.0 80.07 248.0 4734.0 2780.0 1954.0 0.0 80.0137
13:53:00 40.0 1795.0 nan 79.97 80.08 79.93 79.93 195.0 79.97 171.0 1795.0 395.0 1400.0 0.0 80.0321
13:54:00 90.0 6706.0 nan 79.85 79.93 79.79 79.84 207.0 79.88 2420.0 6706.0 1111.0 5595.0 0.0 79.8217
13:55:00 79.0 5450.0 nan 79.74 79.86 79.7 79.73 310.0 79.75 54.0 5450.0 2841.0 2609.0 0.0 79.804
13:56:00 93.0 3675.0 nan 79.84 79.885 79.73 79.82 704.0 79.87 152.0 3675.0 1274.0 2401.0 0.0 79.7668
13:57:00 78.0 5734.0 nan 79.86 79.86 79.78 79.85 241.0 79.88 150.0 5734.0 3503.0 2231.0 0.0 79.8093
13:58:00 85.0 3732.0 nan 79.88 79.91 79.83 79.86 7.0 79.88 100.0 3732.0 1656.0 2076.0 0.0 79.8722
13:59:00 40.0 1735.0 nan 79.9 79.9 79.85 79.89 627.0 79.92 321.0 1735.0 778.0 957.0 0.0 79.8809
14:00:00 51.0 2279.0 nan 79.85 79.9 79.84 79.84 398.0 79.86 5.0 2279.0 219.0 2060.0 0.0 79.8692
14:01:00 101.0 5734.0 nan 79.84 79.88 79.8 79.83 552.0 79.85 19.0 5734.0 3024.0 2710.0 0.0 79.8449
14:02:00 55.0 2787.0 nan 79.8 79.83 79.76 79.79 259.0 79.83 68.0 2787.0 1128.0 1659.0 0.0 79.79
14:03:00 69.0 3111.0 nan 79.91 79.95 79.79 79.87 101.0 79.9 602.0 3111.0 1616.0 1495.0 0.0 79.881
14:04:00 53.0 2152.0 nan 79.87 79.88 79.8 79.86 202.0 79.88 50.0 2152.0 1042.0 1110.0 0.0 79.8569
14:05:00 69.0 2385.0 nan 79.9 79.92 79.84 79.89 101.0 79.91 18.0 2385.0 1016.0 1369.0 0.0 79.8895
14:06:00 96.0 4382.0 nan 80.03 80.03 79.91 79.99 530.0 80.02 176.0 4382.0 1688.0 2694.0 0.0 79.9831
14:07:00 104.0 4749.0 nan 79.96 80.05 79.94 79.96 2.0 79.98 301.0 4749.0 1624.0 3125.0 0.0 79.9813
14:08:00 224.0 11967.0 nan 79.63 80.03 79.63 79.64 200.0 79.66 100.0 11967.0 2508.0 9459.0 0.0 79.7564
14:09:00 261.0 12809.0 nan 79.61 79.68 79.52 79.59 200.0 79.62 49.0 12809.0 4374.0 8435.0 0.0 79.6066
14:10:00 203.0 13767.0 nan 79.5 79.67 79.48 79.49 50.0 79.52 303.0 13767.0 1731.0 12036.0 0.0 79.5418
14:11:00 92.0 4007.0 nan 79.55 79.6 79.48 79.52 250.0 79.56 174.0 4007.0 2377.0 1630.0 0.0 79.5291
14:12:00 57.0 3149.0 nan 79.54 79.56 79.47 79.52 200.0 79.55 100.0 3149.0 1237.0 1912.0 0.0 79.5131
14:13:00 73.0 3919.0 nan 79.49 79.56 79.48 79.48 208.0 79.51 152.0 3919.0 2220.0 1699.0 0.0 79.5203
14:14:00 72.0 4636.0 nan 79.48 79.57 79.46 79.48 288.0 79.51 240.0 4636.0 3154.0 1482.0 0.0 79.4942
14:15:00 92.0 3294.0 nan 79.44 79.53 79.44 79.43 83.0 79.45 567.0 3294.0 1193.0 2101.0 0.0 79.4801
14:16:00 168.0 8383.0 nan 79.43 79.45 79.33 79.42 262.0 79.44 200.0 8383.0 3235.0 5148.0 0.0 79.3968
14:17:00 75.0 2271.0 nan 79.36 79.45 79.35 79.35 97.0 79.36 17.0 2271.0 1008.0 1263.0 0.0 79.4007
14:18:00 112.0 4837.0 nan 79.36 79.38 79.26 79.33 300.0 79.35 50.0 4837.0 2026.0 2811.0 0.0 79.3258
14:19:00 99.0 3597.0 nan 79.33 79.37 79.25 79.26 258.0 79.32 350.0 3597.0 1795.0 1802.0 0.0 79.3191
14:20:00 93.0 7200.0 nan 79.23 79.27 79.17 79.22 900.0 79.25 255.0 7200.0 2445.0 4755.0 0.0 79.2121
14:21:00 81.0 2476.0 nan 79.34 79.34 79.25 79.33 1007.0 79.35 5.0 2476.0 1640.0 836.0 0.0 79.3001
14:22:00 85.0 2194.0 nan 79.51 79.51 79.35 79.49 621.0 79.54 610.0 2194.0 1324.0 870.0 0.0 79.4676
14:23:00 64.0 3062.0 nan 79.41 79.515 79.37 79.4 402.0 79.42 200.0 3062.0 871.0 2191.0 0.0 79.4338
14:24:00 64.0 2020.0 nan 79.42 79.42 79.37 79.41 385.0 79.44 204.0 2020.0 1222.0 798.0 0.0 79.4004
14:25:00 113.0 4595.0 nan 79.42 79.45 79.4 79.42 208.0 79.44 1.0 4595.0 2152.0 2443.0 0.0 79.4229
14:26:00 83.0 7827.0 nan 79.63 79.63 79.44 79.61 470.0 79.64 249.0 7827.0 5415.0 2412.0 0.0 79.5646
14:27:00 103.0 4171.0 nan 79.67 79.75 79.57 79.7 156.0 79.73 410.0 4171.0 1934.0 2237.0 0.0 79.6561
14:28:00 65.0 2277.0 nan 79.76 79.76 79.65 79.74 151.0 79.77 1.0 2277.0 1179.0 1098.0 0.0 79.7031
14:29:00 96.0 4403.0 nan 79.81 79.84 79.735 79.79 261.0 79.82 100.0 4403.0 2244.0 2159.0 0.0 79.7766
14:30:00 104.0 5154.0 nan 79.83 79.91 79.82 79.82 154.0 79.86 18.0 5154.0 2633.0 2521.0 0.0 79.8692
14:31:00 102.0 4811.0 nan 79.88 79.88 79.73 79.87 262.0 79.9 185.0 4811.0 1785.0 3026.0 0.0 79.8014
14:32:00 86.0 5578.0 nan 79.9 79.93 79.85 79.88 451.0 79.92 167.0 5578.0 3697.0 1881.0 0.0 79.8983
14:33:00 81.0 4774.0 nan 79.86 79.88 79.79 79.86 452.0 79.9 219.0 4774.0 1762.0 3012.0 0.0 79.8483
14:34:00 99.0 4779.0 nan 79.83 79.93 79.82 79.81 157.0 79.84 251.0 4779.0 1151.0 3628.0 0.0 79.8892
14:35:00 57.0 1123.0 nan 79.71 79.84 79.71 79.7 24.0 79.72 1328.0 1123.0 453.0 670.0 0.0 79.8078
14:36:00 68.0 1650.0 nan 79.66 79.71 79.66 79.65 206.0 79.67 46.0 1650.0 790.0 860.0 0.0 79.6761
14:37:00 60.0 2857.0 nan 79.58 79.65 79.57 79.55 451.0 79.61 833.0 2857.0 1681.0 1176.0 0.0 79.6201
14:38:00 88.0 2712.0 nan 79.69 79.75 79.61 79.65 166.0 79.69 401.0 2712.0 1467.0 1245.0 0.0 79.683
14:39:00 68.0 1826.0 nan 79.685 79.69 79.62 79.66 300.0 79.7 251.0 1826.0 579.0 1247.0 0.0 79.6572
14:40:00 33.0 1812.0 nan 79.72 79.75 79.68 79.7 21.0 79.74 111.0 1812.0 1367.0 445.0 0.0 79.7407
14:41:00 48.0 1894.0 nan 79.69 79.71 79.645 79.68 851.0 79.72 50.0 1894.0 841.0 1053.0 0.0 79.6777
14:42:00 52.0 1966.0 nan 79.68 79.76 79.68 79.68 60.0 79.71 296.0 1966.0 959.0 1007.0 0.0 79.7222
14:43:00 61.0 4076.0 nan 79.68 79.74 79.63 79.65 150.0 79.69 967.0 4076.0 1265.0 2811.0 0.0 79.6732
14:44:00 41.0 1038.0 nan 79.7 79.7 79.64 79.69 413.0 79.72 450.0 1038.0 599.0 439.0 0.0 79.6846
14:45:00 93.0 3089.0 nan 79.74 79.76 79.65 79.74 50.0 79.76 104.0 3089.0 2067.0 1022.0 0.0 79.7185
14:46:00 79.0 2114.0 nan 79.61 79.76 79.55 79.57 299.0 79.61 574.0 2114.0 822.0 1292.0 0.0 79.6557
14:47:00 86.0 3482.0 nan 79.54 79.62 79.51 79.51 3.0 79.54 150.0 3482.0 1075.0 2407.0 0.0 79.5717
14:48:00 46.0 2206.0 nan 79.54 79.58 79.52 79.52 560.0 79.57 250.0 2206.0 1137.0 1069.0 0.0 79.5418
14:49:00 48.0 1793.0 nan 79.5 79.52 79.47 79.48 1073.0 79.5 15.0 1793.0 451.0 1342.0 0.0 79.5038
14:50:00 256.0 26915.0 nan 79.46 79.5 79.39 79.44 314.0 79.47 270.0 26915.0 6413.0 20502.0 0.0 79.4691
14:51:00 97.0 2778.0 nan 79.39 79.45 79.36 79.38 2060.0 79.41 100.0 2778.0 753.0 2025.0 0.0 79.3835
14:52:00 114.0 4818.0 nan 79.23 79.41 79.23 79.21 360.0 79.26 250.0 4818.0 1755.0 3063.0 0.0 79.2933
14:53:00 111.0 3619.0 nan 79.26 79.3 79.23 79.24 101.0 79.26 99.0 3619.0 2294.0 1325.0 0.0 79.2642
14:54:00 75.0 2722.0 nan 79.24 79.26 79.21 79.23 550.0 79.26 123.0 2722.0 1841.0 881.0 0.0 79.2401
14:55:00 91.0 2959.0 nan 79.36 79.36 79.21 79.35 110.0 79.37 200.0 2959.0 1779.0 1180.0 0.0 79.2715
14:56:00 264.0 12176.0 nan 79.44 79.46 79.37 79.42 200.0 79.46 109.0 12176.0 5550.0 6626.0 0.0 79.4162
14:57:00 88.0 3860.0 nan 79.57 79.59 79.43 79.56 669.0 79.59 258.0 3860.0 2730.0 1130.0 0.0 79.524
14:58:00 132.0 6832.0 nan 79.61 79.63 79.58 79.6 50.0 79.63 282.0 6832.0 3241.0 3591.0 0.0 79.5956
14:59:00 93.0 3603.0 nan 79.61 79.66 79.565 79.58 211.0 79.62 252.0 3603.0 1861.0 1742.0 0.0 79.6231
15:00:00 87.0 3117.0 nan 79.66 79.68 79.57 79.65 50.0 79.67 210.0 3117.0 1751.0 1366.0 0.0 79.6177
15:01:00 85.0 3382.0 nan 79.51 79.64 79.48 79.51 60.0 79.55 65.0 3382.0 1065.0 2317.0 0.0 79.5544
15:02:00 129.0 3489.0 nan 79.63 79.66 79.5 79.64 160.0 79.66 210.0 3489.0 2056.0 1433.0 0.0 79.6236
15:03:00 67.0 1780.0 nan 79.495 79.64 79.49 79.47 321.0 79.51 360.0 1780.0 521.0 1259.0 0.0 79.5648
15:04:00 100.0 4596.0 nan 79.41 79.51 79.41 79.4 40.0 79.41 40.0 4596.0 1992.0 2604.0 0.0 79.4517
15:05:00 82.0 3628.0 nan 79.43 79.44 79.39 79.45 555.0 79.48 179.0 3628.0 1613.0 2015.0 0.0 79.4089
15:06:00 110.0 3231.0 nan 79.54 79.54 79.48 79.52 9.0 79.57 50.0 3231.0 1341.0 1890.0 0.0 79.5056
15:07:00 77.0 2353.0 nan 79.44 79.52 79.44 79.43 252.0 79.45 475.0 2353.0 663.0 1690.0 0.0 79.4922
15:08:00 127.0 4343.0 nan 79.29 79.45 79.29 79.26 150.0 79.3 50.0 4343.0 1510.0 2833.0 0.0 79.4025
15:09:00 111.0 3571.0 nan 79.3 79.32 79.26 79.29 112.0 79.32 654.0 3571.0 1720.0 1851.0 0.0 79.2984
15:10:00 83.0 2513.0 nan 79.32 79.37 79.31 79.3 287.0 79.34 350.0 2513.0 997.0 1516.0 0.0 79.3379
15:11:00 95.0 2486.0 nan 79.26 79.33 79.26 79.26 35.0 79.28 50.0 2486.0 636.0 1850.0 0.0 79.2903
15:12:00 112.0 3394.0 nan 79.34 79.34 79.25 79.34 10.0 79.35 240.0 3394.0 1888.0 1506.0 0.0 79.2835
15:13:00 132.0 5696.0 nan 79.25 79.35 79.19 79.22 200.0 79.25 50.0 5696.0 2479.0 3217.0 0.0 79.2556
15:14:00 123.0 6271.0 nan 79.14 79.24 79.1 79.15 50.0 79.16 200.0 6271.0 1412.0 4859.0 0.0 79.1661
15:15:00 59.0 2964.0 nan 79.16 79.16 79.11 79.16 204.0 79.19 819.0 2964.0 1341.0 1623.0 0.0 79.1313
15:16:00 171.0 6194.0 nan 79.21 79.25 79.15 79.21 261.0 79.23 9.0 6194.0 3160.0 3034.0 0.0 79.1887
15:17:00 113.0 6162.0 nan 79.19 79.24 79.15 79.19 310.0 79.22 730.0 6162.0 1223.0 4939.0 0.0 79.2001
15:18:00 102.0 3253.0 nan 79.21 79.27 79.19 79.2 153.0 79.23 60.0 3253.0 1194.0 2059.0 0.0 79.2247
15:19:00 146.0 6378.0 nan 79.35 79.38 79.2 79.35 400.0 79.38 605.0 6378.0 2273.0 4105.0 0.0 79.3205
15:20:00 93.0 3796.0 nan 79.45 79.48 79.34 79.44 2.0 79.45 151.0 3796.0 1432.0 2364.0 0.0 79.4132
15:21:00 89.0 3973.0 nan 79.49 79.55 79.4 79.45 101.0 79.49 175.0 3973.0 2282.0 1691.0 0.0 79.487
15:22:00 95.0 5066.0 nan 79.49 79.52 79.45 79.47 153.0 79.52 450.0 5066.0 1896.0 3170.0 0.0 79.4938
15:23:00 89.0 2534.0 nan 79.55 79.55 79.42 79.54 81.0 79.56 90.0 2534.0 1339.0 1195.0 0.0 79.4851
15:24:00 74.0 3798.0 nan 79.56 79.6 79.52 79.56 50.0 79.58 200.0 3798.0 819.0 2979.0 0.0 79.5615
15:25:00 138.0 6365.0 nan 79.57 79.6 79.52 79.55 451.0 79.58 2.0 6365.0 2223.0 4142.0 0.0 79.5568
15:26:00 179.0 6452.0 nan 79.44 79.62 79.43 79.43 10.0 79.45 200.0 6452.0 2656.0 3796.0 0.0 79.5384
15:27:00 110.0 4550.0 nan 79.24 79.435 79.24 79.23 1.0 79.25 39.0 4550.0 1019.0 3531.0 0.0 79.3621
15:28:00 127.0 7783.0 nan 79.19 79.26 79.16 79.17 318.0 79.19 5.0 7783.0 2958.0 4825.0 0.0 79.2067
15:29:00 101.0 4440.0 nan 79.15 79.24 79.15 79.14 351.0 79.17 200.0 4440.0 889.0 3551.0 0.0 79.1699
15:30:00 182.0 14280.0 nan 79.1 79.26 79.1 79.1 67.0 79.12 28.0 14280.0 4050.0 10230.0 0.0 79.211
15:31:00 319.0 22816.0 nan 79.04 79.1 78.94 79.03 110.0 79.05 451.0 22816.0 3476.0 19340.0 0.0 79.0025
15:32:00 206.0 11510.0 nan 79.08 79.09 78.93 79.08 10.0 79.1 751.0 11510.0 3730.0 7780.0 0.0 79.0018
15:33:00 139.0 5712.0 nan 79.07 79.18 79.03 79.06 617.0 79.08 501.0 5712.0 2395.0 3317.0 0.0 79.084
15:34:00 221.0 7923.0 nan 78.95 79.06 78.93 78.95 121.0 78.96 310.0 7923.0 2213.0 5710.0 0.0 78.9865
15:35:00 137.0 4894.0 nan 78.94 78.97 78.92 78.95 97.0 78.96 740.0 4894.0 1574.0 3320.0 0.0 78.9366
15:36:00 169.0 6490.0 nan 78.92 78.98 78.89 78.91 251.0 78.92 188.0 6490.0 1861.0 4629.0 0.0 78.9325
15:37:00 217.0 7602.0 nan 79.0 79.02 78.86 79.0 1.0 79.02 1538.0 7602.0 3586.0 4016.0 0.0 78.9405
15:38:00 213.0 8870.0 nan 78.89 79.0 78.82 78.88 81.0 78.91 450.0 8870.0 3335.0 5535.0 0.0 78.8897
15:39:00 168.0 6412.0 nan 78.96 78.995 78.88 78.95 50.0 78.99 1350.0 6412.0 3031.0 3381.0 0.0 78.9292
15:40:00 156.0 6944.0 nan 78.9 79.01 78.9 78.89 59.0 78.91 200.0 6944.0 2525.0 4419.0 0.0 78.9633
15:41:00 193.0 13766.0 nan 78.78 78.94 78.78 78.77 352.0 78.8 200.0 13766.0 2796.0 10970.0 0.0 78.835
15:42:00 221.0 13412.0 nan 78.74 78.82 78.65 78.73 975.0 78.75 194.0 13412.0 6529.0 6883.0 0.0 78.7246
15:43:00 153.0 5441.0 nan 78.7 78.77 78.68 78.7 210.0 78.72 177.0 5441.0 1807.0 3634.0 0.0 78.7262
15:44:00 124.0 6024.0 nan 78.79 78.82 78.71 78.78 400.0 78.79 100.0 6024.0 3963.0 2061.0 0.0 78.7625
15:45:00 219.0 8791.0 nan 78.83 78.85 78.73 78.83 260.0 78.85 210.0 8791.0 4063.0 4728.0 0.0 78.7798
15:46:00 173.0 7236.0 nan 78.8 78.88 78.75 78.79 200.0 78.8 50.0 7236.0 4431.0 2805.0 0.0 78.7978
15:47:00 210.0 10655.0 nan 78.79 78.91 78.74 78.79 150.0 78.8 52.0 10655.0 5467.0 5188.0 0.0 78.8254
15:48:00 178.0 7350.0 nan 78.79 78.835 78.76 78.78 450.0 78.8 300.0 7350.0 2895.0 4455.0 0.0 78.8015
15:49:00 277.0 16940.0 nan 78.86 78.89 78.76 78.87 200.0 78.89 105.0 16940.0 5697.0 11243.0 0.0 78.8351
15:50:00 197.0 6362.0 nan 78.9 78.93 78.84 78.9 283.0 78.91 8.0 6362.0 2800.0 3562.0 0.0 78.8747
15:51:00 331.0 16892.0 nan 78.84 78.92 78.8 78.83 210.0 78.84 126.0 16892.0 7688.0 9204.0 0.0 78.8413
15:52:00 260.0 15548.0 nan 78.99 79.02 78.84 78.98 351.0 78.99 19.0 15548.0 10242.0 5306.0 0.0 78.9549
15:53:00 321.0 19566.0 nan 79.02 79.04 78.94 79.01 200.0 79.02 14.0 19566.0 10149.0 9417.0 0.0 78.9942
15:54:00 251.0 12589.0 nan 78.81 79.01 78.8 78.81 1.0 78.82 1088.0 12589.0 4477.0 8112.0 0.0 78.9235
15:55:00 278.0 15515.0 nan 78.91 78.93 78.79 78.91 100.0 78.92 101.0 15515.0 13023.0 2492.0 0.0 78.8699
15:56:00 442.0 25924.0 nan 79.05 79.09 78.92 79.04 820.0 79.05 411.0 25924.0 15479.0 10445.0 0.0 79.0285
15:57:00 331.0 16815.0 nan 79.09 79.125 79.03 79.09 2103.0 79.1 630.0 16815.0 9229.0 7586.0 0.0 79.0881
15:58:00 485.0 24998.0 nan 79.08 79.12 79.01 79.07 4581.0 79.08 600.0 24998.0 14039.0 10959.0 0.0 79.0695
15:59:00 524.0 30448.0 nan 79.1 79.1 79.03 79.09 3251.0 79.1 842.0 30448.0 17219.0 13229.0 0.0 79.0732
16:00:00 933.0 65508.0 nan 79.04 79.1 79.01 79.04 10857.0 79.06 4418.0 65508.0 30600.0 34908.0 0.0 79.055
16:01:00 5.0 16.0 nan 78.75 79.08 78.75 79.04 4510.0 79.04 20.0 16.0 10.0 6.0 0.0 78.9619
16:02:00 3.0 0.0 nan 79.2 79.2 78.81 79.04 4510.0 79.06 4400.0 nan 0.0 0.0 0.0 nan
16:03:00 3.0 11.0 nan 79.2 79.2 79.04 79.1 1.0 79.06 4400.0 11.0 0.0 11.0 0.0 79.0409
16:04:00 1.0 0.0 nan 79.15 79.15 79.15 79.1 1.0 79.06 4400.0 nan 0.0 0.0 0.0 nan
16:05:00 2.0 1.0 nan 79.1 79.15 79.1 79.04 4510.0 79.06 4400.0 1.0 0.0 1.0 0.0 79.1
16:06:00 0.0 0.0 nan 79.1 nan nan 79.04 4510.0 79.06 4400.0 nan 0.0 0.0 0.0 nan
16:07:00 2.0 4.0 nan 79.0 79.0 79.0 79.04 4510.0 79.0 596.0 4.0 3.0 1.0 0.0 79.0
16:08:00 3.0 598.0 nan 79.21 79.21 79.0 79.04 4510.0 79.06 4400.0 598.0 598.0 0.0 0.0 79.0005
16:09:00 0.0 0.0 nan 79.21 nan nan 79.04 4510.0 79.06 4400.0 nan 0.0 0.0 0.0 nan
16:10:00 1.0 100.0 nan 79.0 79.0 79.0 79.04 4510.0 79.06 4400.0 100.0 0.0 100.0 0.0 79.0
16:11:00 2.0 19.0 nan 79.0 79.0 79.0 79.04 4510.0 79.06 4400.0 19.0 14.0 5.0 0.0 79.0
16:12:00 1.0 69.0 nan 79.0 79.0 79.0 79.04 4510.0 79.0 31.0 69.0 0.0 69.0 0.0 79.0
16:13:00 1.0 31.0 nan 78.99 78.99 78.99 79.04 4510.0 79.06 4400.0 31.0 31.0 0.0 0.0 78.99
16:14:00 0.0 0.0 nan 78.99 nan nan 79.04 4510.0 79.06 4400.0 nan 0.0 0.0 0.0 nan
16:15:00 2.0 6.0 nan 79.0 79.0 79.0 79.04 4510.0 79.06 4400.0 6.0 0.0 6.0 0.0 79.0
16:16:00 0.0 0.0 nan 79.0 nan nan 79.04 4510.0 79.04 1000.0 nan 0.0 0.0 0.0 nan
16:17:00 0.0 0.0 nan 79.0 nan nan 79.04 4510.0 79.04 1000.0 nan 0.0 0.0 0.0 nan
16:18:00 0.0 0.0 nan 79.0 nan nan 79.04 4510.0 79.04 1000.0 nan 0.0 0.0 0.0 nan
16:19:00 0.0 0.0 nan 79.0 nan nan 79.04 4510.0 79.04 1000.0 nan 0.0 0.0 0.0 nan
16:20:00 0.0 0.0 nan 79.0 nan nan 79.04 4510.0 79.04 1000.0 nan 0.0 0.0 0.0 nan
16:21:00 2.0 1000.0 nan 79.04 79.04 79.04 79.1 50.0 79.06 4400.0 1000.0 1000.0 0.0 0.0 79.04
16:22:00 0.0 0.0 nan 79.04 nan nan 79.1 50.0 79.06 4400.0 nan 0.0 0.0 0.0 nan
16:23:00 0.0 0.0 nan 79.04 nan nan 79.1 50.0 79.06 4400.0 nan 0.0 0.0 0.0 nan
16:24:00 0.0 0.0 nan 79.04 nan nan 79.04 4510.0 79.06 4400.0 nan 0.0 0.0 0.0 nan
16:25:00 0.0 0.0 nan 79.04 nan nan 79.05 50.0 79.06 4400.0 nan 0.0 0.0 0.0 nan
16:26:00 2.0 2.0 nan 79.05 79.05 79.05 79.05 49.0 79.06 4400.0 2.0 1.0 1.0 0.0 79.05
16:27:00 1.0 5.0 nan 79.1 79.1 79.1 79.04 4510.0 79.06 4400.0 5.0 5.0 0.0 0.0 79.1
16:28:00 1.0 50.0 nan 79.06 79.06 79.06 79.04 4510.0 79.06 6295.0 50.0 50.0 0.0 0.0 79.06
16:29:00 2.0 394.0 nan 79.06 79.06 79.05 79.04 4510.0 79.06 5901.0 394.0 394.0 0.0 0.0 79.06
16:30:00 0.0 0.0 nan 79.06 nan nan 79.04 4510.0 79.03 1501.0 nan 0.0 0.0 0.0 nan
16:31:00 0.0 0.0 nan 79.06 nan nan 79.04 4510.0 79.06 4400.0 nan 0.0 0.0 0.0 nan
16:32:00 0.0 0.0 nan 79.06 nan nan 79.04 4510.0 79.06 4400.0 nan 0.0 0.0 0.0 nan
16:33:00 1.0 0.0 nan 79.15 79.15 79.15 79.04 4510.0 79.06 4400.0 nan 0.0 0.0 0.0 nan
16:34:00 0.0 0.0 nan 79.15 nan nan 79.04 4510.0 79.04 500.0 nan 0.0 0.0 0.0 nan
16:35:00 6.0 188.0 nan 79.0 79.0 79.0 79.04 4510.0 79.0 500.0 188.0 0.0 188.0 0.0 79.0
16:36:00 5.0 240.0 nan 78.97 78.97 78.97 79.04 4510.0 79.06 4400.0 240.0 240.0 0.0 0.0 78.97
16:37:00 4.0 300.0 nan 78.91 78.97 78.91 79.04 4510.0 79.06 4400.0 300.0 0.0 300.0 0.0 78.97
16:38:00 6.0 250.0 nan 78.97 78.97 78.97 79.04 4510.0 79.06 4400.0 250.0 250.0 0.0 0.0 78.97
16:39:00 0.0 0.0 nan 78.97 nan nan 79.04 4510.0 79.06 4400.0 nan 0.0 0.0 0.0 nan
16:40:00 0.0 0.0 nan 78.97 nan nan 79.04 4510.0 79.06 4400.0 nan 0.0 0.0 0.0 nan
16:41:00 1.0 1.0 nan 79.0 79.0 79.0 79.04 4510.0 79.06 4400.0 1.0 0.0 1.0 0.0 79.0
16:42:00 0.0 0.0 nan 79.0 nan nan 79.04 4510.0 79.06 4400.0 nan 0.0 0.0 0.0 nan
16:43:00 1.0 70.0 nan 79.17 79.17 79.17 79.04 4510.0 79.06 4400.0 70.0 0.0 70.0 0.0 79.17
16:44:00 0.0 0.0 nan 79.17 nan nan 79.04 4510.0 79.06 4400.0 nan 0.0 0.0 0.0 nan
16:45:00 0.0 0.0 nan 79.17 nan nan 79.04 4510.0 79.06 4400.0 nan 0.0 0.0 0.0 nan
16:46:00 0.0 0.0 nan 79.17 nan nan 79.04 4510.0 79.06 4400.0 nan 0.0 0.0 0.0 nan
16:47:00 0.0 0.0 nan 79.17 nan nan 79.04 4510.0 79.06 4400.0 nan 0.0 0.0 0.0 nan
16:48:00 1.0 33.0 nan 78.99 78.99 78.99 79.04 4510.0 79.06 4400.0 33.0 0.0 33.0 0.0 78.99
16:49:00 1.0 6.0 nan 79.0 79.0 79.0 79.04 4510.0 79.06 4400.0 6.0 6.0 0.0 0.0 79.0
16:50:00 0.0 0.0 nan 79.0 nan nan 79.04 4510.0 79.06 4400.0 nan 0.0 0.0 0.0 nan
16:51:00 0.0 0.0 nan 79.0 nan nan 79.04 4510.0 79.06 4400.0 nan 0.0 0.0 0.0 nan
16:52:00 0.0 0.0 nan 79.0 nan nan 79.04 4510.0 79.06 4400.0 nan 0.0 0.0 0.0 nan
16:53:00 0.0 0.0 nan 79.0 nan nan 79.04 4510.0 79.06 4400.0 nan 0.0 0.0 0.0 nan
16:54:00 0.0 0.0 nan 79.0 nan nan 79.04 4510.0 79.06 4400.0 nan 0.0 0.0 0.0 nan
16:55:00 0.0 0.0 nan 79.0 nan nan 79.04 4510.0 79.06 4400.0 nan 0.0 0.0 0.0 nan
16:56:00 0.0 0.0 nan 79.0 nan nan 79.04 4510.0 79.06 4400.0 nan 0.0 0.0 0.0 nan
16:57:00 0.0 0.0 nan 79.0 nan nan 79.04 4510.0 79.06 4400.0 nan 0.0 0.0 0.0 nan
16:58:00 0.0 0.0 nan 79.0 nan nan 79.04 4510.0 79.06 4400.0 nan 0.0 0.0 0.0 nan
16:59:00 0.0 0.0 nan 79.0 nan nan 79.04 4510.0 79.05 30.0 nan 0.0 0.0 0.0 nan
17:00:00 0.0 0.0 nan 79.0 nan nan 79.04 4510.0 79.05 30.0 nan 0.0 0.0 0.0 nan
