time trade_count trade_volume trade_first trade_last trade_high trade_low bid_price bid_size ask_price ask_size hid_vol buy_vol sell_vol unsided_vol vwap
09:00:00 nan 0.0 nan nan nan nan 76.5 1415.0 76.66 100.0 nan 0.0 0.0 0.0 nan
09:01:00 0.0 0.0 nan nan nan nan 76.5 1415.0 76.66 100.0 nan 0.0 0.0 0.0 nan
09:02:00 0.0 0.0 nan nan nan nan 76.5 1415.0 76.66 107.0 nan 0.0 0.0 0.0 nan
09:03:00 0.0 0.0 nan nan nan nan 76.5 1415.0 76.66 107.0 nan 0.0 0.0 0.0 nan
09:04:00 0.0 0.0 nan nan nan nan 76.5 1415.0 76.6 2.0 nan 0.0 0.0 0.0 nan
09:05:00 0.0 0.0 nan nan nan nan 76.5 1415.0 76.6 2.0 nan 0.0 0.0 0.0 nan
09:06:00 0.0 0.0 nan nan nan nan 76.56 50.0 76.66 189.0 nan 0.0 0.0 0.0 nan
09:07:00 8.0 373.0 nan 76.65 76.66 76.51 76.55 300.0 76.66 148.0 373.0 41.0 332.0 0.0 76.5332
09:08:00 7.0 300.0 nan 76.66 76.69 76.52 76.66 32.0 76.66 66.0 300.0 300.0 0.0 0.0 76.682
09:09:00 8.0 214.0 nan 76.66 76.66 76.62 76.65 100.0 76.69 552.0 214.0 100.0 114.0 0.0 76.6585
09:10:00 7.0 385.0 nan 76.65 76.69 76.65 76.51 168.0 76.65 8388.0 385.0 285.0 100.0 0.0 76.6793
09:11:00 2.0 90.0 nan 76.65 76.65 76.65 76.51 168.0 76.65 8298.0 90.0 90.0 0.0 0.0 76.65
09:12:00 3.0 140.0 nan 76.52 76.65 76.52 76.51 168.0 76.65 8283.0 140.0 140.0 0.0 0.0 76.65
09:13:00 3.0 310.0 nan 76.63 76.63 76.6 76.58 25.0 76.63 415.0 310.0 310.0 0.0 0.0 76.6179
09:14:00 1.0 140.0 nan 76.65 76.65 76.65 76.51 168.0 76.62 100.0 140.0 140.0 0.0 0.0 76.65
09:15:00 0.0 0.0 nan 76.65 nan nan 76.51 168.0 76.62 100.0 nan 0.0 0.0 0.0 nan
09:16:00 2.0 90.0 nan 76.65 76.65 76.62 76.51 180.0 76.65 7978.0 90.0 90.0 0.0 0.0 76.6333
09:17:00 0.0 0.0 nan 76.65 nan nan 76.51 180.0 76.65 7981.0 nan 0.0 0.0 0.0 nan
09:18:00 0.0 0.0 nan 76.65 nan nan 76.51 180.0 76.64 3.0 nan 0.0 0.0 0.0 nan
09:19:00 0.0 0.0 nan 76.65 nan nan 76.51 180.0 76.63 1.0 nan 0.0 0.0 0.0 nan
09:20:00 1.0 1.0 nan 76.63 76.63 76.63 76.62 300.0 76.64 3.0 1.0 1.0 0.0 0.0 76.63
09:21:00 37.0 8873.0 nan 76.81 76.81 76.62 76.61 12.0 76.9 15.0 8873.0 8573.0 300.0 0.0 76.6524
09:22:00 24.0 953.0 nan 77.25 77.25 76.89 76.7 11.0 77.32 14.0 953.0 523.0 430.0 0.0 77.0198
09:23:00 0.0 0.0 nan 77.25 nan nan 76.51 179.0 76.98 400.0 nan 0.0 0.0 0.0 nan
09:24:00 0.0 0.0 nan 77.25 nan nan 76.52 212.0 76.98 400.0 nan 0.0 0.0 0.0 nan
09:25:00 1.0 0.0 nan 76.97 76.97 76.97 76.52 212.0 76.98 400.0 nan 0.0 0.0 0.0 nan
09:26:00 0.0 0.0 nan 76.97 nan nan 76.52 212.0 76.98 815.0 nan 0.0 0.0 0.0 nan
09:27:00 9.0 886.0 nan 77.01 77.01 76.97 76.52 200.0 77.38 50.0 886.0 886.0 0.0 0.0 76.9824
09:28:00 4.0 106.0 nan 77.0 77.05 77.0 76.52 200.0 77.0 367.0 106.0 3.0 103.0 0.0 77.0472
09:29:00 7.0 406.0 nan 77.05 77.05 76.99 77.05 100.0 77.26 1000.0 406.0 389.0 17.0 0.0 77.0027
09:30:00 67.0 5204.0 nan 78.0 78.04 77.26 77.89 100.0 78.25 1.0 5204.0 3810.0 1394.0 0.0 77.8322
09:31:00 1002.0 73108.0 nan 79.29 79.4 77.28 79.29 27.0 79.4 1035.0 73108.0 46532.0 26576.0 0.0 78.5508
09:32:00 1006.0 60225.0 nan 78.74 79.69 78.66 78.73 900.0 78.9 425.0 60225.0 15358.0 44867.0 0.0 79.3023
09:33:00 443.0 26583.0 nan 79.41 79.64 78.67 79.41 400.0 79.48 330.0 26583.0 12103.0 14480.0 0.0 79.2883
09:34:00 815.0 61639.0 nan 79.71 79.83 79.25 79.65 25.0 79.75 400.0 61639.0 32797.0 28842.0 0.0 79.5484
09:35:00 703.0 53038.0 nan 79.89 79.95 79.53 79.81 201.0 79.9 100.0 53038.0 25574.0 27464.0 0.0 79.8076
09:36:00 699.0 59634.0 nan 80.12 80.23 79.81 80.09 200.0 80.16 100.0 59634.0 44277.0 15357.0 0.0 80.0372
09:37:00 606.0 45059.0 nan 80.29 80.38 80.09 80.31 100.0 80.35 300.0 45059.0 20278.0 24781.0 0.0 80.2646
09:38:00 862.0 64227.0 nan 80.52 80.6 80.16 80.5 450.0 80.56 38.0 64227.0 35310.0 28917.0 0.0 80.4233
09:39:00 537.0 33230.0 nan 80.9 80.91 80.41 80.89 1.0 80.92 238.0 33230.0 20341.0 12889.0 0.0 80.5706
09:40:00 459.0 26777.0 nan 80.76 80.98 80.56 80.74 200.0 80.79 200.0 26777.0 9183.0 17594.0 0.0 80.7555
09:41:00 1351.0 110194.0 nan 82.2 82.2 80.765 82.1 100.0 82.22 583.0 110194.0 82655.0 27539.0 0.0 81.53
09:42:00 1090.0 77310.0 nan 81.72 82.18 81.57 81.71 600.0 81.78 300.0 77310.0 21374.0 55936.0 0.0 81.9368
09:43:00 385.0 23058.0 nan 81.7 82.03 81.65 81.66 200.0 81.71 100.0 23058.0 8547.0 14511.0 0.0 81.8524
09:44:00 385.0 23514.0 nan 81.83 81.88 81.55 81.83 200.0 81.88 30.0 23514.0 9722.0 13792.0 0.0 81.7102
09:45:00 372.0 27423.0 nan 81.9 82.02 81.74 81.88 50.0 81.9 200.0 27423.0 16191.0 11232.0 0.0 81.9002
09:46:00 609.0 32813.0 nan 81.89 81.99 81.82 81.85 100.0 81.91 50.0 32813.0 18387.0 14426.0 0.0 81.9179
09:47:00 489.0 28337.0 nan 81.66 81.88 81.61 81.66 100.0 81.7 400.0 28337.0 8766.0 19571.0 0.0 81.7808
09:48:00 637.0 31040.0 nan 81.77 81.77 81.24 81.73 150.0 81.78 300.0 31040.0 12194.0 18846.0 0.0 81.5288
09:49:00 564.0 27583.0 nan 81.84 81.99 81.77 81.82 200.0 81.84 40.0 27583.0 13577.0 14006.0 0.0 81.9
09:50:00 672.0 49177.0 nan 82.06 82.1 81.8 82.06 401.0 82.09 105.0 49177.0 34081.0 15096.0 0.0 81.9457
09:51:00 885.0 63289.0 nan 82.72 82.93 82.09 82.72 416.0 82.76 600.0 63289.0 40289.0 23000.0 0.0 82.5624
09:52:00 450.0 44852.0 nan 83.2 83.2 82.6 83.13 261.0 83.2 896.0 44852.0 33849.0 11003.0 0.0 82.9084
09:53:00 627.0 46257.0 nan 83.33 83.45 83.08 83.29 150.0 83.37 250.0 46257.0 26001.0 20256.0 0.0 83.2357
09:54:00 361.0 18665.0 nan 83.04 83.34 83.02 83.04 240.0 83.08 8.0 18665.0 4962.0 13703.0 0.0 83.2061
09:55:00 495.0 26548.0 nan 83.14 83.25 82.91 83.08 270.0 83.16 240.0 26548.0 13274.0 13274.0 0.0 83.1035
09:56:00 444.0 25569.0 nan 83.01 83.27 82.87 82.98 210.0 83.01 341.0 25569.0 13502.0 12067.0 0.0 83.0685
09:57:00 393.0 21444.0 nan 83.46 83.49 83.0 83.43 811.0 83.47 300.0 21444.0 13847.0 7597.0 0.0 83.3
09:58:00 604.0 37725.0 nan 83.68 83.79 83.36 83.67 100.0 83.71 300.0 37725.0 21789.0 15936.0 0.0 83.5725
09:59:00 374.0 18492.0 nan 83.72 83.81 83.57 83.68 1300.0 83.72 100.0 18492.0 9181.0 9311.0 0.0 83.67
10:00:00 656.0 41246.0 nan 84.01 84.12 83.68 83.98 137.0 84.03 30.0 41246.0 25471.0 15775.0 0.0 83.9008
10:01:00 1004.0 68083.0 nan 84.4 84.55 83.99 84.38 1723.0 84.42 426.0 68083.0 33228.0 34855.0 0.0 84.3733
10:02:00 1031.0 59388.0 nan 84.59 84.59 84.11 84.59 1.0 84.6 910.0 59388.0 27244.0 32144.0 0.0 84.332
10:03:00 700.0 41439.0 nan 84.7 84.85 84.49 84.67 288.0 84.71 266.0 41439.0 20347.0 21092.0 0.0 84.6557
10:04:00 982.0 65895.0 nan 85.05 85.07 84.66 85.03 1104.0 85.06 25.0 65895.0 44868.0 21027.0 0.0 84.9014
10:05:00 714.0 45431.0 nan 85.18 85.18 84.97 85.16 472.0 85.19 210.0 45431.0 22238.0 23193.0 0.0 85.035
10:06:00 668.0 42896.0 nan 85.36 85.39 85.1 85.35 8.0 85.38 200.0 42896.0 17280.0 25616.0 0.0 85.2644
10:07:00 987.0 53973.0 nan 84.92 85.39 84.79 84.88 802.0 84.91 62.0 53973.0 16840.0 37133.0 0.0 85.0681
10:08:00 798.0 49249.0 nan 85.07 85.07 84.79 85.04 400.0 85.08 8.0 49249.0 20736.0 28513.0 0.0 84.9267
10:09:00 396.0 29640.0 nan 85.14 85.34 84.99 85.13 930.0 85.19 152.0 29640.0 13213.0 16427.0 0.0 85.1667
10:10:00 834.0 60121.0 nan 85.09 85.73 85.09 85.08 100.0 85.09 400.0 60121.0 36693.0 23428.0 0.0 85.4448
10:11:00 941.0 52950.0 nan 84.63 85.25 84.56 84.57 150.0 84.64 400.0 52950.0 15335.0 37615.0 0.0 84.8518
10:12:00 470.0 37583.0 nan 84.485 84.8 84.46 84.47 50.0 84.51 450.0 37583.0 18149.0 19434.0 0.0 84.6179
10:13:00 399.0 30419.0 nan 84.325 84.7 84.31 84.3 218.0 84.35 439.0 30419.0 10617.0 19802.0 0.0 84.4938
10:14:00 431.0 29778.0 nan 84.5 84.54 84.24 84.49 202.0 84.52 600.0 29778.0 19350.0 10428.0 0.0 84.3864
10:15:00 321.0 18392.0 nan 84.4 84.53 84.19 84.36 100.0 84.4 150.0 18392.0 9083.0 9309.0 0.0 84.3101
10:16:00 461.0 31827.0 nan 84.18 84.4 84.11 84.17 800.0 84.22 241.0 31827.0 10967.0 20860.0 0.0 84.2516
10:17:00 308.0 17084.0 nan 84.1 84.22 84.06 84.1 206.0 84.15 540.0 17084.0 9157.0 7927.0 0.0 84.1113
10:18:00 709.0 44771.0 nan 84.19 84.39 84.1 84.18 2.0 84.2 220.0 44771.0 20558.0 24213.0 0.0 84.2319
10:19:00 453.0 44306.0 nan 83.92 84.22 83.92 83.92 79.0 83.95 638.0 44306.0 8264.0 36042.0 0.0 84.0625
10:20:00 534.0 40545.0 nan 83.75 84.0 83.73 83.74 550.0 83.77 220.0 40545.0 19933.0 20612.0 0.0 83.8175
10:21:00 349.0 26859.0 nan 83.72 83.81 83.55 83.72 450.0 83.76 41.0 26859.0 10990.0 15869.0 0.0 83.727
10:22:00 315.0 14696.0 nan 83.76 83.8 83.72 83.75 400.0 83.78 270.0 14696.0 6294.0 8402.0 0.0 83.775
10:23:00 633.0 40507.0 nan 83.38 83.81 83.34 83.37 100.0 83.4 140.0 40507.0 14918.0 25589.0 0.0 83.6317
10:24:00 304.0 20070.0 nan 83.66 83.67 83.31 83.62 497.0 83.68 450.0 20070.0 9683.0 10387.0 0.0 83.4347
10:25:00 391.0 24873.0 nan 83.7 83.79 83.44 83.7 100.0 83.75 50.0 24873.0 12273.0 12600.0 0.0 83.6404
10:26:00 215.0 10981.0 nan 83.59 83.8 83.46 83.55 150.0 83.66 350.0 10981.0 5174.0 5807.0 0.0 83.6989
10:27:00 200.0 8042.0 nan 83.525 83.79 83.51 83.5 445.0 83.55 70.0 8042.0 4638.0 3404.0 0.0 83.7103
10:28:00 169.0 9025.0 nan 83.4 83.52 83.38 83.4 299.0 83.44 320.0 9025.0 3631.0 5394.0 0.0 83.435
10:29:00 386.0 20269.0 nan 83.49 83.57 83.28 83.47 100.0 83.5 152.0 20269.0 9248.0 11021.0 0.0 83.3957
10:30:00 626.0 34174.0 nan 83.88 83.93 83.39 83.87 250.0 83.91 100.0 34174.0 20396.0 13778.0 0.0 83.6467
10:31:00 402.0 21451.0 nan 83.615 83.92 83.55 83.6 250.0 83.63 22.0 21451.0 7603.0 13848.0 0.0 83.7583
10:32:00 264.0 13181.0 nan 83.46 83.72 83.41 83.45 100.0 83.51 50.0 13181.0 7904.0 5277.0 0.0 83.5508
10:33:00 176.0 16458.0 nan 83.61 83.61 83.34 83.59 190.0 83.64 700.0 16458.0 7451.0 9007.0 0.0 83.4358
10:34:00 277.0 16939.0 nan 83.28 83.7 83.18 83.22 1050.0 83.3 150.0 16939.0 7024.0 9915.0 0.0 83.3358
10:35:00 185.0 8641.0 nan 83.18 83.33 83.1 83.16 3.0 83.19 39.0 8641.0 2360.0 6281.0 0.0 83.2074
10:36:00 128.0 5657.0 nan 83.05 83.34 83.03 83.03 329.0 83.06 5.0 5657.0 2004.0 3653.0 0.0 83.1545
10:37:00 115.0 4331.0 nan 83.19 83.22 83.04 83.15 250.0 83.2 1340.0 4331.0 2592.0 1739.0 0.0 83.1332
10:38:00 148.0 7823.0 nan 83.3 83.31 83.06 83.24 1200.0 83.31 150.0 7823.0 3591.0 4232.0 0.0 83.1646
10:39:00 160.0 13783.0 nan 83.155 83.43 83.11 83.13 21.0 83.18 100.0 13783.0 8040.0 5743.0 0.0 83.3134
10:40:00 199.0 14348.0 nan 82.91 83.15 82.88 82.86 105.0 82.91 50.0 14348.0 3497.0 10851.0 0.0 82.9902
10:41:00 196.0 11089.0 nan 82.84 82.93 82.72 82.83 139.0 82.86 53.0 11089.0 4359.0 6730.0 0.0 82.8061
10:42:00 159.0 8586.0 nan 82.71 82.85 82.71 82.71 1054.0 82.77 450.0 8586.0 2206.0 6380.0 0.0 82.7926
10:43:00 240.0 15159.0 nan 82.62 82.76 82.51 82.61 9.0 82.64 150.0 15159.0 3440.0 11719.0 0.0 82.6226
10:44:00 235.0 11443.0 nan 82.58 82.7 82.54 82.57 2.0 82.6 150.0 11443.0 4594.0 6849.0 0.0 82.6112
10:45:00 156.0 8539.0 nan 82.68 82.68 82.51 82.65 150.0 82.7 650.0 8539.0 4117.0 4422.0 0.0 82.5734
10:46:00 275.0 23370.0 nan 82.421 82.68 82.36 82.42 150.0 82.47 200.0 23370.0 5546.0 17824.0 0.0 82.518
10:47:00 204.0 7924.0 nan 82.42 82.5 82.28 82.37 330.0 82.44 300.0 7924.0 3496.0 4428.0 0.0 82.3737
10:48:00 267.0 12746.0 nan 82.32 82.51 82.22 82.29 9.0 82.34 200.0 12746.0 3845.0 8901.0 0.0 82.3476
10:49:00 378.0 28788.0 nan 82.08 82.36 82.03 82.05 20.0 82.08 19.0 28788.0 12334.0 16454.0 0.0 82.1929
10:50:00 437.0 25837.0 nan 82.05 82.08 81.9 82.04 100.0 82.07 121.0 25837.0 7960.0 17877.0 0.0 82.003
10:51:00 225.0 7938.0 nan 82.27 82.29 81.97 82.23 260.0 82.27 100.0 7938.0 5599.0 2339.0 0.0 82.0978
10:52:00 251.0 18029.0 nan 82.65 82.69 82.12 82.61 443.0 82.67 363.0 18029.0 13162.0 4867.0 0.0 82.3141
10:53:00 162.0 7255.0 nan 82.49 82.65 82.37 82.43 600.0 82.53 701.0 7255.0 2480.0 4775.0 0.0 82.5021
10:54:00 80.0 3499.0 nan 82.65 82.72 82.53 82.61 1.0 82.67 13.0 3499.0 1936.0 1563.0 0.0 82.6211
10:55:00 132.0 5829.0 nan 82.65 82.82 82.58 82.61 250.0 82.67 998.0 5829.0 3707.0 2122.0 0.0 82.7125
10:56:00 105.0 5212.0 nan 82.37 82.62 82.3 82.34 90.0 82.37 1100.0 5212.0 1604.0 3608.0 0.0 82.4163
10:57:00 177.0 12882.0 nan 82.195 82.34 82.1 82.19 301.0 82.22 26.0 12882.0 5597.0 7285.0 0.0 82.1832
10:58:00 71.0 2159.0 nan 82.27 82.32 82.15 82.22 1000.0 82.3 95.0 2159.0 1015.0 1144.0 0.0 82.2027
10:59:00 164.0 7282.0 nan 82.29 82.37 82.21 82.28 174.0 82.38 38.0 7282.0 3470.0 3812.0 0.0 82.2946
11:00:00 85.0 2051.0 nan 82.23 82.34 82.22 82.22 1765.0 82.28 1.0 2051.0 679.0 1372.0 0.0 82.2934
11:01:00 294.0 18799.0 nan 81.83 82.23 81.81 81.8 756.0 81.84 493.0 18799.0 1983.0 16816.0 0.0 82.0078
11:02:00 381.0 19583.0 nan 81.52 81.8 81.52 81.52 400.0 81.55 250.0 19583.0 6253.0 13330.0 0.0 81.6478
11:03:00 294.0 14445.0 nan 81.43 81.52 81.25 81.37 5.0 81.45 1050.0 14445.0 5774.0 8671.0 0.0 81.3969
11:04:00 114.0 5604.0 nan 81.72 81.74 81.44 81.68 3.0 81.73 650.0 5604.0 4608.0 996.0 0.0 81.5896
11:05:00 115.0 5347.0 nan 81.54 81.72 81.51 81.53 751.0 81.59 350.0 5347.0 811.0 4536.0 0.0 81.5999
11:06:00 188.0 11090.0 nan 81.88 81.91 81.58 81.86 648.0 81.94 700.0 11090.0 8084.0 3006.0 0.0 81.803
11:07:00 172.0 9655.0 nan 82.34 82.4 81.87 82.3 301.0 82.35 184.0 9655.0 5953.0 3702.0 0.0 82.1418
11:08:00 137.0 10441.0 nan 82.3 82.3 82.12 82.26 163.0 82.32 1.0 10441.0 3884.0 6557.0 0.0 82.2015
11:09:00 203.0 13141.0 nan 82.275 82.41 82.09 82.24 1750.0 82.31 300.0 13141.0 6168.0 6973.0 0.0 82.287
11:10:00 134.0 7714.0 nan 82.03 82.24 81.93 82.0 255.0 82.06 300.0 7714.0 1841.0 5873.0 0.0 82.1018
11:11:00 83.0 4422.0 nan 82.03 82.2 81.96 82.01 2.0 82.06 100.0 4422.0 2538.0 1884.0 0.0 82.0694
11:12:00 127.0 5459.0 nan 81.9 82.07 81.89 81.88 178.0 81.91 100.0 5459.0 2182.0 3277.0 0.0 81.9873
11:13:00 113.0 5147.0 nan 82.0 82.04 81.86 81.96 216.0 82.03 206.0 5147.0 2607.0 2540.0 0.0 81.9062
11:14:00 188.0 6737.0 nan 82.08 82.08 81.89 82.05 1174.0 82.09 35.0 6737.0 4735.0 2002.0 0.0 81.9868
11:15:00 94.0 4647.0 nan 81.89 82.1 81.89 81.88 1.0 81.94 90.0 4647.0 778.0 3869.0 0.0 81.9981
11:16:00 100.0 4582.0 nan 81.94 81.98 81.86 81.92 12.0 82.0 50.0 4582.0 1888.0 2694.0 0.0 81.9037
11:17:00 53.0 2169.0 nan 81.96 81.96 81.86 81.94 115.0 81.99 250.0 2169.0 741.0 1428.0 0.0 81.9007
11:18:00 135.0 3676.0 nan 82.16 82.19 81.94 82.11 276.0 82.18 120.0 3676.0 1907.0 1769.0 0.0 82.1084
11:19:00 249.0 12779.0 nan 81.56 82.11 81.51 81.56 314.0 81.62 300.0 12779.0 3633.0 9146.0 0.0 81.7836
11:20:00 169.0 7383.0 nan 81.37 81.63 81.34 81.37 230.0 81.42 218.0 7383.0 1609.0 5774.0 0.0 81.5058
11:21:00 429.0 25822.0 nan 81.15 81.37 81.01 81.13 2.0 81.17 50.0 25822.0 8499.0 17323.0 0.0 81.1621
11:22:00 96.0 3137.0 nan 81.01 81.16 81.01 81.01 927.0 81.06 87.0 3137.0 986.0 2151.0 0.0 81.0902
11:23:00 241.0 11960.0 nan 81.0 81.16 80.94 80.99 330.0 81.04 100.0 11960.0 4404.0 7556.0 0.0 81.0383
11:24:00 153.0 6599.0 nan 81.26 81.26 81.05 81.18 101.0 81.25 150.0 6599.0 3731.0 2868.0 0.0 81.1537
11:25:00 78.0 2863.0 nan 81.25 81.34 81.19 81.23 152.0 81.3 350.0 2863.0 1256.0 1607.0 0.0 81.2863
11:26:00 132.0 6372.0 nan 81.12 81.28 81.05 81.1 100.0 81.16 150.0 6372.0 2242.0 4130.0 0.0 81.1367
11:27:00 107.0 4662.0 nan 81.15 81.18 81.08 81.13 181.0 81.19 300.0 4662.0 916.0 3746.0 0.0 81.1502
11:28:00 116.0 5219.0 nan 81.46 81.46 81.11 81.43 1.0 81.47 301.0 5219.0 4525.0 694.0 0.0 81.3136
11:29:00 160.0 5250.0 nan 81.29 81.55 81.14 81.22 50.0 81.3 150.0 5250.0 2373.0 2877.0 0.0 81.377
11:30:00 161.0 6600.0 nan 81.29 81.37 81.19 81.26 923.0 81.32 1350.0 6600.0 3698.0 2902.0 0.0 81.2804
11:31:00 268.0 10167.0 nan 81.03 81.32 80.99 80.99 230.0 81.06 360.0 10167.0 3352.0 6815.0 0.0 81.1477
11:32:00 150.0 10980.0 nan 81.0 81.08 80.91 81.0 63.0 81.08 64.0 10980.0 8095.0 2885.0 0.0 81.0007
11:33:00 133.0 4887.0 nan 80.87 81.025 80.83 80.84 11.0 80.9 334.0 4887.0 1224.0 3663.0 0.0 80.9059
11:34:00 185.0 8843.0 nan 80.73 80.84 80.66 80.74 1.0 80.78 54.0 8843.0 3673.0 5170.0 0.0 80.7459
11:35:00 137.0 6540.0 nan 80.78 80.81 80.69 80.77 611.0 80.8 138.0 6540.0 3435.0 3105.0 0.0 80.7681
11:36:00 253.0 9476.0 nan 80.89 80.98 80.75 80.89 200.0 80.92 100.0 9476.0 6224.0 3252.0 0.0 80.8667
11:37:00 113.0 5500.0 nan 81.0 81.18 80.9 80.98 401.0 81.04 600.0 5500.0 3138.0 2362.0 0.0 81.0436
11:38:00 207.0 14312.0 nan 80.77 81.11 80.76 80.76 150.0 80.8 61.0 14312.0 9062.0 5250.0 0.0 80.8875
11:39:00 102.0 4703.0 nan 80.86 80.98 80.77 80.87 1.0 80.96 188.0 4703.0 3994.0 709.0 0.0 80.8659
11:40:00 51.0 1584.0 nan 80.89 80.9 80.765 80.82 50.0 80.89 5.0 1584.0 859.0 725.0 0.0 80.8386
11:41:00 83.0 3008.0 nan 80.93 81.02 80.87 80.9 351.0 80.95 280.0 3008.0 2016.0 992.0 0.0 80.9506
11:42:00 99.0 3447.0 nan 80.7 80.9 80.69 80.68 3.0 80.71 100.0 3447.0 1204.0 2243.0 0.0 80.763
11:43:00 93.0 3647.0 nan 80.68 80.74 80.61 80.65 95.0 80.7 390.0 3647.0 1493.0 2154.0 0.0 80.6711
11:44:00 100.0 4622.0 nan 80.6 80.65 80.51 80.55 650.0 80.6 4.0 4622.0 1498.0 3124.0 0.0 80.5851
11:45:00 115.0 4311.0 nan 80.65 80.65 80.53 80.62 350.0 80.66 80.0 4311.0 2410.0 1901.0 0.0 80.5853
11:46:00 232.0 9821.0 nan 80.46 80.68 80.45 80.45 160.0 80.49 150.0 9821.0 3134.0 6687.0 0.0 80.5621
11:47:00 195.0 10545.0 nan 80.25 80.47 80.22 80.25 123.0 80.3 293.0 10545.0 3933.0 6612.0 0.0 80.3611
11:48:00 147.0 8660.0 nan 80.21 80.31 80.21 80.21 500.0 80.23 100.0 8660.0 2127.0 6533.0 0.0 80.245
11:49:00 273.0 22857.0 nan 80.07 80.27 80.06 80.07 2.0 80.1 1000.0 22857.0 9084.0 13773.0 0.0 80.1817
11:50:00 338.0 24212.0 nan 80.02 80.17 79.96 80.02 600.0 80.05 100.0 24212.0 9983.0 14229.0 0.0 80.0481
11:51:00 164.0 14197.0 nan 79.92 80.11 79.92 79.92 147.0 79.97 50.0 14197.0 5203.0 8994.0 0.0 80.0116
11:52:00 222.0 25624.0 nan 79.9 79.97 79.85 79.89 251.0 79.93 300.0 25624.0 9680.0 15944.0 0.0 79.9102
11:53:00 220.0 18919.0 nan 79.82 80.02 79.79 79.76 1671.0 79.82 200.0 18919.0 6477.0 12442.0 0.0 79.8996
11:54:00 103.0 4283.0 nan 79.91 79.99 79.81 79.92 50.0 79.96 201.0 4283.0 3009.0 1274.0 0.0 79.916
11:55:00 196.0 11051.0 nan 80.14 80.32 79.91 80.13 250.0 80.19 100.0 11051.0 8315.0 2736.0 0.0 80.1367
11:56:00 121.0 7738.0 nan 80.015 80.17 80.005 80.0 810.0 80.06 50.0 7738.0 1979.0 5759.0 0.0 80.0755
11:57:00 75.0 2775.0 nan 79.87 80.06 79.87 79.85 250.0 79.9 750.0 2775.0 291.0 2484.0 0.0 79.966
11:58:00 174.0 9757.0 nan 79.83 79.9 79.8 79.79 600.0 79.84 350.0 9757.0 4184.0 5573.0 0.0 79.8606
11:59:00 79.0 4399.0 nan 79.78 79.88 79.78 79.79 150.0 79.85 20.0 4399.0 3241.0 1158.0 0.0 79.8216
12:00:00 118.0 5402.0 nan 80.07 80.14 79.83 80.06 200.0 80.11 550.0 5402.0 4261.0 1141.0 0.0 79.9959
12:01:00 90.0 3222.0 nan 80.08 80.11 79.95 80.08 350.0 80.14 150.0 3222.0 1419.0 1803.0 0.0 80.0165
12:02:00 88.0 3288.0 nan 80.0 80.155 79.99 79.99 50.0 80.02 220.0 3288.0 803.0 2485.0 0.0 80.0488
12:03:00 176.0 15419.0 nan 80.07 80.09 79.94 80.05 224.0 80.07 61.0 15419.0 12979.0 2440.0 0.0 80.0078
12:04:00 118.0 5962.0 nan 80.08 80.13 79.97 80.06 298.0 80.11 300.0 5962.0 2662.0 3300.0 0.0 80.0232
12:05:00 137.0 7132.0 nan 79.95 80.2 79.92 79.95 956.0 80.0 131.0 7132.0 3366.0 3766.0 0.0 80.0662
12:06:00 149.0 6110.0 nan 80.08 80.08 79.97 80.05 520.0 80.1 650.0 6110.0 3071.0 3039.0 0.0 80.0151
12:07:00 126.0 11578.0 nan 79.88 80.11 79.86 79.85 1725.0 79.88 68.0 11578.0 1753.0 9825.0 0.0 79.9964
12:08:00 239.0 23356.0 nan 79.64 79.97 79.56 79.63 1237.0 79.67 2696.0 23356.0 9774.0 13582.0 0.0 79.7185
12:09:00 143.0 14741.0 nan 79.69 79.71 79.58 79.71 603.0 79.72 194.0 14741.0 11243.0 3498.0 0.0 79.6242
12:10:00 167.0 7383.0 nan 79.48 79.73 79.43 79.43 723.0 79.48 251.0 7383.0 2335.0 5048.0 0.0 79.565
12:11:00 158.0 9234.0 nan 79.53 79.54 79.3 79.5 250.0 79.55 200.0 9234.0 4801.0 4433.0 0.0 79.3998
12:12:00 98.0 4311.0 nan 79.53 79.58 79.49 79.52 227.0 79.55 50.0 4311.0 2301.0 2010.0 0.0 79.5405
12:13:00 175.0 9332.0 nan 79.37 79.56 79.31 79.35 100.0 79.38 100.0 9332.0 5892.0 3440.0 0.0 79.3698
12:14:00 166.0 7741.0 nan 79.49 79.51 79.29 79.48 1050.0 79.55 50.0 7741.0 5197.0 2544.0 0.0 79.3756
12:15:00 109.0 4622.0 nan 79.8 79.86 79.52 79.78 200.0 79.81 216.0 4622.0 1936.0 2686.0 0.0 79.7756
12:16:00 132.0 7394.0 nan 79.84 79.96 79.74 79.83 50.0 79.88 177.0 7394.0 3820.0 3574.0 0.0 79.8595
12:17:00 119.0 4328.0 nan 79.7 79.855 79.65 79.7 99.0 79.75 112.0 4328.0 1405.0 2923.0 0.0 79.7496
12:18:00 100.0 3306.0 nan 79.69 79.85 79.68 79.69 193.0 79.72 150.0 3306.0 955.0 2351.0 0.0 79.7574
12:19:00 128.0 5626.0 nan 79.77 79.78 79.65 79.76 202.0 79.79 50.0 5626.0 2969.0 2657.0 0.0 79.7306
12:20:00 128.0 4821.0 nan 79.7 79.78 79.66 79.67 89.0 79.7 243.0 4821.0 2025.0 2796.0 0.0 79.7186
12:21:00 223.0 9032.0 nan 79.7 79.77 79.58 79.67 1.0 79.72 250.0 9032.0 4557.0 4475.0 0.0 79.668
12:22:00 88.0 3912.0 nan 79.69 79.79 79.68 79.66 386.0 79.71 19.0 3912.0 2329.0 1583.0 0.0 79.7493
12:23:00 132.0 7153.0 nan 79.53 79.7 79.46 79.53 200.0 79.54 1.0 7153.0 1395.0 5758.0 0.0 79.5495
12:24:00 170.0 8001.0 nan 79.61 79.66 79.53 79.57 831.0 79.63 50.0 8001.0 3693.0 4308.0 0.0 79.6127
12:25:00 124.0 4475.0 nan 79.61 79.65 79.52 79.59 300.0 79.63 350.0 4475.0 3249.0 1226.0 0.0 79.5705
12:26:00 147.0 8747.0 nan 79.67 79.77 79.6 79.65 1.0 79.7 63.0 8747.0 2601.0 6146.0 0.0 79.7373
12:27:00 84.0 4052.0 nan 79.67 79.68 79.6 79.66 415.0 79.69 875.0 4052.0 717.0 3335.0 0.0 79.663
12:28:00 124.0 4575.0 nan 79.685 79.78 79.66 79.68 350.0 79.72 101.0 4575.0 2492.0 2083.0 0.0 79.7173
12:29:00 190.0 6516.0 nan 79.5 79.68 79.4 79.48 110.0 79.51 399.0 6516.0 2004.0 4512.0 0.0 79.5381
12:30:00 107.0 4339.0 nan 79.45 79.52 79.4 79.43 139.0 79.47 647.0 4339.0 2951.0 1388.0 0.0 79.4657
12:31:00 78.0 2443.0 nan 79.48 79.55 79.43 79.47 110.0 79.5 400.0 2443.0 686.0 1757.0 0.0 79.4989
12:32:00 94.0 3326.0 nan 79.55 79.55 79.39 79.52 400.0 79.55 100.0 3326.0 2181.0 1145.0 0.0 79.4824
12:33:00 96.0 2824.0 nan 79.46 79.53 79.39 79.44 65.0 79.49 150.0 2824.0 888.0 1936.0 0.0 79.4489
12:34:00 200.0 8760.0 nan 79.53 79.79 79.49 79.5 400.0 79.53 63.0 8760.0 4495.0 4265.0 0.0 79.5933
12:35:00 153.0 6093.0 nan 79.28 79.5 79.24 79.25 25.0 79.28 150.0 6093.0 1525.0 4568.0 0.0 79.3639
12:36:00 99.0 3769.0 nan 79.19 79.29 79.16 79.16 151.0 79.2 25.0 3769.0 1232.0 2537.0 0.0 79.2056
12:37:00 245.0 15593.0 nan 78.95 79.19 78.9 78.92 201.0 78.96 1000.0 15593.0 2773.0 12820.0 0.0 79.0199
12:38:00 107.0 4952.0 nan 78.98 79.03 78.9 78.96 1.0 79.05 450.0 4952.0 3941.0 1011.0 0.0 78.9807
12:39:00 53.0 1434.0 nan 78.99 79.0 78.94 78.97 117.0 79.02 50.0 1434.0 364.0 1070.0 0.0 78.9632
12:40:00 178.0 6082.0 nan 79.03 79.13 78.98 79.01 261.0 79.05 300.0 6082.0 3047.0 3035.0 0.0 79.0341
12:41:00 53.0 2193.0 nan 79.12 79.12 78.97 79.08 218.0 79.13 250.0 2193.0 1068.0 1125.0 0.0 79.043
12:42:00 119.0 4206.0 nan 79.26 79.38 79.07 79.19 166.0 79.24 522.0 4206.0 1840.0 2366.0 0.0 79.2696
12:43:00 31.0 3031.0 nan 79.22 79.28 79.19 79.19 182.0 79.24 15.0 3031.0 2629.0 402.0 0.0 79.2506
12:44:00 122.0 3407.0 nan 79.16 79.24 79.14 79.16 50.0 79.18 228.0 3407.0 1381.0 2026.0 0.0 79.1927
12:45:00 150.0 4992.0 nan 79.14 79.18 79.09 79.14 242.0 79.17 50.0 4992.0 3255.0 1737.0 0.0 79.1396
12:46:00 81.0 4183.0 nan 79.17 79.17 79.08 79.15 10.0 79.18 350.0 4183.0 2014.0 2169.0 0.0 79.1422
12:47:00 78.0 2884.0 nan 79.06 79.16 79.03 79.03 51.0 79.06 142.0 2884.0 250.0 2634.0 0.0 79.0818
12:48:00 97.0 4324.0 nan 79.04 79.12 79.04 79.02 214.0 79.05 20.0 4324.0 2793.0 1531.0 0.0 79.0837
12:49:00 64.0 3291.0 nan 79.16 79.18 79.0 79.15 400.0 79.18 148.0 3291.0 2763.0 528.0 0.0 79.0885
12:50:00 171.0 14184.0 nan 79.35 79.42 79.17 79.33 143.0 79.36 172.0 14184.0 6063.0 8121.0 0.0 79.3149
12:51:00 114.0 5802.0 nan 79.4 79.515 79.3 79.39 950.0 79.44 150.0 5802.0 1761.0 4041.0 0.0 79.3959
12:52:00 181.0 10046.0 nan 79.49 79.51 79.3 79.44 1025.0 79.48 50.0 10046.0 4431.0 5615.0 0.0 79.3873
12:53:00 178.0 10583.0 nan 79.35 79.53 79.32 79.34 50.0 79.39 54.0 10583.0 2075.0 8508.0 0.0 79.4784
12:54:00 156.0 8975.0 nan 79.08 79.41 79.08 79.06 25.0 79.1 130.0 8975.0 2713.0 6262.0 0.0 79.2389
12:55:00 85.0 2754.0 nan 79.1 79.1 79.04 79.07 111.0 79.1 112.0 2754.0 1613.0 1141.0 0.0 79.0731
12:56:00 125.0 9233.0 nan 78.91 79.08 78.88 78.88 150.0 78.93 442.0 9233.0 564.0 8669.0 0.0 78.9832
12:57:00 101.0 5882.0 nan 79.0 79.0 78.9 78.98 504.0 79.0 200.0 5882.0 5223.0 659.0 0.0 78.9892
12:58:00 147.0 6918.0 nan 79.08 79.08 78.995 79.03 250.0 79.08 346.0 6918.0 5215.0 1703.0 0.0 79.0338
12:59:00 148.0 14404.0 nan 79.22 79.27 79.02 79.2 150.0 79.25 101.0 14404.0 12713.0 1691.0 0.0 79.1414
13:00:00 100.0 4873.0 nan 79.28 79.36 79.25 79.29 188.0 79.33 784.0 4873.0 2389.0 2484.0 0.0 79.3199
13:01:00 178.0 7675.0 nan 79.61 79.61 79.29 79.59 535.0 79.64 200.0 7675.0 6421.0 1254.0 0.0 79.4627
13:02:00 162.0 6006.0 nan 79.48 79.75 79.44 79.43 150.0 79.48 44.0 6006.0 1711.0 4295.0 0.0 79.6084
13:03:00 57.0 2430.0 nan 79.35 79.48 79.34 79.33 113.0 79.35 102.0 2430.0 639.0 1791.0 0.0 79.3695
13:04:00 135.0 10665.0 nan 79.17 79.35 79.14 79.14 500.0 79.17 250.0 10665.0 4046.0 6619.0 0.0 79.2673
13:05:00 126.0 5010.0 nan 79.05 79.18 79.05 79.03 6.0 79.05 50.0 5010.0 1659.0 3351.0 0.0 79.0995
13:06:00 197.0 11447.0 nan 79.06 79.06 78.95 79.04 500.0 79.06 297.0 11447.0 6401.0 5046.0 0.0 79.0032
13:07:00 201.0 11388.0 nan 79.01 79.09 78.89 78.99 259.0 79.01 501.0 11388.0 7590.0 3798.0 0.0 79.0142
13:08:00 116.0 4121.0 nan 78.98 79.03 78.93 78.97 50.0 79.02 700.0 4121.0 2266.0 1855.0 0.0 78.9889
13:09:00 75.0 3810.0 nan 79.03 79.05 78.97 79.04 12.0 79.05 401.0 3810.0 2717.0 1093.0 0.0 79.0161
13:10:00 135.0 4540.0 nan 79.09 79.11 79.03 79.07 168.0 79.1 100.0 4540.0 1895.0 2645.0 0.0 79.0748
13:11:00 68.0 2091.0 nan 79.07 79.1 78.97 79.03 753.0 79.09 800.0 2091.0 1182.0 909.0 0.0 79.0358
13:12:00 49.0 1870.0 nan 79.05 79.11 79.05 79.03 3.0 79.06 320.0 1870.0 1164.0 706.0 0.0 79.0755
13:13:00 112.0 4860.0 nan 79.06 79.12 79.05 79.05 320.0 79.07 20.0 4860.0 3583.0 1277.0 0.0 79.0884
13:14:00 36.0 1753.0 nan 79.07 79.07 79.02 79.05 200.0 79.09 50.0 1753.0 1052.0 701.0 0.0 79.0414
13:15:00 142.0 6073.0 nan 79.04 79.06 78.93 79.03 150.0 79.05 200.0 6073.0 2982.0 3091.0 0.0 78.9936
13:16:00 51.0 2441.0 nan 78.98 79.05 78.97 78.94 501.0 78.97 200.0 2441.0 1463.0 978.0 0.0 78.9982
13:17:00 86.0 3874.0 nan 79.03 79.03 78.93 79.01 150.0 79.04 3.0 3874.0 1950.0 1924.0 0.0 78.9751
13:18:00 29.0 1696.0 nan 79.03 79.04 79.0 79.0 402.0 79.04 300.0 1696.0 1086.0 610.0 0.0 79.0213
13:19:00 49.0 3508.0 nan 79.02 79.03 78.98 79.01 10.0 79.03 150.0 3508.0 948.0 2560.0 0.0 78.9951
13:20:00 66.0 5248.0 nan 78.87 79.01 78.87 78.88 1.0 78.89 200.0 5248.0 512.0 4736.0 0.0 78.946
13:21:00 83.0 3105.0 nan 78.88 78.91 78.78 78.86 199.0 78.9 51.0 3105.0 753.0 2352.0 0.0 78.841
13:22:00 36.0 1290.0 nan 78.96 78.97 78.88 78.95 113.0 78.98 111.0 1290.0 459.0 831.0 0.0 78.9318
13:23:00 86.0 3371.0 nan 78.82 78.95 78.82 78.83 360.0 78.88 362.0 3371.0 416.0 2955.0 0.0 78.8821
13:24:00 56.0 2103.0 nan 78.84 78.93 78.8 78.84 200.0 78.88 150.0 2103.0 779.0 1324.0 0.0 78.8664
13:25:00 99.0 5660.0 nan 78.68 78.86 78.64 78.62 300.0 78.68 250.0 5660.0 1540.0 4120.0 0.0 78.7265
13:26:00 59.0 3455.0 nan 78.54 78.67 78.54 78.52 210.0 78.56 450.0 3455.0 827.0 2628.0 0.0 78.594
13:27:00 83.0 6095.0 nan 78.54 78.6 78.47 78.54 1.0 78.58 651.0 6095.0 3035.0 3060.0 0.0 78.5139
13:28:00 132.0 7510.0 nan 78.67 78.75 78.49 78.64 150.0 78.69 100.0 7510.0 5153.0 2357.0 0.0 78.6198
13:29:00 51.0 3322.0 nan 78.49 78.69 78.41 78.48 427.0 78.54 150.0 3322.0 2848.0 474.0 0.0 78.4567
13:30:00 57.0 2939.0 nan 78.52 78.55 78.41 78.53 300.0 78.58 57.0 2939.0 2222.0 717.0 0.0 78.4986
13:31:00 86.0 3098.0 nan 78.56 78.565 78.5 78.52 1064.0 78.58 846.0 3098.0 1359.0 1739.0 0.0 78.5375
13:32:00 161.0 13694.0 nan 78.84 78.85 78.53 78.83 606.0 78.87 150.0 13694.0 10387.0 3307.0 0.0 78.7625
13:33:00 61.0 3749.0 nan 78.75 78.83 78.7 78.71 150.0 78.76 350.0 3749.0 1543.0 2206.0 0.0 78.7937
13:34:00 96.0 3733.0 nan 78.81 78.81 78.57 78.8 638.0 78.86 366.0 3733.0 2169.0 1564.0 0.0 78.6831
13:35:00 146.0 8082.0 nan 78.64 78.86 78.58 78.61 760.0 78.66 51.0 8082.0 1694.0 6388.0 0.0 78.7541
13:36:00 125.0 8459.0 nan 78.7 78.76 78.53 78.67 17.0 78.74 50.0 8459.0 1962.0 6497.0 0.0 78.6066
13:37:00 45.0 2067.0 nan 78.74 78.77 78.6 78.71 710.0 78.75 150.0 2067.0 938.0 1129.0 0.0 78.6965
13:38:00 61.0 2888.0 nan 78.61 78.77 78.61 78.6 455.0 78.66 50.0 2888.0 946.0 1942.0 0.0 78.6869
13:39:00 87.0 7280.0 nan 78.63 78.75 78.59 78.63 365.0 78.67 401.0 7280.0 1221.0 6059.0 0.0 78.6875
13:40:00 64.0 4011.0 nan 78.59 78.67 78.58 78.57 105.0 78.6 43.0 4011.0 1879.0 2132.0 0.0 78.6143
13:41:00 62.0 3170.0 nan 78.45 78.6 78.44 78.43 105.0 78.48 11.0 3170.0 337.0 2833.0 0.0 78.5403
13:42:00 72.0 2341.0 nan 78.41 78.49 78.34 78.38 252.0 78.42 100.0 2341.0 739.0 1602.0 0.0 78.4022
13:43:00 76.0 3256.0 nan 78.25 78.42 78.23 78.23 200.0 78.24 100.0 3256.0 1983.0 1273.0 0.0 78.3112
13:44:00 107.0 3776.0 nan 78.24 78.27 78.2 78.23 650.0 78.27 100.0 3776.0 2470.0 1306.0 0.0 78.2256
13:45:00 96.0 5061.0 nan 78.17 78.26 78.17 78.17 244.0 78.2 150.0 5061.0 1631.0 3430.0 0.0 78.206
13:46:00 106.0 4509.0 nan 78.3 78.46 78.15 78.29 4.0 78.34 351.0 4509.0 2120.0 2389.0 0.0 78.3006
13:47:00 95.0 4356.0 nan 78.17 78.29 78.1 78.15 1.0 78.19 123.0 4356.0 1790.0 2566.0 0.0 78.1767
13:48:00 48.0 1565.0 nan 78.22 78.25 78.15 78.18 125.0 78.23 300.0 1565.0 603.0 962.0 0.0 78.1975
13:49:00 91.0 3220.0 nan 78.25 78.32 78.18 78.19 338.0 78.23 50.0 3220.0 1798.0 1422.0 0.0 78.2448
13:50:00 21.0 928.0 nan 78.2 78.27 78.18 78.16 100.0 78.21 100.0 928.0 503.0 425.0 0.0 78.2204
13:51:00 89.0 5654.0 nan 78.38 78.39 78.21 78.36 150.0 78.4 1950.0 5654.0 2128.0 3526.0 0.0 78.3243
13:52:00 111.0 6253.0 nan 78.38 78.45 78.3 78.35 1201.0 78.39 300.0 6253.0 3856.0 2397.0 0.0 78.3788
13:53:00 137.0 7189.0 nan 78.46 78.54 78.38 78.43 250.0 78.48 150.0 7189.0 2417.0 4772.0 0.0 78.4778
13:54:00 59.0 3291.0 nan 78.45 78.47 78.4 78.43 270.0 78.47 386.0 3291.0 1234.0 2057.0 0.0 78.4439
13:55:00 68.0 4495.0 nan 78.5 78.55 78.43 78.48 201.0 78.53 302.0 4495.0 2602.0 1893.0 0.0 78.4976
13:56:00 74.0 4372.0 nan 78.63 78.63 78.49 78.62 100.0 78.64 200.0 4372.0 2036.0 2336.0 0.0 78.5837
13:57:00 145.0 9191.0 nan 78.74 78.76 78.6 78.7 521.0 78.75 200.0 9191.0 2592.0 6599.0 0.0 78.6611
13:58:00 100.0 7933.0 nan 78.72 78.85 78.72 78.69 118.0 78.73 50.0 7933.0 1195.0 6738.0 0.0 78.7965
13:59:00 115.0 5452.0 nan 78.83 78.83 78.67 78.8 102.0 78.85 170.0 5452.0 2816.0 2636.0 0.0 78.7541
14:00:00 96.0 5353.0 nan 78.75 78.82 78.68 78.72 750.0 78.76 570.0 5353.0 1394.0 3959.0 0.0 78.7373
14:01:00 111.0 5643.0 nan 78.78 78.8 78.74 78.78 50.0 78.81 300.0 5643.0 3334.0 2309.0 0.0 78.7689
14:02:00 130.0 6376.0 nan 78.72 78.81 78.68 78.71 300.0 78.73 300.0 6376.0 3565.0 2811.0 0.0 78.7457
14:03:00 179.0 22347.0 nan 78.86 78.86 78.72 78.84 309.0 78.86 50.0 22347.0 13445.0 8902.0 0.0 78.8063
14:04:00 169.0 8023.0 nan 78.77 78.85 78.72 78.75 227.0 78.79 54.0 8023.0 1101.0 6922.0 0.0 78.7845
14:05:00 113.0 7525.0 nan 79.0 79.0 78.75 78.97 150.0 79.02 747.0 7525.0 6535.0 990.0 0.0 78.9166
14:06:00 164.0 7299.0 nan 78.94 79.01 78.91 78.88 236.0 78.94 500.0 7299.0 2032.0 5267.0 0.0 78.9649
14:07:00 282.0 14857.0 nan 78.88 78.93 78.8 78.87 300.0 78.9 101.0 14857.0 4371.0 10486.0 0.0 78.8678
14:08:00 94.0 8614.0 nan 78.87 78.89 78.81 78.86 468.0 78.9 260.0 8614.0 2410.0 6204.0 0.0 78.8407
14:09:00 80.0 3169.0 nan 78.9 78.93 78.82 78.9 815.0 78.94 250.0 3169.0 1537.0 1632.0 0.0 78.8692
14:10:00 100.0 6583.0 nan 79.04 79.04 78.9 79.04 100.0 79.08 100.0 6583.0 4177.0 2406.0 0.0 78.9882
14:11:00 144.0 10217.0 nan 78.87 79.08 78.87 78.86 102.0 78.9 251.0 10217.0 1919.0 8298.0 0.0 78.9534
14:12:00 223.0 11719.0 nan 78.65 78.86 78.57 78.64 510.0 78.68 150.0 11719.0 5470.0 6249.0 0.0 78.6765
14:13:00 154.0 6271.0 nan 78.605 78.65 78.54 78.59 331.0 78.62 50.0 6271.0 2797.0 3474.0 0.0 78.6034
14:14:00 67.0 2823.0 nan 78.54 78.63 78.53 78.53 411.0 78.56 200.0 2823.0 1213.0 1610.0 0.0 78.5824
14:15:00 193.0 7777.0 nan 78.45 78.55 78.41 78.41 251.0 78.45 686.0 7777.0 1736.0 6041.0 0.0 78.47
14:16:00 127.0 6991.0 nan 78.63 78.65 78.36 78.61 20.0 78.65 250.0 6991.0 4397.0 2594.0 0.0 78.4394
14:17:00 160.0 10523.0 nan 78.32 78.61 78.22 78.31 22.0 78.34 3.0 10523.0 1388.0 9135.0 0.0 78.4036
14:18:00 199.0 10480.0 nan 78.84 78.84 78.25 78.81 400.0 78.84 2.0 10480.0 6935.0 3545.0 0.0 78.5282
14:19:00 139.0 5206.0 nan 78.68 78.84 78.66 78.67 100.0 78.71 400.0 5206.0 1333.0 3873.0 0.0 78.749
14:20:00 44.0 2547.0 nan 78.8 78.8 78.7 78.79 301.0 78.83 250.0 2547.0 1636.0 911.0 0.0 78.7364
14:21:00 148.0 14382.0 nan 78.97 79.11 78.79 78.93 655.0 79.0 100.0 14382.0 2570.0 11812.0 0.0 79.0132
14:22:00 109.0 7414.0 nan 79.25 79.25 78.95 79.24 357.0 79.28 450.0 7414.0 4394.0 3020.0 0.0 79.135
14:23:00 85.0 4443.0 nan 79.35 79.37 79.19 79.35 200.0 79.38 403.0 4443.0 1466.0 2977.0 0.0 79.2785
14:24:00 116.0 6510.0 nan 79.44 79.45 79.32 79.39 350.0 79.45 250.0 6510.0 4411.0 2099.0 0.0 79.3952
14:25:00 120.0 7031.0 nan 79.44 79.5 79.33 79.44 250.0 79.47 3.0 7031.0 1681.0 5350.0 0.0 79.406
14:26:00 55.0 2111.0 nan 79.53 79.58 79.45 79.51 366.0 79.55 300.0 2111.0 271.0 1840.0 0.0 79.5118
14:27:00 99.0 3786.0 nan 79.57 79.63 79.49 79.56 1.0 79.59 101.0 3786.0 1497.0 2289.0 0.0 79.5392
14:28:00 119.0 6071.0 nan 79.6 79.63 79.53 79.58 301.0 79.62 209.0 6071.0 3081.0 2990.0 0.0 79.5926
14:29:00 81.0 4923.0 nan 79.75 79.75 79.59 79.75 100.0 79.79 400.0 4923.0 2826.0 2097.0 0.0 79.6723
14:30:00 285.0 16177.0 nan 79.51 79.75 79.47 79.51 182.0 79.55 50.0 16177.0 2717.0 13460.0 0.0 79.5667
14:31:00 131.0 5734.0 nan 79.64 79.64 79.49 79.63 148.0 79.65 47.0 5734.0 3272.0 2462.0 0.0 79.5434
14:32:00 128.0 8388.0 nan 79.53 79.66 79.51 79.51 106.0 79.54 250.0 8388.0 1171.0 7217.0 0.0 79.6021
14:33:00 180.0 10987.0 nan 79.34 79.51 79.34 79.32 434.0 79.37 208.0 10987.0 2840.0 8147.0 0.0 79.4149
14:34:00 58.0 1913.0 nan 79.37 79.38 79.3 79.36 250.0 79.4 302.0 1913.0 606.0 1307.0 0.0 79.3345
14:35:00 104.0 5988.0 nan 79.36 79.45 79.36 79.31 250.0 79.35 100.0 5988.0 2854.0 3134.0 0.0 79.4021
14:36:00 123.0 7348.0 nan 79.44 79.44 79.32 79.41 278.0 79.45 203.0 7348.0 4102.0 3246.0 0.0 79.3906
14:37:00 89.0 4566.0 nan 79.26 79.41 79.22 79.25 101.0 79.29 54.0 4566.0 1531.0 3035.0 0.0 79.3199
14:38:00 55.0 1645.0 nan 79.41 79.42 79.29 79.4 311.0 79.43 200.0 1645.0 592.0 1053.0 0.0 79.391
14:39:00 106.0 4963.0 nan 79.48 79.51 79.38 79.47 50.0 79.49 45.0 4963.0 2144.0 2819.0 0.0 79.4455
14:40:00 112.0 6994.0 nan 79.45 79.51 79.44 79.44 101.0 79.47 385.0 6994.0 3938.0 3056.0 0.0 79.4783
14:41:00 143.0 7041.0 nan 79.48 79.58 79.42 79.48 284.0 79.5 141.0 7041.0 2632.0 4409.0 0.0 79.5133
14:42:00 104.0 5126.0 nan 79.55 79.55 79.45 79.52 50.0 79.56 301.0 5126.0 3172.0 1954.0 0.0 79.507
14:43:00 168.0 7051.0 nan 79.67 79.72 79.56 79.65 136.0 79.68 1050.0 7051.0 4435.0 2616.0 0.0 79.6721
14:44:00 110.0 4133.0 nan 79.47 79.65 79.47 79.46 50.0 79.48 420.0 4133.0 1010.0 3123.0 0.0 79.5487
14:45:00 97.0 3719.0 nan 79.51 79.54 79.48 79.5 377.0 79.53 616.0 3719.0 2188.0 1531.0 0.0 79.5076
14:46:00 139.0 8311.0 nan 79.37 79.54 79.28 79.34 402.0 79.37 150.0 8311.0 3016.0 5295.0 0.0 79.4176
14:47:00 68.0 2773.0 nan 79.32 79.35 79.26 79.3 252.0 79.35 50.0 2773.0 1420.0 1353.0 0.0 79.3233
14:48:00 89.0 4799.0 nan 79.17 79.35 79.17 79.17 300.0 79.2 56.0 4799.0 1241.0 3558.0 0.0 79.2754
14:49:00 179.0 11289.0 nan 79.27 79.27 78.98 79.23 301.0 79.26 50.0 11289.0 6309.0 4980.0 0.0 79.1276
14:50:00 113.0 7879.0 nan 79.33 79.34 79.26 79.32 152.0 79.34 100.0 7879.0 1751.0 6128.0 0.0 79.3148
14:51:00 120.0 5108.0 nan 79.26 79.32 79.16 79.24 150.0 79.3 200.0 5108.0 2733.0 2375.0 0.0 79.2471
14:52:00 91.0 2773.0 nan 79.33 79.33 79.25 79.32 1.0 79.35 150.0 2773.0 983.0 1790.0 0.0 79.281
14:53:00 125.0 5482.0 nan 79.38 79.41 79.3 79.39 50.0 79.41 519.0 5482.0 1970.0 3512.0 0.0 79.3475
14:54:00 102.0 4520.0 nan 79.4 79.46 79.4 79.38 52.0 79.42 1018.0 4520.0 1544.0 2976.0 0.0 79.4313
14:55:00 159.0 6108.0 nan 79.44 79.46 79.32 79.44 482.0 79.47 400.0 6108.0 2528.0 3580.0 0.0 79.3871
14:56:00 192.0 10693.0 nan 79.66 79.66 79.4 79.64 540.0 79.67 302.0 10693.0 5684.0 5009.0 0.0 79.5438
14:57:00 244.0 12135.0 nan 79.61 79.83 79.56 79.57 400.0 79.61 200.0 12135.0 6033.0 6102.0 0.0 79.6862
14:58:00 121.0 12992.0 nan 79.61 79.68 79.61 79.6 1020.0 79.63 1.0 12992.0 1235.0 11757.0 0.0 79.6338
14:59:00 163.0 6561.0 nan 79.66 79.75 79.6 79.66 150.0 79.71 230.0 6561.0 2887.0 3674.0 0.0 79.672
15:00:00 88.0 4084.0 nan 79.69 79.77 79.68 79.67 350.0 79.71 50.0 4084.0 2060.0 2024.0 0.0 79.7195
15:01:00 90.0 4009.0 nan 79.82 79.85 79.63 79.8 301.0 79.84 151.0 4009.0 1910.0 2099.0 0.0 79.7353
15:02:00 118.0 5862.0 nan 79.88 79.88 79.81 79.86 605.0 79.88 23.0 5862.0 3532.0 2330.0 0.0 79.843
15:03:00 152.0 7060.0 nan 80.04 80.06 79.88 80.03 350.0 80.04 31.0 7060.0 4026.0 3034.0 0.0 79.9733
15:04:00 219.0 18914.0 nan 80.04 80.09 79.92 80.03 203.0 80.05 300.0 18914.0 3971.0 14943.0 0.0 80.0297
15:05:00 137.0 4492.0 nan 80.04 80.05 79.96 80.04 271.0 80.07 200.0 4492.0 2668.0 1824.0 0.0 80.0077
15:06:00 192.0 9113.0 nan 80.02 80.14 80.0 80.0 216.0 80.03 150.0 9113.0 5344.0 3769.0 0.0 80.063
15:07:00 172.0 9373.0 nan 80.33 80.33 80.03 80.33 1602.0 80.36 100.0 9373.0 6691.0 2682.0 0.0 80.2214
15:08:00 306.0 23335.0 nan 80.23 80.38 80.17 80.21 5.0 80.25 450.0 23335.0 8570.0 14765.0 0.0 80.3046
15:09:00 103.0 7585.0 nan 80.29 80.32 80.24 80.28 310.0 80.3 50.0 7585.0 2762.0 4823.0 0.0 80.2912
15:10:00 182.0 11857.0 nan 80.39 80.43 80.23 80.37 264.0 80.39 38.0 11857.0 8290.0 3567.0 0.0 80.3522
15:11:00 297.0 11494.0 nan 80.1 80.39 80.1 80.08 217.0 80.12 250.0 11494.0 3799.0 7695.0 0.0 80.194
15:12:00 112.0 5515.0 nan 80.015 80.13 80.0 80.0 660.0 80.03 752.0 5515.0 1151.0 4364.0 0.0 80.074
15:13:00 138.0 5288.0 nan 79.87 80.0 79.82 79.88 739.0 79.9 250.0 5288.0 1564.0 3724.0 0.0 79.923
15:14:00 148.0 6632.0 nan 80.0 80.05 79.9 79.98 232.0 80.01 190.0 6632.0 3867.0 2765.0 0.0 79.9614
15:15:00 99.0 3408.0 nan 79.94 80.04 79.91 79.94 150.0 79.96 100.0 3408.0 1093.0 2315.0 0.0 79.9742
15:16:00 123.0 5056.0 nan 79.85 80.0 79.79 79.82 401.0 79.85 1.0 5056.0 1726.0 3330.0 0.0 79.9069
15:17:00 114.0 6415.0 nan 79.72 79.84 79.68 79.73 855.0 79.76 401.0 6415.0 2154.0 4261.0 0.0 79.7382
15:18:00 126.0 4938.0 nan 79.73 79.78 79.68 79.69 601.0 79.72 91.0 4938.0 2273.0 2665.0 0.0 79.7277
15:19:00 169.0 14022.0 nan 79.64 79.72 79.56 79.61 360.0 79.65 54.0 14022.0 6727.0 7295.0 0.0 79.6303
15:20:00 117.0 10510.0 nan 79.65 79.71 79.58 79.66 557.0 79.68 30.0 10510.0 5957.0 4553.0 0.0 79.6552
15:21:00 197.0 8426.0 nan 79.85 79.88 79.64 79.84 434.0 79.87 102.0 8426.0 3654.0 4772.0 0.0 79.8012
15:22:00 127.0 6287.0 nan 79.8 79.86 79.72 79.79 441.0 79.81 100.0 6287.0 3064.0 3223.0 0.0 79.7787
15:23:00 111.0 4282.0 nan 79.83 79.83 79.73 79.82 141.0 79.84 599.0 4282.0 1688.0 2594.0 0.0 79.7944
15:24:00 163.0 7667.0 nan 79.9 79.95 79.82 79.9 121.0 79.92 318.0 7667.0 3786.0 3881.0 0.0 79.9005
15:25:00 124.0 8068.0 nan 79.93 79.93 79.79 79.92 10.0 79.94 460.0 8068.0 2898.0 5170.0 0.0 79.8528
15:26:00 105.0 3706.0 nan 79.94 79.95 79.89 79.92 201.0 79.94 69.0 3706.0 1800.0 1906.0 0.0 79.9259
15:27:00 279.0 25737.0 nan 80.03 80.08 79.86 80.03 200.0 80.05 238.0 25737.0 22809.0 2928.0 0.0 79.9861
15:28:00 109.0 4341.0 nan 79.99 80.03 79.96 79.97 308.0 80.0 247.0 4341.0 2036.0 2305.0 0.0 80.0016
15:29:00 113.0 5585.0 nan 79.98 80.03 79.89 79.97 260.0 79.99 313.0 5585.0 3131.0 2454.0 0.0 79.9734
15:30:00 106.0 4775.0 nan 79.92 80.03 79.92 79.9 500.0 79.94 450.0 4775.0 2236.0 2539.0 0.0 80.0028
15:31:00 273.0 15662.0 nan 79.83 79.9 79.68 79.81 1.0 79.83 115.0 15662.0 4882.0 10780.0 0.0 79.7689
15:32:00 91.0 5906.0 nan 79.99 80.02 79.83 79.97 151.0 80.01 725.0 5906.0 3496.0 2410.0 0.0 79.9476
15:33:00 174.0 6689.0 nan 80.14 80.16 79.97 80.11 302.0 80.14 358.0 6689.0 4154.0 2535.0 0.0 80.0762
15:34:00 154.0 7221.0 nan 80.17 80.17 80.06 80.17 3.0 80.19 200.0 7221.0 4940.0 2281.0 0.0 80.1102
15:35:00 113.0 6940.0 nan 80.08 80.17 80.07 80.07 135.0 80.1 151.0 6940.0 1790.0 5150.0 0.0 80.1124
15:36:00 151.0 10598.0 nan 80.12 80.12 80.01 80.11 462.0 80.12 34.0 10598.0 5853.0 4745.0 0.0 80.0648
15:37:00 161.0 9009.0 nan 80.2 80.26 80.1 80.16 400.0 80.2 324.0 9009.0 6167.0 2842.0 0.0 80.1921
15:38:00 138.0 6344.0 nan 80.14 80.19 80.06 80.13 502.0 80.15 227.0 6344.0 3202.0 3142.0 0.0 80.1251
15:39:00 141.0 5413.0 nan 80.09 80.14 80.04 80.07 51.0 80.1 100.0 5413.0 3646.0 1767.0 0.0 80.0875
15:40:00 205.0 19854.0 nan 80.13 80.15 80.05 80.11 300.0 80.13 250.0 19854.0 7366.0 12488.0 0.0 80.0834
15:41:00 156.0 9850.0 nan 80.03 80.12 80.025 80.02 500.0 80.04 610.0 9850.0 2954.0 6896.0 0.0 80.0816
15:42:00 218.0 10157.0 nan 80.14 80.16 80.02 80.13 504.0 80.16 727.0 10157.0 7101.0 3056.0 0.0 80.0963
15:43:00 209.0 12087.0 nan 80.14 80.29 80.13 80.12 101.0 80.14 100.0 12087.0 4492.0 7595.0 0.0 80.2074
15:44:00 171.0 14529.0 nan 80.02 80.13 79.98 80.02 302.0 80.04 149.0 14529.0 5070.0 9459.0 0.0 80.014
15:45:00 309.0 17132.0 nan 79.78 80.04 79.76 79.77 250.0 79.79 100.0 17132.0 9151.0 7981.0 0.0 79.8759
15:46:00 372.0 25453.0 nan 79.77 79.91 79.74 79.78 50.0 79.8 156.0 25453.0 14545.0 10908.0 0.0 79.8387
15:47:00 256.0 15640.0 nan 79.75 79.82 79.66 79.74 250.0 79.76 1058.0 15640.0 7655.0 7985.0 0.0 79.7595
15:48:00 139.0 5800.0 nan 79.61 79.74 79.61 79.6 924.0 79.62 250.0 5800.0 1715.0 4085.0 0.0 79.6696
15:49:00 369.0 23572.0 nan 79.67 79.8 79.61 79.63 104.0 79.66 150.0 23572.0 15649.0 7923.0 0.0 79.6912
15:50:00 194.0 8463.0 nan 79.54 79.66 79.51 79.54 50.0 79.56 50.0 8463.0 4353.0 4110.0 0.0 79.6034
15:51:00 467.0 27311.0 nan 79.47 79.58 79.38 79.47 5.0 79.48 150.0 27311.0 12749.0 14562.0 0.0 79.481
15:52:00 392.0 18461.0 nan 79.5 79.57 79.43 79.5 50.0 79.51 326.0 18461.0 8972.0 9489.0 0.0 79.486
15:53:00 284.0 14232.0 nan 79.46 79.56 79.39 79.46 456.0 79.47 304.0 14232.0 8279.0 5953.0 0.0 79.4725
15:54:00 336.0 16465.0 nan 79.48 79.51 79.43 79.47 300.0 79.48 200.0 16465.0 9623.0 6842.0 0.0 79.4724
15:55:00 405.0 22966.0 nan 79.71 79.73 79.47 79.69 200.0 79.72 300.0 22966.0 15311.0 7655.0 0.0 79.5846
15:56:00 477.0 26071.0 nan 79.71 79.72 79.57 79.7 200.0 79.71 33.0 26071.0 14069.0 12002.0 0.0 79.6331
15:57:00 313.0 16386.0 nan 79.57 79.7 79.52 79.56 1117.0 79.58 446.0 16386.0 11160.0 5226.0 0.0 79.5883
15:58:00 384.0 22575.0 nan 79.56 79.64 79.55 79.56 200.0 79.57 1051.0 22575.0 14260.0 8315.0 0.0 79.584
15:59:00 385.0 26110.0 nan 79.665 79.69 79.555 79.66 1842.0 79.67 1892.0 26110.0 15488.0 10622.0 0.0 79.6195
16:00:00 765.0 50323.0 nan 79.77 79.77 79.65 79.77 34905.0 79.78 1000.0 50323.0 26740.0 23583.0 0.0 79.689
16:01:00 2.0 0.0 nan 79.78 79.78 79.78 79.77 32148.0 79.78 1791.0 nan 0.0 0.0 0.0 nan
16:02:00 2.0 31.0 nan 79.78 79.78 79.78 79.77 32148.0 79.78 1760.0 31.0 31.0 0.0 0.0 79.78
16:03:00 0.0 0.0 nan 79.78 nan nan 79.77 32148.0 79.78 1819.0 nan 0.0 0.0 0.0 nan
16:04:00 0.0 0.0 nan 79.78 nan nan 79.77 32148.0 79.78 1819.0 nan 0.0 0.0 0.0 nan
16:05:00 6.0 41.0 nan 79.5 79.68 79.35 79.77 32148.0 79.75 20.0 41.0 0.0 41.0 0.0 79.439
16:06:00 0.0 0.0 nan 79.5 nan nan 79.77 32148.0 79.75 20.0 nan 0.0 0.0 0.0 nan
16:07:00 4.0 1128.0 nan 79.78 79.78 79.75 79.78 972.0 79.78 791.0 1128.0 1048.0 80.0 0.0 79.7773
16:08:00 2.0 28.0 nan 79.78 79.78 79.78 79.78 944.0 79.78 791.0 28.0 0.0 28.0 0.0 79.78
16:09:00 3.0 16.0 nan 79.85 79.9 79.85 79.78 954.0 79.78 791.0 16.0 2.0 14.0 0.0 79.8944
16:10:00 0.0 0.0 nan 79.85 nan nan 79.78 954.0 79.78 791.0 nan 0.0 0.0 0.0 nan
16:11:00 4.0 965.0 nan 79.69 79.8 79.69 79.77 32148.0 79.78 1825.0 965.0 0.0 965.0 0.0 79.7801
16:12:00 0.0 0.0 nan 79.69 nan nan 79.77 32148.0 79.77 20.0 nan 0.0 0.0 0.0 nan
16:13:00 1.0 5.0 nan 79.7 79.7 79.7 79.77 32148.0 79.77 1020.0 5.0 5.0 0.0 0.0 79.7
16:14:00 1.0 125.0 nan 79.7 79.7 79.7 79.77 32148.0 79.7 875.0 125.0 0.0 125.0 0.0 79.7
16:15:00 7.0 237.0 nan 79.5 79.5 79.26 79.77 32148.0 79.7 875.0 237.0 200.0 37.0 0.0 79.4736
16:16:00 0.0 0.0 nan 79.5 nan nan 79.77 32148.0 79.7 875.0 nan 0.0 0.0 0.0 nan
16:17:00 1.0 0.0 nan 79.3 79.3 79.3 79.77 32148.0 79.7 875.0 nan 0.0 0.0 0.0 nan
16:18:00 17.0 483.0 nan 79.25 79.6 79.25 79.77 32148.0 79.7 875.0 483.0 86.0 397.0 0.0 79.2804
16:19:00 0.0 0.0 nan 79.25 nan nan 79.77 32148.0 79.69 880.0 nan 0.0 0.0 0.0 nan
16:20:00 0.0 0.0 nan 79.25 nan nan 79.77 32148.0 79.69 5.0 nan 0.0 0.0 0.0 nan
16:21:00 0.0 0.0 nan 79.25 nan nan 79.77 32148.0 79.69 405.0 nan 0.0 0.0 0.0 nan
16:22:00 0.0 0.0 nan 79.25 nan nan 79.77 32148.0 79.69 405.0 nan 0.0 0.0 0.0 nan
16:23:00 3.0 210.0 nan 79.38 79.4 79.29 79.77 32148.0 79.69 905.0 210.0 210.0 0.0 0.0 79.3381
16:24:00 5.0 275.0 nan 79.41 79.41 79.25 79.77 32148.0 79.5 400.0 275.0 239.0 36.0 0.0 79.3519
16:25:00 1.0 225.0 nan 79.5 79.5 79.5 79.77 32148.0 79.5 175.0 225.0 225.0 0.0 0.0 79.5
16:26:00 27.0 414.0 nan 79.0 79.3 79.0 79.77 32148.0 79.51 300.0 414.0 73.0 341.0 0.0 79.0699
16:27:00 0.0 0.0 nan 79.0 nan nan 79.77 32148.0 79.51 500.0 nan 0.0 0.0 0.0 nan
16:28:00 0.0 0.0 nan 79.0 nan nan 79.77 32148.0 79.51 500.0 nan 0.0 0.0 0.0 nan
16:29:00 10.0 786.0 nan 79.4 79.51 78.96 79.77 32148.0 79.4 1000.0 786.0 200.0 586.0 0.0 79.1567
16:30:00 2.0 110.0 nan 79.45 79.45 79.35 79.77 32148.0 79.51 300.0 110.0 0.0 110.0 0.0 79.3591
16:31:00 1.0 50.0 nan 79.34 79.34 79.34 79.77 32148.0 79.51 300.0 50.0 0.0 50.0 0.0 79.34
16:32:00 0.0 0.0 nan 79.34 nan nan 79.77 32148.0 79.51 300.0 nan 0.0 0.0 0.0 nan
16:33:00 0.0 0.0 nan 79.34 nan nan 79.77 32148.0 79.51 300.0 nan 0.0 0.0 0.0 nan
16:34:00 0.0 0.0 nan 79.34 nan nan 79.77 32148.0 79.51 300.0 nan 0.0 0.0 0.0 nan
16:35:00 1.0 45.0 nan 79.51 79.51 79.51 79.77 32148.0 79.51 255.0 45.0 45.0 0.0 0.0 79.51
16:36:00 0.0 0.0 nan 79.51 nan nan 79.77 32148.0 79.51 255.0 nan 0.0 0.0 0.0 nan
16:37:00 1.0 80.0 nan 79.48 79.48 79.48 79.77 32148.0 79.5 10.0 80.0 0.0 80.0 0.0 79.48
16:38:00 1.0 0.0 nan 79.48 79.48 79.48 79.77 32148.0 79.51 335.0 nan 0.0 0.0 0.0 nan
16:39:00 1.0 0.0 nan 79.5 79.5 79.5 79.77 32148.0 79.51 255.0 nan 0.0 0.0 0.0 nan
16:40:00 1.0 7.0 nan 79.51 79.51 79.51 79.77 32148.0 79.51 328.0 7.0 7.0 0.0 0.0 79.51
16:41:00 1.0 0.0 nan 79.5 79.5 79.5 79.77 32148.0 79.51 328.0 nan 0.0 0.0 0.0 nan
16:42:00 0.0 0.0 nan 79.5 nan nan 79.77 32148.0 79.51 328.0 nan 0.0 0.0 0.0 nan
16:43:00 0.0 0.0 nan 79.5 nan nan 79.77 32148.0 79.51 248.0 nan 0.0 0.0 0.0 nan
16:44:00 2.0 100.0 nan 79.18 79.35 79.18 79.77 32148.0 79.51 328.0 100.0 0.0 100.0 0.0 79.299
16:45:00 0.0 0.0 nan 79.18 nan nan 79.77 32148.0 79.51 328.0 nan 0.0 0.0 0.0 nan
16:46:00 24.0 412.0 nan 79.51 79.51 79.5 79.77 32148.0 79.51 128.0 412.0 248.0 164.0 0.0 79.5097
16:47:00 1.0 4.0 nan 79.5 79.5 79.5 79.77 32148.0 79.69 5.0 4.0 0.0 4.0 0.0 79.5
16:48:00 0.0 0.0 nan 79.5 nan nan 79.77 32148.0 79.69 5.0 nan 0.0 0.0 0.0 nan
16:49:00 0.0 0.0 nan 79.5 nan nan 79.77 32148.0 79.69 5.0 nan 0.0 0.0 0.0 nan
16:50:00 0.0 0.0 nan 79.5 nan nan 79.77 32148.0 79.69 5.0 nan 0.0 0.0 0.0 nan
16:51:00 4.0 58.0 nan 79.7 79.7 79.66 79.77 32148.0 79.77 120.0 58.0 5.0 53.0 0.0 79.6984
16:52:00 2.0 265.0 nan 79.7 79.71 79.7 79.77 32148.0 79.7 735.0 265.0 0.0 265.0 0.0 79.7005
16:53:00 1.0 6.0 nan 79.45 79.45 79.45 79.77 32148.0 79.7 735.0 6.0 0.0 6.0 0.0 79.45
16:54:00 1.0 100.0 nan 79.5 79.5 79.5 79.77 32148.0 79.7 735.0 100.0 0.0 100.0 0.0 79.5
16:55:00 1.0 3.0 nan 79.5 79.5 79.5 79.77 32148.0 79.7 735.0 3.0 0.0 3.0 0.0 79.5
16:56:00 3.0 1.0 nan 79.68 79.69 79.63 79.77 32148.0 79.7 735.0 1.0 0.0 1.0 0.0 79.63
16:57:00 0.0 0.0 nan 79.68 nan nan 79.77 32148.0 79.69 10.0 nan 0.0 0.0 0.0 nan
16:58:00 0.0 0.0 nan 79.68 nan nan 79.77 32148.0 79.69 10.0 nan 0.0 0.0 0.0 nan
16:59:00 2.0 15.0 nan 79.5 79.5 79.5 79.77 32148.0 79.69 10.0 15.0 11.0 4.0 0.0 79.5
17:00:00 0.0 0.0 nan 79.5 nan nan 79.77 32148.0 79.69 10.0 nan 0.0 0.0 0.0 nan
