time trade_count trade_volume trade_first trade_last trade_high trade_low bid_price bid_size ask_price ask_size hid_vol buy_vol sell_vol unsided_vol vwap
09:00:00 nan 0.0 nan nan nan nan 62.25 25.0 62.67 30.0 nan 0.0 0.0 0.0 nan
09:01:00 0.0 0.0 nan nan nan nan 62.25 25.0 62.67 50.0 nan 0.0 0.0 0.0 nan
09:02:00 0.0 0.0 nan nan nan nan 62.25 25.0 62.67 50.0 nan 0.0 0.0 0.0 nan
09:03:00 0.0 0.0 nan nan nan nan 62.25 25.0 62.67 146.0 nan 0.0 0.0 0.0 nan
09:04:00 0.0 0.0 nan nan nan nan 62.25 25.0 62.55 70.0 nan 0.0 0.0 0.0 nan
09:05:00 1.0 10.0 nan 62.4 62.4 62.4 62.25 25.0 62.55 70.0 10.0 10.0 0.0 0.0 62.4
09:06:00 1.0 70.0 nan 62.35 62.35 62.35 62.5 500.0 62.67 76.0 70.0 70.0 0.0 0.0 62.35
09:07:00 25.0 919.0 nan 62.73 62.73 62.62 62.7 61.0 62.74 201.0 919.0 619.0 300.0 0.0 62.6899
09:08:00 4.0 61.0 nan 62.54 62.7 62.54 62.51 5.0 62.74 234.0 61.0 0.0 61.0 0.0 62.7
09:09:00 1.0 0.0 nan 62.73 62.73 62.73 62.52 1.0 62.7 93.0 nan 0.0 0.0 0.0 nan
09:10:00 0.0 0.0 nan 62.73 nan nan 62.51 200.0 62.7 93.0 nan 0.0 0.0 0.0 nan
09:11:00 0.0 0.0 nan 62.73 nan nan 62.51 200.0 62.7 93.0 nan 0.0 0.0 0.0 nan
09:12:00 0.0 0.0 nan 62.73 nan nan 62.51 200.0 62.7 97.0 nan 0.0 0.0 0.0 nan
09:13:00 0.0 0.0 nan 62.73 nan nan 62.51 207.0 62.7 93.0 nan 0.0 0.0 0.0 nan
09:14:00 0.0 0.0 nan 62.73 nan nan 62.51 207.0 62.7 93.0 nan 0.0 0.0 0.0 nan
09:15:00 0.0 0.0 nan 62.73 nan nan 62.55 25.0 62.7 93.0 nan 0.0 0.0 0.0 nan
09:16:00 0.0 0.0 nan 62.73 nan nan 62.55 25.0 62.7 93.0 nan 0.0 0.0 0.0 nan
09:17:00 2.0 100.0 nan 62.51 62.55 62.51 62.51 132.0 62.67 47.0 100.0 0.0 100.0 0.0 62.52
09:18:00 11.0 492.0 nan 62.7 62.73 62.51 62.51 115.0 62.74 201.0 492.0 250.0 242.0 0.0 62.695
09:19:00 2.0 301.0 nan 62.7 62.7 62.55 62.51 115.0 62.74 101.0 301.0 300.0 1.0 0.0 62.5505
09:20:00 5.0 91.0 nan 62.5 62.7 62.5 62.51 90.0 62.74 1.0 91.0 0.0 91.0 0.0 62.5187
09:21:00 0.0 0.0 nan 62.5 nan nan 62.52 507.0 62.74 1.0 nan 0.0 0.0 0.0 nan
09:22:00 0.0 0.0 nan 62.5 nan nan 62.55 50.0 62.74 1.0 nan 0.0 0.0 0.0 nan
09:23:00 0.0 0.0 nan 62.5 nan nan 62.55 50.0 62.74 1.0 nan 0.0 0.0 0.0 nan
09:24:00 0.0 0.0 nan 62.5 nan nan 62.55 50.0 62.74 1.0 nan 0.0 0.0 0.0 nan
09:25:00 1.0 1.0 nan 62.53 62.53 62.53 62.55 50.0 62.74 1.0 1.0 0.0 1.0 0.0 62.53
09:26:00 0.0 0.0 nan 62.53 nan nan 62.55 50.0 62.74 101.0 nan 0.0 0.0 0.0 nan
09:27:00 0.0 0.0 nan 62.53 nan nan 62.55 50.0 62.74 1101.0 nan 0.0 0.0 0.0 nan
09:28:00 0.0 0.0 nan 62.53 nan nan 62.55 50.0 62.74 1201.0 nan 0.0 0.0 0.0 nan
09:29:00 5.0 0.0 nan 62.64 62.73 62.64 62.55 50.0 62.65 200.0 nan 0.0 0.0 0.0 nan
09:30:00 24.0 7250.0 nan 62.06 62.55 62.06 62.0 1838.0 62.46 170.0 7250.0 0.0 7250.0 0.0 62.2256
09:31:00 414.0 26436.0 nan 62.2 62.5 61.88 62.23 8.0 62.3 25.0 26436.0 11509.0 14927.0 0.0 62.0774
09:32:00 137.0 10021.0 nan 62.46 62.54 62.16 62.45 50.0 62.54 1550.0 10021.0 5130.0 4891.0 0.0 62.33
09:33:00 164.0 11335.0 nan 62.95 63.03 62.54 62.96 25.0 63.04 192.0 11335.0 9899.0 1436.0 0.0 62.8382
09:34:00 265.0 33438.0 nan 63.03 63.3 63.02 63.02 200.0 63.08 50.0 33438.0 10589.0 22849.0 0.0 63.1873
09:35:00 205.0 13185.0 nan 62.49 63.02 62.4 62.47 25.0 62.55 150.0 13185.0 5257.0 7928.0 0.0 62.7101
09:36:00 107.0 4761.0 nan 63.17 63.2 62.56 63.13 25.0 63.22 800.0 4761.0 3697.0 1064.0 0.0 62.8735
09:37:00 365.0 40468.0 nan 63.63 63.63 63.12 63.6 50.0 63.69 67.0 40468.0 27485.0 12983.0 0.0 63.413
09:38:00 184.0 12317.0 nan 63.64 63.64 63.3 63.59 26.0 63.66 100.0 12317.0 3959.0 8358.0 0.0 63.4807
09:39:00 160.0 26518.0 nan 63.57 63.8 63.57 63.5 539.0 63.58 50.0 26518.0 4308.0 22210.0 0.0 63.689
09:40:00 136.0 19210.0 nan 63.79 63.9 63.54 63.72 50.0 63.82 50.0 19210.0 9650.0 9560.0 0.0 63.8019
09:41:00 186.0 14374.0 nan 63.88 63.99 63.76 63.88 37758.0 63.94 100.0 14374.0 5714.0 8660.0 0.0 63.908
09:42:00 278.0 84415.0 nan 63.785 64.08 63.71 63.76 101.0 63.82 350.0 84415.0 35851.0 48564.0 0.0 63.9344
09:43:00 97.0 7622.0 nan 63.91 64.04 63.7 63.87 150.0 63.95 22.0 7622.0 2593.0 5029.0 0.0 63.904
09:44:00 73.0 4656.0 nan 63.98 64.05 63.88 63.9 294.0 63.99 50.0 4656.0 1421.0 3235.0 0.0 63.9515
09:45:00 88.0 5457.0 nan 63.57 63.99 63.51 63.52 150.0 63.58 259.0 5457.0 538.0 4919.0 0.0 63.7221
09:46:00 86.0 9851.0 nan 63.58 63.65 63.51 63.56 101.0 63.59 100.0 9851.0 3818.0 6033.0 0.0 63.6024
09:47:00 59.0 3257.0 nan 63.62 63.7 63.57 63.61 1278.0 63.69 100.0 3257.0 1323.0 1934.0 0.0 63.6338
09:48:00 105.0 6068.0 nan 63.58 63.68 63.51 63.54 100.0 63.58 50.0 6068.0 2804.0 3264.0 0.0 63.6051
09:49:00 386.0 35885.0 nan 63.41 63.56 63.28 63.4 100.0 63.43 25.0 35885.0 5106.0 30779.0 0.0 63.4921
09:50:00 85.0 2355.0 nan 63.44 63.5 63.37 63.38 951.0 63.45 50.0 2355.0 1319.0 1036.0 0.0 63.4247
09:51:00 74.0 4375.0 nan 63.69 63.76 63.43 63.65 150.0 63.7 17.0 4375.0 2519.0 1856.0 0.0 63.6526
09:52:00 60.0 2395.0 nan 63.75 63.8 63.67 63.74 150.0 63.8 1000.0 2395.0 1139.0 1256.0 0.0 63.7312
09:53:00 155.0 13909.0 nan 63.63 63.79 63.54 63.59 100.0 63.64 7.0 13909.0 4383.0 9526.0 0.0 63.6428
09:54:00 72.0 3563.0 nan 63.75 63.76 63.625 63.74 451.0 63.79 824.0 3563.0 2010.0 1553.0 0.0 63.7183
09:55:00 97.0 4406.0 nan 63.73 63.94 63.69 63.74 50.0 63.77 33.0 4406.0 2649.0 1757.0 0.0 63.8178
09:56:00 110.0 11321.0 nan 63.935 64.02 63.77 63.91 400.0 63.96 815.0 11321.0 9495.0 1826.0 0.0 63.9557
09:57:00 119.0 9304.0 nan 64.05 64.15 63.95 64.03 160.0 64.07 12.0 9304.0 7375.0 1929.0 0.0 64.0633
09:58:00 88.0 3197.0 nan 64.12 64.15 63.98 64.1 375.0 64.16 3037.0 3197.0 1699.0 1498.0 0.0 64.0704
09:59:00 564.0 51477.0 nan 64.58 64.61 64.16 64.56 50.0 64.58 30.0 51477.0 43175.0 8302.0 0.0 64.4057
10:00:00 327.0 19296.0 nan 64.57 64.58 64.4 64.55 222.0 64.58 12.0 19296.0 6934.0 12362.0 0.0 64.4748
10:01:00 344.0 21799.0 nan 64.76 64.76 64.43 64.74 403.0 64.77 571.0 21799.0 11914.0 9885.0 0.0 64.6423
10:02:00 206.0 14013.0 nan 64.6 64.83 64.6 64.57 200.0 64.6 272.0 14013.0 6269.0 7744.0 0.0 64.7138
10:03:00 157.0 6436.0 nan 64.48 64.61 64.41 64.45 630.0 64.49 267.0 6436.0 2711.0 3725.0 0.0 64.5204
10:04:00 171.0 15259.0 nan 64.64 64.65 64.43 64.63 1154.0 64.66 105.0 15259.0 12369.0 2890.0 0.0 64.5673
10:05:00 122.0 7317.0 nan 64.55 64.65 64.49 64.53 100.0 64.56 100.0 7317.0 2003.0 5314.0 0.0 64.573
10:06:00 153.0 9389.0 nan 64.63 64.68 64.53 64.59 50.0 64.63 160.0 9389.0 4491.0 4898.0 0.0 64.6289
10:07:00 69.0 5076.0 nan 64.72 64.72 64.58 64.68 150.0 64.72 550.0 5076.0 2291.0 2785.0 0.0 64.6763
10:08:00 96.0 5047.0 nan 64.655 64.73 64.58 64.64 201.0 64.67 802.0 5047.0 2988.0 2059.0 0.0 64.6472
10:09:00 161.0 8149.0 nan 64.71 64.78 64.64 64.7 130.0 64.73 100.0 8149.0 4004.0 4145.0 0.0 64.7101
10:10:00 109.0 5760.0 nan 64.58 64.74 64.58 64.56 350.0 64.59 700.0 5760.0 1941.0 3819.0 0.0 64.6673
10:11:00 108.0 10971.0 nan 64.52 64.65 64.5 64.49 150.0 64.52 200.0 10971.0 1583.0 9388.0 0.0 64.5664
10:12:00 101.0 5401.0 nan 64.68 64.68 64.5 64.64 100.0 64.68 50.0 5401.0 2799.0 2602.0 0.0 64.5679
10:13:00 107.0 10772.0 nan 64.81 64.82 64.65 64.79 950.0 64.82 229.0 10772.0 8961.0 1811.0 0.0 64.7546
10:14:00 270.0 31269.0 nan 64.96 64.98 64.82 64.93 401.0 64.96 200.0 31269.0 25196.0 6073.0 0.0 64.8946
10:15:00 617.0 85282.0 nan 65.075 65.17 64.95 65.06 1960.0 65.09 273.0 85282.0 76942.0 8340.0 0.0 65.026
10:16:00 382.0 31226.0 nan 65.24 65.24 65.07 65.23 250.0 65.25 2332.0 31226.0 15736.0 15490.0 0.0 65.1679
10:17:00 504.0 58874.0 nan 65.46 65.46 65.22 65.44 803.0 65.47 980.0 58874.0 36963.0 21911.0 0.0 65.3036
10:18:00 480.0 54420.0 nan 65.3 65.52 65.26 65.29 233.0 65.32 150.0 54420.0 30715.0 23705.0 0.0 65.463
10:19:00 221.0 13800.0 nan 65.5 65.5 65.3 65.47 50.0 65.49 292.0 13800.0 7548.0 6252.0 0.0 65.3661
10:20:00 195.0 10701.0 nan 65.52 65.54 65.4 65.51 150.0 65.54 301.0 10701.0 4773.0 5928.0 0.0 65.4725
10:21:00 192.0 10246.0 nan 65.41 65.53 65.34 65.4 350.0 65.42 202.0 10246.0 5004.0 5242.0 0.0 65.4294
10:22:00 146.0 14657.0 nan 65.47 65.52 65.42 65.46 300.0 65.49 250.0 14657.0 10266.0 4391.0 0.0 65.4574
10:23:00 183.0 23811.0 nan 65.57 65.59 65.46 65.56 83.0 65.58 533.0 23811.0 18770.0 5041.0 0.0 65.4952
10:24:00 129.0 8104.0 nan 65.51 65.58 65.47 65.46 250.0 65.5 10300.0 8104.0 4551.0 3553.0 0.0 65.5172
10:25:00 182.0 16181.0 nan 65.4 65.5 65.4 65.39 100.0 65.41 153.0 16181.0 9589.0 6592.0 0.0 65.4735
10:26:00 118.0 6553.0 nan 65.38 65.43 65.26 65.37 101.0 65.4 248.0 6553.0 3466.0 3087.0 0.0 65.3393
10:27:00 108.0 8491.0 nan 65.32 65.4 65.31 65.31 250.0 65.33 100.0 8491.0 2669.0 5822.0 0.0 65.3563
10:28:00 94.0 7224.0 nan 65.24 65.32 65.22 65.22 200.0 65.25 451.0 7224.0 3210.0 4014.0 0.0 65.2662
10:29:00 62.0 4466.0 nan 65.13 65.23 65.11 65.11 700.0 65.14 50.0 4466.0 1831.0 2635.0 0.0 65.1934
10:30:00 123.0 8327.0 nan 64.85 65.11 64.84 64.83 150.0 64.86 250.0 8327.0 2410.0 5917.0 0.0 64.9925
10:31:00 157.0 7589.0 nan 64.87 64.9 64.8 64.85 260.0 64.87 10.0 7589.0 4351.0 3238.0 0.0 64.8621
10:32:00 177.0 11101.0 nan 65.06 65.17 64.87 65.03 100.0 65.09 101.0 11101.0 7302.0 3799.0 0.0 65.0193
10:33:00 65.0 3680.0 nan 65.03 65.11 64.96 65.01 950.0 65.05 381.0 3680.0 2324.0 1356.0 0.0 65.0385
10:34:00 91.0 4290.0 nan 64.95 65.01 64.89 64.91 358.0 64.95 150.0 4290.0 2188.0 2102.0 0.0 64.9469
10:35:00 124.0 11784.0 nan 65.02 65.11 64.89 65.0 200.0 65.03 446.0 11784.0 9224.0 2560.0 0.0 64.9906
10:36:00 115.0 6997.0 nan 65.05 65.15 65.0 65.03 650.0 65.07 100.0 6997.0 3604.0 3393.0 0.0 65.0816
10:37:00 118.0 8434.0 nan 64.91 65.11 64.9 64.9 255.0 64.94 200.0 8434.0 5096.0 3338.0 0.0 64.9647
10:38:00 169.0 12032.0 nan 64.65 64.9 64.61 64.63 150.0 64.67 550.0 12032.0 3344.0 8688.0 0.0 64.7464
10:39:00 179.0 11284.0 nan 64.61 64.69 64.53 64.6 300.0 64.63 200.0 11284.0 4519.0 6765.0 0.0 64.6088
10:40:00 92.0 5558.0 nan 64.58 64.64 64.54 64.57 201.0 64.59 350.0 5558.0 2076.0 3482.0 0.0 64.5711
10:41:00 186.0 10578.0 nan 64.5 64.61 64.5 64.5 150.0 64.52 301.0 10578.0 3671.0 6907.0 0.0 64.5269
10:42:00 141.0 6946.0 nan 64.49 64.53 64.46 64.47 200.0 64.49 200.0 6946.0 4308.0 2638.0 0.0 64.4977
10:43:00 92.0 5008.0 nan 64.54 64.54 64.45 64.52 250.0 64.55 257.0 5008.0 3303.0 1705.0 0.0 64.4806
10:44:00 119.0 10638.0 nan 64.46 64.52 64.32 64.46 10.0 64.48 185.0 10638.0 3175.0 7463.0 0.0 64.4105
10:45:00 79.0 5889.0 nan 64.45 64.51 64.37 64.43 1050.0 64.46 100.0 5889.0 3942.0 1947.0 0.0 64.4351
10:46:00 102.0 6145.0 nan 64.31 64.43 64.28 64.3 50.0 64.33 400.0 6145.0 3184.0 2961.0 0.0 64.3625
10:47:00 122.0 9196.0 nan 64.18 64.29 64.15 64.17 27.0 64.19 339.0 9196.0 2820.0 6376.0 0.0 64.2136
10:48:00 88.0 5162.0 nan 64.15 64.23 64.12 64.13 350.0 64.18 525.0 5162.0 2168.0 2994.0 0.0 64.1709
10:49:00 97.0 5930.0 nan 64.16 64.23 64.1 64.14 200.0 64.17 200.0 5930.0 3190.0 2740.0 0.0 64.1751
10:50:00 42.0 2065.0 nan 64.15 64.18 64.13 64.13 250.0 64.17 300.0 2065.0 1155.0 910.0 0.0 64.1618
10:51:00 177.0 11102.0 nan 64.15 64.39 64.12 64.14 100.0 64.18 250.0 11102.0 7849.0 3253.0 0.0 64.2985
10:52:00 64.0 3178.0 nan 64.08 64.18 64.08 64.07 372.0 64.1 300.0 3178.0 1731.0 1447.0 0.0 64.1351
10:53:00 87.0 5275.0 nan 64.19 64.23 64.07 64.18 286.0 64.2 43.0 5275.0 3062.0 2213.0 0.0 64.1462
10:54:00 111.0 7644.0 nan 64.16 64.21 64.1 64.14 1250.0 64.17 200.0 7644.0 4491.0 3153.0 0.0 64.1677
10:55:00 112.0 9933.0 nan 64.24 64.24 64.1 64.24 800.0 64.26 300.0 9933.0 4753.0 5180.0 0.0 64.1383
10:56:00 131.0 11832.0 nan 64.21 64.319 64.2 64.2 50.0 64.24 800.0 11832.0 5545.0 6287.0 0.0 64.2496
10:57:00 124.0 7319.0 nan 64.25 64.31 64.19 64.23 700.0 64.26 453.0 7319.0 3242.0 4077.0 0.0 64.2436
10:58:00 98.0 6635.0 nan 64.21 64.28 64.2 64.21 300.0 64.23 403.0 6635.0 2458.0 4177.0 0.0 64.2367
10:59:00 122.0 8935.0 nan 64.15 64.21 64.08 64.13 553.0 64.16 1064.0 8935.0 3532.0 5403.0 0.0 64.1609
11:00:00 103.0 7272.0 nan 64.18 64.18 64.09 64.15 1648.0 64.18 50.0 7272.0 3384.0 3888.0 0.0 64.1233
11:01:00 117.0 11550.0 nan 64.13 64.23 64.09 64.13 750.0 64.15 312.0 11550.0 2186.0 9364.0 0.0 64.1433
11:02:00 106.0 5805.0 nan 64.39 64.39 64.13 64.37 800.0 64.4 7.0 5805.0 2281.0 3524.0 0.0 64.2587
11:03:00 131.0 6351.0 nan 64.38 64.5 64.37 64.36 150.0 64.4 1.0 6351.0 2900.0 3451.0 0.0 64.4209
11:04:00 60.0 2921.0 nan 64.24 64.42 64.22 64.23 50.0 64.25 1.0 2921.0 828.0 2093.0 0.0 64.2861
11:05:00 46.0 2623.0 nan 64.14 64.29 64.12 64.12 100.0 64.16 151.0 2623.0 602.0 2021.0 0.0 64.189
11:06:00 64.0 3904.0 nan 64.16 64.21 64.13 64.14 22.0 64.17 277.0 3904.0 1254.0 2650.0 0.0 64.1933
11:07:00 32.0 1393.0 nan 64.16 64.16 64.11 64.15 20.0 64.17 378.0 1393.0 674.0 719.0 0.0 64.1321
11:08:00 66.0 4637.0 nan 64.11 64.15 64.07 64.1 4.0 64.12 65.0 4637.0 695.0 3942.0 0.0 64.1055
11:09:00 84.0 4484.0 nan 64.21 64.24 64.1 64.2 200.0 64.22 752.0 4484.0 2427.0 2057.0 0.0 64.1908
11:10:00 58.0 2999.0 nan 64.11 64.2 64.1 64.11 4.0 64.13 300.0 2999.0 1246.0 1753.0 0.0 64.1422
11:11:00 138.0 13140.0 nan 63.86 64.18 63.85 63.84 100.0 63.89 1001.0 13140.0 2132.0 11008.0 0.0 63.9847
11:12:00 68.0 6148.0 nan 63.84 63.9 63.82 63.84 150.0 63.87 751.0 6148.0 2444.0 3704.0 0.0 63.8581
11:13:00 77.0 5446.0 nan 63.8 63.88 63.8 63.8 1000.0 63.82 153.0 5446.0 2231.0 3215.0 0.0 63.8526
11:14:00 73.0 4381.0 nan 63.81 63.87 63.8 63.8 641.0 63.82 300.0 4381.0 2053.0 2328.0 0.0 63.834
11:15:00 39.0 2240.0 nan 63.72 63.81 63.72 63.7 70.0 63.73 200.0 2240.0 219.0 2021.0 0.0 63.7738
11:16:00 76.0 7441.0 nan 63.63 63.75 63.57 63.6 1657.0 63.64 127.0 7441.0 2291.0 5150.0 0.0 63.6632
11:17:00 271.0 13437.0 nan 63.78 63.78 63.47 63.74 202.0 63.8 950.0 13437.0 5217.0 8220.0 0.0 63.5606
11:18:00 138.0 9371.0 nan 63.76 63.84 63.72 63.74 50.0 63.79 123.0 9371.0 2300.0 7071.0 0.0 63.7807
11:19:00 78.0 3866.0 nan 63.74 63.84 63.72 63.73 300.0 63.76 300.0 3866.0 2317.0 1549.0 0.0 63.7644
11:20:00 93.0 4819.0 nan 63.61 63.79 63.6 63.59 1164.0 63.63 410.0 4819.0 696.0 4123.0 0.0 63.7354
11:21:00 63.0 2557.0 nan 63.63 63.67 63.59 63.61 236.0 63.64 3.0 2557.0 1522.0 1035.0 0.0 63.6309
11:22:00 64.0 4044.0 nan 63.53 63.64 63.5 63.53 200.0 63.54 40.0 4044.0 1171.0 2873.0 0.0 63.5609
11:23:00 120.0 9071.0 nan 63.49 63.61 63.49 63.47 3.0 63.5 800.0 9071.0 3699.0 5372.0 0.0 63.5569
11:24:00 124.0 9012.0 nan 63.5 63.52 63.44 63.49 400.0 63.5 678.0 9012.0 6839.0 2173.0 0.0 63.4903
11:25:00 79.0 3660.0 nan 63.65 63.65 63.48 63.65 213.0 63.67 67.0 3660.0 2727.0 933.0 0.0 63.5368
11:26:00 57.0 1714.0 nan 63.67 63.73 63.65 63.65 150.0 63.68 2.0 1714.0 694.0 1020.0 0.0 63.6934
11:27:00 97.0 4794.0 nan 63.83 63.85 63.68 63.83 78.0 63.84 2130.0 4794.0 3894.0 900.0 0.0 63.7989
11:28:00 68.0 4338.0 nan 63.82 63.87 63.8 63.8 101.0 63.83 118.0 4338.0 3002.0 1336.0 0.0 63.8448
11:29:00 125.0 10418.0 nan 63.83 63.84 63.75 63.84 100.0 63.87 6905.0 10418.0 7984.0 2434.0 0.0 63.8148
11:30:00 64.0 12263.0 nan 63.9 63.9 63.8 63.9 589.0 63.91 20.0 12263.0 11474.0 789.0 0.0 63.871
11:31:00 80.0 4299.0 nan 63.83 63.91 63.82 63.82 800.0 63.86 250.0 4299.0 2110.0 2189.0 0.0 63.8873
11:32:00 40.0 2450.0 nan 63.86 63.89 63.76 63.83 1.0 63.86 80.0 2450.0 763.0 1687.0 0.0 63.8134
11:33:00 30.0 1073.0 nan 63.87 63.89 63.81 63.83 300.0 63.86 104.0 1073.0 657.0 416.0 0.0 63.8624
11:34:00 78.0 4742.0 nan 63.81 63.84 63.69 63.8 50.0 63.82 9.0 4742.0 927.0 3815.0 0.0 63.7833
11:35:00 120.0 6326.0 nan 63.86 63.98 63.81 63.84 50.0 63.87 401.0 6326.0 4780.0 1546.0 0.0 63.9103
11:36:00 78.0 3987.0 nan 64.0 64.0 63.87 63.94 50.0 63.99 800.0 3987.0 3160.0 827.0 0.0 63.9745
11:37:00 169.0 12436.0 nan 64.04 64.1 63.93 64.06 50.0 64.07 1.0 12436.0 9833.0 2603.0 0.0 64.0223
11:38:00 46.0 2950.0 nan 63.99 64.1 63.99 63.96 75.0 64.0 993.0 2950.0 245.0 2705.0 0.0 64.0487
11:39:00 76.0 3080.0 nan 63.87 63.96 63.77 63.85 810.0 63.88 210.0 3080.0 873.0 2207.0 0.0 63.8493
11:40:00 27.0 1390.0 nan 63.94 63.99 63.88 63.92 800.0 63.97 100.0 1390.0 518.0 872.0 0.0 63.9416
11:41:00 66.0 5097.0 nan 63.97 64.01 63.9 63.96 750.0 63.99 112.0 5097.0 925.0 4172.0 0.0 63.9477
11:42:00 32.0 2341.0 nan 63.95 63.99 63.92 63.94 300.0 63.98 553.0 2341.0 679.0 1662.0 0.0 63.9561
11:43:00 69.0 4814.0 nan 64.05 64.11 63.95 64.03 200.0 64.05 4.0 4814.0 2085.0 2729.0 0.0 64.0253
11:44:00 35.0 1023.0 nan 64.12 64.12 64.04 64.11 250.0 64.13 24.0 1023.0 894.0 129.0 0.0 64.0865
11:45:00 84.0 6660.0 nan 64.18 64.2 64.12 64.18 938.0 64.2 300.0 6660.0 3348.0 3312.0 0.0 64.1512
11:46:00 152.0 10972.0 nan 64.33 64.33 64.17 64.32 650.0 64.34 1144.0 10972.0 7354.0 3618.0 0.0 64.2189
11:47:00 116.0 7662.0 nan 64.42 64.43 64.32 64.41 100.0 64.43 150.0 7662.0 3841.0 3821.0 0.0 64.3703
11:48:00 85.0 7706.0 nan 64.42 64.47 64.35 64.39 300.0 64.42 156.0 7706.0 3152.0 4554.0 0.0 64.4156
11:49:00 65.0 3569.0 nan 64.29 64.41 64.28 64.28 105.0 64.3 100.0 3569.0 1642.0 1927.0 0.0 64.3588
11:50:00 40.0 1755.0 nan 64.33 64.33 64.26 64.32 400.0 64.34 200.0 1755.0 965.0 790.0 0.0 64.3039
11:51:00 94.0 4381.0 nan 64.33 64.34 64.3 64.32 36.0 64.34 4.0 4381.0 2524.0 1857.0 0.0 64.3228
11:52:00 94.0 13981.0 nan 64.38 64.42 64.34 64.37 900.0 64.39 20.0 13981.0 12228.0 1753.0 0.0 64.4022
11:53:00 47.0 2277.0 nan 64.37 64.41 64.34 64.35 714.0 64.38 152.0 2277.0 1056.0 1221.0 0.0 64.3774
11:54:00 41.0 1804.0 nan 64.41 64.43 64.37 64.41 950.0 64.44 804.0 1804.0 1362.0 442.0 0.0 64.4061
11:55:00 33.0 1958.0 nan 64.42 64.44 64.4 64.41 200.0 64.43 1.0 1958.0 734.0 1224.0 0.0 64.4235
11:56:00 152.0 12305.0 nan 64.61 64.63 64.43 64.57 100.0 64.6 878.0 12305.0 8389.0 3916.0 0.0 64.5286
11:57:00 68.0 5597.0 nan 64.62 64.63 64.545 64.61 103.0 64.63 2.0 5597.0 4479.0 1118.0 0.0 64.6073
11:58:00 89.0 5059.0 nan 64.51 64.65 64.51 64.5 200.0 64.53 51.0 5059.0 2718.0 2341.0 0.0 64.5903
11:59:00 142.0 10177.0 nan 64.58 64.59 64.46 64.58 100.0 64.61 151.0 10177.0 4052.0 6125.0 0.0 64.5203
12:00:00 97.0 6842.0 nan 64.58 64.65 64.56 64.57 150.0 64.61 100.0 6842.0 5305.0 1537.0 0.0 64.6066
12:01:00 76.0 5341.0 nan 64.55 64.65 64.55 64.53 550.0 64.58 358.0 5341.0 2396.0 2945.0 0.0 64.5928
12:02:00 77.0 6295.0 nan 64.47 64.59 64.45 64.46 100.0 64.47 30.0 6295.0 3402.0 2893.0 0.0 64.4977
12:03:00 58.0 3054.0 nan 64.53 64.55 64.47 64.51 277.0 64.54 102.0 3054.0 2356.0 698.0 0.0 64.51
12:04:00 72.0 3568.0 nan 64.52 64.56 64.46 64.47 550.0 64.51 200.0 3568.0 1542.0 2026.0 0.0 64.5055
12:05:00 147.0 33004.0 nan 64.41 64.54 64.35 64.4 203.0 64.42 303.0 33004.0 2089.0 30915.0 0.0 64.418
12:06:00 48.0 2101.0 nan 64.43 64.45 64.36 64.42 209.0 64.43 35.0 2101.0 1085.0 1016.0 0.0 64.414
12:07:00 33.0 1039.0 nan 64.41 64.43 64.38 64.4 6.0 64.42 353.0 1039.0 498.0 541.0 0.0 64.411
12:08:00 48.0 2505.0 nan 64.41 64.46 64.4 64.4 10.0 64.42 73.0 2505.0 1398.0 1107.0 0.0 64.431
12:09:00 71.0 3422.0 nan 64.43 64.45 64.37 64.42 54.0 64.46 500.0 3422.0 2695.0 727.0 0.0 64.4018
12:10:00 53.0 3737.0 nan 64.56 64.6 64.43 64.54 200.0 64.58 201.0 3737.0 2590.0 1147.0 0.0 64.5623
12:11:00 48.0 1693.0 nan 64.52 64.58 64.505 64.53 104.0 64.55 102.0 1693.0 1063.0 630.0 0.0 64.5314
12:12:00 106.0 18612.0 nan 64.49 64.54 64.4 64.48 297.0 64.5 14.0 18612.0 16938.0 1674.0 0.0 64.4514
12:13:00 90.0 17173.0 nan 64.63 64.64 64.5 64.63 4.0 64.63 50.0 17173.0 15148.0 2025.0 0.0 64.5934
12:14:00 67.0 5162.0 nan 64.73 64.74 64.63 64.72 136.0 64.74 36.0 5162.0 4768.0 394.0 0.0 64.6762
12:15:00 71.0 5590.0 nan 64.7 64.8 64.7 64.67 50.0 64.7 50.0 5590.0 3035.0 2555.0 0.0 64.776
12:16:00 49.0 3065.0 nan 64.72 64.77 64.645 64.7 201.0 64.72 403.0 3065.0 2520.0 545.0 0.0 64.7142
12:17:00 44.0 2653.0 nan 64.69 64.8 64.69 64.69 1.0 64.71 1.0 2653.0 1877.0 776.0 0.0 64.7464
12:18:00 58.0 2822.0 nan 64.63 64.75 64.6 64.61 50.0 64.65 151.0 2822.0 684.0 2138.0 0.0 64.6623
12:19:00 40.0 2487.0 nan 64.6 64.66 64.59 64.58 371.0 64.62 206.0 2487.0 502.0 1985.0 0.0 64.6147
12:20:00 76.0 3177.0 nan 64.69 64.7 64.54 64.68 4.0 64.7 300.0 3177.0 2218.0 959.0 0.0 64.604
12:21:00 48.0 3599.0 nan 64.63 64.75 64.63 64.59 503.0 64.64 857.0 3599.0 1105.0 2494.0 0.0 64.6929
12:22:00 34.0 1167.0 nan 64.6 64.6 64.55 64.58 351.0 64.61 461.0 1167.0 750.0 417.0 0.0 64.579
12:23:00 51.0 2143.0 nan 64.62 64.68 64.6 64.62 250.0 64.65 1045.0 2143.0 1150.0 993.0 0.0 64.649
12:24:00 49.0 2631.0 nan 64.59 64.67 64.59 64.56 250.0 64.59 150.0 2631.0 2128.0 503.0 0.0 64.6276
12:25:00 33.0 2581.0 nan 64.69 64.69 64.6 64.67 609.0 64.7 100.0 2581.0 2380.0 201.0 0.0 64.6381
12:26:00 37.0 1362.0 nan 64.72 64.72 64.7 64.7 700.0 64.73 103.0 1362.0 847.0 515.0 0.0 64.7085
12:27:00 27.0 1904.0 nan 64.69 64.71 64.68 64.69 132.0 64.7 5.0 1904.0 1106.0 798.0 0.0 64.6965
12:28:00 76.0 5240.0 nan 64.65 64.78 64.64 64.65 50.0 64.66 240.0 5240.0 2167.0 3073.0 0.0 64.7079
12:29:00 54.0 3347.0 nan 64.75 64.75 64.65 64.74 100.0 64.76 151.0 3347.0 1778.0 1569.0 0.0 64.6707
12:30:00 48.0 1181.0 nan 64.72 64.78 64.72 64.71 210.0 64.73 14.0 1181.0 235.0 946.0 0.0 64.7528
12:31:00 117.0 10312.0 nan 64.79 64.86 64.73 64.78 400.0 64.81 304.0 10312.0 7451.0 2861.0 0.0 64.814
12:32:00 93.0 5271.0 nan 64.79 64.79 64.75 64.78 519.0 64.81 701.0 5271.0 2231.0 3040.0 0.0 64.7658
12:33:00 63.0 3755.0 nan 64.73 64.81 64.71 64.73 200.0 64.75 30.0 3755.0 1744.0 2011.0 0.0 64.7518
12:34:00 22.0 1588.0 nan 64.73 64.74 64.67 64.72 150.0 64.74 23.0 1588.0 1107.0 481.0 0.0 64.722
12:35:00 47.0 2859.0 nan 64.74 64.76 64.69 64.72 600.0 64.75 200.0 2859.0 1963.0 896.0 0.0 64.7273
12:36:00 94.0 6262.0 nan 64.65 64.72 64.63 64.63 1646.0 64.66 156.0 6262.0 1537.0 4725.0 0.0 64.6817
12:37:00 27.0 3189.0 nan 64.67 64.67 64.65 64.65 205.0 64.67 204.0 3189.0 1789.0 1400.0 0.0 64.6675
12:38:00 71.0 3067.0 nan 64.67 64.67 64.62 64.65 2451.0 64.68 100.0 3067.0 1542.0 1525.0 0.0 64.6385
12:39:00 41.0 2790.0 nan 64.71 64.72 64.65 64.69 100.0 64.71 50.0 2790.0 2194.0 596.0 0.0 64.689
12:40:00 54.0 2874.0 nan 64.76 64.78 64.7 64.75 229.0 64.77 285.0 2874.0 1557.0 1317.0 0.0 64.7442
12:41:00 663.0 81969.0 nan 64.89 65.08 64.74 64.89 82.0 64.9 182.0 81969.0 59834.0 22135.0 0.0 64.944
12:42:00 62.0 2672.0 nan 64.88 64.92 64.85 64.85 404.0 64.88 11.0 2672.0 1668.0 1004.0 0.0 64.8814
12:43:00 46.0 2196.0 nan 64.84 64.87 64.82 64.82 750.0 64.85 20.0 2196.0 1153.0 1043.0 0.0 64.847
12:44:00 79.0 4692.0 nan 64.86 64.91 64.79 64.86 200.0 64.88 79.0 4692.0 2106.0 2586.0 0.0 64.8494
12:45:00 91.0 12142.0 nan 65.0 65.02 64.86 64.97 100.0 65.0 1585.0 12142.0 10598.0 1544.0 0.0 64.9847
12:46:00 42.0 2048.0 nan 64.92 64.97 64.89 64.91 300.0 64.94 1040.0 2048.0 712.0 1336.0 0.0 64.9279
12:47:00 22.0 1274.0 nan 64.875 64.9 64.87 64.86 300.0 64.89 151.0 1274.0 303.0 971.0 0.0 64.8801
12:48:00 59.0 4399.0 nan 64.85 64.86 64.83 64.82 105.0 64.84 50.0 4399.0 1486.0 2913.0 0.0 64.8434
12:49:00 93.0 14868.0 nan 64.74 64.88 64.72 64.72 700.0 64.75 613.0 14868.0 1898.0 12970.0 0.0 64.7941
12:50:00 83.0 3397.0 nan 64.7 64.75 64.67 64.67 750.0 64.7 280.0 3397.0 1658.0 1739.0 0.0 64.7224
12:51:00 108.0 5590.0 nan 64.63 64.71 64.6 64.62 338.0 64.64 102.0 5590.0 2230.0 3360.0 0.0 64.6555
12:52:00 97.0 6565.0 nan 64.65 64.67 64.58 64.63 100.0 64.65 117.0 6565.0 1912.0 4653.0 0.0 64.6145
12:53:00 47.0 1962.0 nan 64.61 64.63 64.6 64.59 600.0 64.61 4.0 1962.0 971.0 991.0 0.0 64.6084
12:54:00 34.0 2830.0 nan 64.56 64.62 64.56 64.55 1450.0 64.57 301.0 2830.0 232.0 2598.0 0.0 64.5864
12:55:00 47.0 2128.0 nan 64.53 64.57 64.53 64.52 150.0 64.55 201.0 2128.0 1029.0 1099.0 0.0 64.5585
12:56:00 81.0 4888.0 nan 64.5 64.57 64.48 64.49 54.0 64.51 1.0 4888.0 1900.0 2988.0 0.0 64.517
12:57:00 58.0 4661.0 nan 64.5 64.51 64.46 64.48 214.0 64.5 200.0 4661.0 1532.0 3129.0 0.0 64.4799
12:58:00 59.0 3457.0 nan 64.51 64.52 64.45 64.5 6.0 64.51 200.0 3457.0 1718.0 1739.0 0.0 64.4914
12:59:00 53.0 2575.0 nan 64.47 64.5 64.41 64.46 1450.0 64.48 100.0 2575.0 756.0 1819.0 0.0 64.4558
13:00:00 57.0 2921.0 nan 64.58 64.59 64.48 64.57 66.0 64.6 360.0 2921.0 2502.0 419.0 0.0 64.5256
13:01:00 90.0 6084.0 nan 64.74 64.77 64.59 64.7 150.0 64.72 100.0 6084.0 3243.0 2841.0 0.0 64.7232
13:02:00 15.0 755.0 nan 64.62 64.7 64.62 64.64 150.0 64.66 50.0 755.0 266.0 489.0 0.0 64.6734
13:03:00 42.0 2025.0 nan 64.56 64.67 64.54 64.54 800.0 64.57 3216.0 2025.0 1146.0 879.0 0.0 64.5896
13:04:00 61.0 4711.0 nan 64.64 64.64 64.55 64.62 212.0 64.64 120.0 4711.0 3936.0 775.0 0.0 64.6252
13:05:00 30.0 1535.0 nan 64.68 64.7 64.64 64.65 50.0 64.69 750.0 1535.0 712.0 823.0 0.0 64.6687
13:06:00 62.0 1917.0 nan 64.65 64.69 64.61 64.63 55.0 64.66 221.0 1917.0 1244.0 673.0 0.0 64.6585
13:07:00 34.0 5748.0 nan 64.69 64.72 64.66 64.68 100.0 64.71 250.0 5748.0 4805.0 943.0 0.0 64.7128
13:08:00 32.0 1708.0 nan 64.65 64.75 64.65 64.64 24.0 64.66 100.0 1708.0 985.0 723.0 0.0 64.708
13:09:00 50.0 2109.0 nan 64.65 64.68 64.59 64.64 1.0 64.66 151.0 2109.0 1332.0 777.0 0.0 64.6561
13:10:00 73.0 3392.0 nan 64.71 64.73 64.66 64.71 150.0 64.73 150.0 3392.0 2785.0 607.0 0.0 64.7096
13:11:00 28.0 1817.0 nan 64.67 64.71 64.64 64.64 1001.0 64.67 101.0 1817.0 1042.0 775.0 0.0 64.6742
13:12:00 71.0 3366.0 nan 64.65 64.66 64.61 64.63 105.0 64.65 200.0 3366.0 2067.0 1299.0 0.0 64.6326
13:13:00 50.0 2263.0 nan 64.62 64.66 64.61 64.61 327.0 64.63 418.0 2263.0 1523.0 740.0 0.0 64.6448
13:14:00 61.0 3477.0 nan 64.56 64.62 64.53 64.55 405.0 64.57 402.0 3477.0 1647.0 1830.0 0.0 64.5715
13:15:00 34.0 2117.0 nan 64.54 64.56 64.52 64.52 86.0 64.55 683.0 2117.0 1351.0 766.0 0.0 64.5414
13:16:00 83.0 5186.0 nan 64.4 64.53 64.39 64.38 612.0 64.4 100.0 5186.0 888.0 4298.0 0.0 64.452
13:17:00 121.0 5758.0 nan 64.39 64.42 64.27 64.39 210.0 64.4 1.0 5758.0 2547.0 3211.0 0.0 64.3245
13:18:00 59.0 2361.0 nan 64.43 64.45 64.33 64.41 56.0 64.44 150.0 2361.0 2050.0 311.0 0.0 64.3848
13:19:00 35.0 1115.0 nan 64.42 64.45 64.37 64.38 250.0 64.42 984.0 1115.0 582.0 533.0 0.0 64.4215
13:20:00 32.0 2048.0 nan 64.43 64.43 64.41 64.42 101.0 64.44 200.0 2048.0 1148.0 900.0 0.0 64.4195
13:21:00 37.0 2410.0 nan 64.5 64.52 64.41 64.49 305.0 64.52 721.0 2410.0 1570.0 840.0 0.0 64.4633
13:22:00 34.0 1824.0 nan 64.49 64.51 64.48 64.5 8.0 64.51 1.0 1824.0 604.0 1220.0 0.0 64.4884
13:23:00 23.0 728.0 nan 64.49 64.54 64.48 64.49 200.0 64.51 50.0 728.0 458.0 270.0 0.0 64.5107
13:24:00 72.0 4872.0 nan 64.52 64.54 64.43 64.49 50.0 64.53 650.0 4872.0 1429.0 3443.0 0.0 64.4739
13:25:00 70.0 9269.0 nan 64.6 64.6 64.495 64.58 210.0 64.61 100.0 9269.0 8657.0 612.0 0.0 64.5474
13:26:00 40.0 2692.0 nan 64.51 64.59 64.5 64.52 250.0 64.55 1169.0 2692.0 949.0 1743.0 0.0 64.5362
13:27:00 50.0 2154.0 nan 64.48 64.52 64.42 64.45 250.0 64.48 285.0 2154.0 740.0 1414.0 0.0 64.4616
13:28:00 59.0 4024.0 nan 64.46 64.5 64.39 64.45 160.0 64.48 150.0 4024.0 2029.0 1995.0 0.0 64.4244
13:29:00 55.0 2881.0 nan 64.43 64.45 64.39 64.41 136.0 64.43 50.0 2881.0 2362.0 519.0 0.0 64.4247
13:30:00 51.0 3273.0 nan 64.46 64.48 64.445 64.45 855.0 64.49 451.0 3273.0 2213.0 1060.0 0.0 64.4614
13:31:00 54.0 6026.0 nan 64.44 64.5 64.43 64.43 100.0 64.45 275.0 6026.0 2130.0 3896.0 0.0 64.4765
13:32:00 66.0 5926.0 nan 64.34 64.43 64.34 64.33 10.0 64.36 651.0 5926.0 2054.0 3872.0 0.0 64.3615
13:33:00 52.0 3896.0 nan 64.4 64.4 64.34 64.39 3650.0 64.42 1.0 3896.0 1958.0 1938.0 0.0 64.3633
13:34:00 57.0 4207.0 nan 64.45 64.49 64.42 64.47 900.0 64.5 244.0 4207.0 1584.0 2623.0 0.0 64.4608
13:35:00 29.0 4561.0 nan 64.42 64.49 64.42 64.4 200.0 64.43 407.0 4561.0 1051.0 3510.0 0.0 64.4717
13:36:00 28.0 2067.0 nan 64.38 64.41 64.35 64.36 300.0 64.38 131.0 2067.0 1410.0 657.0 0.0 64.3818
13:37:00 44.0 2653.0 nan 64.35 64.405 64.33 64.35 1.0 64.36 70.0 2653.0 2001.0 652.0 0.0 64.3475
13:38:00 25.0 1361.0 nan 64.34 64.37 64.34 64.35 50.0 64.38 150.0 1361.0 459.0 902.0 0.0 64.3585
13:39:00 48.0 5537.0 nan 64.315 64.41 64.295 64.29 139.0 64.32 101.0 5537.0 4717.0 820.0 0.0 64.3693
13:40:00 59.0 2650.0 nan 64.39 64.41 64.31 64.4 35.0 64.41 110.0 2650.0 2344.0 306.0 0.0 64.3668
13:41:00 51.0 3023.0 nan 64.42 64.42 64.38 64.4 231.0 64.42 99.0 3023.0 1776.0 1247.0 0.0 64.4053
13:42:00 25.0 2515.0 nan 64.44 64.44 64.4 64.41 103.0 64.43 25.0 2515.0 405.0 2110.0 0.0 64.4271
13:43:00 42.0 3070.0 nan 64.38 64.41 64.36 64.37 150.0 64.41 850.0 3070.0 514.0 2556.0 0.0 64.3846
13:44:00 78.0 4543.0 nan 64.47 64.52 64.41 64.45 101.0 64.47 98.0 4543.0 2539.0 2004.0 0.0 64.477
13:45:00 29.0 2023.0 nan 64.46 64.47 64.4 64.44 51.0 64.46 1.0 2023.0 500.0 1523.0 0.0 64.4452
13:46:00 191.0 17254.0 nan 64.24 64.4 64.185 64.23 5.0 64.26 1308.0 17254.0 3559.0 13695.0 0.0 64.2489
13:47:00 86.0 4416.0 nan 64.11 64.26 64.09 64.1 400.0 64.12 150.0 4416.0 2708.0 1708.0 0.0 64.2019
13:48:00 67.0 3018.0 nan 64.15 64.18 64.06 64.13 153.0 64.16 250.0 3018.0 1905.0 1113.0 0.0 64.1075
13:49:00 34.0 713.0 nan 64.13 64.13 64.09 64.12 101.0 64.14 1.0 713.0 592.0 121.0 0.0 64.1098
13:50:00 25.0 817.0 nan 64.11 64.16 64.1 64.1 153.0 64.12 1.0 817.0 283.0 534.0 0.0 64.1288
13:51:00 38.0 1748.0 nan 64.1 64.14 64.1 64.09 451.0 64.12 201.0 1748.0 974.0 774.0 0.0 64.1153
13:52:00 25.0 731.0 nan 64.12 64.13 64.1 64.11 13.0 64.14 350.0 731.0 427.0 304.0 0.0 64.1131
13:53:00 18.0 388.0 nan 64.14 64.14 64.07 64.11 206.0 64.14 250.0 388.0 172.0 216.0 0.0 64.1027
13:54:00 67.0 2711.0 nan 64.18 64.18 64.08 64.15 155.0 64.19 472.0 2711.0 1320.0 1391.0 0.0 64.1158
13:55:00 27.0 1725.0 nan 64.16 64.19 64.13 64.14 761.0 64.18 150.0 1725.0 1236.0 489.0 0.0 64.1659
13:56:00 57.0 2858.0 nan 64.18 64.19 64.11 64.15 201.0 64.19 50.0 2858.0 1735.0 1123.0 0.0 64.1624
13:57:00 37.0 1332.0 nan 64.19 64.21 64.15 64.19 4.0 64.21 251.0 1332.0 867.0 465.0 0.0 64.1789
13:58:00 54.0 2697.0 nan 64.17 64.2 64.16 64.16 452.0 64.19 1.0 2697.0 402.0 2295.0 0.0 64.1818
13:59:00 45.0 1336.0 nan 64.21 64.23 64.18 64.2 172.0 64.22 1.0 1336.0 1159.0 177.0 0.0 64.2117
14:00:00 56.0 6098.0 nan 64.21 64.25 64.19 64.2 9.0 64.21 100.0 6098.0 2679.0 3419.0 0.0 64.202
14:01:00 41.0 1221.0 nan 64.12 64.23 64.12 64.12 201.0 64.16 923.0 1221.0 618.0 603.0 0.0 64.19
14:02:00 55.0 3028.0 nan 64.17 64.2 64.15 64.17 250.0 64.2 250.0 3028.0 2284.0 744.0 0.0 64.1804
14:03:00 30.0 1523.0 nan 64.21 64.23 64.17 64.21 10.0 64.23 450.0 1523.0 558.0 965.0 0.0 64.2048
14:04:00 61.0 4079.0 nan 64.11 64.23 64.08 64.11 15.0 64.14 519.0 4079.0 1587.0 2492.0 0.0 64.1561
14:05:00 36.0 1362.0 nan 64.11 64.14 64.11 64.1 250.0 64.12 200.0 1362.0 553.0 809.0 0.0 64.1283
14:06:00 72.0 5109.0 nan 64.1 64.12 64.05 64.09 131.0 64.11 470.0 5109.0 3528.0 1581.0 0.0 64.0821
14:07:00 38.0 2006.0 nan 64.07 64.12 64.06 64.05 744.0 64.09 750.0 2006.0 1389.0 617.0 0.0 64.1037
14:08:00 104.0 11383.0 nan 63.98 64.05 63.93 63.96 304.0 63.98 200.0 11383.0 4225.0 7158.0 0.0 63.9864
14:09:00 65.0 3053.0 nan 63.995 64.02 63.96 63.98 552.0 64.01 100.0 3053.0 1962.0 1091.0 0.0 63.9896
14:10:00 47.0 4543.0 nan 64.0 64.03 63.98 63.99 6.0 64.01 100.0 4543.0 953.0 3590.0 0.0 64.0097
14:11:00 17.0 550.0 nan 63.99 64.01 63.98 63.98 1000.0 64.01 458.0 550.0 537.0 13.0 0.0 63.993
14:12:00 87.0 4113.0 nan 63.95 64.0 63.9 63.94 27.0 63.95 270.0 4113.0 2034.0 2079.0 0.0 63.9441
14:13:00 98.0 7856.0 nan 63.87 63.94 63.85 63.85 2201.0 63.88 50.0 7856.0 4516.0 3340.0 0.0 63.9036
14:14:00 65.0 3569.0 nan 63.88 63.89 63.85 63.87 653.0 63.89 200.0 3569.0 2368.0 1201.0 0.0 63.8647
14:15:00 122.0 3731.0 nan 64.01 64.02 63.88 64.0 155.0 64.03 409.0 3731.0 2453.0 1278.0 0.0 63.9546
14:16:00 34.0 1268.0 nan 64.04 64.08 64.01 64.01 454.0 64.04 650.0 1268.0 746.0 522.0 0.0 64.0506
14:17:00 46.0 3371.0 nan 63.97 64.03 63.97 63.97 365.0 64.0 1002.0 3371.0 776.0 2595.0 0.0 64.0211
14:18:00 25.0 1577.0 nan 63.89 63.97 63.89 63.87 854.0 63.9 1.0 1577.0 497.0 1080.0 0.0 63.9474
14:19:00 61.0 2201.0 nan 63.85 63.92 63.84 63.83 250.0 63.87 350.0 2201.0 1301.0 900.0 0.0 63.878
14:20:00 43.0 5173.0 nan 63.81 63.85 63.8 63.78 452.0 63.82 850.0 5173.0 2654.0 2519.0 0.0 63.8291
14:21:00 223.0 9954.0 nan 63.76 63.835 63.73 63.73 150.0 63.75 100.0 9954.0 3694.0 6260.0 0.0 63.7749
14:22:00 59.0 2738.0 nan 63.79 63.81 63.74 63.8 4.0 63.82 874.0 2738.0 1976.0 762.0 0.0 63.7883
14:23:00 67.0 4474.0 nan 63.83 63.86 63.81 63.81 401.0 63.84 100.0 4474.0 2697.0 1777.0 0.0 63.8289
14:24:00 19.0 540.0 nan 63.78 63.86 63.78 63.76 397.0 63.79 10.0 540.0 536.0 4.0 0.0 63.8517
14:25:00 41.0 1769.0 nan 63.79 63.83 63.76 63.79 100.0 63.81 100.0 1769.0 1004.0 765.0 0.0 63.7917
14:26:00 86.0 3603.0 nan 63.8 63.82 63.74 63.8 125.0 63.82 400.0 3603.0 1680.0 1923.0 0.0 63.7804
14:27:00 40.0 1656.0 nan 63.84 63.84 63.8 63.83 200.0 63.86 610.0 1656.0 1052.0 604.0 0.0 63.8215
14:28:00 60.0 2369.0 nan 63.85 63.88 63.83 63.84 200.0 63.85 37.0 2369.0 1225.0 1144.0 0.0 63.8544
14:29:00 61.0 2908.0 nan 63.84 63.88 63.84 63.84 100.0 63.87 1152.0 2908.0 2044.0 864.0 0.0 63.8573
14:30:00 37.0 1344.0 nan 63.87 63.89 63.85 63.85 1100.0 63.88 9.0 1344.0 1034.0 310.0 0.0 63.8745
14:31:00 51.0 1832.0 nan 63.84 63.89 63.82 63.82 555.0 63.85 392.0 1832.0 1023.0 809.0 0.0 63.8522
14:32:00 96.0 5394.0 nan 63.72 63.835 63.7 63.72 100.0 63.75 257.0 5394.0 1828.0 3566.0 0.0 63.7393
14:33:00 74.0 3121.0 nan 63.7 63.75 63.68 63.69 219.0 63.71 602.0 3121.0 1779.0 1342.0 0.0 63.7167
14:34:00 100.0 4991.0 nan 63.78 63.82 63.7 63.78 150.0 63.81 203.0 4991.0 2981.0 2010.0 0.0 63.7587
14:35:00 33.0 1484.0 nan 63.69 63.77 63.67 63.66 963.0 63.69 11.0 1484.0 311.0 1173.0 0.0 63.7338
14:36:00 92.0 4056.0 nan 63.73 63.79 63.68 63.72 286.0 63.75 100.0 4056.0 1281.0 2775.0 0.0 63.7443
14:37:00 47.0 1851.0 nan 63.79 63.82 63.73 63.78 6.0 63.8 320.0 1851.0 1252.0 599.0 0.0 63.7919
14:38:00 41.0 1809.0 nan 63.83 63.84 63.79 63.83 650.0 63.86 250.0 1809.0 1580.0 229.0 0.0 63.8145
14:39:00 75.0 2733.0 nan 63.84 63.89 63.79 63.82 300.0 63.85 50.0 2733.0 1338.0 1395.0 0.0 63.8504
14:40:00 62.0 2945.0 nan 63.85 63.89 63.81 63.85 386.0 63.87 220.0 2945.0 1925.0 1020.0 0.0 63.8529
14:41:00 66.0 4020.0 nan 63.95 63.95 63.87 63.93 350.0 63.95 76.0 4020.0 3077.0 943.0 0.0 63.9191
14:42:00 123.0 7739.0 nan 63.86 63.94 63.83 63.85 200.0 63.86 64.0 7739.0 1682.0 6057.0 0.0 63.8957
14:43:00 210.0 11392.0 nan 63.65 63.85 63.65 63.66 800.0 63.7 400.0 11392.0 3610.0 7782.0 0.0 63.749
14:44:00 162.0 8730.0 nan 63.72 63.795 63.66 63.71 352.0 63.73 300.0 8730.0 4733.0 3997.0 0.0 63.7403
14:45:00 71.0 3663.0 nan 63.74 63.78 63.7 63.73 6.0 63.76 1121.0 3663.0 1816.0 1847.0 0.0 63.7353
14:46:00 75.0 3504.0 nan 63.69 63.74 63.69 63.69 957.0 63.72 300.0 3504.0 1682.0 1822.0 0.0 63.7175
14:47:00 61.0 4179.0 nan 63.73 63.75 63.68 63.7 1053.0 63.74 1101.0 4179.0 1622.0 2557.0 0.0 63.7204
14:48:00 90.0 6851.0 nan 63.64 63.71 63.64 63.62 76.0 63.64 779.0 6851.0 2946.0 3905.0 0.0 63.6747
14:49:00 222.0 17073.0 nan 63.65 63.66 63.59 63.64 200.0 63.66 750.0 17073.0 9313.0 7760.0 0.0 63.6294
14:50:00 188.0 15330.0 nan 63.73 63.73 63.65 63.71 760.0 63.72 13.0 15330.0 3797.0 11533.0 0.0 63.6894
14:51:00 99.0 6607.0 nan 63.75 63.78 63.72 63.74 45.0 63.76 220.0 6607.0 3423.0 3184.0 0.0 63.7554
14:52:00 163.0 10654.0 nan 63.69 63.76 63.66 63.68 200.0 63.7 210.0 10654.0 3470.0 7184.0 0.0 63.7056
14:53:00 65.0 3708.0 nan 63.66 63.69 63.65 63.65 988.0 63.66 603.0 3708.0 885.0 2823.0 0.0 63.6642
14:54:00 159.0 12493.0 nan 63.66 63.68 63.63 63.64 850.0 63.67 923.0 12493.0 5707.0 6786.0 0.0 63.6538
14:55:00 101.0 5215.0 nan 63.66 63.68 63.63 63.65 463.0 63.67 107.0 5215.0 3481.0 1734.0 0.0 63.6625
14:56:00 74.0 3304.0 nan 63.83 63.83 63.67 63.82 900.0 63.83 7.0 3304.0 1899.0 1405.0 0.0 63.7272
14:57:00 117.0 4017.0 nan 63.735 63.83 63.7 63.73 100.0 63.74 110.0 4017.0 1145.0 2872.0 0.0 63.768
14:58:00 69.0 2191.0 nan 63.81 63.81 63.72 63.8 2736.0 63.82 31.0 2191.0 1189.0 1002.0 0.0 63.7505
14:59:00 73.0 2992.0 nan 63.82 63.86 63.8 63.81 811.0 63.83 249.0 2992.0 403.0 2589.0 0.0 63.8413
15:00:00 74.0 2870.0 nan 63.93 63.94 63.82 63.93 900.0 63.95 10.0 2870.0 1712.0 1158.0 0.0 63.8709
15:01:00 150.0 9258.0 nan 64.08 64.09 63.95 64.08 104.0 64.09 477.0 9258.0 4985.0 4273.0 0.0 64.0168
15:02:00 175.0 9694.0 nan 64.12 64.16 64.07 64.11 58.0 64.13 150.0 9694.0 3642.0 6052.0 0.0 64.1085
15:03:00 61.0 4140.0 nan 64.09 64.11 64.05 64.06 507.0 64.09 1820.0 4140.0 2908.0 1232.0 0.0 64.0808
15:04:00 145.0 11849.0 nan 64.05 64.09 63.98 64.04 100.0 64.05 100.0 11849.0 9263.0 2586.0 0.0 64.0471
15:05:00 118.0 6934.0 nan 64.0 64.05 63.96 63.97 850.0 64.0 350.0 6934.0 4776.0 2158.0 0.0 63.9967
15:06:00 98.0 5155.0 nan 63.95 64.02 63.92 63.93 300.0 63.95 550.0 5155.0 3386.0 1769.0 0.0 63.9734
15:07:00 169.0 11295.0 nan 63.97 64.0 63.9 63.96 200.0 63.98 297.0 11295.0 6699.0 4596.0 0.0 63.935
15:08:00 76.0 2745.0 nan 64.02 64.03 63.95 64.01 736.0 64.04 563.0 2745.0 1997.0 748.0 0.0 63.9928
15:09:00 131.0 6315.0 nan 64.1 64.11 64.01 64.1 132.0 64.12 388.0 6315.0 3397.0 2918.0 0.0 64.0641
15:10:00 75.0 4254.0 nan 64.09 64.17 64.08 64.07 357.0 64.1 300.0 4254.0 1575.0 2679.0 0.0 64.122
15:11:00 68.0 3644.0 nan 64.16 64.16 64.09 64.15 124.0 64.17 560.0 3644.0 2132.0 1512.0 0.0 64.1227
15:12:00 117.0 8239.0 nan 64.24 64.25 64.14 64.22 234.0 64.23 276.0 8239.0 4108.0 4131.0 0.0 64.2014
15:13:00 142.0 10389.0 nan 64.26 64.29 64.2 64.24 1000.0 64.27 2723.0 10389.0 5879.0 4510.0 0.0 64.2381
15:14:00 93.0 8383.0 nan 64.3 64.31 64.18 64.28 300.0 64.3 311.0 8383.0 5400.0 2983.0 0.0 64.2518
15:15:00 84.0 5345.0 nan 64.29 64.345 64.27 64.27 464.0 64.29 1.0 5345.0 2059.0 3286.0 0.0 64.3094
15:16:00 119.0 7178.0 nan 64.22 64.3 64.17 64.21 750.0 64.22 210.0 7178.0 3929.0 3249.0 0.0 64.2282
15:17:00 98.0 5672.0 nan 64.17 64.22 64.13 64.16 1101.0 64.18 400.0 5672.0 2232.0 3440.0 0.0 64.1792
15:18:00 64.0 3473.0 nan 64.14 64.19 64.09 64.13 1000.0 64.15 562.0 3473.0 1991.0 1482.0 0.0 64.1471
15:19:00 79.0 4912.0 nan 64.12 64.16 64.105 64.11 350.0 64.13 223.0 4912.0 3132.0 1780.0 0.0 64.1376
15:20:00 92.0 3852.0 nan 64.08 64.12 64.08 64.09 250.0 64.11 222.0 3852.0 2353.0 1499.0 0.0 64.1053
15:21:00 93.0 4803.0 nan 64.1 64.1 64.04 64.1 600.0 64.12 307.0 4803.0 2387.0 2416.0 0.0 64.0631
15:22:00 72.0 3223.0 nan 64.15 64.15 64.07 64.14 2.0 64.15 110.0 3223.0 1966.0 1257.0 0.0 64.1124
15:23:00 164.0 11672.0 nan 64.25 64.26 64.12 64.23 251.0 64.25 14.0 11672.0 5198.0 6474.0 0.0 64.1892
15:24:00 124.0 8876.0 nan 64.28 64.35 64.25 64.27 150.0 64.3 320.0 8876.0 6761.0 2115.0 0.0 64.2992
15:25:00 50.0 4475.0 nan 64.43 64.43 64.29 64.41 201.0 64.43 201.0 4475.0 4203.0 272.0 0.0 64.3804
15:26:00 64.0 3498.0 nan 64.44 64.44 64.36 64.43 800.0 64.45 2.0 3498.0 1430.0 2068.0 0.0 64.4053
15:27:00 78.0 4704.0 nan 64.39 64.46 64.39 64.38 1057.0 64.4 3.0 4704.0 1152.0 3552.0 0.0 64.4337
15:28:00 73.0 4180.0 nan 64.43 64.5 64.4 64.42 14.0 64.44 283.0 4180.0 2067.0 2113.0 0.0 64.4534
15:29:00 72.0 4966.0 nan 64.44 64.45 64.37 64.44 24.0 64.47 181.0 4966.0 2960.0 2006.0 0.0 64.4127
15:30:00 75.0 3425.0 nan 64.55 64.55 64.43 64.54 393.0 64.55 1.0 3425.0 2889.0 536.0 0.0 64.4817
15:31:00 150.0 8328.0 nan 64.59 64.64 64.54 64.58 2082.0 64.6 100.0 8328.0 3052.0 5276.0 0.0 64.5783
15:32:00 61.0 3682.0 nan 64.61 64.62 64.59 64.59 873.0 64.61 100.0 3682.0 1774.0 1908.0 0.0 64.6117
15:33:00 114.0 7117.0 nan 64.64 64.64 64.56 64.63 517.0 64.65 279.0 7117.0 4723.0 2394.0 0.0 64.5921
15:34:00 212.0 10082.0 nan 64.67 64.7 64.61 64.67 1277.0 64.7 108.0 10082.0 5304.0 4778.0 0.0 64.6716
15:35:00 100.0 4300.0 nan 64.68 64.71 64.65 64.65 1140.0 64.69 1216.0 4300.0 2112.0 2188.0 0.0 64.6837
15:36:00 121.0 9801.0 nan 64.6 64.65 64.6 64.58 16.0 64.6 350.0 9801.0 4456.0 5345.0 0.0 64.628
15:37:00 80.0 3974.0 nan 64.6 64.65 64.57 64.59 1001.0 64.61 321.0 3974.0 3109.0 865.0 0.0 64.6094
15:38:00 85.0 4393.0 nan 64.61 64.66 64.6 64.61 200.0 64.63 1040.0 4393.0 2655.0 1738.0 0.0 64.643
15:39:00 67.0 4587.0 nan 64.55 64.62 64.54 64.54 951.0 64.56 332.0 4587.0 2459.0 2128.0 0.0 64.5654
15:40:00 116.0 6528.0 nan 64.51 64.55 64.51 64.5 311.0 64.51 1077.0 6528.0 4090.0 2438.0 0.0 64.5359
15:41:00 109.0 4958.0 nan 64.51 64.53 64.46 64.49 1000.0 64.51 773.0 4958.0 2999.0 1959.0 0.0 64.5046
15:42:00 165.0 9099.0 nan 64.41 64.5 64.38 64.4 652.0 64.42 594.0 9099.0 3326.0 5773.0 0.0 64.4162
15:43:00 92.0 5108.0 nan 64.44 64.46 64.42 64.43 3469.0 64.45 810.0 5108.0 2784.0 2324.0 0.0 64.4381
15:44:00 107.0 5359.0 nan 64.46 64.47 64.44 64.46 239.0 64.47 467.0 5359.0 3474.0 1885.0 0.0 64.4558
15:45:00 132.0 5529.0 nan 64.47 64.52 64.45 64.46 200.0 64.47 16.0 5529.0 2835.0 2694.0 0.0 64.4885
15:46:00 169.0 11647.0 nan 64.39 64.46 64.31 64.4 50.0 64.41 237.0 11647.0 5390.0 6257.0 0.0 64.3795
15:47:00 144.0 11164.0 nan 64.46 64.46 64.34 64.45 100.0 64.47 256.0 11164.0 8489.0 2675.0 0.0 64.3869
15:48:00 117.0 4487.0 nan 64.4 64.45 64.35 64.38 850.0 64.4 1181.0 4487.0 2175.0 2312.0 0.0 64.3933
15:49:00 105.0 5251.0 nan 64.3 64.38 64.28 64.29 39.0 64.3 142.0 5251.0 2605.0 2646.0 0.0 64.3146
15:50:00 180.0 9008.0 nan 64.29 64.3 64.21 64.28 31.0 64.3 592.0 9008.0 4562.0 4446.0 0.0 64.2725
15:51:00 352.0 14698.0 nan 64.27 64.44 64.26 64.26 2.0 64.27 50.0 14698.0 6801.0 7897.0 0.0 64.3417
15:52:00 250.0 11865.0 nan 64.25 64.27 64.21 64.25 152.0 64.27 1130.0 11865.0 7283.0 4582.0 0.0 64.2467
15:53:00 161.0 12267.0 nan 64.18 64.25 64.18 64.18 301.0 64.2 1267.0 12267.0 6852.0 5415.0 0.0 64.2198
15:54:00 232.0 13181.0 nan 64.2 64.22 64.15 64.19 802.0 64.21 830.0 13181.0 5874.0 7307.0 0.0 64.187
15:55:00 206.0 11179.0 nan 64.22 64.25 64.18 64.21 200.0 64.23 864.0 11179.0 5006.0 6173.0 0.0 64.211
15:56:00 256.0 14713.0 nan 64.25 64.275 64.19 64.24 2355.0 64.25 77.0 14713.0 9212.0 5501.0 0.0 64.2223
15:57:00 268.0 13882.0 nan 64.2 64.25 64.15 64.19 1788.0 64.2 400.0 13882.0 5951.0 7931.0 0.0 64.2163
15:58:00 275.0 15007.0 nan 64.16 64.235 64.15 64.16 1506.0 64.17 591.0 15007.0 5523.0 9484.0 0.0 64.1953
15:59:00 299.0 18602.0 nan 64.22 64.225 64.16 64.21 2291.0 64.22 33.0 18602.0 11028.0 7574.0 0.0 64.1935
16:00:00 585.0 40683.0 nan 64.23 64.25 64.19 64.21 1821.0 64.22 28261.0 40683.0 22623.0 18060.0 0.0 64.2196
16:01:00 3.0 9.0 nan 64.22 64.22 64.205 64.25 46.0 64.22 21428.0 9.0 9.0 0.0 0.0 64.22
16:02:00 2.0 46.0 nan 64.3 64.3 64.3 64.21 1400.0 64.22 21428.0 46.0 0.0 46.0 0.0 64.3
16:03:00 0.0 0.0 nan 64.3 nan nan 64.21 1400.0 64.22 21428.0 nan 0.0 0.0 0.0 nan
16:04:00 1.0 300.0 nan 64.29 64.29 64.29 64.21 1400.0 64.22 21428.0 300.0 0.0 300.0 0.0 64.29
16:05:00 0.0 0.0 nan 64.29 nan nan 64.21 1400.0 64.22 21428.0 nan 0.0 0.0 0.0 nan
16:06:00 0.0 0.0 nan 64.29 nan nan 64.21 1400.0 64.22 21428.0 nan 0.0 0.0 0.0 nan
16:07:00 0.0 0.0 nan 64.29 nan nan 64.21 1400.0 64.22 21428.0 nan 0.0 0.0 0.0 nan
16:08:00 0.0 0.0 nan 64.29 nan nan 64.21 1400.0 64.22 21428.0 nan 0.0 0.0 0.0 nan
16:09:00 1.0 400.0 nan 64.3 64.3 64.3 64.21 1400.0 64.22 21428.0 400.0 0.0 400.0 0.0 64.3
16:10:00 0.0 0.0 nan 64.3 nan nan 64.21 1400.0 64.22 21428.0 nan 0.0 0.0 0.0 nan
16:11:00 0.0 0.0 nan 64.3 nan nan 64.21 1400.0 64.22 21428.0 nan 0.0 0.0 0.0 nan
16:12:00 0.0 0.0 nan 64.3 nan nan 64.22 2.0 64.22 21428.0 nan 0.0 0.0 0.0 nan
16:13:00 2.0 34.0 nan 64.22 64.22 64.22 64.21 1400.0 64.22 21428.0 34.0 32.0 2.0 0.0 64.22
16:14:00 0.0 0.0 nan 64.22 nan nan 64.21 1400.0 64.22 21428.0 nan 0.0 0.0 0.0 nan
16:15:00 0.0 0.0 nan 64.22 nan nan 64.21 1400.0 64.22 21428.0 nan 0.0 0.0 0.0 nan
16:16:00 0.0 0.0 nan 64.22 nan nan 64.21 1400.0 64.22 21428.0 nan 0.0 0.0 0.0 nan
16:17:00 0.0 0.0 nan 64.22 nan nan 64.21 1400.0 64.22 21428.0 nan 0.0 0.0 0.0 nan
16:18:00 0.0 0.0 nan 64.22 nan nan 64.21 1400.0 64.22 21428.0 nan 0.0 0.0 0.0 nan
16:19:00 0.0 0.0 nan 64.22 nan nan 64.21 1400.0 64.22 21428.0 nan 0.0 0.0 0.0 nan
16:20:00 0.0 0.0 nan 64.22 nan nan 64.21 1400.0 64.22 21428.0 nan 0.0 0.0 0.0 nan
16:21:00 0.0 0.0 nan 64.22 nan nan 64.22 110.0 64.22 21428.0 nan 0.0 0.0 0.0 nan
16:22:00 8.0 620.0 nan 64.22 64.22 64.22 64.21 1400.0 64.22 21808.0 620.0 520.0 100.0 0.0 64.22
16:23:00 0.0 0.0 nan 64.22 nan nan 64.21 1400.0 64.22 21808.0 nan 0.0 0.0 0.0 nan
16:24:00 0.0 0.0 nan 64.22 nan nan 64.21 1400.0 64.22 21808.0 nan 0.0 0.0 0.0 nan
16:25:00 6.0 260.0 nan 64.13 64.16 64.13 64.21 1400.0 64.22 21808.0 260.0 100.0 160.0 0.0 64.1404
16:26:00 0.0 0.0 nan 64.13 nan nan 64.21 1400.0 64.22 21808.0 nan 0.0 0.0 0.0 nan
16:27:00 0.0 0.0 nan 64.13 nan nan 64.21 1400.0 64.22 21808.0 nan 0.0 0.0 0.0 nan
16:28:00 0.0 0.0 nan 64.13 nan nan 64.21 1400.0 64.22 21883.0 nan 0.0 0.0 0.0 nan
16:29:00 0.0 0.0 nan 64.13 nan nan 64.21 1400.0 64.22 21883.0 nan 0.0 0.0 0.0 nan
16:30:00 0.0 0.0 nan 64.13 nan nan 64.21 1400.0 64.22 21883.0 nan 0.0 0.0 0.0 nan
16:31:00 0.0 0.0 nan 64.13 nan nan 64.21 1400.0 64.22 21808.0 nan 0.0 0.0 0.0 nan
16:32:00 0.0 0.0 nan 64.13 nan nan 64.21 1400.0 64.22 21808.0 nan 0.0 0.0 0.0 nan
16:33:00 1.0 30.0 nan 64.15 64.15 64.15 64.21 1400.0 64.15 45.0 30.0 30.0 0.0 0.0 64.15
16:34:00 1.0 1.0 nan 64.15 64.15 64.15 64.21 1400.0 64.15 44.0 1.0 1.0 0.0 0.0 64.15
16:35:00 0.0 0.0 nan 64.15 nan nan 64.21 1400.0 64.15 44.0 nan 0.0 0.0 0.0 nan
16:36:00 2.0 45.0 nan 64.11 64.12 64.11 64.21 1400.0 64.15 44.0 45.0 0.0 45.0 0.0 64.11
16:37:00 0.0 0.0 nan 64.11 nan nan 64.21 1400.0 64.12 20.0 nan 0.0 0.0 0.0 nan
16:38:00 1.0 0.0 nan 64.12 64.12 64.12 64.21 1400.0 64.15 44.0 nan 0.0 0.0 0.0 nan
16:39:00 2.0 45.0 nan 64.22 64.22 64.15 64.21 1400.0 64.22 21807.0 45.0 45.0 0.0 0.0 64.1516
16:40:00 0.0 0.0 nan 64.22 nan nan 64.21 1400.0 64.22 21807.0 nan 0.0 0.0 0.0 nan
16:41:00 0.0 0.0 nan 64.22 nan nan 64.21 1400.0 64.22 21807.0 nan 0.0 0.0 0.0 nan
16:42:00 0.0 0.0 nan 64.22 nan nan 64.21 1400.0 64.22 21807.0 nan 0.0 0.0 0.0 nan
16:43:00 0.0 0.0 nan 64.22 nan nan 64.21 1400.0 64.22 21807.0 nan 0.0 0.0 0.0 nan
16:44:00 0.0 0.0 nan 64.22 nan nan 64.21 1400.0 64.22 21807.0 nan 0.0 0.0 0.0 nan
16:45:00 0.0 0.0 nan 64.22 nan nan 64.21 1400.0 64.22 21807.0 nan 0.0 0.0 0.0 nan
16:46:00 0.0 0.0 nan 64.22 nan nan 64.21 1400.0 64.22 21807.0 nan 0.0 0.0 0.0 nan
16:47:00 0.0 0.0 nan 64.22 nan nan 64.21 1400.0 64.22 21832.0 nan 0.0 0.0 0.0 nan
16:48:00 0.0 0.0 nan 64.22 nan nan 64.21 1400.0 64.22 21832.0 nan 0.0 0.0 0.0 nan
16:49:00 2.0 381.0 nan 64.22 64.22 64.22 64.22 1119.0 64.22 21428.0 381.0 381.0 0.0 0.0 64.22
16:50:00 2.0 1000.0 nan 64.22 64.22 64.22 64.22 119.0 64.22 21428.0 1000.0 0.0 1000.0 0.0 64.22
16:51:00 0.0 0.0 nan 64.22 nan nan 64.22 119.0 64.22 21428.0 nan 0.0 0.0 0.0 nan
16:52:00 0.0 0.0 nan 64.22 nan nan 64.22 119.0 64.22 21428.0 nan 0.0 0.0 0.0 nan
16:53:00 0.0 0.0 nan 64.22 nan nan 64.22 119.0 64.22 21428.0 nan 0.0 0.0 0.0 nan
16:54:00 4.0 169.0 nan 64.22 64.29 64.22 64.21 1400.0 64.2 1000.0 169.0 50.0 119.0 0.0 64.2407
16:55:00 1.0 21.0 nan 64.29 64.29 64.29 64.21 1400.0 64.22 21428.0 21.0 0.0 21.0 0.0 64.29
16:56:00 0.0 0.0 nan 64.29 nan nan 64.21 1400.0 64.22 21428.0 nan 0.0 0.0 0.0 nan
16:57:00 0.0 0.0 nan 64.29 nan nan 64.21 1400.0 64.22 21428.0 nan 0.0 0.0 0.0 nan
16:58:00 0.0 0.0 nan 64.29 nan nan 64.21 1400.0 64.22 21428.0 nan 0.0 0.0 0.0 nan
16:59:00 0.0 0.0 nan 64.29 nan nan 64.21 1400.0 64.22 21428.0 nan 0.0 0.0 0.0 nan
17:00:00 0.0 0.0 nan 64.29 nan nan 64.21 1400.0 64.22 21428.0 nan 0.0 0.0 0.0 nan
