time trade_count trade_volume trade_first trade_last trade_high trade_low bid_price bid_size ask_price ask_size hid_vol buy_vol sell_vol unsided_vol vwap
09:00:00 nan 50.0 82.77 82.55 82.77 82.55 82.55 481.0 82.75 46.0 50.0 0.0 50.0 0.0 82.556
09:01:00 9.0 62.0 82.77 82.55 82.74 82.55 82.55 431.0 82.87 111.0 62.0 0.0 62.0 0.0 82.5829
09:02:00 1.0 0.0 82.77 82.65 82.65 82.65 82.55 431.0 82.79 51.0 nan 0.0 0.0 0.0 nan
09:03:00 15.0 1189.0 82.77 82.6 82.73 82.5 82.55 500.0 82.71 98.0 1189.0 0.0 1189.0 0.0 82.5499
09:04:00 7.0 265.0 82.77 82.58 82.7 82.55 82.55 445.0 82.75 202.0 265.0 0.0 265.0 0.0 82.55
09:05:00 1.0 0.0 82.77 82.73 82.73 82.73 82.55 445.0 82.65 15.0 nan 0.0 0.0 0.0 nan
09:06:00 6.0 157.0 82.77 82.55 82.65 82.55 82.55 500.0 82.65 13.0 157.0 2.0 155.0 0.0 82.5513
09:07:00 21.0 1051.0 82.77 82.56 82.66 82.55 82.55 1065.0 82.7 366.0 1051.0 13.0 1038.0 0.0 82.5608
09:08:00 7.0 150.0 82.77 82.56 82.69 82.56 82.55 1065.0 82.7 366.0 150.0 0.0 150.0 0.0 82.68
09:09:00 71.0 2680.0 82.77 82.7 82.7 82.55 82.55 1164.0 82.7 176.0 2680.0 1661.0 1019.0 0.0 82.5829
09:10:00 4.0 176.0 82.77 82.65 82.7 82.65 82.55 1164.0 82.75 104.0 176.0 176.0 0.0 0.0 82.7
09:11:00 5.0 100.0 82.77 82.57 82.74 82.57 82.57 15.0 82.67 52.0 100.0 0.0 100.0 0.0 82.5726
09:12:00 4.0 25.0 82.77 82.65 82.74 82.65 82.6 320.0 82.75 104.0 25.0 25.0 0.0 0.0 82.6532
09:13:00 7.0 5.0 82.77 82.6 82.74 82.6 82.6 320.0 82.71 15.0 5.0 0.0 5.0 0.0 82.6
09:14:00 11.0 820.0 82.77 82.55 82.74 82.55 82.57 13.0 82.72 54.0 820.0 0.0 820.0 0.0 82.5695
09:15:00 6.0 4.0 82.77 82.74 82.74 82.58 82.57 13.0 82.74 5.0 4.0 4.0 0.0 0.0 82.72
09:16:00 72.0 3240.0 82.77 82.63 83.0 82.5 82.7 28.0 82.94 3.0 3240.0 2043.0 1197.0 0.0 82.6928
09:17:00 11.0 40.0 82.77 82.8 82.95 82.8 82.82 60.0 82.9 50.0 40.0 40.0 0.0 0.0 82.8145
09:18:00 3.0 11.0 82.77 82.82 82.9 82.82 82.82 57.0 82.9 46.0 11.0 4.0 7.0 0.0 82.8491
09:19:00 1.0 0.0 82.77 82.93 82.93 82.93 82.85 5.0 82.9 46.0 nan 0.0 0.0 0.0 nan
09:20:00 119.0 5314.0 82.77 82.69 82.94 82.5 82.57 6.0 82.7 197.0 5314.0 2543.0 2771.0 0.0 82.5694
09:21:00 67.0 2393.0 82.77 82.7 82.7 82.44 82.55 819.0 82.68 192.0 2393.0 1569.0 824.0 0.0 82.5254
09:22:00 9.0 138.0 82.77 82.62 82.68 82.62 82.55 812.0 82.68 141.0 138.0 135.0 3.0 0.0 82.655
09:23:00 5.0 9.0 82.77 82.65 82.68 82.55 82.55 837.0 82.68 138.0 9.0 3.0 6.0 0.0 82.5933
09:24:00 5.0 50.0 82.77 82.55 82.65 82.55 82.55 777.0 82.68 138.0 50.0 0.0 50.0 0.0 82.5506
09:25:00 68.0 2751.0 82.77 82.35 82.68 82.35 82.35 39.0 82.53 170.0 2751.0 21.0 2730.0 0.0 82.521
09:26:00 16.0 157.0 82.77 82.22 82.53 82.1 82.1 843.0 82.35 110.0 157.0 20.0 137.0 0.0 82.2245
09:27:00 7.0 124.0 82.77 82.5 82.5 82.35 82.1 830.0 82.68 47.0 124.0 124.0 0.0 0.0 82.3669
09:28:00 1.0 0.0 82.77 82.63 82.63 82.63 82.15 10.0 82.63 233.0 nan 0.0 0.0 0.0 nan
09:29:00 25.0 1146.0 82.77 83.0 83.0 82.62 82.15 10.0 83.03 8.0 1146.0 971.0 175.0 0.0 82.9016
09:30:00 73.0 5643.0 82.77 83.8 83.8 82.97 83.69 100.0 83.86 100.0 5643.0 5623.0 20.0 0.0 83.6725
09:31:00 90.0 2451.0 82.77 83.49 83.73 82.96 83.38 133.0 83.44 27.0 2451.0 960.0 1491.0 0.0 83.4722
09:32:00 34.0 1064.0 82.77 83.26 83.44 83.23 82.93 125.0 83.27 62.0 1064.0 31.0 1033.0 0.0 83.2868
09:33:00 812.0 31103.0 82.77 82.81 83.34 82.74 82.62 25.0 82.95 27.0 31103.0 14506.0 16597.0 0.0 83.0452
09:34:00 350.0 14027.0 82.77 82.61 83.03 82.6 82.6 5.0 82.68 200.0 14027.0 8618.0 5409.0 0.0 82.8966
09:35:00 265.0 10985.0 82.77 83.035 83.06 82.35 82.98 4.0 83.09 34.0 10985.0 6013.0 4972.0 0.0 82.6614
09:36:00 530.0 29924.0 82.77 83.67 83.74 82.95 83.63 10.0 83.7 100.0 29924.0 20979.0 8945.0 0.0 83.3087
09:37:00 628.0 34166.0 82.77 83.8 84.33 83.64 83.79 100.0 83.84 50.0 34166.0 18411.0 15755.0 0.0 84.0541
09:38:00 379.0 11193.0 82.77 83.15 83.91 83.15 83.15 100.0 83.32 25.0 11193.0 4799.0 6394.0 0.0 83.6477
09:39:00 230.0 10672.0 82.77 82.6 83.15 82.515 82.53 3.0 82.69 325.0 10672.0 4692.0 5980.0 0.0 82.8305
09:40:00 338.0 13407.0 82.77 82.6 82.72 82.14 82.57 100.0 82.65 300.0 13407.0 5884.0 7523.0 0.0 82.4604
09:41:00 493.0 22813.0 82.77 82.14 82.62 81.64 82.13 325.0 82.25 200.0 22813.0 7924.0 14889.0 0.0 82.1144
09:42:00 600.0 27204.0 82.77 82.06 82.32 81.81 82.01 200.0 82.12 401.0 27204.0 16087.0 11117.0 0.0 82.0089
09:43:00 345.0 15771.0 82.77 81.57 82.14 81.52 81.51 1.0 81.62 100.0 15771.0 7331.0 8440.0 0.0 81.9083
09:44:00 224.0 11880.0 82.77 81.23 81.52 81.21 81.2 10.0 81.26 500.0 11880.0 4387.0 7493.0 0.0 81.3867
09:45:00 316.0 18197.0 82.77 81.04 81.24 80.85 81.08 25.0 81.19 200.0 18197.0 7683.0 10514.0 0.0 81.11
09:46:00 413.0 17152.0 82.77 80.61 81.23 80.37 80.61 325.0 80.75 50.0 17152.0 9543.0 7609.0 0.0 80.7427
09:47:00 305.0 18286.0 82.77 80.98 81.14 80.71 80.91 100.0 81.02 400.0 18286.0 10971.0 7315.0 0.0 80.9472
09:48:00 382.0 23132.0 82.77 80.54 80.91 80.44 80.55 325.0 80.67 25.0 23132.0 6936.0 16196.0 0.0 80.6072
09:49:00 313.0 23931.0 82.77 80.59 81.1 80.55 80.59 100.0 80.66 287.0 23931.0 15875.0 8056.0 0.0 80.8308
09:50:00 336.0 13948.0 82.77 80.52 80.62 80.17 80.49 100.0 80.57 100.0 13948.0 4454.0 9494.0 0.0 80.48
09:51:00 165.0 6177.0 82.77 80.87 80.97 80.25 80.88 25.0 80.96 47.0 6177.0 4413.0 1764.0 0.0 80.5189
09:52:00 246.0 7830.0 82.77 80.99 81.12 80.82 80.97 200.0 81.07 113.0 7830.0 3586.0 4244.0 0.0 80.9881
09:53:00 273.0 11430.0 82.77 80.99 81.18 80.92 80.94 3.0 81.0 700.0 11430.0 6890.0 4540.0 0.0 81.0607
09:54:00 177.0 8174.0 82.77 81.08 81.32 80.81 81.02 25.0 81.09 100.0 8174.0 5962.0 2212.0 0.0 81.111
09:55:00 136.0 4214.0 82.77 81.13 81.13 80.86 81.03 141.0 81.09 200.0 4214.0 1533.0 2681.0 0.0 80.9745
09:56:00 199.0 12152.0 82.77 80.86 81.13 80.64 80.84 51.0 80.93 100.0 12152.0 3140.0 9012.0 0.0 80.8631
09:57:00 138.0 6110.0 82.77 80.77 81.07 80.77 80.77 100.0 80.81 307.0 6110.0 2744.0 3366.0 0.0 80.8918
09:58:00 108.0 5101.0 82.77 80.73 80.82 80.6 80.62 25.0 80.71 400.0 5101.0 3016.0 2085.0 0.0 80.7307
09:59:00 277.0 14104.0 82.77 80.37 80.73 80.29 80.33 152.0 80.43 25.0 14104.0 3417.0 10687.0 0.0 80.5378
10:00:00 135.0 7041.0 82.77 80.65 80.65 80.32 80.56 125.0 80.65 200.0 7041.0 1916.0 5125.0 0.0 80.452
10:01:00 202.0 6911.0 82.77 80.7 80.88 80.38 80.62 300.0 80.72 225.0 6911.0 2573.0 4338.0 0.0 80.7314
10:02:00 123.0 5139.0 82.77 80.66 80.75 80.55 80.64 231.0 80.69 200.0 5139.0 1810.0 3329.0 0.0 80.6428
10:03:00 138.0 6373.0 82.77 80.55 80.77 80.54 80.53 25.0 80.61 25.0 6373.0 2483.0 3890.0 0.0 80.6704
10:04:00 186.0 13279.0 82.77 80.11 80.68 80.06 80.06 100.0 80.12 200.0 13279.0 2468.0 10811.0 0.0 80.2849
10:05:00 82.0 6518.0 82.77 80.19 80.23 80.05 80.14 36.0 80.2 2.0 6518.0 1913.0 4605.0 0.0 80.1155
10:06:00 181.0 7651.0 82.77 80.3 80.34 80.1 80.26 10.0 80.35 150.0 7651.0 3933.0 3718.0 0.0 80.1999
10:07:00 218.0 9362.0 82.77 80.6 80.63 80.33 80.49 225.0 80.58 25.0 9362.0 4575.0 4787.0 0.0 80.4877
10:08:00 141.0 6909.0 82.77 80.33 80.64 80.26 80.34 3.0 80.4 30.0 6909.0 1278.0 5631.0 0.0 80.4406
10:09:00 366.0 25513.0 82.77 79.97 80.35 79.89 79.96 38.0 79.99 1.0 25513.0 5226.0 20287.0 0.0 80.0385
10:10:00 180.0 7500.0 82.77 80.42 80.43 79.91 80.37 26.0 80.43 100.0 7500.0 5185.0 2315.0 0.0 80.1691
10:11:00 291.0 12597.0 82.77 80.35 80.49 80.23 80.33 563.0 80.42 503.0 12597.0 5496.0 7101.0 0.0 80.3969
10:12:00 137.0 7325.0 82.77 80.27 80.52 80.2 80.24 9.0 80.31 50.0 7325.0 3805.0 3520.0 0.0 80.3963
10:13:00 119.0 6078.0 82.77 80.15 80.35 80.11 80.14 500.0 80.19 200.0 6078.0 921.0 5157.0 0.0 80.2086
10:14:00 104.0 7221.0 82.77 80.11 80.26 80.1 80.1 250.0 80.17 170.0 7221.0 3046.0 4175.0 0.0 80.1749
10:15:00 249.0 13033.0 82.77 79.92 80.1 79.85 79.91 101.0 79.97 519.0 13033.0 6311.0 6722.0 0.0 79.9451
10:16:00 377.0 31804.0 82.77 79.62 79.91 79.55 79.6 50.0 79.63 225.0 31804.0 9093.0 22711.0 0.0 79.7726
10:17:00 180.0 13142.0 82.77 79.56 79.73 79.52 79.51 201.0 79.57 600.0 13142.0 4904.0 8238.0 0.0 79.6004
10:18:00 544.0 27061.0 82.77 78.95 79.57 78.88 78.92 750.0 78.98 200.0 27061.0 10582.0 16479.0 0.0 79.2507
10:19:00 169.0 9219.0 82.77 78.84 79.05 78.82 78.82 81.0 78.85 200.0 9219.0 5468.0 3751.0 0.0 78.9212
10:20:00 307.0 14527.0 82.77 79.02 79.25 78.82 79.01 312.0 79.08 350.0 14527.0 6857.0 7670.0 0.0 78.9929
10:21:00 190.0 8990.0 82.77 79.12 79.32 78.98 79.12 205.0 79.19 100.0 8990.0 3094.0 5896.0 0.0 79.1556
10:22:00 217.0 14316.0 82.77 79.54 79.56 79.2 79.53 701.0 79.57 142.0 14316.0 4632.0 9684.0 0.0 79.3964
10:23:00 169.0 13049.0 82.77 79.4 79.6 79.27 79.37 25.0 79.43 100.0 13049.0 3172.0 9877.0 0.0 79.4118
10:24:00 106.0 4444.0 82.77 79.73 79.77 79.4 79.7 401.0 79.76 100.0 4444.0 2046.0 2398.0 0.0 79.5676
10:25:00 152.0 7641.0 82.77 79.65 79.86 79.61 79.64 25.0 79.73 25.0 7641.0 2784.0 4857.0 0.0 79.7572
10:26:00 200.0 8342.0 82.77 79.49 79.62 79.44 79.48 271.0 79.55 350.0 8342.0 3199.0 5143.0 0.0 79.5232
10:27:00 160.0 7981.0 82.77 79.76 79.76 79.34 79.73 2261.0 79.79 206.0 7981.0 2828.0 5153.0 0.0 79.4616
10:28:00 187.0 12217.0 82.77 79.33 79.8 79.31 79.3 100.0 79.33 243.0 12217.0 2735.0 9482.0 0.0 79.6054
10:29:00 106.0 6480.0 82.77 79.36 79.39 79.13 79.31 820.0 79.37 100.0 6480.0 2916.0 3564.0 0.0 79.3002
10:30:00 135.0 8588.0 82.77 79.2 79.37 79.17 79.12 262.0 79.21 250.0 8588.0 4044.0 4544.0 0.0 79.2841
10:31:00 148.0 7573.0 82.77 79.06 79.36 79.06 79.05 2.0 79.12 306.0 7573.0 3480.0 4093.0 0.0 79.2142
10:32:00 164.0 12755.0 82.77 78.91 79.05 78.81 78.85 150.0 78.91 100.0 12755.0 3840.0 8915.0 0.0 78.9505
10:33:00 92.0 4289.0 82.77 79.05 79.05 78.84 79.01 1450.0 79.1 150.0 4289.0 2208.0 2081.0 0.0 78.947
10:34:00 179.0 5063.0 82.77 79.17 79.33 79.1 79.14 235.0 79.18 139.0 5063.0 2817.0 2246.0 0.0 79.2236
10:35:00 210.0 8245.0 82.77 78.84 79.17 78.79 78.82 200.0 78.89 100.0 8245.0 2197.0 6048.0 0.0 78.9806
10:36:00 228.0 13980.0 82.77 78.54 78.82 78.5 78.52 267.0 78.59 249.0 13980.0 7565.0 6415.0 0.0 78.6374
10:37:00 77.0 5930.0 82.77 78.78 78.78 78.53 78.74 201.0 78.79 200.0 5930.0 5336.0 594.0 0.0 78.6552
10:38:00 101.0 6748.0 82.77 78.7 78.85 78.7 78.7 600.0 78.77 70.0 6748.0 3169.0 3579.0 0.0 78.7864
10:39:00 79.0 3894.0 82.77 78.58 78.76 78.57 78.55 100.0 78.61 171.0 3894.0 1139.0 2755.0 0.0 78.6428
10:40:00 58.0 1976.0 82.77 78.88 78.88 78.55 78.86 200.0 78.92 100.0 1976.0 1212.0 764.0 0.0 78.7722
10:41:00 79.0 4254.0 82.77 78.76 78.93 78.68 78.72 50.0 78.8 350.0 4254.0 1808.0 2446.0 0.0 78.7844
10:42:00 147.0 8241.0 82.77 78.53 78.79 78.53 78.52 13.0 78.56 173.0 8241.0 1319.0 6922.0 0.0 78.6719
10:43:00 230.0 20213.0 82.77 78.41 78.55 78.38 78.39 750.0 78.45 150.0 20213.0 13562.0 6651.0 0.0 78.488
10:44:00 156.0 12892.0 82.77 78.3 78.45 78.29 78.28 375.0 78.31 195.0 12892.0 9380.0 3512.0 0.0 78.3663
10:45:00 219.0 13933.0 82.77 78.45 78.51 78.24 78.43 51.0 78.47 250.0 13933.0 7476.0 6457.0 0.0 78.3697
10:46:00 179.0 15273.0 82.77 78.44 78.535 78.34 78.44 49.0 78.48 269.0 15273.0 10485.0 4788.0 0.0 78.4754
10:47:00 163.0 10236.0 82.77 79.04 79.04 78.37 79.03 70.0 79.09 101.0 10236.0 5945.0 4291.0 0.0 78.6055
10:48:00 218.0 9410.0 82.77 79.23 79.34 79.09 79.19 100.0 79.23 2.0 9410.0 4898.0 4512.0 0.0 79.2235
10:49:00 153.0 10757.0 82.77 79.4 79.4 79.1 79.39 164.0 79.43 1.0 10757.0 6584.0 4173.0 0.0 79.2143
10:50:00 123.0 5811.0 82.77 79.5 79.52 79.22 79.46 102.0 79.52 619.0 5811.0 3121.0 2690.0 0.0 79.3693
10:51:00 221.0 10403.0 82.77 79.76 79.92 79.46 79.77 300.0 79.83 300.0 10403.0 4276.0 6127.0 0.0 79.7279
10:52:00 183.0 9643.0 82.77 79.55 79.77 79.55 79.52 5.0 79.58 200.0 9643.0 3821.0 5822.0 0.0 79.6431
10:53:00 99.0 5200.0 82.77 79.4 79.52 79.34 79.38 201.0 79.41 200.0 5200.0 1908.0 3292.0 0.0 79.4406
10:54:00 97.0 5443.0 82.77 79.54 79.59 79.39 79.51 738.0 79.56 260.0 5443.0 2928.0 2515.0 0.0 79.5001
10:55:00 104.0 5901.0 82.77 79.49 79.63 79.48 79.43 86.0 79.49 300.0 5901.0 2438.0 3463.0 0.0 79.5446
10:56:00 170.0 9811.0 82.77 79.34 79.46 79.25 79.28 509.0 79.34 1227.0 9811.0 4353.0 5458.0 0.0 79.3303
10:57:00 63.0 3466.0 82.77 79.25 79.43 79.25 79.22 150.0 79.27 200.0 3466.0 1764.0 1702.0 0.0 79.3594
10:58:00 216.0 10394.0 82.77 79.32 79.385 79.07 79.29 200.0 79.32 77.0 10394.0 5070.0 5324.0 0.0 79.1998
10:59:00 82.0 4797.0 82.77 79.31 79.33 79.25 79.31 167.0 79.33 171.0 4797.0 2610.0 2187.0 0.0 79.2901
11:00:00 115.0 5749.0 82.77 79.41 79.41 79.25 79.37 201.0 79.43 350.0 5749.0 2595.0 3154.0 0.0 79.3161
11:01:00 111.0 7571.0 82.77 79.67 79.75 79.43 79.63 151.0 79.68 275.0 7571.0 5005.0 2566.0 0.0 79.6591
11:02:00 233.0 15400.0 82.77 79.87 79.98 79.65 79.85 50.0 79.89 177.0 15400.0 8241.0 7159.0 0.0 79.873
11:03:00 40.0 2807.0 82.77 79.7 79.88 79.69 79.7 471.0 79.75 319.0 2807.0 2238.0 569.0 0.0 79.8076
11:04:00 93.0 3815.0 82.77 79.88 79.88 79.74 79.81 385.0 79.88 320.0 3815.0 2616.0 1199.0 0.0 79.8066
11:05:00 75.0 3399.0 82.77 79.83 79.89 79.71 79.8 1.0 79.85 179.0 3399.0 2456.0 943.0 0.0 79.839
11:06:00 200.0 13636.0 82.77 79.95 80.07 79.82 79.92 200.0 79.95 28.0 13636.0 7771.0 5865.0 0.0 79.9868
11:07:00 128.0 7905.0 82.77 79.88 79.95 79.81 79.86 360.0 79.92 322.0 7905.0 3156.0 4749.0 0.0 79.8924
11:08:00 96.0 6867.0 82.77 79.8 79.86 79.62 79.79 166.0 79.85 97.0 6867.0 1965.0 4902.0 0.0 79.7435
11:09:00 70.0 3144.0 82.77 79.96 80.04 79.85 79.93 520.0 79.99 237.0 3144.0 1580.0 1564.0 0.0 79.9397
11:10:00 52.0 4429.0 82.77 79.9 79.97 79.84 79.88 210.0 79.93 322.0 4429.0 756.0 3673.0 0.0 79.8831
11:11:00 118.0 4770.0 82.77 79.93 80.03 79.85 79.88 900.0 79.93 19.0 4770.0 2061.0 2709.0 0.0 79.9576
11:12:00 56.0 4093.0 82.77 79.94 80.01 79.85 79.89 400.0 79.96 44.0 4093.0 2208.0 1885.0 0.0 79.9342
11:13:00 134.0 6208.0 82.77 79.92 80.06 79.92 79.93 150.0 79.99 501.0 6208.0 4409.0 1799.0 0.0 79.9969
11:14:00 43.0 1585.0 82.77 79.98 79.98 79.89 79.93 4.0 79.97 173.0 1585.0 731.0 854.0 0.0 79.9313
11:15:00 43.0 1218.0 82.77 79.91 79.99 79.87 79.9 252.0 79.97 351.0 1218.0 493.0 725.0 0.0 79.9116
11:16:00 120.0 5273.0 82.77 79.93 79.93 79.8 79.9 223.0 79.94 101.0 5273.0 1646.0 3627.0 0.0 79.8672
11:17:00 115.0 4832.0 82.77 79.87 79.96 79.8 79.83 250.0 79.9 990.0 4832.0 1552.0 3280.0 0.0 79.8781
11:18:00 232.0 9122.0 82.77 79.75 79.92 79.66 79.72 250.0 79.77 200.0 9122.0 3412.0 5710.0 0.0 79.8158
11:19:00 115.0 4079.0 82.77 79.84 79.93 79.77 79.83 325.0 79.88 250.0 4079.0 2294.0 1785.0 0.0 79.841
11:20:00 98.0 3320.0 82.77 79.83 79.93 79.79 79.77 60.0 79.83 227.0 3320.0 862.0 2458.0 0.0 79.8623
11:21:00 69.0 2838.0 82.77 79.81 79.95 79.79 79.73 1.0 79.81 780.0 2838.0 1633.0 1205.0 0.0 79.8677
11:22:00 122.0 6035.0 82.77 79.93 80.02 79.79 79.91 1006.0 79.95 827.0 6035.0 2473.0 3562.0 0.0 79.9382
11:23:00 289.0 17538.0 82.77 80.27 80.32 79.9 80.26 13.0 80.3 72.0 17538.0 10295.0 7243.0 0.0 80.1514
11:24:00 111.0 3994.0 82.77 79.96 80.27 79.96 79.93 200.0 79.98 196.0 3994.0 1527.0 2467.0 0.0 80.1023
11:25:00 57.0 3010.0 82.77 80.21 80.21 79.94 80.18 568.0 80.22 50.0 3010.0 2200.0 810.0 0.0 80.0383
11:26:00 57.0 2470.0 82.77 80.12 80.21 80.1 80.08 451.0 80.15 107.0 2470.0 1005.0 1465.0 0.0 80.1602
11:27:00 107.0 6885.0 82.77 80.22 80.31 80.12 80.19 271.0 80.24 178.0 6885.0 5357.0 1528.0 0.0 80.2448
11:28:00 80.0 3429.0 82.77 80.15 80.24 80.06 80.1 281.0 80.17 233.0 3429.0 779.0 2650.0 0.0 80.1291
11:29:00 74.0 3294.0 82.77 80.28 80.28 80.16 80.26 261.0 80.32 804.0 3294.0 1494.0 1800.0 0.0 80.2258
11:30:00 50.0 2511.0 82.77 80.19 80.29 80.17 80.16 311.0 80.19 20.0 2511.0 1233.0 1278.0 0.0 80.214
11:31:00 64.0 3518.0 82.77 80.13 80.22 80.12 80.12 100.0 80.16 100.0 3518.0 1069.0 2449.0 0.0 80.1621
11:32:00 96.0 3243.0 82.77 80.12 80.16 80.03 80.11 200.0 80.17 100.0 3243.0 1818.0 1425.0 0.0 80.119
11:33:00 63.0 3313.0 82.77 80.26 80.32 80.17 80.24 50.0 80.28 77.0 3313.0 2082.0 1231.0 0.0 80.2772
11:34:00 41.0 1885.0 82.77 80.29 80.37 80.28 80.26 260.0 80.3 227.0 1885.0 957.0 928.0 0.0 80.3168
11:35:00 114.0 4728.0 82.77 80.06 80.33 80.06 80.03 50.0 80.08 323.0 4728.0 2423.0 2305.0 0.0 80.1738
11:36:00 111.0 6576.0 82.77 79.83 80.04 79.75 79.83 1000.0 79.88 328.0 6576.0 2716.0 3860.0 0.0 79.8875
11:37:00 74.0 3536.0 82.77 79.9 79.99 79.79 79.85 100.0 79.9 522.0 3536.0 1401.0 2135.0 0.0 79.9009
11:38:00 47.0 3082.0 82.77 79.75 79.9 79.75 79.73 100.0 79.77 100.0 3082.0 507.0 2575.0 0.0 79.8144
11:39:00 43.0 1123.0 82.77 79.79 79.85 79.74 79.75 351.0 79.81 429.0 1123.0 676.0 447.0 0.0 79.7913
11:40:00 49.0 2148.0 82.77 79.84 79.86 79.64 79.82 1.0 79.84 100.0 2148.0 1104.0 1044.0 0.0 79.7556
11:41:00 82.0 3566.0 82.77 79.77 79.84 79.64 79.7 161.0 79.75 224.0 3566.0 997.0 2569.0 0.0 79.7391
11:42:00 29.0 1571.0 82.77 79.73 79.75 79.62 79.73 71.0 79.77 240.0 1571.0 1028.0 543.0 0.0 79.6983
11:43:00 90.0 4557.0 82.77 79.7 79.79 79.65 79.69 100.0 79.73 101.0 4557.0 3464.0 1093.0 0.0 79.7261
11:44:00 31.0 3188.0 82.77 79.7 79.77 79.7 79.66 415.0 79.72 625.0 3188.0 102.0 3086.0 0.0 79.7192
11:45:00 23.0 666.0 82.77 79.75 79.75 79.65 79.72 2.0 79.77 207.0 666.0 279.0 387.0 0.0 79.6876
11:46:00 73.0 4055.0 82.77 79.61 79.79 79.56 79.6 120.0 79.66 150.0 4055.0 2108.0 1947.0 0.0 79.6333
11:47:00 16.0 591.0 82.77 79.62 79.65 79.61 79.56 42.0 79.61 51.0 591.0 76.0 515.0 0.0 79.6174
11:48:00 78.0 6630.0 82.77 79.59 79.72 79.55 79.58 200.0 79.62 51.0 6630.0 4049.0 2581.0 0.0 79.6791
11:49:00 22.0 962.0 82.77 79.63 79.66 79.59 79.61 413.0 79.68 1012.0 962.0 310.0 652.0 0.0 79.6192
11:50:00 24.0 1472.0 82.77 79.74 79.74 79.63 79.7 4610.0 79.74 101.0 1472.0 944.0 528.0 0.0 79.6766
11:51:00 85.0 8343.0 82.77 79.61 79.84 79.55 79.58 20.0 79.64 625.0 8343.0 1085.0 7258.0 0.0 79.7558
11:52:00 56.0 3359.0 82.77 79.66 79.77 79.65 79.64 40.0 79.69 25.0 3359.0 2784.0 575.0 0.0 79.6863
11:53:00 30.0 995.0 82.77 79.78 79.78 79.62 79.74 1.0 79.81 1125.0 995.0 572.0 423.0 0.0 79.6721
11:54:00 21.0 723.0 82.77 79.72 79.74 79.61 79.7 1253.0 79.76 1.0 723.0 303.0 420.0 0.0 79.6837
11:55:00 30.0 1127.0 82.77 79.78 79.78 79.7 79.76 550.0 79.82 125.0 1127.0 510.0 617.0 0.0 79.7323
11:56:00 21.0 903.0 82.77 79.8 79.82 79.77 79.77 128.0 79.82 150.0 903.0 288.0 615.0 0.0 79.7804
11:57:00 28.0 1105.0 82.77 79.76 79.83 79.75 79.77 2.0 79.8 253.0 1105.0 339.0 766.0 0.0 79.7738
11:58:00 33.0 1495.0 82.77 79.72 79.84 79.72 79.69 10.0 79.73 226.0 1495.0 466.0 1029.0 0.0 79.7802
11:59:00 15.0 362.0 82.77 79.8 79.8 79.7 79.79 111.0 79.82 150.0 362.0 361.0 1.0 0.0 79.7543
12:00:00 32.0 1586.0 82.77 79.76 79.79 79.73 79.74 2.0 79.83 1.0 1586.0 741.0 845.0 0.0 79.7632
12:01:00 28.0 742.0 82.77 79.93 79.94 79.8 79.92 452.0 79.97 4.0 742.0 742.0 0.0 0.0 79.8814
12:02:00 31.0 1362.0 82.77 80.02 80.03 79.98 79.97 771.0 80.02 181.0 1362.0 812.0 550.0 0.0 80.0045
12:03:00 92.0 4351.0 82.77 80.08 80.08 79.97 80.06 1.0 80.1 151.0 4351.0 3154.0 1197.0 0.0 80.0201
12:04:00 76.0 4919.0 82.77 80.18 80.24 80.08 80.17 100.0 80.19 50.0 4919.0 2011.0 2908.0 0.0 80.1626
12:05:00 117.0 6116.0 82.77 80.3 80.3 80.17 80.3 100.0 80.35 100.0 6116.0 3627.0 2489.0 0.0 80.2644
12:06:00 91.0 7809.0 82.77 80.45 80.5 80.33 80.41 50.0 80.45 100.0 7809.0 4225.0 3584.0 0.0 80.3982
12:07:00 130.0 8068.0 82.77 80.42 80.5 80.38 80.44 400.0 80.48 200.0 8068.0 3442.0 4626.0 0.0 80.4438
12:08:00 157.0 14697.0 82.77 80.52 80.6 80.43 80.52 450.0 80.59 350.0 14697.0 7850.0 6847.0 0.0 80.5431
12:09:00 67.0 4503.0 82.77 80.5 80.54 80.47 80.47 200.0 80.5 218.0 4503.0 1583.0 2920.0 0.0 80.5019
12:10:00 44.0 1995.0 82.77 80.42 80.47 80.39 80.43 150.0 80.47 204.0 1995.0 892.0 1103.0 0.0 80.4383
12:11:00 40.0 2224.0 82.77 80.45 80.48 80.42 80.41 728.0 80.45 256.0 2224.0 1162.0 1062.0 0.0 80.4499
12:12:00 195.0 10201.0 82.77 80.32 80.46 80.3 80.29 700.0 80.35 81.0 10201.0 5945.0 4256.0 0.0 80.4145
12:13:00 135.0 7613.0 82.77 80.19 80.33 80.19 80.19 300.0 80.23 377.0 7613.0 2671.0 4942.0 0.0 80.2473
12:14:00 128.0 6941.0 82.77 80.14 80.26 80.13 80.13 1.0 80.15 1182.0 6941.0 3793.0 3148.0 0.0 80.1723
12:15:00 101.0 6851.0 82.77 80.24 80.24 80.1 80.23 50.0 80.28 150.0 6851.0 4452.0 2399.0 0.0 80.1461
12:16:00 42.0 2246.0 82.77 80.29 80.29 80.17 80.28 151.0 80.31 16.0 2246.0 1447.0 799.0 0.0 80.2261
12:17:00 116.0 8614.0 82.77 80.85 80.86 80.31 80.84 50.0 80.87 2.0 8614.0 7797.0 817.0 0.0 80.7177
12:18:00 256.0 13453.0 82.77 80.89 80.98 80.79 80.85 100.0 80.9 601.0 13453.0 7944.0 5509.0 0.0 80.892
12:19:00 143.0 6311.0 82.77 80.98 80.98 80.84 80.97 200.0 80.99 200.0 6311.0 4149.0 2162.0 0.0 80.8975
12:20:00 198.0 11439.0 82.77 80.91 81.02 80.8 80.84 150.0 80.9 229.0 11439.0 7897.0 3542.0 0.0 80.9626
12:21:00 123.0 7928.0 82.77 81.2 81.24 80.9 81.18 300.0 81.23 150.0 7928.0 5752.0 2176.0 0.0 81.1263
12:22:00 170.0 8553.0 82.77 81.16 81.2 81.12 81.13 360.0 81.18 150.0 8553.0 3728.0 4825.0 0.0 81.1628
12:23:00 155.0 6073.0 82.77 80.96 81.16 80.91 80.91 450.0 80.96 273.0 6073.0 2628.0 3445.0 0.0 81.0128
12:24:00 23.0 825.0 82.77 81.07 81.07 80.96 81.06 770.0 81.12 250.0 825.0 775.0 50.0 0.0 81.0332
12:25:00 94.0 6990.0 82.77 81.21 81.21 81.07 81.16 300.0 81.21 150.0 6990.0 2934.0 4056.0 0.0 81.1483
12:26:00 63.0 2370.0 82.77 81.2 81.34 81.1 81.18 212.0 81.2 50.0 2370.0 1689.0 681.0 0.0 81.2238
12:27:00 126.0 6979.0 82.77 81.18 81.3 81.13 81.14 180.0 81.19 276.0 6979.0 5315.0 1664.0 0.0 81.2374
12:28:00 54.0 2787.0 82.77 81.33 81.33 81.17 81.31 250.0 81.34 272.0 2787.0 1593.0 1194.0 0.0 81.2774
12:29:00 69.0 3733.0 82.77 81.33 81.43 81.3 81.33 150.0 81.39 150.0 3733.0 2897.0 836.0 0.0 81.3597
12:30:00 22.0 1153.0 82.77 81.3 81.39 81.29 81.3 250.0 81.33 179.0 1153.0 164.0 989.0 0.0 81.3191
12:31:00 48.0 2661.0 82.77 81.34 81.34 81.24 81.3 211.0 81.35 52.0 2661.0 2073.0 588.0 0.0 81.2911
12:32:00 57.0 3793.0 82.77 81.425 81.49 81.35 81.41 500.0 81.43 138.0 3793.0 2763.0 1030.0 0.0 81.4218
12:33:00 48.0 2406.0 82.77 81.315 81.41 81.29 81.3 104.0 81.33 501.0 2406.0 897.0 1509.0 0.0 81.3565
12:34:00 52.0 1746.0 82.77 81.35 81.39 81.32 81.33 203.0 81.37 431.0 1746.0 814.0 932.0 0.0 81.3456
12:35:00 73.0 3832.0 82.77 81.381 81.43 81.32 81.38 100.0 81.42 184.0 3832.0 2229.0 1603.0 0.0 81.3877
12:36:00 72.0 2366.0 82.77 81.21 81.4 81.17 81.17 100.0 81.21 225.0 2366.0 1075.0 1291.0 0.0 81.2584
12:37:00 30.0 1083.0 82.77 81.17 81.23 81.14 81.16 300.0 81.19 102.0 1083.0 713.0 370.0 0.0 81.1849
12:38:00 73.0 4360.0 82.77 81.01 81.16 80.95 80.99 200.0 81.04 150.0 4360.0 2107.0 2253.0 0.0 81.0285
12:39:00 34.0 2453.0 82.77 80.98 81.05 80.95 80.94 1.0 80.99 734.0 2453.0 1127.0 1326.0 0.0 80.9997
12:40:00 95.0 4847.0 82.77 80.82 81.01 80.78 80.78 896.0 80.83 151.0 4847.0 1835.0 3012.0 0.0 80.8559
12:41:00 100.0 4691.0 82.77 80.795 80.86 80.78 80.79 3.0 80.81 230.0 4691.0 1541.0 3150.0 0.0 80.816
12:42:00 124.0 8622.0 82.77 80.59 80.81 80.59 80.57 150.0 80.61 724.0 8622.0 4004.0 4618.0 0.0 80.7089
12:43:00 156.0 12476.0 82.77 80.58 80.6 80.42 80.55 1110.0 80.59 26.0 12476.0 9590.0 2886.0 0.0 80.4975
12:44:00 94.0 4556.0 82.77 80.6 80.64 80.43 80.54 700.0 80.59 249.0 4556.0 2555.0 2001.0 0.0 80.5453
12:45:00 95.0 8174.0 82.77 80.52 80.55 80.46 80.5 50.0 80.55 289.0 8174.0 5858.0 2316.0 0.0 80.5166
12:46:00 57.0 2430.0 82.77 80.45 80.51 80.37 80.44 2.0 80.46 1.0 2430.0 505.0 1925.0 0.0 80.4321
12:47:00 72.0 4306.0 82.77 80.35 80.48 80.33 80.33 51.0 80.37 930.0 4306.0 2000.0 2306.0 0.0 80.3849
12:48:00 118.0 8709.0 82.77 80.26 80.39 80.24 80.26 120.0 80.3 10.0 8709.0 6735.0 1974.0 0.0 80.3136
12:49:00 70.0 5358.0 82.77 80.55 80.55 80.26 80.53 150.0 80.59 238.0 5358.0 4735.0 623.0 0.0 80.3651
12:50:00 37.0 3115.0 82.77 80.87 80.89 80.57 80.87 82.0 80.89 100.0 3115.0 2080.0 1035.0 0.0 80.7447
12:51:00 116.0 7869.0 82.77 81.07 81.31 80.87 81.07 200.0 81.1 276.0 7869.0 3956.0 3913.0 0.0 81.1929
12:52:00 50.0 2503.0 82.77 81.04 81.15 81.02 81.01 211.0 81.05 277.0 2503.0 1682.0 821.0 0.0 81.095
12:53:00 73.0 3097.0 82.77 80.84 81.05 80.78 80.81 223.0 80.83 124.0 3097.0 2108.0 989.0 0.0 80.9204
12:54:00 82.0 4575.0 82.77 81.0 81.03 80.785 80.98 1.0 81.01 71.0 4575.0 3649.0 926.0 0.0 80.9196
12:55:00 127.0 8990.0 82.77 80.99 81.02 80.83 80.96 200.0 80.99 330.0 8990.0 3810.0 5180.0 0.0 80.9142
12:56:00 148.0 8225.0 82.77 81.4 81.4 80.99 81.39 270.0 81.45 200.0 8225.0 4847.0 3378.0 0.0 81.1923
12:57:00 321.0 25708.0 82.77 81.37 81.6 81.35 81.35 250.0 81.4 132.0 25708.0 8333.0 17375.0 0.0 81.4992
12:58:00 73.0 4548.0 82.77 81.465 81.465 81.36 81.43 50.0 81.49 312.0 4548.0 2979.0 1569.0 0.0 81.387
12:59:00 160.0 8913.0 82.77 81.53 81.61 81.47 81.51 161.0 81.54 202.0 8913.0 3523.0 5390.0 0.0 81.555
13:00:00 76.0 4902.0 82.77 81.55 81.65 81.51 81.55 550.0 81.6 500.0 4902.0 2346.0 2556.0 0.0 81.5638
13:01:00 68.0 5351.0 82.77 81.6 81.64 81.54 81.57 461.0 81.62 76.0 5351.0 2735.0 2616.0 0.0 81.5814
13:02:00 56.0 4804.0 82.77 81.56 81.6 81.501 81.53 153.0 81.57 434.0 4804.0 592.0 4212.0 0.0 81.5436
13:03:00 93.0 5887.0 82.77 81.53 81.6 81.43 81.53 78.0 81.57 150.0 5887.0 3841.0 2046.0 0.0 81.5039
13:04:00 168.0 9586.0 82.77 81.74 81.74 81.51 81.71 650.0 81.75 657.0 9586.0 5951.0 3635.0 0.0 81.6174
13:05:00 154.0 12417.0 82.77 81.64 81.82 81.62 81.61 59.0 81.64 306.0 12417.0 4457.0 7960.0 0.0 81.7399
13:06:00 97.0 3865.0 82.77 81.56 81.61 81.5 81.5 50.0 81.57 51.0 3865.0 1765.0 2100.0 0.0 81.5394
13:07:00 31.0 1284.0 82.77 81.65 81.7 81.54 81.6 625.0 81.66 350.0 1284.0 957.0 327.0 0.0 81.6023
13:08:00 40.0 1770.0 82.77 81.78 81.81 81.62 81.77 1151.0 81.83 150.0 1770.0 934.0 836.0 0.0 81.6653
13:09:00 61.0 3439.0 82.77 81.88 81.88 81.77 81.81 100.0 81.87 50.0 3439.0 2241.0 1198.0 0.0 81.8449
13:10:00 180.0 12823.0 82.77 81.94 82.01 81.81 81.93 1.0 81.97 958.0 12823.0 10603.0 2220.0 0.0 81.9696
13:11:00 73.0 3913.0 82.77 82.02 82.03 81.92 81.98 1000.0 82.02 50.0 3913.0 1983.0 1930.0 0.0 81.9746
13:12:00 70.0 3088.0 82.77 82.06 82.15 82.03 82.07 600.0 82.11 21.0 3088.0 1226.0 1862.0 0.0 82.096
13:13:00 74.0 3037.0 82.77 82.06 82.09 81.99 82.05 200.0 82.07 100.0 3037.0 894.0 2143.0 0.0 82.0312
13:14:00 75.0 4040.0 82.77 81.99 82.08 81.97 81.99 50.0 82.02 202.0 4040.0 1277.0 2763.0 0.0 82.0242
13:15:00 39.0 2195.0 82.77 81.95 82.02 81.92 81.95 260.0 81.99 182.0 2195.0 590.0 1605.0 0.0 81.9857
13:16:00 125.0 6154.0 82.77 82.2 82.22 81.95 82.15 160.0 82.2 114.0 6154.0 4668.0 1486.0 0.0 82.0672
13:17:00 86.0 3941.0 82.77 82.09 82.21 82.05 82.08 850.0 82.13 1.0 3941.0 1119.0 2822.0 0.0 82.1506
13:18:00 64.0 2225.0 82.77 82.2 82.25 82.11 82.2 621.0 82.24 200.0 2225.0 1448.0 777.0 0.0 82.1873
13:19:00 78.0 3915.0 82.77 82.21 82.235 82.19 82.17 350.0 82.2 160.0 3915.0 1289.0 2626.0 0.0 82.2102
13:20:00 98.0 4443.0 82.77 82.15 82.17 82.03 82.12 101.0 82.17 250.0 4443.0 1252.0 3191.0 0.0 82.0998
13:21:00 59.0 3136.0 82.77 82.05 82.15 82.05 82.04 21.0 82.08 244.0 3136.0 862.0 2274.0 0.0 82.0981
13:22:00 80.0 3492.0 82.77 82.27 82.3 82.07 82.24 156.0 82.27 78.0 3492.0 2107.0 1385.0 0.0 82.2195
13:23:00 63.0 3296.0 82.77 82.13 82.31 82.1 82.12 200.0 82.15 174.0 3296.0 1540.0 1756.0 0.0 82.1853
13:24:00 114.0 4471.0 82.77 82.11 82.23 82.1 82.1 100.0 82.14 350.0 4471.0 1852.0 2619.0 0.0 82.1499
13:25:00 26.0 1746.0 82.77 82.14 82.15 82.1 82.12 201.0 82.15 1456.0 1746.0 1441.0 305.0 0.0 82.138
13:26:00 48.0 2224.0 82.77 82.16 82.17 82.08 82.12 1.0 82.17 150.0 2224.0 1133.0 1091.0 0.0 82.1275
13:27:00 55.0 3239.0 82.77 82.02 82.13 81.96 82.0 450.0 82.06 151.0 3239.0 1218.0 2021.0 0.0 82.0138
13:28:00 72.0 2938.0 82.77 82.09 82.15 82.01 82.06 616.0 82.11 350.0 2938.0 1587.0 1351.0 0.0 82.0973
13:29:00 71.0 3140.0 82.77 82.08 82.15 82.0 82.03 150.0 82.08 417.0 3140.0 1454.0 1686.0 0.0 82.0761
13:30:00 35.0 1354.0 82.77 82.02 82.12 82.02 82.01 50.0 82.06 223.0 1354.0 340.0 1014.0 0.0 82.0702
13:31:00 70.0 3864.0 82.77 82.0 82.02 81.91 81.98 150.0 82.04 307.0 3864.0 1352.0 2512.0 0.0 81.9837
13:32:00 36.0 1242.0 82.77 82.01 82.08 81.98 82.01 312.0 82.03 100.0 1242.0 830.0 412.0 0.0 82.0232
13:33:00 107.0 4494.0 82.77 81.89 82.05 81.89 81.83 150.0 81.89 117.0 4494.0 1661.0 2833.0 0.0 81.95
13:34:00 50.0 2568.0 82.77 81.93 81.98 81.88 81.91 351.0 81.95 78.0 2568.0 1878.0 690.0 0.0 81.9357
13:35:00 110.0 4683.0 82.77 82.07 82.07 81.86 82.04 50.0 82.08 600.0 4683.0 3174.0 1509.0 0.0 81.9483
13:36:00 100.0 4370.0 82.77 81.97 82.13 81.97 81.92 450.0 81.97 640.0 4370.0 972.0 3398.0 0.0 82.0683
13:37:00 101.0 3813.0 82.77 81.89 81.97 81.77 81.85 500.0 81.9 197.0 3813.0 1769.0 2044.0 0.0 81.8727
13:38:00 37.0 1276.0 82.77 81.88 81.88 81.83 81.85 50.0 81.89 202.0 1276.0 345.0 931.0 0.0 81.8441
13:39:00 95.0 5608.0 82.77 81.95 82.0 81.82 81.94 111.0 81.99 228.0 5608.0 3841.0 1767.0 0.0 81.9115
13:40:00 56.0 1630.0 82.77 81.91 81.98 81.875 81.9 102.0 81.93 1.0 1630.0 559.0 1071.0 0.0 81.9237
13:41:00 60.0 3355.0 82.77 81.95 82.01 81.88 81.89 200.0 81.95 150.0 3355.0 1542.0 1813.0 0.0 81.9456
13:42:00 33.0 1413.0 82.77 81.91 81.92 81.83 81.9 252.0 81.94 314.0 1413.0 126.0 1287.0 0.0 81.8663
13:43:00 45.0 1346.0 82.77 82.04 82.04 81.94 82.03 100.0 82.05 51.0 1346.0 795.0 551.0 0.0 81.9954
13:44:00 69.0 3743.0 82.77 82.2 82.22 82.03 82.21 50.0 82.24 76.0 3743.0 2345.0 1398.0 0.0 82.1374
13:45:00 139.0 8001.0 82.77 82.35 82.4 82.24 82.33 208.0 82.36 424.0 8001.0 4139.0 3862.0 0.0 82.3188
13:46:00 61.0 2190.0 82.77 82.31 82.35 82.28 82.29 111.0 82.32 100.0 2190.0 1258.0 932.0 0.0 82.3045
13:47:00 42.0 1502.0 82.77 82.31 82.36 82.28 82.28 161.0 82.32 49.0 1502.0 807.0 695.0 0.0 82.3119
13:48:00 50.0 2094.0 82.77 82.36 82.36 82.23 82.31 152.0 82.37 50.0 2094.0 867.0 1227.0 0.0 82.269
13:49:00 95.0 4903.0 82.77 82.52 82.52 82.34 82.5 50.0 82.53 179.0 4903.0 3723.0 1180.0 0.0 82.4548
13:50:00 92.0 5107.0 82.77 82.43 82.57 82.43 82.41 119.0 82.46 573.0 5107.0 2518.0 2589.0 0.0 82.5274
13:51:00 91.0 3709.0 82.77 82.4 82.43 82.36 82.37 62.0 82.42 250.0 3709.0 1426.0 2283.0 0.0 82.3847
13:52:00 71.0 2421.0 82.77 82.27 82.38 82.21 82.25 294.0 82.28 239.0 2421.0 869.0 1552.0 0.0 82.2777
13:53:00 70.0 7335.0 82.77 82.32 82.33 82.14 82.31 461.0 82.35 222.0 7335.0 4610.0 2725.0 0.0 82.2497
13:54:00 90.0 4065.0 82.77 82.36 82.39 82.31 82.34 379.0 82.37 1.0 4065.0 1438.0 2627.0 0.0 82.3512
13:55:00 219.0 9990.0 82.77 82.63 82.68 82.35 82.6 400.0 82.66 151.0 9990.0 5888.0 4102.0 0.0 82.5467
13:56:00 68.0 3164.0 82.77 82.65 82.69 82.6 82.64 102.0 82.69 180.0 3164.0 1774.0 1390.0 0.0 82.6507
13:57:00 38.0 1624.0 82.77 82.64 82.66 82.6 82.63 100.0 82.68 441.0 1624.0 506.0 1118.0 0.0 82.6318
13:58:00 106.0 4939.0 82.77 82.56 82.63 82.53 82.54 139.0 82.57 77.0 4939.0 2337.0 2602.0 0.0 82.5775
13:59:00 81.0 3234.0 82.77 82.64 82.75 82.53 82.62 393.0 82.65 70.0 3234.0 2434.0 800.0 0.0 82.6653
14:00:00 68.0 3154.0 82.77 82.68 82.72 82.6 82.66 5101.0 82.7 300.0 3154.0 1688.0 1466.0 0.0 82.6566
14:01:00 45.0 3010.0 82.77 82.76 82.8 82.7 82.75 50.0 82.79 520.0 3010.0 2502.0 508.0 0.0 82.7559
14:02:00 91.0 3990.0 82.77 82.82 82.85 82.73 82.8 100.0 82.81 212.0 3990.0 1851.0 2139.0 0.0 82.8003
14:03:00 95.0 8911.0 82.77 82.93 82.93 82.81 82.87 460.0 82.93 424.0 8911.0 2351.0 6560.0 0.0 82.8551
14:04:00 318.0 18460.0 82.77 82.99 83.03 82.92 82.98 150.0 83.03 600.0 18460.0 12902.0 5558.0 0.0 82.9855
14:05:00 110.0 6722.0 82.77 82.88 82.99 82.86 82.87 310.0 82.9 252.0 6722.0 2055.0 4667.0 0.0 82.9248
14:06:00 207.0 9813.0 82.77 82.88 82.92 82.76 82.84 314.0 82.88 250.0 9813.0 4980.0 4833.0 0.0 82.8371
14:07:00 127.0 6654.0 82.77 82.95 82.99 82.87 82.92 45.0 82.95 200.0 6654.0 3242.0 3412.0 0.0 82.9135
14:08:00 78.0 3672.0 82.77 82.94 83.01 82.93 82.92 300.0 82.97 251.0 3672.0 983.0 2689.0 0.0 82.9599
14:09:00 132.0 7918.0 82.77 82.87 82.93 82.83 82.88 110.0 82.91 101.0 7918.0 2758.0 5160.0 0.0 82.8866
14:10:00 80.0 4220.0 82.77 82.86 82.91 82.86 82.83 166.0 82.86 316.0 4220.0 548.0 3672.0 0.0 82.8856
14:11:00 107.0 3498.0 82.77 82.86 82.86 82.67 82.83 351.0 82.85 10.0 3498.0 1341.0 2157.0 0.0 82.7667
14:12:00 92.0 4741.0 82.77 82.82 82.91 82.77 82.78 450.0 82.83 132.0 4741.0 2306.0 2435.0 0.0 82.8262
14:13:00 79.0 4139.0 82.77 82.83 82.87 82.8 82.8 708.0 82.84 334.0 4139.0 1747.0 2392.0 0.0 82.8398
14:14:00 33.0 1401.0 82.77 82.88 82.88 82.83 82.86 161.0 82.9 510.0 1401.0 611.0 790.0 0.0 82.8505
14:15:00 81.0 3568.0 82.77 82.84 82.86 82.78 82.82 261.0 82.88 204.0 3568.0 1064.0 2504.0 0.0 82.8199
14:16:00 51.0 6648.0 82.77 82.86 82.96 82.83 82.86 268.0 82.89 108.0 6648.0 5473.0 1175.0 0.0 82.931
14:17:00 94.0 8831.0 82.77 82.93 82.96 82.8 82.9 150.0 82.92 72.0 8831.0 6647.0 2184.0 0.0 82.8979
14:18:00 77.0 2614.0 82.77 83.0 83.01 82.86 82.99 210.0 83.01 8.0 2614.0 1603.0 1011.0 0.0 82.9373
14:19:00 115.0 5083.0 82.77 82.99 83.02 82.98 82.99 200.0 83.0 5.0 5083.0 1382.0 3701.0 0.0 82.9949
14:20:00 90.0 4418.0 82.77 82.97 83.04 82.95 82.95 200.0 82.98 50.0 4418.0 911.0 3507.0 0.0 82.9892
14:21:00 182.0 5461.0 82.77 83.0 83.04 82.97 83.0 15.0 83.02 300.0 5461.0 2207.0 3254.0 0.0 83.0088
14:22:00 162.0 6751.0 82.77 82.92 83.06 82.92 82.91 310.0 82.95 250.0 6751.0 4251.0 2500.0 0.0 83.0085
14:23:00 50.0 2187.0 82.77 82.99 82.99 82.91 82.97 51.0 82.99 39.0 2187.0 1235.0 952.0 0.0 82.9244
14:24:00 78.0 3355.0 82.77 82.95 83.0 82.93 82.94 114.0 83.0 50.0 3355.0 1349.0 2006.0 0.0 82.9623
14:25:00 47.0 1788.0 82.77 82.94 82.97 82.94 82.92 400.0 82.95 200.0 1788.0 291.0 1497.0 0.0 82.9548
14:26:00 80.0 8921.0 82.77 82.97 82.98 82.86 82.95 150.0 82.98 72.0 8921.0 2173.0 6748.0 0.0 82.9046
14:27:00 193.0 9858.0 82.77 83.15 83.2 82.98 83.13 208.0 83.16 500.0 9858.0 5743.0 4115.0 0.0 83.098
14:28:00 141.0 5362.0 82.77 83.08 83.16 82.99 83.06 161.0 83.08 331.0 5362.0 2304.0 3058.0 0.0 83.064
14:29:00 75.0 7755.0 82.77 83.29 83.3 83.08 83.26 199.0 83.3 200.0 7755.0 6504.0 1251.0 0.0 83.236
14:30:00 59.0 3132.0 82.77 83.32 83.35 83.24 83.31 477.0 83.33 111.0 3132.0 1686.0 1446.0 0.0 83.2758
14:31:00 241.0 16380.0 82.77 83.61 83.61 83.31 83.59 450.0 83.63 20.0 16380.0 13087.0 3293.0 0.0 83.4495
14:32:00 119.0 5041.0 82.77 83.42 83.6 83.34 83.42 300.0 83.46 426.0 5041.0 1198.0 3843.0 0.0 83.4563
14:33:00 79.0 5157.0 82.77 83.49 83.59 83.45 83.48 202.0 83.52 128.0 5157.0 1283.0 3874.0 0.0 83.5263
14:34:00 60.0 2791.0 82.77 83.47 83.58 83.39 83.44 110.0 83.48 301.0 2791.0 1434.0 1357.0 0.0 83.4954
14:35:00 68.0 2673.0 82.77 83.515 83.56 83.48 83.5 1.0 83.55 650.0 2673.0 978.0 1695.0 0.0 83.5157
14:36:00 42.0 1623.0 82.77 83.4 83.52 83.375 83.35 431.0 83.41 352.0 1623.0 284.0 1339.0 0.0 83.4243
14:37:00 83.0 3146.0 82.77 83.38 83.47 83.3 83.37 1.0 83.42 325.0 3146.0 1516.0 1630.0 0.0 83.3801
14:38:00 54.0 4906.0 82.77 83.28 83.385 83.26 83.26 154.0 83.3 83.0 4906.0 1751.0 3155.0 0.0 83.3103
14:39:00 49.0 1586.0 82.77 83.32 83.4 83.29 83.29 350.0 83.33 1.0 1586.0 1105.0 481.0 0.0 83.3337
14:40:00 52.0 3048.0 82.77 83.2 83.38 83.2 83.18 40.0 83.21 20.0 3048.0 1864.0 1184.0 0.0 83.3343
14:41:00 49.0 4446.0 82.77 83.21 83.26 83.18 83.19 200.0 83.22 505.0 4446.0 2861.0 1585.0 0.0 83.2075
14:42:00 58.0 2073.0 82.77 83.24 83.32 83.22 83.24 85.0 83.26 363.0 2073.0 873.0 1200.0 0.0 83.2679
14:43:00 79.0 2813.0 82.77 83.32 83.36 83.21 83.31 250.0 83.37 509.0 2813.0 1476.0 1337.0 0.0 83.2813
14:44:00 53.0 2280.0 82.77 83.4 83.4 83.32 83.39 50.0 83.42 9.0 2280.0 914.0 1366.0 0.0 83.3533
14:45:00 106.0 6067.0 82.77 83.19 83.43 83.18 83.18 220.0 83.22 51.0 6067.0 865.0 5202.0 0.0 83.2637
14:46:00 100.0 3074.0 82.77 83.2 83.26 83.16 83.2 162.0 83.24 37.0 3074.0 1502.0 1572.0 0.0 83.2054
14:47:00 40.0 1526.0 82.77 83.24 83.27 83.2 83.23 353.0 83.26 601.0 1526.0 430.0 1096.0 0.0 83.2461
14:48:00 67.0 2145.0 82.77 83.29 83.3 83.17 83.26 50.0 83.31 363.0 2145.0 933.0 1212.0 0.0 83.2188
14:49:00 35.0 2978.0 82.77 83.45 83.45 83.31 83.44 14.0 83.47 300.0 2978.0 2512.0 466.0 0.0 83.4159
14:50:00 38.0 1645.0 82.77 83.39 83.47 83.37 83.39 250.0 83.41 2.0 1645.0 522.0 1123.0 0.0 83.424
14:51:00 53.0 2304.0 82.77 83.34 83.42 83.34 83.33 1.0 83.35 1.0 2304.0 890.0 1414.0 0.0 83.3816
14:52:00 67.0 3721.0 82.77 83.23 83.33 83.2 83.22 78.0 83.26 250.0 3721.0 678.0 3043.0 0.0 83.2387
14:53:00 40.0 2121.0 82.77 83.18 83.26 83.17 83.16 1.0 83.18 68.0 2121.0 967.0 1154.0 0.0 83.2068
14:54:00 61.0 2598.0 82.77 83.06 83.15 83.04 83.02 257.0 83.08 128.0 2598.0 1365.0 1233.0 0.0 83.0993
14:55:00 119.0 4511.0 82.77 82.97 83.09 82.91 82.96 101.0 82.97 4.0 4511.0 1601.0 2910.0 0.0 82.9603
14:56:00 85.0 3500.0 82.77 82.94 83.0 82.94 82.94 4.0 82.96 1160.0 3500.0 2023.0 1477.0 0.0 82.967
14:57:00 148.0 27622.0 82.77 83.0 83.07 82.94 82.99 1351.0 83.03 151.0 27622.0 25161.0 2461.0 0.0 83.0103
14:58:00 92.0 5428.0 82.77 83.06 83.1 83.03 83.04 262.0 83.06 129.0 5428.0 3517.0 1911.0 0.0 83.072
14:59:00 87.0 7162.0 82.77 83.04 83.06 82.97 82.99 1.0 83.05 150.0 7162.0 5457.0 1705.0 0.0 83.0177
15:00:00 190.0 18215.0 82.77 82.89 83.02 82.87 82.88 300.0 82.9 9994.0 18215.0 12192.0 6023.0 0.0 82.9138
15:01:00 268.0 26683.0 82.77 82.74 82.93 82.73 82.72 300.0 82.74 70.0 26683.0 17675.0 9008.0 0.0 82.853
15:02:00 126.0 5565.0 82.77 82.63 82.76 82.63 82.6 111.0 82.64 171.0 5565.0 2449.0 3116.0 0.0 82.6843
15:03:00 62.0 1698.0 82.77 82.66 82.67 82.59 82.64 236.0 82.66 5.0 1698.0 1280.0 418.0 0.0 82.6385
15:04:00 78.0 2548.0 82.77 82.79 82.79 82.64 82.74 101.0 82.78 50.0 2548.0 1610.0 938.0 0.0 82.7174
15:05:00 102.0 4757.0 82.77 82.91 82.91 82.79 82.88 205.0 82.93 889.0 4757.0 2137.0 2620.0 0.0 82.8482
15:06:00 39.0 1437.0 82.77 82.88 82.94 82.88 82.87 3.0 82.9 296.0 1437.0 578.0 859.0 0.0 82.9154
15:07:00 130.0 6753.0 82.77 82.9 83.0 82.83 82.88 2.0 82.92 578.0 6753.0 3826.0 2927.0 0.0 82.9409
15:08:00 34.0 1151.0 82.77 82.93 82.95 82.88 82.91 350.0 82.95 140.0 1151.0 648.0 503.0 0.0 82.9245
15:09:00 35.0 1402.0 82.77 82.99 82.99 82.91 82.97 50.0 83.0 1585.0 1402.0 766.0 636.0 0.0 82.9456
15:10:00 48.0 1774.0 82.77 82.99 82.99 82.95 82.95 1127.0 82.99 100.0 1774.0 1041.0 733.0 0.0 82.9703
15:11:00 134.0 5136.0 82.77 82.94 83.09 82.94 82.91 159.0 82.96 350.0 5136.0 3384.0 1752.0 0.0 83.0136
15:12:00 154.0 9376.0 82.77 82.81 82.95 82.61 82.76 610.0 82.82 806.0 9376.0 6586.0 2790.0 0.0 82.7158
15:13:00 150.0 9394.0 82.77 82.73 82.805 82.59 82.7 26.0 82.73 53.0 9394.0 4155.0 5239.0 0.0 82.685
15:14:00 42.0 1404.0 82.77 82.91 82.91 82.69 82.86 162.0 82.94 250.0 1404.0 1070.0 334.0 0.0 82.7822
15:15:00 92.0 2562.0 82.77 82.9 82.94 82.85 82.88 900.0 82.95 568.0 2562.0 1584.0 978.0 0.0 82.8995
15:16:00 97.0 4025.0 82.77 82.86 82.95 82.86 82.83 1100.0 82.88 150.0 4025.0 1479.0 2546.0 0.0 82.9219
15:17:00 56.0 2119.0 82.77 82.9 82.93 82.83 82.87 300.0 82.93 250.0 2119.0 1459.0 660.0 0.0 82.8797
15:18:00 68.0 2977.0 82.77 82.88 82.94 82.87 82.86 178.0 82.91 300.0 2977.0 1589.0 1388.0 0.0 82.9159
15:19:00 56.0 2064.0 82.77 82.86 82.9 82.81 82.84 100.0 82.86 250.0 2064.0 832.0 1232.0 0.0 82.8615
15:20:00 75.0 3283.0 82.77 82.83 82.85 82.75 82.82 140.0 82.86 250.0 3283.0 1893.0 1390.0 0.0 82.8077
15:21:00 72.0 3031.0 82.77 82.865 82.89 82.75 82.84 260.0 82.89 200.0 3031.0 1544.0 1487.0 0.0 82.8376
15:22:00 95.0 4425.0 82.77 82.83 82.9 82.77 82.82 151.0 82.86 125.0 4425.0 2477.0 1948.0 0.0 82.8526
15:23:00 174.0 6777.0 82.77 82.84 82.9 82.78 82.84 130.0 82.86 119.0 6777.0 4557.0 2220.0 0.0 82.87
15:24:00 72.0 4883.0 82.77 82.79 82.84 82.72 82.78 511.0 82.81 5.0 4883.0 2084.0 2799.0 0.0 82.764
15:25:00 70.0 3198.0 82.77 82.84 82.85 82.76 82.84 101.0 82.86 175.0 3198.0 1502.0 1696.0 0.0 82.8015
15:26:00 75.0 3392.0 82.77 82.87 82.92 82.84 82.86 200.0 82.89 426.0 3392.0 2003.0 1389.0 0.0 82.8818
15:27:00 124.0 6412.0 82.77 83.0 83.01 82.88 82.99 117.0 83.01 196.0 6412.0 4771.0 1641.0 0.0 82.9354
15:28:00 304.0 14286.0 82.77 83.03 83.2 82.86 83.08 250.0 83.13 451.0 14286.0 8035.0 6251.0 0.0 83.0292
15:29:00 180.0 9223.0 82.77 83.19 83.21 83.09 83.17 1570.0 83.2 120.0 9223.0 4208.0 5015.0 0.0 83.1561
15:30:00 145.0 7913.0 82.77 83.13 83.19 83.07 83.12 200.0 83.13 11.0 7913.0 3594.0 4319.0 0.0 83.1409
15:31:00 130.0 5566.0 82.77 83.13 83.15 83.08 83.1 179.0 83.13 159.0 5566.0 2179.0 3387.0 0.0 83.1108
15:32:00 92.0 4709.0 82.77 83.04 83.11 83.04 83.03 201.0 83.07 285.0 4709.0 1452.0 3257.0 0.0 83.0731
15:33:00 135.0 6563.0 82.77 82.98 83.09 82.96 82.96 231.0 82.99 111.0 6563.0 2828.0 3735.0 0.0 83.0312
15:34:00 127.0 8156.0 82.77 82.915 83.0 82.915 82.91 1.0 82.93 1323.0 8156.0 4171.0 3985.0 0.0 82.9631
15:35:00 187.0 9753.0 82.77 83.0 83.02 82.89 82.99 401.0 83.02 744.0 9753.0 8271.0 1482.0 0.0 82.9336
15:36:00 170.0 9800.0 82.77 82.9 83.1 82.9 82.89 200.0 82.91 68.0 9800.0 5504.0 4296.0 0.0 83.0135
15:37:00 106.0 5374.0 82.77 82.87 82.98 82.86 82.87 28.0 82.9 100.0 5374.0 2717.0 2657.0 0.0 82.9048
15:38:00 71.0 2734.0 82.77 82.8 82.89 82.79 82.79 147.0 82.81 336.0 2734.0 1315.0 1419.0 0.0 82.8369
15:39:00 180.0 9838.0 82.77 82.64 82.8 82.64 82.62 857.0 82.65 275.0 9838.0 4387.0 5451.0 0.0 82.7175
15:40:00 126.0 6650.0 82.77 82.6 82.7 82.58 82.59 120.0 82.62 76.0 6650.0 3593.0 3057.0 0.0 82.6257
15:41:00 155.0 9420.0 82.77 82.51 82.63 82.48 82.49 150.0 82.52 437.0 9420.0 6161.0 3259.0 0.0 82.5267
15:42:00 96.0 4400.0 82.77 82.55 82.595 82.49 82.54 207.0 82.57 1252.0 4400.0 2789.0 1611.0 0.0 82.5454
15:43:00 162.0 10252.0 82.77 82.51 82.55 82.5 82.5 2200.0 82.52 560.0 10252.0 5352.0 4900.0 0.0 82.5218
15:44:00 188.0 10645.0 82.77 82.5 82.57 82.47 82.52 169.0 82.55 200.0 10645.0 5135.0 5510.0 0.0 82.5086
15:45:00 175.0 13219.0 82.77 82.7 82.71 82.52 82.67 469.0 82.71 324.0 13219.0 7870.0 5349.0 0.0 82.6265
15:46:00 236.0 14430.0 82.77 82.71 82.73 82.58 82.71 6.0 82.72 200.0 14430.0 5114.0 9316.0 0.0 82.636
15:47:00 180.0 10730.0 82.77 82.73 82.76 82.69 82.73 50.0 82.75 250.0 10730.0 5687.0 5043.0 0.0 82.7331
15:48:00 381.0 61518.0 82.77 82.66 82.75 82.63 82.66 100.0 82.68 366.0 61518.0 39038.0 22480.0 0.0 82.6553
15:49:00 220.0 10481.0 82.77 82.65 82.75 82.6 82.65 200.0 82.67 210.0 10481.0 4625.0 5856.0 0.0 82.6726
15:50:00 151.0 9074.0 82.77 82.63 82.73 82.59 82.62 310.0 82.63 164.0 9074.0 4262.0 4812.0 0.0 82.6833
15:51:00 324.0 17056.0 82.77 82.62 82.78 82.61 82.61 314.0 82.63 300.0 17056.0 9494.0 7562.0 0.0 82.6975
15:52:00 359.0 22131.0 82.77 82.64 82.75 82.61 82.63 600.0 82.64 50.0 22131.0 12659.0 9472.0 0.0 82.667
15:53:00 234.0 11757.0 82.77 82.61 82.67 82.58 82.6 506.0 82.62 239.0 11757.0 5783.0 5974.0 0.0 82.6188
15:54:00 247.0 14286.0 82.77 82.68 82.68 82.59 82.68 200.0 82.69 50.0 14286.0 7474.0 6812.0 0.0 82.6264
15:55:00 265.0 15460.0 82.77 82.68 82.79 82.63 82.67 250.0 82.68 50.0 15460.0 8328.0 7132.0 0.0 82.6957
15:56:00 275.0 14353.0 82.77 82.73 82.74 82.67 82.72 20.0 82.73 1369.0 14353.0 5049.0 9304.0 0.0 82.7037
15:57:00 376.0 21564.0 82.77 82.82 82.87 82.71 82.81 735.0 82.82 498.0 21564.0 10535.0 11029.0 0.0 82.7922
15:58:00 322.0 15619.0 82.77 82.87 82.89 82.82 82.86 579.0 82.88 802.0 15619.0 9287.0 6332.0 0.0 82.8563
15:59:00 462.0 28808.0 82.77 82.91 82.915 82.84 82.9 400.0 82.91 400.0 28808.0 14204.0 14604.0 0.0 82.8735
16:00:00 669.0 42764.0 82.77 82.94 82.97 82.87 82.93 7100.0 82.94 29314.0 42764.0 27086.0 15678.0 0.0 82.9158
16:01:00 3.0 31.0 82.77 82.75 82.94 82.75 82.93 7100.0 82.94 29646.0 31.0 31.0 0.0 0.0 82.75
16:02:00 1.0 129.0 82.77 82.94 82.94 82.94 82.93 7100.0 82.94 29646.0 129.0 0.0 129.0 0.0 82.94
16:03:00 0.0 0.0 82.77 82.94 nan nan 82.93 7100.0 82.94 29646.0 nan 0.0 0.0 0.0 nan
16:04:00 0.0 0.0 82.77 82.94 nan nan 82.93 7100.0 82.94 29646.0 nan 0.0 0.0 0.0 nan
16:05:00 0.0 0.0 82.77 82.94 nan nan 82.93 7100.0 82.94 29646.0 nan 0.0 0.0 0.0 nan
16:06:00 0.0 0.0 82.77 82.94 nan nan 82.93 7100.0 82.94 29646.0 nan 0.0 0.0 0.0 nan
16:07:00 4.0 40.0 82.77 83.0 83.0 82.95 82.93 7100.0 82.94 29646.0 40.0 40.0 0.0 0.0 82.9912
16:08:00 0.0 0.0 82.77 83.0 nan nan 82.93 7100.0 82.94 29646.0 nan 0.0 0.0 0.0 nan
16:09:00 0.0 0.0 82.77 83.0 nan nan 82.93 7100.0 82.94 29646.0 nan 0.0 0.0 0.0 nan
16:10:00 0.0 0.0 82.77 83.0 nan nan 82.93 7100.0 82.94 29646.0 nan 0.0 0.0 0.0 nan
16:11:00 2.0 6.0 82.77 83.0 83.0 83.0 82.94 10.0 82.94 29646.0 6.0 6.0 0.0 0.0 83.0
16:12:00 0.0 0.0 82.77 83.0 nan nan 82.94 10.0 82.94 29646.0 nan 0.0 0.0 0.0 nan
16:13:00 0.0 0.0 82.77 83.0 nan nan 82.94 10.0 82.94 29646.0 nan 0.0 0.0 0.0 nan
16:14:00 0.0 0.0 82.77 83.0 nan nan 82.94 10.0 82.94 29646.0 nan 0.0 0.0 0.0 nan
16:15:00 0.0 0.0 82.77 83.0 nan nan 82.94 10.0 82.94 29646.0 nan 0.0 0.0 0.0 nan
16:16:00 0.0 0.0 82.77 83.0 nan nan 82.94 10.0 82.94 29646.0 nan 0.0 0.0 0.0 nan
16:17:00 1.0 1.0 82.77 82.94 82.94 82.94 82.94 9.0 82.94 29646.0 1.0 0.0 1.0 0.0 82.94
16:18:00 0.0 0.0 82.77 82.94 nan nan 82.94 9.0 82.94 29646.0 nan 0.0 0.0 0.0 nan
16:19:00 2.0 15.0 82.77 83.0 83.0 83.0 82.94 9.0 82.94 29646.0 15.0 0.0 15.0 0.0 83.0
16:20:00 0.0 0.0 82.77 83.0 nan nan 82.94 9.0 82.94 29646.0 nan 0.0 0.0 0.0 nan
16:21:00 0.0 0.0 82.77 83.0 nan nan 82.94 9.0 82.94 29646.0 nan 0.0 0.0 0.0 nan
16:22:00 0.0 0.0 82.77 83.0 nan nan 82.94 9.0 82.94 29646.0 nan 0.0 0.0 0.0 nan
16:23:00 0.0 0.0 82.77 83.0 nan nan 82.94 9.0 82.94 29646.0 nan 0.0 0.0 0.0 nan
16:24:00 0.0 0.0 82.77 83.0 nan nan 82.94 9.0 82.94 29646.0 nan 0.0 0.0 0.0 nan
16:25:00 3.0 59.0 82.77 83.04 83.04 82.94 82.93 7100.0 82.94 29646.0 59.0 50.0 9.0 0.0 83.0247
16:26:00 0.0 0.0 82.77 83.04 nan nan 82.93 7100.0 82.94 29646.0 nan 0.0 0.0 0.0 nan
16:27:00 0.0 0.0 82.77 83.04 nan nan 82.93 7100.0 82.94 29646.0 nan 0.0 0.0 0.0 nan
16:28:00 0.0 0.0 82.77 83.04 nan nan 82.93 7100.0 82.94 29646.0 nan 0.0 0.0 0.0 nan
16:29:00 0.0 0.0 82.77 83.04 nan nan 82.93 7100.0 82.94 29646.0 nan 0.0 0.0 0.0 nan
16:30:00 0.0 0.0 82.77 83.04 nan nan 82.93 7100.0 82.94 29646.0 nan 0.0 0.0 0.0 nan
16:31:00 0.0 0.0 82.77 83.04 nan nan 82.93 7100.0 82.94 29646.0 nan 0.0 0.0 0.0 nan
16:32:00 0.0 0.0 82.77 83.04 nan nan 82.93 7100.0 82.94 29646.0 nan 0.0 0.0 0.0 nan
16:33:00 4.0 18.0 82.77 82.76 82.91 82.76 82.93 7100.0 82.94 29646.0 18.0 0.0 18.0 0.0 82.9044
16:34:00 0.0 0.0 82.77 82.76 nan nan 82.93 7100.0 82.94 29646.0 nan 0.0 0.0 0.0 nan
16:35:00 0.0 0.0 82.77 82.76 nan nan 82.93 7100.0 82.94 29646.0 nan 0.0 0.0 0.0 nan
16:36:00 0.0 0.0 82.77 82.76 nan nan 82.93 7100.0 82.94 29646.0 nan 0.0 0.0 0.0 nan
16:37:00 0.0 0.0 82.77 82.76 nan nan 82.93 7100.0 82.94 29646.0 nan 0.0 0.0 0.0 nan
16:38:00 0.0 0.0 82.77 82.76 nan nan 82.93 7100.0 82.94 29646.0 nan 0.0 0.0 0.0 nan
16:39:00 5.0 64.0 82.77 83.0 83.0 82.97 82.95 350.0 82.94 29646.0 64.0 25.0 39.0 0.0 82.9817
16:40:00 1.0 29.0 82.77 83.0 83.0 83.0 83.06 311.0 82.94 29646.0 29.0 29.0 0.0 0.0 83.0
16:41:00 4.0 311.0 82.77 83.08 83.08 83.08 83.05 38.0 82.94 29646.0 311.0 0.0 311.0 0.0 83.08
16:42:00 3.0 38.0 82.77 83.05 83.05 83.05 82.93 7100.0 82.94 29646.0 38.0 0.0 38.0 0.0 83.05
16:43:00 0.0 0.0 82.77 83.05 nan nan 82.93 7100.0 82.94 29646.0 nan 0.0 0.0 0.0 nan
16:44:00 0.0 0.0 82.77 83.05 nan nan 82.93 7100.0 82.94 29646.0 nan 0.0 0.0 0.0 nan
16:45:00 0.0 0.0 82.77 83.05 nan nan 82.93 7100.0 82.94 29646.0 nan 0.0 0.0 0.0 nan
16:46:00 0.0 0.0 82.77 83.05 nan nan 82.93 7100.0 82.94 29646.0 nan 0.0 0.0 0.0 nan
16:47:00 1.0 15.0 82.77 82.94 82.94 82.94 82.93 7100.0 82.94 29646.0 15.0 15.0 0.0 0.0 82.94
16:48:00 0.0 0.0 82.77 82.94 nan nan 82.93 7100.0 82.94 29646.0 nan 0.0 0.0 0.0 nan
16:49:00 0.0 0.0 82.77 82.94 nan nan 82.93 7100.0 82.94 29646.0 nan 0.0 0.0 0.0 nan
16:50:00 0.0 0.0 82.77 82.94 nan nan 82.93 7100.0 82.94 29646.0 nan 0.0 0.0 0.0 nan
16:51:00 0.0 0.0 82.77 82.94 nan nan 82.93 7100.0 82.94 29646.0 nan 0.0 0.0 0.0 nan
16:52:00 0.0 0.0 82.77 82.94 nan nan 82.93 7100.0 82.94 29646.0 nan 0.0 0.0 0.0 nan
16:53:00 0.0 0.0 82.77 82.94 nan nan 82.93 7100.0 82.94 29646.0 nan 0.0 0.0 0.0 nan
16:54:00 0.0 0.0 82.77 82.94 nan nan 82.93 7100.0 82.94 29646.0 nan 0.0 0.0 0.0 nan
16:55:00 0.0 0.0 82.77 82.94 nan nan 82.93 7100.0 82.94 29646.0 nan 0.0 0.0 0.0 nan
16:56:00 1.0 0.0 82.77 82.85 82.85 82.85 82.93 7100.0 82.94 29646.0 nan 0.0 0.0 0.0 nan
16:57:00 0.0 0.0 82.77 82.85 nan nan 82.93 7100.0 82.94 29646.0 nan 0.0 0.0 0.0 nan
16:58:00 0.0 0.0 82.77 82.85 nan nan 82.93 7100.0 82.94 29646.0 nan 0.0 0.0 0.0 nan
16:59:00 0.0 0.0 82.77 82.85 nan nan 82.93 7100.0 82.94 29646.0 nan 0.0 0.0 0.0 nan
17:00:00 0.0 0.0 82.77 82.85 nan nan 82.93 7100.0 82.94 29646.0 nan 0.0 0.0 0.0 nan
