time trade_count trade_volume trade_first trade_last trade_high trade_low bid_price bid_size ask_price ask_size hid_vol buy_vol sell_vol unsided_vol vwap
09:00:00 nan 25.0 57.85 57.93 57.93 57.8 57.7 1000.0 57.95 50.0 25.0 24.0 1.0 0.0 57.862
09:01:00 2.0 0.0 57.85 57.93 57.95 57.93 57.75 24.0 57.95 50.0 nan 0.0 0.0 0.0 nan
09:02:00 0.0 0.0 57.85 57.93 nan nan 57.75 24.0 57.95 50.0 nan 0.0 0.0 0.0 nan
09:03:00 6.0 900.0 57.85 57.71 57.85 57.7 57.7 25.0 57.95 50.0 900.0 0.0 900.0 0.0 57.7013
09:04:00 0.0 0.0 57.85 57.71 nan nan 57.7 25.0 57.93 9.0 nan 0.0 0.0 0.0 nan
09:05:00 0.0 0.0 57.85 57.71 nan nan 57.75 50.0 57.94 150.0 nan 0.0 0.0 0.0 nan
09:06:00 0.0 0.0 57.85 57.71 nan nan 57.75 50.0 57.94 150.0 nan 0.0 0.0 0.0 nan
09:07:00 0.0 0.0 57.85 57.71 nan nan 57.75 50.0 57.94 150.0 nan 0.0 0.0 0.0 nan
09:08:00 0.0 0.0 57.85 57.71 nan nan 57.7 2035.0 57.94 150.0 nan 0.0 0.0 0.0 nan
09:09:00 5.0 2035.0 57.85 57.7 57.7 57.7 57.41 48.0 57.94 150.0 2035.0 0.0 2035.0 0.0 57.7
09:10:00 0.0 0.0 57.85 57.7 nan nan 57.41 78.0 57.94 150.0 nan 0.0 0.0 0.0 nan
09:11:00 0.0 0.0 57.85 57.7 nan nan 57.52 90.0 57.94 150.0 nan 0.0 0.0 0.0 nan
09:12:00 0.0 0.0 57.85 57.7 nan nan 57.54 30.0 57.94 250.0 nan 0.0 0.0 0.0 nan
09:13:00 0.0 0.0 57.85 57.7 nan nan 57.7 101.0 57.94 250.0 nan 0.0 0.0 0.0 nan
09:14:00 0.0 0.0 57.85 57.7 nan nan 57.82 10.0 57.94 250.0 nan 0.0 0.0 0.0 nan
09:15:00 6.0 166.0 57.85 57.7 57.82 57.7 57.54 31.0 57.94 150.0 166.0 0.0 166.0 0.0 57.7373
09:16:00 2.0 88.0 57.85 57.7 57.7 57.7 57.7 32.0 57.73 90.0 88.0 0.0 88.0 0.0 57.7
09:17:00 1.0 30.0 57.85 57.7 57.7 57.7 57.7 2.0 57.94 150.0 30.0 0.0 30.0 0.0 57.7
09:18:00 0.0 0.0 57.85 57.7 nan nan 57.7 2.0 57.94 150.0 nan 0.0 0.0 0.0 nan
09:19:00 1.0 2.0 57.85 57.7 57.7 57.7 57.54 93.0 57.7 98.0 2.0 0.0 2.0 0.0 57.7
09:20:00 0.0 0.0 57.85 57.7 nan nan 57.54 93.0 57.7 112.0 nan 0.0 0.0 0.0 nan
09:21:00 2.0 200.0 57.85 57.5 57.53 57.5 57.51 156.0 57.7 112.0 200.0 0.0 200.0 0.0 57.515
09:22:00 0.0 0.0 57.85 57.5 nan nan 57.51 156.0 57.69 1.0 nan 0.0 0.0 0.0 nan
09:23:00 6.0 113.0 57.85 57.88 57.88 57.69 57.51 60.0 57.93 60.0 113.0 113.0 0.0 0.0 57.6999
09:24:00 0.0 0.0 57.85 57.88 nan nan 57.4 121.0 57.93 90.0 nan 0.0 0.0 0.0 nan
09:25:00 0.0 0.0 57.85 57.88 nan nan 57.4 196.0 57.75 30.0 nan 0.0 0.0 0.0 nan
09:26:00 0.0 0.0 57.85 57.88 nan nan 57.4 201.0 57.75 30.0 nan 0.0 0.0 0.0 nan
09:27:00 4.0 10.0 57.85 57.77 57.89 57.75 57.55 45.0 57.93 60.0 10.0 10.0 0.0 0.0 57.75
09:28:00 7.0 564.0 57.85 57.4 57.55 57.4 57.55 3.0 57.9 100.0 564.0 0.0 564.0 0.0 57.4117
09:29:00 9.0 508.0 57.85 57.4 57.55 57.4 57.3 365.0 57.9 100.0 508.0 0.0 508.0 0.0 57.4003
09:30:00 8.0 106.0 57.85 57.9 57.9 57.46 57.51 300.0 57.9 54.0 106.0 106.0 0.0 0.0 57.9
09:31:00 322.0 13986.0 57.85 57.84 58.16 57.79 57.75 20.0 57.84 125.0 13986.0 7356.0 6630.0 0.0 57.9434
09:32:00 193.0 11321.0 57.85 57.94 58.1 57.71 57.94 300.0 58.01 25.0 11321.0 6777.0 4544.0 0.0 57.9641
09:33:00 76.0 7306.0 57.85 57.97 58.06 57.88 57.91 75.0 57.98 238.0 7306.0 3272.0 4034.0 0.0 57.9878
09:34:00 79.0 7120.0 57.85 57.97 58.01 57.86 57.94 500.0 57.98 60.0 7120.0 3795.0 3325.0 0.0 57.9471
09:35:00 275.0 13033.0 57.85 58.09 58.09 57.69 58.04 25.0 58.1 1270.0 13033.0 5011.0 8022.0 0.0 57.8639
09:36:00 158.0 8866.0 57.85 57.87 58.1 57.87 57.86 42.0 57.92 150.0 8866.0 3026.0 5840.0 0.0 58.033
09:37:00 152.0 7201.0 57.85 57.88 57.94 57.73 57.88 300.0 57.94 200.0 7201.0 2228.0 4973.0 0.0 57.8342
09:38:00 107.0 8291.0 57.85 57.82 57.9 57.68 57.81 250.0 57.88 13.0 8291.0 1501.0 6790.0 0.0 57.7978
09:39:00 111.0 9763.0 57.85 57.82 58.04 57.82 57.81 150.0 57.87 50.0 9763.0 7789.0 1974.0 0.0 57.9919
09:40:00 175.0 9651.0 57.85 57.73 57.87 57.7 57.68 100.0 57.75 30.0 9651.0 2923.0 6728.0 0.0 57.7522
09:41:00 214.0 15331.0 57.85 58.0 58.06 57.75 57.99 300.0 58.04 100.0 15331.0 6702.0 8629.0 0.0 57.9671
09:42:00 313.0 23210.0 57.85 57.83 58.04 57.77 57.81 127.0 57.84 313.0 23210.0 7271.0 15939.0 0.0 57.8878
09:43:00 290.0 21559.0 57.85 57.59 57.82 57.53 57.54 250.0 57.58 400.0 21559.0 7190.0 14369.0 0.0 57.7325
09:44:00 155.0 10355.0 57.85 57.51 57.61 57.51 57.5 4760.0 57.55 13.0 10355.0 4929.0 5426.0 0.0 57.5615
09:45:00 161.0 9944.0 57.85 57.43 57.58 57.38 57.38 100.0 57.42 62.0 9944.0 2890.0 7054.0 0.0 57.4842
09:46:00 225.0 18537.0 57.85 57.36 57.51 57.32 57.34 100.0 57.38 800.0 18537.0 11803.0 6734.0 0.0 57.4502
09:47:00 379.0 23529.0 57.85 57.14 57.36 57.11 57.11 537.0 57.15 200.0 23529.0 8288.0 15241.0 0.0 57.174
09:48:00 161.0 11689.0 57.85 56.95 57.18 56.95 56.95 350.0 56.99 150.0 11689.0 3816.0 7873.0 0.0 57.093
09:49:00 169.0 12422.0 57.85 57.0 57.07 56.97 57.0 100.0 57.03 150.0 12422.0 4847.0 7575.0 0.0 57.0234
09:50:00 242.0 17701.0 57.85 57.11 57.14 57.02 57.1 637.0 57.14 1050.0 17701.0 11053.0 6648.0 0.0 57.0847
09:51:00 299.0 21905.0 57.85 57.52 57.52 57.13 57.5 360.0 57.53 50.0 21905.0 13311.0 8594.0 0.0 57.3022
09:52:00 248.0 24205.0 57.85 57.64 57.64 57.48 57.63 1200.0 57.66 1160.0 24205.0 13612.0 10593.0 0.0 57.5293
09:53:00 199.0 17892.0 57.85 57.78 57.82 57.64 57.77 150.0 57.8 504.0 17892.0 9344.0 8548.0 0.0 57.7699
09:54:00 172.0 11236.0 57.85 57.78 57.81 57.7 57.78 200.0 57.81 500.0 11236.0 5259.0 5977.0 0.0 57.7607
09:55:00 94.0 6215.0 57.85 57.54 57.8 57.54 57.53 200.0 57.57 2.0 6215.0 474.0 5741.0 0.0 57.6724
09:56:00 92.0 6515.0 57.85 57.58 57.68 57.5 57.55 400.0 57.59 425.0 6515.0 2879.0 3636.0 0.0 57.5643
09:57:00 63.0 3239.0 57.85 57.54 57.56 57.44 57.52 250.0 57.55 303.0 3239.0 1915.0 1324.0 0.0 57.5176
09:58:00 70.0 3673.0 57.85 57.61 57.66 57.55 57.6 1177.0 57.63 215.0 3673.0 1301.0 2372.0 0.0 57.6112
09:59:00 109.0 7807.0 57.85 57.5 57.62 57.5 57.5 200.0 57.53 250.0 7807.0 1809.0 5998.0 0.0 57.5561
10:00:00 59.0 2663.0 57.85 57.49 57.55 57.49 57.48 500.0 57.52 550.0 2663.0 621.0 2042.0 0.0 57.5183
10:01:00 301.0 19778.0 57.85 57.13 57.5 57.0 57.1 1050.0 57.15 1100.0 19778.0 8114.0 11664.0 0.0 57.1971
10:02:00 192.0 16770.0 57.85 57.09 57.15 57.0 57.08 562.0 57.11 150.0 16770.0 6928.0 9842.0 0.0 57.0829
10:03:00 96.0 6922.0 57.85 57.08 57.1 57.02 57.05 2100.0 57.1 350.0 6922.0 2479.0 4443.0 0.0 57.0613
10:04:00 127.0 15383.0 57.85 57.02 57.08 56.96 56.99 300.0 57.02 502.0 15383.0 2732.0 12651.0 0.0 57.0022
10:05:00 183.0 12696.0 57.85 56.91 57.05 56.9 56.91 100.0 56.93 950.0 12696.0 6054.0 6642.0 0.0 56.9756
10:06:00 175.0 7839.0 57.85 56.86 56.97 56.84 56.84 602.0 56.86 200.0 7839.0 4083.0 3756.0 0.0 56.9203
10:07:00 249.0 18180.0 57.85 56.96 56.96 56.75 56.95 200.0 56.97 16.0 18180.0 9126.0 9054.0 0.0 56.8111
10:08:00 216.0 18633.0 57.85 57.15 57.16 56.96 57.14 500.0 57.17 5.0 18633.0 6473.0 12160.0 0.0 57.0386
10:09:00 81.0 5434.0 57.85 57.08 57.15 57.04 57.05 250.0 57.1 802.0 5434.0 451.0 4983.0 0.0 57.0883
10:10:00 205.0 16770.0 57.85 56.9 57.13 56.85 56.89 35.0 56.93 750.0 16770.0 9531.0 7239.0 0.0 56.9697
10:11:00 133.0 6502.0 57.85 56.9 57.01 56.82 56.86 913.0 56.9 50.0 6502.0 2217.0 4285.0 0.0 56.9277
10:12:00 144.0 9174.0 57.85 56.73 56.88 56.73 56.73 202.0 56.75 504.0 9174.0 4763.0 4411.0 0.0 56.7959
10:13:00 186.0 9427.0 57.85 56.96 56.99 56.75 56.95 250.0 56.99 189.0 9427.0 5708.0 3719.0 0.0 56.844
10:14:00 316.0 22603.0 57.85 57.12 57.19 56.96 57.12 150.0 57.13 200.0 22603.0 8665.0 13938.0 0.0 57.0764
10:15:00 148.0 13118.0 57.85 56.99 57.12 56.92 56.99 115.0 57.01 2.0 13118.0 2991.0 10127.0 0.0 57.0083
10:16:00 194.0 17194.0 57.85 56.99 57.03 56.88 56.98 24.0 57.01 300.0 17194.0 8161.0 9033.0 0.0 56.9808
10:17:00 175.0 13029.0 57.85 56.98 57.1 56.94 56.97 550.0 57.0 200.0 13029.0 6162.0 6867.0 0.0 57.0261
10:18:00 105.0 6606.0 57.85 56.97 57.06 56.9 56.97 450.0 57.01 401.0 6606.0 3741.0 2865.0 0.0 56.9979
10:19:00 141.0 8454.0 57.85 57.06 57.12 56.94 57.04 200.0 57.08 188.0 8454.0 4625.0 3829.0 0.0 57.0177
10:20:00 64.0 3885.0 57.85 57.06 57.06 56.95 57.05 750.0 57.08 50.0 3885.0 1679.0 2206.0 0.0 57.0226
10:21:00 146.0 13482.0 57.85 57.3 57.3 57.06 57.3 100.0 57.33 400.0 13482.0 8580.0 4902.0 0.0 57.2
10:22:00 158.0 13306.0 57.85 57.48 57.49 57.27 57.48 210.0 57.5 1873.0 13306.0 7509.0 5797.0 0.0 57.4181
10:23:00 245.0 21003.0 57.85 57.77 57.78 57.49 57.75 600.0 57.77 1.0 21003.0 13691.0 7312.0 0.0 57.6784
10:24:00 330.0 32645.0 57.85 58.03 58.06 57.75 58.02 447.0 58.04 250.0 32645.0 25528.0 7117.0 0.0 57.9173
10:25:00 330.0 33942.0 57.85 58.08 58.14 58.0 58.06 980.0 58.08 399.0 33942.0 21298.0 12644.0 0.0 58.0726
10:26:00 167.0 12469.0 57.85 58.04 58.14 58.03 58.04 1100.0 58.05 300.0 12469.0 6961.0 5508.0 0.0 58.0827
10:27:00 190.0 18355.0 57.85 58.04 58.08 57.99 58.02 500.0 58.04 850.0 18355.0 7771.0 10584.0 0.0 58.0262
10:28:00 150.0 16379.0 57.85 58.1 58.11 57.96 58.09 742.0 58.1 300.0 16379.0 10790.0 5589.0 0.0 58.0195
10:29:00 219.0 17030.0 57.85 58.21 58.21 58.03 58.21 6.0 58.22 300.0 17030.0 10083.0 6947.0 0.0 58.1215
10:30:00 199.0 18848.0 57.85 58.1 58.26 58.06 58.1 800.0 58.13 150.0 18848.0 8907.0 9941.0 0.0 58.1817
10:31:00 261.0 16899.0 57.85 58.37 58.37 58.09 58.35 950.0 58.37 990.0 16899.0 10670.0 6229.0 0.0 58.235
10:32:00 158.0 15630.0 57.85 58.36 58.43 58.31 58.36 550.0 58.37 13.0 15630.0 9297.0 6333.0 0.0 58.3618
10:33:00 160.0 9293.0 57.85 58.44 58.44 58.33 58.43 100.0 58.44 694.0 9293.0 5518.0 3775.0 0.0 58.392
10:34:00 226.0 13305.0 57.85 58.38 58.44 58.33 58.36 50.0 58.38 549.0 13305.0 5907.0 7398.0 0.0 58.3798
10:35:00 111.0 5803.0 57.85 58.16 58.37 58.11 58.12 100.0 58.17 450.0 5803.0 1682.0 4121.0 0.0 58.2478
10:36:00 133.0 7451.0 57.85 58.12 58.21 58.04 58.1 50.0 58.13 50.0 7451.0 4359.0 3092.0 0.0 58.1177
10:37:00 67.0 4083.0 57.85 58.13 58.2 58.12 58.1 388.0 58.14 253.0 4083.0 1657.0 2426.0 0.0 58.1658
10:38:00 76.0 7245.0 57.85 58.04 58.18 58.0 58.03 310.0 58.07 100.0 7245.0 3366.0 3879.0 0.0 58.0524
10:39:00 134.0 8655.0 57.85 57.9 58.06 57.85 57.89 350.0 57.93 150.0 8655.0 3972.0 4683.0 0.0 57.9286
10:40:00 123.0 11862.0 57.85 57.9 58.01 57.9 57.91 900.0 57.95 100.0 11862.0 2367.0 9495.0 0.0 57.9479
10:41:00 93.0 5750.0 57.85 57.97 58.02 57.94 57.96 373.0 58.01 538.0 5750.0 3373.0 2377.0 0.0 57.9715
10:42:00 126.0 7031.0 57.85 57.91 58.01 57.91 57.88 100.0 57.9 50.0 7031.0 3759.0 3272.0 0.0 57.952
10:43:00 117.0 5093.0 57.85 57.85 57.9 57.82 57.83 105.0 57.88 202.0 5093.0 2083.0 3010.0 0.0 57.8533
10:44:00 85.0 4660.0 57.85 57.79 57.83 57.74 57.75 1350.0 57.8 200.0 4660.0 1775.0 2885.0 0.0 57.7946
10:45:00 87.0 5135.0 57.85 57.82 57.84 57.78 57.81 250.0 57.85 510.0 5135.0 2250.0 2885.0 0.0 57.8115
10:46:00 49.0 2523.0 57.85 57.7 57.84 57.69 57.68 677.0 57.72 464.0 2523.0 1212.0 1311.0 0.0 57.7592
10:47:00 121.0 7225.0 57.85 57.67 57.78 57.67 57.66 650.0 57.7 240.0 7225.0 2216.0 5009.0 0.0 57.7243
10:48:00 99.0 8667.0 57.85 57.69 57.75 57.68 57.68 505.0 57.72 1899.0 8667.0 2597.0 6070.0 0.0 57.7133
10:49:00 106.0 5837.0 57.85 57.59 57.69 57.58 57.59 150.0 57.63 100.0 5837.0 955.0 4882.0 0.0 57.6351
10:50:00 62.0 4172.0 57.85 57.6 57.65 57.59 57.59 1350.0 57.62 2.0 4172.0 1730.0 2442.0 0.0 57.6265
10:51:00 60.0 4457.0 57.85 57.69 57.69 57.58 57.67 650.0 57.7 4.0 4457.0 2592.0 1865.0 0.0 57.6397
10:52:00 85.0 6301.0 57.85 57.76 57.79 57.67 57.76 227.0 57.78 201.0 6301.0 2685.0 3616.0 0.0 57.7286
10:53:00 156.0 8751.0 57.85 57.76 57.78 57.74 57.75 600.0 57.76 2.0 8751.0 4419.0 4332.0 0.0 57.7594
10:54:00 137.0 7672.0 57.85 57.67 57.75 57.64 57.68 100.0 57.7 50.0 7672.0 4143.0 3529.0 0.0 57.7161
10:55:00 66.0 4544.0 57.85 57.73 57.75 57.67 57.7 1103.0 57.74 300.0 4544.0 2488.0 2056.0 0.0 57.7148
10:56:00 117.0 6324.0 57.85 57.75 57.78 57.72 57.74 352.0 57.77 701.0 6324.0 3029.0 3295.0 0.0 57.7427
10:57:00 46.0 2928.0 57.85 57.71 57.75 57.7 57.71 200.0 57.73 150.0 2928.0 992.0 1936.0 0.0 57.7216
10:58:00 178.0 9440.0 57.85 57.52 57.75 57.52 57.51 211.0 57.52 194.0 9440.0 2606.0 6834.0 0.0 57.6141
10:59:00 208.0 18386.0 57.85 57.57 57.61 57.48 57.56 100.0 57.58 33.0 18386.0 9854.0 8532.0 0.0 57.5385
11:00:00 65.0 3620.0 57.85 57.64 57.64 57.54 57.64 250.0 57.67 84.0 3620.0 1286.0 2334.0 0.0 57.5921
11:01:00 205.0 11607.0 57.85 57.57 57.73 57.54 57.57 150.0 57.58 200.0 11607.0 4766.0 6841.0 0.0 57.5987
11:02:00 172.0 11669.0 57.85 57.54 57.62 57.49 57.53 200.0 57.56 350.0 11669.0 3189.0 8480.0 0.0 57.5813
11:03:00 88.0 5295.0 57.85 57.45 57.54 57.43 57.44 225.0 57.46 100.0 5295.0 1097.0 4198.0 0.0 57.4965
11:04:00 122.0 6826.0 57.85 57.43 57.48 57.39 57.43 270.0 57.45 150.0 6826.0 4620.0 2206.0 0.0 57.4324
11:05:00 125.0 6555.0 57.85 57.32 57.47 57.32 57.32 25.0 57.35 178.0 6555.0 2032.0 4523.0 0.0 57.3828
11:06:00 65.0 2961.0 57.85 57.25 57.34 57.22 57.25 175.0 57.28 201.0 2961.0 860.0 2101.0 0.0 57.2618
11:07:00 80.0 4956.0 57.85 57.27 57.3 57.24 57.26 11.0 57.29 100.0 4956.0 1745.0 3211.0 0.0 57.2612
11:08:00 89.0 4839.0 57.85 57.3 57.34 57.285 57.29 200.0 57.33 278.0 4839.0 3001.0 1838.0 0.0 57.3043
11:09:00 107.0 3938.0 57.85 57.36 57.37 57.27 57.34 191.0 57.37 50.0 3938.0 2001.0 1937.0 0.0 57.3064
11:10:00 89.0 4156.0 57.85 57.34 57.37 57.31 57.35 550.0 57.38 314.0 4156.0 1743.0 2413.0 0.0 57.3423
11:11:00 92.0 3727.0 57.85 57.42 57.48 57.36 57.42 406.0 57.44 350.0 3727.0 1788.0 1939.0 0.0 57.4254
11:12:00 61.0 2972.0 57.85 57.33 57.42 57.33 57.31 1300.0 57.34 50.0 2972.0 219.0 2753.0 0.0 57.3831
11:13:00 71.0 3860.0 57.85 57.34 57.37 57.31 57.34 468.0 57.37 511.0 3860.0 1509.0 2351.0 0.0 57.3511
11:14:00 48.0 1274.0 57.85 57.41 57.42 57.37 57.4 1033.0 57.43 460.0 1274.0 1013.0 261.0 0.0 57.3804
11:15:00 43.0 3022.0 57.85 57.42 57.43 57.38 57.41 402.0 57.43 250.0 3022.0 406.0 2616.0 0.0 57.3996
11:16:00 134.0 7683.0 57.85 57.33 57.44 57.33 57.32 100.0 57.34 150.0 7683.0 2050.0 5633.0 0.0 57.4019
11:17:00 32.0 2502.0 57.85 57.34 57.35 57.28 57.34 50.0 57.37 454.0 2502.0 697.0 1805.0 0.0 57.3112
11:18:00 29.0 1459.0 57.85 57.32 57.36 57.32 57.31 512.0 57.34 362.0 1459.0 3.0 1456.0 0.0 57.3383
11:19:00 91.0 3948.0 57.85 57.4 57.42 57.32 57.39 750.0 57.41 38.0 3948.0 1830.0 2118.0 0.0 57.3701
11:20:00 82.0 4320.0 57.85 57.47 57.5 57.4 57.47 798.0 57.5 251.0 4320.0 1911.0 2409.0 0.0 57.439
11:21:00 120.0 7963.0 57.85 57.66 57.66 57.5 57.63 1012.0 57.66 300.0 7963.0 4315.0 3648.0 0.0 57.5939
11:22:00 161.0 7918.0 57.85 57.58 57.71 57.58 57.57 200.0 57.6 400.0 7918.0 1844.0 6074.0 0.0 57.6576
11:23:00 60.0 3334.0 57.85 57.35 57.57 57.35 57.34 150.0 57.37 556.0 3334.0 423.0 2911.0 0.0 57.4865
11:24:00 96.0 10108.0 57.85 57.29 57.38 57.25 57.28 600.0 57.3 2.0 10108.0 1993.0 8115.0 0.0 57.2934
11:25:00 67.0 3484.0 57.85 57.29 57.34 57.27 57.28 1368.0 57.31 200.0 3484.0 1694.0 1790.0 0.0 57.3034
11:26:00 65.0 4032.0 57.85 57.23 57.3 57.18 57.24 250.0 57.27 50.0 4032.0 610.0 3422.0 0.0 57.2188
11:27:00 45.0 1853.0 57.85 57.32 57.32 57.19 57.3 452.0 57.33 105.0 1853.0 1051.0 802.0 0.0 57.2359
11:28:00 67.0 4834.0 57.85 57.4 57.4 57.275 57.38 216.0 57.43 50.0 4834.0 2766.0 2068.0 0.0 57.3629
11:29:00 28.0 1804.0 57.85 57.27 57.38 57.27 57.25 200.0 57.28 200.0 1804.0 150.0 1654.0 0.0 57.3238
11:30:00 54.0 3073.0 57.85 57.16 57.25 57.13 57.15 3000.0 57.17 431.0 3073.0 790.0 2283.0 0.0 57.171
11:31:00 105.0 9644.0 57.85 57.04 57.17 57.03 57.02 723.0 57.05 350.0 9644.0 2301.0 7343.0 0.0 57.114
11:32:00 82.0 4828.0 57.85 57.01 57.05 57.01 57.01 300.0 57.03 200.0 4828.0 2519.0 2309.0 0.0 57.0286
11:33:00 177.0 8978.0 57.85 57.09 57.11 57.01 57.08 300.0 57.11 209.0 8978.0 5408.0 3570.0 0.0 57.0733
11:34:00 81.0 5166.0 57.85 57.31 57.32 57.11 57.29 150.0 57.33 250.0 5166.0 2941.0 2225.0 0.0 57.2323
11:35:00 179.0 7724.0 57.85 57.57 57.58 57.32 57.56 1.0 57.59 300.0 7724.0 4449.0 3275.0 0.0 57.4879
11:36:00 108.0 6935.0 57.85 57.57 57.67 57.56 57.57 300.0 57.6 300.0 6935.0 1459.0 5476.0 0.0 57.6087
11:37:00 55.0 2731.0 57.85 57.52 57.57 57.47 57.5 102.0 57.55 10.0 2731.0 412.0 2319.0 0.0 57.5294
11:38:00 39.0 7431.0 57.85 57.44 57.5 57.4 57.46 221.0 57.48 110.0 7431.0 5737.0 1694.0 0.0 57.4076
11:39:00 38.0 1880.0 57.85 57.43 57.48 57.4 57.41 200.0 57.45 200.0 1880.0 128.0 1752.0 0.0 57.4459
11:40:00 102.0 7543.0 57.85 57.45 57.46 57.37 57.44 1600.0 57.49 150.0 7543.0 5962.0 1581.0 0.0 57.4271
11:41:00 41.0 2215.0 57.85 57.37 57.47 57.37 57.35 950.0 57.39 61.0 2215.0 743.0 1472.0 0.0 57.4044
11:42:00 36.0 1740.0 57.85 57.44 57.46 57.38 57.42 300.0 57.45 100.0 1740.0 933.0 807.0 0.0 57.4418
11:43:00 24.0 1014.0 57.85 57.33 57.43 57.33 57.32 100.0 57.35 150.0 1014.0 211.0 803.0 0.0 57.395
11:44:00 23.0 721.0 57.85 57.39 57.39 57.33 57.38 418.0 57.41 250.0 721.0 221.0 500.0 0.0 57.3547
11:45:00 43.0 2663.0 57.85 57.31 57.39 57.29 57.27 374.0 57.32 288.0 2663.0 400.0 2263.0 0.0 57.3466
11:46:00 42.0 2435.0 57.85 57.29 57.31 57.26 57.27 750.0 57.32 150.0 2435.0 1172.0 1263.0 0.0 57.2823
11:47:00 37.0 1782.0 57.85 57.37 57.41 57.28 57.34 1100.0 57.38 100.0 1782.0 1047.0 735.0 0.0 57.3602
11:48:00 54.0 2321.0 57.85 57.47 57.5 57.35 57.46 50.0 57.5 200.0 2321.0 1144.0 1177.0 0.0 57.441
11:49:00 86.0 7785.0 57.85 57.53 57.59 57.45 57.5 314.0 57.54 50.0 7785.0 4399.0 3386.0 0.0 57.5358
11:50:00 26.0 935.0 57.85 57.41 57.52 57.41 57.41 49.0 57.43 11.0 935.0 100.0 835.0 0.0 57.473
11:51:00 38.0 1236.0 57.85 57.36 57.44 57.34 57.35 100.0 57.37 10.0 1236.0 332.0 904.0 0.0 57.3933
11:52:00 40.0 4150.0 57.85 57.31 57.4 57.31 57.3 260.0 57.34 150.0 4150.0 260.0 3890.0 0.0 57.3499
11:53:00 21.0 515.0 57.85 57.26 57.32 57.26 57.27 51.0 57.3 221.0 515.0 0.0 515.0 0.0 57.2972
11:54:00 32.0 1153.0 57.85 57.3 57.33 57.28 57.28 527.0 57.32 250.0 1153.0 482.0 671.0 0.0 57.2974
11:55:00 12.0 688.0 57.85 57.32 57.33 57.29 57.31 150.0 57.33 1.0 688.0 111.0 577.0 0.0 57.3256
11:56:00 11.0 313.0 57.85 57.36 57.37 57.32 57.35 160.0 57.38 250.0 313.0 12.0 301.0 0.0 57.3534
11:57:00 49.0 2279.0 57.85 57.48 57.49 57.36 57.47 920.0 57.5 350.0 2279.0 1253.0 1026.0 0.0 57.4214
11:58:00 55.0 2460.0 57.85 57.56 57.57 57.49 57.55 800.0 57.58 200.0 2460.0 1741.0 719.0 0.0 57.5226
11:59:00 61.0 3536.0 57.85 57.62 57.62 57.54 57.61 600.0 57.65 1400.0 3536.0 1210.0 2326.0 0.0 57.5862
12:00:00 54.0 3535.0 57.85 57.54 57.61 57.52 57.52 160.0 57.56 400.0 3535.0 421.0 3114.0 0.0 57.5779
12:01:00 72.0 6657.0 57.85 57.47 57.53 57.47 57.48 8.0 57.5 11.0 6657.0 1029.0 5628.0 0.0 57.492
12:02:00 135.0 45873.0 57.85 57.52 57.55 57.46 57.51 950.0 57.54 200.0 45873.0 2553.0 43320.0 0.0 57.5175
12:03:00 45.0 2936.0 57.85 57.5 57.56 57.47 57.52 511.0 57.54 60.0 2936.0 714.0 2222.0 0.0 57.5016
12:04:00 27.0 1193.0 57.85 57.57 57.59 57.49 57.57 300.0 57.59 105.0 1193.0 475.0 718.0 0.0 57.5339
12:05:00 37.0 2700.0 57.85 57.53 57.59 57.53 57.53 750.0 57.56 10.0 2700.0 1706.0 994.0 0.0 57.5671
12:06:00 51.0 3149.0 57.85 57.49 57.56 57.49 57.49 3.0 57.51 550.0 3149.0 1561.0 1588.0 0.0 57.5273
12:07:00 39.0 3506.0 57.85 57.42 57.5 57.42 57.41 301.0 57.42 1.0 3506.0 680.0 2826.0 0.0 57.4621
12:08:00 78.0 7824.0 57.85 57.38 57.43 57.37 57.37 400.0 57.4 400.0 7824.0 2437.0 5387.0 0.0 57.4093
12:09:00 31.0 1075.0 57.85 57.41 57.41 57.37 57.41 360.0 57.44 226.0 1075.0 647.0 428.0 0.0 57.3912
12:10:00 72.0 3297.0 57.85 57.4 57.42 57.4 57.39 561.0 57.42 800.0 3297.0 1455.0 1842.0 0.0 57.4062
12:11:00 112.0 6009.0 57.85 57.41 57.45 57.37 57.41 200.0 57.43 500.0 6009.0 3175.0 2834.0 0.0 57.4137
12:12:00 47.0 1781.0 57.85 57.38 57.43 57.38 57.37 250.0 57.39 100.0 1781.0 660.0 1121.0 0.0 57.3934
12:13:00 167.0 4647.0 57.85 57.33 57.39 57.3 57.3 255.0 57.33 11.0 4647.0 1569.0 3078.0 0.0 57.3404
12:14:00 62.0 2373.0 57.85 57.32 57.35 57.31 57.31 500.0 57.33 252.0 2373.0 1594.0 779.0 0.0 57.3251
12:15:00 38.0 1602.0 57.85 57.33 57.34 57.31 57.33 400.0 57.34 160.0 1602.0 894.0 708.0 0.0 57.3215
12:16:00 53.0 3131.0 57.85 57.31 57.36 57.3 57.3 26.0 57.32 250.0 3131.0 1241.0 1890.0 0.0 57.3312
12:17:00 41.0 1585.0 57.85 57.35 57.36 57.32 57.34 250.0 57.37 300.0 1585.0 343.0 1242.0 0.0 57.3339
12:18:00 36.0 2818.0 57.85 57.34 57.35 57.31 57.33 1274.0 57.35 1113.0 2818.0 1511.0 1307.0 0.0 57.3306
12:19:00 56.0 4305.0 57.85 57.31 57.36 57.31 57.32 500.0 57.33 10.0 4305.0 1830.0 2475.0 0.0 57.3427
12:20:00 112.0 3811.0 57.85 57.31 57.345 57.3 57.3 906.0 57.32 250.0 3811.0 1705.0 2106.0 0.0 57.3163
12:21:00 30.0 2491.0 57.85 57.36 57.36 57.32 57.35 336.0 57.37 775.0 2491.0 1454.0 1037.0 0.0 57.328
12:22:00 83.0 3921.0 57.85 57.335 57.4 57.335 57.33 10.0 57.35 251.0 3921.0 1171.0 2750.0 0.0 57.3722
12:23:00 52.0 4020.0 57.85 57.31 57.35 57.3 57.3 211.0 57.31 10.0 4020.0 614.0 3406.0 0.0 57.3142
12:24:00 88.0 3521.0 57.85 57.31 57.33 57.26 57.3 388.0 57.33 200.0 3521.0 1079.0 2442.0 0.0 57.2854
12:25:00 24.0 2073.0 57.85 57.34 57.37 57.32 57.34 58.0 57.36 250.0 2073.0 1474.0 599.0 0.0 57.3451
12:26:00 38.0 2090.0 57.85 57.31 57.38 57.31 57.31 400.0 57.34 300.0 2090.0 479.0 1611.0 0.0 57.3437
12:27:00 28.0 1579.0 57.85 57.29 57.33 57.28 57.26 455.0 57.3 200.0 1579.0 504.0 1075.0 0.0 57.3027
12:28:00 52.0 2320.0 57.85 57.2 57.26 57.17 57.19 809.0 57.21 212.0 2320.0 551.0 1769.0 0.0 57.2235
12:29:00 47.0 2192.0 57.85 57.23 57.24 57.21 57.22 287.0 57.24 851.0 2192.0 1352.0 840.0 0.0 57.2208
12:30:00 26.0 2102.0 57.85 57.19 57.22 57.18 57.19 218.0 57.21 11.0 2102.0 143.0 1959.0 0.0 57.1886
12:31:00 24.0 749.0 57.85 57.18 57.2 57.17 57.16 1.0 57.19 800.0 749.0 36.0 713.0 0.0 57.1795
12:32:00 62.0 3006.0 57.85 57.17 57.18 57.13 57.17 200.0 57.19 80.0 3006.0 1884.0 1122.0 0.0 57.1498
12:33:00 74.0 4200.0 57.85 57.13 57.19 57.13 57.15 300.0 57.17 450.0 4200.0 1184.0 3016.0 0.0 57.1423
12:34:00 116.0 11957.0 57.85 56.96 57.15 56.96 56.95 407.0 56.98 568.0 11957.0 1808.0 10149.0 0.0 57.025
12:35:00 24.0 1213.0 57.85 56.97 57.0 56.97 56.95 1207.0 56.98 501.0 1213.0 855.0 358.0 0.0 56.9886
12:36:00 79.0 4289.0 57.85 56.97 57.02 56.96 56.97 400.0 57.0 350.0 4289.0 2245.0 2044.0 0.0 56.9871
12:37:00 61.0 3124.0 57.85 57.17 57.17 57.0 57.16 565.0 57.19 311.0 3124.0 2650.0 474.0 0.0 57.0893
12:38:00 92.0 5486.0 57.85 57.22 57.27 57.17 57.21 50.0 57.24 1150.0 5486.0 2595.0 2891.0 0.0 57.2123
12:39:00 83.0 6936.0 57.85 57.31 57.32 57.21 57.28 1050.0 57.32 100.0 6936.0 4489.0 2447.0 0.0 57.2746
12:40:00 81.0 3720.0 57.85 57.34 57.39 57.32 57.33 100.0 57.35 10.0 3720.0 1087.0 2633.0 0.0 57.3537
12:41:00 27.0 2165.0 57.85 57.35 57.37 57.33 57.34 450.0 57.36 1.0 2165.0 572.0 1593.0 0.0 57.3527
12:42:00 68.0 6162.0 57.85 57.39 57.4 57.35 57.37 400.0 57.39 700.0 6162.0 3208.0 2954.0 0.0 57.3747
12:43:00 65.0 6491.0 57.85 57.37 57.42 57.36 57.36 302.0 57.38 100.0 6491.0 3894.0 2597.0 0.0 57.3875
12:44:00 159.0 12289.0 57.85 57.47 57.53 57.35 57.47 6.0 57.5 851.0 12289.0 7448.0 4841.0 0.0 57.4513
12:45:00 51.0 2010.0 57.85 57.34 57.47 57.34 57.33 550.0 57.37 200.0 2010.0 312.0 1698.0 0.0 57.4023
12:46:00 27.0 1096.0 57.85 57.31 57.37 57.31 57.3 450.0 57.32 280.0 1096.0 185.0 911.0 0.0 57.3329
12:47:00 66.0 5347.0 57.85 57.22 57.3 57.19 57.22 917.0 57.24 10.0 5347.0 1144.0 4203.0 0.0 57.2399
12:48:00 30.0 1210.0 57.85 57.28 57.28 57.23 57.26 601.0 57.29 67.0 1210.0 420.0 790.0 0.0 57.2511
12:49:00 52.0 3623.0 57.85 57.33 57.34 57.26 57.33 100.0 57.35 200.0 3623.0 1861.0 1762.0 0.0 57.2969
12:50:00 15.0 616.0 57.85 57.29 57.34 57.29 57.28 300.0 57.31 10.0 616.0 1.0 615.0 0.0 57.3121
12:51:00 25.0 1190.0 57.85 57.28 57.3 57.27 57.28 700.0 57.31 1.0 1190.0 570.0 620.0 0.0 57.2835
12:52:00 29.0 1760.0 57.85 57.3 57.32 57.25 57.29 200.0 57.32 200.0 1760.0 291.0 1469.0 0.0 57.2789
12:53:00 23.0 979.0 57.85 57.21 57.29 57.21 57.2 405.0 57.22 302.0 979.0 0.0 979.0 0.0 57.2459
12:54:00 93.0 3944.0 57.85 57.18 57.2 57.13 57.17 368.0 57.19 150.0 3944.0 1423.0 2521.0 0.0 57.1581
12:55:00 45.0 2505.0 57.85 57.22 57.23 57.18 57.21 450.0 57.23 274.0 2505.0 1387.0 1118.0 0.0 57.2033
12:56:00 40.0 1956.0 57.85 57.23 57.25 57.22 57.23 500.0 57.25 300.0 1956.0 1198.0 758.0 0.0 57.2403
12:57:00 34.0 2306.0 57.85 57.325 57.35 57.22 57.31 739.0 57.34 216.0 2306.0 1145.0 1161.0 0.0 57.2698
12:58:00 30.0 2666.0 57.85 57.33 57.34 57.32 57.32 774.0 57.34 53.0 2666.0 1400.0 1266.0 0.0 57.3364
12:59:00 27.0 2303.0 57.85 57.38 57.38 57.33 57.35 1900.0 57.39 200.0 2303.0 1629.0 674.0 0.0 57.3536
13:00:00 25.0 645.0 57.85 57.38 57.39 57.36 57.37 90.0 57.39 400.0 645.0 588.0 57.0 0.0 57.3783
13:01:00 58.0 3658.0 57.85 57.3 57.37 57.29 57.3 3.0 57.32 150.0 3658.0 526.0 3132.0 0.0 57.3268
13:02:00 21.0 1067.0 57.85 57.3 57.36 57.3 57.3 1456.0 57.34 150.0 1067.0 729.0 338.0 0.0 57.3385
13:03:00 88.0 4249.0 57.85 57.27 57.34 57.27 57.26 65.0 57.3 400.0 4249.0 2156.0 2093.0 0.0 57.2929
13:04:00 17.0 1092.0 57.85 57.27 57.27 57.25 57.26 50.0 57.28 10.0 1092.0 114.0 978.0 0.0 57.2527
13:05:00 31.0 1984.0 57.85 57.26 57.31 57.25 57.25 850.0 57.29 300.0 1984.0 561.0 1423.0 0.0 57.2816
13:06:00 12.0 443.0 57.85 57.22 57.27 57.22 57.22 851.0 57.26 800.0 443.0 222.0 221.0 0.0 57.2384
13:07:00 28.0 2744.0 57.85 57.25 57.26 57.23 57.24 157.0 57.26 162.0 2744.0 2063.0 681.0 0.0 57.241
13:08:00 24.0 898.0 57.85 57.26 57.31 57.26 57.26 1.0 57.27 50.0 898.0 278.0 620.0 0.0 57.2907
13:09:00 36.0 2034.0 57.85 57.22 57.26 57.2 57.22 100.0 57.25 200.0 2034.0 561.0 1473.0 0.0 57.2247
13:10:00 14.0 785.0 57.85 57.22 57.24 57.22 57.21 301.0 57.24 250.0 785.0 401.0 384.0 0.0 57.2307
13:11:00 44.0 4371.0 57.85 57.13 57.21 57.13 57.12 742.0 57.14 400.0 4371.0 1401.0 2970.0 0.0 57.1735
13:12:00 52.0 5111.0 57.85 57.19 57.2 57.13 57.17 564.0 57.19 270.0 5111.0 4546.0 565.0 0.0 57.1751
13:13:00 13.0 344.0 57.85 57.2 57.2 57.19 57.19 800.0 57.21 203.0 344.0 80.0 264.0 0.0 57.1917
13:14:00 37.0 3418.0 57.85 57.24 57.25 57.21 57.23 768.0 57.25 100.0 3418.0 1397.0 2021.0 0.0 57.2365
13:15:00 25.0 1401.0 57.85 57.18 57.24 57.18 57.19 650.0 57.22 260.0 1401.0 567.0 834.0 0.0 57.2294
13:16:00 24.0 2690.0 57.85 57.25 57.26 57.18 57.24 401.0 57.26 700.0 2690.0 2384.0 306.0 0.0 57.2273
13:17:00 21.0 780.0 57.85 57.27 57.28 57.26 57.26 1162.0 57.28 1.0 780.0 676.0 104.0 0.0 57.269
13:18:00 48.0 3467.0 57.85 57.26 57.26 57.24 57.26 100.0 57.27 250.0 3467.0 765.0 2702.0 0.0 57.2536
13:19:00 26.0 1732.0 57.85 57.19 57.26 57.16 57.17 250.0 57.19 312.0 1732.0 11.0 1721.0 0.0 57.2013
13:20:00 39.0 2206.0 57.85 57.21 57.21 57.18 57.2 812.0 57.22 1700.0 2206.0 1527.0 679.0 0.0 57.1899
13:21:00 41.0 2763.0 57.85 57.22 57.24 57.18 57.22 484.0 57.24 266.0 2763.0 1751.0 1012.0 0.0 57.2154
13:22:00 44.0 2164.0 57.85 57.22 57.28 57.22 57.2 415.0 57.22 50.0 2164.0 753.0 1411.0 0.0 57.2444
13:23:00 29.0 3176.0 57.85 57.25 57.25 57.22 57.24 60.0 57.25 199.0 3176.0 772.0 2404.0 0.0 57.232
13:24:00 23.0 1079.0 57.85 57.21 57.24 57.19 57.19 595.0 57.21 311.0 1079.0 132.0 947.0 0.0 57.214
13:25:00 16.0 534.0 57.85 57.2 57.21 57.19 57.2 404.0 57.21 312.0 534.0 211.0 323.0 0.0 57.2037
13:26:00 57.0 3720.0 57.85 57.24 57.25 57.19 57.23 606.0 57.26 751.0 3720.0 2226.0 1494.0 0.0 57.2142
13:27:00 28.0 1885.0 57.85 57.23 57.25 57.21 57.22 550.0 57.24 216.0 1885.0 471.0 1414.0 0.0 57.2278
13:28:00 55.0 3260.0 57.85 57.24 57.24 57.21 57.24 401.0 57.27 855.0 3260.0 1384.0 1876.0 0.0 57.2294
13:29:00 29.0 3385.0 57.85 57.32 57.32 57.26 57.31 1653.0 57.33 500.0 3385.0 2882.0 503.0 0.0 57.3032
13:30:00 36.0 2896.0 57.85 57.31 57.33 57.3 57.28 211.0 57.3 201.0 2896.0 1091.0 1805.0 0.0 57.3189
13:31:00 46.0 1757.0 57.85 57.26 57.28 57.24 57.25 450.0 57.27 351.0 1757.0 308.0 1449.0 0.0 57.2582
13:32:00 34.0 2635.0 57.85 57.28 57.28 57.23 57.26 402.0 57.29 19.0 2635.0 1394.0 1241.0 0.0 57.2561
13:33:00 19.0 949.0 57.85 57.29 57.31 57.29 57.28 400.0 57.3 962.0 949.0 29.0 920.0 0.0 57.2967
13:34:00 28.0 1426.0 57.85 57.24 57.28 57.23 57.24 50.0 57.25 134.0 1426.0 422.0 1004.0 0.0 57.2593
13:35:00 65.0 3650.0 57.85 57.15 57.26 57.13 57.15 400.0 57.17 200.0 3650.0 830.0 2820.0 0.0 57.1857
13:36:00 41.0 2875.0 57.85 57.15 57.16 57.11 57.14 1500.0 57.17 400.0 2875.0 749.0 2126.0 0.0 57.1355
13:37:00 80.0 6097.0 57.85 57.24 57.24 57.155 57.24 150.0 57.27 850.0 6097.0 3376.0 2721.0 0.0 57.2003
13:38:00 45.0 2938.0 57.85 57.29 57.3 57.255 57.29 1015.0 57.31 300.0 2938.0 1637.0 1301.0 0.0 57.2723
13:39:00 37.0 2677.0 57.85 57.34 57.35 57.3 57.34 650.0 57.37 250.0 2677.0 627.0 2050.0 0.0 57.3146
13:40:00 52.0 3594.0 57.85 57.32 57.35 57.32 57.31 331.0 57.33 1150.0 3594.0 398.0 3196.0 0.0 57.336
13:41:00 53.0 3350.0 57.85 57.32 57.36 57.3 57.31 1550.0 57.33 70.0 3350.0 1676.0 1674.0 0.0 57.3311
13:42:00 34.0 2594.0 57.85 57.34 57.35 57.29 57.34 297.0 57.36 433.0 2594.0 1069.0 1525.0 0.0 57.3233
13:43:00 22.0 4051.0 57.85 57.37 57.37 57.34 57.35 627.0 57.37 74.0 4051.0 3357.0 694.0 0.0 57.3515
13:44:00 37.0 1650.0 57.85 57.34 57.36 57.33 57.33 353.0 57.35 516.0 1650.0 161.0 1489.0 0.0 57.3447
13:45:00 54.0 2837.0 57.85 57.28 57.35 57.25 57.25 192.0 57.28 400.0 2837.0 663.0 2174.0 0.0 57.32
13:46:00 17.0 721.0 57.85 57.31 57.31 57.26 57.29 50.0 57.32 387.0 721.0 537.0 184.0 0.0 57.2815
13:47:00 47.0 3019.0 57.85 57.28 57.29 57.25 57.27 200.0 57.28 200.0 3019.0 1314.0 1705.0 0.0 57.2681
13:48:00 43.0 3069.0 57.85 57.29 57.31 57.28 57.28 75.0 57.3 401.0 3069.0 1939.0 1130.0 0.0 57.2986
13:49:00 9.0 270.0 57.85 57.3 57.3 57.29 57.28 578.0 57.3 701.0 270.0 270.0 0.0 0.0 57.3
13:50:00 54.0 3197.0 57.85 57.33 57.34 57.28 57.33 301.0 57.34 3.0 3197.0 965.0 2232.0 0.0 57.3088
13:51:00 57.0 2614.0 57.85 57.28 57.34 57.28 57.27 250.0 57.29 3.0 2614.0 677.0 1937.0 0.0 57.3108
13:52:00 37.0 1732.0 57.85 57.26 57.33 57.26 57.25 622.0 57.28 800.0 1732.0 691.0 1041.0 0.0 57.2873
13:53:00 33.0 3121.0 57.85 57.25 57.29 57.24 57.24 250.0 57.27 21.0 3121.0 202.0 2919.0 0.0 57.2515
13:54:00 55.0 3953.0 57.85 57.35 57.35 57.27 57.35 17.0 57.36 100.0 3953.0 3086.0 867.0 0.0 57.3138
13:55:00 26.0 3176.0 57.85 57.32 57.36 57.32 57.29 312.0 57.32 310.0 3176.0 2108.0 1068.0 0.0 57.3371
13:56:00 34.0 1784.0 57.85 57.29 57.29 57.25 57.26 50.0 57.28 350.0 1784.0 476.0 1308.0 0.0 57.2667
13:57:00 38.0 2850.0 57.85 57.24 57.29 57.23 57.23 1.0 57.24 505.0 2850.0 684.0 2166.0 0.0 57.2581
13:58:00 57.0 4334.0 57.85 57.27 57.29 57.22 57.25 550.0 57.28 250.0 4334.0 3088.0 1246.0 0.0 57.2441
13:59:00 30.0 1592.0 57.85 57.29 57.33 57.29 57.26 1100.0 57.3 200.0 1592.0 59.0 1533.0 0.0 57.2975
14:00:00 27.0 2049.0 57.85 57.33 57.33 57.3 57.33 100.0 57.35 1787.0 2049.0 1699.0 350.0 0.0 57.3158
14:01:00 86.0 6307.0 57.85 57.4 57.42 57.32 57.39 895.0 57.4 669.0 6307.0 3302.0 3005.0 0.0 57.3647
14:02:00 32.0 2037.0 57.85 57.47 57.47 57.4 57.46 1737.0 57.48 3.0 2037.0 2002.0 35.0 0.0 57.4386
14:03:00 76.0 6248.0 57.85 57.59 57.59 57.47 57.58 550.0 57.6 370.0 6248.0 4279.0 1969.0 0.0 57.5251
14:04:00 86.0 4805.0 57.85 57.62 57.63 57.57 57.62 657.0 57.64 10.0 4805.0 1551.0 3254.0 0.0 57.5999
14:05:00 50.0 3972.0 57.85 57.63 57.68 57.63 57.62 713.0 57.64 71.0 3972.0 1623.0 2349.0 0.0 57.6585
14:06:00 63.0 3972.0 57.85 57.65 57.68 57.62 57.65 1.0 57.67 133.0 3972.0 2543.0 1429.0 0.0 57.6406
14:07:00 44.0 3295.0 57.85 57.7 57.7 57.66 57.68 50.0 57.7 6.0 3295.0 1919.0 1376.0 0.0 57.684
14:08:00 44.0 2821.0 57.85 57.65 57.68 57.65 57.61 200.0 57.63 112.0 2821.0 168.0 2653.0 0.0 57.6663
14:09:00 43.0 2469.0 57.85 57.64 57.65 57.62 57.62 3228.0 57.64 289.0 2469.0 1589.0 880.0 0.0 57.6326
14:10:00 30.0 1228.0 57.85 57.64 57.68 57.64 57.63 564.0 57.65 207.0 1228.0 239.0 989.0 0.0 57.6487
14:11:00 28.0 1637.0 57.85 57.65 57.68 57.64 57.63 1301.0 57.65 200.0 1637.0 660.0 977.0 0.0 57.6537
14:12:00 120.0 16313.0 57.85 57.7 57.73 57.65 57.69 574.0 57.71 352.0 16313.0 13833.0 2480.0 0.0 57.6723
14:13:00 95.0 6468.0 57.85 57.6 57.7 57.59 57.59 400.0 57.61 300.0 6468.0 1984.0 4484.0 0.0 57.6471
14:14:00 54.0 2397.0 57.85 57.55 57.625 57.55 57.54 1.0 57.57 211.0 2397.0 641.0 1756.0 0.0 57.6005
14:15:00 44.0 2146.0 57.85 57.63 57.63 57.57 57.63 400.0 57.66 79.0 2146.0 1015.0 1131.0 0.0 57.5964
14:16:00 26.0 1453.0 57.85 57.66 57.69 57.66 57.66 258.0 57.69 228.0 1453.0 202.0 1251.0 0.0 57.6684
14:17:00 21.0 738.0 57.85 57.68 57.7 57.66 57.67 102.0 57.69 250.0 738.0 640.0 98.0 0.0 57.6817
14:18:00 54.0 3012.0 57.85 57.7 57.74 57.68 57.68 1250.0 57.7 50.0 3012.0 1429.0 1583.0 0.0 57.7117
14:19:00 44.0 3245.0 57.85 57.69 57.72 57.69 57.69 406.0 57.7 49.0 3245.0 2585.0 660.0 0.0 57.7096
14:20:00 35.0 2010.0 57.85 57.68 57.7 57.68 57.67 750.0 57.69 15.0 2010.0 472.0 1538.0 0.0 57.6909
14:21:00 57.0 2571.0 57.85 57.575 57.7 57.54 57.56 348.0 57.59 154.0 2571.0 681.0 1890.0 0.0 57.6033
14:22:00 68.0 6606.0 57.85 57.56 57.57 57.48 57.55 960.0 57.58 150.0 6606.0 1849.0 4757.0 0.0 57.5225
14:23:00 39.0 1884.0 57.85 57.62 57.64 57.58 57.6 339.0 57.63 150.0 1884.0 1120.0 764.0 0.0 57.6174
14:24:00 27.0 1268.0 57.85 57.65 57.66 57.59 57.63 100.0 57.67 460.0 1268.0 363.0 905.0 0.0 57.6119
14:25:00 17.0 972.0 57.85 57.7 57.7 57.67 57.69 9.0 57.71 263.0 972.0 971.0 1.0 0.0 57.6986
14:26:00 34.0 2012.0 57.85 57.62 57.69 57.62 57.64 1360.0 57.68 350.0 2012.0 520.0 1492.0 0.0 57.6626
14:27:00 18.0 1163.0 57.85 57.66 57.68 57.66 57.64 352.0 57.66 201.0 1163.0 177.0 986.0 0.0 57.6703
14:28:00 49.0 3276.0 57.85 57.72 57.73 57.66 57.71 600.0 57.73 300.0 3276.0 2706.0 570.0 0.0 57.6975
14:29:00 29.0 2232.0 57.85 57.72 57.73 57.7 57.71 10.0 57.74 1360.0 2232.0 753.0 1479.0 0.0 57.7184
14:30:00 56.0 4862.0 57.85 57.75 57.76 57.73 57.72 500.0 57.75 253.0 4862.0 3398.0 1464.0 0.0 57.7508
14:31:00 91.0 5052.0 57.85 57.73 57.78 57.73 57.72 846.0 57.75 207.0 5052.0 2911.0 2141.0 0.0 57.7638
14:32:00 42.0 2218.0 57.85 57.765 57.81 57.745 57.75 230.0 57.77 300.0 2218.0 1422.0 796.0 0.0 57.792
14:33:00 39.0 1525.0 57.85 57.75 57.76 57.73 57.74 250.0 57.77 317.0 1525.0 723.0 802.0 0.0 57.7477
14:34:00 27.0 1198.0 57.85 57.77 57.77 57.74 57.77 301.0 57.79 871.0 1198.0 378.0 820.0 0.0 57.7492
14:35:00 50.0 3570.0 57.85 57.77 57.79 57.76 57.75 1046.0 57.78 250.0 3570.0 1751.0 1819.0 0.0 57.7802
14:36:00 61.0 2024.0 57.85 57.7 57.79 57.7 57.71 15.0 57.73 250.0 2024.0 449.0 1575.0 0.0 57.7507
14:37:00 71.0 3526.0 57.85 57.76 57.77 57.67 57.75 818.0 57.78 469.0 3526.0 2029.0 1497.0 0.0 57.7161
14:38:00 24.0 688.0 57.85 57.74 57.76 57.73 57.72 200.0 57.75 450.0 688.0 211.0 477.0 0.0 57.7468
14:39:00 52.0 3676.0 57.85 57.71 57.76 57.71 57.7 202.0 57.73 260.0 3676.0 724.0 2952.0 0.0 57.7406
14:40:00 37.0 1446.0 57.85 57.73 57.75 57.67 57.73 402.0 57.75 5.0 1446.0 1276.0 170.0 0.0 57.7088
14:41:00 28.0 898.0 57.85 57.71 57.76 57.71 57.68 105.0 57.71 262.0 898.0 111.0 787.0 0.0 57.7384
14:42:00 19.0 502.0 57.85 57.67 57.7 57.66 57.67 300.0 57.69 488.0 502.0 397.0 105.0 0.0 57.6704
14:43:00 28.0 1063.0 57.85 57.68 57.7 57.67 57.67 205.0 57.69 361.0 1063.0 601.0 462.0 0.0 57.6825
14:44:00 11.0 383.0 57.85 57.7 57.7 57.68 57.68 201.0 57.7 151.0 383.0 223.0 160.0 0.0 57.6903
14:45:00 28.0 2249.0 57.85 57.72 57.72 57.68 57.7 204.0 57.72 1111.0 2249.0 1577.0 672.0 0.0 57.6999
14:46:00 53.0 2949.0 57.85 57.69 57.72 57.68 57.68 138.0 57.7 351.0 2949.0 974.0 1975.0 0.0 57.6935
14:47:00 33.0 165.0 57.85 57.68 57.7 57.68 57.67 600.0 57.7 416.0 165.0 11.0 154.0 0.0 57.6813
14:48:00 33.0 1327.0 57.85 57.66 57.69 57.66 57.65 100.0 57.67 469.0 1327.0 201.0 1126.0 0.0 57.6677
14:49:00 55.0 2725.0 57.85 57.67 57.7 57.67 57.67 971.0 57.7 61.0 2725.0 1199.0 1526.0 0.0 57.6819
14:50:00 26.0 845.0 57.85 57.735 57.75 57.69 57.73 213.0 57.75 1419.0 845.0 825.0 20.0 0.0 57.7198
14:51:00 56.0 3287.0 57.85 57.7 57.76 57.7 57.69 240.0 57.7 200.0 3287.0 1600.0 1687.0 0.0 57.7371
14:52:00 63.0 2885.0 57.85 57.72 57.73 57.67 57.71 300.0 57.73 359.0 2885.0 1028.0 1857.0 0.0 57.7038
14:53:00 48.0 1826.0 57.85 57.76 57.76 57.72 57.76 102.0 57.77 608.0 1826.0 1706.0 120.0 0.0 57.7444
14:54:00 31.0 1644.0 57.85 57.74 57.77 57.72 57.73 405.0 57.75 302.0 1644.0 845.0 799.0 0.0 57.756
14:55:00 97.0 4951.0 57.85 57.76 57.81 57.74 57.75 530.0 57.77 400.0 4951.0 3295.0 1656.0 0.0 57.7726
14:56:00 41.0 3452.0 57.85 57.8 57.81 57.75 57.8 509.0 57.82 712.0 3452.0 2835.0 617.0 0.0 57.7959
14:57:00 145.0 13357.0 57.85 57.72 57.82 57.7 57.71 211.0 57.73 1400.0 13357.0 3285.0 10072.0 0.0 57.7532
14:58:00 107.0 6057.0 57.85 57.65 57.71 57.62 57.64 1100.0 57.66 21.0 6057.0 1552.0 4505.0 0.0 57.6582
14:59:00 72.0 2735.0 57.85 57.71 57.73 57.66 57.7 521.0 57.72 150.0 2735.0 1881.0 854.0 0.0 57.6978
15:00:00 76.0 5427.0 57.85 57.715 57.72 57.7 57.71 908.0 57.72 535.0 5427.0 2025.0 3402.0 0.0 57.7048
15:01:00 117.0 8028.0 57.85 57.73 57.74 57.7 57.72 226.0 57.74 1952.0 8028.0 2973.0 5055.0 0.0 57.7192
15:02:00 112.0 10692.0 57.85 57.72 57.74 57.71 57.71 1401.0 57.73 997.0 10692.0 5328.0 5364.0 0.0 57.7285
15:03:00 197.0 24860.0 57.85 57.84 57.84 57.73 57.83 250.0 57.85 1804.0 24860.0 22760.0 2100.0 0.0 57.7618
15:04:00 77.0 6870.0 57.85 57.84 57.86 57.81 57.84 313.0 57.85 413.0 6870.0 4056.0 2814.0 0.0 57.8367
15:05:00 91.0 8861.0 57.85 57.92 57.92 57.85 57.89 402.0 57.91 331.0 8861.0 6402.0 2459.0 0.0 57.8892
15:06:00 115.0 4858.0 57.85 57.88 57.89 57.84 57.87 97.0 57.88 55.0 4858.0 2316.0 2542.0 0.0 57.8673
15:07:00 100.0 5548.0 57.85 57.88 57.92 57.86 57.88 204.0 57.9 450.0 5548.0 2077.0 3471.0 0.0 57.8862
15:08:00 163.0 9410.0 57.85 57.8 57.89 57.79 57.8 1.0 57.81 322.0 9410.0 1916.0 7494.0 0.0 57.8318
15:09:00 52.0 2174.0 57.85 57.84 57.84 57.81 57.83 206.0 57.85 603.0 2174.0 1406.0 768.0 0.0 57.8206
15:10:00 66.0 3521.0 57.85 57.88 57.9 57.82 57.88 729.0 57.89 654.0 3521.0 1753.0 1768.0 0.0 57.8574
15:11:00 104.0 6735.0 57.85 57.85 57.88 57.85 57.85 604.0 57.87 300.0 6735.0 1800.0 4935.0 0.0 57.8614
15:12:00 126.0 6698.0 57.85 57.84 57.86 57.79 57.84 200.0 57.86 361.0 6698.0 1731.0 4967.0 0.0 57.8343
15:13:00 74.0 4149.0 57.85 57.84 57.88 57.79 57.83 972.0 57.85 250.0 4149.0 1886.0 2263.0 0.0 57.8327
15:14:00 67.0 4469.0 57.85 57.77 57.83 57.77 57.77 637.0 57.78 10.0 4469.0 1125.0 3344.0 0.0 57.7976
15:15:00 74.0 4153.0 57.85 57.77 57.81 57.77 57.77 171.0 57.79 350.0 4153.0 1779.0 2374.0 0.0 57.7868
15:16:00 103.0 6576.0 57.85 57.78 57.81 57.77 57.77 1072.0 57.79 501.0 6576.0 2734.0 3842.0 0.0 57.7815
15:17:00 104.0 7566.0 57.85 57.78 57.79 57.77 57.77 1492.0 57.78 600.0 7566.0 1520.0 6046.0 0.0 57.778
15:18:00 78.0 6840.0 57.85 57.82 57.82 57.76 57.82 100.0 57.84 265.0 6840.0 4151.0 2689.0 0.0 57.7876
15:19:00 68.0 5048.0 57.85 57.8 57.84 57.78 57.79 551.0 57.81 53.0 5048.0 1856.0 3192.0 0.0 57.7951
15:20:00 27.0 1252.0 57.85 57.79 57.8 57.78 57.79 218.0 57.8 1.0 1252.0 620.0 632.0 0.0 57.7932
15:21:00 101.0 7228.0 57.85 57.82 57.83 57.77 57.81 712.0 57.83 959.0 7228.0 2079.0 5149.0 0.0 57.7998
15:22:00 73.0 6220.0 57.85 57.87 57.87 57.8 57.86 852.0 57.88 27.0 6220.0 5320.0 900.0 0.0 57.8447
15:23:00 92.0 8177.0 57.85 57.87 57.9 57.835 57.85 1009.0 57.87 115.0 8177.0 3540.0 4637.0 0.0 57.8751
15:24:00 58.0 4167.0 57.85 57.87 57.9 57.86 57.86 520.0 57.88 1013.0 4167.0 1415.0 2752.0 0.0 57.8725
15:25:00 84.0 4690.0 57.85 57.85 57.86 57.83 57.85 390.0 57.86 1751.0 4690.0 2306.0 2384.0 0.0 57.8474
15:26:00 134.0 7376.0 57.85 57.87 57.88 57.85 57.86 904.0 57.88 188.0 7376.0 2829.0 4547.0 0.0 57.8589
15:27:00 90.0 7216.0 57.85 57.9 57.92 57.85 57.9 410.0 57.91 688.0 7216.0 4888.0 2328.0 0.0 57.8878
15:28:00 32.0 2849.0 57.85 57.905 57.91 57.88 57.9 513.0 57.91 311.0 2849.0 815.0 2034.0 0.0 57.8986
15:29:00 105.0 7349.0 57.85 57.97 57.98 57.91 57.96 609.0 57.98 1914.0 7349.0 3924.0 3425.0 0.0 57.9398
15:30:00 54.0 2544.0 57.85 57.96 57.98 57.94 57.94 662.0 57.95 250.0 2544.0 855.0 1689.0 0.0 57.9621
15:31:00 90.0 7199.0 57.85 57.99 57.99 57.93 57.98 100.0 57.99 275.0 7199.0 3588.0 3611.0 0.0 57.9618
15:32:00 70.0 3979.0 57.85 57.96 57.99 57.96 57.95 519.0 57.97 1312.0 3979.0 1293.0 2686.0 0.0 57.9729
15:33:00 67.0 3866.0 57.85 57.98 57.99 57.96 57.98 600.0 57.99 207.0 3866.0 2465.0 1401.0 0.0 57.9775
15:34:00 167.0 17021.0 57.85 58.02 58.04 57.99 58.01 1300.0 58.03 511.0 17021.0 10927.0 6094.0 0.0 58.0063
15:35:00 107.0 6446.0 57.85 57.99 58.04 57.93 57.97 40.0 57.99 601.0 6446.0 2020.0 4426.0 0.0 57.9847
15:36:00 93.0 4901.0 57.85 57.98 57.99 57.93 57.98 39.0 57.99 2.0 4901.0 2043.0 2858.0 0.0 57.9529
15:37:00 97.0 5856.0 57.85 58.01 58.04 57.99 58.0 1140.0 58.03 353.0 5856.0 2277.0 3579.0 0.0 58.0164
15:38:00 176.0 9456.0 57.85 57.93 58.0 57.89 57.93 300.0 57.94 1760.0 9456.0 3965.0 5491.0 0.0 57.9348
15:39:00 73.0 3337.0 57.85 57.86 57.96 57.85 57.86 200.0 57.87 22.0 3337.0 670.0 2667.0 0.0 57.9255
15:40:00 58.0 3271.0 57.85 57.849 57.87 57.84 57.83 405.0 57.85 414.0 3271.0 989.0 2282.0 0.0 57.8531
15:41:00 84.0 4695.0 57.85 57.88 57.88 57.84 57.87 947.0 57.89 1312.0 4695.0 2674.0 2021.0 0.0 57.8649
15:42:00 85.0 5012.0 57.85 57.9 57.9 57.88 57.89 990.0 57.9 30.0 5012.0 2359.0 2653.0 0.0 57.8861
15:43:00 156.0 7651.0 57.85 57.91 57.93 57.895 57.9 1259.0 57.91 323.0 7651.0 3174.0 4477.0 0.0 57.9086
15:44:00 89.0 5952.0 57.85 58.025 58.025 57.91 58.01 2721.0 58.04 1190.0 5952.0 4966.0 986.0 0.0 57.9659
15:45:00 145.0 9729.0 57.85 58.04 58.04 58.0 58.04 600.0 58.05 1276.0 9729.0 2669.0 7060.0 0.0 58.02
15:46:00 207.0 17924.0 57.85 58.11 58.115 58.02 58.1 2812.0 58.11 12.0 17924.0 6373.0 11551.0 0.0 58.0747
15:47:00 275.0 17211.0 57.85 58.12 58.12 58.01 58.11 1638.0 58.12 700.0 17211.0 5787.0 11424.0 0.0 58.0748
15:48:00 210.0 12906.0 57.85 58.19 58.2 58.09 58.18 1004.0 58.2 13304.0 12906.0 6623.0 6283.0 0.0 58.1257
15:49:00 216.0 15285.0 57.85 58.17 58.19 58.14 58.17 402.0 58.18 2704.0 15285.0 5327.0 9958.0 0.0 58.16
15:50:00 190.0 9557.0 57.85 58.17 58.19 58.145 58.16 1216.0 58.17 200.0 9557.0 2521.0 7036.0 0.0 58.1652
15:51:00 378.0 26591.0 57.85 58.21 58.24 58.165 58.2 540.0 58.22 3604.0 26591.0 15836.0 10755.0 0.0 58.2037
15:52:00 249.0 16962.0 57.85 58.14 58.22 58.135 58.14 787.0 58.15 510.0 16962.0 6691.0 10271.0 0.0 58.1885
15:53:00 244.0 16865.0 57.85 58.14 58.15 58.1 58.14 1304.0 58.15 429.0 16865.0 11163.0 5702.0 0.0 58.1285
15:54:00 251.0 16294.0 57.85 58.14 58.16 58.09 58.14 2300.0 58.15 411.0 16294.0 6199.0 10095.0 0.0 58.1248
15:55:00 247.0 13240.0 57.85 58.2 58.2 58.15 58.19 200.0 58.2 53.0 13240.0 4697.0 8543.0 0.0 58.1639
15:56:00 308.0 18518.0 57.85 58.19 58.23 58.17 58.19 1383.0 58.2 845.0 18518.0 7801.0 10717.0 0.0 58.1965
15:57:00 323.0 22454.0 57.85 58.18 58.21 58.17 58.18 374.0 58.19 2562.0 22454.0 5239.0 17215.0 0.0 58.1852
15:58:00 385.0 24604.0 57.85 58.16 58.21 58.12 58.16 3288.0 58.17 620.0 24604.0 8589.0 16015.0 0.0 58.1563
15:59:00 459.0 32611.0 57.85 58.14 58.165 58.12 58.14 2526.0 58.15 5693.0 32611.0 9537.0 23074.0 0.0 58.1452
16:00:00 619.0 44928.0 57.85 58.17 58.19 58.09 58.16 3018.0 58.17 12620.0 44928.0 18224.0 26704.0 0.0 58.1524
16:01:00 2.0 0.0 57.85 58.17 58.17 58.17 58.16 3018.0 58.17 6758.0 nan 0.0 0.0 0.0 nan
16:02:00 1.0 5.0 57.85 58.1 58.1 58.1 58.16 3018.0 58.17 6758.0 5.0 5.0 0.0 0.0 58.1
16:03:00 1.0 1.0 57.85 58.17 58.17 58.17 58.16 3018.0 58.17 6758.0 1.0 0.0 1.0 0.0 58.17
16:04:00 1.0 10.0 57.85 58.1 58.1 58.1 58.16 3018.0 58.17 6758.0 10.0 10.0 0.0 0.0 58.1
16:05:00 0.0 0.0 57.85 58.1 nan nan 58.16 3018.0 58.17 6758.0 nan 0.0 0.0 0.0 nan
16:06:00 1.0 5.0 57.85 58.04 58.04 58.04 58.16 3018.0 58.17 6858.0 5.0 0.0 5.0 0.0 58.04
16:07:00 0.0 0.0 57.85 58.04 nan nan 58.16 3018.0 58.17 6858.0 nan 0.0 0.0 0.0 nan
16:08:00 0.0 0.0 57.85 58.04 nan nan 58.16 3018.0 58.17 6858.0 nan 0.0 0.0 0.0 nan
16:09:00 0.0 0.0 57.85 58.04 nan nan 58.16 3018.0 58.17 6858.0 nan 0.0 0.0 0.0 nan
16:10:00 1.0 81.0 57.85 58.17 58.17 58.17 58.16 3018.0 58.17 6777.0 81.0 81.0 0.0 0.0 58.17
16:11:00 0.0 0.0 57.85 58.17 nan nan 58.16 3018.0 58.17 6777.0 nan 0.0 0.0 0.0 nan
16:12:00 0.0 0.0 57.85 58.17 nan nan 58.16 3018.0 58.17 6777.0 nan 0.0 0.0 0.0 nan
16:13:00 0.0 0.0 57.85 58.17 nan nan 58.16 3018.0 58.17 6777.0 nan 0.0 0.0 0.0 nan
16:14:00 0.0 0.0 57.85 58.17 nan nan 58.16 3018.0 58.17 6777.0 nan 0.0 0.0 0.0 nan
16:15:00 0.0 0.0 57.85 58.17 nan nan 58.16 3018.0 58.17 6777.0 nan 0.0 0.0 0.0 nan
16:16:00 2.0 5.0 57.85 58.01 58.01 58.01 58.16 3018.0 58.17 6777.0 5.0 0.0 5.0 0.0 58.01
16:17:00 0.0 0.0 57.85 58.01 nan nan 58.16 3018.0 58.17 6777.0 nan 0.0 0.0 0.0 nan
16:18:00 0.0 0.0 57.85 58.01 nan nan 58.16 3018.0 58.17 6777.0 nan 0.0 0.0 0.0 nan
16:19:00 0.0 0.0 57.85 58.01 nan nan 58.16 3018.0 58.17 6777.0 nan 0.0 0.0 0.0 nan
16:20:00 0.0 0.0 57.85 58.01 nan nan 58.16 3018.0 58.17 6777.0 nan 0.0 0.0 0.0 nan
16:21:00 0.0 0.0 57.85 58.01 nan nan 58.16 3018.0 58.17 6777.0 nan 0.0 0.0 0.0 nan
16:22:00 0.0 0.0 57.85 58.01 nan nan 58.16 3018.0 58.17 6777.0 nan 0.0 0.0 0.0 nan
16:23:00 0.0 0.0 57.85 58.01 nan nan 58.16 3018.0 58.17 6777.0 nan 0.0 0.0 0.0 nan
16:24:00 0.0 0.0 57.85 58.01 nan nan 58.16 3018.0 58.17 6777.0 nan 0.0 0.0 0.0 nan
16:25:00 0.0 0.0 57.85 58.01 nan nan 58.16 3018.0 58.17 6777.0 nan 0.0 0.0 0.0 nan
16:26:00 0.0 0.0 57.85 58.01 nan nan 58.16 3018.0 58.17 6777.0 nan 0.0 0.0 0.0 nan
16:27:00 0.0 0.0 57.85 58.01 nan nan 58.16 3018.0 58.17 6777.0 nan 0.0 0.0 0.0 nan
16:28:00 0.0 0.0 57.85 58.01 nan nan 58.16 3018.0 58.17 6777.0 nan 0.0 0.0 0.0 nan
16:29:00 0.0 0.0 57.85 58.01 nan nan 58.16 3018.0 58.17 6777.0 nan 0.0 0.0 0.0 nan
16:30:00 0.0 0.0 57.85 58.01 nan nan 58.16 3018.0 58.17 6777.0 nan 0.0 0.0 0.0 nan
16:31:00 1.0 0.0 57.85 58.02 58.02 58.02 58.16 3018.0 58.17 6777.0 nan 0.0 0.0 0.0 nan
16:32:00 1.0 10.0 57.85 58.03 58.03 58.03 58.16 3018.0 58.17 6777.0 10.0 0.0 10.0 0.0 58.03
16:33:00 0.0 0.0 57.85 58.03 nan nan 58.16 3018.0 58.17 6777.0 nan 0.0 0.0 0.0 nan
16:34:00 0.0 0.0 57.85 58.03 nan nan 58.16 3018.0 58.17 6777.0 nan 0.0 0.0 0.0 nan
16:35:00 0.0 0.0 57.85 58.03 nan nan 58.16 3018.0 58.17 6777.0 nan 0.0 0.0 0.0 nan
16:36:00 0.0 0.0 57.85 58.03 nan nan 58.16 3018.0 58.17 6777.0 nan 0.0 0.0 0.0 nan
16:37:00 0.0 0.0 57.85 58.03 nan nan 58.16 3018.0 58.17 6777.0 nan 0.0 0.0 0.0 nan
16:38:00 1.0 1.0 57.85 58.04 58.04 58.04 58.16 3018.0 58.17 6777.0 1.0 0.0 1.0 0.0 58.04
16:39:00 1.0 0.0 57.85 58.13 58.13 58.13 58.16 3018.0 58.17 6777.0 nan 0.0 0.0 0.0 nan
16:40:00 1.0 212.0 57.85 58.12 58.12 58.12 58.16 3018.0 58.17 6777.0 212.0 0.0 212.0 0.0 58.12
16:41:00 0.0 0.0 57.85 58.12 nan nan 58.16 3018.0 58.1 4.0 nan 0.0 0.0 0.0 nan
16:42:00 0.0 0.0 57.85 58.12 nan nan 58.16 3018.0 58.1 4.0 nan 0.0 0.0 0.0 nan
16:43:00 0.0 0.0 57.85 58.12 nan nan 58.16 3018.0 58.1 4.0 nan 0.0 0.0 0.0 nan
16:44:00 1.0 3.0 57.85 58.12 58.12 58.12 58.16 3018.0 58.17 6777.0 3.0 0.0 3.0 0.0 58.12
16:45:00 1.0 3.0 57.85 58.17 58.17 58.17 58.16 3018.0 58.17 6774.0 3.0 3.0 0.0 0.0 58.17
16:46:00 0.0 0.0 57.85 58.17 nan nan 58.16 3018.0 58.17 6774.0 nan 0.0 0.0 0.0 nan
16:47:00 0.0 0.0 57.85 58.17 nan nan 58.16 3018.0 58.17 6774.0 nan 0.0 0.0 0.0 nan
16:48:00 0.0 0.0 57.85 58.17 nan nan 58.16 3018.0 58.17 6774.0 nan 0.0 0.0 0.0 nan
16:49:00 1.0 1.0 57.85 58.15 58.15 58.15 58.16 3018.0 58.17 6774.0 1.0 0.0 1.0 0.0 58.15
16:50:00 0.0 0.0 57.85 58.15 nan nan 58.16 3018.0 58.17 6774.0 nan 0.0 0.0 0.0 nan
16:51:00 0.0 0.0 57.85 58.15 nan nan 58.16 3018.0 58.17 6774.0 nan 0.0 0.0 0.0 nan
16:52:00 0.0 0.0 57.85 58.15 nan nan 58.16 3018.0 58.17 6774.0 nan 0.0 0.0 0.0 nan
16:53:00 0.0 0.0 57.85 58.15 nan nan 58.16 3018.0 58.17 6774.0 nan 0.0 0.0 0.0 nan
16:54:00 1.0 0.0 57.85 58.02 58.02 58.02 58.16 3018.0 58.17 6774.0 nan 0.0 0.0 0.0 nan
16:55:00 1.0 0.0 57.85 58.02 58.02 58.02 58.16 3018.0 58.17 6774.0 nan 0.0 0.0 0.0 nan
16:56:00 0.0 0.0 57.85 58.02 nan nan 58.16 3018.0 58.17 6774.0 nan 0.0 0.0 0.0 nan
16:57:00 0.0 0.0 57.85 58.02 nan nan 58.16 3018.0 58.17 6774.0 nan 0.0 0.0 0.0 nan
16:58:00 0.0 0.0 57.85 58.02 nan nan 58.16 3018.0 58.17 6774.0 nan 0.0 0.0 0.0 nan
16:59:00 0.0 0.0 57.85 58.02 nan nan 58.16 3018.0 58.17 6774.0 nan 0.0 0.0 0.0 nan
17:00:00 0.0 0.0 57.85 58.02 nan nan 58.16 3018.0 58.17 6774.0 nan 0.0 0.0 0.0 nan
