time trade_count trade_volume trade_first trade_last trade_high trade_low bid_price bid_size ask_price ask_size hid_vol buy_vol sell_vol unsided_vol vwap
09:00:00 nan 0.0 nan nan nan nan 60.8 50.0 60.9 242.0 nan 0.0 0.0 0.0 nan
09:01:00 0.0 0.0 nan nan nan nan 60.8 50.0 60.9 242.0 nan 0.0 0.0 0.0 nan
09:02:00 0.0 0.0 nan nan nan nan 60.8 50.0 60.9 180.0 nan 0.0 0.0 0.0 nan
09:03:00 0.0 0.0 nan nan nan nan 60.8 50.0 60.9 180.0 nan 0.0 0.0 0.0 nan
09:04:00 1.0 0.0 nan 60.87 60.87 60.87 60.8 50.0 60.9 180.0 nan 0.0 0.0 0.0 nan
09:05:00 0.0 0.0 nan 60.87 nan nan 60.8 50.0 60.9 180.0 nan 0.0 0.0 0.0 nan
09:06:00 1.0 10.0 nan 60.88 60.88 60.88 60.8 50.0 60.9 242.0 10.0 0.0 10.0 0.0 60.88
09:07:00 10.0 377.0 nan 60.7 60.8 60.7 60.6 50.0 60.78 68.0 377.0 0.0 377.0 0.0 60.7549
09:08:00 24.0 1900.0 nan 60.55 60.6 60.54 60.5 200.0 60.55 564.0 1900.0 1500.0 400.0 0.0 60.5513
09:09:00 12.0 1764.0 nan 60.55 60.55 60.5 60.45 8.0 60.55 572.0 1764.0 1564.0 200.0 0.0 60.5443
09:10:00 7.0 1136.0 nan 60.47 60.55 60.46 60.45 8.0 60.47 170.0 1136.0 1136.0 0.0 0.0 60.5499
09:11:00 5.0 24.0 nan 60.41 60.45 60.41 60.41 150.0 60.55 570.0 24.0 0.0 24.0 0.0 60.4233
09:12:00 3.0 200.0 nan 60.41 60.41 60.41 60.4 450.0 60.5 50.0 200.0 100.0 100.0 0.0 60.41
09:13:00 5.0 96.0 nan 60.5 60.5 60.48 60.45 100.0 60.5 137.0 96.0 96.0 0.0 0.0 60.5
09:14:00 2.0 22.0 nan 60.51 60.51 60.5 60.46 1.0 60.48 143.0 22.0 22.0 0.0 0.0 60.5
09:15:00 0.0 0.0 nan 60.51 nan nan 60.46 1.0 60.48 143.0 nan 0.0 0.0 0.0 nan
09:16:00 3.0 55.0 nan 60.46 60.48 60.46 60.42 2000.0 60.55 583.0 55.0 54.0 1.0 0.0 60.4796
09:17:00 0.0 0.0 nan 60.46 nan nan 60.42 2000.0 60.55 583.0 nan 0.0 0.0 0.0 nan
09:18:00 1.0 1.0 nan 60.5 60.5 60.5 60.42 2000.0 60.55 583.0 1.0 0.0 1.0 0.0 60.5
09:19:00 0.0 0.0 nan 60.5 nan nan 60.5 250.0 60.55 583.0 nan 0.0 0.0 0.0 nan
09:20:00 4.0 300.0 nan 60.43 60.5 60.43 60.42 2000.0 60.5 60.0 300.0 0.0 300.0 0.0 60.495
09:21:00 4.0 1777.0 nan 60.42 60.43 60.42 60.42 223.0 60.55 583.0 1777.0 0.0 1777.0 0.0 60.42
09:22:00 3.0 523.0 nan 60.4 60.42 60.4 60.36 400.0 60.42 5.0 523.0 0.0 523.0 0.0 60.4085
09:23:00 1.0 5.0 nan 60.42 60.42 60.42 60.42 95.0 60.55 796.0 5.0 5.0 0.0 0.0 60.42
09:24:00 8.0 545.0 nan 60.27 60.42 60.27 60.24 150.0 60.46 60.0 545.0 0.0 545.0 0.0 60.3695
09:25:00 0.0 0.0 nan 60.27 nan nan 60.27 100.0 60.41 725.0 nan 0.0 0.0 0.0 nan
09:26:00 3.0 110.0 nan 60.25 60.27 60.25 60.2 9.0 60.27 102.0 110.0 0.0 110.0 0.0 60.2686
09:27:00 15.0 189.0 nan 60.35 60.35 60.23 60.33 219.0 60.51 100.0 189.0 2.0 187.0 0.0 60.3272
09:28:00 2.0 73.0 nan 60.34 60.34 60.33 60.3 100.0 60.51 398.0 73.0 0.0 73.0 0.0 60.33
09:29:00 8.0 630.0 nan 60.25 60.31 60.25 60.2 3.0 60.28 456.0 630.0 30.0 600.0 0.0 60.2798
09:30:00 33.0 2038.0 nan 60.09 60.28 60.06 60.02 5.0 60.28 256.0 2038.0 100.0 1938.0 0.0 60.0968
09:31:00 479.0 54595.0 nan 59.65 60.5 59.48 59.64 100.0 59.71 25.0 54595.0 14224.0 40371.0 0.0 59.6531
09:32:00 260.0 20535.0 nan 59.32 60.0 59.21 59.25 150.0 59.33 801.0 20535.0 6120.0 14415.0 0.0 59.6526
09:33:00 340.0 33385.0 nan 59.17 59.43 59.06 59.12 25.0 59.21 25.0 33385.0 12310.0 21075.0 0.0 59.1991
09:34:00 327.0 35105.0 nan 59.61 59.73 59.23 59.59 25.0 59.62 100.0 35105.0 11017.0 24088.0 0.0 59.5138
09:35:00 262.0 12169.0 nan 59.62 60.0 59.6 59.62 25.0 59.68 300.0 12169.0 5585.0 6584.0 0.0 59.8007
09:36:00 232.0 20712.0 nan 59.38 59.57 59.21 59.36 100.0 59.41 150.0 20712.0 4679.0 16033.0 0.0 59.3644
09:37:00 338.0 47632.0 nan 59.02 59.45 58.9 58.97 1731.0 59.05 50.0 47632.0 7774.0 39858.0 0.0 59.072
09:38:00 183.0 12434.0 nan 59.04 59.24 58.93 59.0 200.0 59.05 450.0 12434.0 4630.0 7804.0 0.0 59.0186
09:39:00 337.0 24793.0 nan 58.9 59.18 58.83 58.91 50.0 58.97 200.0 24793.0 12734.0 12059.0 0.0 58.9487
09:40:00 455.0 36303.0 nan 58.59 58.945 58.45 58.53 50.0 58.59 101.0 36303.0 12647.0 23656.0 0.0 58.6945
09:41:00 459.0 37162.0 nan 58.5 58.57 58.3 58.47 50.0 58.53 320.0 37162.0 15768.0 21394.0 0.0 58.4297
09:42:00 413.0 27219.0 nan 58.48 58.62 58.37 58.45 100.0 58.48 192.0 27219.0 9133.0 18086.0 0.0 58.4389
09:43:00 594.0 44595.0 nan 58.28 58.54 58.23 58.26 450.0 58.31 277.0 44595.0 22912.0 21683.0 0.0 58.29
09:44:00 458.0 33054.0 nan 58.34 58.45 58.23 58.34 1046.0 58.36 200.0 33054.0 8489.0 24565.0 0.0 58.365
09:45:00 405.0 27249.0 nan 58.04 58.41 58.02 58.02 363.0 58.05 50.0 27249.0 7745.0 19504.0 0.0 58.2323
09:46:00 1172.0 110075.0 nan 57.4 58.04 57.36 57.37 150.0 57.42 150.0 110075.0 28398.0 81677.0 0.0 57.6746
09:47:00 470.0 36867.0 nan 57.61 57.85 57.35 57.58 192.0 57.62 378.0 36867.0 19569.0 17298.0 0.0 57.5731
09:48:00 405.0 23104.0 nan 57.46 57.72 57.35 57.45 100.0 57.47 20.0 23104.0 10902.0 12202.0 0.0 57.5045
09:49:00 470.0 29237.0 nan 57.83 57.87 57.26 57.81 150.0 57.87 988.0 29237.0 15854.0 13383.0 0.0 57.5047
09:50:00 835.0 69519.0 nan 58.51 58.55 57.76 58.5 1.0 58.52 131.0 69519.0 46632.0 22887.0 0.0 58.0883
09:51:00 393.0 27860.0 nan 58.36 58.69 58.34 58.35 10.0 58.38 532.0 27860.0 9333.0 18527.0 0.0 58.4818
09:52:00 345.0 18040.0 nan 57.89 58.38 57.87 57.86 301.0 57.9 1150.0 18040.0 9199.0 8841.0 0.0 58.0942
09:53:00 460.0 24835.0 nan 57.8 57.88 57.71 57.77 200.0 57.8 50.0 24835.0 11199.0 13636.0 0.0 57.8069
09:54:00 272.0 14550.0 nan 57.75 57.8 57.58 57.68 310.0 57.75 200.0 14550.0 5934.0 8616.0 0.0 57.6687
09:55:00 324.0 23392.0 nan 57.68 57.789 57.58 57.68 129.0 57.71 170.0 23392.0 10937.0 12455.0 0.0 57.6498
09:56:00 632.0 90134.0 nan 57.62 57.71 57.53 57.61 50.0 57.63 100.0 90134.0 25571.0 64563.0 0.0 57.607
09:57:00 183.0 11428.0 nan 57.56 57.65 57.5 57.56 127.0 57.59 50.0 11428.0 5622.0 5806.0 0.0 57.5758
09:58:00 205.0 11628.0 nan 57.73 57.73 57.54 57.73 1800.0 57.79 16.0 11628.0 8882.0 2746.0 0.0 57.6205
09:59:00 170.0 10524.0 nan 57.84 57.9 57.68 57.84 10.0 57.87 100.0 10524.0 5586.0 4938.0 0.0 57.786
10:00:00 174.0 9969.0 nan 57.91 57.91 57.81 57.86 81.0 57.93 300.0 9969.0 6313.0 3656.0 0.0 57.8736
10:01:00 334.0 16625.0 nan 57.6 58.07 57.59 57.58 200.0 57.63 211.0 16625.0 5692.0 10933.0 0.0 57.8567
10:02:00 430.0 35838.0 nan 57.25 57.63 57.17 57.2 3.0 57.23 86.0 35838.0 10320.0 25518.0 0.0 57.3541
10:03:00 223.0 12840.0 nan 57.13 57.32 57.11 57.13 282.0 57.16 150.0 12840.0 7470.0 5370.0 0.0 57.231
10:04:00 192.0 12457.0 nan 57.36 57.38 57.01 57.36 2.0 57.39 177.0 12457.0 6411.0 6046.0 0.0 57.148
10:05:00 169.0 9699.0 nan 57.31 57.47 57.21 57.29 102.0 57.32 100.0 9699.0 5027.0 4672.0 0.0 57.3475
10:06:00 140.0 6954.0 nan 57.32 57.55 57.28 57.29 10.0 57.33 200.0 6954.0 3646.0 3308.0 0.0 57.3962
10:07:00 157.0 12982.0 nan 57.31 57.59 57.29 57.29 201.0 57.32 550.0 12982.0 7844.0 5138.0 0.0 57.4436
10:08:00 187.0 16923.0 nan 57.12 57.29 57.06 57.1 312.0 57.13 379.0 16923.0 8131.0 8792.0 0.0 57.1449
10:09:00 175.0 13423.0 nan 57.08 57.25 57.04 57.03 1808.0 57.08 231.0 13423.0 7945.0 5478.0 0.0 57.1106
10:10:00 393.0 49648.0 nan 56.99 57.11 56.93 56.97 150.0 57.01 585.0 49648.0 15114.0 34534.0 0.0 56.9986
10:11:00 200.0 18404.0 nan 56.85 57.05 56.83 56.83 100.0 56.86 761.0 18404.0 7205.0 11199.0 0.0 56.9368
10:12:00 527.0 37038.0 nan 56.59 56.85 56.57 56.58 1.0 56.61 2810.0 37038.0 18832.0 18206.0 0.0 56.6791
10:13:00 439.0 36362.0 nan 56.49 56.64 56.46 56.45 120.0 56.48 920.0 36362.0 12735.0 23627.0 0.0 56.5295
10:14:00 278.0 15110.0 nan 56.39 56.49 56.35 56.4 50.0 56.42 100.0 15110.0 10337.0 4773.0 0.0 56.4258
10:15:00 334.0 17444.0 nan 56.4 56.52 56.24 56.39 320.0 56.42 150.0 17444.0 9521.0 7923.0 0.0 56.3536
10:16:00 268.0 16971.0 nan 56.71 56.71 56.416 56.69 150.0 56.73 50.0 16971.0 11552.0 5419.0 0.0 56.6297
10:17:00 139.0 9893.0 nan 56.61 56.7 56.51 56.58 2651.0 56.63 250.0 9893.0 4333.0 5560.0 0.0 56.5752
10:18:00 135.0 8221.0 nan 56.52 56.6 56.46 56.51 111.0 56.53 2.0 8221.0 4515.0 3706.0 0.0 56.5229
10:19:00 246.0 14297.0 nan 56.59 56.71 56.43 56.57 200.0 56.6 150.0 14297.0 6477.0 7820.0 0.0 56.5535
10:20:00 145.0 9878.0 nan 56.57 56.67 56.55 56.56 9.0 56.58 200.0 9878.0 5681.0 4197.0 0.0 56.5912
10:21:00 346.0 23921.0 nan 56.44 56.64 56.4 56.42 102.0 56.45 573.0 23921.0 15555.0 8366.0 0.0 56.5304
10:22:00 307.0 26230.0 nan 56.22 56.51 56.22 56.21 124.0 56.24 600.0 26230.0 8594.0 17636.0 0.0 56.3836
10:23:00 506.0 28840.0 nan 56.19 56.25 56.02 56.17 350.0 56.2 200.0 28840.0 12467.0 16373.0 0.0 56.1359
10:24:00 306.0 18633.0 nan 56.43 56.43 56.15 56.39 402.0 56.45 200.0 18633.0 9424.0 9209.0 0.0 56.3187
10:25:00 258.0 16958.0 nan 56.74 56.82 56.39 56.74 146.0 56.75 16.0 16958.0 9459.0 7499.0 0.0 56.6467
10:26:00 633.0 39560.0 nan 57.07 57.19 56.71 57.03 100.0 57.09 300.0 39560.0 22918.0 16642.0 0.0 56.9898
10:27:00 298.0 21459.0 nan 57.47 57.52 57.08 57.46 402.0 57.49 180.0 21459.0 11756.0 9703.0 0.0 57.3002
10:28:00 443.0 30834.0 nan 57.64 57.73 57.35 57.62 250.0 57.65 100.0 30834.0 12298.0 18536.0 0.0 57.5212
10:29:00 278.0 22447.0 nan 57.64 57.75 57.61 57.63 592.0 57.68 1375.0 22447.0 7020.0 15427.0 0.0 57.6672
10:30:00 382.0 33729.0 nan 57.44 57.7 57.4 57.41 200.0 57.44 786.0 33729.0 13433.0 20296.0 0.0 57.5567
10:31:00 344.0 25272.0 nan 57.79 57.81 57.3 57.77 406.0 57.81 350.0 25272.0 17103.0 8169.0 0.0 57.5616
10:32:00 406.0 27384.0 nan 57.93 57.93 57.68 57.91 205.0 57.93 131.0 27384.0 18040.0 9344.0 0.0 57.841
10:33:00 615.0 58650.0 nan 58.07 58.48 57.87 58.04 675.0 58.08 450.0 58650.0 26023.0 32627.0 0.0 58.1027
10:34:00 559.0 43502.0 nan 58.62 58.74 58.02 58.62 75.0 58.63 100.0 43502.0 27767.0 15735.0 0.0 58.4992
10:35:00 628.0 37336.0 nan 58.34 58.75 58.34 58.35 649.0 58.37 200.0 37336.0 15360.0 21976.0 0.0 58.548
10:36:00 229.0 16344.0 nan 58.55 58.7 58.35 58.54 300.0 58.59 100.0 16344.0 7049.0 9295.0 0.0 58.4827
10:37:00 197.0 14974.0 nan 58.5 58.62 58.22 58.44 50.0 58.51 200.0 14974.0 4815.0 10159.0 0.0 58.4024
10:38:00 156.0 8718.0 nan 58.53 58.65 58.48 58.52 87.0 58.55 100.0 8718.0 3718.0 5000.0 0.0 58.5862
10:39:00 297.0 20487.0 nan 58.73 58.73 58.51 58.7 450.0 58.75 100.0 20487.0 15365.0 5122.0 0.0 58.6314
10:40:00 379.0 23822.0 nan 58.65 58.9 58.63 58.62 250.0 58.67 50.0 23822.0 11676.0 12146.0 0.0 58.7928
10:41:00 356.0 21042.0 nan 58.81 58.99 58.62 58.79 50.0 58.84 350.0 21042.0 10301.0 10741.0 0.0 58.8495
10:42:00 324.0 20986.0 nan 58.42 58.88 58.42 58.42 148.0 58.46 500.0 20986.0 10809.0 10177.0 0.0 58.7086
10:43:00 367.0 19935.0 nan 58.29 58.46 58.17 58.23 3.0 58.3 41.0 19935.0 13732.0 6203.0 0.0 58.3
10:44:00 276.0 16248.0 nan 58.12 58.34 57.99 58.13 50.0 58.18 50.0 16248.0 4038.0 12210.0 0.0 58.1528
10:45:00 216.0 13693.0 nan 58.39 58.39 58.03 58.34 350.0 58.4 250.0 13693.0 5400.0 8293.0 0.0 58.2049
10:46:00 105.0 4636.0 nan 58.22 58.37 58.11 58.18 50.0 58.23 450.0 4636.0 1857.0 2779.0 0.0 58.2617
10:47:00 158.0 8686.0 nan 58.26 58.3 58.06 58.21 50.0 58.28 50.0 8686.0 6258.0 2428.0 0.0 58.1748
10:48:00 181.0 10598.0 nan 58.53 58.63 58.25 58.48 150.0 58.54 200.0 10598.0 7541.0 3057.0 0.0 58.4961
10:49:00 159.0 11114.0 nan 58.67 58.69 58.54 58.64 58.0 58.69 100.0 11114.0 9546.0 1568.0 0.0 58.6299
10:50:00 84.0 8280.0 nan 58.69 58.75 58.6 58.66 407.0 58.7 330.0 8280.0 3691.0 4589.0 0.0 58.6584
10:51:00 146.0 15903.0 nan 58.89 58.96 58.68 58.88 50.0 58.93 100.0 15903.0 13546.0 2357.0 0.0 58.8445
10:52:00 283.0 28728.0 nan 58.55 58.88 58.54 58.53 4.0 58.58 50.0 28728.0 13454.0 15274.0 0.0 58.7147
10:53:00 137.0 9258.0 nan 58.68 58.73 58.475 58.66 464.0 58.72 150.0 9258.0 6652.0 2606.0 0.0 58.6228
10:54:00 139.0 11203.0 nan 58.43 58.66 58.4 58.39 101.0 58.45 50.0 11203.0 3897.0 7306.0 0.0 58.5131
10:55:00 87.0 4287.0 nan 58.475 58.53 58.37 58.46 1.0 58.49 400.0 4287.0 2469.0 1818.0 0.0 58.449
10:56:00 155.0 11375.0 nan 58.54 58.54 58.4 58.53 250.0 58.58 200.0 11375.0 5685.0 5690.0 0.0 58.4593
10:57:00 91.0 6236.0 nan 58.45 58.67 58.45 58.46 11.0 58.51 850.0 6236.0 1766.0 4470.0 0.0 58.5296
10:58:00 133.0 12570.0 nan 58.51 58.57 58.38 58.49 450.0 58.53 200.0 12570.0 7266.0 5304.0 0.0 58.4679
10:59:00 152.0 14219.0 nan 58.26 58.53 58.2 58.24 250.0 58.29 150.0 14219.0 3529.0 10690.0 0.0 58.373
11:00:00 77.0 4184.0 nan 58.31 58.4 58.18 58.29 300.0 58.33 200.0 4184.0 2604.0 1580.0 0.0 58.2932
11:01:00 106.0 5795.0 nan 58.16 58.33 58.15 58.13 161.0 58.17 200.0 5795.0 2394.0 3401.0 0.0 58.2287
11:02:00 153.0 8841.0 nan 57.96 58.21 57.96 57.95 958.0 58.01 100.0 8841.0 3380.0 5461.0 0.0 58.0937
11:03:00 111.0 8750.0 nan 57.83 58.07 57.75 57.82 106.0 57.85 181.0 8750.0 3120.0 5630.0 0.0 57.8669
11:04:00 94.0 3835.0 nan 57.85 57.935 57.83 57.83 352.0 57.86 31.0 3835.0 1788.0 2047.0 0.0 57.8751
11:05:00 133.0 8536.0 nan 57.85 57.93 57.79 57.85 102.0 57.89 250.0 8536.0 5422.0 3114.0 0.0 57.8493
11:06:00 155.0 13562.0 nan 58.1 58.1 57.82 58.08 404.0 58.14 250.0 13562.0 11455.0 2107.0 0.0 57.9769
11:07:00 196.0 10655.0 nan 58.21 58.24 58.0 58.21 857.0 58.25 50.0 10655.0 4253.0 6402.0 0.0 58.0778
11:08:00 92.0 6926.0 nan 58.27 58.33 58.2 58.24 403.0 58.27 150.0 6926.0 2468.0 4458.0 0.0 58.2694
11:09:00 78.0 3949.0 nan 58.43 58.43 58.14 58.38 262.0 58.45 150.0 3949.0 2323.0 1626.0 0.0 58.2383
11:10:00 89.0 4017.0 nan 58.41 58.47 58.28 58.35 759.0 58.42 253.0 4017.0 1580.0 2437.0 0.0 58.3667
11:11:00 83.0 3124.0 nan 58.28 58.43 58.28 58.27 1.0 58.3 100.0 3124.0 865.0 2259.0 0.0 58.3413
11:12:00 63.0 3188.0 nan 58.34 58.36 58.18 58.32 50.0 58.37 150.0 3188.0 2152.0 1036.0 0.0 58.2833
11:13:00 83.0 3124.0 nan 58.22 58.32 58.17 58.19 50.0 58.24 368.0 3124.0 733.0 2391.0 0.0 58.25
11:14:00 113.0 10208.0 nan 58.35 58.37 58.2 58.3 503.0 58.36 650.0 10208.0 7874.0 2334.0 0.0 58.3061
11:15:00 121.0 5658.0 nan 58.2 58.325 58.15 58.19 361.0 58.24 350.0 5658.0 2434.0 3224.0 0.0 58.2461
11:16:00 145.0 7382.0 nan 58.23 58.38 58.23 58.2 156.0 58.25 292.0 7382.0 4005.0 3377.0 0.0 58.2999
11:17:00 104.0 6675.0 nan 58.1 58.22 58.05 58.06 151.0 58.11 250.0 6675.0 1349.0 5326.0 0.0 58.1191
11:18:00 53.0 3261.0 nan 58.21 58.23 58.03 58.2 1.0 58.23 50.0 3261.0 2352.0 909.0 0.0 58.1406
11:19:00 122.0 6042.0 nan 58.17 58.2 58.1 58.15 207.0 58.2 150.0 6042.0 3630.0 2412.0 0.0 58.1585
11:20:00 132.0 7161.0 nan 58.19 58.21 58.11 58.19 100.0 58.2 1.0 7161.0 2749.0 4412.0 0.0 58.1537
11:21:00 105.0 5603.0 nan 58.31 58.32 58.19 58.29 707.0 58.33 361.0 5603.0 3702.0 1901.0 0.0 58.2605
11:22:00 178.0 11540.0 nan 58.48 58.52 58.33 58.45 1.0 58.48 299.0 11540.0 6252.0 5288.0 0.0 58.4583
11:23:00 130.0 8899.0 nan 58.63 58.63 58.46 58.62 280.0 58.64 220.0 8899.0 6629.0 2270.0 0.0 58.5247
11:24:00 235.0 15682.0 nan 58.8 58.84 58.6 58.8 4.0 58.82 100.0 15682.0 8887.0 6795.0 0.0 58.7288
11:25:00 262.0 15206.0 nan 58.57 58.8 58.56 58.55 315.0 58.59 106.0 15206.0 5989.0 9217.0 0.0 58.6868
11:26:00 89.0 4435.0 nan 58.51 58.61 58.45 58.51 280.0 58.53 100.0 4435.0 2280.0 2155.0 0.0 58.5116
11:27:00 104.0 6815.0 nan 58.49 58.59 58.41 58.43 1155.0 58.48 50.0 6815.0 2568.0 4247.0 0.0 58.5014
11:28:00 67.0 4601.0 nan 58.45 58.51 58.42 58.41 205.0 58.45 403.0 4601.0 1309.0 3292.0 0.0 58.47
11:29:00 80.0 5104.0 nan 58.6 58.62 58.42 58.59 330.0 58.62 200.0 5104.0 3923.0 1181.0 0.0 58.5171
11:30:00 109.0 6069.0 nan 58.6 58.64 58.51 58.59 382.0 58.62 351.0 6069.0 2544.0 3525.0 0.0 58.5884
11:31:00 184.0 18737.0 nan 58.63 58.63 58.47 58.6 652.0 58.63 200.0 18737.0 5491.0 13246.0 0.0 58.5344
11:32:00 151.0 9883.0 nan 58.33 58.63 58.3 58.28 251.0 58.33 601.0 9883.0 3752.0 6131.0 0.0 58.4524
11:33:00 140.0 7761.0 nan 58.63 58.63 58.33 58.6 51.0 58.64 200.0 7761.0 3341.0 4420.0 0.0 58.5374
11:34:00 190.0 10659.0 nan 58.72 58.74 58.63 58.69 562.0 58.73 434.0 10659.0 3185.0 7474.0 0.0 58.678
11:35:00 162.0 10157.0 nan 58.75 58.77 58.68 58.7 150.0 58.75 307.0 10157.0 4997.0 5160.0 0.0 58.7321
11:36:00 184.0 8411.0 nan 58.59 58.82 58.56 58.55 300.0 58.61 100.0 8411.0 3083.0 5328.0 0.0 58.682
11:37:00 110.0 6613.0 nan 58.65 58.67 58.56 58.61 591.0 58.65 200.0 6613.0 2670.0 3943.0 0.0 58.6124
11:38:00 124.0 4570.0 nan 58.6 58.65 58.48 58.56 200.0 58.6 1.0 4570.0 2219.0 2351.0 0.0 58.5789
11:39:00 131.0 8062.0 nan 58.46 58.59 58.45 58.42 202.0 58.46 34.0 8062.0 3762.0 4300.0 0.0 58.5252
11:40:00 69.0 4126.0 nan 58.43 58.5 58.35 58.41 100.0 58.46 200.0 4126.0 1872.0 2254.0 0.0 58.4264
11:41:00 112.0 9279.0 nan 58.46 58.5 58.35 58.43 300.0 58.46 1.0 9279.0 5414.0 3865.0 0.0 58.3948
11:42:00 77.0 9474.0 nan 58.4 58.43 58.34 58.38 1950.0 58.42 339.0 9474.0 1003.0 8471.0 0.0 58.3667
11:43:00 83.0 3485.0 nan 58.4 58.52 58.37 58.37 254.0 58.4 363.0 3485.0 729.0 2756.0 0.0 58.4471
11:44:00 219.0 10581.0 nan 58.62 58.62 58.4 58.59 213.0 58.62 26.0 10581.0 5870.0 4711.0 0.0 58.5388
11:45:00 116.0 4950.0 nan 58.49 58.6 58.42 58.46 300.0 58.49 63.0 4950.0 1157.0 3793.0 0.0 58.498
11:46:00 99.0 4690.0 nan 58.44 58.52 58.43 58.41 300.0 58.46 200.0 4690.0 1916.0 2774.0 0.0 58.4848
11:47:00 54.0 2544.0 nan 58.46 58.48 58.37 58.42 206.0 58.46 250.0 2544.0 704.0 1840.0 0.0 58.4364
11:48:00 135.0 10065.0 nan 58.26 58.44 58.25 58.26 150.0 58.29 2.0 10065.0 3034.0 7031.0 0.0 58.3226
11:49:00 87.0 5491.0 nan 58.22 58.3 58.19 58.22 102.0 58.25 251.0 5491.0 1117.0 4374.0 0.0 58.2249
11:50:00 155.0 7495.0 nan 58.205 58.3 58.2 58.19 501.0 58.21 225.0 7495.0 2293.0 5202.0 0.0 58.2434
11:51:00 73.0 5138.0 nan 58.18 58.26 58.1 58.16 574.0 58.2 250.0 5138.0 702.0 4436.0 0.0 58.1857
11:52:00 201.0 11443.0 nan 58.15 58.26 58.05 58.1 417.0 58.15 200.0 11443.0 4406.0 7037.0 0.0 58.1345
11:53:00 55.0 2116.0 nan 58.17 58.24 58.08 58.16 633.0 58.21 470.0 2116.0 940.0 1176.0 0.0 58.1499
11:54:00 97.0 5638.0 nan 58.05 58.21 58.05 58.05 3883.0 58.07 1.0 5638.0 2274.0 3364.0 0.0 58.1506
11:55:00 176.0 13034.0 nan 57.97 58.13 57.94 57.96 300.0 57.99 3.0 13034.0 3506.0 9528.0 0.0 58.0395
11:56:00 84.0 6367.0 nan 58.15 58.18 57.96 58.15 500.0 58.18 20.0 6367.0 4533.0 1834.0 0.0 58.0996
11:57:00 72.0 3754.0 nan 58.17 58.17 58.11 58.15 211.0 58.18 220.0 3754.0 1546.0 2208.0 0.0 58.1449
11:58:00 65.0 3965.0 nan 58.21 58.25 58.18 58.19 2.0 58.22 150.0 3965.0 1328.0 2637.0 0.0 58.2113
11:59:00 122.0 10936.0 nan 58.13 58.2 58.05 58.11 9.0 58.14 100.0 10936.0 4025.0 6911.0 0.0 58.0986
12:00:00 140.0 6655.0 nan 58.12 58.26 58.05 58.1 150.0 58.14 65.0 6655.0 2255.0 4400.0 0.0 58.1338
12:01:00 57.0 2890.0 nan 58.04 58.09 57.98 58.04 302.0 58.08 50.0 2890.0 1344.0 1546.0 0.0 58.0363
12:02:00 136.0 6299.0 nan 58.0 58.17 57.96 57.98 202.0 58.01 450.0 6299.0 2637.0 3662.0 0.0 58.0723
12:03:00 79.0 4627.0 nan 58.01 58.18 57.98 58.01 151.0 58.04 100.0 4627.0 2561.0 2066.0 0.0 58.1189
12:04:00 121.0 10497.0 nan 57.9 58.03 57.85 57.88 349.0 57.93 300.0 10497.0 2212.0 8285.0 0.0 57.9327
12:05:00 117.0 9982.0 nan 57.96 58.08 57.94 57.96 278.0 57.98 200.0 9982.0 4848.0 5134.0 0.0 57.9944
12:06:00 82.0 8176.0 nan 58.0 58.01 57.9 57.95 50.0 58.0 68.0 8176.0 5402.0 2774.0 0.0 57.9541
12:07:00 98.0 5454.0 nan 58.1 58.13 58.0 58.07 252.0 58.11 1.0 5454.0 3766.0 1688.0 0.0 58.0724
12:08:00 46.0 1884.0 nan 58.09 58.12 58.03 58.07 151.0 58.1 300.0 1884.0 967.0 917.0 0.0 58.0805
12:09:00 63.0 3493.0 nan 57.97 58.09 57.94 57.95 50.0 57.99 1.0 3493.0 1003.0 2490.0 0.0 58.0212
12:10:00 76.0 5212.0 nan 57.9 57.99 57.87 57.88 60.0 57.91 201.0 5212.0 1181.0 4031.0 0.0 57.9217
12:11:00 161.0 12574.0 nan 57.81 57.92 57.78 57.81 789.0 57.84 100.0 12574.0 4080.0 8494.0 0.0 57.838
12:12:00 85.0 7950.0 nan 57.85 57.9 57.84 57.82 1360.0 57.86 200.0 7950.0 4912.0 3038.0 0.0 57.8807
12:13:00 165.0 16498.0 nan 57.73 57.9 57.68 57.73 300.0 57.78 150.0 16498.0 2025.0 14473.0 0.0 57.7679
12:14:00 69.0 23084.0 nan 57.84 57.84 57.77 57.81 350.0 57.84 226.0 23084.0 21177.0 1907.0 0.0 57.8083
12:15:00 79.0 5969.0 nan 57.71 57.81 57.71 57.71 57.0 57.74 250.0 5969.0 905.0 5064.0 0.0 57.7434
12:16:00 59.0 3808.0 nan 57.78 57.78 57.7 57.77 100.0 57.79 129.0 3808.0 1053.0 2755.0 0.0 57.731
12:17:00 147.0 8553.0 nan 57.83 57.88 57.77 57.82 302.0 57.85 100.0 8553.0 4302.0 4251.0 0.0 57.8377
12:18:00 125.0 5368.0 nan 57.635 57.84 57.635 57.61 1004.0 57.65 300.0 5368.0 1141.0 4227.0 0.0 57.7215
12:19:00 178.0 10959.0 nan 57.72 57.75 57.6 57.71 202.0 57.75 200.0 10959.0 5226.0 5733.0 0.0 57.6559
12:20:00 51.0 2904.0 nan 57.68 57.75 57.66 57.68 290.0 57.72 411.0 2904.0 445.0 2459.0 0.0 57.7077
12:21:00 120.0 9945.0 nan 57.54 57.7 57.52 57.54 53.0 57.57 35.0 9945.0 1747.0 8198.0 0.0 57.5877
12:22:00 103.0 11157.0 nan 57.59 57.59 57.49 57.58 50.0 57.61 200.0 11157.0 5102.0 6055.0 0.0 57.5261
12:23:00 97.0 6046.0 nan 57.72 57.75 57.605 57.7 172.0 57.75 458.0 6046.0 4699.0 1347.0 0.0 57.6728
12:24:00 70.0 4641.0 nan 57.71 57.77 57.66 57.69 302.0 57.73 200.0 4641.0 3125.0 1516.0 0.0 57.7116
12:25:00 63.0 3728.0 nan 57.8 57.8 57.66 57.78 52.0 57.81 200.0 3728.0 1842.0 1886.0 0.0 57.7561
12:26:00 92.0 4456.0 nan 57.85 57.9 57.77 57.84 1.0 57.87 200.0 4456.0 2794.0 1662.0 0.0 57.8494
12:27:00 105.0 4459.0 nan 57.79 57.88 57.76 57.76 200.0 57.8 2100.0 4459.0 2035.0 2424.0 0.0 57.8305
12:28:00 65.0 4598.0 nan 57.83 57.85 57.76 57.83 221.0 57.86 268.0 4598.0 2802.0 1796.0 0.0 57.797
12:29:00 135.0 8043.0 nan 57.93 57.96 57.845 57.92 405.0 57.95 300.0 8043.0 4973.0 3070.0 0.0 57.9031
12:30:00 66.0 3698.0 nan 57.83 57.93 57.82 57.8 50.0 57.84 150.0 3698.0 896.0 2802.0 0.0 57.8737
12:31:00 45.0 1568.0 nan 57.75 57.8 57.69 57.73 140.0 57.77 151.0 1568.0 623.0 945.0 0.0 57.7394
12:32:00 58.0 4248.0 nan 57.72 57.83 57.71 57.7 1000.0 57.72 152.0 4248.0 1181.0 3067.0 0.0 57.7548
12:33:00 47.0 2813.0 nan 57.66 57.82 57.63 57.65 102.0 57.69 360.0 2813.0 705.0 2108.0 0.0 57.7067
12:34:00 237.0 13962.0 nan 57.58 57.71 57.54 57.55 205.0 57.59 150.0 13962.0 3993.0 9969.0 0.0 57.6207
12:35:00 59.0 2825.0 nan 57.7 57.7 57.54 57.66 200.0 57.7 150.0 2825.0 1668.0 1157.0 0.0 57.6059
12:36:00 167.0 11714.0 nan 57.7 57.84 57.68 57.65 1.0 57.68 100.0 11714.0 8458.0 3256.0 0.0 57.7471
12:37:00 103.0 13250.0 nan 57.5 57.65 57.45 57.48 159.0 57.53 350.0 13250.0 2415.0 10835.0 0.0 57.539
12:38:00 110.0 6579.0 nan 57.57 57.57 57.45 57.55 1.0 57.57 1.0 6579.0 4263.0 2316.0 0.0 57.5138
12:39:00 68.0 3680.0 nan 57.62 57.64 57.56 57.61 303.0 57.64 200.0 3680.0 1829.0 1851.0 0.0 57.5959
12:40:00 114.0 6734.0 nan 57.73 57.73 57.63 57.71 339.0 57.74 200.0 6734.0 4512.0 2222.0 0.0 57.6695
12:41:00 171.0 8171.0 nan 57.81 57.81 57.68 57.8 52.0 57.83 126.0 8171.0 5859.0 2312.0 0.0 57.7323
12:42:00 59.0 2716.0 nan 57.78 57.84 57.74 57.77 40.0 57.8 350.0 2716.0 773.0 1943.0 0.0 57.7924
12:43:00 52.0 3574.0 nan 57.76 57.84 57.73 57.75 216.0 57.78 100.0 3574.0 1778.0 1796.0 0.0 57.7777
12:44:00 115.0 5790.0 nan 57.79 57.81 57.74 57.77 13.0 57.81 353.0 5790.0 3384.0 2406.0 0.0 57.7777
12:45:00 128.0 7068.0 nan 57.57 57.76 57.54 57.56 14.0 57.58 210.0 7068.0 2299.0 4769.0 0.0 57.6319
12:46:00 55.0 2105.0 nan 57.63 57.63 57.53 57.61 221.0 57.65 51.0 2105.0 1388.0 717.0 0.0 57.5638
12:47:00 111.0 6830.0 nan 57.44 57.71 57.42 57.41 150.0 57.44 1.0 6830.0 1560.0 5270.0 0.0 57.5483
12:48:00 161.0 17325.0 nan 57.34 57.46 57.33 57.33 19.0 57.36 255.0 17325.0 11725.0 5600.0 0.0 57.397
12:49:00 87.0 5693.0 nan 57.33 57.4 57.29 57.3 601.0 57.33 2.0 5693.0 1714.0 3979.0 0.0 57.3554
12:50:00 97.0 10132.0 nan 57.22 57.33 57.17 57.22 100.0 57.25 159.0 10132.0 6388.0 3744.0 0.0 57.2109
12:51:00 53.0 4419.0 nan 57.28 57.28 57.19 57.25 200.0 57.29 314.0 4419.0 3455.0 964.0 0.0 57.2149
12:52:00 27.0 663.0 nan 57.28 57.28 57.19 57.28 224.0 57.32 332.0 663.0 273.0 390.0 0.0 57.2394
12:53:00 136.0 15652.0 nan 57.27 57.31 57.22 57.28 170.0 57.31 200.0 15652.0 10855.0 4797.0 0.0 57.2609
12:54:00 69.0 3016.0 nan 57.26 57.35 57.25 57.25 217.0 57.28 201.0 3016.0 1016.0 2000.0 0.0 57.3062
12:55:00 87.0 4611.0 nan 57.24 57.33 57.2 57.24 154.0 57.27 167.0 4611.0 1789.0 2822.0 0.0 57.2708
12:56:00 61.0 2662.0 nan 57.305 57.305 57.22 57.29 418.0 57.32 150.0 2662.0 1553.0 1109.0 0.0 57.2598
12:57:00 93.0 6936.0 nan 57.39 57.4 57.28 57.38 10.0 57.4 701.0 6936.0 4965.0 1971.0 0.0 57.3588
12:58:00 125.0 16354.0 nan 57.39 57.4 57.35 57.38 485.0 57.4 500.0 16354.0 14119.0 2235.0 0.0 57.3895
12:59:00 196.0 25518.0 nan 57.42 57.54 57.39 57.43 50.0 57.46 151.0 25518.0 22300.0 3218.0 0.0 57.4284
13:00:00 87.0 4051.0 nan 57.38 57.46 57.34 57.38 54.0 57.41 1.0 4051.0 1709.0 2342.0 0.0 57.4042
13:01:00 64.0 2405.0 nan 57.5 57.51 57.36 57.46 203.0 57.5 100.0 2405.0 1207.0 1198.0 0.0 57.4486
13:02:00 74.0 3013.0 nan 57.435 57.53 57.43 57.43 150.0 57.46 1.0 3013.0 1183.0 1830.0 0.0 57.4808
13:03:00 58.0 4904.0 nan 57.33 57.43 57.32 57.28 201.0 57.33 150.0 4904.0 329.0 4575.0 0.0 57.3574
13:04:00 113.0 7364.0 nan 57.22 57.33 57.21 57.19 271.0 57.22 100.0 7364.0 1702.0 5662.0 0.0 57.2797
13:05:00 55.0 3272.0 nan 57.2 57.24 57.16 57.19 100.0 57.21 50.0 3272.0 968.0 2304.0 0.0 57.2003
13:06:00 136.0 5006.0 nan 57.31 57.35 57.19 57.3 7.0 57.34 500.0 5006.0 3075.0 1931.0 0.0 57.2766
13:07:00 58.0 2255.0 nan 57.28 57.34 57.28 57.24 154.0 57.28 200.0 2255.0 410.0 1845.0 0.0 57.3099
13:08:00 56.0 1562.0 nan 57.29 57.29 57.23 57.28 100.0 57.32 50.0 1562.0 1000.0 562.0 0.0 57.2573
13:09:00 89.0 6691.0 nan 57.22 57.38 57.22 57.21 301.0 57.24 50.0 6691.0 4224.0 2467.0 0.0 57.3199
13:10:00 79.0 8459.0 nan 57.17 57.24 57.17 57.16 2200.0 57.21 250.0 8459.0 3711.0 4748.0 0.0 57.1996
13:11:00 90.0 5726.0 nan 57.25 57.25 57.17 57.23 100.0 57.26 51.0 5726.0 2149.0 3577.0 0.0 57.2142
13:12:00 137.0 8905.0 nan 57.395 57.42 57.25 57.38 340.0 57.41 51.0 8905.0 6917.0 1988.0 0.0 57.3547
13:13:00 58.0 2420.0 nan 57.48 57.48 57.33 57.45 502.0 57.48 1.0 2420.0 1252.0 1168.0 0.0 57.4142
13:14:00 96.0 4024.0 nan 57.35 57.49 57.35 57.31 201.0 57.35 1.0 4024.0 663.0 3361.0 0.0 57.4076
13:15:00 58.0 4461.0 nan 57.41 57.45 57.35 57.39 401.0 57.41 1.0 4461.0 3324.0 1137.0 0.0 57.416
13:16:00 77.0 3801.0 nan 57.3 57.39 57.27 57.29 27.0 57.31 300.0 3801.0 1849.0 1952.0 0.0 57.3178
13:17:00 73.0 7286.0 nan 57.19 57.33 57.19 57.17 499.0 57.2 304.0 7286.0 1257.0 6029.0 0.0 57.2434
13:18:00 100.0 6463.0 nan 57.28 57.28 57.17 57.26 227.0 57.29 151.0 6463.0 2169.0 4294.0 0.0 57.2039
13:19:00 71.0 4068.0 nan 57.145 57.27 57.13 57.13 510.0 57.16 302.0 4068.0 468.0 3600.0 0.0 57.1829
13:20:00 73.0 4628.0 nan 57.06 57.14 57.05 57.04 254.0 57.08 650.0 4628.0 1565.0 3063.0 0.0 57.0905
13:21:00 166.0 16552.0 nan 56.97 57.04 56.955 56.95 459.0 56.97 50.0 16552.0 1223.0 15329.0 0.0 56.9984
13:22:00 104.0 9531.0 nan 56.94 57.04 56.93 56.94 150.0 56.98 81.0 9531.0 6562.0 2969.0 0.0 56.97
13:23:00 28.0 1596.0 nan 57.015 57.02 56.985 57.01 134.0 57.03 314.0 1596.0 1288.0 308.0 0.0 57.0056
13:24:00 87.0 5058.0 nan 57.04 57.07 57.02 57.02 207.0 57.05 150.0 5058.0 2705.0 2353.0 0.0 57.0494
13:25:00 69.0 3246.0 nan 57.06 57.1 57.02 57.05 3.0 57.06 353.0 3246.0 1518.0 1728.0 0.0 57.0634
13:26:00 56.0 2737.0 nan 57.06 57.06 57.01 57.05 7.0 57.08 950.0 2737.0 805.0 1932.0 0.0 57.0268
13:27:00 66.0 2782.0 nan 57.12 57.14 57.02 57.1 458.0 57.14 201.0 2782.0 1296.0 1486.0 0.0 57.0969
13:28:00 190.0 11683.0 nan 57.24 57.31 57.1 57.23 1.0 57.26 500.0 11683.0 7517.0 4166.0 0.0 57.2319
13:29:00 114.0 7140.0 nan 57.28 57.33 57.25 57.26 300.0 57.29 623.0 7140.0 4324.0 2816.0 0.0 57.2969
13:30:00 52.0 2671.0 nan 57.24 57.26 57.22 57.22 8.0 57.24 1.0 2671.0 1134.0 1537.0 0.0 57.2449
13:31:00 138.0 10069.0 nan 57.4 57.44 57.17 57.4 251.0 57.43 100.0 10069.0 6512.0 3557.0 0.0 57.3234
13:32:00 76.0 6402.0 nan 57.26 57.46 57.26 57.25 200.0 57.28 1.0 6402.0 1594.0 4808.0 0.0 57.3367
13:33:00 56.0 2768.0 nan 57.32 57.32 57.23 57.3 250.0 57.34 1.0 2768.0 1050.0 1718.0 0.0 57.2793
13:34:00 74.0 3293.0 nan 57.3 57.37 57.24 57.29 400.0 57.32 1.0 3293.0 1484.0 1809.0 0.0 57.3025
13:35:00 45.0 2404.0 nan 57.28 57.37 57.28 57.28 182.0 57.32 603.0 2404.0 1050.0 1354.0 0.0 57.3366
13:36:00 84.0 10669.0 nan 57.16 57.28 57.16 57.16 465.0 57.19 1.0 10669.0 1327.0 9342.0 0.0 57.2033
13:37:00 54.0 3008.0 nan 57.16 57.27 57.13 57.17 809.0 57.19 28.0 3008.0 1309.0 1699.0 0.0 57.1998
13:38:00 70.0 3378.0 nan 57.31 57.31 57.19 57.29 414.0 57.32 122.0 3378.0 2019.0 1359.0 0.0 57.2571
13:39:00 63.0 1808.0 nan 57.46 57.46 57.31 57.44 420.0 57.47 372.0 1808.0 890.0 918.0 0.0 57.3649
13:40:00 112.0 4873.0 nan 57.39 57.45 57.37 57.38 152.0 57.41 207.0 4873.0 2414.0 2459.0 0.0 57.4129
13:41:00 48.0 5111.0 nan 57.35 57.4 57.34 57.35 221.0 57.37 51.0 5111.0 1484.0 3627.0 0.0 57.3647
13:42:00 78.0 7708.0 nan 57.44 57.46 57.36 57.44 102.0 57.46 1.0 7708.0 6089.0 1619.0 0.0 57.4037
13:43:00 183.0 24662.0 nan 57.56 57.57 57.43 57.55 331.0 57.58 190.0 24662.0 7963.0 16699.0 0.0 57.5098
13:44:00 93.0 12425.0 nan 57.45 57.58 57.45 57.45 203.0 57.47 200.0 12425.0 2415.0 10010.0 0.0 57.5041
13:45:00 56.0 2449.0 nan 57.46 57.49 57.41 57.45 318.0 57.47 101.0 2449.0 1308.0 1141.0 0.0 57.4537
13:46:00 149.0 13483.0 nan 57.25 57.46 57.25 57.25 151.0 57.28 111.0 13483.0 4658.0 8825.0 0.0 57.3287
13:47:00 62.0 2303.0 nan 57.32 57.36 57.28 57.3 251.0 57.34 301.0 2303.0 1705.0 598.0 0.0 57.3223
13:48:00 60.0 4556.0 nan 57.29 57.3 57.23 57.26 463.0 57.29 496.0 4556.0 1017.0 3539.0 0.0 57.2553
13:49:00 72.0 2943.0 nan 57.24 57.29 57.22 57.23 70.0 57.25 1.0 2943.0 1161.0 1782.0 0.0 57.2524
13:50:00 94.0 4818.0 nan 57.3 57.34 57.25 57.27 350.0 57.31 200.0 4818.0 1280.0 3538.0 0.0 57.2942
13:51:00 135.0 4389.0 nan 57.3 57.41 57.29 57.29 50.0 57.31 300.0 4389.0 1560.0 2829.0 0.0 57.3571
13:52:00 73.0 2247.0 nan 57.24 57.295 57.21 57.22 1.0 57.24 1.0 2247.0 672.0 1575.0 0.0 57.2463
13:53:00 78.0 3873.0 nan 57.23 57.26 57.18 57.24 100.0 57.28 1009.0 3873.0 1370.0 2503.0 0.0 57.2191
13:54:00 72.0 4120.0 nan 57.15 57.24 57.1 57.15 120.0 57.18 50.0 4120.0 785.0 3335.0 0.0 57.1678
13:55:00 75.0 2959.0 nan 57.28 57.28 57.14 57.26 803.0 57.29 110.0 2959.0 1784.0 1175.0 0.0 57.2423
13:56:00 73.0 3536.0 nan 57.21 57.31 57.16 57.2 150.0 57.23 50.0 3536.0 857.0 2679.0 0.0 57.2524
13:57:00 49.0 2181.0 nan 57.24 57.24 57.17 57.22 303.0 57.25 50.0 2181.0 1578.0 603.0 0.0 57.1936
13:58:00 106.0 5890.0 nan 57.3 57.31 57.18 57.28 201.0 57.31 55.0 5890.0 3242.0 2648.0 0.0 57.2335
13:59:00 88.0 5065.0 nan 57.11 57.32 57.11 57.1 1001.0 57.14 150.0 5065.0 938.0 4127.0 0.0 57.2001
14:00:00 70.0 4313.0 nan 57.17 57.17 57.06 57.15 218.0 57.17 100.0 4313.0 1576.0 2737.0 0.0 57.1071
14:01:00 82.0 3601.0 nan 57.2 57.25 57.17 57.2 101.0 57.23 200.0 3601.0 1587.0 2014.0 0.0 57.2042
14:02:00 75.0 3590.0 nan 57.11 57.23 57.07 57.09 551.0 57.12 300.0 3590.0 851.0 2739.0 0.0 57.112
14:03:00 56.0 2051.0 nan 57.14 57.18 57.09 57.16 10.0 57.18 106.0 2051.0 522.0 1529.0 0.0 57.1404
14:04:00 90.0 5334.0 nan 57.13 57.2 57.06 57.13 201.0 57.16 7.0 5334.0 2466.0 2868.0 0.0 57.1203
14:05:00 77.0 3427.0 nan 57.11 57.17 57.11 57.11 3.0 57.14 100.0 3427.0 560.0 2867.0 0.0 57.1379
14:06:00 96.0 3504.0 nan 57.26 57.28 57.12 57.24 301.0 57.27 100.0 3504.0 1978.0 1526.0 0.0 57.2048
14:07:00 73.0 2148.0 nan 57.34 57.38 57.25 57.33 632.0 57.35 7.0 2148.0 842.0 1306.0 0.0 57.3472
14:08:00 100.0 4906.0 nan 57.26 57.35 57.21 57.24 200.0 57.27 100.0 4906.0 1754.0 3152.0 0.0 57.2826
14:09:00 100.0 5919.0 nan 57.03 57.24 57.03 57.04 301.0 57.08 500.0 5919.0 1419.0 4500.0 0.0 57.1216
14:10:00 90.0 3606.0 nan 57.1 57.13 57.03 57.1 151.0 57.14 63.0 3606.0 1734.0 1872.0 0.0 57.0784
14:11:00 70.0 3581.0 nan 57.15 57.22 57.12 57.13 245.0 57.16 107.0 3581.0 1712.0 1869.0 0.0 57.1743
14:12:00 43.0 1641.0 nan 57.16 57.19 57.14 57.13 150.0 57.15 1.0 1641.0 545.0 1096.0 0.0 57.161
14:13:00 58.0 2232.0 nan 57.16 57.16 57.11 57.14 155.0 57.17 100.0 2232.0 580.0 1652.0 0.0 57.139
14:14:00 82.0 4931.0 nan 57.21 57.27 57.12 57.21 150.0 57.23 100.0 4931.0 3775.0 1156.0 0.0 57.2136
14:15:00 68.0 2678.0 nan 57.19 57.29 57.17 57.19 7.0 57.22 100.0 2678.0 1454.0 1224.0 0.0 57.2371
14:16:00 68.0 2205.0 nan 57.26 57.31 57.19 57.24 442.0 57.27 1.0 2205.0 1034.0 1171.0 0.0 57.2836
14:17:00 123.0 6352.0 nan 57.19 57.26 57.18 57.18 593.0 57.2 50.0 6352.0 2671.0 3681.0 0.0 57.2117
14:18:00 59.0 4375.0 nan 57.16 57.18 57.1 57.15 56.0 57.17 108.0 4375.0 351.0 4024.0 0.0 57.1391
14:19:00 84.0 2884.0 nan 57.15 57.19 57.11 57.13 204.0 57.16 203.0 2884.0 1303.0 1581.0 0.0 57.1566
14:20:00 47.0 1469.0 nan 57.16 57.19 57.13 57.13 220.0 57.16 100.0 1469.0 582.0 887.0 0.0 57.1641
14:21:00 77.0 2808.0 nan 57.17 57.18 57.09 57.16 300.0 57.21 250.0 2808.0 1845.0 963.0 0.0 57.1299
14:22:00 67.0 3225.0 nan 57.16 57.24 57.15 57.15 347.0 57.19 200.0 3225.0 1375.0 1850.0 0.0 57.2077
14:23:00 45.0 1830.0 nan 57.14 57.19 57.14 57.14 306.0 57.17 200.0 1830.0 694.0 1136.0 0.0 57.1538
14:24:00 50.0 1670.0 nan 57.17 57.2 57.14 57.18 152.0 57.21 302.0 1670.0 550.0 1120.0 0.0 57.1653
14:25:00 69.0 4447.0 nan 57.24 57.29 57.21 57.23 4.0 57.26 50.0 4447.0 2872.0 1575.0 0.0 57.2618
14:26:00 84.0 5747.0 nan 57.2 57.24 57.18 57.21 2.0 57.23 50.0 5747.0 2592.0 3155.0 0.0 57.2097
14:27:00 122.0 6511.0 nan 57.12 57.25 57.12 57.11 501.0 57.15 500.0 6511.0 1677.0 4834.0 0.0 57.1724
14:28:00 53.0 4144.0 nan 57.12 57.14 57.09 57.11 14.0 57.13 248.0 4144.0 1017.0 3127.0 0.0 57.1082
14:29:00 83.0 4264.0 nan 57.06 57.12 57.04 57.04 353.0 57.06 12.0 4264.0 1252.0 3012.0 0.0 57.0744
14:30:00 121.0 8605.0 nan 57.03 57.06 56.99 57.03 2.0 57.06 458.0 8605.0 1854.0 6751.0 0.0 57.0075
14:31:00 109.0 5249.0 nan 57.01 57.04 56.99 56.99 419.0 57.03 701.0 5249.0 2580.0 2669.0 0.0 57.0118
14:32:00 80.0 3669.0 nan 57.05 57.1 57.01 57.04 1723.0 57.06 300.0 3669.0 2056.0 1613.0 0.0 57.061
14:33:00 70.0 3745.0 nan 57.04 57.06 57.0 57.03 468.0 57.05 300.0 3745.0 1178.0 2567.0 0.0 57.0316
14:34:00 107.0 5950.0 nan 56.95 57.03 56.93 56.93 2.0 56.95 321.0 5950.0 460.0 5490.0 0.0 56.9747
14:35:00 53.0 1651.0 nan 56.92 56.965 56.91 56.91 240.0 56.93 454.0 1651.0 718.0 933.0 0.0 56.94
14:36:00 101.0 4919.0 nan 56.88 56.92 56.86 56.88 82.0 56.9 450.0 4919.0 1178.0 3741.0 0.0 56.892
14:37:00 119.0 11567.0 nan 57.02 57.05 56.89 57.01 38.0 57.04 1162.0 11567.0 9411.0 2156.0 0.0 56.9694
14:38:00 118.0 7571.0 nan 57.03 57.1 56.99 57.03 100.0 57.04 687.0 7571.0 4038.0 3533.0 0.0 57.0529
14:39:00 106.0 6873.0 nan 57.15 57.16 57.04 57.13 414.0 57.16 151.0 6873.0 5369.0 1504.0 0.0 57.1231
14:40:00 78.0 3975.0 nan 57.17 57.21 57.13 57.16 3.0 57.18 50.0 3975.0 2761.0 1214.0 0.0 57.1714
14:41:00 78.0 3610.0 nan 57.17 57.25 57.16 57.15 298.0 57.19 353.0 3610.0 2221.0 1389.0 0.0 57.2127
14:42:00 105.0 4564.0 nan 57.18 57.24 57.13 57.17 250.0 57.19 661.0 4564.0 1616.0 2948.0 0.0 57.1887
14:43:00 140.0 8944.0 nan 57.15 57.19 57.08 57.14 802.0 57.18 151.0 8944.0 5299.0 3645.0 0.0 57.153
14:44:00 47.0 3155.0 nan 57.1 57.17 57.08 57.08 413.0 57.12 255.0 3155.0 262.0 2893.0 0.0 57.0917
14:45:00 49.0 2519.0 nan 57.055 57.08 57.02 57.04 2.0 57.05 5.0 2519.0 1270.0 1249.0 0.0 57.0498
14:46:00 59.0 3036.0 nan 57.04 57.08 57.04 57.03 1.0 57.06 279.0 3036.0 1330.0 1706.0 0.0 57.0623
14:47:00 108.0 4150.0 nan 57.11 57.12 57.0 57.1 905.0 57.12 100.0 4150.0 1855.0 2295.0 0.0 57.0606
14:48:00 85.0 3989.0 nan 57.11 57.12 57.07 57.1 98.0 57.12 262.0 3989.0 2104.0 1885.0 0.0 57.1008
14:49:00 90.0 4491.0 nan 57.01 57.1 57.01 57.01 733.0 57.03 453.0 4491.0 909.0 3582.0 0.0 57.0539
14:50:00 88.0 4067.0 nan 57.1 57.15 57.02 57.09 207.0 57.12 300.0 4067.0 2530.0 1537.0 0.0 57.0892
14:51:00 161.0 8831.0 nan 56.97 57.09 56.97 56.96 1.0 56.98 510.0 8831.0 2609.0 6222.0 0.0 57.0233
14:52:00 126.0 7085.0 nan 56.84 56.97 56.84 56.83 301.0 56.85 217.0 7085.0 1273.0 5812.0 0.0 56.8895
14:53:00 85.0 4608.0 nan 56.88 56.89 56.79 56.88 21.0 56.89 11.0 4608.0 2104.0 2504.0 0.0 56.8208
14:54:00 55.0 2323.0 nan 56.84 56.9 56.84 56.84 337.0 56.86 812.0 2323.0 546.0 1777.0 0.0 56.8749
14:55:00 109.0 6490.0 nan 56.85 56.88 56.82 56.84 108.0 56.86 150.0 6490.0 2034.0 4456.0 0.0 56.8496
14:56:00 84.0 3795.0 nan 56.85 56.92 56.84 56.84 379.0 56.87 1.0 3795.0 2145.0 1650.0 0.0 56.8665
14:57:00 213.0 22744.0 nan 56.74 56.87 56.73 56.73 300.0 56.75 269.0 22744.0 2442.0 20302.0 0.0 56.7839
14:58:00 235.0 20537.0 nan 56.7 56.76 56.66 56.68 300.0 56.71 458.0 20537.0 7469.0 13068.0 0.0 56.7251
14:59:00 104.0 9078.0 nan 56.7 56.73 56.67 56.69 302.0 56.72 273.0 9078.0 6446.0 2632.0 0.0 56.6854
15:00:00 110.0 5627.0 nan 56.68 56.72 56.66 56.66 455.0 56.7 4057.0 5627.0 3148.0 2479.0 0.0 56.6876
15:01:00 122.0 12137.0 nan 56.7 56.71 56.62 56.7 102.0 56.72 401.0 12137.0 9173.0 2964.0 0.0 56.6677
15:02:00 385.0 37392.0 nan 56.8 56.83 56.7 56.8 200.0 56.83 1056.0 37392.0 7060.0 30332.0 0.0 56.7792
15:03:00 127.0 7449.0 nan 56.86 56.88 56.8 56.84 1344.0 56.86 724.0 7449.0 4553.0 2896.0 0.0 56.8566
15:04:00 141.0 13427.0 nan 56.81 56.87 56.78 56.79 651.0 56.83 1045.0 13427.0 3769.0 9658.0 0.0 56.7985
15:05:00 199.0 17956.0 nan 56.75 56.79 56.73 56.72 1275.0 56.76 350.0 17956.0 1892.0 16064.0 0.0 56.7746
15:06:00 195.0 12931.0 nan 56.64 56.74 56.56 56.64 309.0 56.67 250.0 12931.0 4819.0 8112.0 0.0 56.6309
15:07:00 111.0 4838.0 nan 56.54 56.68 56.52 56.53 11.0 56.55 400.0 4838.0 1639.0 3199.0 0.0 56.6056
15:08:00 220.0 17041.0 nan 56.5 56.54 56.48 56.49 423.0 56.51 1.0 17041.0 3951.0 13090.0 0.0 56.5074
15:09:00 118.0 6315.0 nan 56.48 56.51 56.45 56.48 200.0 56.49 171.0 6315.0 1872.0 4443.0 0.0 56.4786
15:10:00 223.0 10387.0 nan 56.49 56.56 56.48 56.49 502.0 56.52 355.0 10387.0 6469.0 3918.0 0.0 56.5171
15:11:00 339.0 44143.0 nan 56.47 56.49 56.41 56.45 751.0 56.47 499.0 44143.0 10114.0 34029.0 0.0 56.4507
15:12:00 164.0 13608.0 nan 56.32 56.5 56.31 56.3 909.0 56.32 558.0 13608.0 5594.0 8014.0 0.0 56.4195
15:13:00 156.0 10073.0 nan 56.39 56.4 56.31 56.39 150.0 56.4 4.0 10073.0 7439.0 2634.0 0.0 56.3581
15:14:00 209.0 10370.0 nan 56.44 56.45 56.34 56.43 551.0 56.45 200.0 10370.0 6169.0 4201.0 0.0 56.3839
15:15:00 192.0 9745.0 nan 56.46 56.48 56.38 56.46 718.0 56.47 1.0 9745.0 5936.0 3809.0 0.0 56.4331
15:16:00 245.0 26456.0 nan 56.43 56.47 56.39 56.42 200.0 56.44 1.0 26456.0 4767.0 21689.0 0.0 56.4222
15:17:00 251.0 15690.0 nan 56.67 56.67 56.44 56.66 50.0 56.68 110.0 15690.0 9809.0 5881.0 0.0 56.5227
15:18:00 201.0 14838.0 nan 56.66 56.67 56.62 56.63 1000.0 56.66 1038.0 14838.0 9192.0 5646.0 0.0 56.6457
15:19:00 255.0 17328.0 nan 56.56 56.67 56.56 56.56 51.0 56.58 1000.0 17328.0 9274.0 8054.0 0.0 56.6146
15:20:00 188.0 11221.0 nan 56.54 56.59 56.5 56.52 603.0 56.55 1507.0 11221.0 6858.0 4363.0 0.0 56.5339
15:21:00 258.0 17253.0 nan 56.42 56.53 56.39 56.42 200.0 56.44 605.0 17253.0 10034.0 7219.0 0.0 56.4569
15:22:00 194.0 10209.0 nan 56.45 56.47 56.439 56.44 492.0 56.46 240.0 10209.0 5786.0 4423.0 0.0 56.4489
15:23:00 203.0 10178.0 nan 56.43 56.48 56.38 56.41 729.0 56.44 450.0 10178.0 6021.0 4157.0 0.0 56.4372
15:24:00 219.0 12834.0 nan 56.37 56.48 56.37 56.37 941.0 56.38 1.0 12834.0 7399.0 5435.0 0.0 56.4325
15:25:00 140.0 8224.0 nan 56.33 56.44 56.32 56.32 472.0 56.34 725.0 8224.0 3636.0 4588.0 0.0 56.3948
15:26:00 313.0 22012.0 nan 56.19 56.35 56.15 56.17 18.0 56.2 675.0 22012.0 5896.0 16116.0 0.0 56.2338
15:27:00 161.0 9886.0 nan 56.24 56.28 56.2 56.24 207.0 56.26 600.0 9886.0 6356.0 3530.0 0.0 56.2454
15:28:00 183.0 9696.0 nan 56.19 56.26 56.13 56.16 564.0 56.19 150.0 9696.0 4876.0 4820.0 0.0 56.2002
15:29:00 257.0 13528.0 nan 56.08 56.25 56.07 56.06 2261.0 56.09 565.0 13528.0 5959.0 7569.0 0.0 56.1405
15:30:00 141.0 7137.0 nan 56.16 56.19 56.09 56.15 301.0 56.17 664.0 7137.0 4429.0 2708.0 0.0 56.1444
15:31:00 217.0 10410.0 nan 56.25 56.26 56.12 56.25 50.0 56.27 91.0 10410.0 6506.0 3904.0 0.0 56.1935
15:32:00 165.0 9353.0 nan 56.24 56.32 56.24 56.23 282.0 56.25 200.0 9353.0 3440.0 5913.0 0.0 56.2798
15:33:00 289.0 16535.0 nan 56.43 56.47 56.22 56.41 628.0 56.44 410.0 16535.0 8106.0 8429.0 0.0 56.3894
15:34:00 179.0 8920.0 nan 56.35 56.42 56.27 56.35 435.0 56.38 100.0 8920.0 3805.0 5115.0 0.0 56.3419
15:35:00 225.0 10458.0 nan 56.43 56.49 56.35 56.42 60.0 56.44 300.0 10458.0 5920.0 4538.0 0.0 56.4202
15:36:00 245.0 15124.0 nan 56.48 56.49 56.4 56.47 403.0 56.5 478.0 15124.0 10910.0 4214.0 0.0 56.4395
15:37:00 263.0 12952.0 nan 56.46 56.52 56.39 56.45 300.0 56.47 250.0 12952.0 5779.0 7173.0 0.0 56.4487
15:38:00 309.0 14058.0 nan 56.34 56.46 56.33 56.33 431.0 56.36 104.0 14058.0 5573.0 8485.0 0.0 56.3909
15:39:00 168.0 9376.0 nan 56.42 56.44 56.36 56.41 1309.0 56.43 600.0 9376.0 4377.0 4999.0 0.0 56.4088
15:40:00 206.0 11004.0 nan 56.56 56.56 56.42 56.54 256.0 56.56 1.0 11004.0 7394.0 3610.0 0.0 56.4925
15:41:00 270.0 14365.0 nan 56.66 56.69 56.54 56.66 251.0 56.67 245.0 14365.0 8792.0 5573.0 0.0 56.6072
15:42:00 175.0 8445.0 nan 56.57 56.67 56.52 56.56 50.0 56.59 862.0 8445.0 3090.0 5355.0 0.0 56.5764
15:43:00 157.0 7521.0 nan 56.66 56.66 56.56 56.66 503.0 56.67 400.0 7521.0 4638.0 2883.0 0.0 56.6013
15:44:00 338.0 16339.0 nan 56.61 56.69 56.56 56.6 460.0 56.62 300.0 16339.0 7024.0 9315.0 0.0 56.6221
15:45:00 218.0 11211.0 nan 56.51 56.64 56.48 56.5 402.0 56.52 350.0 11211.0 4730.0 6481.0 0.0 56.5341
15:46:00 379.0 19615.0 nan 56.45 56.52 56.41 56.44 157.0 56.45 100.0 19615.0 8391.0 11224.0 0.0 56.4617
15:47:00 285.0 11428.0 nan 56.52 56.55 56.42 56.5 404.0 56.53 806.0 11428.0 6541.0 4887.0 0.0 56.5022
15:48:00 264.0 10970.0 nan 56.54 56.57 56.5 56.52 954.0 56.54 100.0 10970.0 5579.0 5391.0 0.0 56.53
15:49:00 424.0 20429.0 nan 56.53 56.62 56.53 56.52 1402.0 56.54 647.0 20429.0 12032.0 8397.0 0.0 56.5803
15:50:00 260.0 13956.0 nan 56.48 56.55 56.46 56.46 790.0 56.49 330.0 13956.0 6095.0 7861.0 0.0 56.5064
15:51:00 537.0 33812.0 nan 56.34 56.48 56.24 56.34 50.0 56.35 645.0 33812.0 13326.0 20486.0 0.0 56.3024
15:52:00 594.0 34442.0 nan 56.35 56.52 56.25 56.34 501.0 56.35 50.0 34442.0 16797.0 17645.0 0.0 56.3844
15:53:00 358.0 16540.0 nan 56.31 56.36 56.26 56.3 422.0 56.31 201.0 16540.0 9338.0 7202.0 0.0 56.301
15:54:00 349.0 29370.0 nan 56.41 56.47 56.31 56.39 1122.0 56.41 786.0 29370.0 17795.0 11575.0 0.0 56.405
15:55:00 330.0 18123.0 nan 56.33 56.415 56.33 56.32 210.0 56.34 417.0 18123.0 9642.0 8481.0 0.0 56.3723
15:56:00 572.0 30918.0 nan 56.28 56.32 56.25 56.27 613.0 56.28 848.0 30918.0 15349.0 15569.0 0.0 56.2801
15:57:00 532.0 36218.0 nan 56.18 56.275 56.17 56.17 303.0 56.18 1410.0 36218.0 15753.0 20465.0 0.0 56.2061
15:58:00 539.0 33201.0 nan 56.29 56.34 56.17 56.29 1011.0 56.3 1984.0 33201.0 18087.0 15114.0 0.0 56.2771
15:59:00 739.0 47730.0 nan 56.28 56.34 56.25 56.28 773.0 56.29 1394.0 47730.0 24322.0 23408.0 0.0 56.2933
16:00:00 1041.0 66485.0 nan 56.2 56.29 56.18 56.2 2581.0 56.21 3047.0 66485.0 28755.0 37730.0 0.0 56.2379
16:01:00 3.0 18.0 nan 56.23 56.23 56.21 56.2 2581.0 56.23 10777.0 18.0 18.0 0.0 0.0 56.23
16:02:00 2.0 105.0 nan 56.26 56.28 56.26 56.2 2581.0 56.23 10777.0 105.0 100.0 5.0 0.0 56.279
16:03:00 0.0 0.0 nan 56.26 nan nan 56.2 2581.0 56.23 10777.0 nan 0.0 0.0 0.0 nan
16:04:00 1.0 1.0 nan 56.28 56.28 56.28 56.2 2581.0 56.23 10777.0 1.0 1.0 0.0 0.0 56.28
16:05:00 0.0 0.0 nan 56.28 nan nan 56.2 2581.0 56.23 10777.0 nan 0.0 0.0 0.0 nan
16:06:00 2.0 2.0 nan 56.28 56.28 56.28 56.21 105.0 56.23 10777.0 2.0 2.0 0.0 0.0 56.28
16:07:00 0.0 0.0 nan 56.28 nan nan 56.21 105.0 56.23 10777.0 nan 0.0 0.0 0.0 nan
16:08:00 1.0 7.0 nan 56.26 56.26 56.26 56.21 105.0 56.23 10777.0 7.0 7.0 0.0 0.0 56.26
16:09:00 0.0 0.0 nan 56.26 nan nan 56.21 105.0 56.23 10777.0 nan 0.0 0.0 0.0 nan
16:10:00 3.0 1003.0 nan 56.28 56.28 56.26 56.21 105.0 56.23 10777.0 1003.0 3.0 1000.0 0.0 56.2601
16:11:00 0.0 0.0 nan 56.28 nan nan 56.21 105.0 56.23 10777.0 nan 0.0 0.0 0.0 nan
16:12:00 0.0 0.0 nan 56.28 nan nan 56.21 105.0 56.23 10777.0 nan 0.0 0.0 0.0 nan
16:13:00 0.0 0.0 nan 56.28 nan nan 56.21 105.0 56.23 10777.0 nan 0.0 0.0 0.0 nan
16:14:00 0.0 0.0 nan 56.28 nan nan 56.21 305.0 56.23 10777.0 nan 0.0 0.0 0.0 nan
16:15:00 1.0 10.0 nan 56.26 56.26 56.26 56.24 100.0 56.23 10777.0 10.0 0.0 10.0 0.0 56.26
16:16:00 1.0 10.0 nan 56.26 56.26 56.26 56.26 55.0 56.23 10777.0 10.0 0.0 10.0 0.0 56.26
16:17:00 2.0 55.0 nan 56.26 56.26 56.26 56.24 2.0 56.23 10777.0 55.0 0.0 55.0 0.0 56.26
16:18:00 0.0 0.0 nan 56.26 nan nan 56.24 2.0 56.23 10777.0 nan 0.0 0.0 0.0 nan
16:19:00 2.0 5.0 nan 56.25 56.25 56.24 56.22 20.0 56.23 10777.0 5.0 0.0 5.0 0.0 56.246
16:20:00 1.0 1.0 nan 56.26 56.26 56.26 56.22 20.0 56.23 10777.0 1.0 1.0 0.0 0.0 56.26
16:21:00 2.0 4.0 nan 56.26 56.26 56.25 56.22 20.0 56.23 10777.0 4.0 4.0 0.0 0.0 56.25
16:22:00 1.0 1.0 nan 56.25 56.25 56.25 56.22 20.0 56.23 10777.0 1.0 1.0 0.0 0.0 56.25
16:23:00 3.0 29.0 nan 56.23 56.23 56.23 56.22 20.0 56.23 10777.0 29.0 29.0 0.0 0.0 56.23
16:24:00 1.0 10.0 nan 56.23 56.23 56.23 56.22 20.0 56.23 10777.0 10.0 10.0 0.0 0.0 56.23
16:25:00 6.0 390.0 nan 56.26 56.26 56.21 56.21 158.0 56.22 70.0 390.0 290.0 100.0 0.0 56.2175
16:26:00 2.0 5.0 nan 56.26 56.26 56.22 56.21 159.0 56.22 65.0 5.0 5.0 0.0 0.0 56.22
16:27:00 13.0 199.0 nan 56.26 56.26 56.22 56.25 500.0 56.23 10777.0 199.0 199.0 0.0 0.0 56.2469
16:28:00 6.0 0.0 nan 56.27 56.66 56.26 56.25 501.0 56.23 10777.0 nan 0.0 0.0 0.0 nan
16:29:00 1.0 0.0 nan 56.27 56.27 56.27 56.27 100.0 56.23 10777.0 nan 0.0 0.0 0.0 nan
16:30:00 1.0 10.0 nan 56.27 56.27 56.27 56.27 90.0 56.23 10777.0 10.0 0.0 10.0 0.0 56.27
16:31:00 0.0 0.0 nan 56.27 nan nan 56.27 91.0 56.23 10777.0 nan 0.0 0.0 0.0 nan
16:32:00 0.0 0.0 nan 56.27 nan nan 56.27 91.0 56.23 10777.0 nan 0.0 0.0 0.0 nan
16:33:00 0.0 0.0 nan 56.27 nan nan 56.27 91.0 56.23 10777.0 nan 0.0 0.0 0.0 nan
16:34:00 0.0 0.0 nan 56.27 nan nan 56.27 91.0 56.23 10777.0 nan 0.0 0.0 0.0 nan
16:35:00 0.0 0.0 nan 56.27 nan nan 56.27 91.0 56.23 10777.0 nan 0.0 0.0 0.0 nan
16:36:00 0.0 0.0 nan 56.27 nan nan 56.27 117.0 56.23 10777.0 nan 0.0 0.0 0.0 nan
16:37:00 2.0 15.0 nan 56.36 56.36 56.3 56.31 250.0 56.23 10777.0 15.0 10.0 5.0 0.0 56.32
16:38:00 1.0 250.0 nan 56.31 56.31 56.31 56.28 1.0 56.23 10777.0 250.0 0.0 250.0 0.0 56.31
16:39:00 0.0 0.0 nan 56.31 nan nan 56.29 20.0 56.23 10777.0 nan 0.0 0.0 0.0 nan
16:40:00 0.0 0.0 nan 56.31 nan nan 56.29 20.0 56.23 10777.0 nan 0.0 0.0 0.0 nan
16:41:00 1.0 495.0 nan 56.3 56.3 56.3 56.3 505.0 56.23 10777.0 495.0 0.0 495.0 0.0 56.3
16:42:00 0.0 0.0 nan 56.3 nan nan 56.3 505.0 56.23 10777.0 nan 0.0 0.0 0.0 nan
16:43:00 0.0 0.0 nan 56.3 nan nan 56.3 505.0 56.23 10777.0 nan 0.0 0.0 0.0 nan
16:44:00 0.0 0.0 nan 56.3 nan nan 56.3 505.0 56.23 10777.0 nan 0.0 0.0 0.0 nan
16:45:00 4.0 575.0 nan 56.29 56.31 56.29 56.28 1.0 56.23 10777.0 575.0 50.0 525.0 0.0 56.3005
16:46:00 4.0 10.0 nan 56.29 56.29 56.29 56.28 1.0 56.23 10777.0 10.0 10.0 0.0 0.0 56.29
16:47:00 22.0 625.0 nan 56.29 56.29 56.27 56.25 601.0 56.23 10777.0 625.0 623.0 2.0 0.0 56.278
16:48:00 3.0 165.0 nan 56.25 56.29 56.25 56.25 533.0 56.23 10777.0 165.0 97.0 68.0 0.0 56.2677
16:49:00 0.0 0.0 nan 56.25 nan nan 56.25 533.0 56.23 10777.0 nan 0.0 0.0 0.0 nan
16:50:00 0.0 0.0 nan 56.25 nan nan 56.25 1033.0 56.23 10777.0 nan 0.0 0.0 0.0 nan
16:51:00 0.0 0.0 nan 56.25 nan nan 56.25 533.0 56.23 10777.0 nan 0.0 0.0 0.0 nan
16:52:00 2.0 100.0 nan 56.29 56.29 56.27 56.25 533.0 56.23 10777.0 100.0 100.0 0.0 0.0 56.272
16:53:00 1.0 20.0 nan 56.27 56.27 56.27 56.25 533.0 56.23 10777.0 20.0 20.0 0.0 0.0 56.27
16:54:00 0.0 0.0 nan 56.27 nan nan 56.25 533.0 56.23 10777.0 nan 0.0 0.0 0.0 nan
16:55:00 1.0 26.0 nan 56.25 56.25 56.25 56.25 507.0 56.23 10777.0 26.0 0.0 26.0 0.0 56.25
16:56:00 1.0 49.0 nan 56.27 56.27 56.27 56.25 507.0 56.23 10777.0 49.0 49.0 0.0 0.0 56.27
16:57:00 0.0 0.0 nan 56.27 nan nan 56.25 507.0 56.23 10777.0 nan 0.0 0.0 0.0 nan
16:58:00 7.0 547.0 nan 56.25 56.29 56.25 56.25 493.0 56.23 10777.0 547.0 532.0 15.0 0.0 56.2731
16:59:00 0.0 0.0 nan 56.25 nan nan 56.25 494.0 56.23 10777.0 nan 0.0 0.0 0.0 nan
17:00:00 4.0 44.0 nan 56.29 56.29 56.29 56.25 494.0 56.23 10777.0 44.0 44.0 0.0 0.0 56.29
