time trade_count trade_volume trade_first trade_last trade_high trade_low bid_price bid_size ask_price ask_size hid_vol buy_vol sell_vol unsided_vol vwap
09:00:00 nan 0.0 nan nan nan nan 54.2 73.0 54.3 50.0 nan 0.0 0.0 0.0 nan
09:01:00 0.0 0.0 nan nan nan nan 54.2 73.0 54.3 50.0 nan 0.0 0.0 0.0 nan
09:02:00 3.0 73.0 nan 54.2 54.2 54.2 54.01 5.0 54.2 397.0 73.0 0.0 73.0 0.0 54.2
09:03:00 1.0 57.0 nan 54.0 54.0 54.0 54.01 5.0 54.2 397.0 57.0 0.0 57.0 0.0 54.0
09:04:00 0.0 0.0 nan 54.0 nan nan 54.01 5.0 54.1 5050.0 nan 0.0 0.0 0.0 nan
09:05:00 2.0 50.0 nan 54.0 54.0 54.0 54.01 5.0 54.1 5010.0 50.0 0.0 50.0 0.0 54.0
09:06:00 0.0 0.0 nan 54.0 nan nan 54.01 5.0 54.05 30.0 nan 0.0 0.0 0.0 nan
09:07:00 5.0 150.0 nan 54.05 54.05 54.0 54.0 169.0 54.1 5160.0 150.0 69.0 81.0 0.0 54.0103
09:08:00 4.0 200.0 nan 53.95 54.0 53.95 54.0 149.0 54.1 5160.0 200.0 1.0 199.0 0.0 53.9873
09:09:00 3.0 151.0 nan 54.0 54.08 54.0 53.92 100.0 54.0 1151.0 151.0 0.0 151.0 0.0 54.0
09:10:00 1.0 100.0 nan 53.92 53.92 53.92 53.75 11.0 53.92 700.0 100.0 0.0 100.0 0.0 53.92
09:11:00 4.0 700.0 nan 53.97 53.97 53.91 53.75 11.0 53.99 6.0 700.0 700.0 0.0 0.0 53.92
09:12:00 5.0 156.0 nan 53.93 53.93 53.85 53.75 11.0 54.0 1181.0 156.0 156.0 0.0 0.0 53.8821
09:13:00 19.0 695.0 nan 53.71 53.89 53.71 53.71 100.0 54.0 230.0 695.0 501.0 194.0 0.0 53.742
09:14:00 8.0 329.0 nan 53.7 53.72 53.7 53.71 6.0 54.0 430.0 329.0 0.0 329.0 0.0 53.7056
09:15:00 6.0 670.0 nan 53.83 53.9 53.74 53.79 6.0 54.0 430.0 670.0 670.0 0.0 0.0 53.8666
09:16:00 1.0 6.0 nan 53.83 53.83 53.83 53.79 6.0 54.0 430.0 6.0 6.0 0.0 0.0 53.83
09:17:00 15.0 494.0 nan 53.7 53.9 53.7 53.7 180.0 53.93 150.0 494.0 109.0 385.0 0.0 53.7453
09:18:00 38.0 1646.0 nan 53.85 54.0 53.64 53.65 47.0 53.99 100.0 1646.0 822.0 824.0 0.0 53.8634
09:19:00 0.0 0.0 nan 53.85 nan nan 53.65 47.0 53.99 100.0 nan 0.0 0.0 0.0 nan
09:20:00 0.0 0.0 nan 53.85 nan nan 53.85 10.0 53.84 4.0 nan 0.0 0.0 0.0 nan
09:21:00 1.0 4.0 nan 53.85 53.85 53.85 53.85 106.0 53.99 100.0 4.0 0.0 4.0 0.0 53.85
09:22:00 4.0 136.0 nan 53.85 53.85 53.85 53.81 6.0 53.9 5050.0 136.0 22.0 114.0 0.0 53.85
09:23:00 0.0 0.0 nan 53.85 nan nan 53.81 2.0 53.85 25.0 nan 0.0 0.0 0.0 nan
09:24:00 2.0 45.0 nan 53.8 53.8 53.8 53.81 2.0 53.85 24.0 45.0 0.0 45.0 0.0 53.8
09:25:00 11.0 262.0 nan 53.75 53.85 53.7 53.75 24.0 53.9 5000.0 262.0 77.0 185.0 0.0 53.7995
09:26:00 0.0 0.0 nan 53.75 nan nan 53.75 24.0 53.9 5100.0 nan 0.0 0.0 0.0 nan
09:27:00 1.0 0.0 nan 53.67 53.67 53.67 53.75 24.0 53.9 5100.0 nan 0.0 0.0 0.0 nan
09:28:00 8.0 257.0 nan 53.61 53.75 53.61 53.61 389.0 53.8 216.0 257.0 0.0 257.0 0.0 53.6494
09:29:00 3.0 300.0 nan 53.61 53.61 53.61 53.73 400.0 54.0 201.0 300.0 0.0 300.0 0.0 53.61
09:30:00 25.0 1512.0 nan 53.47 53.73 53.47 53.41 400.0 53.58 200.0 1512.0 0.0 1512.0 0.0 53.6047
09:31:00 135.0 5471.0 nan 53.46 53.89 53.32 53.46 18.0 53.73 200.0 5471.0 1361.0 4110.0 0.0 53.5102
09:32:00 591.0 29079.0 nan 53.87 53.92 53.25 53.78 60.0 53.87 75.0 29079.0 17338.0 11741.0 0.0 53.5321
09:33:00 256.0 19030.0 nan 54.41 54.41 53.83 54.33 25.0 54.44 4.0 19030.0 15935.0 3095.0 0.0 54.1912
09:34:00 561.0 28328.0 nan 54.66 54.72 54.25 54.63 2234.0 54.72 150.0 28328.0 10933.0 17395.0 0.0 54.5387
09:35:00 390.0 23013.0 nan 54.59 54.78 54.3 54.54 125.0 54.63 125.0 23013.0 6121.0 16892.0 0.0 54.6266
09:36:00 341.0 19386.0 nan 55.03 55.03 54.47 55.01 500.0 55.05 176.0 19386.0 8792.0 10594.0 0.0 54.8195
09:37:00 557.0 32618.0 nan 55.51 55.51 55.0 55.46 575.0 55.54 200.0 32618.0 15823.0 16795.0 0.0 55.2201
09:38:00 343.0 24871.0 nan 55.06 55.66 55.06 55.01 760.0 55.09 465.0 24871.0 7162.0 17709.0 0.0 55.4766
09:39:00 808.0 54075.0 nan 54.83 55.21 54.66 54.78 25.0 54.84 165.0 54075.0 8943.0 45132.0 0.0 54.8817
09:40:00 505.0 36854.0 nan 55.0 55.04 54.77 54.93 850.0 55.0 82.0 36854.0 19547.0 17307.0 0.0 54.9046
09:41:00 537.0 39231.0 nan 55.64 55.65 54.96 55.63 79.0 55.65 39.0 39231.0 24537.0 14694.0 0.0 55.4863
09:42:00 338.0 24823.0 nan 55.52 55.63 55.16 55.48 682.0 55.55 200.0 24823.0 6364.0 18459.0 0.0 55.3397
09:43:00 194.0 13124.0 nan 55.5 55.62 55.3 55.43 435.0 55.5 100.0 13124.0 6150.0 6974.0 0.0 55.4743
09:44:00 205.0 14315.0 nan 55.2 55.7 55.2 55.15 100.0 55.2 250.0 14315.0 2430.0 11885.0 0.0 55.4557
09:45:00 191.0 10361.0 nan 55.085 55.23 54.96 55.07 40.0 55.1 200.0 10361.0 1901.0 8460.0 0.0 55.1013
09:46:00 347.0 22555.0 nan 55.1 55.17 54.85 55.1 60.0 55.13 259.0 22555.0 6904.0 15651.0 0.0 55.0242
09:47:00 457.0 38086.0 nan 55.3 55.57 55.05 55.3 100.0 55.35 50.0 38086.0 19266.0 18820.0 0.0 55.3471
09:48:00 471.0 28234.0 nan 55.42 55.57 55.23 55.39 750.0 55.43 100.0 28234.0 9553.0 18681.0 0.0 55.3678
09:49:00 317.0 19747.0 nan 55.38 55.405 55.2 55.38 199.0 55.39 300.0 19747.0 10746.0 9001.0 0.0 55.2877
09:50:00 342.0 16292.0 nan 55.18 55.42 55.18 55.16 760.0 55.22 65.0 16292.0 4412.0 11880.0 0.0 55.2853
09:51:00 250.0 13593.0 nan 55.52 55.55 55.14 55.52 210.0 55.56 492.0 13593.0 8156.0 5437.0 0.0 55.2862
09:52:00 315.0 16130.0 nan 55.21 55.52 55.1 55.18 50.0 55.21 152.0 16130.0 5094.0 11036.0 0.0 55.294
09:53:00 523.0 37275.0 nan 55.52 55.72 55.13 55.51 350.0 55.55 100.0 37275.0 19674.0 17601.0 0.0 55.4609
09:54:00 316.0 24746.0 nan 55.42 55.66 55.41 55.42 100.0 55.45 50.0 24746.0 11757.0 12989.0 0.0 55.5118
09:55:00 254.0 13828.0 nan 55.5 55.64 55.43 55.48 123.0 55.51 50.0 13828.0 5830.0 7998.0 0.0 55.5217
09:56:00 401.0 29228.0 nan 55.89 55.89 55.41 55.87 1931.0 55.9 100.0 29228.0 13835.0 15393.0 0.0 55.6852
09:57:00 537.0 47556.0 nan 55.96 56.16 55.81 55.95 495.0 55.97 263.0 47556.0 20597.0 26959.0 0.0 56.0016
09:58:00 315.0 18204.0 nan 55.93 55.97 55.77 55.92 800.0 55.95 903.0 18204.0 6756.0 11448.0 0.0 55.8745
09:59:00 216.0 12554.0 nan 55.93 56.13 55.89 55.91 1100.0 55.95 162.0 12554.0 4290.0 8264.0 0.0 55.9967
10:00:00 693.0 55293.0 nan 56.28 56.33 55.95 56.26 434.0 56.28 367.0 55293.0 28241.0 27052.0 0.0 56.2056
10:01:00 657.0 40842.0 nan 56.13 56.64 56.1 56.1 750.0 56.15 350.0 40842.0 12450.0 28392.0 0.0 56.3889
10:02:00 314.0 21977.0 nan 55.92 56.16 55.9 55.92 350.0 55.96 250.0 21977.0 9272.0 12705.0 0.0 56.0463
10:03:00 230.0 14953.0 nan 55.49 55.97 55.49 55.47 25.0 55.51 1301.0 14953.0 6188.0 8765.0 0.0 55.8673
10:04:00 321.0 15850.0 nan 55.23 55.47 55.2 55.2 650.0 55.26 300.0 15850.0 9865.0 5985.0 0.0 55.3222
10:05:00 156.0 11179.0 nan 55.11 55.37 55.11 55.11 2698.0 55.15 352.0 11179.0 4556.0 6623.0 0.0 55.2776
10:06:00 480.0 24992.0 nan 55.28 55.29 54.92 55.24 200.0 55.29 850.0 24992.0 15251.0 9741.0 0.0 55.0581
10:07:00 394.0 18919.0 nan 55.09 55.265 54.97 55.08 228.0 55.12 100.0 18919.0 5854.0 13065.0 0.0 55.1304
10:08:00 314.0 14862.0 nan 55.01 55.22 54.89 54.97 60.0 55.02 150.0 14862.0 7259.0 7603.0 0.0 55.0391
10:09:00 279.0 15367.0 nan 54.67 54.99 54.66 54.63 2274.0 54.68 392.0 15367.0 6376.0 8991.0 0.0 54.8482
10:10:00 248.0 27363.0 nan 54.52 54.78 54.42 54.51 113.0 54.57 250.0 27363.0 16699.0 10664.0 0.0 54.5488
10:11:00 94.0 5085.0 nan 54.325 54.55 54.31 54.29 200.0 54.34 1209.0 5085.0 2483.0 2602.0 0.0 54.3922
10:12:00 192.0 9234.0 nan 54.43 54.5 54.28 54.39 300.0 54.44 150.0 9234.0 5915.0 3319.0 0.0 54.3988
10:13:00 156.0 7428.0 nan 54.43 54.68 54.4 54.45 350.0 54.49 5.0 7428.0 4107.0 3321.0 0.0 54.5425
10:14:00 155.0 7280.0 nan 54.58 54.59 54.49 54.57 50.0 54.6 516.0 7280.0 3053.0 4227.0 0.0 54.5525
10:15:00 420.0 27522.0 nan 54.84 54.95 54.55 54.81 200.0 54.86 210.0 27522.0 19817.0 7705.0 0.0 54.7582
10:16:00 158.0 7043.0 nan 54.58 54.89 54.58 54.56 287.0 54.61 20.0 7043.0 3413.0 3630.0 0.0 54.6663
10:17:00 261.0 15711.0 nan 54.56 54.73 54.47 54.55 100.0 54.59 50.0 15711.0 8921.0 6790.0 0.0 54.5858
10:18:00 278.0 12207.0 nan 54.53 54.68 54.5 54.5 200.0 54.53 2350.0 12207.0 4370.0 7837.0 0.0 54.5796
10:19:00 271.0 17788.0 nan 54.37 54.5 54.24 54.35 230.0 54.39 753.0 17788.0 8596.0 9192.0 0.0 54.3315
10:20:00 91.0 3934.0 nan 54.41 54.47 54.34 54.37 223.0 54.43 50.0 3934.0 2766.0 1168.0 0.0 54.4162
10:21:00 165.0 10533.0 nan 54.8 54.8 54.43 54.78 500.0 54.8 5.0 10533.0 8111.0 2422.0 0.0 54.5591
10:22:00 119.0 5660.0 nan 54.84 54.9 54.71 54.78 250.0 54.82 10.0 5660.0 2678.0 2982.0 0.0 54.8459
10:23:00 117.0 6012.0 nan 54.86 54.87 54.64 54.83 250.0 54.86 100.0 6012.0 3470.0 2542.0 0.0 54.78
10:24:00 195.0 12462.0 nan 55.12 55.15 54.81 55.1 100.0 55.13 300.0 12462.0 8261.0 4201.0 0.0 55.0326
10:25:00 163.0 8389.0 nan 55.27 55.28 55.09 55.28 200.0 55.32 1.0 8389.0 5229.0 3160.0 0.0 55.1936
10:26:00 210.0 14378.0 nan 55.52 55.64 55.28 55.52 100.0 55.55 400.0 14378.0 8038.0 6340.0 0.0 55.4948
10:27:00 210.0 9999.0 nan 55.47 55.55 55.35 55.43 751.0 55.48 600.0 9999.0 4356.0 5643.0 0.0 55.4112
10:28:00 179.0 11373.0 nan 55.7 55.75 55.43 55.68 800.0 55.71 600.0 11373.0 6636.0 4737.0 0.0 55.6031
10:29:00 228.0 12667.0 nan 55.52 55.735 55.45 55.52 200.0 55.54 242.0 12667.0 4914.0 7753.0 0.0 55.5667
10:30:00 109.0 5799.0 nan 55.44 55.63 55.44 55.41 50.0 55.46 250.0 5799.0 3179.0 2620.0 0.0 55.5608
10:31:00 229.0 13097.0 nan 55.4 55.65 55.39 55.39 31.0 55.42 76.0 13097.0 8387.0 4710.0 0.0 55.4655
10:32:00 156.0 8001.0 nan 55.43 55.6 55.29 55.4 650.0 55.45 50.0 8001.0 5486.0 2515.0 0.0 55.4425
10:33:00 89.0 4826.0 nan 55.74 55.79 55.41 55.7 653.0 55.77 150.0 4826.0 2277.0 2549.0 0.0 55.6904
10:34:00 161.0 11903.0 nan 55.53 55.88 55.53 55.5 2.0 55.55 80.0 11903.0 3133.0 8770.0 0.0 55.6988
10:35:00 88.0 5215.0 nan 55.68 55.8 55.54 55.62 100.0 55.69 150.0 5215.0 3940.0 1275.0 0.0 55.6635
10:36:00 124.0 5193.0 nan 55.58 55.62 55.21 55.55 200.0 55.62 48.0 5193.0 2357.0 2836.0 0.0 55.3848
10:37:00 90.0 5441.0 nan 55.61 55.76 55.55 55.57 200.0 55.63 300.0 5441.0 3143.0 2298.0 0.0 55.6556
10:38:00 289.0 17935.0 nan 56.18 56.24 55.58 56.16 150.0 56.21 107.0 17935.0 16043.0 1892.0 0.0 56.0322
10:39:00 166.0 8031.0 nan 56.28 56.33 56.15 56.26 150.0 56.31 150.0 8031.0 5261.0 2770.0 0.0 56.2202
10:40:00 117.0 10517.0 nan 56.2 56.35 56.16 56.18 100.0 56.25 250.0 10517.0 7716.0 2801.0 0.0 56.2521
10:41:00 139.0 8080.0 nan 56.11 56.25 56.06 56.12 200.0 56.17 150.0 8080.0 4076.0 4004.0 0.0 56.1512
10:42:00 179.0 9270.0 nan 56.21 56.36 56.13 56.18 100.0 56.22 150.0 9270.0 6234.0 3036.0 0.0 56.2334
10:43:00 104.0 7748.0 nan 56.29 56.31 56.14 56.28 200.0 56.32 300.0 7748.0 6383.0 1365.0 0.0 56.2169
10:44:00 120.0 5833.0 nan 56.38 56.4 56.2 56.34 500.0 56.38 358.0 5833.0 3177.0 2656.0 0.0 56.2975
10:45:00 81.0 5376.0 nan 56.49 56.49 56.35 56.46 50.0 56.5 1619.0 5376.0 2265.0 3111.0 0.0 56.4056
10:46:00 104.0 5482.0 nan 56.3 56.48 56.3 56.28 203.0 56.32 155.0 5482.0 996.0 4486.0 0.0 56.3699
10:47:00 114.0 8046.0 nan 56.19 56.3 56.15 56.13 317.0 56.19 126.0 8046.0 2170.0 5876.0 0.0 56.208
10:48:00 241.0 11625.0 nan 56.0 56.18 55.99 55.99 136.0 56.02 1.0 11625.0 5045.0 6580.0 0.0 56.0841
10:49:00 67.0 4984.0 nan 55.9 56.02 55.82 55.9 5.0 55.91 56.0 4984.0 656.0 4328.0 0.0 55.8903
10:50:00 108.0 4717.0 nan 56.01 56.01 55.87 55.98 200.0 56.04 10.0 4717.0 2429.0 2288.0 0.0 55.9506
10:51:00 111.0 3890.0 nan 56.03 56.12 55.86 56.02 150.0 56.08 50.0 3890.0 2133.0 1757.0 0.0 55.9782
10:52:00 68.0 2683.0 nan 56.06 56.09 55.9 56.03 100.0 56.1 200.0 2683.0 1659.0 1024.0 0.0 55.9667
10:53:00 60.0 3263.0 nan 56.23 56.31 55.96 56.18 100.0 56.24 150.0 3263.0 2610.0 653.0 0.0 56.2043
10:54:00 121.0 6788.0 nan 56.55 56.55 56.24 56.52 50.0 56.56 72.0 6788.0 5322.0 1466.0 0.0 56.4124
10:55:00 65.0 2823.0 nan 56.61 56.62 56.49 56.56 50.0 56.59 300.0 2823.0 1970.0 853.0 0.0 56.5714
10:56:00 141.0 11676.0 nan 56.58 56.69 56.48 56.54 50.0 56.58 50.0 11676.0 3668.0 8008.0 0.0 56.5516
10:57:00 67.0 3588.0 nan 56.48 56.55 56.34 56.46 300.0 56.51 74.0 3588.0 1594.0 1994.0 0.0 56.4446
10:58:00 127.0 8097.0 nan 56.53 56.65 56.41 56.49 100.0 56.54 228.0 8097.0 3399.0 4698.0 0.0 56.5524
10:59:00 78.0 5558.0 nan 56.23 56.54 56.2 56.19 160.0 56.24 501.0 5558.0 1306.0 4252.0 0.0 56.3184
11:00:00 82.0 3266.0 nan 56.2 56.26 56.09 56.16 150.0 56.2 60.0 3266.0 1709.0 1557.0 0.0 56.1823
11:01:00 63.0 3778.0 nan 55.96 56.15 55.93 55.96 5.0 56.01 100.0 3778.0 2610.0 1168.0 0.0 56.0502
11:02:00 82.0 5300.0 nan 55.92 55.97 55.88 55.9 450.0 55.95 375.0 5300.0 1207.0 4093.0 0.0 55.9299
11:03:00 334.0 19735.0 nan 56.35 56.38 55.95 56.32 50.0 56.39 154.0 19735.0 13679.0 6056.0 0.0 56.1886
11:04:00 50.0 1652.0 nan 56.13 56.38 56.12 56.08 350.0 56.13 3.0 1652.0 230.0 1422.0 0.0 56.2684
11:05:00 138.0 5984.0 nan 56.16 56.16 56.07 56.13 150.0 56.2 150.0 5984.0 3241.0 2743.0 0.0 56.1101
11:06:00 46.0 1693.0 nan 55.9 56.09 55.9 55.87 1.0 55.93 50.0 1693.0 14.0 1679.0 0.0 56.0154
11:07:00 92.0 4117.0 nan 55.93 56.11 55.81 55.92 50.0 55.97 50.0 4117.0 2880.0 1237.0 0.0 55.9485
11:08:00 28.0 2023.0 nan 55.78 55.97 55.76 55.75 550.0 55.83 438.0 2023.0 1500.0 523.0 0.0 55.8442
11:09:00 97.0 5955.0 nan 56.03 56.03 55.7 55.98 102.0 56.02 207.0 5955.0 2389.0 3566.0 0.0 55.7514
11:10:00 66.0 3236.0 nan 55.99 56.06 55.95 55.98 150.0 56.04 153.0 3236.0 1066.0 2170.0 0.0 55.994
11:11:00 124.0 5181.0 nan 55.86 56.01 55.86 55.85 50.0 55.93 100.0 5181.0 1140.0 4041.0 0.0 55.9364
11:12:00 44.0 2949.0 nan 55.98 55.98 55.88 55.94 50.0 55.99 79.0 2949.0 2446.0 503.0 0.0 55.9225
11:13:00 98.0 4806.0 nan 56.09 56.12 55.88 56.08 101.0 56.12 392.0 4806.0 1683.0 3123.0 0.0 55.9997
11:14:00 49.0 1744.0 nan 55.86 56.08 55.82 55.84 200.0 55.88 50.0 1744.0 354.0 1390.0 0.0 55.9642
11:15:00 93.0 3276.0 nan 55.81 55.86 55.76 55.79 150.0 55.84 260.0 3276.0 1171.0 2105.0 0.0 55.8217
11:16:00 63.0 3896.0 nan 55.77 55.79 55.7 55.74 151.0 55.8 269.0 3896.0 950.0 2946.0 0.0 55.7435
11:17:00 87.0 3100.0 nan 55.94 55.95 55.75 55.93 152.0 55.98 222.0 3100.0 1946.0 1154.0 0.0 55.8009
11:18:00 116.0 4446.0 nan 56.07 56.1 55.98 56.03 497.0 56.08 450.0 4446.0 2261.0 2185.0 0.0 56.0326
11:19:00 116.0 6300.0 nan 56.02 56.16 55.94 56.03 252.0 56.07 300.0 6300.0 2682.0 3618.0 0.0 56.0784
11:20:00 63.0 2885.0 nan 56.06 56.17 56.02 56.03 150.0 56.08 30.0 2885.0 1775.0 1110.0 0.0 56.0946
11:21:00 85.0 3633.0 nan 56.19 56.24 55.98 56.14 50.0 56.19 100.0 3633.0 1813.0 1820.0 0.0 56.1264
11:22:00 63.0 3281.0 nan 56.37 56.38 56.11 56.32 450.0 56.37 1.0 3281.0 2044.0 1237.0 0.0 56.2604
11:23:00 96.0 7898.0 nan 56.37 56.5 56.29 56.35 1.0 56.39 375.0 7898.0 3133.0 4765.0 0.0 56.4424
11:24:00 62.0 4557.0 nan 56.15 56.35 56.15 56.12 600.0 56.18 124.0 4557.0 3211.0 1346.0 0.0 56.2136
11:25:00 106.0 5037.0 nan 56.08 56.22 56.03 56.07 307.0 56.12 75.0 5037.0 2932.0 2105.0 0.0 56.1287
11:26:00 71.0 4644.0 nan 55.95 56.04 55.89 55.92 2.0 55.96 100.0 4644.0 850.0 3794.0 0.0 55.9857
11:27:00 84.0 4534.0 nan 55.965 55.99 55.88 55.94 200.0 56.0 170.0 4534.0 3190.0 1344.0 0.0 55.9347
11:28:00 65.0 2081.0 nan 56.1 56.1 55.99 56.05 168.0 56.09 101.0 2081.0 1551.0 530.0 0.0 56.0533
11:29:00 140.0 7386.0 nan 56.34 56.4 56.09 56.32 750.0 56.38 270.0 7386.0 5217.0 2169.0 0.0 56.2763
11:30:00 87.0 4042.0 nan 56.58 56.58 56.35 56.55 527.0 56.58 158.0 4042.0 3159.0 883.0 0.0 56.456
11:31:00 177.0 9914.0 nan 56.49 56.68 56.47 56.48 50.0 56.5 100.0 9914.0 5768.0 4146.0 0.0 56.5888
11:32:00 66.0 2401.0 nan 56.55 56.57 56.47 56.52 251.0 56.55 150.0 2401.0 1470.0 931.0 0.0 56.5125
11:33:00 45.0 3109.0 nan 56.62 56.64 56.48 56.62 503.0 56.67 100.0 3109.0 1850.0 1259.0 0.0 56.5517
11:34:00 115.0 7137.0 nan 56.66 56.73 56.62 56.64 100.0 56.66 301.0 7137.0 3909.0 3228.0 0.0 56.6709
11:35:00 173.0 11112.0 nan 56.87 56.87 56.64 56.85 100.0 56.88 1.0 11112.0 8206.0 2906.0 0.0 56.7787
11:36:00 304.0 20060.0 nan 56.9 57.09 56.83 56.9 250.0 56.93 64.0 20060.0 12924.0 7136.0 0.0 56.9744
11:37:00 125.0 6403.0 nan 56.8 56.9 56.74 56.76 152.0 56.8 50.0 6403.0 2318.0 4085.0 0.0 56.7839
11:38:00 148.0 5800.0 nan 56.43 56.82 56.36 56.41 200.0 56.44 100.0 5800.0 2643.0 3157.0 0.0 56.6501
11:39:00 100.0 7329.0 nan 56.33 56.45 56.33 56.3 151.0 56.34 1.0 7329.0 2378.0 4951.0 0.0 56.3835
11:40:00 82.0 11208.0 nan 56.3 56.37 56.19 56.3 351.0 56.34 156.0 11208.0 2035.0 9173.0 0.0 56.2601
11:41:00 143.0 12982.0 nan 56.19 56.33 56.17 56.16 50.0 56.19 40.0 12982.0 8054.0 4928.0 0.0 56.2541
11:42:00 176.0 8181.0 nan 55.95 56.16 55.95 55.93 66.0 55.97 200.0 8181.0 4855.0 3326.0 0.0 56.0291
11:43:00 260.0 15158.0 nan 55.92 55.99 55.77 55.9 850.0 55.95 194.0 15158.0 10188.0 4970.0 0.0 55.9412
11:44:00 77.0 6033.0 nan 55.9 55.99 55.895 55.88 2250.0 55.93 9.0 6033.0 1263.0 4770.0 0.0 55.9251
11:45:00 62.0 4083.0 nan 56.08 56.08 55.9 56.06 1017.0 56.12 94.0 4083.0 1563.0 2520.0 0.0 55.9891
11:46:00 80.0 4124.0 nan 56.13 56.19 56.1 56.1 150.0 56.15 50.0 4124.0 719.0 3405.0 0.0 56.1276
11:47:00 105.0 7948.0 nan 55.98 56.12 55.89 55.95 101.0 56.01 65.0 7948.0 2273.0 5675.0 0.0 55.9941
11:48:00 85.0 3665.0 nan 55.93 56.03 55.91 55.92 297.0 55.96 100.0 3665.0 1648.0 2017.0 0.0 55.9704
11:49:00 97.0 6448.0 nan 55.91 55.95 55.81 55.9 1002.0 55.95 3152.0 6448.0 1758.0 4690.0 0.0 55.9047
11:50:00 155.0 13526.0 nan 55.71 55.92 55.7 55.68 150.0 55.73 55.0 13526.0 5725.0 7801.0 0.0 55.7889
11:51:00 264.0 16592.0 nan 55.789 55.8 55.73 55.77 200.0 55.79 459.0 16592.0 11897.0 4695.0 0.0 55.7845
11:52:00 143.0 8725.0 nan 55.94 56.01 55.79 55.92 800.0 55.97 800.0 8725.0 5137.0 3588.0 0.0 55.8865
11:53:00 69.0 4150.0 nan 55.995 56.0 55.83 55.97 150.0 56.02 250.0 4150.0 798.0 3352.0 0.0 55.888
11:54:00 95.0 4677.0 nan 56.13 56.19 55.96 56.12 200.0 56.16 267.0 4677.0 1775.0 2902.0 0.0 56.0934
11:55:00 85.0 4096.0 nan 56.2 56.25 56.09 56.17 150.0 56.21 272.0 4096.0 1065.0 3031.0 0.0 56.1599
11:56:00 110.0 12300.0 nan 56.27 56.34 56.2 56.24 112.0 56.28 558.0 12300.0 8811.0 3489.0 0.0 56.2793
11:57:00 110.0 8271.0 nan 56.12 56.3 56.12 56.11 5.0 56.14 412.0 8271.0 1375.0 6896.0 0.0 56.1978
11:58:00 103.0 9433.0 nan 56.2 56.2 56.06 56.2 100.0 56.24 110.0 9433.0 2534.0 6899.0 0.0 56.1008
11:59:00 167.0 12466.0 nan 56.05 56.29 56.04 56.04 200.0 56.09 250.0 12466.0 1815.0 10651.0 0.0 56.1252
12:00:00 92.0 3442.0 nan 56.16 56.18 56.02 56.14 100.0 56.18 209.0 3442.0 1917.0 1525.0 0.0 56.0788
12:01:00 97.0 3796.0 nan 55.88 56.1 55.88 55.89 162.0 55.93 113.0 3796.0 1372.0 2424.0 0.0 55.9925
12:02:00 164.0 15714.0 nan 55.73 55.93 55.7 55.68 212.0 55.72 150.0 15714.0 3998.0 11716.0 0.0 55.7894
12:03:00 71.0 5851.0 nan 55.705 55.8 55.68 55.69 1.0 55.73 463.0 5851.0 2735.0 3116.0 0.0 55.7471
12:04:00 85.0 4487.0 nan 55.6 55.71 55.56 55.55 171.0 55.61 150.0 4487.0 2463.0 2024.0 0.0 55.6386
12:05:00 96.0 3704.0 nan 55.54 55.61 55.49 55.5 300.0 55.54 114.0 3704.0 1522.0 2182.0 0.0 55.5328
12:06:00 122.0 7366.0 nan 55.59 55.6 55.43 55.56 100.0 55.6 608.0 7366.0 2176.0 5190.0 0.0 55.5102
12:07:00 66.0 3348.0 nan 55.65 55.68 55.46 55.6 200.0 55.64 162.0 3348.0 1758.0 1590.0 0.0 55.5471
12:08:00 74.0 3314.0 nan 55.52 55.6 55.5 55.5 250.0 55.52 10.0 3314.0 451.0 2863.0 0.0 55.5383
12:09:00 110.0 6071.0 nan 55.34 55.52 55.3 55.33 450.0 55.37 109.0 6071.0 1237.0 4834.0 0.0 55.3495
12:10:00 107.0 7953.0 nan 55.31 55.37 55.27 55.3 1001.0 55.34 360.0 7953.0 2065.0 5888.0 0.0 55.3264
12:11:00 113.0 5946.0 nan 55.32 55.44 55.31 55.32 250.0 55.35 150.0 5946.0 2685.0 3261.0 0.0 55.3696
12:12:00 66.0 3014.0 nan 55.36 55.36 55.24 55.3 50.0 55.35 210.0 3014.0 607.0 2407.0 0.0 55.2881
12:13:00 129.0 9316.0 nan 55.19 55.35 55.07 55.16 50.0 55.2 10.0 9316.0 1430.0 7886.0 0.0 55.2411
12:14:00 62.0 2380.0 nan 55.12 55.26 55.07 55.07 101.0 55.11 150.0 2380.0 1111.0 1269.0 0.0 55.1291
12:15:00 49.0 1785.0 nan 55.16 55.17 55.06 55.15 900.0 55.19 207.0 1785.0 845.0 940.0 0.0 55.117
12:16:00 112.0 7389.0 nan 54.96 55.16 54.96 54.94 1110.0 54.98 150.0 7389.0 344.0 7045.0 0.0 55.0423
12:17:00 104.0 4931.0 nan 54.97 54.99 54.91 54.94 151.0 54.98 550.0 4931.0 2849.0 2082.0 0.0 54.9492
12:18:00 71.0 3575.0 nan 54.88 54.96 54.87 54.87 952.0 54.91 450.0 3575.0 1364.0 2211.0 0.0 54.9211
12:19:00 86.0 3255.0 nan 55.1 55.1 54.91 55.07 1211.0 55.1 50.0 3255.0 1138.0 2117.0 0.0 54.995
12:20:00 89.0 6876.0 nan 55.16 55.18 55.08 55.13 150.0 55.17 50.0 6876.0 2630.0 4246.0 0.0 55.1278
12:21:00 140.0 7997.0 nan 55.0 55.18 54.99 55.0 22.0 55.03 276.0 7997.0 1280.0 6717.0 0.0 55.0522
12:22:00 145.0 8095.0 nan 55.22 55.25 54.98 55.21 250.0 55.23 72.0 8095.0 3189.0 4906.0 0.0 55.152
12:23:00 106.0 5031.0 nan 55.14 55.33 55.12 55.13 300.0 55.18 200.0 5031.0 2138.0 2893.0 0.0 55.2363
12:24:00 106.0 5682.0 nan 55.02 55.18 55.01 55.0 800.0 55.04 100.0 5682.0 799.0 4883.0 0.0 55.1067
12:25:00 93.0 3990.0 nan 55.0 55.04 54.92 54.98 700.0 55.04 200.0 3990.0 834.0 3156.0 0.0 54.9734
12:26:00 93.0 5060.0 nan 54.91 55.04 54.85 54.9 654.0 54.95 50.0 5060.0 1376.0 3684.0 0.0 54.9146
12:27:00 105.0 8776.0 nan 55.0 55.02 54.9 54.99 100.0 55.02 50.0 8776.0 4513.0 4263.0 0.0 54.9641
12:28:00 75.0 5752.0 nan 55.13 55.18 54.96 55.13 300.0 55.15 100.0 5752.0 1370.0 4382.0 0.0 55.0649
12:29:00 109.0 5783.0 nan 55.24 55.31 55.11 55.22 450.0 55.26 227.0 5783.0 3273.0 2510.0 0.0 55.2085
12:30:00 183.0 7750.0 nan 55.15 55.26 55.06 55.15 50.0 55.18 19.0 7750.0 2805.0 4945.0 0.0 55.1385
12:31:00 110.0 4976.0 nan 54.97 55.19 54.94 54.93 10.0 54.97 300.0 4976.0 1278.0 3698.0 0.0 55.0481
12:32:00 84.0 6108.0 nan 55.08 55.105 54.91 55.08 200.0 55.12 150.0 6108.0 4070.0 2038.0 0.0 54.9685
12:33:00 78.0 3498.0 nan 55.09 55.16 55.02 55.05 760.0 55.09 7.0 3498.0 1197.0 2301.0 0.0 55.0774
12:34:00 53.0 1436.0 nan 55.21 55.22 55.06 55.18 300.0 55.22 150.0 1436.0 514.0 922.0 0.0 55.1467
12:35:00 60.0 2599.0 nan 55.15 55.18 55.06 55.14 276.0 55.17 9.0 2599.0 955.0 1644.0 0.0 55.1274
12:36:00 116.0 5349.0 nan 55.0 55.15 54.99 55.0 200.0 55.03 270.0 5349.0 1772.0 3577.0 0.0 55.0436
12:37:00 87.0 2884.0 nan 55.0 55.03 54.92 54.99 50.0 55.01 227.0 2884.0 1478.0 1406.0 0.0 54.9886
12:38:00 67.0 3128.0 nan 55.06 55.07 54.93 55.04 150.0 55.09 150.0 3128.0 1298.0 1830.0 0.0 55.0089
12:39:00 52.0 2378.0 nan 55.06 55.1 55.0 55.08 200.0 55.13 272.0 2378.0 750.0 1628.0 0.0 55.0621
12:40:00 72.0 4600.0 nan 55.25 55.28 55.01 55.22 1.0 55.25 100.0 4600.0 1332.0 3268.0 0.0 55.1643
12:41:00 88.0 5755.0 nan 55.02 55.22 54.98 55.01 400.0 55.06 458.0 5755.0 564.0 5191.0 0.0 55.0731
12:42:00 66.0 2863.0 nan 55.1 55.1 54.95 55.08 2.0 55.12 650.0 2863.0 1587.0 1276.0 0.0 55.0329
12:43:00 178.0 12540.0 nan 55.24 55.31 55.08 55.22 150.0 55.26 300.0 12540.0 9319.0 3221.0 0.0 55.1991
12:44:00 74.0 2718.0 nan 55.21 55.28 55.17 55.2 8.0 55.23 50.0 2718.0 1589.0 1129.0 0.0 55.2301
12:45:00 111.0 6004.0 nan 55.115 55.25 55.04 55.12 50.0 55.16 441.0 6004.0 3700.0 2304.0 0.0 55.1845
12:46:00 128.0 5832.0 nan 55.06 55.18 55.04 55.04 93.0 55.07 310.0 5832.0 2642.0 3190.0 0.0 55.1001
12:47:00 73.0 3306.0 nan 55.12 55.15 55.03 55.1 171.0 55.12 151.0 3306.0 2184.0 1122.0 0.0 55.0995
12:48:00 81.0 4100.0 nan 55.17 55.21 55.12 55.14 183.0 55.18 816.0 4100.0 2447.0 1653.0 0.0 55.1742
12:49:00 112.0 6407.0 nan 55.02 55.16 55.01 55.02 1276.0 55.05 350.0 6407.0 3291.0 3116.0 0.0 55.0667
12:50:00 138.0 7254.0 nan 55.11 55.13 55.02 55.09 700.0 55.12 1.0 7254.0 4707.0 2547.0 0.0 55.0685
12:51:00 146.0 7530.0 nan 55.04 55.08 54.93 55.03 600.0 55.07 1.0 7530.0 4215.0 3315.0 0.0 55.0119
12:52:00 168.0 9496.0 nan 55.26 55.26 55.05 55.24 100.0 55.27 10.0 9496.0 6784.0 2712.0 0.0 55.1836
12:53:00 87.0 4231.0 nan 55.46 55.46 55.13 55.43 874.0 55.48 50.0 4231.0 3389.0 842.0 0.0 55.2492
12:54:00 121.0 5524.0 nan 55.495 55.51 55.41 55.47 10.0 55.5 10.0 5524.0 3537.0 1987.0 0.0 55.467
12:55:00 49.0 1801.0 nan 55.65 55.67 55.46 55.64 345.0 55.68 812.0 1801.0 912.0 889.0 0.0 55.5934
12:56:00 66.0 5121.0 nan 55.6 55.64 55.55 55.59 200.0 55.62 100.0 5121.0 2974.0 2147.0 0.0 55.6029
12:57:00 41.0 1783.0 nan 55.61 55.66 55.54 55.6 150.0 55.63 450.0 1783.0 873.0 910.0 0.0 55.6018
12:58:00 62.0 2932.0 nan 55.53 55.65 55.53 55.52 173.0 55.55 408.0 2932.0 1228.0 1704.0 0.0 55.572
12:59:00 56.0 2970.0 nan 55.53 55.65 55.53 55.53 1000.0 55.58 200.0 2970.0 1696.0 1274.0 0.0 55.5751
13:00:00 78.0 5550.0 nan 55.72 55.75 55.59 55.68 200.0 55.73 200.0 5550.0 3295.0 2255.0 0.0 55.6663
13:01:00 116.0 7017.0 nan 55.9 55.9 55.75 55.86 1000.0 55.91 150.0 7017.0 4719.0 2298.0 0.0 55.8184
13:02:00 138.0 9420.0 nan 55.8 55.92 55.77 55.77 1200.0 55.81 100.0 9420.0 4100.0 5320.0 0.0 55.852
13:03:00 90.0 5130.0 nan 55.85 55.98 55.8 55.84 62.0 55.88 266.0 5130.0 2869.0 2261.0 0.0 55.8978
13:04:00 107.0 7455.0 nan 55.95 55.95 55.8 55.93 300.0 55.97 851.0 7455.0 5707.0 1748.0 0.0 55.8875
13:05:00 136.0 8591.0 nan 56.0 56.0 55.88 55.99 150.0 56.03 400.0 8591.0 3427.0 5164.0 0.0 55.9344
13:06:00 117.0 9836.0 nan 56.08 56.08 55.95 56.04 100.0 56.08 70.0 9836.0 2777.0 7059.0 0.0 56.0243
13:07:00 112.0 6508.0 nan 56.27 56.27 56.04 56.24 50.0 56.27 200.0 6508.0 3852.0 2656.0 0.0 56.1127
13:08:00 84.0 3296.0 nan 56.26 56.305 56.2 56.26 250.0 56.29 100.0 3296.0 1612.0 1684.0 0.0 56.2632
13:09:00 112.0 5878.0 nan 56.08 56.26 56.08 56.06 170.0 56.1 266.0 5878.0 2706.0 3172.0 0.0 56.1522
13:10:00 70.0 4513.0 nan 56.01 56.08 55.98 55.97 860.0 56.03 300.0 4513.0 2356.0 2157.0 0.0 56.0268
13:11:00 49.0 1928.0 nan 56.02 56.09 55.95 55.97 350.0 56.03 458.0 1928.0 1194.0 734.0 0.0 56.0293
13:12:00 81.0 4201.0 nan 55.95 56.04 55.9 55.92 150.0 55.98 9.0 4201.0 2739.0 1462.0 0.0 55.9703
13:13:00 56.0 3309.0 nan 56.0 56.03 55.91 55.99 300.0 56.03 300.0 3309.0 1987.0 1322.0 0.0 55.9864
13:14:00 54.0 2373.0 nan 56.09 56.09 56.0 56.05 501.0 56.09 601.0 2373.0 1282.0 1091.0 0.0 56.0341
13:15:00 63.0 5288.0 nan 56.12 56.17 56.09 56.11 1.0 56.14 316.0 5288.0 2563.0 2725.0 0.0 56.1351
13:16:00 53.0 2226.0 nan 56.17 56.18 56.05 56.16 150.0 56.2 9.0 2226.0 1386.0 840.0 0.0 56.1163
13:17:00 55.0 4865.0 nan 56.3 56.3 56.18 56.27 100.0 56.3 100.0 4865.0 1822.0 3043.0 0.0 56.2337
13:18:00 77.0 4491.0 nan 56.3 56.44 56.3 56.28 150.0 56.32 9.0 4491.0 2172.0 2319.0 0.0 56.3493
13:19:00 100.0 5137.0 nan 56.21 56.3 56.14 56.2 300.0 56.25 500.0 5137.0 2738.0 2399.0 0.0 56.2249
13:20:00 59.0 5444.0 nan 56.26 56.3 56.18 56.25 2.0 56.29 150.0 5444.0 3586.0 1858.0 0.0 56.261
13:21:00 48.0 2337.0 nan 56.09 56.26 56.03 56.06 300.0 56.11 1110.0 2337.0 1198.0 1139.0 0.0 56.1398
13:22:00 68.0 2587.0 nan 56.09 56.09 55.86 56.03 150.0 56.09 200.0 2587.0 1692.0 895.0 0.0 55.9754
13:23:00 71.0 3916.0 nan 56.14 56.15 55.98 56.13 350.0 56.2 950.0 3916.0 3098.0 818.0 0.0 56.0462
13:24:00 159.0 20920.0 nan 55.95 56.23 55.95 55.9 150.0 55.95 370.0 20920.0 2644.0 18276.0 0.0 56.0517
13:25:00 36.0 2286.0 nan 55.83 56.01 55.79 55.8 100.0 55.84 127.0 2286.0 1549.0 737.0 0.0 55.9337
13:26:00 346.0 25828.0 nan 55.75 55.93 55.73 55.73 25.0 55.77 559.0 25828.0 19964.0 5864.0 0.0 55.8706
13:27:00 133.0 7600.0 nan 55.77 55.86 55.7 55.76 100.0 55.81 50.0 7600.0 4561.0 3039.0 0.0 55.7636
13:28:00 53.0 3027.0 nan 55.69 55.78 55.65 55.65 50.0 55.69 210.0 3027.0 463.0 2564.0 0.0 55.73
13:29:00 94.0 3288.0 nan 55.74 55.8 55.67 55.74 50.0 55.79 152.0 3288.0 1200.0 2088.0 0.0 55.739
13:30:00 58.0 3735.0 nan 55.64 55.8 55.64 55.63 20.0 55.66 250.0 3735.0 812.0 2923.0 0.0 55.7109
13:31:00 68.0 3952.0 nan 55.91 55.92 55.63 55.88 500.0 55.92 50.0 3952.0 3091.0 861.0 0.0 55.8107
13:32:00 75.0 4676.0 nan 55.99 56.07 55.88 55.97 202.0 56.03 110.0 4676.0 3126.0 1550.0 0.0 55.979
13:33:00 95.0 4173.0 nan 56.03 56.04 55.81 56.03 300.0 56.07 1.0 4173.0 2980.0 1193.0 0.0 55.93
13:34:00 68.0 2947.0 nan 56.23 56.305 56.03 56.21 214.0 56.25 10.0 2947.0 1422.0 1525.0 0.0 56.2166
13:35:00 60.0 2022.0 nan 56.38 56.38 56.25 56.37 250.0 56.42 18.0 2022.0 1512.0 510.0 0.0 56.3241
13:36:00 76.0 1865.0 nan 56.18 56.375 56.14 56.15 50.0 56.21 14.0 1865.0 945.0 920.0 0.0 56.2856
13:37:00 65.0 3135.0 nan 56.07 56.23 55.99 56.08 150.0 56.13 171.0 3135.0 1889.0 1246.0 0.0 56.0987
13:38:00 160.0 12499.0 nan 56.06 56.07 55.89 56.06 150.0 56.09 116.0 12499.0 3185.0 9314.0 0.0 55.9845
13:39:00 82.0 3733.0 nan 56.155 56.19 55.98 56.13 202.0 56.19 1.0 3733.0 2409.0 1324.0 0.0 56.0668
13:40:00 50.0 2450.0 nan 56.26 56.29 56.17 56.22 150.0 56.27 160.0 2450.0 1623.0 827.0 0.0 56.2323
13:41:00 22.0 957.0 nan 56.11 56.25 56.03 56.1 250.0 56.16 124.0 957.0 575.0 382.0 0.0 56.1309
13:42:00 94.0 2584.0 nan 56.08 56.17 56.0 56.03 150.0 56.06 11.0 2584.0 1380.0 1204.0 0.0 56.0746
13:43:00 82.0 2749.0 nan 56.09 56.09 55.96 56.06 10.0 56.11 250.0 2749.0 1841.0 908.0 0.0 56.0133
13:44:00 74.0 2695.0 nan 56.07 56.12 56.04 56.04 250.0 56.09 113.0 2695.0 367.0 2328.0 0.0 56.0888
13:45:00 123.0 6195.0 nan 56.01 56.06 55.89 56.01 312.0 56.05 150.0 6195.0 4343.0 1852.0 0.0 55.9522
13:46:00 130.0 5485.0 nan 56.19 56.23 56.0 56.16 162.0 56.19 211.0 5485.0 3799.0 1686.0 0.0 56.1587
13:47:00 163.0 18869.0 nan 56.345 56.44 56.19 56.32 271.0 56.36 100.0 18869.0 15214.0 3655.0 0.0 56.3823
13:48:00 74.0 4279.0 nan 56.34 56.42 56.32 56.31 1.0 56.35 266.0 4279.0 1419.0 2860.0 0.0 56.3657
13:49:00 73.0 1847.0 nan 56.31 56.39 56.25 56.28 250.0 56.33 1.0 1847.0 898.0 949.0 0.0 56.3032
13:50:00 119.0 8651.0 nan 56.5 56.5 56.31 56.46 1550.0 56.5 3160.0 8651.0 6679.0 1972.0 0.0 56.4081
13:51:00 173.0 12992.0 nan 56.42 56.52 56.42 56.4 50.0 56.44 550.0 12992.0 9095.0 3897.0 0.0 56.4783
13:52:00 92.0 4982.0 nan 56.28 56.46 56.24 56.23 450.0 56.3 3656.0 4982.0 1425.0 3557.0 0.0 56.3588
13:53:00 93.0 3802.0 nan 56.31 56.32 56.155 56.28 322.0 56.34 412.0 3802.0 2637.0 1165.0 0.0 56.2249
13:54:00 93.0 5960.0 nan 56.39 56.43 56.21 56.35 150.0 56.41 60.0 5960.0 904.0 5056.0 0.0 56.3564
13:55:00 144.0 9220.0 nan 56.46 56.59 56.36 56.44 10.0 56.49 200.0 9220.0 5032.0 4188.0 0.0 56.4921
13:56:00 102.0 4543.0 nan 56.47 56.615 56.44 56.46 439.0 56.49 100.0 4543.0 2141.0 2402.0 0.0 56.5168
13:57:00 113.0 5913.0 nan 56.61 56.63 56.37 56.57 418.0 56.63 312.0 5913.0 3137.0 2776.0 0.0 56.5068
13:58:00 116.0 7184.0 nan 56.61 56.65 56.46 56.59 50.0 56.63 1.0 7184.0 5493.0 1691.0 0.0 56.5857
13:59:00 149.0 11847.0 nan 56.65 56.72 56.6 56.64 210.0 56.7 150.0 11847.0 9246.0 2601.0 0.0 56.6648
14:00:00 101.0 6591.0 nan 56.73 56.77 56.67 56.71 588.0 56.76 850.0 6591.0 1577.0 5014.0 0.0 56.7193
14:01:00 196.0 18121.0 nan 56.82 56.94 56.7 56.81 50.0 56.86 38.0 18121.0 13846.0 4275.0 0.0 56.8344
14:02:00 56.0 6899.0 nan 56.98 57.0 56.8 56.95 160.0 57.0 15863.0 6899.0 6693.0 206.0 0.0 56.9546
14:03:00 156.0 26254.0 nan 57.08 57.1 56.97 57.04 258.0 57.08 700.0 26254.0 19481.0 6773.0 0.0 57.0164
14:04:00 116.0 10193.0 nan 56.98 57.05 56.86 56.97 261.0 57.03 228.0 10193.0 2952.0 7241.0 0.0 56.951
14:05:00 86.0 4742.0 nan 56.84 57.03 56.75 56.79 100.0 56.89 50.0 4742.0 1115.0 3627.0 0.0 56.8706
14:06:00 67.0 2877.0 nan 56.87 56.96 56.79 56.85 501.0 56.89 25.0 2877.0 963.0 1914.0 0.0 56.8935
14:07:00 67.0 5006.0 nan 56.97 57.02 56.9 56.92 251.0 57.01 136.0 5006.0 2389.0 2617.0 0.0 56.9771
14:08:00 75.0 7182.0 nan 57.03 57.08 56.89 57.03 102.0 57.09 50.0 7182.0 6160.0 1022.0 0.0 57.018
14:09:00 80.0 5658.0 nan 57.05 57.08 57.0 57.03 100.0 57.08 50.0 5658.0 3401.0 2257.0 0.0 57.0425
14:10:00 184.0 11195.0 nan 57.1 57.15 56.87 57.03 205.0 57.09 50.0 11195.0 5180.0 6015.0 0.0 57.0406
14:11:00 59.0 8895.0 nan 56.99 57.16 56.99 56.99 50.0 57.07 50.0 8895.0 6211.0 2684.0 0.0 57.125
14:12:00 110.0 4637.0 nan 56.91 57.01 56.83 56.9 155.0 56.97 460.0 4637.0 1573.0 3064.0 0.0 56.9367
14:13:00 100.0 3239.0 nan 56.65 57.06 56.65 56.59 25.0 56.69 50.0 3239.0 1115.0 2124.0 0.0 56.8938
14:14:00 42.0 1359.0 nan 56.46 56.67 56.44 56.4 25.0 56.46 25.0 1359.0 251.0 1108.0 0.0 56.5376
14:15:00 113.0 6060.0 nan 56.55 56.57 56.435 56.48 25.0 56.57 1.0 6060.0 3257.0 2803.0 0.0 56.4919
14:16:00 195.0 19701.0 nan 56.4 56.6 56.32 56.39 90.0 56.44 10.0 19701.0 6151.0 13550.0 0.0 56.477
14:17:00 69.0 2254.0 nan 56.34 56.49 56.29 56.3 300.0 56.36 25.0 2254.0 996.0 1258.0 0.0 56.3812
14:18:00 48.0 2978.0 nan 56.49 56.52 56.36 56.46 226.0 56.52 36.0 2978.0 2208.0 770.0 0.0 56.4203
14:19:00 102.0 7256.0 nan 56.43 56.47 56.22 56.38 125.0 56.46 55.0 7256.0 2456.0 4800.0 0.0 56.3266
14:20:00 41.0 1702.0 nan 56.44 56.53 56.42 56.4 100.0 56.49 25.0 1702.0 138.0 1564.0 0.0 56.4428
14:21:00 61.0 1348.0 nan 56.56 56.68 56.48 56.54 10.0 56.62 100.0 1348.0 737.0 611.0 0.0 56.5866
14:22:00 40.0 1266.0 nan 56.39 56.55 56.35 56.36 352.0 56.41 181.0 1266.0 483.0 783.0 0.0 56.4454
14:23:00 104.0 5096.0 nan 56.35 56.46 56.3 56.3 2000.0 56.36 262.0 5096.0 2226.0 2870.0 0.0 56.3652
14:24:00 77.0 5878.0 nan 56.34 56.38 56.21 56.3 54.0 56.35 101.0 5878.0 1427.0 4451.0 0.0 56.2937
14:25:00 50.0 2448.0 nan 56.33 56.455 56.31 56.3 300.0 56.35 26.0 2448.0 779.0 1669.0 0.0 56.3729
14:26:00 80.0 12575.0 nan 56.43 56.46 56.2 56.43 1.0 56.49 150.0 12575.0 2502.0 10073.0 0.0 56.2423
14:27:00 60.0 2294.0 nan 56.53 56.57 56.42 56.46 200.0 56.54 402.0 2294.0 474.0 1820.0 0.0 56.4731
14:28:00 90.0 4332.0 nan 56.46 56.61 56.39 56.46 51.0 56.51 300.0 4332.0 2338.0 1994.0 0.0 56.4994
14:29:00 57.0 2018.0 nan 56.56 56.56 56.41 56.5 50.0 56.57 50.0 2018.0 1203.0 815.0 0.0 56.4949
14:30:00 66.0 2807.0 nan 56.55 56.58 56.46 56.54 201.0 56.58 50.0 2807.0 1904.0 903.0 0.0 56.5082
14:31:00 104.0 6279.0 nan 56.79 56.8 56.54 56.73 288.0 56.78 70.0 6279.0 4241.0 2038.0 0.0 56.6711
14:32:00 67.0 3248.0 nan 56.71 56.73 56.59 56.64 52.0 56.72 100.0 3248.0 884.0 2364.0 0.0 56.6672
14:33:00 51.0 2480.0 nan 56.59 56.66 56.51 56.55 550.0 56.59 10.0 2480.0 1284.0 1196.0 0.0 56.5666
14:34:00 80.0 3168.0 nan 56.45 56.61 56.38 56.39 50.0 56.45 460.0 3168.0 1065.0 2103.0 0.0 56.521
14:35:00 63.0 3365.0 nan 56.26 56.44 56.26 56.26 250.0 56.34 150.0 3365.0 1954.0 1411.0 0.0 56.3423
14:36:00 48.0 3735.0 nan 56.22 56.25 56.15 56.17 2.0 56.23 405.0 3735.0 921.0 2814.0 0.0 56.1976
14:37:00 54.0 2149.0 nan 56.25 56.4 56.23 56.24 52.0 56.28 26.0 2149.0 1286.0 863.0 0.0 56.288
14:38:00 101.0 4719.0 nan 56.07 56.24 55.98 56.01 100.0 56.12 281.0 4719.0 915.0 3804.0 0.0 56.0868
14:39:00 38.0 1863.0 nan 56.07 56.12 55.99 56.01 25.0 56.09 25.0 1863.0 1071.0 792.0 0.0 56.0608
14:40:00 47.0 4472.0 nan 56.3 56.3 56.1 56.26 52.0 56.34 100.0 4472.0 4472.0 0.0 0.0 56.1481
14:41:00 77.0 2142.0 nan 56.33 56.39 56.19 56.3 225.0 56.36 629.0 2142.0 865.0 1277.0 0.0 56.2761
14:42:00 59.0 1907.0 nan 56.46 56.48 56.27 56.43 326.0 56.5 125.0 1907.0 1106.0 801.0 0.0 56.3943
14:43:00 39.0 1655.0 nan 56.33 56.43 56.3 56.31 27.0 56.37 25.0 1655.0 450.0 1205.0 0.0 56.3663
14:44:00 30.0 1036.0 nan 56.47 56.47 56.35 56.45 151.0 56.51 50.0 1036.0 917.0 119.0 0.0 56.4184
14:45:00 73.0 2728.0 nan 56.36 56.51 56.36 56.35 4.0 56.4 1108.0 2728.0 545.0 2183.0 0.0 56.4224
14:46:00 46.0 1572.0 nan 56.26 56.39 56.26 56.23 152.0 56.28 50.0 1572.0 526.0 1046.0 0.0 56.2972
14:47:00 63.0 2774.0 nan 56.29 56.29 56.13 56.25 100.0 56.29 200.0 2774.0 1568.0 1206.0 0.0 56.1987
14:48:00 94.0 5658.0 nan 56.19 56.3 56.19 56.18 100.0 56.23 200.0 5658.0 1224.0 4434.0 0.0 56.2491
14:49:00 68.0 3371.0 nan 56.29 56.35 56.23 56.26 10.0 56.32 50.0 3371.0 1670.0 1701.0 0.0 56.2735
14:50:00 106.0 21510.0 nan 56.44 56.52 56.21 56.41 60.0 56.54 50.0 21510.0 20435.0 1075.0 0.0 56.4052
14:51:00 73.0 1874.0 nan 56.4 56.6 56.4 56.38 10.0 56.43 555.0 1874.0 336.0 1538.0 0.0 56.519
14:52:00 58.0 1720.0 nan 56.33 56.47 56.32 56.34 25.0 56.4 10100.0 1720.0 1441.0 279.0 0.0 56.4228
14:53:00 163.0 17294.0 nan 56.35 56.39 56.2 56.29 25.0 56.37 15.0 17294.0 15192.0 2102.0 0.0 56.2483
14:54:00 36.0 1177.0 nan 56.45 56.46 56.35 56.44 205.0 56.49 100.0 1177.0 642.0 535.0 0.0 56.4273
14:55:00 69.0 4653.0 nan 56.42 56.52 56.4 56.38 118.0 56.44 370.0 4653.0 3119.0 1534.0 0.0 56.4811
14:56:00 85.0 3663.0 nan 56.29 56.4 56.29 56.3 1.0 56.35 100.0 3663.0 1648.0 2015.0 0.0 56.3464
14:57:00 89.0 3453.0 nan 56.28 56.44 56.26 56.25 102.0 56.31 119.0 3453.0 2179.0 1274.0 0.0 56.3405
14:58:00 92.0 18740.0 nan 56.35 56.37 56.23 56.32 300.0 56.39 169.0 18740.0 2107.0 16633.0 0.0 56.256
14:59:00 50.0 1650.0 nan 56.53 56.54 56.39 56.5 50.0 56.58 50.0 1650.0 911.0 739.0 0.0 56.4682
15:00:00 131.0 21543.0 nan 56.7 56.75 56.56 56.69 235.0 56.74 300.0 21543.0 19649.0 1894.0 0.0 56.7332
15:01:00 98.0 2960.0 nan 56.78 56.78 56.62 56.75 200.0 56.81 167.0 2960.0 2139.0 821.0 0.0 56.7022
15:02:00 87.0 3032.0 nan 56.59 56.84 56.59 56.58 10.0 56.63 216.0 3032.0 353.0 2679.0 0.0 56.6977
15:03:00 98.0 2265.0 nan 56.74 56.77 56.605 56.73 770.0 56.79 1.0 2265.0 1909.0 356.0 0.0 56.6891
15:04:00 72.0 2237.0 nan 56.58 56.81 56.55 56.55 1.0 56.59 300.0 2237.0 334.0 1903.0 0.0 56.7115
15:05:00 103.0 7134.0 nan 56.58 56.75 56.55 56.54 10.0 56.59 150.0 7134.0 4896.0 2238.0 0.0 56.6223
15:06:00 64.0 4112.0 nan 56.47 56.6 56.42 56.43 200.0 56.48 155.0 4112.0 885.0 3227.0 0.0 56.5107
15:07:00 46.0 2159.0 nan 56.49 56.55 56.42 56.43 351.0 56.49 10.0 2159.0 1331.0 828.0 0.0 56.4894
15:08:00 59.0 1780.0 nan 56.51 56.58 56.44 56.46 295.0 56.51 151.0 1780.0 1112.0 668.0 0.0 56.5414
15:09:00 65.0 1869.0 nan 56.48 56.5 56.43 56.44 250.0 56.49 1.0 1869.0 924.0 945.0 0.0 56.4682
15:10:00 45.0 1846.0 nan 56.65 56.67 56.49 56.59 950.0 56.65 302.0 1846.0 744.0 1102.0 0.0 56.6144
15:11:00 86.0 3123.0 nan 56.76 56.81 56.6 56.75 50.0 56.8 72.0 3123.0 1935.0 1188.0 0.0 56.6988
15:12:00 67.0 3773.0 nan 56.9 56.9 56.7 56.87 100.0 56.91 151.0 3773.0 1323.0 2450.0 0.0 56.8411
15:13:00 61.0 2639.0 nan 56.93 56.94 56.79 56.89 200.0 56.93 123.0 2639.0 1660.0 979.0 0.0 56.8632
15:14:00 70.0 3482.0 nan 56.93 56.98 56.89 56.92 100.0 56.96 200.0 3482.0 2254.0 1228.0 0.0 56.9449
15:15:00 135.0 6563.0 nan 57.01 57.025 56.89 56.99 417.0 57.03 100.0 6563.0 4979.0 1584.0 0.0 56.9869
15:16:00 129.0 10182.0 nan 57.22 57.22 57.0 57.19 150.0 57.22 58.0 10182.0 9257.0 925.0 0.0 57.1487
15:17:00 107.0 3286.0 nan 57.11 57.215 57.06 57.1 200.0 57.13 325.0 3286.0 1430.0 1856.0 0.0 57.1413
15:18:00 82.0 4477.0 nan 56.89 57.11 56.89 56.87 10.0 56.91 450.0 4477.0 1807.0 2670.0 0.0 57.0352
15:19:00 127.0 7214.0 nan 56.85 57.0 56.84 56.83 1650.0 56.87 25.0 7214.0 3784.0 3430.0 0.0 56.9092
15:20:00 73.0 4409.0 nan 56.78 56.86 56.69 56.76 201.0 56.81 51.0 4409.0 1528.0 2881.0 0.0 56.7633
15:21:00 71.0 2915.0 nan 57.045 57.05 56.81 57.02 800.0 57.05 10.0 2915.0 1008.0 1907.0 0.0 56.8745
15:22:00 95.0 4087.0 nan 57.17 57.17 57.045 57.15 1550.0 57.19 410.0 4087.0 2345.0 1742.0 0.0 57.1241
15:23:00 67.0 3197.0 nan 57.18 57.22 57.13 57.16 150.0 57.2 386.0 3197.0 585.0 2612.0 0.0 57.1763
15:24:00 113.0 3999.0 nan 57.27 57.28 57.13 57.23 350.0 57.27 250.0 3999.0 2246.0 1753.0 0.0 57.2012
15:25:00 78.0 5444.0 nan 57.18 57.24 57.12 57.13 113.0 57.17 106.0 5444.0 1363.0 4081.0 0.0 57.1697
15:26:00 80.0 3858.0 nan 57.18 57.27 57.13 57.14 100.0 57.18 569.0 3858.0 1738.0 2120.0 0.0 57.2077
15:27:00 78.0 4422.0 nan 57.2 57.23 57.13 57.22 150.0 57.27 50.0 4422.0 2881.0 1541.0 0.0 57.1684
15:28:00 288.0 22860.0 nan 56.98 57.22 56.83 56.96 1050.0 57.02 52.0 22860.0 7737.0 15123.0 0.0 57.003
15:29:00 156.0 14880.0 nan 56.95 57.03 56.88 56.91 250.0 56.95 50.0 14880.0 7940.0 6940.0 0.0 56.9304
15:30:00 80.0 2541.0 nan 56.97 57.02 56.95 56.96 300.0 57.0 210.0 2541.0 1154.0 1387.0 0.0 56.9936
15:31:00 124.0 5826.0 nan 57.12 57.12 56.82 57.09 150.0 57.14 150.0 5826.0 2277.0 3549.0 0.0 56.9335
15:32:00 116.0 5855.0 nan 57.21 57.22 57.1 57.19 51.0 57.22 4.0 5855.0 2830.0 3025.0 0.0 57.1716
15:33:00 122.0 10313.0 nan 57.39 57.39 57.22 57.37 411.0 57.41 80.0 10313.0 8524.0 1789.0 0.0 57.3102
15:34:00 135.0 9361.0 nan 57.35 57.4 57.26 57.33 1360.0 57.38 1.0 9361.0 2122.0 7239.0 0.0 57.322
15:35:00 147.0 5799.0 nan 57.38 57.4 57.27 57.35 738.0 57.39 5.0 5799.0 2581.0 3218.0 0.0 57.352
15:36:00 92.0 4483.0 nan 57.3 57.37 57.3 57.28 264.0 57.31 200.0 4483.0 2597.0 1886.0 0.0 57.3401
15:37:00 197.0 10460.0 nan 57.24 57.29 57.21 57.22 869.0 57.26 100.0 10460.0 4261.0 6199.0 0.0 57.2514
15:38:00 94.0 4308.0 nan 57.37 57.38 57.26 57.36 320.0 57.39 150.0 4308.0 2089.0 2219.0 0.0 57.3346
15:39:00 148.0 7803.0 nan 57.41 57.44 57.34 57.41 10.0 57.44 183.0 7803.0 5501.0 2302.0 0.0 57.3808
15:40:00 125.0 6793.0 nan 57.425 57.44 57.36 57.41 100.0 57.44 300.0 6793.0 3878.0 2915.0 0.0 57.3914
15:41:00 154.0 8030.0 nan 57.32 57.43 57.3 57.3 788.0 57.32 200.0 8030.0 1616.0 6414.0 0.0 57.3737
15:42:00 186.0 13572.0 nan 57.24 57.35 57.19 57.23 217.0 57.27 1002.0 13572.0 9431.0 4141.0 0.0 57.3008
15:43:00 175.0 6688.0 nan 57.15 57.27 57.15 57.14 10.0 57.18 405.0 6688.0 2322.0 4366.0 0.0 57.1993
15:44:00 166.0 8506.0 nan 57.05 57.18 57.02 57.03 50.0 57.06 202.0 8506.0 3906.0 4600.0 0.0 57.0793
15:45:00 218.0 10111.0 nan 57.15 57.15 57.03 57.12 550.0 57.16 285.0 10111.0 7529.0 2582.0 0.0 57.0773
15:46:00 213.0 10932.0 nan 57.31 57.33 57.12 57.29 200.0 57.31 200.0 10932.0 5145.0 5787.0 0.0 57.244
15:47:00 147.0 10472.0 nan 57.46 57.47 57.27 57.45 268.0 57.47 200.0 10472.0 7329.0 3143.0 0.0 57.3816
15:48:00 351.0 28961.0 nan 57.54 57.57 57.38 57.53 351.0 57.55 2.0 28961.0 16902.0 12059.0 0.0 57.4824
15:49:00 211.0 9516.0 nan 57.47 57.53 57.38 57.45 250.0 57.49 12.0 9516.0 5259.0 4257.0 0.0 57.4618
15:50:00 289.0 15494.0 nan 57.68 57.68 57.43 57.67 300.0 57.69 157.0 15494.0 10439.0 5055.0 0.0 57.5319
15:51:00 285.0 33026.0 nan 57.84 57.84 57.64 57.82 50.0 57.85 169.0 33026.0 26412.0 6614.0 0.0 57.7713
15:52:00 322.0 35263.0 nan 58.0 58.0 57.77 58.0 150.0 58.01 1454.0 35263.0 14755.0 20508.0 0.0 57.8943
15:53:00 266.0 18408.0 nan 58.09 58.11 57.92 58.09 437.0 58.11 50.0 18408.0 7336.0 11072.0 0.0 58.0161
15:54:00 366.0 22496.0 nan 58.0 58.2 57.96 57.98 60.0 58.0 100.0 22496.0 9355.0 13141.0 0.0 58.1046
15:55:00 275.0 13342.0 nan 57.97 58.05 57.9 57.95 300.0 57.98 200.0 13342.0 6804.0 6538.0 0.0 57.9608
15:56:00 479.0 22822.0 nan 57.85 57.98 57.72 57.84 265.0 57.85 250.0 22822.0 8293.0 14529.0 0.0 57.8259
15:57:00 417.0 25436.0 nan 58.06 58.06 57.85 58.05 614.0 58.07 100.0 25436.0 12338.0 13098.0 0.0 57.9645
15:58:00 479.0 40085.0 nan 58.03 58.06 57.98 58.03 600.0 58.04 17.0 40085.0 25787.0 14298.0 0.0 58.0089
15:59:00 417.0 42715.0 nan 58.05 58.13 58.03 58.03 1461.0 58.05 303.0 42715.0 22580.0 20135.0 0.0 58.0874
16:00:00 772.0 69382.0 nan 58.0 58.11 57.94 58.0 100.0 58.01 543.0 69382.0 46375.0 23007.0 0.0 58.03
16:01:00 2.0 0.0 nan 58.02 58.02 58.02 58.0 100.0 58.02 10908.0 nan 0.0 0.0 0.0 nan
16:02:00 0.0 0.0 nan 58.02 nan nan 58.0 100.0 58.02 10908.0 nan 0.0 0.0 0.0 nan
16:03:00 0.0 0.0 nan 58.02 nan nan 58.0 100.0 58.02 10908.0 nan 0.0 0.0 0.0 nan
16:04:00 0.0 0.0 nan 58.02 nan nan 58.0 100.0 58.02 10908.0 nan 0.0 0.0 0.0 nan
16:05:00 0.0 0.0 nan 58.02 nan nan 58.0 100.0 58.02 11108.0 nan 0.0 0.0 0.0 nan
16:06:00 0.0 0.0 nan 58.02 nan nan 58.0 100.0 58.02 11108.0 nan 0.0 0.0 0.0 nan
16:07:00 1.0 15.0 nan 57.75 57.75 57.75 58.0 100.0 58.02 11108.0 15.0 15.0 0.0 0.0 57.75
16:08:00 0.0 0.0 nan 57.75 nan nan 58.0 100.0 58.02 11108.0 nan 0.0 0.0 0.0 nan
16:09:00 0.0 0.0 nan 57.75 nan nan 58.0 100.0 58.02 11108.0 nan 0.0 0.0 0.0 nan
16:10:00 0.0 0.0 nan 57.75 nan nan 58.0 100.0 58.02 11108.0 nan 0.0 0.0 0.0 nan
16:11:00 0.0 0.0 nan 57.75 nan nan 58.0 100.0 58.02 11108.0 nan 0.0 0.0 0.0 nan
16:12:00 0.0 0.0 nan 57.75 nan nan 58.0 100.0 58.02 11108.0 nan 0.0 0.0 0.0 nan
16:13:00 1.0 10.0 nan 58.02 58.02 58.02 58.0 100.0 58.02 11098.0 10.0 10.0 0.0 0.0 58.02
16:14:00 0.0 0.0 nan 58.02 nan nan 58.0 100.0 58.02 11098.0 nan 0.0 0.0 0.0 nan
16:15:00 1.0 190.0 nan 58.02 58.02 58.02 58.0 100.0 58.02 11367.0 190.0 190.0 0.0 0.0 58.02
16:16:00 1.0 0.0 nan 58.01 58.01 58.01 58.0 100.0 58.02 11387.0 nan 0.0 0.0 0.0 nan
16:17:00 0.0 0.0 nan 58.01 nan nan 58.0 100.0 58.02 11387.0 nan 0.0 0.0 0.0 nan
16:18:00 2.0 14.0 nan 58.0 58.0 57.9 58.0 100.0 58.02 11387.0 14.0 4.0 10.0 0.0 57.9286
16:19:00 0.0 0.0 nan 58.0 nan nan 58.0 100.0 58.0 20.0 nan 0.0 0.0 0.0 nan
16:20:00 0.0 0.0 nan 58.0 nan nan 58.0 100.0 58.0 20.0 nan 0.0 0.0 0.0 nan
16:21:00 10.0 529.0 nan 58.02 58.02 57.9 58.02 31.0 58.02 10908.0 529.0 529.0 0.0 0.0 58.0107
16:22:00 1.0 25.0 nan 58.02 58.02 58.02 58.02 6.0 58.02 10908.0 25.0 0.0 25.0 0.0 58.02
16:23:00 0.0 0.0 nan 58.02 nan nan 58.02 6.0 58.02 10908.0 nan 0.0 0.0 0.0 nan
16:24:00 4.0 125.0 nan 58.0 58.02 58.0 58.0 175.0 58.02 10908.0 125.0 100.0 25.0 0.0 58.016
16:25:00 1.0 20.0 nan 58.0 58.0 58.0 58.0 155.0 58.02 10908.0 20.0 0.0 20.0 0.0 58.0
16:26:00 0.0 0.0 nan 58.0 nan nan 58.0 155.0 58.02 10908.0 nan 0.0 0.0 0.0 nan
16:27:00 0.0 0.0 nan 58.0 nan nan 58.0 155.0 58.02 10908.0 nan 0.0 0.0 0.0 nan
16:28:00 1.0 2.0 nan 58.0 58.0 58.0 58.0 153.0 58.02 10908.0 2.0 0.0 2.0 0.0 58.0
16:29:00 0.0 0.0 nan 58.0 nan nan 58.0 153.0 58.02 10908.0 nan 0.0 0.0 0.0 nan
16:30:00 0.0 0.0 nan 58.0 nan nan 58.0 153.0 58.02 10908.0 nan 0.0 0.0 0.0 nan
16:31:00 0.0 0.0 nan 58.0 nan nan 58.0 153.0 58.02 10908.0 nan 0.0 0.0 0.0 nan
16:32:00 0.0 0.0 nan 58.0 nan nan 58.0 153.0 58.02 10908.0 nan 0.0 0.0 0.0 nan
16:33:00 7.0 103.0 nan 58.0 58.0 57.99 58.0 100.0 58.0 147.0 103.0 50.0 53.0 0.0 58.0
16:34:00 1.0 147.0 nan 58.0 58.0 58.0 58.02 53.0 58.02 10908.0 147.0 147.0 0.0 0.0 58.0
16:35:00 1.0 12.0 nan 58.1 58.1 58.1 58.02 53.0 58.02 10908.0 12.0 0.0 12.0 0.0 58.1
16:36:00 0.0 0.0 nan 58.1 nan nan 58.02 53.0 58.02 10908.0 nan 0.0 0.0 0.0 nan
16:37:00 0.0 0.0 nan 58.1 nan nan 58.02 53.0 58.02 10908.0 nan 0.0 0.0 0.0 nan
16:38:00 1.0 20.0 nan 58.02 58.02 58.02 58.02 33.0 58.02 10908.0 20.0 0.0 20.0 0.0 58.02
16:39:00 2.0 130.0 nan 58.0 58.02 58.0 58.0 2503.0 58.02 10908.0 130.0 0.0 130.0 0.0 58.0051
16:40:00 0.0 0.0 nan 58.0 nan nan 58.0 2503.0 58.02 10908.0 nan 0.0 0.0 0.0 nan
16:41:00 0.0 0.0 nan 58.0 nan nan 58.0 2503.0 58.02 10908.0 nan 0.0 0.0 0.0 nan
16:42:00 0.0 0.0 nan 58.0 nan nan 58.0 2503.0 58.02 10908.0 nan 0.0 0.0 0.0 nan
16:43:00 1.0 172.0 nan 58.0 58.0 58.0 58.0 2331.0 58.02 10908.0 172.0 0.0 172.0 0.0 58.0
16:44:00 0.0 0.0 nan 58.0 nan nan 58.0 2331.0 58.02 10908.0 nan 0.0 0.0 0.0 nan
16:45:00 0.0 0.0 nan 58.0 nan nan 58.0 2331.0 58.02 10908.0 nan 0.0 0.0 0.0 nan
16:46:00 1.0 17.0 nan 58.02 58.02 58.02 58.0 2331.0 58.02 10908.0 17.0 17.0 0.0 0.0 58.02
16:47:00 1.0 15.0 nan 58.0 58.0 58.0 58.0 2316.0 58.02 10908.0 15.0 0.0 15.0 0.0 58.0
16:48:00 0.0 0.0 nan 58.0 nan nan 58.02 50.0 58.02 10908.0 nan 0.0 0.0 0.0 nan
16:49:00 0.0 0.0 nan 58.0 nan nan 58.02 50.0 58.02 10908.0 nan 0.0 0.0 0.0 nan
16:50:00 0.0 0.0 nan 58.0 nan nan 58.02 50.0 58.02 10908.0 nan 0.0 0.0 0.0 nan
16:51:00 0.0 0.0 nan 58.0 nan nan 58.02 50.0 58.02 10908.0 nan 0.0 0.0 0.0 nan
16:52:00 0.0 0.0 nan 58.0 nan nan 58.02 150.0 58.02 10908.0 nan 0.0 0.0 0.0 nan
16:53:00 0.0 0.0 nan 58.0 nan nan 58.02 150.0 58.02 10908.0 nan 0.0 0.0 0.0 nan
16:54:00 1.0 50.0 nan 58.03 58.03 58.03 58.02 650.0 58.02 10908.0 50.0 50.0 0.0 0.0 58.03
16:55:00 0.0 0.0 nan 58.03 nan nan 58.02 650.0 58.02 10908.0 nan 0.0 0.0 0.0 nan
16:56:00 0.0 0.0 nan 58.03 nan nan 58.02 650.0 58.02 10908.0 nan 0.0 0.0 0.0 nan
16:57:00 0.0 0.0 nan 58.03 nan nan 58.02 650.0 58.02 10908.0 nan 0.0 0.0 0.0 nan
16:58:00 1.0 5.0 nan 58.02 58.02 58.02 58.02 645.0 58.02 10908.0 5.0 0.0 5.0 0.0 58.02
16:59:00 4.0 70.0 nan 58.16 58.16 58.1 58.02 545.0 58.02 10908.0 70.0 70.0 0.0 0.0 58.1357
17:00:00 2.0 163.0 nan 58.16 58.16 58.16 58.02 545.0 58.02 10908.0 163.0 150.0 13.0 0.0 58.16
