time trade_count trade_volume trade_first trade_last trade_high trade_low bid_price bid_size ask_price ask_size hid_vol buy_vol sell_vol unsided_vol vwap
09:00:00 nan 0.0 nan nan nan nan 97.82 25.0 97.9 3.0 nan 0.0 0.0 0.0 nan
09:01:00 26.0 511.0 nan 97.97 98.06 97.82 97.83 5.0 97.95 101.0 511.0 508.0 3.0 0.0 97.9168
09:02:00 54.0 1166.0 nan 98.07 98.09 97.88 98.0 74.0 98.09 100.0 1166.0 1033.0 133.0 0.0 97.9937
09:03:00 10.0 154.0 nan 98.0 98.08 97.99 97.95 2.0 98.0 242.0 154.0 0.0 154.0 0.0 98.0
09:04:00 65.0 240.0 nan 97.89 97.95 97.8 97.79 1066.0 97.89 100.0 240.0 103.0 137.0 0.0 97.8138
09:05:00 24.0 709.0 nan 97.79 97.89 97.79 97.79 61.0 97.88 30.0 709.0 200.0 509.0 0.0 97.7929
09:06:00 39.0 199.0 nan 97.78 97.79 97.74 97.75 21.0 97.79 507.0 199.0 2.0 197.0 0.0 97.7688
09:07:00 3.0 0.0 nan 97.76 97.76 97.76 97.75 21.0 97.78 28.0 nan 0.0 0.0 0.0 nan
09:08:00 66.0 256.0 nan 97.62 97.79 97.51 97.65 3.0 97.78 30.0 256.0 28.0 228.0 0.0 97.6957
09:09:00 53.0 169.0 nan 97.51 97.68 97.5 97.5 1146.0 97.74 900.0 169.0 0.0 169.0 0.0 97.5692
09:10:00 7.0 21.0 nan 97.68 97.69 97.51 97.51 35.0 97.74 700.0 21.0 0.0 21.0 0.0 97.5729
09:11:00 8.0 34.0 nan 97.69 97.69 97.52 97.52 6.0 97.62 300.0 34.0 7.0 27.0 0.0 97.62
09:12:00 13.0 42.0 nan 97.59 97.69 97.51 97.56 1.0 97.74 900.0 42.0 2.0 40.0 0.0 97.5705
09:13:00 3.0 61.0 nan 97.62 97.62 97.62 97.56 17.0 97.62 3.0 61.0 60.0 1.0 0.0 97.62
09:14:00 8.0 106.0 nan 97.71 97.71 97.6 97.56 19.0 97.71 1.0 106.0 3.0 103.0 0.0 97.6008
09:15:00 6.0 42.0 nan 97.6 97.72 97.6 97.56 18.0 97.6 23.0 42.0 2.0 40.0 0.0 97.6312
09:16:00 2.0 23.0 nan 97.6 97.67 97.6 97.56 18.0 97.71 29.0 23.0 23.0 0.0 0.0 97.6
09:17:00 11.0 0.0 nan 97.61 97.7 97.61 97.61 6.0 97.71 29.0 nan 0.0 0.0 0.0 nan
09:18:00 5.0 26.0 nan 97.68 97.68 97.67 97.65 500.0 97.69 52.0 26.0 0.0 26.0 0.0 97.67
09:19:00 22.0 944.0 nan 97.65 97.73 97.64 97.65 314.0 97.71 29.0 944.0 7.0 937.0 0.0 97.6551
09:20:00 8.0 29.0 nan 97.72 97.72 97.7 97.69 14.0 97.73 56.0 29.0 29.0 0.0 0.0 97.71
09:21:00 12.0 22.0 nan 97.67 97.73 97.67 97.65 323.0 97.74 128.0 22.0 4.0 18.0 0.0 97.6986
09:22:00 5.0 6.0 nan 97.74 97.74 97.72 97.7 2.0 97.74 135.0 6.0 6.0 0.0 0.0 97.735
09:23:00 44.0 577.0 nan 97.59 97.7 97.56 97.55 36.0 97.59 64.0 577.0 5.0 572.0 0.0 97.6282
09:24:00 5.0 4.0 nan 97.62 97.62 97.55 97.57 4.0 97.62 1.0 4.0 1.0 3.0 0.0 97.565
09:25:00 23.0 49.0 nan 97.52 97.62 97.52 97.51 18.0 97.64 77.0 49.0 1.0 48.0 0.0 97.5504
09:26:00 116.0 1531.0 nan 97.35 97.57 97.2 97.26 1.0 97.4 1.0 1531.0 0.0 1531.0 0.0 97.4651
09:27:00 21.0 166.0 nan 97.37 97.37 97.18 97.25 86.0 97.39 1.0 166.0 1.0 165.0 0.0 97.2271
09:28:00 5.0 154.0 nan 97.26 97.39 97.25 97.34 3.0 97.55 13.0 154.0 153.0 1.0 0.0 97.2613
09:29:00 124.0 3069.0 nan 98.0 98.03 97.53 98.0 379.0 98.06 100.0 3069.0 931.0 2138.0 0.0 97.9288
09:30:00 83.0 4523.0 nan 97.81 98.08 97.74 97.7 4.0 97.79 4786.0 4523.0 2397.0 2126.0 0.0 97.9889
09:31:00 439.0 13235.0 nan 97.89 97.99 97.7 97.85 2.0 97.89 7.0 13235.0 4512.0 8723.0 0.0 97.8445
09:32:00 264.0 11254.0 nan 97.69 97.93 97.54 97.65 250.0 97.74 200.0 11254.0 4976.0 6278.0 0.0 97.7311
09:33:00 264.0 15402.0 nan 97.88 98.09 97.62 97.86 1.0 97.91 14.0 15402.0 7122.0 8280.0 0.0 97.8436
09:34:00 224.0 11065.0 nan 97.94 97.97 97.82 97.9 370.0 97.96 129.0 11065.0 4654.0 6411.0 0.0 97.9063
09:35:00 262.0 15792.0 nan 98.07 98.11 97.88 98.03 350.0 98.08 283.0 15792.0 7865.0 7927.0 0.0 98.012
09:36:00 300.0 15561.0 nan 97.975 98.11 97.89 97.95 100.0 98.0 186.0 15561.0 5675.0 9886.0 0.0 98.0233
09:37:00 135.0 6705.0 nan 97.92 98.05 97.89 97.91 701.0 97.96 92.0 6705.0 1316.0 5389.0 0.0 97.9905
09:38:00 164.0 7395.0 nan 97.81 97.96 97.76 97.79 250.0 97.84 6.0 7395.0 2667.0 4728.0 0.0 97.8622
09:39:00 178.0 9336.0 nan 97.92 98.06 97.83 97.91 300.0 97.94 425.0 9336.0 4108.0 5228.0 0.0 97.9557
09:40:00 200.0 11383.0 nan 97.92 98.04 97.92 97.92 300.0 97.95 201.0 11383.0 5105.0 6278.0 0.0 97.9826
09:41:00 247.0 12237.0 nan 97.75 97.95 97.75 97.74 101.0 97.78 312.0 12237.0 5605.0 6632.0 0.0 97.8488
09:42:00 170.0 13714.0 nan 97.95 97.96 97.78 97.92 500.0 97.95 146.0 13714.0 7431.0 6283.0 0.0 97.9119
09:43:00 128.0 7024.0 nan 97.87 97.98 97.84 97.87 584.0 97.9 756.0 7024.0 3119.0 3905.0 0.0 97.9037
09:44:00 200.0 14870.0 nan 98.0 98.08 97.86 98.0 389.0 98.02 50.0 14870.0 8612.0 6258.0 0.0 98.0085
09:45:00 136.0 10124.0 nan 98.0 98.04 97.9 97.99 250.0 98.04 350.0 10124.0 7779.0 2345.0 0.0 97.9737
09:46:00 124.0 4916.0 nan 97.92 98.075 97.92 97.92 40.0 97.94 720.0 4916.0 726.0 4190.0 0.0 97.9972
09:47:00 223.0 16230.0 nan 97.91 98.01 97.91 97.91 100.0 97.93 2550.0 16230.0 9788.0 6442.0 0.0 97.9596
09:48:00 185.0 14277.0 nan 98.03 98.06 97.9 98.02 1.0 98.04 550.0 14277.0 10029.0 4248.0 0.0 97.9697
09:49:00 167.0 10771.0 nan 98.08 98.09 97.98 98.08 110.0 98.09 100.0 10771.0 7772.0 2999.0 0.0 98.0337
09:50:00 443.0 35190.0 nan 98.15 98.25 98.09 98.14 302.0 98.15 200.0 35190.0 24139.0 11051.0 0.0 98.1792
09:51:00 325.0 23792.0 nan 98.03 98.15 97.99 98.01 250.0 98.04 1529.0 23792.0 11624.0 12168.0 0.0 98.0854
09:52:00 125.0 10255.0 nan 98.06 98.08 97.95 98.06 246.0 98.09 1000.0 10255.0 6376.0 3879.0 0.0 97.992
09:53:00 100.0 6820.0 nan 98.1 98.17 98.04 98.1 101.0 98.13 1500.0 6820.0 4707.0 2113.0 0.0 98.0821
09:54:00 192.0 12455.0 nan 98.3 98.32 98.11 98.31 212.0 98.33 400.0 12455.0 8035.0 4420.0 0.0 98.2121
09:55:00 169.0 10025.0 nan 98.32 98.38 98.27 98.32 100.0 98.34 4.0 10025.0 4961.0 5064.0 0.0 98.3259
09:56:00 153.0 8408.0 nan 98.31 98.4 98.29 98.28 10.0 98.31 274.0 8408.0 3429.0 4979.0 0.0 98.35
09:57:00 200.0 10906.0 nan 98.25 98.39 98.23 98.24 19.0 98.27 350.0 10906.0 4361.0 6545.0 0.0 98.283
09:58:00 138.0 7333.0 nan 98.15 98.25 98.09 98.15 700.0 98.18 254.0 7333.0 3706.0 3627.0 0.0 98.1399
09:59:00 144.0 8061.0 nan 98.37 98.37 98.15 98.35 300.0 98.37 50.0 8061.0 4867.0 3194.0 0.0 98.279
10:00:00 247.0 12541.0 nan 98.47 98.54 98.37 98.47 50.0 98.49 800.0 12541.0 7096.0 5445.0 0.0 98.4496
10:01:00 232.0 14513.0 nan 98.63 98.63 98.36 98.62 100.0 98.64 300.0 14513.0 6825.0 7688.0 0.0 98.4792
10:02:00 130.0 7041.0 nan 98.45 98.63 98.45 98.44 60.0 98.46 23.0 7041.0 1026.0 6015.0 0.0 98.5759
10:03:00 133.0 7366.0 nan 98.38 98.52 98.34 98.37 3.0 98.38 50.0 7366.0 5206.0 2160.0 0.0 98.4131
10:04:00 180.0 11620.0 nan 98.52 98.53 98.37 98.51 1056.0 98.53 300.0 11620.0 6162.0 5458.0 0.0 98.4566
10:05:00 65.0 4234.0 nan 98.45 98.54 98.45 98.44 183.0 98.45 301.0 4234.0 488.0 3746.0 0.0 98.4999
10:06:00 193.0 8799.0 nan 98.42 98.53 98.4 98.42 826.0 98.45 532.0 8799.0 4572.0 4227.0 0.0 98.4583
10:07:00 211.0 12380.0 nan 98.21 98.42 98.16 98.2 550.0 98.23 100.0 12380.0 4125.0 8255.0 0.0 98.26
10:08:00 110.0 6329.0 nan 98.31 98.32 98.21 98.31 512.0 98.33 600.0 6329.0 3206.0 3123.0 0.0 98.2552
10:09:00 81.0 6666.0 nan 98.34 98.43 98.32 98.32 752.0 98.34 900.0 6666.0 2690.0 3976.0 0.0 98.3808
10:10:00 147.0 12294.0 nan 98.35 98.35 98.22 98.33 269.0 98.36 298.0 12294.0 5773.0 6521.0 0.0 98.3117
10:11:00 121.0 9537.0 nan 98.3 98.34 98.16 98.27 1450.0 98.3 51.0 9537.0 3480.0 6057.0 0.0 98.2428
10:12:00 142.0 12686.0 nan 98.3 98.34 98.25 98.29 282.0 98.3 120.0 12686.0 5303.0 7383.0 0.0 98.2875
10:13:00 206.0 17223.0 nan 98.16 98.41 98.13 98.14 250.0 98.16 774.0 17223.0 7960.0 9263.0 0.0 98.3297
10:14:00 140.0 11244.0 nan 98.15 98.21 98.1 98.14 200.0 98.18 150.0 11244.0 4490.0 6754.0 0.0 98.1363
10:15:00 87.0 7919.0 nan 98.12 98.24 98.11 98.11 2255.0 98.15 500.0 7919.0 1910.0 6009.0 0.0 98.1674
10:16:00 412.0 20725.0 nan 97.84 98.16 97.83 97.83 1451.0 97.87 369.0 20725.0 5843.0 14882.0 0.0 97.9615
10:17:00 183.0 7365.0 nan 97.98 97.98 97.77 97.95 351.0 97.98 66.0 7365.0 3905.0 3460.0 0.0 97.8377
10:18:00 172.0 9659.0 nan 98.0 98.02 97.93 98.0 100.0 98.02 750.0 9659.0 5087.0 4572.0 0.0 97.9692
10:19:00 131.0 6293.0 nan 97.95 98.0 97.89 97.95 201.0 97.96 1.0 6293.0 3686.0 2607.0 0.0 97.9655
10:20:00 137.0 6995.0 nan 97.965 97.99 97.91 97.96 615.0 97.97 400.0 6995.0 2634.0 4361.0 0.0 97.9511
10:21:00 181.0 11342.0 nan 98.07 98.1 97.9 98.07 410.0 98.1 300.0 11342.0 5112.0 6230.0 0.0 97.9933
10:22:00 148.0 9432.0 nan 98.14 98.14 98.0 98.13 150.0 98.16 702.0 9432.0 5302.0 4130.0 0.0 98.0778
10:23:00 277.0 16483.0 nan 98.2 98.22 98.09 98.19 256.0 98.21 300.0 16483.0 9100.0 7383.0 0.0 98.1628
10:24:00 154.0 9061.0 nan 98.13 98.21 98.06 98.12 267.0 98.14 711.0 9061.0 3223.0 5838.0 0.0 98.1156
10:25:00 141.0 5960.0 nan 97.86 98.12 97.86 97.85 568.0 97.88 360.0 5960.0 1286.0 4674.0 0.0 97.9698
10:26:00 255.0 17973.0 nan 97.72 97.85 97.68 97.72 100.0 97.75 451.0 17973.0 7592.0 10381.0 0.0 97.7308
10:27:00 150.0 8752.0 nan 97.7 97.75 97.66 97.71 200.0 97.74 100.0 8752.0 3671.0 5081.0 0.0 97.6931
10:28:00 178.0 9038.0 nan 97.59 97.73 97.56 97.58 100.0 97.6 361.0 9038.0 2854.0 6184.0 0.0 97.641
10:29:00 257.0 11834.0 nan 97.5 97.6 97.45 97.48 200.0 97.51 1650.0 11834.0 3482.0 8352.0 0.0 97.4974
10:30:00 148.0 7116.0 nan 97.61 97.62 97.43 97.6 126.0 97.63 694.0 7116.0 4899.0 2217.0 0.0 97.519
10:31:00 172.0 8332.0 nan 97.44 97.62 97.44 97.43 100.0 97.46 50.0 8332.0 3421.0 4911.0 0.0 97.5482
10:32:00 136.0 7753.0 nan 97.53 97.6 97.43 97.52 59.0 97.55 664.0 7753.0 4830.0 2923.0 0.0 97.5122
10:33:00 152.0 10819.0 nan 97.57 97.59 97.46 97.55 422.0 97.57 64.0 10819.0 5633.0 5186.0 0.0 97.5207
10:34:00 131.0 10850.0 nan 97.63 97.63 97.45 97.63 38.0 97.64 350.0 10850.0 8465.0 2385.0 0.0 97.5488
10:35:00 178.0 11685.0 nan 97.57 97.66 97.51 97.56 400.0 97.58 150.0 11685.0 7140.0 4545.0 0.0 97.5915
10:36:00 157.0 8383.0 nan 97.57 97.61 97.47 97.55 100.0 97.58 280.0 8383.0 4979.0 3404.0 0.0 97.5433
10:37:00 139.0 6263.0 nan 97.41 97.56 97.37 97.4 1552.0 97.44 355.0 6263.0 3754.0 2509.0 0.0 97.4411
10:38:00 78.0 4459.0 nan 97.56 97.6 97.43 97.54 265.0 97.56 50.0 4459.0 3250.0 1209.0 0.0 97.5352
10:39:00 152.0 9032.0 nan 97.63 97.66 97.51 97.6 101.0 97.62 1.0 9032.0 5709.0 3323.0 0.0 97.5729
10:40:00 242.0 15991.0 nan 97.5 97.63 97.48 97.49 200.0 97.5 100.0 15991.0 7089.0 8902.0 0.0 97.5378
10:41:00 147.0 11560.0 nan 97.57 97.61 97.5 97.56 200.0 97.58 1150.0 11560.0 4969.0 6591.0 0.0 97.5433
10:42:00 103.0 6809.0 nan 97.66 97.66 97.56 97.64 174.0 97.66 825.0 6809.0 4699.0 2110.0 0.0 97.5854
10:43:00 121.0 9502.0 nan 97.59 97.65 97.58 97.58 51.0 97.6 200.0 9502.0 4164.0 5338.0 0.0 97.6126
10:44:00 144.0 8675.0 nan 97.57 97.61 97.55 97.56 110.0 97.58 939.0 8675.0 5692.0 2983.0 0.0 97.5732
10:45:00 314.0 25794.0 nan 97.49 97.56 97.44 97.48 159.0 97.49 299.0 25794.0 10200.0 15594.0 0.0 97.4916
10:46:00 221.0 15059.0 nan 97.42 97.5 97.41 97.42 50.0 97.43 1010.0 15059.0 6107.0 8952.0 0.0 97.4475
10:47:00 226.0 13945.0 nan 97.37 97.52 97.36 97.37 601.0 97.39 149.0 13945.0 5892.0 8053.0 0.0 97.4246
10:48:00 214.0 19842.0 nan 97.33 97.45 97.33 97.33 550.0 97.34 246.0 19842.0 6394.0 13448.0 0.0 97.3713
10:49:00 240.0 18396.0 nan 97.42 97.43 97.28 97.41 3.0 97.43 79.0 18396.0 5577.0 12819.0 0.0 97.3255
10:50:00 127.0 6845.0 nan 97.44 97.44 97.37 97.43 108.0 97.44 451.0 6845.0 5113.0 1732.0 0.0 97.4111
10:51:00 278.0 17118.0 nan 97.51 97.575 97.43 97.5 600.0 97.52 700.0 17118.0 12231.0 4887.0 0.0 97.5034
10:52:00 147.0 8167.0 nan 97.58 97.58 97.48 97.57 156.0 97.59 1650.0 8167.0 5210.0 2957.0 0.0 97.5143
10:53:00 112.0 6886.0 nan 97.55 97.58 97.52 97.54 150.0 97.56 200.0 6886.0 3936.0 2950.0 0.0 97.5507
10:54:00 118.0 5708.0 nan 97.62 97.63 97.53 97.61 359.0 97.63 160.0 5708.0 3945.0 1763.0 0.0 97.5827
10:55:00 88.0 5486.0 nan 97.69 97.71 97.62 97.67 300.0 97.7 201.0 5486.0 3566.0 1920.0 0.0 97.6716
10:56:00 111.0 6125.0 nan 97.68 97.72 97.63 97.68 150.0 97.71 1600.0 6125.0 3644.0 2481.0 0.0 97.6732
10:57:00 155.0 9925.0 nan 97.82 97.9 97.71 97.81 50.0 97.83 100.0 9925.0 6193.0 3732.0 0.0 97.8214
10:58:00 129.0 7543.0 nan 97.8 97.83 97.74 97.8 200.0 97.82 100.0 7543.0 3598.0 3945.0 0.0 97.7851
10:59:00 85.0 4291.0 nan 97.78 97.82 97.74 97.78 597.0 97.81 1250.0 4291.0 2638.0 1653.0 0.0 97.7773
11:00:00 109.0 5992.0 nan 97.83 97.88 97.79 97.82 738.0 97.84 565.0 5992.0 3228.0 2764.0 0.0 97.8456
11:01:00 141.0 7280.0 nan 97.8 97.83 97.725 97.77 250.0 97.8 1297.0 7280.0 3515.0 3765.0 0.0 97.7978
11:02:00 103.0 5174.0 nan 97.7 97.79 97.68 97.69 1250.0 97.72 100.0 5174.0 2615.0 2559.0 0.0 97.7316
11:03:00 76.0 4560.0 nan 97.71 97.76 97.69 97.7 305.0 97.71 292.0 4560.0 3048.0 1512.0 0.0 97.7258
11:04:00 92.0 3693.0 nan 97.54 97.7 97.54 97.52 225.0 97.55 2541.0 3693.0 1516.0 2177.0 0.0 97.6028
11:05:00 110.0 6278.0 nan 97.56 97.56 97.47 97.53 200.0 97.55 250.0 6278.0 3989.0 2289.0 0.0 97.5118
11:06:00 111.0 6048.0 nan 97.64 97.66 97.52 97.63 1706.0 97.65 200.0 6048.0 3560.0 2488.0 0.0 97.608
11:07:00 134.0 7972.0 nan 97.76 97.79 97.62 97.73 300.0 97.76 50.0 7972.0 3890.0 4082.0 0.0 97.6967
11:08:00 78.0 3204.0 nan 97.67 97.76 97.67 97.67 52.0 97.68 8.0 3204.0 1488.0 1716.0 0.0 97.7083
11:09:00 94.0 5591.0 nan 97.71 97.71 97.61 97.71 472.0 97.73 350.0 5591.0 3550.0 2041.0 0.0 97.669
11:10:00 109.0 6217.0 nan 97.86 97.89 97.73 97.85 394.0 97.87 150.0 6217.0 3417.0 2800.0 0.0 97.8003
11:11:00 109.0 6747.0 nan 97.87 97.88 97.78 97.86 50.0 97.89 1050.0 6747.0 4078.0 2669.0 0.0 97.8341
11:12:00 96.0 5011.0 nan 97.94 97.97 97.88 97.94 1.0 97.95 400.0 5011.0 3845.0 1166.0 0.0 97.9258
11:13:00 75.0 5469.0 nan 97.94 97.97 97.9 97.94 452.0 97.95 301.0 5469.0 3303.0 2166.0 0.0 97.9203
11:14:00 131.0 10179.0 nan 98.0 98.03 97.93 98.0 413.0 98.02 301.0 10179.0 7856.0 2323.0 0.0 97.9801
11:15:00 102.0 5568.0 nan 98.02 98.06 98.0 98.01 201.0 98.02 101.0 5568.0 2830.0 2738.0 0.0 98.0218
11:16:00 126.0 7806.0 nan 97.98 98.04 97.96 97.98 110.0 97.99 250.0 7806.0 3566.0 4240.0 0.0 97.9931
11:17:00 120.0 6095.0 nan 98.09 98.15 97.99 98.08 472.0 98.11 2250.0 6095.0 3341.0 2754.0 0.0 98.1048
11:18:00 85.0 5916.0 nan 97.97 98.09 97.97 97.99 81.0 98.0 702.0 5916.0 2404.0 3512.0 0.0 98.0391
11:19:00 182.0 14613.0 nan 98.04 98.08 97.96 98.04 125.0 98.06 900.0 14613.0 4236.0 10377.0 0.0 98.0258
11:20:00 100.0 4891.0 nan 98.02 98.05 97.99 98.01 212.0 98.03 2050.0 4891.0 2189.0 2702.0 0.0 98.0191
11:21:00 167.0 9921.0 nan 98.07 98.07 97.99 98.07 464.0 98.1 2048.0 9921.0 5886.0 4035.0 0.0 98.0136
11:22:00 99.0 5444.0 nan 98.2 98.21 98.1 98.19 301.0 98.21 809.0 5444.0 3436.0 2008.0 0.0 98.1381
11:23:00 113.0 5133.0 nan 98.31 98.31 98.19 98.3 215.0 98.31 612.0 5133.0 3444.0 1689.0 0.0 98.2387
11:24:00 106.0 6214.0 nan 98.28 98.34 98.27 98.27 158.0 98.28 300.0 6214.0 4129.0 2085.0 0.0 98.2916
11:25:00 93.0 5667.0 nan 98.27 98.3 98.19 98.27 12.0 98.29 2250.0 5667.0 3781.0 1886.0 0.0 98.2513
11:26:00 96.0 5008.0 nan 98.265 98.31 98.24 98.24 158.0 98.26 200.0 5008.0 2984.0 2024.0 0.0 98.2771
11:27:00 79.0 3758.0 nan 98.2 98.28 98.2 98.19 13.0 98.21 1050.0 3758.0 1851.0 1907.0 0.0 98.2486
11:28:00 90.0 5299.0 nan 98.18 98.27 98.18 98.18 2.0 98.19 450.0 5299.0 3298.0 2001.0 0.0 98.2224
11:29:00 63.0 3368.0 nan 98.2 98.22 98.17 98.19 55.0 98.21 200.0 3368.0 2126.0 1242.0 0.0 98.1984
11:30:00 79.0 5231.0 nan 98.15 98.21 98.12 98.15 300.0 98.16 500.0 5231.0 3309.0 1922.0 0.0 98.1705
11:31:00 155.0 8172.0 nan 98.14 98.19 98.13 98.13 306.0 98.14 100.0 8172.0 3443.0 4729.0 0.0 98.1505
11:32:00 80.0 6082.0 nan 98.19 98.21 98.14 98.17 260.0 98.18 250.0 6082.0 3302.0 2780.0 0.0 98.1807
11:33:00 128.0 7817.0 nan 98.19 98.19 98.12 98.18 100.0 98.19 201.0 7817.0 4438.0 3379.0 0.0 98.1458
11:34:00 113.0 5295.0 nan 98.07 98.2 98.07 98.06 1952.0 98.08 3.0 5295.0 2162.0 3133.0 0.0 98.158
11:35:00 141.0 8713.0 nan 98.14 98.14 98.02 98.13 160.0 98.15 894.0 8713.0 4056.0 4657.0 0.0 98.0688
11:36:00 125.0 6947.0 nan 98.03 98.15 98.03 98.03 210.0 98.05 612.0 6947.0 2938.0 4009.0 0.0 98.1182
11:37:00 130.0 7145.0 nan 98.03 98.1 97.98 98.02 710.0 98.05 100.0 7145.0 2651.0 4494.0 0.0 98.0448
11:38:00 113.0 5764.0 nan 98.07 98.1 98.02 98.08 1.0 98.09 300.0 5764.0 3791.0 1973.0 0.0 98.0589
11:39:00 68.0 3462.0 nan 97.99 98.09 97.99 97.99 250.0 98.0 927.0 3462.0 1288.0 2174.0 0.0 98.0446
11:40:00 90.0 5124.0 nan 98.04 98.04 97.99 98.03 700.0 98.05 400.0 5124.0 3360.0 1764.0 0.0 98.0172
11:41:00 100.0 6078.0 nan 98.16 98.16 98.03 98.15 66.0 98.17 500.0 6078.0 3373.0 2705.0 0.0 98.077
11:42:00 62.0 3218.0 nan 98.34 98.34 98.16 98.33 220.0 98.34 103.0 3218.0 2538.0 680.0 0.0 98.2784
11:43:00 111.0 6555.0 nan 98.27 98.35 98.23 98.25 200.0 98.28 1707.0 6555.0 2802.0 3753.0 0.0 98.3016
11:44:00 76.0 5049.0 nan 98.23 98.27 98.23 98.22 500.0 98.23 42.0 5049.0 3509.0 1540.0 0.0 98.2405
11:45:00 87.0 4494.0 nan 98.25 98.28 98.23 98.24 450.0 98.26 757.0 4494.0 3252.0 1242.0 0.0 98.2544
11:46:00 87.0 4810.0 nan 98.25 98.31 98.23 98.23 282.0 98.25 108.0 4810.0 3142.0 1668.0 0.0 98.2678
11:47:00 80.0 3832.0 nan 98.17 98.28 98.17 98.17 350.0 98.18 211.0 3832.0 1899.0 1933.0 0.0 98.2337
11:48:00 78.0 3878.0 nan 98.19 98.21 98.15 98.19 100.0 98.2 58.0 3878.0 2918.0 960.0 0.0 98.1724
11:49:00 65.0 3512.0 nan 98.11 98.22 98.11 98.11 69.0 98.13 1559.0 3512.0 1660.0 1852.0 0.0 98.1598
11:50:00 105.0 5997.0 nan 98.08 98.1 98.03 98.08 472.0 98.1 358.0 5997.0 4164.0 1833.0 0.0 98.0584
11:51:00 71.0 2526.0 nan 98.05 98.09 97.99 98.05 697.0 98.06 765.0 2526.0 1267.0 1259.0 0.0 98.0424
11:52:00 129.0 7004.0 nan 97.93 98.055 97.9 97.93 400.0 97.95 308.0 7004.0 2978.0 4026.0 0.0 97.9481
11:53:00 67.0 3965.0 nan 97.97 97.98 97.92 97.96 900.0 97.98 100.0 3965.0 2289.0 1676.0 0.0 97.95
11:54:00 40.0 2251.0 nan 98.07 98.07 97.98 98.06 300.0 98.08 720.0 2251.0 1804.0 447.0 0.0 98.0222
11:55:00 76.0 4774.0 nan 98.15 98.17 98.08 98.15 101.0 98.16 219.0 4774.0 2624.0 2150.0 0.0 98.1305
11:56:00 83.0 4161.0 nan 98.19 98.23 98.15 98.17 150.0 98.19 1551.0 4161.0 2328.0 1833.0 0.0 98.1917
11:57:00 68.0 4461.0 nan 98.13 98.17 98.11 98.14 50.0 98.15 460.0 4461.0 2637.0 1824.0 0.0 98.1441
11:58:00 61.0 2611.0 nan 98.16 98.19 98.12 98.14 55.0 98.16 1694.0 2611.0 1309.0 1302.0 0.0 98.1631
11:59:00 60.0 5288.0 nan 98.19 98.19 98.13 98.18 800.0 98.2 150.0 5288.0 4345.0 943.0 0.0 98.1681
12:00:00 80.0 4018.0 nan 98.2 98.23 98.17 98.19 27.0 98.2 341.0 4018.0 1454.0 2564.0 0.0 98.198
12:01:00 188.0 6202.0 nan 98.2 98.23 98.15 98.2 136.0 98.21 726.0 6202.0 3439.0 2763.0 0.0 98.194
12:02:00 189.0 7483.0 nan 98.08 98.2 98.07 98.07 45.0 98.09 3200.0 7483.0 2338.0 5145.0 0.0 98.1126
12:03:00 133.0 20603.0 nan 98.07 98.13 98.06 98.05 2402.0 98.08 2103.0 20603.0 16881.0 3722.0 0.0 98.0993
12:04:00 108.0 6227.0 nan 98.0 98.1 98.0 97.99 5.0 98.0 157.0 6227.0 2395.0 3832.0 0.0 98.0638
12:05:00 86.0 4827.0 nan 97.99 98.02 97.98 97.98 400.0 97.99 274.0 4827.0 2666.0 2161.0 0.0 97.9953
12:06:00 112.0 6326.0 nan 97.98 98.02 97.96 97.98 141.0 97.99 200.0 6326.0 3050.0 3276.0 0.0 97.9889
12:07:00 65.0 2592.0 nan 97.95 97.98 97.91 97.94 950.0 97.96 443.0 2592.0 1599.0 993.0 0.0 97.9386
12:08:00 56.0 3149.0 nan 97.95 97.98 97.93 97.94 613.0 97.96 2019.0 3149.0 2299.0 850.0 0.0 97.9604
12:09:00 111.0 6409.0 nan 97.91 97.98 97.89 97.91 50.0 97.92 601.0 6409.0 3183.0 3226.0 0.0 97.9368
12:10:00 125.0 7824.0 nan 97.97 97.97 97.87 97.97 50.0 97.98 58.0 7824.0 5756.0 2068.0 0.0 97.9221
12:11:00 85.0 7134.0 nan 97.98 97.99 97.94 97.97 300.0 97.99 1950.0 7134.0 3789.0 3345.0 0.0 97.9643
12:12:00 95.0 5730.0 nan 98.03 98.04 97.94 98.03 100.0 98.04 950.0 5730.0 4032.0 1698.0 0.0 97.9806
12:13:00 50.0 3080.0 nan 98.09 98.09 98.03 98.08 100.0 98.1 401.0 3080.0 2380.0 700.0 0.0 98.0634
12:14:00 94.0 5770.0 nan 98.2 98.2 98.07 98.17 2051.0 98.21 2750.0 5770.0 4910.0 860.0 0.0 98.1319
12:15:00 59.0 2998.0 nan 98.12 98.19 98.11 98.12 711.0 98.13 801.0 2998.0 1279.0 1719.0 0.0 98.1572
12:16:00 79.0 6307.0 nan 98.13 98.16 98.09 98.12 223.0 98.13 811.0 6307.0 3823.0 2484.0 0.0 98.127
12:17:00 94.0 6194.0 nan 98.13 98.17 98.1 98.13 150.0 98.15 700.0 6194.0 3278.0 2916.0 0.0 98.1319
12:18:00 44.0 3173.0 nan 98.12 98.15 98.11 98.11 502.0 98.13 520.0 3173.0 2053.0 1120.0 0.0 98.1291
12:19:00 102.0 4933.0 nan 98.03 98.115 98.03 98.03 300.0 98.04 1121.0 4933.0 1569.0 3364.0 0.0 98.0878
12:20:00 96.0 6002.0 nan 97.98 98.05 97.97 97.97 100.0 97.99 201.0 6002.0 2602.0 3400.0 0.0 98.0241
12:21:00 73.0 4833.0 nan 98.0 98.02 97.96 98.0 201.0 98.02 1051.0 4833.0 3295.0 1538.0 0.0 98.0014
12:22:00 90.0 6475.0 nan 98.0 98.03 97.99 97.98 58.0 98.0 701.0 6475.0 1967.0 4508.0 0.0 98.0017
12:23:00 53.0 2656.0 nan 97.99 98.005 97.98 97.97 1800.0 97.99 700.0 2656.0 1408.0 1248.0 0.0 97.9932
12:24:00 87.0 5345.0 nan 97.96 97.98 97.92 97.95 191.0 97.97 404.0 5345.0 3966.0 1379.0 0.0 97.9478
12:25:00 69.0 3742.0 nan 97.94 97.965 97.9 97.93 201.0 97.94 900.0 3742.0 2356.0 1386.0 0.0 97.9356
12:26:00 74.0 3922.0 nan 97.91 97.96 97.89 97.9 200.0 97.93 2800.0 3922.0 2931.0 991.0 0.0 97.9229
12:27:00 70.0 4523.0 nan 97.95 97.97 97.9 97.95 700.0 97.96 101.0 4523.0 2984.0 1539.0 0.0 97.928
12:28:00 30.0 1744.0 nan 97.98 97.98 97.96 97.97 305.0 97.99 1858.0 1744.0 1250.0 494.0 0.0 97.9683
12:29:00 163.0 10909.0 nan 97.89 98.01 97.85 97.89 473.0 97.9 205.0 10909.0 5088.0 5821.0 0.0 97.9177
12:30:00 43.0 3205.0 nan 97.86 97.905 97.86 97.85 353.0 97.86 1102.0 3205.0 1105.0 2100.0 0.0 97.8881
12:31:00 103.0 7397.0 nan 97.87 97.89 97.84 97.85 268.0 97.87 900.0 7397.0 5187.0 2210.0 0.0 97.8649
12:32:00 68.0 3651.0 nan 97.85 97.88 97.85 97.84 223.0 97.85 332.0 3651.0 2084.0 1567.0 0.0 97.8633
12:33:00 83.0 2960.0 nan 97.78 97.845 97.78 97.78 870.0 97.8 304.0 2960.0 1665.0 1295.0 0.0 97.799
12:34:00 111.0 6966.0 nan 97.82 97.82 97.77 97.82 1801.0 97.83 343.0 6966.0 4979.0 1987.0 0.0 97.8021
12:35:00 62.0 2712.0 nan 97.84 97.85 97.82 97.82 1405.0 97.85 2254.0 2712.0 1987.0 725.0 0.0 97.831
12:36:00 37.0 1798.0 nan 97.84 97.84 97.83 97.84 107.0 97.85 1567.0 1798.0 972.0 826.0 0.0 97.8313
12:37:00 142.0 9520.0 nan 97.81 97.87 97.81 97.81 6.0 97.82 303.0 9520.0 5056.0 4464.0 0.0 97.8529
12:38:00 61.0 3003.0 nan 97.82 97.84 97.81 97.81 410.0 97.82 1303.0 3003.0 1256.0 1747.0 0.0 97.8181
12:39:00 59.0 4499.0 nan 97.86 97.87 97.82 97.85 426.0 97.86 1910.0 4499.0 3188.0 1311.0 0.0 97.8381
12:40:00 138.0 7828.0 nan 97.77 97.85 97.75 97.77 9.0 97.78 900.0 7828.0 4775.0 3053.0 0.0 97.8141
12:41:00 97.0 6305.0 nan 97.76 97.81 97.75 97.74 406.0 97.76 1.0 6305.0 3388.0 2917.0 0.0 97.7866
12:42:00 109.0 6296.0 nan 97.79 97.79 97.75 97.77 561.0 97.79 1315.0 6296.0 3168.0 3128.0 0.0 97.7659
12:43:00 155.0 10141.0 nan 97.9 97.9 97.77 97.89 1300.0 97.91 10.0 10141.0 7276.0 2865.0 0.0 97.837
12:44:00 84.0 4990.0 nan 97.98 97.99 97.91 97.97 1398.0 97.99 537.0 4990.0 4198.0 792.0 0.0 97.9633
12:45:00 81.0 3845.0 nan 98.059 98.07 97.97 98.05 710.0 98.06 730.0 3845.0 1960.0 1885.0 0.0 98.047
12:46:00 129.0 8216.0 nan 98.03 98.095 98.03 98.03 5.0 98.04 300.0 8216.0 4425.0 3791.0 0.0 98.0727
12:47:00 68.0 3891.0 nan 97.96 98.04 97.95 97.95 200.0 97.96 699.0 3891.0 2415.0 1476.0 0.0 97.9991
12:48:00 80.0 4981.0 nan 97.96 97.97 97.92 97.95 311.0 97.96 422.0 4981.0 3835.0 1146.0 0.0 97.9458
12:49:00 83.0 5077.0 nan 98.0 98.02 97.96 97.99 100.0 98.0 1410.0 5077.0 2055.0 3022.0 0.0 98.0029
12:50:00 50.0 3399.0 nan 98.03 98.03 97.98 98.03 201.0 98.05 1501.0 3399.0 2643.0 756.0 0.0 98.008
12:51:00 85.0 5375.0 nan 98.01 98.03 98.01 98.0 125.0 98.01 61.0 5375.0 1298.0 4077.0 0.0 98.0149
12:52:00 96.0 5577.0 nan 97.96 98.01 97.96 97.94 100.0 97.96 1719.0 5577.0 1325.0 4252.0 0.0 97.9975
12:53:00 84.0 6618.0 nan 98.0 98.02 97.96 97.98 700.0 98.0 1282.0 6618.0 4473.0 2145.0 0.0 97.9965
12:54:00 48.0 2931.0 nan 98.01 98.025 98.0 98.0 256.0 98.01 1217.0 2931.0 2038.0 893.0 0.0 98.0096
12:55:00 63.0 5642.0 nan 98.02 98.03 97.99 98.02 200.0 98.03 14.0 5642.0 3617.0 2025.0 0.0 98.0077
12:56:00 34.0 2520.0 nan 98.03 98.03 98.01 98.01 289.0 98.03 1419.0 2520.0 1351.0 1169.0 0.0 98.0139
12:57:00 187.0 13747.0 nan 98.08 98.09 98.01 98.08 201.0 98.09 325.0 13747.0 10138.0 3609.0 0.0 98.0432
12:58:00 84.0 4984.0 nan 98.06 98.095 98.04 98.06 272.0 98.07 105.0 4984.0 1499.0 3485.0 0.0 98.0674
12:59:00 100.0 7350.0 nan 98.12 98.14 98.07 98.12 210.0 98.13 100.0 7350.0 3890.0 3460.0 0.0 98.095
13:00:00 83.0 5725.0 nan 98.12 98.15 98.08 98.11 1158.0 98.13 5.0 5725.0 2175.0 3550.0 0.0 98.1074
13:01:00 86.0 5303.0 nan 98.04 98.15 98.02 98.02 100.0 98.04 1213.0 5303.0 888.0 4415.0 0.0 98.1055
13:02:00 144.0 6630.0 nan 97.82 98.05 97.81 97.81 10.0 97.84 1988.0 6630.0 3692.0 2938.0 0.0 97.9134
13:03:00 115.0 4708.0 nan 97.76 97.84 97.74 97.75 100.0 97.77 800.0 4708.0 1983.0 2725.0 0.0 97.7854
13:04:00 123.0 7411.0 nan 97.73 97.81 97.71 97.72 7.0 97.73 401.0 7411.0 4265.0 3146.0 0.0 97.7577
13:05:00 64.0 3423.0 nan 97.75 97.77 97.72 97.74 200.0 97.75 603.0 3423.0 2370.0 1053.0 0.0 97.7449
13:06:00 133.0 6767.0 nan 97.76 97.77 97.73 97.74 705.0 97.76 300.0 6767.0 3633.0 3134.0 0.0 97.7511
13:07:00 54.0 3171.0 nan 97.83 97.83 97.76 97.82 906.0 97.84 422.0 3171.0 1866.0 1305.0 0.0 97.7939
13:08:00 142.0 7671.0 nan 97.85 97.89 97.83 97.83 701.0 97.85 321.0 7671.0 2452.0 5219.0 0.0 97.8659
13:09:00 110.0 5759.0 nan 97.84 97.86 97.84 97.83 836.0 97.85 1801.0 5759.0 2207.0 3552.0 0.0 97.8509
13:10:00 137.0 7410.0 nan 97.85 97.86 97.82 97.84 432.0 97.85 362.0 7410.0 3940.0 3470.0 0.0 97.8495
13:11:00 103.0 5932.0 nan 97.86 97.87 97.83 97.86 100.0 97.87 844.0 5932.0 2538.0 3394.0 0.0 97.845
13:12:00 96.0 4436.0 nan 97.8 97.865 97.79 97.78 342.0 97.8 528.0 4436.0 2158.0 2278.0 0.0 97.8217
13:13:00 98.0 5412.0 nan 97.84 97.84 97.79 97.83 1031.0 97.85 1738.0 5412.0 3775.0 1637.0 0.0 97.8185
13:14:00 123.0 6577.0 nan 97.91 97.91 97.845 97.9 1156.0 97.91 376.0 6577.0 3874.0 2703.0 0.0 97.8817
13:15:00 151.0 7929.0 nan 97.98 97.98 97.88 97.97 400.0 97.98 400.0 7929.0 4322.0 3607.0 0.0 97.9262
13:16:00 100.0 6132.0 nan 97.93 97.97 97.93 97.91 201.0 97.93 100.0 6132.0 1633.0 4499.0 0.0 97.9577
13:17:00 67.0 4608.0 nan 97.94 97.94 97.9 97.93 985.0 97.95 1610.0 4608.0 3601.0 1007.0 0.0 97.9226
13:18:00 56.0 3679.0 nan 97.93 97.95 97.92 97.92 881.0 97.93 9.0 3679.0 1563.0 2116.0 0.0 97.9309
13:19:00 161.0 8050.0 nan 97.875 97.92 97.85 97.87 12.0 97.88 2318.0 8050.0 3809.0 4241.0 0.0 97.8856
13:20:00 149.0 8490.0 nan 97.89 97.9 97.84 97.89 400.0 97.9 600.0 8490.0 5196.0 3294.0 0.0 97.8665
13:21:00 231.0 12394.0 nan 97.895 97.9 97.83 97.89 126.0 97.9 469.0 12394.0 7759.0 4635.0 0.0 97.8694
13:22:00 66.0 4060.0 nan 97.89 97.93 97.88 97.89 100.0 97.9 200.0 4060.0 1952.0 2108.0 0.0 97.9004
13:23:00 108.0 6402.0 nan 97.86 97.88 97.84 97.85 500.0 97.87 400.0 6402.0 3649.0 2753.0 0.0 97.8575
13:24:00 86.0 5826.0 nan 97.82 97.87 97.79 97.8 201.0 97.82 818.0 5826.0 2284.0 3542.0 0.0 97.8363
13:25:00 109.0 7254.0 nan 97.83 97.85 97.81 97.83 100.0 97.84 614.0 7254.0 5530.0 1724.0 0.0 97.8324
13:26:00 72.0 4488.0 nan 97.81 97.84 97.81 97.81 21.0 97.82 300.0 4488.0 2433.0 2055.0 0.0 97.8291
13:27:00 136.0 11071.0 nan 97.81 97.84 97.805 97.81 3.0 97.82 600.0 11071.0 6100.0 4971.0 0.0 97.8269
13:28:00 70.0 4936.0 nan 97.83 97.84 97.82 97.82 837.0 97.83 979.0 4936.0 2533.0 2403.0 0.0 97.8284
13:29:00 132.0 7317.0 nan 97.8 97.87 97.765 97.8 534.0 97.81 600.0 7317.0 3776.0 3541.0 0.0 97.8247
13:30:00 103.0 4166.0 nan 97.83 97.87 97.81 97.82 82.0 97.83 705.0 4166.0 1553.0 2613.0 0.0 97.8486
13:31:00 136.0 7382.0 nan 97.87 97.87 97.76 97.87 115.0 97.88 118.0 7382.0 5089.0 2293.0 0.0 97.8192
13:32:00 129.0 8474.0 nan 97.85 97.9 97.85 97.83 701.0 97.85 1101.0 8474.0 3273.0 5201.0 0.0 97.8734
13:33:00 89.0 6071.0 nan 97.89 97.89 97.84 97.89 153.0 97.9 300.0 6071.0 4064.0 2007.0 0.0 97.8615
13:34:00 132.0 8221.0 nan 97.83 97.89 97.81 97.82 1215.0 97.83 400.0 8221.0 2511.0 5710.0 0.0 97.8435
13:35:00 113.0 7730.0 nan 97.82 97.84 97.8 97.81 1041.0 97.83 300.0 7730.0 3447.0 4283.0 0.0 97.8228
13:36:00 124.0 9759.0 nan 97.76 97.84 97.76 97.75 1440.0 97.76 1.0 9759.0 2957.0 6802.0 0.0 97.8027
13:37:00 64.0 4252.0 nan 97.8 97.8 97.75 97.79 210.0 97.8 200.0 4252.0 2449.0 1803.0 0.0 97.772
13:38:00 122.0 7906.0 nan 97.8 97.86 97.77 97.78 100.0 97.8 1816.0 7906.0 4614.0 3292.0 0.0 97.8167
13:39:00 88.0 5969.0 nan 97.82 97.83 97.75 97.8 760.0 97.82 100.0 5969.0 3042.0 2927.0 0.0 97.7859
13:40:00 53.0 3061.0 nan 97.79 97.8 97.76 97.78 745.0 97.8 815.0 3061.0 1553.0 1508.0 0.0 97.7852
13:41:00 127.0 8881.0 nan 97.75 97.78 97.73 97.76 100.0 97.77 403.0 8881.0 3755.0 5126.0 0.0 97.7492
13:42:00 119.0 9445.0 nan 97.8 97.83 97.765 97.79 300.0 97.8 2.0 9445.0 6056.0 3389.0 0.0 97.8071
13:43:00 68.0 3709.0 nan 97.82 97.84 97.79 97.81 450.0 97.82 50.0 3709.0 2527.0 1182.0 0.0 97.8148
13:44:00 70.0 3878.0 nan 97.79 97.82 97.79 97.79 110.0 97.8 1407.0 3878.0 1477.0 2401.0 0.0 97.8041
13:45:00 90.0 11590.0 nan 97.79 97.84 97.79 97.78 1178.0 97.8 1519.0 11590.0 3010.0 8580.0 0.0 97.8102
13:46:00 144.0 9672.0 nan 97.75 97.79 97.71 97.73 1100.0 97.75 1.0 9672.0 5038.0 4634.0 0.0 97.7588
13:47:00 122.0 9313.0 nan 97.74 97.78 97.73 97.73 200.0 97.74 300.0 9313.0 6390.0 2923.0 0.0 97.7481
13:48:00 114.0 5989.0 nan 97.79 97.79 97.73 97.78 400.0 97.79 529.0 5989.0 3763.0 2226.0 0.0 97.7628
13:49:00 117.0 7449.0 nan 97.77 97.825 97.76 97.75 2339.0 97.78 600.0 7449.0 4444.0 3005.0 0.0 97.7856
13:50:00 65.0 4405.0 nan 97.75 97.78 97.73 97.75 189.0 97.77 701.0 4405.0 1836.0 2569.0 0.0 97.7527
13:51:00 97.0 7532.0 nan 97.74 97.75 97.71 97.73 2600.0 97.75 211.0 7532.0 3923.0 3609.0 0.0 97.7248
13:52:00 66.0 3599.0 nan 97.72 97.749 97.72 97.72 1.0 97.73 1336.0 3599.0 372.0 3227.0 0.0 97.7263
13:53:00 142.0 9555.0 nan 97.74 97.74 97.7 97.72 300.0 97.73 619.0 9555.0 6174.0 3381.0 0.0 97.7234
13:54:00 119.0 7143.0 nan 97.79 97.8 97.7 97.78 1895.0 97.81 2523.0 7143.0 5642.0 1501.0 0.0 97.7387
13:55:00 96.0 4745.0 nan 97.829 97.83 97.77 97.82 511.0 97.83 310.0 4745.0 3110.0 1635.0 0.0 97.8015
13:56:00 97.0 5839.0 nan 97.74 97.83 97.74 97.74 106.0 97.76 884.0 5839.0 1693.0 4146.0 0.0 97.7989
13:57:00 70.0 6994.0 nan 97.75 97.77 97.72 97.73 1238.0 97.76 447.0 6994.0 5098.0 1896.0 0.0 97.7391
13:58:00 110.0 4553.0 nan 97.795 97.81 97.74 97.78 500.0 97.81 2556.0 4553.0 3272.0 1281.0 0.0 97.7819
13:59:00 151.0 9825.0 nan 97.67 97.78 97.66 97.65 144.0 97.68 1100.0 9825.0 2354.0 7471.0 0.0 97.7325
14:00:00 99.0 5666.0 nan 97.68 97.68 97.62 97.67 7.0 97.7 1445.0 5666.0 4212.0 1454.0 0.0 97.6552
14:01:00 787.0 53575.0 nan 97.86 98.13 97.63 97.82 200.0 97.87 100.0 53575.0 31990.0 21585.0 0.0 97.8562
14:02:00 326.0 23090.0 nan 97.97 98.05 97.86 97.96 146.0 97.98 368.0 23090.0 11517.0 11573.0 0.0 97.9658
14:03:00 425.0 27376.0 nan 98.18 98.24 97.96 98.14 300.0 98.18 50.0 27376.0 18193.0 9183.0 0.0 98.1518
14:04:00 331.0 18638.0 nan 97.84 98.15 97.75 97.84 150.0 97.9 50.0 18638.0 8195.0 10443.0 0.0 97.9435
14:05:00 254.0 17963.0 nan 97.81 97.97 97.74 97.79 100.0 97.82 100.0 17963.0 9653.0 8310.0 0.0 97.8662
14:06:00 144.0 7072.0 nan 97.88 97.88 97.75 97.87 101.0 97.92 84.0 7072.0 4656.0 2416.0 0.0 97.8268
14:07:00 142.0 8797.0 nan 97.97 97.98 97.87 97.98 50.0 98.0 200.0 8797.0 4796.0 4001.0 0.0 97.9114
14:08:00 244.0 11011.0 nan 97.83 98.06 97.75 97.81 200.0 97.84 50.0 11011.0 5090.0 5921.0 0.0 97.9099
14:09:00 164.0 14306.0 nan 97.82 97.86 97.81 97.81 250.0 97.84 1270.0 14306.0 7269.0 7037.0 0.0 97.837
14:10:00 209.0 11849.0 nan 97.64 97.83 97.64 97.66 51.0 97.68 200.0 11849.0 4083.0 7766.0 0.0 97.7755
14:11:00 175.0 11993.0 nan 97.58 97.79 97.56 97.55 237.0 97.59 1350.0 11993.0 4358.0 7635.0 0.0 97.7045
14:12:00 326.0 21159.0 nan 97.43 97.6 97.36 97.43 50.0 97.46 100.0 21159.0 6349.0 14810.0 0.0 97.4416
14:13:00 125.0 7446.0 nan 97.64 97.64 97.43 97.63 250.0 97.66 100.0 7446.0 5051.0 2395.0 0.0 97.5468
14:14:00 150.0 7934.0 nan 97.51 97.65 97.44 97.47 202.0 97.5 1650.0 7934.0 3666.0 4268.0 0.0 97.5312
14:15:00 595.0 29029.0 nan 97.16 97.5 97.02 97.13 100.0 97.16 150.0 29029.0 11374.0 17655.0 0.0 97.2393
14:16:00 196.0 11395.0 nan 97.26 97.31 97.12 97.24 101.0 97.26 50.0 11395.0 7655.0 3740.0 0.0 97.2325
14:17:00 297.0 15564.0 nan 97.13 97.3 97.04 97.12 416.0 97.15 150.0 15564.0 6985.0 8579.0 0.0 97.151
14:18:00 124.0 6097.0 nan 97.11 97.17 97.02 97.08 100.0 97.11 50.0 6097.0 4087.0 2010.0 0.0 97.0742
14:19:00 107.0 6501.0 nan 97.26 97.3 97.05 97.25 60.0 97.28 50.0 6501.0 2783.0 3718.0 0.0 97.1209
14:20:00 74.0 4559.0 nan 97.12 97.25 97.12 97.15 50.0 97.18 156.0 4559.0 2540.0 2019.0 0.0 97.1704
14:21:00 150.0 8546.0 nan 97.17 97.24 97.06 97.15 50.0 97.18 150.0 8546.0 4550.0 3996.0 0.0 97.1353
14:22:00 115.0 8274.0 nan 97.2 97.23 97.05 97.19 250.0 97.21 445.0 8274.0 4968.0 3306.0 0.0 97.1263
14:23:00 108.0 6529.0 nan 97.12 97.25 97.05 97.08 50.0 97.12 50.0 6529.0 3869.0 2660.0 0.0 97.1268
14:24:00 788.0 26091.0 nan 97.09 97.14 96.96 97.07 685.0 97.1 305.0 26091.0 10790.0 15301.0 0.0 97.0124
14:25:00 125.0 7841.0 nan 97.24 97.24 97.09 97.21 2650.0 97.26 1450.0 7841.0 4782.0 3059.0 0.0 97.1693
14:26:00 209.0 12190.0 nan 97.5 97.56 97.25 97.49 1587.0 97.53 70.0 12190.0 7845.0 4345.0 0.0 97.4641
14:27:00 123.0 6311.0 nan 97.51 97.58 97.49 97.5 1750.0 97.53 218.0 6311.0 2759.0 3552.0 0.0 97.5374
14:28:00 145.0 9140.0 nan 97.55 97.58 97.42 97.52 541.0 97.56 1850.0 9140.0 3351.0 5789.0 0.0 97.4895
14:29:00 85.0 6793.0 nan 97.48 97.55 97.38 97.47 600.0 97.49 5.0 6793.0 3168.0 3625.0 0.0 97.474
14:30:00 86.0 5631.0 nan 97.45 97.5 97.44 97.44 207.0 97.47 600.0 5631.0 3715.0 1916.0 0.0 97.4752
14:31:00 229.0 14436.0 nan 97.41 97.49 97.28 97.39 250.0 97.42 200.0 14436.0 5940.0 8496.0 0.0 97.3899
14:32:00 277.0 17232.0 nan 97.27 97.46 97.15 97.22 100.0 97.25 650.0 17232.0 5334.0 11898.0 0.0 97.2533
14:33:00 168.0 9097.0 nan 97.18 97.28 97.11 97.18 50.0 97.2 100.0 9097.0 4614.0 4483.0 0.0 97.2024
14:34:00 211.0 13043.0 nan 97.08 97.24 97.02 97.06 53.0 97.09 50.0 13043.0 4418.0 8625.0 0.0 97.1095
14:35:00 416.0 21326.0 nan 96.89 97.135 96.76 96.87 160.0 96.91 100.0 21326.0 8629.0 12697.0 0.0 96.8998
14:36:00 280.0 19898.0 nan 96.87 97.0 96.79 96.85 150.0 96.88 300.0 19898.0 8023.0 11875.0 0.0 96.853
14:37:00 241.0 10562.0 nan 96.86 96.89 96.69 96.85 100.0 96.87 150.0 10562.0 4478.0 6084.0 0.0 96.7932
14:38:00 134.0 7048.0 nan 97.02 97.07 96.82 96.99 200.0 97.01 100.0 7048.0 3738.0 3310.0 0.0 96.96
14:39:00 304.0 17967.0 nan 97.4 97.44 97.02 97.4 62.0 97.42 50.0 17967.0 11096.0 6871.0 0.0 97.2005
14:40:00 494.0 28596.0 nan 97.42 97.68 97.27 97.42 50.0 97.46 200.0 28596.0 15163.0 13433.0 0.0 97.5118
14:41:00 219.0 11415.0 nan 97.27 97.46 97.23 97.25 3.0 97.29 587.0 11415.0 3965.0 7450.0 0.0 97.3314
14:42:00 222.0 11053.0 nan 97.05 97.41 97.01 97.01 150.0 97.06 550.0 11053.0 3641.0 7412.0 0.0 97.2244
14:43:00 225.0 13188.0 nan 97.03 97.22 97.0 96.99 150.0 97.03 50.0 13188.0 6521.0 6667.0 0.0 97.0911
14:44:00 597.0 36034.0 nan 96.83 96.99 96.63 96.85 50.0 96.87 7.0 36034.0 16906.0 19128.0 0.0 96.7659
14:45:00 221.0 12239.0 nan 96.59 96.94 96.59 96.58 270.0 96.61 300.0 12239.0 3936.0 8303.0 0.0 96.733
14:46:00 671.0 31025.0 nan 96.27 96.61 96.19 96.26 50.0 96.29 300.0 31025.0 10471.0 20554.0 0.0 96.4036
14:47:00 637.0 34818.0 nan 96.28 96.41 96.07 96.25 50.0 96.29 100.0 34818.0 11297.0 23521.0 0.0 96.1937
14:48:00 305.0 18852.0 nan 96.22 96.25 96.06 96.19 102.0 96.24 250.0 18852.0 7549.0 11303.0 0.0 96.137
14:49:00 329.0 20807.0 nan 96.03 96.21 96.02 96.02 703.0 96.03 1.0 20807.0 10312.0 10495.0 0.0 96.1368
14:50:00 322.0 21419.0 nan 96.12 96.27 96.01 96.09 200.0 96.14 50.0 21419.0 12892.0 8527.0 0.0 96.1511
14:51:00 489.0 19107.0 nan 96.16 96.43 96.07 96.15 750.0 96.21 450.0 19107.0 9392.0 9715.0 0.0 96.2969
14:52:00 229.0 13236.0 nan 96.53 96.56 96.16 96.5 50.0 96.54 620.0 13236.0 7608.0 5628.0 0.0 96.3696
14:53:00 306.0 14769.0 nan 96.45 96.61 96.34 96.44 50.0 96.47 203.0 14769.0 7856.0 6913.0 0.0 96.478
14:54:00 204.0 10414.0 nan 96.44 96.57 96.31 96.44 50.0 96.45 6.0 10414.0 6089.0 4325.0 0.0 96.4211
14:55:00 269.0 14140.0 nan 96.36 96.51 96.29 96.34 50.0 96.37 100.0 14140.0 7496.0 6644.0 0.0 96.4143
14:56:00 456.0 21688.0 nan 96.2 96.33 96.07 96.2 197.0 96.24 250.0 21688.0 8112.0 13576.0 0.0 96.221
14:57:00 257.0 14664.0 nan 96.45 96.45 96.15 96.42 300.0 96.47 259.0 14664.0 6685.0 7979.0 0.0 96.3005
14:58:00 228.0 8255.0 nan 96.4 96.47 96.2 96.37 1150.0 96.41 250.0 8255.0 3188.0 5067.0 0.0 96.3479
14:59:00 123.0 6566.0 nan 96.35 96.55 96.3 96.33 120.0 96.35 100.0 6566.0 2229.0 4337.0 0.0 96.3948
15:00:00 256.0 13075.0 nan 96.37 96.42 96.21 96.34 300.0 96.38 141.0 13075.0 7205.0 5870.0 0.0 96.3235
15:01:00 319.0 17328.0 nan 96.07 96.34 96.03 96.06 100.0 96.09 1159.0 17328.0 7524.0 9804.0 0.0 96.194
15:02:00 778.0 28109.0 nan 95.83 96.12 95.76 95.83 3.0 95.85 50.0 28109.0 7712.0 20397.0 0.0 95.9363
15:03:00 226.0 10922.0 nan 95.75 95.95 95.73 95.73 200.0 95.76 553.0 10922.0 4842.0 6080.0 0.0 95.869
15:04:00 320.0 17885.0 nan 95.54 95.8 95.52 95.53 350.0 95.56 300.0 17885.0 6339.0 11546.0 0.0 95.6602
15:05:00 465.0 24498.0 nan 95.58 95.72 95.49 95.56 100.0 95.59 50.0 24498.0 11761.0 12737.0 0.0 95.5732
15:06:00 202.0 11560.0 nan 95.48 95.68 95.42 95.48 50.0 95.51 1347.0 11560.0 5522.0 6038.0 0.0 95.5522
15:07:00 289.0 16348.0 nan 95.54 95.62 95.4 95.54 50.0 95.56 302.0 16348.0 7372.0 8976.0 0.0 95.5048
15:08:00 193.0 10933.0 nan 95.68 95.68 95.39 95.63 3.0 95.67 350.0 10933.0 5971.0 4962.0 0.0 95.5324
15:09:00 268.0 17373.0 nan 95.46 95.66 95.45 95.43 350.0 95.47 150.0 17373.0 5223.0 12150.0 0.0 95.5391
15:10:00 300.0 17427.0 nan 95.26 95.43 95.23 95.23 16.0 95.26 800.0 17427.0 6959.0 10468.0 0.0 95.342
15:11:00 279.0 15287.0 nan 95.56 95.56 95.24 95.56 51.0 95.58 19.0 15287.0 8586.0 6701.0 0.0 95.4019
15:12:00 325.0 16287.0 nan 95.7 95.78 95.57 95.69 50.0 95.72 21.0 16287.0 6022.0 10265.0 0.0 95.6882
15:13:00 522.0 36200.0 nan 95.7 95.79 95.5 95.66 400.0 95.69 62.0 36200.0 13553.0 22647.0 0.0 95.6394
15:14:00 376.0 19217.0 nan 95.62 95.71 95.56 95.63 50.0 95.66 300.0 19217.0 6562.0 12655.0 0.0 95.6467
15:15:00 330.0 18642.0 nan 95.5 95.66 95.44 95.48 150.0 95.51 306.0 18642.0 6829.0 11813.0 0.0 95.5326
15:16:00 433.0 22144.0 nan 95.43 95.69 95.39 95.42 250.0 95.46 1500.0 22144.0 7866.0 14278.0 0.0 95.5123
15:17:00 569.0 26511.0 nan 95.61 95.65 95.33 95.59 550.0 95.62 970.0 26511.0 9987.0 16524.0 0.0 95.4332
15:18:00 312.0 16570.0 nan 95.46 95.62 95.38 95.44 100.0 95.47 1050.0 16570.0 7128.0 9442.0 0.0 95.497
15:19:00 407.0 18827.0 nan 95.36 95.47 95.26 95.36 160.0 95.39 300.0 18827.0 6298.0 12529.0 0.0 95.3567
15:20:00 315.0 14882.0 nan 95.29 95.41 95.23 95.27 1900.0 95.31 961.0 14882.0 6858.0 8024.0 0.0 95.3083
15:21:00 438.0 22798.0 nan 95.15 95.38 95.12 95.13 1250.0 95.16 270.0 22798.0 7991.0 14807.0 0.0 95.22
15:22:00 359.0 18250.0 nan 95.27 95.33 95.14 95.25 100.0 95.28 23.0 18250.0 11263.0 6987.0 0.0 95.2369
15:23:00 215.0 13489.0 nan 95.11 95.26 95.08 95.09 2500.0 95.12 100.0 13489.0 7576.0 5913.0 0.0 95.1467
15:24:00 227.0 13653.0 nan 95.05 95.12 95.03 95.04 50.0 95.06 200.0 13653.0 8691.0 4962.0 0.0 95.0691
15:25:00 1248.0 39113.0 nan 95.14 95.25 94.89 95.12 120.0 95.15 2259.0 39113.0 15811.0 23302.0 0.0 95.0263
15:26:00 211.0 10774.0 nan 95.07 95.25 95.05 95.05 2001.0 95.09 2100.0 10774.0 5733.0 5041.0 0.0 95.1759
15:27:00 199.0 12580.0 nan 95.16 95.18 95.0 95.16 503.0 95.18 44.0 12580.0 7617.0 4963.0 0.0 95.0714
15:28:00 252.0 16182.0 nan 95.5 95.53 95.18 95.48 440.0 95.5 100.0 16182.0 10681.0 5501.0 0.0 95.3673
15:29:00 222.0 13430.0 nan 95.62 95.62 95.44 95.6 450.0 95.64 460.0 13430.0 7029.0 6401.0 0.0 95.5348
15:30:00 240.0 17728.0 nan 95.56 95.62 95.36 95.56 100.0 95.57 5.0 17728.0 11229.0 6499.0 0.0 95.4952
15:31:00 288.0 16835.0 nan 95.67 95.67 95.4 95.64 280.0 95.66 12.0 16835.0 10390.0 6445.0 0.0 95.5308
15:32:00 282.0 15405.0 nan 95.69 95.69 95.52 95.66 100.0 95.69 262.0 15405.0 8897.0 6508.0 0.0 95.6111
15:33:00 191.0 10587.0 nan 95.6 95.71 95.59 95.58 250.0 95.61 204.0 10587.0 5610.0 4977.0 0.0 95.6522
15:34:00 448.0 23099.0 nan 95.46 95.63 95.32 95.45 104.0 95.46 4.0 23099.0 12731.0 10368.0 0.0 95.457
15:35:00 301.0 15526.0 nan 95.34 95.49 95.29 95.34 600.0 95.37 165.0 15526.0 8642.0 6884.0 0.0 95.411
15:36:00 293.0 15320.0 nan 95.21 95.35 95.1 95.2 200.0 95.22 16.0 15320.0 6650.0 8670.0 0.0 95.1891
15:37:00 305.0 16302.0 nan 95.23 95.41 95.15 95.23 100.0 95.25 114.0 16302.0 9635.0 6667.0 0.0 95.2884
15:38:00 300.0 15692.0 nan 95.29 95.39 95.22 95.28 200.0 95.31 154.0 15692.0 10297.0 5395.0 0.0 95.3071
15:39:00 366.0 19241.0 nan 95.4 95.47 95.23 95.38 100.0 95.4 100.0 19241.0 11406.0 7835.0 0.0 95.3696
15:40:00 418.0 23408.0 nan 95.34 95.46 95.31 95.33 350.0 95.35 104.0 23408.0 12244.0 11164.0 0.0 95.4036
15:41:00 454.0 32484.0 nan 95.43 95.43 95.19 95.4 1407.0 95.44 183.0 32484.0 14698.0 17786.0 0.0 95.2956
15:42:00 305.0 16686.0 nan 95.59 95.68 95.43 95.56 250.0 95.6 458.0 16686.0 11445.0 5241.0 0.0 95.5664
15:43:00 304.0 17041.0 nan 95.54 95.62 95.42 95.51 58.0 95.53 50.0 17041.0 10857.0 6184.0 0.0 95.5402
15:44:00 379.0 17666.0 nan 95.53 95.54 95.36 95.51 1770.0 95.53 22.0 17666.0 9006.0 8660.0 0.0 95.4453
15:45:00 236.0 14196.0 nan 95.43 95.56 95.34 95.43 415.0 95.45 900.0 14196.0 7284.0 6912.0 0.0 95.4412
15:46:00 285.0 19532.0 nan 95.45 95.46 95.32 95.44 53.0 95.45 100.0 19532.0 9393.0 10139.0 0.0 95.389
15:47:00 360.0 24067.0 nan 95.7 95.7 95.43 95.7 100.0 95.73 358.0 24067.0 16469.0 7598.0 0.0 95.5584
15:48:00 376.0 21379.0 nan 95.49 95.72 95.39 95.48 53.0 95.51 350.0 21379.0 9348.0 12031.0 0.0 95.5347
15:49:00 536.0 36674.0 nan 95.29 95.63 95.16 95.28 53.0 95.3 100.0 36674.0 20766.0 15908.0 0.0 95.3884
15:50:00 336.0 21506.0 nan 95.41 95.45 95.18 95.38 300.0 95.42 190.0 21506.0 11088.0 10418.0 0.0 95.2675
15:51:00 786.0 50287.0 nan 95.27 95.5 95.21 95.26 300.0 95.28 50.0 50287.0 24066.0 26221.0 0.0 95.3469
15:52:00 633.0 35293.0 nan 95.27 95.37 95.22 95.25 1803.0 95.28 100.0 35293.0 16646.0 18647.0 0.0 95.2871
15:53:00 479.0 30455.0 nan 95.12 95.29 95.12 95.12 540.0 95.13 991.0 30455.0 14617.0 15838.0 0.0 95.2209
15:54:00 566.0 39166.0 nan 95.32 95.33 95.11 95.3 12.0 95.32 1200.0 39166.0 29055.0 10111.0 0.0 95.245
15:55:00 1093.0 79957.0 nan 95.7 95.85 95.3 95.7 431.0 95.74 300.0 79957.0 40615.0 39342.0 0.0 95.5413
15:56:00 941.0 74389.0 nan 95.51 95.77 95.48 95.48 850.0 95.52 2423.0 74389.0 33093.0 41296.0 0.0 95.642
15:57:00 913.0 64756.0 nan 95.4 95.66 95.35 95.39 200.0 95.4 25.0 64756.0 31761.0 32995.0 0.0 95.4859
15:58:00 982.0 66717.0 nan 95.56 95.6 95.35 95.55 450.0 95.56 304.0 66717.0 34822.0 31895.0 0.0 95.4652
15:59:00 992.0 84729.0 nan 95.61 95.62 95.47 95.61 22.0 95.63 209.0 84729.0 52721.0 32008.0 0.0 95.5391
16:00:00 1670.0 178073.0 nan 95.6 95.7 95.45 95.55 24300.0 95.6 775.0 178073.0 84074.0 93999.0 0.0 95.5623
16:01:00 9.0 82.0 nan 95.6 95.6 95.5 95.5 25.0 95.6 861.0 82.0 7.0 75.0 0.0 95.5085
16:02:00 4.0 30.0 nan 95.58 95.58 95.5 95.43 31.0 95.58 902.0 30.0 5.0 25.0 0.0 95.5133
16:03:00 15.0 619.0 nan 95.58 95.58 95.41 95.52 50.0 95.63 300.0 619.0 614.0 5.0 0.0 95.5501
16:04:00 3.0 190.0 nan 95.7 95.7 95.55 95.6 1.0 95.63 300.0 190.0 40.0 150.0 0.0 95.6579
16:05:00 1.0 0.0 nan 95.69 95.69 95.69 95.6 1.0 95.63 300.0 nan 0.0 0.0 0.0 nan
16:06:00 2.0 1.0 nan 95.69 95.69 95.6 95.6 1.0 95.63 300.0 1.0 0.0 1.0 0.0 95.6
16:07:00 3.0 2.0 nan 95.55 95.69 95.55 95.52 1.0 95.63 300.0 2.0 0.0 2.0 0.0 95.575
16:08:00 4.0 11.0 nan 95.55 95.69 95.55 95.52 1.0 95.63 300.0 11.0 1.0 10.0 0.0 95.55
16:09:00 5.0 23.0 nan 95.5 95.69 95.5 95.43 31.0 95.63 300.0 23.0 0.0 23.0 0.0 95.5009
16:10:00 0.0 0.0 nan 95.5 nan nan 95.45 10.0 95.55 7.0 nan 0.0 0.0 0.0 nan
16:11:00 2.0 7.0 nan 95.45 95.5 95.45 95.45 7.0 95.55 7.0 7.0 0.0 7.0 0.0 95.4786
16:12:00 21.0 499.0 nan 95.21 95.55 95.21 95.43 31.0 95.28 85.0 499.0 274.0 225.0 0.0 95.3443
16:13:00 7.0 179.0 nan 95.52 95.52 95.21 95.43 31.0 95.55 13.0 179.0 178.0 1.0 0.0 95.2796
16:14:00 3.0 2.0 nan 95.55 95.55 95.53 95.43 31.0 95.55 11.0 2.0 2.0 0.0 0.0 95.55
16:15:00 2.0 2.0 nan 95.49 95.55 95.49 95.43 31.0 95.5 100.0 2.0 2.0 0.0 0.0 95.55
16:16:00 1.0 10.0 nan 95.5 95.5 95.5 95.43 31.0 95.5 100.0 10.0 10.0 0.0 0.0 95.5
16:17:00 7.0 196.0 nan 95.32 95.4 95.32 95.43 31.0 95.5 107.0 196.0 164.0 32.0 0.0 95.3331
16:18:00 3.0 2.0 nan 95.5 95.5 95.35 95.43 31.0 95.5 16.0 2.0 1.0 1.0 0.0 95.48
16:19:00 5.0 18.0 nan 95.55 95.55 95.35 95.43 31.0 95.63 300.0 18.0 8.0 10.0 0.0 95.4222
16:20:00 4.0 12.0 nan 95.68 95.68 95.35 95.6 100.0 95.63 300.0 12.0 1.0 11.0 0.0 95.5733
16:21:00 2.0 1.0 nan 95.68 95.68 95.65 95.5 101.0 95.63 300.0 1.0 1.0 0.0 0.0 95.68
16:22:00 7.0 92.0 nan 95.5 95.59 95.5 95.5 13.0 95.6 230.0 92.0 0.0 92.0 0.0 95.5
16:23:00 2.0 3.0 nan 95.35 95.5 95.35 95.5 11.0 95.6 230.0 3.0 0.0 3.0 0.0 95.5
16:24:00 0.0 0.0 nan 95.35 nan nan 95.5 11.0 95.6 230.0 nan 0.0 0.0 0.0 nan
16:25:00 0.0 0.0 nan 95.35 nan nan 95.5 11.0 95.6 230.0 nan 0.0 0.0 0.0 nan
16:26:00 0.0 0.0 nan 95.35 nan nan 95.5 14.0 95.6 230.0 nan 0.0 0.0 0.0 nan
16:27:00 2.0 1.0 nan 95.58 95.59 95.58 95.5 12.0 95.58 6.0 1.0 1.0 0.0 0.0 95.58
16:28:00 1.0 4.0 nan 95.58 95.58 95.58 95.5 13.0 95.58 6.0 4.0 0.0 4.0 0.0 95.58
16:29:00 3.0 8.0 nan 95.58 95.58 95.58 95.5 13.0 95.58 3.0 8.0 3.0 5.0 0.0 95.58
16:30:00 0.0 0.0 nan 95.58 nan nan 95.51 1.0 95.54 69.0 nan 0.0 0.0 0.0 nan
16:31:00 2.0 11.0 nan 95.51 95.57 95.51 95.5 65.0 95.57 59.0 11.0 10.0 1.0 0.0 95.5645
16:32:00 16.0 88.0 nan 95.56 95.57 95.47 95.47 2.0 95.56 152.0 88.0 5.0 83.0 0.0 95.4989
16:33:00 3.0 2.0 nan 95.47 95.56 95.47 95.45 26.0 95.54 202.0 2.0 0.0 2.0 0.0 95.47
16:34:00 6.0 41.0 nan 95.36 95.53 95.36 95.43 31.0 95.47 99.0 41.0 14.0 27.0 0.0 95.4778
16:35:00 4.0 35.0 nan 95.47 95.47 95.37 95.43 31.0 95.47 98.0 35.0 1.0 34.0 0.0 95.4363
16:36:00 23.0 340.0 nan 95.35 95.46 95.35 95.43 31.0 95.47 98.0 340.0 339.0 1.0 0.0 95.35
16:37:00 31.0 688.0 nan 95.21 95.35 95.21 95.43 31.0 95.47 98.0 688.0 1.0 687.0 0.0 95.3336
16:38:00 4.0 1.0 nan 95.22 95.25 95.22 95.43 31.0 95.47 98.0 1.0 0.0 1.0 0.0 95.22
16:39:00 4.0 0.0 nan 95.44 95.45 95.22 95.43 31.0 95.47 98.0 nan 0.0 0.0 0.0 nan
16:40:00 5.0 12.0 nan 95.3 95.37 95.25 95.43 31.0 95.3 494.0 12.0 6.0 6.0 0.0 95.2792
16:41:00 5.0 9.0 nan 95.25 95.3 95.25 95.43 31.0 95.3 488.0 9.0 6.0 3.0 0.0 95.2833
16:42:00 7.0 488.0 nan 95.37 95.42 95.25 95.43 31.0 95.47 106.0 488.0 434.0 54.0 0.0 95.25
16:43:00 2.0 0.0 nan 95.27 95.42 95.27 95.43 31.0 95.47 106.0 nan 0.0 0.0 0.0 nan
16:44:00 4.0 23.0 nan 95.38 95.42 95.38 95.43 31.0 95.47 106.0 23.0 0.0 23.0 0.0 95.38
16:45:00 1.0 0.0 nan 95.42 95.42 95.42 95.43 31.0 95.47 106.0 nan 0.0 0.0 0.0 nan
16:46:00 3.0 6.0 nan 95.42 95.42 95.42 95.43 31.0 95.42 92.0 6.0 6.0 0.0 0.0 95.42
16:47:00 3.0 5.0 nan 95.42 95.42 95.42 95.43 31.0 95.42 87.0 5.0 5.0 0.0 0.0 95.42
16:48:00 15.0 408.0 nan 95.53 95.53 95.42 95.5 275.0 95.53 89.0 408.0 408.0 0.0 0.0 95.4796
16:49:00 5.0 67.0 nan 95.56 95.56 95.5 95.5 251.0 95.53 84.0 67.0 5.0 62.0 0.0 95.5082
16:50:00 1.0 1.0 nan 95.53 95.53 95.53 95.5 251.0 95.53 83.0 1.0 1.0 0.0 0.0 95.53
16:51:00 1.0 1.0 nan 95.53 95.53 95.53 95.5 251.0 95.53 82.0 1.0 1.0 0.0 0.0 95.53
16:52:00 4.0 4.0 nan 95.53 95.69 95.53 95.5 251.0 95.53 78.0 4.0 4.0 0.0 0.0 95.53
16:53:00 22.0 430.0 nan 95.73 95.8 95.53 95.58 1.0 95.62 15.0 430.0 195.0 235.0 0.0 95.7041
16:54:00 3.0 15.0 nan 95.75 95.75 95.62 95.6 50.0 95.63 300.0 15.0 15.0 0.0 0.0 95.62
16:55:00 3.0 0.0 nan 95.87 95.87 95.76 95.75 350.0 95.63 300.0 nan 0.0 0.0 0.0 nan
16:56:00 1.0 350.0 nan 95.75 95.75 95.75 95.6 50.0 95.63 300.0 350.0 0.0 350.0 0.0 95.75
16:57:00 0.0 0.0 nan 95.75 nan nan 95.6 50.0 95.63 300.0 nan 0.0 0.0 0.0 nan
16:58:00 2.0 0.0 nan 95.74 95.74 95.74 95.63 1.0 95.63 300.0 nan 0.0 0.0 0.0 nan
16:59:00 3.0 3.0 nan 95.63 95.65 95.63 95.63 1.0 95.63 300.0 3.0 0.0 3.0 0.0 95.6367
17:00:00 1.0 0.0 nan 95.74 95.74 95.74 95.63 1.0 95.63 300.0 nan 0.0 0.0 0.0 nan
