time trade_count trade_volume trade_first trade_last trade_high trade_low bid_price bid_size ask_price ask_size hid_vol buy_vol sell_vol unsided_vol vwap
09:00:00 nan 2914.0 88.18 87.84 88.28 87.83 87.85 10.0 88.01 68.0 2914.0 768.0 2146.0 0.0 88.0686
09:01:00 49.0 1626.0 88.18 88.11 88.19 87.84 88.1 1.0 88.17 1.0 1626.0 1371.0 255.0 0.0 88.0761
09:02:00 50.0 1230.0 88.18 87.86 88.17 87.77 87.77 10.0 87.98 40.0 1230.0 82.0 1148.0 0.0 88.073
09:03:00 150.0 2487.0 88.18 87.98 88.01 87.74 87.85 17.0 87.9 15.0 2487.0 1889.0 598.0 0.0 87.99
09:04:00 14.0 29.0 88.18 87.91 87.91 87.85 87.85 2.0 87.92 79.0 29.0 10.0 19.0 0.0 87.8672
09:05:00 25.0 468.0 88.18 87.88 87.97 87.88 87.88 250.0 87.94 177.0 468.0 368.0 100.0 0.0 87.9543
09:06:00 39.0 670.0 88.18 87.82 87.94 87.8 87.8 9.0 87.88 124.0 670.0 158.0 512.0 0.0 87.8903
09:07:00 19.0 287.0 88.18 87.82 87.94 87.82 87.82 374.0 87.88 258.0 287.0 105.0 182.0 0.0 87.843
09:08:00 125.0 1765.0 88.18 87.6 87.88 87.51 87.61 100.0 87.9 5.0 1765.0 319.0 1446.0 0.0 87.7194
09:09:00 25.0 1113.0 88.18 87.65 87.85 87.61 87.7 1.0 87.75 329.0 1113.0 0.0 1113.0 0.0 87.8097
09:10:00 42.0 1665.0 88.18 87.75 87.76 87.67 87.76 1.0 87.8 16.0 1665.0 1185.0 480.0 0.0 87.6927
09:11:00 38.0 823.0 88.18 87.92 87.94 87.8 87.8 85.0 87.92 1.0 823.0 419.0 404.0 0.0 87.9183
09:12:00 12.0 555.0 88.18 87.85 87.92 87.8 87.8 641.0 87.94 172.0 555.0 7.0 548.0 0.0 87.8014
09:13:00 51.0 2101.0 88.18 87.83 87.88 87.66 87.72 102.0 87.92 104.0 2101.0 635.0 1466.0 0.0 87.7342
09:14:00 56.0 1938.0 88.18 87.82 87.86 87.65 87.74 1.0 87.86 36.0 1938.0 752.0 1186.0 0.0 87.7048
09:15:00 69.0 1190.0 88.18 87.72 87.92 87.72 87.72 100.0 87.82 30.0 1190.0 187.0 1003.0 0.0 87.8989
09:16:00 54.0 1555.0 88.18 87.57 87.81 87.42 87.45 151.0 87.7 160.0 1555.0 126.0 1429.0 0.0 87.5191
09:17:00 26.0 338.0 88.18 87.52 87.56 87.35 87.51 2.0 87.65 21.0 338.0 213.0 125.0 0.0 87.5121
09:18:00 37.0 962.0 88.18 87.56 87.79 87.35 87.35 527.0 87.6 15.0 962.0 182.0 780.0 0.0 87.596
09:19:00 1.0 0.0 88.18 87.55 87.55 87.55 87.46 300.0 87.58 3.0 nan 0.0 0.0 0.0 nan
09:20:00 11.0 21.0 88.18 87.5 87.67 87.5 87.46 305.0 87.6 3.0 21.0 21.0 0.0 0.0 87.5957
09:21:00 7.0 293.0 88.18 87.63 87.63 87.5 87.5 114.0 87.7 3.0 293.0 1.0 292.0 0.0 87.5026
09:22:00 15.0 153.0 88.18 87.44 87.52 87.4 87.47 2.0 87.56 3.0 153.0 3.0 150.0 0.0 87.4878
09:23:00 9.0 10.0 88.18 87.56 87.61 87.5 87.46 197.0 87.55 263.0 10.0 9.0 1.0 0.0 87.518
09:24:00 135.0 6939.0 88.18 88.02 88.16 87.5 88.03 1.0 88.17 6.0 6939.0 3622.0 3317.0 0.0 87.947
09:25:00 64.0 1675.0 88.18 88.0 88.18 87.99 88.0 88.0 88.18 115.0 1675.0 877.0 798.0 0.0 88.0098
09:26:00 57.0 785.0 88.18 88.05 88.3 87.97 88.05 1.0 88.2 36.0 785.0 772.0 13.0 0.0 88.2703
09:27:00 30.0 1044.0 88.18 88.0 88.29 88.0 88.0 32.0 88.15 157.0 1044.0 990.0 54.0 0.0 88.0186
09:28:00 175.0 10075.0 88.18 87.8 88.55 87.8 87.72 1.0 88.16 3.0 10075.0 5832.0 4243.0 0.0 88.3596
09:29:00 63.0 1019.0 88.18 88.49 88.55 87.8 88.12 5.0 88.4 10.0 1019.0 245.0 774.0 0.0 88.5069
09:30:00 104.0 5900.0 88.18 88.02 88.41 87.99 88.0 150.0 88.04 18189.0 5900.0 2149.0 3751.0 0.0 88.0478
09:31:00 1752.0 102093.0 88.18 88.24 88.6 87.94 88.21 50.0 88.29 7.0 102093.0 43741.0 58352.0 0.0 88.2205
09:32:00 877.0 44735.0 88.18 88.27 88.41 87.75 88.23 50.0 88.29 190.0 44735.0 19711.0 25024.0 0.0 88.1137
09:33:00 604.0 33305.0 88.18 88.27 88.38 88.03 88.2 5.0 88.27 673.0 33305.0 18111.0 15194.0 0.0 88.2221
09:34:00 721.0 42742.0 88.18 88.0 88.25 87.86 87.97 310.0 88.02 250.0 42742.0 23750.0 18992.0 0.0 88.0363
09:35:00 567.0 37141.0 88.18 88.15 88.25 87.91 88.09 100.0 88.15 665.0 37141.0 24726.0 12415.0 0.0 88.0767
09:36:00 878.0 51405.0 88.18 88.51 88.52 88.12 88.48 51.0 88.51 100.0 51405.0 35793.0 15612.0 0.0 88.3556
09:37:00 791.0 43634.0 88.18 88.19 88.51 88.0 88.16 100.0 88.21 150.0 43634.0 21665.0 21969.0 0.0 88.1605
09:38:00 1275.0 60782.0 88.18 88.4 88.59 88.04 88.36 950.0 88.41 158.0 60782.0 32782.0 28000.0 0.0 88.3367
09:39:00 1011.0 55340.0 88.18 88.07 88.63 88.05 88.04 64.0 88.11 50.0 55340.0 33867.0 21473.0 0.0 88.382
09:40:00 868.0 53705.0 88.18 87.9 88.19 87.77 87.9 374.0 87.93 100.0 53705.0 26111.0 27594.0 0.0 87.9491
09:41:00 620.0 38482.0 88.18 87.73 88.03 87.67 87.69 101.0 87.74 940.0 38482.0 13778.0 24704.0 0.0 87.885
09:42:00 548.0 32964.0 88.18 88.41 88.43 87.69 88.39 200.0 88.43 105.0 32964.0 23181.0 9783.0 0.0 88.1064
09:43:00 350.0 13758.0 88.18 88.0 88.48 88.0 87.98 17.0 88.04 500.0 13758.0 4964.0 8794.0 0.0 88.2616
09:44:00 255.0 15131.0 88.18 88.22 88.22 88.01 88.19 50.0 88.25 205.0 15131.0 9198.0 5933.0 0.0 88.0961
09:45:00 526.0 30903.0 88.18 88.67 88.67 88.2 88.64 2255.0 88.68 573.0 30903.0 22844.0 8059.0 0.0 88.4741
09:46:00 1052.0 78242.0 88.18 89.0 89.0 88.66 88.96 150.0 89.0 5.0 78242.0 53252.0 24990.0 0.0 88.8741
09:47:00 630.0 29471.0 88.18 88.93 89.04 88.76 88.91 100.0 88.93 100.0 29471.0 16294.0 13177.0 0.0 88.9299
09:48:00 645.0 35487.0 88.18 88.78 89.15 88.76 88.77 400.0 88.81 440.0 35487.0 16123.0 19364.0 0.0 88.9999
09:49:00 506.0 26924.0 88.18 88.78 88.91 88.6 88.74 600.0 88.79 530.0 26924.0 8432.0 18492.0 0.0 88.7662
09:50:00 347.0 17368.0 88.18 88.71 88.8 88.64 88.68 450.0 88.74 200.0 17368.0 10134.0 7234.0 0.0 88.7025
09:51:00 517.0 25502.0 88.18 88.88 88.98 88.69 88.86 1.0 88.89 213.0 25502.0 12682.0 12820.0 0.0 88.848
09:52:00 325.0 18814.0 88.18 89.04 89.1 88.85 89.02 1080.0 89.05 133.0 18814.0 10629.0 8185.0 0.0 88.9828
09:53:00 530.0 33627.0 88.18 88.93 89.14 88.89 88.91 251.0 88.97 218.0 33627.0 15579.0 18048.0 0.0 89.0392
09:54:00 515.0 20457.0 88.18 88.83 88.95 88.75 88.83 19.0 88.85 100.0 20457.0 6983.0 13474.0 0.0 88.8726
09:55:00 356.0 21530.0 88.18 88.95 88.96 88.77 88.93 500.0 88.96 121.0 21530.0 10322.0 11208.0 0.0 88.8785
09:56:00 558.0 43100.0 88.18 89.1 89.15 88.96 89.09 200.0 89.13 1392.0 43100.0 28231.0 14869.0 0.0 89.0693
09:57:00 960.0 47321.0 88.18 89.46 89.48 89.07 89.44 318.0 89.48 1060.0 47321.0 28868.0 18453.0 0.0 89.292
09:58:00 713.0 36896.0 88.18 89.37 89.5 89.23 89.36 300.0 89.38 308.0 36896.0 12729.0 24167.0 0.0 89.4103
09:59:00 367.0 22817.0 88.18 89.27 89.41 89.2 89.25 750.0 89.29 2650.0 22817.0 8017.0 14800.0 0.0 89.3117
10:00:00 476.0 31261.0 88.18 89.16 89.37 89.09 89.15 1553.0 89.17 25.0 31261.0 15914.0 15347.0 0.0 89.2409
10:01:00 377.0 20546.0 88.18 89.14 89.27 89.11 89.13 400.0 89.16 389.0 20546.0 5805.0 14741.0 0.0 89.1857
10:02:00 340.0 16735.0 88.18 89.26 89.26 88.99 89.24 400.0 89.27 38.0 16735.0 8435.0 8300.0 0.0 89.091
10:03:00 323.0 23439.0 88.18 89.05 89.27 88.98 89.03 500.0 89.06 409.0 23439.0 5672.0 17767.0 0.0 89.1455
10:04:00 393.0 25606.0 88.18 88.95 89.12 88.93 88.93 401.0 88.95 80.0 25606.0 10718.0 14888.0 0.0 89.0201
10:05:00 486.0 22576.0 88.18 88.81 88.97 88.7 88.8 400.0 88.82 253.0 22576.0 9801.0 12775.0 0.0 88.8048
10:06:00 285.0 15360.0 88.18 88.97 88.97 88.79 88.97 1161.0 88.99 100.0 15360.0 9039.0 6321.0 0.0 88.8873
10:07:00 629.0 28568.0 88.18 88.86 89.02 88.78 88.83 1155.0 88.87 148.0 28568.0 11344.0 17224.0 0.0 88.925
10:08:00 310.0 17639.0 88.18 88.87 88.9 88.7 88.82 498.0 88.87 841.0 17639.0 7242.0 10397.0 0.0 88.8164
10:09:00 374.0 21636.0 88.18 88.72 88.95 88.71 88.7 229.0 88.72 414.0 21636.0 9881.0 11755.0 0.0 88.8509
10:10:00 661.0 44846.0 88.18 88.62 88.71 88.41 88.63 12.0 88.65 150.0 44846.0 14411.0 30435.0 0.0 88.541
10:11:00 299.0 12655.0 88.18 88.74 88.76 88.6 88.73 1673.0 88.76 264.0 12655.0 7718.0 4937.0 0.0 88.6717
10:12:00 574.0 31579.0 88.18 88.94 89.03 88.74 88.94 100.0 88.96 350.0 31579.0 13094.0 18485.0 0.0 88.8953
10:13:00 601.0 30140.0 88.18 88.94 89.02 88.88 88.92 1108.0 88.95 200.0 30140.0 13483.0 16657.0 0.0 88.9464
10:14:00 752.0 55152.0 88.18 89.08 89.11 88.95 89.06 150.0 89.08 100.0 55152.0 33251.0 21901.0 0.0 89.0425
10:15:00 783.0 62935.0 88.18 89.27 89.27 89.02 89.26 1679.0 89.27 100.0 62935.0 33780.0 29155.0 0.0 89.1964
10:16:00 1003.0 65350.0 88.18 89.49 89.49 89.27 89.47 518.0 89.49 376.0 65350.0 38544.0 26806.0 0.0 89.354
10:17:00 1146.0 89570.0 88.18 89.53 89.59 89.46 89.53 2160.0 89.55 315.0 89570.0 39055.0 50515.0 0.0 89.517
10:18:00 861.0 51463.0 88.18 89.52 89.6 89.46 89.5 825.0 89.53 103.0 51463.0 21027.0 30436.0 0.0 89.5456
10:19:00 400.0 20962.0 88.18 89.62 89.66 89.52 89.62 129.0 89.64 400.0 20962.0 12641.0 8321.0 0.0 89.5817
10:20:00 640.0 26860.0 88.18 89.56 89.66 89.53 89.55 860.0 89.58 2670.0 26860.0 13503.0 13357.0 0.0 89.5772
10:21:00 341.0 16592.0 88.18 89.65 89.66 89.54 89.65 38.0 89.66 20.0 16592.0 11099.0 5493.0 0.0 89.5813
10:22:00 743.0 39703.0 88.18 89.77 89.87 89.65 89.76 1929.0 89.77 702.0 39703.0 24858.0 14845.0 0.0 89.7463
10:23:00 428.0 25003.0 88.18 89.79 89.86 89.685 89.79 100.0 89.82 151.0 25003.0 14664.0 10339.0 0.0 89.7641
10:24:00 736.0 41879.0 88.18 89.97 90.01 89.74 89.96 50.0 89.99 200.0 41879.0 30439.0 11440.0 0.0 89.9189
10:25:00 429.0 19947.0 88.18 89.75 89.97 89.75 89.74 70.0 89.76 510.0 19947.0 6788.0 13159.0 0.0 89.882
10:26:00 363.0 18408.0 88.18 89.59 89.79 89.58 89.57 15.0 89.6 500.0 18408.0 7663.0 10745.0 0.0 89.7105
10:27:00 314.0 16276.0 88.18 89.66 89.73 89.59 89.66 454.0 89.68 1400.0 16276.0 6333.0 9943.0 0.0 89.658
10:28:00 211.0 14585.0 88.18 89.65 89.7 89.6 89.63 802.0 89.66 800.0 14585.0 7247.0 7338.0 0.0 89.6401
10:29:00 234.0 12373.0 88.18 89.73 89.73 89.57 89.73 866.0 89.75 356.0 12373.0 6495.0 5878.0 0.0 89.6558
10:30:00 241.0 12814.0 88.18 89.73 89.79 89.67 89.71 350.0 89.74 300.0 12814.0 5250.0 7564.0 0.0 89.7211
10:31:00 216.0 9676.0 88.18 89.86 89.88 89.71 89.85 713.0 89.87 120.0 9676.0 7038.0 2638.0 0.0 89.8082
10:32:00 292.0 16045.0 88.18 90.01 90.01 89.83 90.0 224.0 90.02 30.0 16045.0 12408.0 3637.0 0.0 89.8961
10:33:00 277.0 15724.0 88.18 89.88 90.06 89.87 89.88 421.0 89.9 477.0 15724.0 7784.0 7940.0 0.0 89.9752
10:34:00 299.0 16033.0 88.18 89.85 89.92 89.78 89.84 46.0 89.87 150.0 16033.0 7453.0 8580.0 0.0 89.8564
10:35:00 333.0 14569.0 88.18 89.84 89.87 89.74 89.83 200.0 89.84 80.0 14569.0 7036.0 7533.0 0.0 89.8132
10:36:00 204.0 11089.0 88.18 89.73 89.85 89.73 89.72 380.0 89.75 520.0 11089.0 5118.0 5971.0 0.0 89.7722
10:37:00 188.0 7988.0 88.18 89.81 89.82 89.71 89.78 513.0 89.81 320.0 7988.0 5745.0 2243.0 0.0 89.7792
10:38:00 442.0 22742.0 88.18 89.72 89.79 89.61 89.71 718.0 89.74 100.0 22742.0 14931.0 7811.0 0.0 89.7037
10:39:00 178.0 8402.0 88.18 89.82 89.85 89.71 89.82 700.0 89.84 20.0 8402.0 5860.0 2542.0 0.0 89.7769
10:40:00 441.0 22516.0 88.18 90.04 90.05 89.82 90.03 266.0 90.05 1639.0 22516.0 13193.0 9323.0 0.0 89.983
10:41:00 441.0 26313.0 88.18 89.99 90.09 89.93 89.97 250.0 90.01 280.0 26313.0 12315.0 13998.0 0.0 90.0213
10:42:00 516.0 15949.0 88.18 89.65 89.96 89.61 89.61 300.0 89.64 150.0 15949.0 5972.0 9977.0 0.0 89.7451
10:43:00 206.0 12140.0 88.18 89.67 89.7 89.61 89.67 578.0 89.69 26.0 12140.0 6258.0 5882.0 0.0 89.6615
10:44:00 451.0 26294.0 88.18 89.65 89.67 89.56 89.61 200.0 89.65 750.0 26294.0 8748.0 17546.0 0.0 89.6114
10:45:00 217.0 8422.0 88.18 89.72 89.76 89.63 89.69 552.0 89.73 360.0 8422.0 4279.0 4143.0 0.0 89.7007
10:46:00 257.0 9239.0 88.18 89.67 89.72 89.58 89.65 350.0 89.68 783.0 9239.0 4127.0 5112.0 0.0 89.6368
10:47:00 227.0 10469.0 88.18 89.67 89.72 89.55 89.66 5.0 89.69 574.0 10469.0 5311.0 5158.0 0.0 89.633
10:48:00 470.0 17573.0 88.18 89.56 89.66 89.46 89.54 117.0 89.56 200.0 17573.0 7168.0 10405.0 0.0 89.5342
10:49:00 329.0 13647.0 88.18 89.4 89.56 89.39 89.39 150.0 89.42 200.0 13647.0 4485.0 9162.0 0.0 89.488
10:50:00 524.0 32409.0 88.18 89.49 89.53 89.35 89.49 501.0 89.52 300.0 32409.0 15935.0 16474.0 0.0 89.4192
10:51:00 363.0 20824.0 88.18 89.57 89.66 89.48 89.55 50.0 89.58 813.0 20824.0 11125.0 9699.0 0.0 89.594
10:52:00 236.0 19589.0 88.18 89.46 89.55 89.44 89.45 401.0 89.47 577.0 19589.0 13981.0 5608.0 0.0 89.4919
10:53:00 263.0 14562.0 88.18 89.35 89.49 89.33 89.34 400.0 89.36 2.0 14562.0 8532.0 6030.0 0.0 89.3824
10:54:00 255.0 11576.0 88.18 89.27 89.34 89.19 89.26 101.0 89.28 205.0 11576.0 6005.0 5571.0 0.0 89.2612
10:55:00 172.0 6511.0 88.18 89.27 89.33 89.25 89.26 1.0 89.28 100.0 6511.0 2731.0 3780.0 0.0 89.2901
10:56:00 418.0 12198.0 88.18 89.32 89.42 89.26 89.31 50.0 89.34 30.0 12198.0 7578.0 4620.0 0.0 89.333
10:57:00 220.0 8845.0 88.18 89.3 89.38 89.24 89.27 401.0 89.29 850.0 8845.0 4446.0 4399.0 0.0 89.2979
10:58:00 165.0 8821.0 88.18 89.4 89.45 89.26 89.39 100.0 89.41 10.0 8821.0 4497.0 4324.0 0.0 89.3514
10:59:00 125.0 5459.0 88.18 89.54 89.56 89.42 89.54 11.0 89.57 575.0 5459.0 4647.0 812.0 0.0 89.4874
11:00:00 211.0 9965.0 88.18 89.55 89.55 89.46 89.52 100.0 89.55 753.0 9965.0 3490.0 6475.0 0.0 89.4994
11:01:00 208.0 10017.0 88.18 89.37 89.55 89.37 89.36 415.0 89.39 450.0 10017.0 3783.0 6234.0 0.0 89.4316
11:02:00 430.0 20078.0 88.18 89.17 89.38 89.12 89.16 19.0 89.18 150.0 20078.0 9999.0 10079.0 0.0 89.1976
11:03:00 228.0 9481.0 88.18 89.29 89.29 89.11 89.27 519.0 89.3 1190.0 9481.0 6338.0 3143.0 0.0 89.1919
11:04:00 180.0 9026.0 88.18 89.37 89.4 89.26 89.36 500.0 89.38 581.0 9026.0 3799.0 5227.0 0.0 89.3352
11:05:00 175.0 7703.0 88.18 89.44 89.46 89.33 89.43 906.0 89.46 200.0 7703.0 4698.0 3005.0 0.0 89.3858
11:06:00 184.0 7314.0 88.18 89.4 89.46 89.39 89.38 172.0 89.41 1541.0 7314.0 3090.0 4224.0 0.0 89.421
11:07:00 208.0 8969.0 88.18 89.32 89.42 89.29 89.31 34.0 89.33 622.0 8969.0 4841.0 4128.0 0.0 89.3573
11:08:00 314.0 13430.0 88.18 89.28 89.4 89.24 89.26 709.0 89.28 31.0 13430.0 7198.0 6232.0 0.0 89.3165
11:09:00 160.0 5505.0 88.18 89.22 89.29 89.16 89.2 447.0 89.22 736.0 5505.0 2956.0 2549.0 0.0 89.2332
11:10:00 166.0 6720.0 88.18 89.31 89.31 89.2 89.29 151.0 89.31 110.0 6720.0 5251.0 1469.0 0.0 89.2438
11:11:00 227.0 9882.0 88.18 89.34 89.37 89.25 89.31 416.0 89.35 308.0 9882.0 6023.0 3859.0 0.0 89.3
11:12:00 204.0 7971.0 88.18 89.33 89.38 89.28 89.31 351.0 89.33 1.0 7971.0 3806.0 4165.0 0.0 89.3168
11:13:00 226.0 11128.0 88.18 89.36 89.37 89.27 89.32 561.0 89.36 720.0 11128.0 6972.0 4156.0 0.0 89.3247
11:14:00 447.0 25831.0 88.18 89.37 89.42 89.28 89.36 155.0 89.38 452.0 25831.0 18691.0 7140.0 0.0 89.3772
11:15:00 254.0 12260.0 88.18 89.44 89.45 89.36 89.42 150.0 89.44 183.0 12260.0 6977.0 5283.0 0.0 89.4126
11:16:00 258.0 10944.0 88.18 89.35 89.44 89.3 89.33 100.0 89.36 354.0 10944.0 4107.0 6837.0 0.0 89.3525
11:17:00 195.0 9350.0 88.18 89.29 89.34 89.24 89.28 210.0 89.3 506.0 9350.0 3997.0 5353.0 0.0 89.288
11:18:00 198.0 9673.0 88.18 89.36 89.4 89.28 89.35 302.0 89.37 749.0 9673.0 6477.0 3196.0 0.0 89.334
11:19:00 400.0 16869.0 88.18 89.32 89.49 89.3 89.31 100.0 89.33 400.0 16869.0 6171.0 10698.0 0.0 89.3838
11:20:00 241.0 10021.0 88.18 89.36 89.36 89.25 89.35 201.0 89.37 351.0 10021.0 5457.0 4564.0 0.0 89.2907
11:21:00 232.0 10807.0 88.18 89.34 89.42 89.29 89.32 200.0 89.35 953.0 10807.0 4666.0 6141.0 0.0 89.3533
11:22:00 208.0 9831.0 88.18 89.3 89.35 89.26 89.28 15.0 89.3 48.0 9831.0 4836.0 4995.0 0.0 89.285
11:23:00 240.0 8760.0 88.18 89.43 89.44 89.3 89.41 761.0 89.44 1114.0 8760.0 6501.0 2259.0 0.0 89.3614
11:24:00 162.0 7992.0 88.18 89.48 89.5 89.42 89.47 150.0 89.49 350.0 7992.0 4219.0 3773.0 0.0 89.4671
11:25:00 193.0 8168.0 88.18 89.41 89.49 89.4 89.4 693.0 89.42 1279.0 8168.0 3497.0 4671.0 0.0 89.4331
11:26:00 251.0 12390.0 88.18 89.34 89.44 89.31 89.33 400.0 89.35 334.0 12390.0 5244.0 7146.0 0.0 89.3783
11:27:00 167.0 8608.0 88.18 89.35 89.36 89.27 89.34 412.0 89.36 500.0 8608.0 3763.0 4845.0 0.0 89.3192
11:28:00 198.0 7684.0 88.18 89.31 89.38 89.29 89.3 200.0 89.32 568.0 7684.0 3913.0 3771.0 0.0 89.3381
11:29:00 137.0 7528.0 88.18 89.28 89.3 89.22 89.28 217.0 89.3 403.0 7528.0 3536.0 3992.0 0.0 89.2518
11:30:00 235.0 11100.0 88.18 89.24 89.3 89.16 89.22 450.0 89.26 100.0 11100.0 4798.0 6302.0 0.0 89.226
11:31:00 147.0 6652.0 88.18 89.21 89.29 89.19 89.2 482.0 89.22 452.0 6652.0 2768.0 3884.0 0.0 89.2417
11:32:00 216.0 9705.0 88.18 89.32 89.32 89.15 89.31 406.0 89.33 586.0 9705.0 6973.0 2732.0 0.0 89.2244
11:33:00 351.0 14793.0 88.18 89.37 89.38 89.26 89.36 200.0 89.38 1101.0 14793.0 7402.0 7391.0 0.0 89.2946
11:34:00 136.0 5794.0 88.18 89.39 89.43 89.32 89.37 257.0 89.39 1795.0 5794.0 3873.0 1921.0 0.0 89.3848
11:35:00 201.0 12369.0 88.18 89.44 89.44 89.33 89.41 896.0 89.45 489.0 12369.0 8594.0 3775.0 0.0 89.3737
11:36:00 156.0 7252.0 88.18 89.31 89.43 89.27 89.29 104.0 89.31 430.0 7252.0 3065.0 4187.0 0.0 89.3467
11:37:00 376.0 19426.0 88.18 89.31 89.37 89.26 89.3 562.0 89.32 240.0 19426.0 9798.0 9628.0 0.0 89.2895
11:38:00 270.0 10894.0 88.18 89.22 89.35 89.2 89.2 405.0 89.23 210.0 10894.0 4419.0 6475.0 0.0 89.2813
11:39:00 320.0 14685.0 88.18 89.14 89.22 89.08 89.12 594.0 89.15 967.0 14685.0 8484.0 6201.0 0.0 89.1393
11:40:00 231.0 10720.0 88.18 89.04 89.19 89.03 89.03 490.0 89.05 559.0 10720.0 4845.0 5875.0 0.0 89.0864
11:41:00 344.0 16505.0 88.18 89.04 89.05 88.92 89.02 251.0 89.05 990.0 16505.0 8423.0 8082.0 0.0 89.0009
11:42:00 187.0 9163.0 88.18 89.03 89.1 88.99 89.02 357.0 89.04 506.0 9163.0 4482.0 4681.0 0.0 89.0437
11:43:00 231.0 10989.0 88.18 89.07 89.15 88.98 89.06 583.0 89.09 771.0 10989.0 7102.0 3887.0 0.0 89.0661
11:44:00 220.0 10934.0 88.18 88.9 89.08 88.9 88.9 659.0 88.92 552.0 10934.0 5095.0 5839.0 0.0 88.9739
11:45:00 192.0 8269.0 88.18 88.97 88.99 88.84 88.95 455.0 88.98 193.0 8269.0 4579.0 3690.0 0.0 88.9082
11:46:00 157.0 7183.0 88.18 88.85 88.97 88.82 88.83 400.0 88.85 871.0 7183.0 2727.0 4456.0 0.0 88.8619
11:47:00 137.0 7193.0 88.18 88.88 88.88 88.83 88.86 3.0 88.88 530.0 7193.0 4011.0 3182.0 0.0 88.8543
11:48:00 195.0 8512.0 88.18 88.94 88.95 88.78 88.93 812.0 88.95 177.0 8512.0 4842.0 3670.0 0.0 88.8607
11:49:00 189.0 9976.0 88.18 88.96 89.01 88.94 88.94 512.0 88.96 1167.0 9976.0 5281.0 4695.0 0.0 88.9789
11:50:00 131.0 6322.0 88.18 89.06 89.07 88.96 89.06 572.0 89.08 251.0 6322.0 4573.0 1749.0 0.0 89.0145
11:51:00 177.0 7905.0 88.18 89.02 89.07 88.97 89.02 881.0 89.04 800.0 7905.0 3165.0 4740.0 0.0 89.0172
11:52:00 253.0 31471.0 88.18 89.13 89.15 89.04 89.12 1106.0 89.15 110.0 31471.0 9150.0 22321.0 0.0 89.1311
11:53:00 186.0 9232.0 88.18 89.14 89.15 89.1 89.13 103.0 89.15 850.0 9232.0 5157.0 4075.0 0.0 89.1244
11:54:00 147.0 8963.0 88.18 89.14 89.2 89.12 89.13 1340.0 89.15 769.0 8963.0 5099.0 3864.0 0.0 89.1603
11:55:00 276.0 14337.0 88.18 89.11 89.15 89.08 89.1 855.0 89.12 250.0 14337.0 7176.0 7161.0 0.0 89.1182
11:56:00 212.0 9420.0 88.18 88.99 89.11 88.95 88.98 1.0 88.99 200.0 9420.0 3206.0 6214.0 0.0 89.0252
11:57:00 157.0 7027.0 88.18 88.92 89.0 88.88 88.91 412.0 88.93 400.0 7027.0 3436.0 3591.0 0.0 88.9233
11:58:00 210.0 8370.0 88.18 88.89 88.92 88.79 88.88 413.0 88.9 388.0 8370.0 3617.0 4753.0 0.0 88.8346
11:59:00 176.0 9144.0 88.18 88.86 88.88 88.79 88.86 203.0 88.87 350.0 9144.0 4220.0 4924.0 0.0 88.8342
12:00:00 163.0 7159.0 88.18 88.88 88.91 88.82 88.88 852.0 88.91 941.0 7159.0 4070.0 3089.0 0.0 88.8617
12:01:00 249.0 12464.0 88.18 88.8 88.89 88.75 88.79 422.0 88.8 302.0 12464.0 5033.0 7431.0 0.0 88.8003
12:02:00 119.0 6599.0 88.18 88.78 88.8 88.72 88.77 124.0 88.78 750.0 6599.0 2700.0 3899.0 0.0 88.752
12:03:00 110.0 7666.0 88.18 88.84 88.84 88.73 88.83 342.0 88.84 647.0 7666.0 6442.0 1224.0 0.0 88.7901
12:04:00 169.0 8719.0 88.18 88.86 88.97 88.82 88.85 755.0 88.87 502.0 8719.0 5125.0 3594.0 0.0 88.8952
12:05:00 118.0 5879.0 88.18 88.85 88.86 88.825 88.85 625.0 88.86 745.0 5879.0 3452.0 2427.0 0.0 88.8448
12:06:00 185.0 8613.0 88.18 88.82 88.88 88.82 88.81 37.0 88.82 35.0 8613.0 4598.0 4015.0 0.0 88.8416
12:07:00 211.0 9918.0 88.18 88.79 88.82 88.69 88.78 471.0 88.81 913.0 9918.0 5220.0 4698.0 0.0 88.7447
12:08:00 129.0 8705.0 88.18 88.77 88.82 88.77 88.76 816.0 88.78 10.0 8705.0 5521.0 3184.0 0.0 88.7961
12:09:00 223.0 15809.0 88.18 88.73 88.79 88.68 88.72 2.0 88.74 10400.0 15809.0 10811.0 4998.0 0.0 88.7227
12:10:00 259.0 21329.0 88.18 88.63 88.745 88.6 88.62 302.0 88.64 350.0 21329.0 15215.0 6114.0 0.0 88.7035
12:11:00 197.0 14327.0 88.18 88.59 88.68 88.55 88.58 54.0 88.6 525.0 14327.0 9814.0 4513.0 0.0 88.6399
12:12:00 240.0 19583.0 88.18 88.65 88.65 88.53 88.63 261.0 88.66 350.0 19583.0 15654.0 3929.0 0.0 88.5954
12:13:00 127.0 6622.0 88.18 88.74 88.74 88.65 88.73 382.0 88.75 212.0 6622.0 3910.0 2712.0 0.0 88.6983
12:14:00 126.0 6170.0 88.18 88.7 88.75 88.7 88.69 1156.0 88.71 881.0 6170.0 3061.0 3109.0 0.0 88.7227
12:15:00 110.0 6513.0 88.18 88.63 88.7 88.59 88.62 50.0 88.64 810.0 6513.0 2945.0 3568.0 0.0 88.6336
12:16:00 116.0 6311.0 88.18 88.65 88.68 88.6 88.63 201.0 88.66 770.0 6311.0 3782.0 2529.0 0.0 88.6421
12:17:00 96.0 4184.0 88.18 88.57 88.66 88.57 88.57 550.0 88.59 576.0 4184.0 1059.0 3125.0 0.0 88.598
12:18:00 185.0 9329.0 88.18 88.56 88.61 88.56 88.55 1472.0 88.57 452.0 9329.0 4006.0 5323.0 0.0 88.5812
12:19:00 260.0 13703.0 88.18 88.49 88.56 88.46 88.47 178.0 88.5 552.0 13703.0 6465.0 7238.0 0.0 88.5111
12:20:00 140.0 8442.0 88.18 88.41 88.47 88.38 88.39 202.0 88.41 421.0 8442.0 3810.0 4632.0 0.0 88.4174
12:21:00 150.0 8354.0 88.18 88.43 88.43 88.37 88.41 64.0 88.42 20.0 8354.0 4761.0 3593.0 0.0 88.3987
12:22:00 141.0 8299.0 88.18 88.51 88.51 88.4 88.5 750.0 88.52 482.0 8299.0 6161.0 2138.0 0.0 88.4326
12:23:00 217.0 24220.0 88.18 88.64 88.64 88.46 88.63 200.0 88.65 101.0 24220.0 8281.0 15939.0 0.0 88.5109
12:24:00 168.0 8881.0 88.18 88.63 88.68 88.62 88.62 190.0 88.63 102.0 8881.0 3631.0 5250.0 0.0 88.6381
12:25:00 134.0 7813.0 88.18 88.61 88.66 88.59 88.6 1279.0 88.62 3.0 7813.0 3200.0 4613.0 0.0 88.6193
12:26:00 152.0 8686.0 88.18 88.63 88.67 88.58 88.62 45.0 88.64 480.0 8686.0 4241.0 4445.0 0.0 88.6272
12:27:00 118.0 5960.0 88.18 88.44 88.63 88.44 88.43 505.0 88.45 473.0 5960.0 2336.0 3624.0 0.0 88.5152
12:28:00 181.0 17508.0 88.18 88.47 88.47 88.35 88.46 330.0 88.48 1083.0 17508.0 9279.0 8229.0 0.0 88.4046
12:29:00 184.0 11316.0 88.18 88.35 88.46 88.35 88.34 169.0 88.36 24419.0 11316.0 3470.0 7846.0 0.0 88.3957
12:30:00 116.0 30600.0 88.18 88.48 88.49 88.34 88.47 566.0 88.5 1055.0 30600.0 29246.0 1354.0 0.0 88.37
12:31:00 109.0 6812.0 88.18 88.43 88.54 88.42 88.42 320.0 88.44 538.0 6812.0 4247.0 2565.0 0.0 88.4713
12:32:00 273.0 19326.0 88.18 88.36 88.46 88.32 88.34 200.0 88.36 10.0 19326.0 11105.0 8221.0 0.0 88.3847
12:33:00 161.0 10591.0 88.18 88.35 88.4 88.34 88.32 263.0 88.35 1454.0 10591.0 4900.0 5691.0 0.0 88.3824
12:34:00 108.0 9673.0 88.18 88.37 88.38 88.32 88.35 382.0 88.38 1281.0 9673.0 7841.0 1832.0 0.0 88.3567
12:35:00 213.0 15531.0 88.18 88.33 88.36 88.26 88.32 102.0 88.35 1601.0 15531.0 9553.0 5978.0 0.0 88.2928
12:36:00 115.0 16149.0 88.18 88.28 88.38 88.25 88.26 400.0 88.28 2100.0 16149.0 4659.0 11490.0 0.0 88.2967
12:37:00 141.0 12757.0 88.18 88.365 88.38 88.26 88.35 757.0 88.37 59.0 12757.0 10734.0 2023.0 0.0 88.2987
12:38:00 158.0 12085.0 88.18 88.42 88.44 88.33 88.41 1142.0 88.44 202.0 12085.0 9010.0 3075.0 0.0 88.3682
12:39:00 315.0 21257.0 88.18 88.19 88.44 88.16 88.18 141.0 88.2 400.0 21257.0 10124.0 11133.0 0.0 88.2857
12:40:00 191.0 9820.0 88.18 88.18 88.24 88.11 88.17 100.0 88.19 154.0 9820.0 5120.0 4700.0 0.0 88.1792
12:41:00 151.0 9264.0 88.18 88.1 88.2 88.09 88.1 296.0 88.12 375.0 9264.0 3995.0 5269.0 0.0 88.1251
12:42:00 655.0 42785.0 88.18 87.95 88.14 87.93 87.96 1.0 87.99 451.0 42785.0 22546.0 20239.0 0.0 88.0208
12:43:00 326.0 27927.0 88.18 87.97 88.1 87.94 87.96 3.0 87.97 1400.0 27927.0 21294.0 6633.0 0.0 87.9957
12:44:00 350.0 22612.0 88.18 87.975 88.03 87.91 87.96 1.0 87.98 1.0 22612.0 14726.0 7886.0 0.0 87.964
12:45:00 210.0 10162.0 88.18 87.94 88.005 87.89 87.92 100.0 87.94 550.0 10162.0 5702.0 4460.0 0.0 87.9625
12:46:00 278.0 16612.0 88.18 87.77 87.94 87.77 87.77 33.0 87.79 709.0 16612.0 5543.0 11069.0 0.0 87.8494
12:47:00 404.0 28190.0 88.18 87.6 87.78 87.545 87.6 2350.0 87.62 400.0 28190.0 14863.0 13327.0 0.0 87.6299
12:48:00 228.0 15893.0 88.18 87.67 87.7 87.6 87.67 334.0 87.7 4630.0 15893.0 6004.0 9889.0 0.0 87.6678
12:49:00 359.0 20076.0 88.18 87.38 87.72 87.38 87.38 651.0 87.4 550.0 20076.0 9573.0 10503.0 0.0 87.567
12:50:00 187.0 14057.0 88.18 87.51 87.52 87.381 87.5 50.0 87.53 112.0 14057.0 12186.0 1871.0 0.0 87.4575
12:51:00 164.0 8682.0 88.18 87.59 87.67 87.5 87.59 453.0 87.62 150.0 8682.0 4733.0 3949.0 0.0 87.5739
12:52:00 459.0 39510.0 88.18 87.78 87.81 87.59 87.76 55.0 87.78 850.0 39510.0 18773.0 20737.0 0.0 87.6883
12:53:00 192.0 11799.0 88.18 87.59 87.77 87.58 87.59 830.0 87.62 800.0 11799.0 7109.0 4690.0 0.0 87.6826
12:54:00 224.0 14519.0 88.18 87.54 87.59 87.54 87.53 671.0 87.55 403.0 14519.0 8707.0 5812.0 0.0 87.5686
12:55:00 290.0 22150.0 88.18 87.61 87.7 87.52 87.57 660.0 87.61 1200.0 22150.0 14887.0 7263.0 0.0 87.5831
12:56:00 176.0 10673.0 88.18 87.64 87.77 87.59 87.63 214.0 87.66 1244.0 10673.0 6384.0 4289.0 0.0 87.6751
12:57:00 137.0 7899.0 88.18 87.64 87.67 87.61 87.64 320.0 87.66 1200.0 7899.0 3947.0 3952.0 0.0 87.6366
12:58:00 139.0 7940.0 88.18 87.65 87.68 87.6 87.64 168.0 87.67 502.0 7940.0 3344.0 4596.0 0.0 87.6428
12:59:00 92.0 4873.0 88.18 87.78 87.78 87.67 87.75 1073.0 87.77 550.0 4873.0 3067.0 1806.0 0.0 87.7318
13:00:00 136.0 9463.0 88.18 87.74 87.78 87.73 87.73 577.0 87.75 600.0 9463.0 4202.0 5261.0 0.0 87.758
13:01:00 181.0 9893.0 88.18 87.85 87.87 87.75 87.84 681.0 87.86 200.0 9893.0 6121.0 3772.0 0.0 87.8266
13:02:00 224.0 12448.0 88.18 87.77 87.94 87.77 87.75 354.0 87.78 1200.0 12448.0 5337.0 7111.0 0.0 87.864
13:03:00 130.0 8560.0 88.18 87.73 87.81 87.73 87.72 819.0 87.75 900.0 8560.0 3422.0 5138.0 0.0 87.7607
13:04:00 159.0 26409.0 88.18 87.73 87.75 87.62 87.72 375.0 87.74 5.0 26409.0 23670.0 2739.0 0.0 87.7011
13:05:00 188.0 34487.0 88.18 87.58 87.74 87.58 87.57 1.0 87.59 50.0 34487.0 27418.0 7069.0 0.0 87.6501
13:06:00 175.0 11979.0 88.18 87.76 87.78 87.56 87.75 50.0 87.77 200.0 11979.0 9296.0 2683.0 0.0 87.6857
13:07:00 242.0 19689.0 88.18 87.57 87.77 87.53 87.56 380.0 87.59 350.0 19689.0 12229.0 7460.0 0.0 87.5855
13:08:00 144.0 9105.0 88.18 87.58 87.69 87.57 87.56 353.0 87.59 1.0 9105.0 5107.0 3998.0 0.0 87.6249
13:09:00 132.0 5519.0 88.18 87.57 87.59 87.51 87.55 1553.0 87.57 205.0 5519.0 2522.0 2997.0 0.0 87.5486
13:10:00 177.0 7307.0 88.18 87.49 87.57 87.48 87.48 330.0 87.5 451.0 7307.0 3032.0 4275.0 0.0 87.5029
13:11:00 229.0 20147.0 88.18 87.3 87.5 87.29 87.29 551.0 87.32 250.0 20147.0 12604.0 7543.0 0.0 87.3494
13:12:00 211.0 10489.0 88.18 87.44 87.44 87.27 87.43 50.0 87.46 105.0 10489.0 6397.0 4092.0 0.0 87.3588
13:13:00 187.0 10004.0 88.18 87.38 87.49 87.37 87.35 361.0 87.37 550.0 10004.0 3567.0 6437.0 0.0 87.3999
13:14:00 148.0 6732.0 88.18 87.38 87.45 87.31 87.38 290.0 87.4 281.0 6732.0 4487.0 2245.0 0.0 87.3749
13:15:00 170.0 11525.0 88.18 87.36 87.44 87.34 87.36 150.0 87.37 158.0 11525.0 4742.0 6783.0 0.0 87.3972
13:16:00 118.0 8227.0 88.18 87.42 87.46 87.32 87.4 150.0 87.43 750.0 8227.0 3360.0 4867.0 0.0 87.4142
13:17:00 168.0 7600.0 88.18 87.37 87.4 87.32 87.37 1346.0 87.39 300.0 7600.0 4360.0 3240.0 0.0 87.3567
13:18:00 141.0 8569.0 88.18 87.41 87.42 87.325 87.38 1051.0 87.41 451.0 8569.0 3716.0 4853.0 0.0 87.3683
13:19:00 106.0 6875.0 88.18 87.37 87.4 87.3 87.37 1050.0 87.39 202.0 6875.0 3287.0 3588.0 0.0 87.3481
13:20:00 86.0 4121.0 88.18 87.33 87.4 87.31 87.32 808.0 87.34 1060.0 4121.0 2178.0 1943.0 0.0 87.3455
13:21:00 159.0 8157.0 88.18 87.36 87.37 87.3 87.35 750.0 87.38 200.0 8157.0 3261.0 4896.0 0.0 87.332
13:22:00 148.0 8735.0 88.18 87.23 87.33 87.22 87.21 3.0 87.23 710.0 8735.0 1571.0 7164.0 0.0 87.2624
13:23:00 123.0 5576.0 88.18 87.24 87.25 87.2 87.23 668.0 87.24 600.0 5576.0 3360.0 2216.0 0.0 87.2262
13:24:00 136.0 7883.0 88.18 87.38 87.38 87.22 87.36 387.0 87.39 355.0 7883.0 4982.0 2901.0 0.0 87.2746
13:25:00 170.0 8658.0 88.18 87.38 87.44 87.34 87.37 1178.0 87.4 810.0 8658.0 3930.0 4728.0 0.0 87.3815
13:26:00 164.0 9831.0 88.18 87.29 87.41 87.28 87.29 120.0 87.3 1.0 9831.0 3384.0 6447.0 0.0 87.3412
13:27:00 94.0 5195.0 88.18 87.32 87.36 87.3 87.32 77.0 87.34 469.0 5195.0 3321.0 1874.0 0.0 87.3273
13:28:00 152.0 8964.0 88.18 87.31 87.39 87.3 87.29 450.0 87.31 800.0 8964.0 3947.0 5017.0 0.0 87.3489
13:29:00 104.0 6072.0 88.18 87.32 87.37 87.3 87.31 100.0 87.32 789.0 6072.0 4222.0 1850.0 0.0 87.3309
13:30:00 230.0 13541.0 88.18 87.175 87.33 87.16 87.17 40.0 87.19 251.0 13541.0 5084.0 8457.0 0.0 87.2202
13:31:00 210.0 17026.0 88.18 87.21 87.25 87.15 87.23 155.0 87.24 50.0 17026.0 8867.0 8159.0 0.0 87.1764
13:32:00 204.0 13134.0 88.18 87.31 87.36 87.24 87.3 15.0 87.32 650.0 13134.0 8106.0 5028.0 0.0 87.304
13:33:00 356.0 22179.0 88.18 87.11 87.3 87.05 87.09 301.0 87.11 86.0 22179.0 10586.0 11593.0 0.0 87.1295
13:34:00 1033.0 54940.0 88.18 86.95 87.11 86.9 86.94 300.0 86.96 301.0 54940.0 20866.0 34074.0 0.0 87.0065
13:35:00 239.0 16031.0 88.18 86.99 87.02 86.92 86.98 230.0 87.0 770.0 16031.0 11717.0 4314.0 0.0 86.957
13:36:00 459.0 30254.0 88.18 86.86 87.05 86.77 86.84 101.0 86.86 350.0 30254.0 13369.0 16885.0 0.0 86.8937
13:37:00 207.0 10452.0 88.18 87.03 87.03 86.86 87.02 400.0 87.04 100.0 10452.0 8704.0 1748.0 0.0 86.96
13:38:00 213.0 12123.0 88.18 87.14 87.18 87.05 87.14 345.0 87.16 1000.0 12123.0 8728.0 3395.0 0.0 87.1141
13:39:00 162.0 11860.0 88.18 87.16 87.24 87.14 87.14 201.0 87.16 10.0 11860.0 4110.0 7750.0 0.0 87.1933
13:40:00 117.0 10019.0 88.18 87.05 87.14 87.03 87.05 266.0 87.08 272.0 10019.0 5983.0 4036.0 0.0 87.0882
13:41:00 152.0 8505.0 88.18 87.09 87.16 87.04 87.06 450.0 87.08 800.0 8505.0 4324.0 4181.0 0.0 87.1079
13:42:00 133.0 7986.0 88.18 87.05 87.13 87.03 87.05 91.0 87.05 100.0 7986.0 4195.0 3791.0 0.0 87.0788
13:43:00 107.0 7807.0 88.18 87.12 87.12 87.01 87.09 900.0 87.12 250.0 7807.0 5332.0 2475.0 0.0 87.0523
13:44:00 120.0 8360.0 88.18 87.14 87.14 87.07 87.13 764.0 87.15 103.0 8360.0 4476.0 3884.0 0.0 87.1066
13:45:00 143.0 8028.0 88.18 87.18 87.22 87.13 87.18 425.0 87.21 1050.0 8028.0 4357.0 3671.0 0.0 87.1785
13:46:00 126.0 8029.0 88.18 87.22 87.25 87.1 87.21 593.0 87.23 154.0 8029.0 3746.0 4283.0 0.0 87.1569
13:47:00 233.0 15105.0 88.18 87.25 87.27 87.2 87.25 274.0 87.26 1100.0 15105.0 6944.0 8161.0 0.0 87.2425
13:48:00 164.0 8204.0 88.18 87.17 87.27 87.17 87.17 756.0 87.19 2.0 8204.0 2970.0 5234.0 0.0 87.2224
13:49:00 119.0 7574.0 88.18 87.21 87.26 87.19 87.2 927.0 87.22 208.0 7574.0 4188.0 3386.0 0.0 87.2274
13:50:00 129.0 9642.0 88.18 87.18 87.22 87.12 87.17 510.0 87.19 100.0 9642.0 4678.0 4964.0 0.0 87.1726
13:51:00 226.0 14196.0 88.18 87.07 87.17 86.98 87.05 313.0 87.08 388.0 14196.0 5794.0 8402.0 0.0 87.0483
13:52:00 188.0 7953.0 88.18 87.03 87.22 87.02 87.02 520.0 87.04 1546.0 7953.0 3117.0 4836.0 0.0 87.1273
13:53:00 76.0 4127.0 88.18 87.15 87.15 87.04 87.12 1066.0 87.15 344.0 4127.0 2781.0 1346.0 0.0 87.1106
13:54:00 93.0 5824.0 88.18 87.15 87.16 87.13 87.14 220.0 87.15 402.0 5824.0 2002.0 3822.0 0.0 87.1431
13:55:00 159.0 9219.0 88.18 87.11 87.22 87.09 87.09 200.0 87.12 1149.0 9219.0 3493.0 5726.0 0.0 87.1636
13:56:00 89.0 4439.0 88.18 87.095 87.15 87.09 87.08 702.0 87.1 1017.0 4439.0 2234.0 2205.0 0.0 87.1224
13:57:00 226.0 19855.0 88.18 87.04 87.13 87.02 87.03 43.0 87.04 1572.0 19855.0 15468.0 4387.0 0.0 87.0634
13:58:00 359.0 21853.0 88.18 86.91 87.1 86.9 86.91 200.0 86.94 1463.0 21853.0 9518.0 12335.0 0.0 87.0158
13:59:00 160.0 9152.0 88.18 87.03 87.06 86.86 87.02 410.0 87.08 701.0 9152.0 6031.0 3121.0 0.0 86.9321
14:00:00 169.0 8964.0 88.18 86.88 87.03 86.87 86.85 378.0 86.89 1011.0 8964.0 3224.0 5740.0 0.0 86.9248
14:01:00 531.0 26945.0 88.18 86.915 86.915 86.56 86.89 350.0 86.95 150.0 26945.0 12581.0 14364.0 0.0 86.713
14:02:00 410.0 19037.0 88.18 86.59 86.915 86.42 86.58 30.0 86.63 350.0 19037.0 7730.0 11307.0 0.0 86.615
14:03:00 271.0 20594.0 88.18 86.83 86.9 86.59 86.81 660.0 86.86 100.0 20594.0 11700.0 8894.0 0.0 86.817
14:04:00 231.0 15486.0 88.18 86.67 86.81 86.52 86.64 450.0 86.69 100.0 15486.0 5921.0 9565.0 0.0 86.6448
14:05:00 268.0 16240.0 88.18 86.55 86.66 86.46 86.55 150.0 86.58 200.0 16240.0 8314.0 7926.0 0.0 86.5817
14:06:00 343.0 14052.0 88.18 86.36 86.62 86.31 86.33 1255.0 86.36 569.0 14052.0 7774.0 6278.0 0.0 86.4397
14:07:00 185.0 11628.0 88.18 86.49 86.52 86.32 86.48 10650.0 86.53 471.0 11628.0 5697.0 5931.0 0.0 86.4132
14:08:00 238.0 16140.0 88.18 86.63 86.83 86.48 86.62 20.0 86.65 200.0 16140.0 9035.0 7105.0 0.0 86.6948
14:09:00 233.0 17175.0 88.18 86.58 86.71 86.55 86.55 140.0 86.59 24.0 17175.0 4111.0 13064.0 0.0 86.6643
14:10:00 398.0 22006.0 88.18 86.29 86.55 86.27 86.28 150.0 86.33 500.0 22006.0 7020.0 14986.0 0.0 86.4393
14:11:00 289.0 17309.0 88.18 86.3 86.42 86.26 86.31 151.0 86.34 47.0 17309.0 9433.0 7876.0 0.0 86.3236
14:12:00 278.0 19479.0 88.18 86.3 86.35 86.24 86.29 114.0 86.32 339.0 19479.0 11297.0 8182.0 0.0 86.3155
14:13:00 331.0 22532.0 88.18 86.29 86.36 86.15 86.28 160.0 86.31 1102.0 22532.0 8577.0 13955.0 0.0 86.2367
14:14:00 165.0 12841.0 88.18 86.32 86.43 86.29 86.31 150.0 86.33 25.0 12841.0 6109.0 6732.0 0.0 86.3393
14:15:00 139.0 9692.0 88.18 86.17 86.32 86.17 86.17 287.0 86.2 1200.0 9692.0 3548.0 6144.0 0.0 86.2418
14:16:00 270.0 16056.0 88.18 86.35 86.39 86.12 86.35 540.0 86.38 1150.0 16056.0 8370.0 7686.0 0.0 86.2665
14:17:00 131.0 8378.0 88.18 86.38 86.38 86.22 86.36 11.0 86.38 50.0 8378.0 4809.0 3569.0 0.0 86.2827
14:18:00 145.0 9431.0 88.18 86.52 86.53 86.35 86.52 215.0 86.54 16.0 9431.0 3564.0 5867.0 0.0 86.4657
14:19:00 232.0 18232.0 88.18 86.56 86.61 86.45 86.54 972.0 86.57 200.0 18232.0 7531.0 10701.0 0.0 86.511
14:20:00 462.0 24820.0 88.18 86.59 86.66 86.51 86.58 650.0 86.61 500.0 24820.0 13107.0 11713.0 0.0 86.5959
14:21:00 300.0 17755.0 88.18 86.49 86.65 86.44 86.48 10.0 86.5 300.0 17755.0 4569.0 13186.0 0.0 86.5631
14:22:00 180.0 9026.0 88.18 86.35 86.5 86.29 86.33 177.0 86.36 556.0 9026.0 3396.0 5630.0 0.0 86.3715
14:23:00 174.0 8411.0 88.18 86.35 86.38 86.29 86.33 401.0 86.37 350.0 8411.0 3755.0 4656.0 0.0 86.336
14:24:00 141.0 7249.0 88.18 86.24 86.33 86.22 86.24 1.0 86.25 303.0 7249.0 3543.0 3706.0 0.0 86.2639
14:25:00 198.0 13383.0 88.18 86.14 86.32 86.14 86.13 850.0 86.16 350.0 13383.0 5816.0 7567.0 0.0 86.2224
14:26:00 145.0 6423.0 88.18 86.22 86.25 86.16 86.21 950.0 86.24 139.0 6423.0 4071.0 2352.0 0.0 86.2088
14:27:00 232.0 10503.0 88.18 86.28 86.34 86.22 86.28 671.0 86.3 75.0 10503.0 4992.0 5511.0 0.0 86.2747
14:28:00 170.0 8423.0 88.18 86.29 86.38 86.26 86.28 14.0 86.3 213.0 8423.0 3754.0 4669.0 0.0 86.3127
14:29:00 225.0 14403.0 88.18 86.21 86.33 86.13 86.19 50.0 86.21 105.0 14403.0 6032.0 8371.0 0.0 86.2035
14:30:00 152.0 9142.0 88.18 86.17 86.2 86.13 86.16 212.0 86.18 624.0 9142.0 5676.0 3466.0 0.0 86.1702
14:31:00 381.0 21195.0 88.18 86.06 86.2 86.05 86.04 100.0 86.07 151.0 21195.0 9096.0 12099.0 0.0 86.1279
14:32:00 358.0 20192.0 88.18 85.96 86.06 85.92 85.95 1074.0 85.97 3.0 20192.0 9411.0 10781.0 0.0 85.9941
14:33:00 378.0 22305.0 88.18 85.99 86.06 85.9 85.97 250.0 86.0 950.0 22305.0 10625.0 11680.0 0.0 85.9744
14:34:00 270.0 13987.0 88.18 85.89 85.97 85.8 85.88 294.0 85.91 102.0 13987.0 8450.0 5537.0 0.0 85.8647
14:35:00 211.0 10268.0 88.18 85.87 85.88 85.71 85.85 350.0 85.88 100.0 10268.0 4860.0 5408.0 0.0 85.7726
14:36:00 362.0 14582.0 88.18 85.665 85.93 85.62 85.65 305.0 85.67 25.0 14582.0 6526.0 8056.0 0.0 85.7396
14:37:00 387.0 20998.0 88.18 85.77 85.81 85.63 85.74 754.0 85.77 602.0 20998.0 12013.0 8985.0 0.0 85.7157
14:38:00 217.0 12743.0 88.18 85.94 85.95 85.7 85.91 500.0 85.94 604.0 12743.0 6990.0 5753.0 0.0 85.8429
14:39:00 292.0 16802.0 88.18 86.09 86.1 85.93 86.07 300.0 86.1 1456.0 16802.0 7873.0 8929.0 0.0 86.0308
14:40:00 502.0 33136.0 88.18 86.33 86.34 85.98 86.31 402.0 86.34 304.0 33136.0 19982.0 13154.0 0.0 86.1698
14:41:00 183.0 10617.0 88.18 86.31 86.45 86.31 86.31 50.0 86.34 410.0 10617.0 4069.0 6548.0 0.0 86.3774
14:42:00 358.0 21140.0 88.18 86.33 86.4 86.19 86.32 117.0 86.35 404.0 21140.0 11587.0 9553.0 0.0 86.3117
14:43:00 427.0 27705.0 88.18 86.48 86.61 86.34 86.46 122.0 86.49 300.0 27705.0 16556.0 11149.0 0.0 86.5058
14:44:00 268.0 16750.0 88.18 86.62 86.67 86.48 86.61 110.0 86.63 202.0 16750.0 10369.0 6381.0 0.0 86.5975
14:45:00 268.0 14279.0 88.18 86.71 86.79 86.6 86.7 150.0 86.72 1079.0 14279.0 4866.0 9413.0 0.0 86.7144
14:46:00 198.0 10698.0 88.18 86.6 86.7 86.53 86.57 546.0 86.6 109.0 10698.0 4976.0 5722.0 0.0 86.5838
14:47:00 302.0 19431.0 88.18 86.69 86.85 86.59 86.68 453.0 86.71 416.0 19431.0 13357.0 6074.0 0.0 86.7302
14:48:00 167.0 9020.0 88.18 86.6 86.7 86.6 86.58 9.0 86.61 587.0 9020.0 4001.0 5019.0 0.0 86.6628
14:49:00 261.0 11353.0 88.18 86.53 86.63 86.46 86.52 250.0 86.55 302.0 11353.0 6650.0 4703.0 0.0 86.5525
14:50:00 251.0 12244.0 88.18 86.55 86.6 86.48 86.54 50.0 86.56 101.0 12244.0 8650.0 3594.0 0.0 86.5391
14:51:00 189.0 9282.0 88.18 86.405 86.56 86.34 86.4 100.0 86.42 50.0 9282.0 6147.0 3135.0 0.0 86.4131
14:52:00 265.0 15713.0 88.18 86.54 86.54 86.39 86.53 1.0 86.55 50.0 15713.0 11640.0 4073.0 0.0 86.4479
14:53:00 143.0 8066.0 88.18 86.51 86.58 86.48 86.5 100.0 86.51 452.0 8066.0 4089.0 3977.0 0.0 86.5158
14:54:00 266.0 15826.0 88.18 86.57 86.63 86.49 86.56 841.0 86.59 150.0 15826.0 11038.0 4788.0 0.0 86.5642
14:55:00 229.0 11689.0 88.18 86.64 86.76 86.58 86.64 50.0 86.67 100.0 11689.0 6290.0 5399.0 0.0 86.6628
14:56:00 384.0 22256.0 88.18 86.9 86.91 86.61 86.88 58.0 86.9 103.0 22256.0 13616.0 8640.0 0.0 86.8108
14:57:00 381.0 22292.0 88.18 86.76 86.92 86.74 86.75 150.0 86.78 100.0 22292.0 7607.0 14685.0 0.0 86.8167
14:58:00 137.0 6875.0 88.18 86.74 86.78 86.65 86.74 213.0 86.76 1113.0 6875.0 3641.0 3234.0 0.0 86.6967
14:59:00 150.0 8271.0 88.18 86.73 86.82 86.73 86.72 752.0 86.75 7.0 8271.0 4116.0 4155.0 0.0 86.7757
15:00:00 203.0 8667.0 88.18 86.66 86.73 86.64 86.65 470.0 86.68 557.0 8667.0 4140.0 4527.0 0.0 86.6825
15:01:00 264.0 18412.0 88.18 86.66 86.72 86.59 86.65 452.0 86.67 102.0 18412.0 11369.0 7043.0 0.0 86.6559
15:02:00 177.0 8296.0 88.18 86.49 86.69 86.45 86.48 303.0 86.5 635.0 8296.0 4617.0 3679.0 0.0 86.5445
15:03:00 271.0 11495.0 88.18 86.6 86.6 86.4 86.57 353.0 86.61 250.0 11495.0 8279.0 3216.0 0.0 86.4949
15:04:00 222.0 11168.0 88.18 86.68 86.68 86.58 86.66 1104.0 86.68 50.0 11168.0 7537.0 3631.0 0.0 86.636
15:05:00 235.0 14890.0 88.18 86.66 86.8 86.66 86.66 65.0 86.68 1303.0 14890.0 9008.0 5882.0 0.0 86.732
15:06:00 204.0 15382.0 88.18 86.73 86.87 86.66 86.7 207.0 86.74 1850.0 15382.0 10330.0 5052.0 0.0 86.7801
15:07:00 392.0 26465.0 88.18 86.57 86.72 86.51 86.57 62.0 86.59 52.0 26465.0 16531.0 9934.0 0.0 86.6163
15:08:00 268.0 9934.0 88.18 86.64 86.66 86.51 86.62 1405.0 86.66 850.0 9934.0 5265.0 4669.0 0.0 86.6086
15:09:00 152.0 8063.0 88.18 86.64 86.7 86.58 86.65 10.0 86.67 87.0 8063.0 5180.0 2883.0 0.0 86.6337
15:10:00 172.0 6860.0 88.18 86.59 86.68 86.56 86.58 223.0 86.6 650.0 6860.0 3307.0 3553.0 0.0 86.6163
15:11:00 223.0 18070.0 88.18 86.66 86.66 86.51 86.66 763.0 86.68 502.0 18070.0 5419.0 12651.0 0.0 86.5711
15:12:00 235.0 10701.0 88.18 86.62 86.76 86.58 86.6 252.0 86.63 200.0 10701.0 5257.0 5444.0 0.0 86.6921
15:13:00 163.0 7960.0 88.18 86.55 86.66 86.52 86.55 92.0 86.57 150.0 7960.0 4375.0 3585.0 0.0 86.5675
15:14:00 227.0 23886.0 88.18 86.57 86.58 86.46 86.56 202.0 86.59 553.0 23886.0 4187.0 19699.0 0.0 86.5098
15:15:00 191.0 8078.0 88.18 86.6 86.6 86.5 86.59 1296.0 86.61 113.0 8078.0 4593.0 3485.0 0.0 86.542
15:16:00 293.0 11349.0 88.18 86.54 86.62 86.44 86.53 614.0 86.55 161.0 11349.0 5488.0 5861.0 0.0 86.5286
15:17:00 175.0 8586.0 88.18 86.56 86.59 86.46 86.54 50.0 86.57 350.0 8586.0 5105.0 3481.0 0.0 86.5297
15:18:00 156.0 7857.0 88.18 86.56 86.57 86.46 86.54 160.0 86.56 900.0 7857.0 3536.0 4321.0 0.0 86.5344
15:19:00 304.0 15648.0 88.18 86.78 86.84 86.51 86.78 100.0 86.81 251.0 15648.0 8048.0 7600.0 0.0 86.6702
15:20:00 165.0 6932.0 88.18 86.81 86.84 86.75 86.81 540.0 86.84 516.0 6932.0 3909.0 3023.0 0.0 86.7975
15:21:00 279.0 14810.0 88.18 86.8 86.84 86.7 86.78 964.0 86.81 300.0 14810.0 7131.0 7679.0 0.0 86.7663
15:22:00 299.0 17006.0 88.18 86.9 86.95 86.79 86.88 81.0 86.91 507.0 17006.0 9003.0 8003.0 0.0 86.8907
15:23:00 294.0 14885.0 88.18 86.79 86.895 86.76 86.78 403.0 86.8 50.0 14885.0 6354.0 8531.0 0.0 86.8432
15:24:00 282.0 14888.0 88.18 86.8 86.88 86.74 86.78 1510.0 86.81 150.0 14888.0 5465.0 9423.0 0.0 86.7882
15:25:00 231.0 11218.0 88.18 86.79 86.85 86.74 86.78 112.0 86.8 951.0 11218.0 5257.0 5961.0 0.0 86.7821
15:26:00 177.0 8313.0 88.18 86.82 86.85 86.76 86.81 101.0 86.82 225.0 8313.0 5204.0 3109.0 0.0 86.8156
15:27:00 206.0 10182.0 88.18 86.77 86.86 86.69 86.74 655.0 86.77 478.0 10182.0 5491.0 4691.0 0.0 86.7674
15:28:00 198.0 10856.0 88.18 86.745 86.77 86.67 86.74 650.0 86.76 119.0 10856.0 5771.0 5085.0 0.0 86.713
15:29:00 221.0 10261.0 88.18 86.74 86.77 86.66 86.73 1010.0 86.75 1003.0 10261.0 3829.0 6432.0 0.0 86.7155
15:30:00 203.0 11212.0 88.18 86.77 86.78 86.72 86.77 150.0 86.79 547.0 11212.0 6032.0 5180.0 0.0 86.7465
15:31:00 374.0 20550.0 88.18 86.7 86.8 86.62 86.69 476.0 86.71 51.0 20550.0 8764.0 11786.0 0.0 86.7142
15:32:00 263.0 17308.0 88.18 86.62 86.73 86.57 86.61 369.0 86.63 150.0 17308.0 10206.0 7102.0 0.0 86.6315
15:33:00 222.0 13402.0 88.18 86.53 86.63 86.52 86.52 425.0 86.54 401.0 13402.0 4340.0 9062.0 0.0 86.5643
15:34:00 353.0 20893.0 88.18 86.55 86.585 86.44 86.54 801.0 86.56 1250.0 20893.0 13207.0 7686.0 0.0 86.5164
15:35:00 191.0 12090.0 88.18 86.56 86.61 86.51 86.55 918.0 86.58 800.0 12090.0 6389.0 5701.0 0.0 86.5516
15:36:00 253.0 18767.0 88.18 86.5 86.62 86.49 86.49 400.0 86.51 208.0 18767.0 8688.0 10079.0 0.0 86.5493
15:37:00 274.0 19537.0 88.18 86.5 86.56 86.43 86.5 800.0 86.53 450.0 19537.0 11668.0 7869.0 0.0 86.4779
15:38:00 291.0 21456.0 88.18 86.57 86.57 86.45 86.56 44.0 86.58 400.0 21456.0 11199.0 10257.0 0.0 86.5022
15:39:00 249.0 17146.0 88.18 86.56 86.61 86.53 86.55 194.0 86.57 956.0 17146.0 6605.0 10541.0 0.0 86.5714
15:40:00 271.0 16582.0 88.18 86.51 86.57 86.46 86.5 779.0 86.51 206.0 16582.0 8013.0 8569.0 0.0 86.518
15:41:00 360.0 24750.0 88.18 86.5 86.57 86.41 86.49 202.0 86.51 50.0 24750.0 13972.0 10778.0 0.0 86.4722
15:42:00 313.0 15504.0 88.18 86.52 86.56 86.42 86.52 309.0 86.53 6.0 15504.0 7399.0 8105.0 0.0 86.5055
15:43:00 319.0 17608.0 88.18 86.48 86.55 86.45 86.47 266.0 86.49 713.0 17608.0 9626.0 7982.0 0.0 86.4994
15:44:00 332.0 17175.0 88.18 86.5 86.5 86.39 86.49 120.0 86.5 85.0 17175.0 9545.0 7630.0 0.0 86.4456
15:45:00 265.0 16355.0 88.18 86.49 86.49 86.41 86.49 68.0 86.5 197.0 16355.0 10645.0 5710.0 0.0 86.459
15:46:00 370.0 22164.0 88.18 86.62 86.62 86.46 86.61 786.0 86.63 200.0 22164.0 12459.0 9705.0 0.0 86.5229
15:47:00 480.0 22193.0 88.18 86.77 86.79 86.61 86.76 1359.0 86.77 100.0 22193.0 13292.0 8901.0 0.0 86.6934
15:48:00 507.0 29394.0 88.18 86.89 86.9 86.77 86.88 726.0 86.9 653.0 29394.0 15901.0 13493.0 0.0 86.8449
15:49:00 403.0 22417.0 88.18 86.86 86.92 86.83 86.84 901.0 86.87 300.0 22417.0 12922.0 9495.0 0.0 86.8741
15:50:00 498.0 31023.0 88.18 86.905 86.96 86.83 86.9 400.0 86.91 126.0 31023.0 19430.0 11593.0 0.0 86.8821
15:51:00 711.0 39530.0 88.18 87.03 87.06 86.9 87.03 543.0 87.04 243.0 39530.0 19485.0 20045.0 0.0 86.9793
15:52:00 517.0 31473.0 88.18 86.99 87.09 86.97 86.98 420.0 87.0 953.0 31473.0 15652.0 15821.0 0.0 87.026
15:53:00 562.0 31795.0 88.18 87.07 87.1 87.0 87.06 505.0 87.08 1594.0 31795.0 18182.0 13613.0 0.0 87.052
15:54:00 470.0 31757.0 88.18 87.02 87.1 86.99 87.02 594.0 87.03 2720.0 31757.0 21244.0 10513.0 0.0 87.0436
15:55:00 654.0 40248.0 88.18 87.03 87.1 87.0 87.03 170.0 87.04 1708.0 40248.0 24847.0 15401.0 0.0 87.0442
15:56:00 781.0 55188.0 88.18 87.115 87.13 86.99 87.11 1967.0 87.12 1251.0 55188.0 33324.0 21864.0 0.0 87.0655
15:57:00 558.0 47373.0 88.18 87.15 87.16 87.1 87.14 1539.0 87.15 751.0 47373.0 25344.0 22029.0 0.0 87.1259
15:58:00 796.0 70720.0 88.18 87.12 87.185 87.085 87.12 423.0 87.13 2127.0 70720.0 40399.0 30321.0 0.0 87.1282
15:59:00 637.0 41577.0 88.18 87.19 87.19 87.08 87.18 1847.0 87.19 459.0 41577.0 22684.0 18893.0 0.0 87.1106
16:00:00 1399.0 135095.0 88.18 87.42 87.42 87.18 87.41 3333.0 87.42 96243.0 135095.0 82763.0 52332.0 0.0 87.3285
16:01:00 15.0 459.0 88.18 87.23 87.49 87.2 87.35 38.0 87.42 8.0 459.0 409.0 50.0 0.0 87.2245
16:02:00 3.0 0.0 88.18 87.24 87.24 87.23 87.35 38.0 87.42 8.0 nan 0.0 0.0 0.0 nan
16:03:00 1.0 1.0 88.18 87.41 87.41 87.41 87.35 38.0 87.42 8.0 1.0 0.0 1.0 0.0 87.41
16:04:00 2.0 1.0 88.18 87.26 87.35 87.26 87.35 38.0 87.4 995.0 1.0 0.0 1.0 0.0 87.35
16:05:00 3.0 0.0 88.18 87.39 87.39 87.33 87.35 38.0 87.4 995.0 nan 0.0 0.0 0.0 nan
16:06:00 12.0 7.0 88.18 87.39 87.4 86.97 87.35 38.0 87.4 995.0 7.0 0.0 7.0 0.0 87.0429
16:07:00 1.0 0.0 88.18 87.39 87.39 87.39 87.35 38.0 87.4 1500.0 nan 0.0 0.0 0.0 nan
16:08:00 3.0 21.0 88.18 87.2 87.4 87.18 87.35 38.0 87.4 1480.0 21.0 20.0 1.0 0.0 87.3905
16:09:00 1.0 100.0 88.18 87.4 87.4 87.4 87.35 38.0 87.39 180.0 100.0 100.0 0.0 0.0 87.4
16:10:00 2.0 2.0 88.18 87.38 87.4 87.38 87.35 38.0 87.39 180.0 2.0 1.0 1.0 0.0 87.39
16:11:00 3.0 102.0 88.18 87.39 87.39 87.39 87.35 38.0 87.39 78.0 102.0 102.0 0.0 0.0 87.39
16:12:00 3.0 300.0 88.18 87.16 87.4 87.16 87.35 38.0 87.4 1157.0 300.0 300.0 0.0 0.0 87.3974
16:13:00 5.0 767.0 88.18 87.4 87.4 87.4 87.35 38.0 87.39 30.0 767.0 767.0 0.0 0.0 87.4
16:14:00 0.0 0.0 88.18 87.4 nan nan 87.35 38.0 87.37 30.0 nan 0.0 0.0 0.0 nan
16:15:00 0.0 0.0 88.18 87.4 nan nan 87.35 38.0 87.37 30.0 nan 0.0 0.0 0.0 nan
16:16:00 0.0 0.0 88.18 87.4 nan nan 87.35 38.0 87.35 20.0 nan 0.0 0.0 0.0 nan
16:17:00 4.0 53.0 88.18 87.37 87.4 87.35 87.35 38.0 87.37 28.0 53.0 53.0 0.0 0.0 87.3979
16:18:00 1.0 1.0 88.18 87.37 87.37 87.37 87.35 38.0 87.37 27.0 1.0 1.0 0.0 0.0 87.37
16:19:00 10.0 465.0 88.18 87.4 87.4 87.37 87.35 38.0 87.4 7.0 465.0 460.0 5.0 0.0 87.3983
16:20:00 5.0 39.0 88.18 87.4 87.4 87.4 87.35 38.0 87.41 56.0 39.0 7.0 32.0 0.0 87.4
16:21:00 1.0 1.0 88.18 87.4 87.4 87.4 87.35 38.0 87.41 355.0 1.0 0.0 1.0 0.0 87.4
16:22:00 1.0 0.0 88.18 87.2 87.2 87.2 87.35 38.0 87.41 355.0 nan 0.0 0.0 0.0 nan
16:23:00 1.0 1.0 88.18 87.41 87.41 87.41 87.35 38.0 87.33 1.0 1.0 1.0 0.0 0.0 87.41
16:24:00 6.0 164.0 88.18 87.42 87.42 87.33 87.43 736.0 87.48 38.0 164.0 164.0 0.0 0.0 87.41
16:25:00 5.0 92.0 88.18 87.5 87.5 87.43 87.43 651.0 87.48 38.0 92.0 7.0 85.0 0.0 87.4321
16:26:00 1.0 1.0 88.18 87.5 87.5 87.5 87.43 651.0 87.48 38.0 1.0 1.0 0.0 0.0 87.5
16:27:00 3.0 154.0 88.18 87.5 87.5 87.5 87.43 653.0 87.48 38.0 154.0 154.0 0.0 0.0 87.5
16:28:00 3.0 4.0 88.18 87.5 87.5 87.5 87.43 653.0 87.48 38.0 4.0 4.0 0.0 0.0 87.5
16:29:00 2.0 100.0 88.18 87.5 87.5 87.5 87.43 653.0 87.48 38.0 100.0 100.0 0.0 0.0 87.5
16:30:00 5.0 161.0 88.18 87.5 87.5 87.5 87.44 2.0 87.48 38.0 161.0 161.0 0.0 0.0 87.5
16:31:00 7.0 192.0 88.18 87.6 87.6 87.5 87.5 173.0 87.48 38.0 192.0 192.0 0.0 0.0 87.5591
16:32:00 3.0 17.0 88.18 87.72 87.72 87.69 87.5 473.0 87.48 38.0 17.0 17.0 0.0 0.0 87.6935
16:33:00 0.0 0.0 88.18 87.72 nan nan 87.58 1968.0 87.48 38.0 nan 0.0 0.0 0.0 nan
16:34:00 0.0 0.0 88.18 87.72 nan nan 87.58 1968.0 87.48 38.0 nan 0.0 0.0 0.0 nan
16:35:00 1.0 1.0 88.18 87.72 87.72 87.72 87.58 2435.0 87.48 38.0 1.0 1.0 0.0 0.0 87.72
16:36:00 2.0 0.0 88.18 87.96 87.96 87.95 87.63 1968.0 87.48 38.0 nan 0.0 0.0 0.0 nan
16:37:00 0.0 0.0 88.18 87.96 nan nan 87.63 1968.0 87.48 38.0 nan 0.0 0.0 0.0 nan
16:38:00 1.0 3.0 88.18 87.7 87.7 87.7 87.63 1968.0 87.48 38.0 3.0 3.0 0.0 0.0 87.7
16:39:00 3.0 120.0 88.18 87.63 87.7 87.63 87.63 1858.0 87.48 38.0 120.0 10.0 110.0 0.0 87.6358
16:40:00 6.0 17.0 88.18 87.75 87.98 87.63 87.75 9.0 87.48 38.0 17.0 11.0 6.0 0.0 87.7806
16:41:00 1.0 0.0 88.18 87.64 87.64 87.64 87.75 9.0 87.48 38.0 nan 0.0 0.0 0.0 nan
16:42:00 3.0 4.0 88.18 87.75 87.91 87.75 87.75 6.0 87.48 38.0 4.0 0.0 4.0 0.0 87.765
16:43:00 11.0 179.0 88.18 87.98 87.98 87.91 87.75 6.0 87.48 38.0 179.0 9.0 170.0 0.0 87.98
16:44:00 5.0 0.0 88.18 87.98 87.99 87.98 87.75 6.0 87.48 38.0 nan 0.0 0.0 0.0 nan
16:45:00 23.0 240.0 88.18 88.0 88.0 87.98 87.75 6.0 87.48 38.0 240.0 224.0 16.0 0.0 87.9987
16:46:00 0.0 0.0 88.18 88.0 nan nan 87.87 5.0 87.48 38.0 nan 0.0 0.0 0.0 nan
16:47:00 0.0 0.0 88.18 88.0 nan nan 87.9 200.0 87.48 38.0 nan 0.0 0.0 0.0 nan
16:48:00 1.0 200.0 88.18 87.9 87.9 87.9 87.75 6.0 87.48 38.0 200.0 0.0 200.0 0.0 87.9
16:49:00 2.0 12.0 88.18 87.8 87.82 87.8 87.75 6.0 87.48 38.0 12.0 12.0 0.0 0.0 87.8
16:50:00 2.0 1.0 88.18 87.71 87.72 87.71 87.63 1855.0 87.48 38.0 1.0 0.0 1.0 0.0 87.72
16:51:00 1.0 1.0 88.18 87.8 87.8 87.8 87.71 2.0 87.48 38.0 1.0 1.0 0.0 0.0 87.8
16:52:00 8.0 51.0 88.18 87.71 87.98 87.71 87.63 1859.0 87.48 38.0 51.0 51.0 0.0 0.0 87.7965
16:53:00 1.0 0.0 88.18 87.64 87.64 87.64 87.63 1859.0 87.48 38.0 nan 0.0 0.0 0.0 nan
16:54:00 0.0 0.0 88.18 87.64 nan nan 87.63 1859.0 87.48 38.0 nan 0.0 0.0 0.0 nan
16:55:00 12.0 551.0 88.18 87.79 87.87 87.79 87.63 1859.0 87.48 38.0 551.0 50.0 501.0 0.0 87.7901
16:56:00 1.0 1.0 88.18 87.79 87.79 87.79 87.75 14.0 87.48 38.0 1.0 0.0 1.0 0.0 87.79
16:57:00 4.0 5.0 88.18 87.75 87.79 87.75 87.75 10.0 87.48 38.0 5.0 1.0 4.0 0.0 87.758
16:58:00 2.0 2.0 88.18 87.72 87.79 87.72 87.75 10.0 87.48 38.0 2.0 2.0 0.0 0.0 87.79
16:59:00 3.0 0.0 88.18 87.8 87.8 87.64 87.75 10.0 87.48 38.0 nan 0.0 0.0 0.0 nan
17:00:00 4.0 13.0 88.18 87.79 87.79 87.79 87.75 12.0 87.48 38.0 13.0 13.0 0.0 0.0 87.79
