time trade_count trade_volume trade_first trade_last trade_high trade_low bid_price bid_size ask_price ask_size hid_vol buy_vol sell_vol unsided_vol vwap
09:00:00 nan 29.0 97.67 97.7 97.74 97.67 97.7 23.0 97.74 67.0 29.0 1.0 28.0 0.0 97.7021
09:01:00 11.0 31.0 97.67 97.73 97.73 97.69 97.7 9.0 97.74 67.0 31.0 0.0 31.0 0.0 97.7006
09:02:00 20.0 90.0 97.67 97.75 97.75 97.7 97.74 16.0 97.75 100.0 90.0 80.0 10.0 0.0 97.7396
09:03:00 32.0 120.0 97.67 97.69 97.74 97.67 97.69 7.0 97.75 100.0 120.0 0.0 120.0 0.0 97.7015
09:04:00 11.0 20.0 97.67 97.68 97.73 97.67 97.68 16.0 97.75 100.0 20.0 0.0 20.0 0.0 97.687
09:05:00 1.0 1.0 97.67 97.67 97.67 97.67 97.68 28.0 97.75 100.0 1.0 0.0 1.0 0.0 97.67
09:06:00 2.0 1.0 97.67 97.74 97.74 97.67 97.68 28.0 97.73 27.0 1.0 0.0 1.0 0.0 97.67
09:07:00 52.0 106.0 97.67 97.7 97.7 97.64 97.67 2.0 97.71 1.0 106.0 0.0 106.0 0.0 97.6658
09:08:00 2.0 1.0 97.67 97.72 97.72 97.71 97.7 1.0 97.73 5.0 1.0 1.0 0.0 0.0 97.71
09:09:00 9.0 122.0 97.67 97.74 97.74 97.72 97.7 1.0 97.74 83.0 122.0 122.0 0.0 0.0 97.7396
09:10:00 12.0 94.0 97.67 97.74 97.74 97.73 97.7 6.0 97.74 13.0 94.0 90.0 4.0 0.0 97.7398
09:11:00 23.0 237.0 97.67 97.85 97.85 97.69 97.74 1.0 97.85 53.0 237.0 213.0 24.0 0.0 97.7632
09:12:00 8.0 58.0 97.67 97.86 97.9 97.83 97.74 2.0 97.87 14.0 58.0 54.0 4.0 0.0 97.85
09:13:00 9.0 48.0 97.67 97.8 97.87 97.74 97.77 3.0 97.87 8.0 48.0 6.0 42.0 0.0 97.8088
09:14:00 13.0 97.0 97.67 97.8 97.9 97.8 97.8 30.0 97.9 258.0 97.0 88.0 9.0 0.0 97.8882
09:15:00 13.0 33.0 97.67 97.8 97.9 97.8 97.8 11.0 97.9 282.0 33.0 1.0 32.0 0.0 97.8039
09:16:00 1.0 0.0 97.67 97.9 97.9 97.9 97.81 1.0 97.9 257.0 nan 0.0 0.0 0.0 nan
09:17:00 2.0 0.0 97.67 97.9 97.9 97.9 97.81 1.0 97.9 257.0 nan 0.0 0.0 0.0 nan
09:18:00 7.0 41.0 97.67 97.9 97.9 97.9 97.81 1.0 97.9 245.0 41.0 41.0 0.0 0.0 97.9
09:19:00 4.0 31.0 97.67 97.87 97.9 97.87 97.85 1.0 97.9 215.0 31.0 30.0 1.0 0.0 97.899
09:20:00 90.0 297.0 97.67 97.77 97.86 97.64 97.68 3.0 97.9 215.0 297.0 0.0 297.0 0.0 97.6892
09:21:00 1.0 1.0 97.67 97.77 97.77 97.77 97.77 1.0 97.88 200.0 1.0 0.0 1.0 0.0 97.77
09:22:00 3.0 1.0 97.67 97.85 97.86 97.81 97.77 1.0 97.88 242.0 1.0 0.0 1.0 0.0 97.85
09:23:00 10.0 156.0 97.67 97.8 97.88 97.8 97.77 3.0 97.8 212.0 156.0 6.0 150.0 0.0 97.8051
09:24:00 2.0 50.0 97.67 97.8 97.8 97.79 97.77 9.0 97.8 163.0 50.0 50.0 0.0 0.0 97.8
09:25:00 9.0 23.0 97.67 97.78 97.8 97.77 97.73 14.0 97.8 153.0 23.0 11.0 12.0 0.0 97.7865
09:26:00 13.0 25.0 97.67 97.8 97.8 97.73 97.73 3.0 97.8 201.0 25.0 6.0 19.0 0.0 97.7756
09:27:00 3.0 16.0 97.67 97.77 97.77 97.73 97.73 10.0 97.8 147.0 16.0 0.0 16.0 0.0 97.7675
09:28:00 2.0 3.0 97.67 97.8 97.8 97.73 97.73 26.0 97.8 145.0 3.0 2.0 1.0 0.0 97.7767
09:29:00 160.0 821.0 97.67 97.6 97.73 97.6 97.6 11.0 97.62 463.0 821.0 206.0 615.0 0.0 97.6531
09:30:00 164.0 571.0 97.67 97.5 97.62 97.4 97.49 400.0 97.51 1626.0 571.0 1.0 570.0 0.0 97.5281
09:31:00 558.0 32125.0 97.67 97.74 97.8 97.43 97.71 1.0 97.76 2350.0 32125.0 18647.0 13478.0 0.0 97.6472
09:32:00 257.0 13234.0 97.67 97.81 97.82 97.54 97.8 7.0 97.84 379.0 13234.0 6920.0 6314.0 0.0 97.653
09:33:00 94.0 2769.0 97.67 97.74 97.88 97.68 97.71 373.0 97.76 10.0 2769.0 924.0 1845.0 0.0 97.7987
09:34:00 282.0 18712.0 97.67 97.8 97.94 97.69 97.78 358.0 97.8 10.0 18712.0 10657.0 8055.0 0.0 97.8143
09:35:00 271.0 9494.0 97.67 97.51 97.8 97.47 97.49 1053.0 97.54 200.0 9494.0 3839.0 5655.0 0.0 97.5753
09:36:00 222.0 11635.0 97.67 97.57 97.72 97.47 97.53 100.0 97.58 600.0 11635.0 5214.0 6421.0 0.0 97.5763
09:37:00 326.0 15878.0 97.67 97.55 97.68 97.54 97.53 108.0 97.55 395.0 15878.0 6623.0 9255.0 0.0 97.6147
09:38:00 456.0 27807.0 97.67 97.47 97.61 97.43 97.47 751.0 97.52 210.0 27807.0 12981.0 14826.0 0.0 97.532
09:39:00 556.0 27912.0 97.67 97.11 97.49 97.11 97.1 86.0 97.13 350.0 27912.0 9564.0 18348.0 0.0 97.2953
09:40:00 794.0 28507.0 97.67 96.95 97.1 96.92 96.93 115.0 96.96 650.0 28507.0 16689.0 11818.0 0.0 97.0188
09:41:00 298.0 13566.0 97.67 96.99 97.05 96.89 96.96 1052.0 96.99 414.0 13566.0 7325.0 6241.0 0.0 96.9663
09:42:00 224.0 17382.0 97.67 97.26 97.26 96.92 97.23 850.0 97.27 1.0 17382.0 10941.0 6441.0 0.0 97.0926
09:43:00 237.0 19538.0 97.67 97.68 97.69 97.26 97.65 950.0 97.69 161.0 19538.0 9386.0 10152.0 0.0 97.5035
09:44:00 149.0 12890.0 97.67 97.8 97.87 97.68 97.79 400.0 97.83 911.0 12890.0 5430.0 7460.0 0.0 97.7841
09:45:00 92.0 5449.0 97.67 97.85 97.85 97.68 97.82 3.0 97.85 1.0 5449.0 2942.0 2507.0 0.0 97.7821
09:46:00 375.0 20699.0 97.67 97.92 98.0 97.85 97.9 135.0 97.93 300.0 20699.0 12045.0 8654.0 0.0 97.9587
09:47:00 219.0 11378.0 97.67 97.96 98.02 97.83 97.96 150.0 97.99 100.0 11378.0 5215.0 6163.0 0.0 97.946
09:48:00 182.0 9236.0 97.67 97.91 98.03 97.88 97.9 50.0 97.94 400.0 9236.0 3022.0 6214.0 0.0 97.9611
09:49:00 229.0 12552.0 97.67 97.95 97.96 97.78 97.95 422.0 97.98 450.0 12552.0 7883.0 4669.0 0.0 97.882
09:50:00 359.0 19610.0 97.67 97.99 98.07 97.9 97.99 360.0 98.01 100.0 19610.0 9460.0 10150.0 0.0 97.9816
09:51:00 276.0 20726.0 97.67 98.17 98.18 97.97 98.15 300.0 98.18 283.0 20726.0 16126.0 4600.0 0.0 98.0765
09:52:00 218.0 11692.0 97.67 98.15 98.22 98.13 98.15 100.0 98.16 100.0 11692.0 7633.0 4059.0 0.0 98.1608
09:53:00 193.0 8385.0 97.67 98.345 98.36 98.15 98.34 250.0 98.36 90.0 8385.0 4735.0 3650.0 0.0 98.2696
09:54:00 205.0 12573.0 97.67 98.2 98.35 98.2 98.19 1189.0 98.22 96.0 12573.0 2697.0 9876.0 0.0 98.2417
09:55:00 266.0 15965.0 97.67 98.17 98.22 98.13 98.16 2.0 98.17 200.0 15965.0 3686.0 12279.0 0.0 98.1711
09:56:00 153.0 8297.0 97.67 98.2 98.22 98.14 98.19 437.0 98.22 160.0 8297.0 3301.0 4996.0 0.0 98.1873
09:57:00 282.0 17026.0 97.67 98.33 98.33 98.13 98.31 622.0 98.33 150.0 17026.0 11149.0 5877.0 0.0 98.1948
09:58:00 315.0 21174.0 97.67 98.3 98.42 98.28 98.29 835.0 98.33 1450.0 21174.0 7296.0 13878.0 0.0 98.3436
09:59:00 778.0 56565.0 97.67 98.21 98.32 98.17 98.2 52.0 98.22 50.0 56565.0 18779.0 37786.0 0.0 98.2424
10:00:00 499.0 32326.0 97.67 98.04 98.22 98.0 98.03 200.0 98.05 550.0 32326.0 17625.0 14701.0 0.0 98.1269
10:01:00 555.0 33954.0 97.67 98.1 98.1 97.92 98.09 26.0 98.11 384.0 33954.0 21681.0 12273.0 0.0 97.9896
10:02:00 170.0 10874.0 97.67 97.975 98.09 97.96 97.96 450.0 97.99 386.0 10874.0 3199.0 7675.0 0.0 98.044
10:03:00 451.0 30050.0 97.67 97.9 98.03 97.9 97.9 933.0 97.93 1009.0 30050.0 20914.0 9136.0 0.0 97.9911
10:04:00 365.0 23291.0 97.67 97.88 97.93 97.78 97.87 150.0 97.88 328.0 23291.0 15637.0 7654.0 0.0 97.8596
10:05:00 289.0 18820.0 97.67 97.83 97.89 97.74 97.82 100.0 97.83 300.0 18820.0 13554.0 5266.0 0.0 97.8053
10:06:00 315.0 20517.0 97.67 97.71 97.83 97.64 97.71 515.0 97.74 50.0 20517.0 9287.0 11230.0 0.0 97.7185
10:07:00 155.0 7078.0 97.67 97.81 97.81 97.7 97.82 50.0 97.85 40.0 7078.0 2228.0 4850.0 0.0 97.7512
10:08:00 410.0 25152.0 97.67 97.91 98.01 97.76 97.89 3.0 97.93 50.0 25152.0 15649.0 9503.0 0.0 97.8743
10:09:00 143.0 8416.0 97.67 97.78 97.95 97.76 97.76 250.0 97.78 300.0 8416.0 3831.0 4585.0 0.0 97.8688
10:10:00 70.0 4264.0 97.67 97.93 97.93 97.76 97.88 251.0 97.92 950.0 4264.0 3149.0 1115.0 0.0 97.8283
10:11:00 1050.0 73636.0 97.67 97.89 97.97 97.88 97.89 659.0 97.92 300.0 73636.0 55774.0 17862.0 0.0 97.9351
10:12:00 274.0 15811.0 97.67 97.82 97.9 97.77 97.81 50.0 97.84 250.0 15811.0 4720.0 11091.0 0.0 97.8548
10:13:00 82.0 4441.0 97.67 97.795 97.87 97.76 97.78 371.0 97.8 20.0 4441.0 1327.0 3114.0 0.0 97.8159
10:14:00 221.0 12201.0 97.67 97.82 97.91 97.79 97.79 50.0 97.81 445.0 12201.0 6007.0 6194.0 0.0 97.8626
10:15:00 396.0 21769.0 97.67 97.66 97.8 97.63 97.65 2.0 97.66 95.0 21769.0 11648.0 10121.0 0.0 97.7405
10:16:00 382.0 22732.0 97.67 97.59 97.69 97.59 97.58 26.0 97.59 472.0 22732.0 12676.0 10056.0 0.0 97.6385
10:17:00 259.0 8782.0 97.67 97.59 97.59 97.47 97.58 10.0 97.6 150.0 8782.0 4163.0 4619.0 0.0 97.5401
10:18:00 125.0 9965.0 97.67 97.63 97.68 97.59 97.6 310.0 97.62 50.0 9965.0 6746.0 3219.0 0.0 97.648
10:19:00 119.0 5670.0 97.67 97.64 97.66 97.58 97.62 432.0 97.65 100.0 5670.0 3382.0 2288.0 0.0 97.6254
10:20:00 112.0 4821.0 97.67 97.58 97.66 97.57 97.58 213.0 97.6 116.0 4821.0 2104.0 2717.0 0.0 97.6225
10:21:00 175.0 9994.0 97.67 97.63 97.67 97.57 97.62 504.0 97.64 394.0 9994.0 3772.0 6222.0 0.0 97.6057
10:22:00 270.0 13233.0 97.67 97.68 97.69 97.59 97.67 79.0 97.69 142.0 13233.0 7876.0 5357.0 0.0 97.6431
10:23:00 210.0 11680.0 97.67 97.84 97.88 97.69 97.84 10.0 97.85 442.0 11680.0 8959.0 2721.0 0.0 97.8142
10:24:00 222.0 12787.0 97.67 97.77 97.87 97.74 97.75 293.0 97.78 1920.0 12787.0 6779.0 6008.0 0.0 97.7941
10:25:00 236.0 15541.0 97.67 97.79 97.81 97.68 97.79 501.0 97.8 607.0 15541.0 9172.0 6369.0 0.0 97.7324
10:26:00 256.0 16112.0 97.67 97.68 97.79 97.63 97.67 498.0 97.69 350.0 16112.0 8122.0 7990.0 0.0 97.6881
10:27:00 226.0 15261.0 97.67 97.69 97.75 97.63 97.69 551.0 97.72 110.0 15261.0 9539.0 5722.0 0.0 97.6902
10:28:00 114.0 7449.0 97.67 97.75 97.83 97.72 97.74 144.0 97.75 568.0 7449.0 3181.0 4268.0 0.0 97.786
10:29:00 323.0 22894.0 97.67 97.72 97.79 97.69 97.7 1601.0 97.72 568.0 22894.0 14037.0 8857.0 0.0 97.7431
10:30:00 350.0 24495.0 97.67 97.85 97.85 97.7 97.83 342.0 97.85 331.0 24495.0 19597.0 4898.0 0.0 97.7632
10:31:00 386.0 23367.0 97.67 97.96 97.99 97.84 97.95 400.0 97.97 121.0 23367.0 14266.0 9101.0 0.0 97.9052
10:32:00 258.0 15974.0 97.67 97.93 98.01 97.93 97.93 345.0 97.94 301.0 15974.0 5319.0 10655.0 0.0 97.9893
10:33:00 234.0 16776.0 97.67 98.01 98.01 97.91 98.0 986.0 98.01 886.0 16776.0 11291.0 5485.0 0.0 97.9911
10:34:00 215.0 13745.0 97.67 98.005 98.01 97.94 98.0 916.0 98.01 400.0 13745.0 5886.0 7859.0 0.0 97.9897
10:35:00 503.0 37723.0 97.67 98.11 98.2 98.005 98.1 363.0 98.11 100.0 37723.0 24278.0 13445.0 0.0 98.0959
10:36:00 128.0 6385.0 97.67 98.17 98.17 98.02 98.15 872.0 98.17 251.0 6385.0 2689.0 3696.0 0.0 98.0724
10:37:00 218.0 15332.0 97.67 98.2 98.24 98.06 98.2 346.0 98.22 600.0 15332.0 7641.0 7691.0 0.0 98.141
10:38:00 159.0 9832.0 97.67 98.31 98.31 98.19 98.29 1453.0 98.32 237.0 9832.0 5395.0 4437.0 0.0 98.2333
10:39:00 186.0 11177.0 97.67 98.25 98.34 98.2 98.26 143.0 98.27 109.0 11177.0 4591.0 6586.0 0.0 98.2717
10:40:00 85.0 5130.0 97.67 98.35 98.35 98.23 98.33 1281.0 98.35 210.0 5130.0 2834.0 2296.0 0.0 98.2659
10:41:00 421.0 29474.0 97.67 98.35 98.42 98.22 98.34 400.0 98.36 200.0 29474.0 11548.0 17926.0 0.0 98.3707
10:42:00 449.0 32394.0 97.67 98.55 98.59 98.36 98.55 1395.0 98.57 150.0 32394.0 19781.0 12613.0 0.0 98.4913
10:43:00 310.0 19435.0 97.67 98.73 98.75 98.53 98.73 100.0 98.75 5.0 19435.0 11189.0 8246.0 0.0 98.6324
10:44:00 605.0 37255.0 97.67 98.87 98.9 98.74 98.86 2536.0 98.87 200.0 37255.0 21715.0 15540.0 0.0 98.8544
10:45:00 496.0 32281.0 97.67 98.69 98.93 98.68 98.69 250.0 98.7 20.0 32281.0 12247.0 20034.0 0.0 98.8601
10:46:00 365.0 22318.0 97.67 98.65 98.75 98.65 98.65 258.0 98.67 326.0 22318.0 11538.0 10780.0 0.0 98.7236
10:47:00 187.0 10212.0 97.67 98.5 98.65 98.49 98.49 300.0 98.51 350.0 10212.0 2916.0 7296.0 0.0 98.5539
10:48:00 233.0 15991.0 97.67 98.4 98.49 98.35 98.38 17.0 98.41 450.0 15991.0 9108.0 6883.0 0.0 98.4112
10:49:00 399.0 30063.0 97.67 98.31 98.41 98.23 98.3 500.0 98.32 300.0 30063.0 22014.0 8049.0 0.0 98.297
10:50:00 211.0 15977.0 97.67 98.22 98.35 98.22 98.21 1148.0 98.23 426.0 15977.0 7186.0 8791.0 0.0 98.2832
10:51:00 327.0 22711.0 97.67 98.25 98.29 98.19 98.24 101.0 98.25 100.0 22711.0 14185.0 8526.0 0.0 98.224
10:52:00 183.0 13563.0 97.67 98.21 98.25 98.17 98.2 170.0 98.21 200.0 13563.0 8327.0 5236.0 0.0 98.2054
10:53:00 348.0 22487.0 97.67 98.265 98.34 98.17 98.25 1517.0 98.28 820.0 22487.0 13348.0 9139.0 0.0 98.2238
10:54:00 253.0 18560.0 97.67 98.24 98.25 98.21 98.22 299.0 98.24 2118.0 18560.0 10844.0 7716.0 0.0 98.2354
10:55:00 340.0 24354.0 97.67 98.25 98.25 98.21 98.24 1555.0 98.25 338.0 24354.0 20756.0 3598.0 0.0 98.235
10:56:00 223.0 13057.0 97.67 98.17 98.25 98.12 98.17 426.0 98.18 405.0 13057.0 7264.0 5793.0 0.0 98.1698
10:57:00 297.0 17270.0 97.67 98.3 98.3 98.18 98.29 2493.0 98.32 301.0 17270.0 15204.0 2066.0 0.0 98.2406
10:58:00 358.0 36043.0 97.67 98.22 98.33 98.21 98.21 29.0 98.23 1850.0 36043.0 12032.0 24011.0 0.0 98.2635
10:59:00 297.0 22621.0 97.67 98.46 98.46 98.22 98.43 50.0 98.46 2451.0 22621.0 19271.0 3350.0 0.0 98.3003
11:00:00 169.0 11794.0 97.67 98.48 98.53 98.39 98.48 330.0 98.5 613.0 11794.0 5951.0 5843.0 0.0 98.4507
11:01:00 176.0 10359.0 97.67 98.54 98.61 98.46 98.53 3.0 98.55 2.0 10359.0 5565.0 4794.0 0.0 98.5376
11:02:00 268.0 20145.0 97.67 98.65 98.65 98.54 98.64 688.0 98.66 272.0 20145.0 14430.0 5715.0 0.0 98.5985
11:03:00 129.0 7204.0 97.67 98.67 98.74 98.65 98.67 50.0 98.69 737.0 7204.0 3085.0 4119.0 0.0 98.686
11:04:00 144.0 9840.0 97.67 98.57 98.66 98.54 98.55 2117.0 98.57 100.0 9840.0 3343.0 6497.0 0.0 98.593
11:05:00 271.0 18925.0 97.67 98.45 98.63 98.44 98.44 151.0 98.45 1600.0 18925.0 6711.0 12214.0 0.0 98.5147
11:06:00 114.0 8614.0 97.67 98.46 98.46 98.42 98.44 673.0 98.46 517.0 8614.0 6522.0 2092.0 0.0 98.4426
11:07:00 137.0 9906.0 97.67 98.34 98.46 98.33 98.32 1300.0 98.35 1700.0 9906.0 4969.0 4937.0 0.0 98.4277
11:08:00 237.0 13771.0 97.67 98.42 98.42 98.24 98.41 341.0 98.44 2004.0 13771.0 9860.0 3911.0 0.0 98.3366
11:09:00 179.0 14602.0 97.67 98.34 98.44 98.34 98.33 214.0 98.35 1903.0 14602.0 8704.0 5898.0 0.0 98.383
11:10:00 130.0 9883.0 97.67 98.25 98.33 98.23 98.24 395.0 98.25 199.0 9883.0 7372.0 2511.0 0.0 98.2668
11:11:00 129.0 6944.0 97.67 98.23 98.27 98.22 98.22 9.0 98.23 258.0 6944.0 5032.0 1912.0 0.0 98.2484
11:12:00 187.0 11405.0 97.67 98.3 98.3 98.22 98.29 747.0 98.3 382.0 11405.0 9882.0 1523.0 0.0 98.2686
11:13:00 163.0 8727.0 97.67 98.27 98.3 98.23 98.26 647.0 98.28 152.0 8727.0 6689.0 2038.0 0.0 98.2871
11:14:00 149.0 10461.0 97.67 98.23 98.3 98.23 98.23 1066.0 98.25 105.0 10461.0 4176.0 6285.0 0.0 98.2653
11:15:00 88.0 4350.0 97.67 98.29 98.3 98.25 98.26 354.0 98.28 804.0 4350.0 2163.0 2187.0 0.0 98.2713
11:16:00 160.0 7706.0 97.67 98.2 98.27 98.12 98.19 150.0 98.21 161.0 7706.0 4417.0 3289.0 0.0 98.182
11:17:00 68.0 3548.0 97.67 98.23 98.24 98.19 98.22 294.0 98.24 56.0 3548.0 2283.0 1265.0 0.0 98.2107
11:18:00 76.0 4051.0 97.67 98.24 98.25 98.18 98.23 300.0 98.24 59.0 4051.0 2200.0 1851.0 0.0 98.2232
11:19:00 134.0 8505.0 97.67 98.225 98.25 98.17 98.21 305.0 98.22 1341.0 8505.0 4620.0 3885.0 0.0 98.213
11:20:00 123.0 6418.0 97.67 98.22 98.22 98.13 98.19 300.0 98.21 1074.0 6418.0 2952.0 3466.0 0.0 98.1796
11:21:00 153.0 6286.0 97.67 98.07 98.19 98.07 98.06 123.0 98.07 159.0 6286.0 2625.0 3661.0 0.0 98.1071
11:22:00 124.0 7866.0 97.67 98.07 98.13 98.06 98.06 107.0 98.07 391.0 7866.0 3306.0 4560.0 0.0 98.0799
11:23:00 165.0 11408.0 97.67 98.05 98.1 98.04 98.04 101.0 98.06 2358.0 11408.0 6756.0 4652.0 0.0 98.0836
11:24:00 257.0 7123.0 97.67 98.0 98.06 98.0 97.99 509.0 98.0 352.0 7123.0 3534.0 3589.0 0.0 98.0175
11:25:00 153.0 7880.0 97.67 98.01 98.02 97.96 98.01 227.0 98.03 250.0 7880.0 3742.0 4138.0 0.0 97.9836
11:26:00 79.0 3737.0 97.67 98.01 98.03 97.98 98.0 206.0 98.01 452.0 3737.0 2185.0 1552.0 0.0 98.0073
11:27:00 142.0 9722.0 97.67 98.04 98.08 98.0 98.02 291.0 98.04 1852.0 9722.0 7554.0 2168.0 0.0 98.0504
11:28:00 92.0 5536.0 97.67 98.02 98.05 98.02 98.01 100.0 98.02 302.0 5536.0 4406.0 1130.0 0.0 98.044
11:29:00 181.0 10620.0 97.67 98.01 98.07 98.0 98.01 101.0 98.02 411.0 10620.0 8132.0 2488.0 0.0 98.0317
11:30:00 432.0 30546.0 97.67 98.08 98.1 98.0 98.07 252.0 98.08 640.0 30546.0 27720.0 2826.0 0.0 98.0638
11:31:00 317.0 24942.0 97.67 98.05 98.1 98.045 98.04 1858.0 98.06 2100.0 24942.0 17160.0 7782.0 0.0 98.0841
11:32:00 138.0 7359.0 97.67 98.04 98.06 98.02 98.04 31.0 98.05 2568.0 7359.0 3716.0 3643.0 0.0 98.0409
11:33:00 214.0 13506.0 97.67 98.04 98.05 98.0 98.03 645.0 98.05 2840.0 13506.0 7232.0 6274.0 0.0 98.0212
11:34:00 111.0 6342.0 97.67 98.01 98.05 97.99 98.0 736.0 98.01 300.0 6342.0 4011.0 2331.0 0.0 98.0108
11:35:00 132.0 7294.0 97.67 98.0 98.015 97.99 98.0 500.0 98.01 2006.0 7294.0 4720.0 2574.0 0.0 98.0026
11:36:00 194.0 12065.0 97.67 98.01 98.035 98.01 98.0 459.0 98.01 4.0 12065.0 7940.0 4125.0 0.0 98.018
11:37:00 207.0 13316.0 97.67 98.0 98.015 97.99 97.99 284.0 98.0 497.0 13316.0 8932.0 4384.0 0.0 98.0085
11:38:00 172.0 11850.0 97.67 98.01 98.01 97.99 98.0 1201.0 98.01 403.0 11850.0 8216.0 3634.0 0.0 98.0056
11:39:00 105.0 4842.0 97.67 98.005 98.01 97.99 98.0 221.0 98.01 400.0 4842.0 2439.0 2403.0 0.0 98.0021
11:40:00 100.0 5485.0 97.67 98.0 98.02 97.99 98.0 816.0 98.01 394.0 5485.0 3743.0 1742.0 0.0 98.0061
11:41:00 303.0 14465.0 97.67 97.95 98.015 97.93 97.94 103.0 97.95 518.0 14465.0 8149.0 6316.0 0.0 97.9832
11:42:00 188.0 8144.0 97.67 97.945 97.97 97.94 97.94 797.0 97.95 1007.0 8144.0 4796.0 3348.0 0.0 97.9557
11:43:00 560.0 34412.0 97.67 97.9 97.95 97.86 97.9 500.0 97.91 100.0 34412.0 14549.0 19863.0 0.0 97.8927
11:44:00 172.0 15694.0 97.67 97.9 97.97 97.875 97.89 400.0 97.91 1600.0 15694.0 10904.0 4790.0 0.0 97.9291
11:45:00 173.0 11891.0 97.67 97.93 97.97 97.87 97.92 200.0 97.93 2200.0 11891.0 7813.0 4078.0 0.0 97.9318
11:46:00 384.0 26519.0 97.67 97.94 97.95 97.92 97.93 602.0 97.95 1546.0 26519.0 18487.0 8032.0 0.0 97.9429
11:47:00 95.0 6980.0 97.67 98.02 98.025 97.92 98.01 360.0 98.02 354.0 6980.0 3744.0 3236.0 0.0 97.9793
11:48:00 246.0 15159.0 97.67 98.0 98.04 97.96 97.99 200.0 98.0 2409.0 15159.0 8105.0 7054.0 0.0 98.0104
11:49:00 177.0 11392.0 97.67 98.0 98.01 97.97 98.0 1605.0 98.02 2600.0 11392.0 7609.0 3783.0 0.0 97.9926
11:50:00 138.0 9879.0 97.67 98.02 98.02 97.98 98.01 1900.0 98.02 200.0 9879.0 4661.0 5218.0 0.0 98.0051
11:51:00 221.0 15619.0 97.67 98.04 98.06 98.0 98.04 245.0 98.06 1601.0 15619.0 9227.0 6392.0 0.0 98.0314
11:52:00 160.0 12503.0 97.67 98.11 98.13 98.06 98.1 12.0 98.11 500.0 12503.0 7392.0 5111.0 0.0 98.0829
11:53:00 276.0 21996.0 97.67 98.13 98.21 98.09 98.12 652.0 98.14 700.0 21996.0 9630.0 12366.0 0.0 98.1326
11:54:00 335.0 25685.0 97.67 98.1 98.18 98.09 98.09 579.0 98.1 720.0 25685.0 12145.0 13540.0 0.0 98.1327
11:55:00 240.0 20926.0 97.67 98.22 98.24 98.1 98.21 279.0 98.22 110.0 20926.0 12613.0 8313.0 0.0 98.1869
11:56:00 162.0 9139.0 97.67 98.21 98.25 98.21 98.2 334.0 98.21 98.0 9139.0 4734.0 4405.0 0.0 98.2421
11:57:00 183.0 12493.0 97.67 98.25 98.25 98.08 98.24 1011.0 98.25 572.0 12493.0 7609.0 4884.0 0.0 98.1843
11:58:00 327.0 22884.0 97.67 98.24 98.25 98.2 98.24 951.0 98.25 372.0 22884.0 17869.0 5015.0 0.0 98.2442
11:59:00 284.0 19329.0 97.67 98.24 98.25 98.195 98.23 325.0 98.24 609.0 19329.0 14694.0 4635.0 0.0 98.2409
12:00:00 332.0 22546.0 97.67 98.29 98.32 98.235 98.28 150.0 98.3 1420.0 22546.0 10832.0 11714.0 0.0 98.2727
12:01:00 567.0 32853.0 97.67 98.33 98.33 98.27 98.33 964.0 98.34 1163.0 32853.0 24198.0 8655.0 0.0 98.2883
12:02:00 243.0 22638.0 97.67 98.25 98.33 98.21 98.26 428.0 98.27 400.0 22638.0 6906.0 15732.0 0.0 98.2776
12:03:00 130.0 6900.0 97.67 98.29 98.3 98.25 98.29 889.0 98.3 700.0 6900.0 3193.0 3707.0 0.0 98.2772
12:04:00 200.0 12211.0 97.67 98.285 98.3 98.28 98.28 410.0 98.29 401.0 12211.0 8288.0 3923.0 0.0 98.2923
12:05:00 138.0 11177.0 97.67 98.29 98.3 98.28 98.28 479.0 98.29 701.0 11177.0 9639.0 1538.0 0.0 98.2978
12:06:00 194.0 10363.0 97.67 98.17 98.3 98.17 98.17 116.0 98.18 100.0 10363.0 3492.0 6871.0 0.0 98.2608
12:07:00 73.0 4401.0 97.67 98.24 98.27 98.17 98.23 254.0 98.24 104.0 4401.0 3158.0 1243.0 0.0 98.2261
12:08:00 99.0 6496.0 97.67 98.29 98.3 98.24 98.29 11.0 98.3 608.0 6496.0 4971.0 1525.0 0.0 98.2876
12:09:00 88.0 2871.0 97.67 98.24 98.29 98.24 98.24 222.0 98.25 200.0 2871.0 901.0 1970.0 0.0 98.2619
12:10:00 37.0 1410.0 97.67 98.25 98.27 98.245 98.25 217.0 98.26 741.0 1410.0 661.0 749.0 0.0 98.2585
12:11:00 151.0 10352.0 97.67 98.3 98.3 98.23 98.29 1209.0 98.3 404.0 10352.0 6722.0 3630.0 0.0 98.262
12:12:00 70.0 3305.0 97.67 98.29 98.3 98.27 98.29 11.0 98.3 1491.0 3305.0 854.0 2451.0 0.0 98.2879
12:13:00 159.0 9058.0 97.67 98.3 98.3 98.28 98.29 2837.0 98.3 500.0 9058.0 7018.0 2040.0 0.0 98.2919
12:14:00 198.0 11284.0 97.67 98.21 98.3 98.21 98.21 10.0 98.21 100.0 11284.0 6345.0 4939.0 0.0 98.2736
12:15:00 177.0 14787.0 97.67 98.22 98.23 98.18 98.22 80.0 98.23 603.0 14787.0 8518.0 6269.0 0.0 98.2029
12:16:00 230.0 11896.0 97.67 98.09 98.22 98.08 98.08 300.0 98.1 2961.0 11896.0 6307.0 5589.0 0.0 98.1334
12:17:00 120.0 9108.0 97.67 98.16 98.16 98.07 98.16 420.0 98.18 161.0 9108.0 7527.0 1581.0 0.0 98.0998
12:18:00 95.0 5596.0 97.67 98.22 98.23 98.16 98.21 43.0 98.22 226.0 5596.0 3928.0 1668.0 0.0 98.1959
12:19:00 94.0 5121.0 97.67 98.28 98.285 98.22 98.27 550.0 98.29 151.0 5121.0 3613.0 1508.0 0.0 98.2506
12:20:00 98.0 5327.0 97.67 98.24 98.29 98.22 98.22 300.0 98.24 100.0 5327.0 2698.0 2629.0 0.0 98.2558
12:21:00 311.0 15674.0 97.67 98.24 98.27 98.21 98.22 1306.0 98.25 1207.0 15674.0 12594.0 3080.0 0.0 98.2498
12:22:00 364.0 21481.0 97.67 98.23 98.27 98.23 98.25 100.0 98.26 300.0 21481.0 19729.0 1752.0 0.0 98.2514
12:23:00 221.0 15083.0 97.67 98.24 98.28 98.24 98.26 200.0 98.27 201.0 15083.0 8803.0 6280.0 0.0 98.265
12:24:00 143.0 10629.0 97.67 98.24 98.28 98.2 98.24 501.0 98.25 300.0 10629.0 5333.0 5296.0 0.0 98.2511
12:25:00 70.0 5378.0 97.67 98.27 98.27 98.23 98.27 1314.0 98.29 202.0 5378.0 4150.0 1228.0 0.0 98.2477
12:26:00 138.0 8059.0 97.67 98.25 98.3 98.24 98.23 300.0 98.25 302.0 8059.0 4364.0 3695.0 0.0 98.272
12:27:00 67.0 4813.0 97.67 98.23 98.26 98.23 98.22 405.0 98.23 100.0 4813.0 2022.0 2791.0 0.0 98.2445
12:28:00 174.0 11861.0 97.67 98.35 98.35 98.21 98.34 275.0 98.36 1830.0 11861.0 9335.0 2526.0 0.0 98.2675
12:29:00 483.0 39054.0 97.67 98.61 98.62 98.28 98.6 326.0 98.62 350.0 39054.0 27772.0 11282.0 0.0 98.4819
12:30:00 148.0 10077.0 97.67 98.69 98.715 98.6 98.68 1235.0 98.7 633.0 10077.0 3751.0 6326.0 0.0 98.6612
12:31:00 495.0 32617.0 97.67 98.81 98.81 98.64 98.79 878.0 98.81 1851.0 32617.0 11891.0 20726.0 0.0 98.7225
12:32:00 443.0 24701.0 97.67 98.87 98.915 98.79 98.86 569.0 98.88 700.0 24701.0 11449.0 13252.0 0.0 98.8524
12:33:00 322.0 25932.0 97.67 98.75 98.92 98.75 98.74 118.0 98.76 1000.0 25932.0 8539.0 17393.0 0.0 98.8596
12:34:00 133.0 6991.0 97.67 98.74 98.77 98.73 98.73 384.0 98.74 300.0 6991.0 3886.0 3105.0 0.0 98.7546
12:35:00 182.0 12146.0 97.67 98.75 98.78 98.7 98.74 127.0 98.76 1350.0 12146.0 5549.0 6597.0 0.0 98.7337
12:36:00 140.0 7377.0 97.67 98.62 98.74 98.62 98.62 22.0 98.64 2200.0 7377.0 2153.0 5224.0 0.0 98.6703
12:37:00 464.0 43377.0 97.67 98.7 98.71 98.58 98.7 325.0 98.71 800.0 43377.0 34290.0 9087.0 0.0 98.6227
12:38:00 288.0 23165.0 97.67 98.71 98.72 98.67 98.7 2581.0 98.72 1.0 23165.0 9561.0 13604.0 0.0 98.6998
12:39:00 152.0 9715.0 97.67 98.63 98.73 98.63 98.63 222.0 98.64 533.0 9715.0 2121.0 7594.0 0.0 98.6748
12:40:00 143.0 8990.0 97.67 98.675 98.68 98.57 98.67 317.0 98.68 318.0 8990.0 4005.0 4985.0 0.0 98.6183
12:41:00 228.0 18267.0 97.67 98.68 98.74 98.67 98.67 2500.0 98.7 481.0 18267.0 6603.0 11664.0 0.0 98.7045
12:42:00 152.0 10143.0 97.67 98.68 98.72 98.68 98.67 2474.0 98.69 402.0 10143.0 3359.0 6784.0 0.0 98.6956
12:43:00 85.0 7077.0 97.67 98.64 98.69 98.62 98.63 758.0 98.65 660.0 7077.0 1354.0 5723.0 0.0 98.6639
12:44:00 115.0 6286.0 97.67 98.6 98.69 98.59 98.59 598.0 98.6 500.0 6286.0 1885.0 4401.0 0.0 98.6361
12:45:00 111.0 6914.0 97.67 98.49 98.59 98.48 98.48 334.0 98.49 47.0 6914.0 2342.0 4572.0 0.0 98.5294
12:46:00 95.0 5307.0 97.67 98.45 98.49 98.42 98.45 31.0 98.46 400.0 5307.0 2315.0 2992.0 0.0 98.4491
12:47:00 190.0 9263.0 97.67 98.39 98.46 98.37 98.38 1439.0 98.4 400.0 9263.0 4871.0 4392.0 0.0 98.4205
12:48:00 107.0 6338.0 97.67 98.37 98.38 98.34 98.36 228.0 98.37 6.0 6338.0 4157.0 2181.0 0.0 98.3688
12:49:00 72.0 3340.0 97.67 98.4 98.4 98.33 98.39 775.0 98.41 1404.0 3340.0 2305.0 1035.0 0.0 98.3434
12:50:00 79.0 3884.0 97.67 98.43 98.435 98.4 98.41 2393.0 98.43 51.0 3884.0 1238.0 2646.0 0.0 98.4143
12:51:00 129.0 6820.0 97.67 98.35 98.43 98.34 98.34 100.0 98.36 2841.0 6820.0 2349.0 4471.0 0.0 98.3967
12:52:00 87.0 3558.0 97.67 98.33 98.36 98.295 98.32 1319.0 98.34 501.0 3558.0 2277.0 1281.0 0.0 98.3275
12:53:00 117.0 6098.0 97.67 98.37 98.39 98.33 98.36 200.0 98.38 400.0 6098.0 3132.0 2966.0 0.0 98.3677
12:54:00 94.0 5789.0 97.67 98.38 98.38 98.34 98.37 1.0 98.38 760.0 5789.0 3535.0 2254.0 0.0 98.3634
12:55:00 122.0 5645.0 97.67 98.24 98.37 98.24 98.23 316.0 98.25 760.0 5645.0 2201.0 3444.0 0.0 98.3087
12:56:00 148.0 9226.0 97.67 98.21 98.26 98.19 98.2 247.0 98.21 372.0 9226.0 5414.0 3812.0 0.0 98.2201
12:57:00 70.0 3579.0 97.67 98.19 98.21 98.18 98.18 254.0 98.19 164.0 3579.0 1995.0 1584.0 0.0 98.1962
12:58:00 206.0 12108.0 97.67 98.11 98.21 98.08 98.1 2215.0 98.12 156.0 12108.0 4722.0 7386.0 0.0 98.1336
12:59:00 102.0 6428.0 97.67 98.1 98.15 98.08 98.08 1899.0 98.1 371.0 6428.0 4196.0 2232.0 0.0 98.1184
13:00:00 300.0 19493.0 97.67 98.14 98.18 98.07 98.14 100.0 98.16 200.0 19493.0 10187.0 9306.0 0.0 98.1379
13:01:00 303.0 23851.0 97.67 98.25 98.27 98.12 98.24 119.0 98.25 300.0 23851.0 14334.0 9517.0 0.0 98.2049
13:02:00 212.0 13653.0 97.67 98.17 98.26 98.155 98.17 24.0 98.18 490.0 13653.0 5142.0 8511.0 0.0 98.1954
13:03:00 153.0 9280.0 97.67 98.16 98.17 98.13 98.16 28.0 98.17 300.0 9280.0 3108.0 6172.0 0.0 98.1522
13:04:00 214.0 14552.0 97.67 98.14 98.2 98.12 98.12 535.0 98.14 501.0 14552.0 6875.0 7677.0 0.0 98.1669
13:05:00 118.0 6464.0 97.67 98.15 98.2 98.13 98.15 2021.0 98.17 51.0 6464.0 2816.0 3648.0 0.0 98.1648
13:06:00 189.0 12805.0 97.67 98.05 98.16 98.02 98.05 322.0 98.07 2200.0 12805.0 5117.0 7688.0 0.0 98.0798
13:07:00 111.0 7426.0 97.67 98.02 98.08 98.02 98.02 614.0 98.03 300.0 7426.0 3904.0 3522.0 0.0 98.0567
13:08:00 69.0 4516.0 97.67 98.04 98.04 98.02 98.02 118.0 98.03 100.0 4516.0 2203.0 2313.0 0.0 98.0291
13:09:00 296.0 13408.0 97.67 97.95 98.02 97.95 97.95 655.0 97.96 513.0 13408.0 2775.0 10633.0 0.0 97.9959
13:10:00 180.0 9612.0 97.67 97.92 97.95 97.9 97.92 1609.0 97.93 300.0 9612.0 5581.0 4031.0 0.0 97.9234
13:11:00 240.0 12450.0 97.67 97.955 97.96 97.89 97.95 732.0 97.96 204.0 12450.0 7602.0 4848.0 0.0 97.924
13:12:00 118.0 9283.0 97.67 97.98 97.98 97.94 97.96 1431.0 97.99 1826.0 9283.0 5643.0 3640.0 0.0 97.9617
13:13:00 162.0 8388.0 97.67 97.85 97.97 97.85 97.84 599.0 97.85 1101.0 8388.0 2625.0 5763.0 0.0 97.8883
13:14:00 127.0 6876.0 97.67 97.86 97.91 97.85 97.86 132.0 97.87 602.0 6876.0 3814.0 3062.0 0.0 97.8714
13:15:00 149.0 11208.0 97.67 97.86 97.89 97.83 97.86 145.0 97.87 304.0 11208.0 6319.0 4889.0 0.0 97.8495
13:16:00 259.0 13388.0 97.67 97.88 97.92 97.78 97.87 300.0 97.89 100.0 13388.0 4565.0 8823.0 0.0 97.8303
13:17:00 152.0 10249.0 97.67 97.83 97.87 97.83 97.82 543.0 97.83 301.0 10249.0 5413.0 4836.0 0.0 97.8589
13:18:00 168.0 11167.0 97.67 97.82 97.85 97.72 97.81 1278.0 97.83 164.0 11167.0 3630.0 7537.0 0.0 97.7885
13:19:00 152.0 9825.0 97.67 97.82 97.86 97.81 97.82 110.0 97.83 700.0 9825.0 4427.0 5398.0 0.0 97.8192
13:20:00 90.0 6371.0 97.67 97.86 97.86 97.81 97.86 512.0 97.87 2.0 6371.0 3780.0 2591.0 0.0 97.8291
13:21:00 429.0 32142.0 97.67 97.82 97.86 97.76 97.81 420.0 97.82 216.0 32142.0 12380.0 19762.0 0.0 97.8091
13:22:00 180.0 10641.0 97.67 97.69 97.81 97.69 97.69 413.0 97.7 1202.0 10641.0 4361.0 6280.0 0.0 97.7363
13:23:00 127.0 8841.0 97.67 97.69 97.71 97.67 97.69 610.0 97.7 100.0 8841.0 4598.0 4243.0 0.0 97.6944
13:24:00 109.0 5405.0 97.67 97.69 97.775 97.69 97.69 304.0 97.71 1400.0 5405.0 2297.0 3108.0 0.0 97.7479
13:25:00 115.0 7248.0 97.67 97.7 97.72 97.69 97.69 801.0 97.7 507.0 7248.0 3865.0 3383.0 0.0 97.7026
13:26:00 125.0 5105.0 97.67 97.72 97.73 97.68 97.72 1010.0 97.73 709.0 5105.0 2559.0 2546.0 0.0 97.7124
13:27:00 143.0 6811.0 97.67 97.77 97.78 97.72 97.77 30.0 97.78 2.0 6811.0 3182.0 3629.0 0.0 97.7459
13:28:00 68.0 3651.0 97.67 97.76 97.82 97.76 97.75 51.0 97.76 400.0 3651.0 1678.0 1973.0 0.0 97.7878
13:29:00 91.0 6035.0 97.67 97.7 97.75 97.69 97.7 996.0 97.71 1496.0 6035.0 3806.0 2229.0 0.0 97.7189
13:30:00 154.0 7767.0 97.67 97.71 97.73 97.65 97.7 334.0 97.72 700.0 7767.0 2654.0 5113.0 0.0 97.6882
13:31:00 175.0 8234.0 97.67 97.62 97.72 97.58 97.61 708.0 97.63 1300.0 8234.0 1752.0 6482.0 0.0 97.6616
13:32:00 109.0 5167.0 97.67 97.59 97.63 97.58 97.59 1036.0 97.61 743.0 5167.0 2853.0 2314.0 0.0 97.6013
13:33:00 170.0 9151.0 97.67 97.58 97.65 97.57 97.57 117.0 97.58 2.0 9151.0 3936.0 5215.0 0.0 97.6067
13:34:00 120.0 7012.0 97.67 97.54 97.57 97.52 97.54 616.0 97.56 1100.0 7012.0 2607.0 4405.0 0.0 97.5449
13:35:00 132.0 10757.0 97.67 97.52 97.61 97.52 97.51 1657.0 97.52 300.0 10757.0 2038.0 8719.0 0.0 97.5595
13:36:00 797.0 48224.0 97.67 97.46 97.52 97.37 97.46 358.0 97.47 201.0 48224.0 15946.0 32278.0 0.0 97.4546
13:37:00 83.0 5268.0 97.67 97.4 97.48 97.39 97.39 403.0 97.41 1800.0 5268.0 1535.0 3733.0 0.0 97.4371
13:38:00 88.0 4865.0 97.67 97.49 97.52 97.41 97.48 300.0 97.49 12.0 4865.0 2650.0 2215.0 0.0 97.4731
13:39:00 186.0 11361.0 97.67 97.42 97.49 97.42 97.42 501.0 97.44 300.0 11361.0 5681.0 5680.0 0.0 97.4525
13:40:00 98.0 7801.0 97.67 97.53 97.54 97.415 97.53 526.0 97.55 2550.0 7801.0 7205.0 596.0 0.0 97.5013
13:41:00 139.0 7905.0 97.67 97.56 97.58 97.49 97.56 672.0 97.57 400.0 7905.0 4784.0 3121.0 0.0 97.5403
13:42:00 189.0 10902.0 97.67 97.46 97.56 97.46 97.45 200.0 97.46 108.0 10902.0 4616.0 6286.0 0.0 97.5114
13:43:00 83.0 5558.0 97.67 97.62 97.62 97.46 97.62 1249.0 97.64 51.0 5558.0 5342.0 216.0 0.0 97.5037
13:44:00 123.0 7285.0 97.67 97.56 97.639 97.56 97.56 543.0 97.58 2100.0 7285.0 2939.0 4346.0 0.0 97.6029
13:45:00 118.0 5366.0 97.67 97.52 97.59 97.5 97.51 200.0 97.53 100.0 5366.0 2467.0 2899.0 0.0 97.553
13:46:00 107.0 7668.0 97.67 97.51 97.56 97.47 97.5 106.0 97.52 1350.0 7668.0 5436.0 2232.0 0.0 97.5136
13:47:00 113.0 8973.0 97.67 97.56 97.56 97.49 97.57 994.0 97.59 2100.0 8973.0 6177.0 2796.0 0.0 97.5116
13:48:00 157.0 10145.0 97.67 97.61 97.7 97.57 97.59 250.0 97.61 12.0 10145.0 3584.0 6561.0 0.0 97.6456
13:49:00 105.0 5578.0 97.67 97.5 97.61 97.5 97.49 201.0 97.51 2500.0 5578.0 1657.0 3921.0 0.0 97.5585
13:50:00 145.0 10191.0 97.67 97.5 97.52 97.49 97.49 401.0 97.5 600.0 10191.0 6613.0 3578.0 0.0 97.5023
13:51:00 93.0 5670.0 97.67 97.52 97.54 97.48 97.52 1111.0 97.55 2401.0 5670.0 3492.0 2178.0 0.0 97.5194
13:52:00 150.0 11747.0 97.67 97.51 97.55 97.46 97.5 334.0 97.52 1951.0 11747.0 6554.0 5193.0 0.0 97.4994
13:53:00 179.0 10293.0 97.67 97.64 97.65 97.5 97.64 37.0 97.66 210.0 10293.0 6008.0 4285.0 0.0 97.5966
13:54:00 120.0 6117.0 97.67 97.67 97.7 97.64 97.65 128.0 97.67 2351.0 6117.0 2830.0 3287.0 0.0 97.6708
13:55:00 77.0 3556.0 97.67 97.6 97.66 97.59 97.59 148.0 97.6 1451.0 3556.0 1326.0 2230.0 0.0 97.6217
13:56:00 285.0 23556.0 97.67 97.48 97.59 97.48 97.47 129.0 97.48 387.0 23556.0 10869.0 12687.0 0.0 97.5297
13:57:00 94.0 5566.0 97.67 97.48 97.51 97.47 97.47 141.0 97.49 211.0 5566.0 3753.0 1813.0 0.0 97.4919
13:58:00 108.0 6270.0 97.67 97.52 97.52 97.43 97.51 1124.0 97.53 69.0 6270.0 3597.0 2673.0 0.0 97.4619
13:59:00 111.0 6453.0 97.67 97.48 97.58 97.46 97.48 100.0 97.49 200.0 6453.0 3230.0 3223.0 0.0 97.5265
14:00:00 238.0 14211.0 97.67 97.41 97.52 97.38 97.4 200.0 97.42 300.0 14211.0 7949.0 6262.0 0.0 97.4379
14:01:00 192.0 9167.0 97.67 97.49 97.51 97.39 97.48 200.0 97.49 4.0 9167.0 6290.0 2877.0 0.0 97.4586
14:02:00 75.0 3955.0 97.67 97.49 97.5 97.47 97.48 371.0 97.49 82.0 3955.0 1714.0 2241.0 0.0 97.4835
14:03:00 249.0 14172.0 97.67 97.5 97.53 97.45 97.49 21.0 97.5 339.0 14172.0 7955.0 6217.0 0.0 97.492
14:04:00 213.0 13312.0 97.67 97.54 97.55 97.47 97.53 1358.0 97.55 845.0 13312.0 8674.0 4638.0 0.0 97.503
14:05:00 185.0 13235.0 97.67 97.53 97.61 97.52 97.52 429.0 97.53 1263.0 13235.0 6691.0 6544.0 0.0 97.565
14:06:00 769.0 47120.0 97.67 97.63 97.79 97.49 97.63 500.0 97.66 600.0 47120.0 34136.0 12984.0 0.0 97.6567
14:07:00 123.0 6794.0 97.67 97.685 97.685 97.61 97.68 139.0 97.7 200.0 6794.0 4046.0 2748.0 0.0 97.6364
14:08:00 107.0 8305.0 97.67 97.63 97.69 97.63 97.62 2458.0 97.64 1310.0 8305.0 4748.0 3557.0 0.0 97.6557
14:09:00 210.0 14064.0 97.67 97.59 97.64 97.59 97.58 258.0 97.59 218.0 14064.0 8388.0 5676.0 0.0 97.6195
14:10:00 64.0 3189.0 97.67 97.655 97.655 97.575 97.65 981.0 97.66 600.0 3189.0 2254.0 935.0 0.0 97.6079
14:11:00 221.0 11630.0 97.67 97.8 97.8 97.655 97.8 110.0 97.81 506.0 11630.0 7265.0 4365.0 0.0 97.7602
14:12:00 179.0 10632.0 97.67 97.72 97.83 97.72 97.71 119.0 97.72 242.0 10632.0 4287.0 6345.0 0.0 97.7889
14:13:00 234.0 12943.0 97.67 97.5 97.73 97.44 97.49 888.0 97.53 2827.0 12943.0 4807.0 8136.0 0.0 97.5129
14:14:00 284.0 12178.0 97.67 97.41 97.52 97.41 97.41 413.0 97.43 1472.0 12178.0 3982.0 8196.0 0.0 97.469
14:15:00 358.0 18911.0 97.67 97.285 97.41 97.26 97.28 682.0 97.29 100.0 18911.0 7547.0 11364.0 0.0 97.3237
14:16:00 319.0 18187.0 97.67 97.21 97.33 97.205 97.2 2684.0 97.22 500.0 18187.0 5481.0 12706.0 0.0 97.2727
14:17:00 562.0 40151.0 97.67 97.15 97.22 97.08 97.15 585.0 97.17 19.0 40151.0 15066.0 25085.0 0.0 97.1277
14:18:00 149.0 9931.0 97.67 97.33 97.33 97.17 97.32 879.0 97.33 2.0 9931.0 7222.0 2709.0 0.0 97.2374
14:19:00 100.0 4779.0 97.67 97.4 97.42 97.32 97.38 368.0 97.4 521.0 4779.0 2048.0 2731.0 0.0 97.3673
14:20:00 158.0 8512.0 97.67 97.4 97.48 97.37 97.39 1168.0 97.41 600.0 8512.0 4225.0 4287.0 0.0 97.4278
14:21:00 170.0 12019.0 97.67 97.36 97.41 97.34 97.35 984.0 97.37 674.0 12019.0 8287.0 3732.0 0.0 97.381
14:22:00 118.0 7468.0 97.67 97.39 97.41 97.35 97.39 221.0 97.4 8901.0 7468.0 4239.0 3229.0 0.0 97.3766
14:23:00 90.0 14223.0 97.67 97.395 97.45 97.39 97.39 115.0 97.41 1086.0 14223.0 10650.0 3573.0 0.0 97.4095
14:24:00 114.0 5559.0 97.67 97.3 97.39 97.27 97.3 3.0 97.32 2164.0 5559.0 3284.0 2275.0 0.0 97.3178
14:25:00 117.0 5233.0 97.67 97.38 97.4 97.29 97.37 1746.0 97.39 114.0 5233.0 2205.0 3028.0 0.0 97.3369
14:26:00 89.0 4737.0 97.67 97.4 97.425 97.35 97.39 514.0 97.4 63.0 4737.0 2018.0 2719.0 0.0 97.3864
14:27:00 200.0 14742.0 97.67 97.41 97.44 97.38 97.4 1600.0 97.42 400.0 14742.0 8245.0 6497.0 0.0 97.419
14:28:00 117.0 6192.0 97.67 97.31 97.42 97.3 97.3 1497.0 97.32 501.0 6192.0 1296.0 4896.0 0.0 97.375
14:29:00 102.0 6514.0 97.67 97.32 97.4 97.32 97.33 316.0 97.34 310.0 6514.0 3986.0 2528.0 0.0 97.3566
14:30:00 101.0 5520.0 97.67 97.4 97.42 97.33 97.38 161.0 97.39 11.0 5520.0 3795.0 1725.0 0.0 97.393
14:31:00 151.0 8417.0 97.67 97.33 97.38 97.31 97.32 300.0 97.33 257.0 8417.0 3859.0 4558.0 0.0 97.336
14:32:00 136.0 7730.0 97.67 97.25 97.32 97.25 97.25 105.0 97.26 351.0 7730.0 2671.0 5059.0 0.0 97.2801
14:33:00 226.0 16960.0 97.67 97.34 97.35 97.22 97.34 200.0 97.36 1636.0 16960.0 11162.0 5798.0 0.0 97.2514
14:34:00 397.0 32987.0 97.67 97.36 97.36 97.21 97.34 1116.0 97.37 474.0 32987.0 21642.0 11345.0 0.0 97.288
14:35:00 94.0 5432.0 97.67 97.31 97.36 97.23 97.3 160.0 97.32 259.0 5432.0 1537.0 3895.0 0.0 97.2842
14:36:00 110.0 5738.0 97.67 97.31 97.345 97.25 97.29 200.0 97.31 26.0 5738.0 2215.0 3523.0 0.0 97.3004
14:37:00 132.0 7422.0 97.67 97.3 97.36 97.28 97.29 1913.0 97.31 51.0 7422.0 3389.0 4033.0 0.0 97.311
14:38:00 266.0 16318.0 97.67 97.17 97.3 97.15 97.15 111.0 97.17 1350.0 16318.0 6485.0 9833.0 0.0 97.1788
14:39:00 155.0 10823.0 97.67 97.21 97.25 97.14 97.2 300.0 97.22 512.0 10823.0 5939.0 4884.0 0.0 97.177
14:40:00 64.0 3519.0 97.67 97.25 97.3 97.21 97.24 683.0 97.26 62.0 3519.0 1929.0 1590.0 0.0 97.256
14:41:00 126.0 7749.0 97.67 97.19 97.28 97.19 97.19 267.0 97.22 1150.0 7749.0 2433.0 5316.0 0.0 97.2321
14:42:00 65.0 4675.0 97.67 97.23 97.24 97.21 97.23 300.0 97.24 200.0 4675.0 2503.0 2172.0 0.0 97.2221
14:43:00 134.0 8325.0 97.67 97.28 97.31 97.24 97.27 119.0 97.28 660.0 8325.0 4000.0 4325.0 0.0 97.2797
14:44:00 155.0 12010.0 97.67 97.23 97.3 97.21 97.22 804.0 97.24 100.0 12010.0 8466.0 3544.0 0.0 97.2759
14:45:00 108.0 7365.0 97.67 97.24 97.27 97.22 97.23 733.0 97.25 200.0 7365.0 4000.0 3365.0 0.0 97.2406
14:46:00 155.0 11050.0 97.67 97.31 97.34 97.24 97.31 3.0 97.32 400.0 11050.0 6156.0 4894.0 0.0 97.2839
14:47:00 97.0 4695.0 97.67 97.29 97.315 97.28 97.28 300.0 97.29 308.0 4695.0 2087.0 2608.0 0.0 97.2939
14:48:00 132.0 7536.0 97.67 97.19 97.28 97.18 97.18 2003.0 97.2 400.0 7536.0 3230.0 4306.0 0.0 97.2111
14:49:00 298.0 21520.0 97.67 97.14 97.19 97.11 97.13 120.0 97.14 404.0 21520.0 13923.0 7597.0 0.0 97.1466
14:50:00 120.0 7219.0 97.67 97.29 97.31 97.14 97.28 171.0 97.3 450.0 7219.0 4555.0 2664.0 0.0 97.2234
14:51:00 145.0 8577.0 97.67 97.35 97.37 97.27 97.34 600.0 97.35 267.0 8577.0 5028.0 3549.0 0.0 97.3115
14:52:00 98.0 6161.0 97.67 97.27 97.34 97.25 97.26 106.0 97.27 396.0 6161.0 2752.0 3409.0 0.0 97.2912
14:53:00 148.0 12671.0 97.67 97.22 97.31 97.22 97.22 151.0 97.24 1511.0 12671.0 8588.0 4083.0 0.0 97.2557
14:54:00 115.0 6055.0 97.67 97.26 97.26 97.15 97.26 677.0 97.28 2270.0 6055.0 3469.0 2586.0 0.0 97.1916
14:55:00 116.0 6520.0 97.67 97.32 97.33 97.26 97.31 864.0 97.32 300.0 6520.0 4100.0 2420.0 0.0 97.2959
14:56:00 94.0 5656.0 97.67 97.42 97.42 97.31 97.41 2959.0 97.43 20.0 5656.0 2951.0 2705.0 0.0 97.3736
14:57:00 100.0 5831.0 97.67 97.28 97.41 97.27 97.27 519.0 97.28 264.0 5831.0 1458.0 4373.0 0.0 97.3451
14:58:00 171.0 14329.0 97.67 97.32 97.33 97.25 97.31 827.0 97.33 265.0 14329.0 9574.0 4755.0 0.0 97.2775
14:59:00 157.0 5976.0 97.67 97.31 97.345 97.28 97.3 624.0 97.31 63.0 5976.0 3130.0 2846.0 0.0 97.3102
15:00:00 170.0 10092.0 97.67 97.35 97.38 97.27 97.34 1000.0 97.35 200.0 10092.0 7350.0 2742.0 0.0 97.3332
15:01:00 208.0 9718.0 97.67 97.51 97.52 97.35 97.51 124.0 97.52 280.0 9718.0 5409.0 4309.0 0.0 97.4406
15:02:00 190.0 9616.0 97.67 97.5 97.54 97.44 97.49 298.0 97.51 1302.0 9616.0 4266.0 5350.0 0.0 97.4995
15:03:00 274.0 16926.0 97.67 97.32 97.5 97.32 97.31 7.0 97.33 1202.0 16926.0 9085.0 7841.0 0.0 97.3949
15:04:00 134.0 6578.0 97.67 97.18 97.31 97.18 97.17 576.0 97.19 300.0 6578.0 2673.0 3905.0 0.0 97.2534
15:05:00 201.0 13055.0 97.67 97.2 97.22 97.14 97.18 359.0 97.2 401.0 13055.0 4472.0 8583.0 0.0 97.1582
15:06:00 95.0 5383.0 97.67 97.15 97.22 97.15 97.14 413.0 97.16 1110.0 5383.0 2867.0 2516.0 0.0 97.1711
15:07:00 103.0 4717.0 97.67 97.125 97.19 97.12 97.12 302.0 97.13 1702.0 4717.0 2014.0 2703.0 0.0 97.1591
15:08:00 847.0 32498.0 97.67 97.01 97.12 96.96 97.01 202.0 97.02 100.0 32498.0 13609.0 18889.0 0.0 97.0317
15:09:00 149.0 8911.0 97.67 96.94 97.01 96.94 96.93 53.0 96.94 99.0 8911.0 4899.0 4012.0 0.0 96.9847
15:10:00 208.0 12511.0 97.67 96.94 96.98 96.91 96.92 2056.0 96.95 1960.0 12511.0 7401.0 5110.0 0.0 96.9538
15:11:00 131.0 9336.0 97.67 97.02 97.03 96.93 97.01 450.0 97.03 109.0 9336.0 7696.0 1640.0 0.0 96.9903
15:12:00 121.0 12504.0 97.67 96.97 97.04 96.96 96.96 1.0 96.98 3057.0 12504.0 10345.0 2159.0 0.0 96.9944
15:13:00 473.0 21724.0 97.67 96.96 96.97 96.87 96.96 326.0 96.97 300.0 21724.0 12545.0 9179.0 0.0 96.9055
15:14:00 301.0 19840.0 97.67 96.99 97.0 96.89 96.98 495.0 97.0 910.0 19840.0 6361.0 13479.0 0.0 96.9386
15:15:00 183.0 8208.0 97.67 96.9 96.99 96.86 96.87 705.0 96.89 301.0 8208.0 2435.0 5773.0 0.0 96.8977
15:16:00 577.0 22312.0 97.67 96.73 96.9 96.73 96.73 306.0 96.75 2359.0 22312.0 8852.0 13460.0 0.0 96.8242
15:17:00 231.0 12587.0 97.67 96.77 96.78 96.69 96.76 862.0 96.78 701.0 12587.0 7466.0 5121.0 0.0 96.7341
15:18:00 165.0 10843.0 97.67 96.8 96.83 96.77 96.79 2.0 96.8 250.0 10843.0 7367.0 3476.0 0.0 96.8019
15:19:00 108.0 5635.0 97.67 96.835 96.835 96.76 96.83 330.0 96.84 1350.0 5635.0 3917.0 1718.0 0.0 96.7912
15:20:00 264.0 16793.0 97.67 96.755 96.84 96.755 96.75 607.0 96.76 488.0 16793.0 10704.0 6089.0 0.0 96.7913
15:21:00 177.0 9093.0 97.67 96.79 96.83 96.745 96.79 300.0 96.8 1.0 9093.0 6918.0 2175.0 0.0 96.7834
15:22:00 243.0 19743.0 97.67 96.71 96.79 96.68 96.7 367.0 96.72 1166.0 19743.0 10923.0 8820.0 0.0 96.7064
15:23:00 323.0 26673.0 97.67 96.63 96.7 96.63 96.62 321.0 96.63 672.0 26673.0 13354.0 13319.0 0.0 96.6578
15:24:00 233.0 13253.0 97.67 96.53 96.63 96.52 96.53 106.0 96.54 2.0 13253.0 3913.0 9340.0 0.0 96.5618
15:25:00 164.0 10393.0 97.67 96.59 96.61 96.54 96.57 1300.0 96.6 2111.0 10393.0 7338.0 3055.0 0.0 96.578
15:26:00 592.0 27479.0 97.67 96.56 96.61 96.5 96.56 47.0 96.57 25.0 27479.0 17660.0 9819.0 0.0 96.5337
15:27:00 322.0 20099.0 97.67 96.44 96.57 96.43 96.44 100.0 96.46 900.0 20099.0 5150.0 14949.0 0.0 96.504
15:28:00 192.0 12887.0 97.67 96.48 96.49 96.43 96.46 1748.0 96.49 2400.0 12887.0 9459.0 3428.0 0.0 96.466
15:29:00 276.0 17860.0 97.67 96.57 96.58 96.42 96.57 402.0 96.58 300.0 17860.0 11098.0 6762.0 0.0 96.493
15:30:00 211.0 12209.0 97.67 96.54 96.64 96.51 96.53 558.0 96.55 150.0 12209.0 7826.0 4383.0 0.0 96.5812
15:31:00 315.0 21770.0 97.67 96.47 96.55 96.4 96.46 1334.0 96.48 104.0 21770.0 12994.0 8776.0 0.0 96.4481
15:32:00 233.0 13370.0 97.67 96.45 96.55 96.45 96.44 528.0 96.45 1204.0 13370.0 5618.0 7752.0 0.0 96.5036
15:33:00 429.0 23311.0 97.67 96.28 96.44 96.25 96.27 428.0 96.28 556.0 23311.0 13132.0 10179.0 0.0 96.3248
15:34:00 340.0 19237.0 97.67 96.34 96.38 96.275 96.32 1234.0 96.34 1199.0 19237.0 11440.0 7797.0 0.0 96.3146
15:35:00 254.0 16668.0 97.67 96.24 96.34 96.235 96.24 7.0 96.25 657.0 16668.0 9617.0 7051.0 0.0 96.2998
15:36:00 263.0 19314.0 97.67 96.23 96.27 96.21 96.23 213.0 96.24 701.0 19314.0 10315.0 8999.0 0.0 96.235
15:37:00 332.0 20721.0 97.67 96.17 96.25 96.17 96.16 149.0 96.17 300.0 20721.0 9446.0 11275.0 0.0 96.2156
15:38:00 428.0 26712.0 97.67 96.07 96.18 96.07 96.07 104.0 96.08 100.0 26712.0 6704.0 20008.0 0.0 96.1181
15:39:00 255.0 16815.0 97.67 96.06 96.145 96.05 96.05 802.0 96.06 1500.0 16815.0 6498.0 10317.0 0.0 96.1162
15:40:00 327.0 22525.0 97.67 96.19 96.195 96.04 96.17 2500.0 96.19 1549.0 22525.0 14366.0 8159.0 0.0 96.1239
15:41:00 406.0 26072.0 97.67 96.14 96.26 96.12 96.13 2157.0 96.15 701.0 26072.0 17188.0 8884.0 0.0 96.1755
15:42:00 258.0 14207.0 97.67 96.22 96.31 96.12 96.21 70.0 96.22 825.0 14207.0 7419.0 6788.0 0.0 96.2258
15:43:00 258.0 15974.0 97.67 96.175 96.3 96.17 96.16 2263.0 96.18 2088.0 15974.0 7325.0 8649.0 0.0 96.2469
15:44:00 307.0 23358.0 97.67 96.18 96.215 96.155 96.17 414.0 96.18 902.0 23358.0 16433.0 6925.0 0.0 96.175
15:45:00 297.0 17689.0 97.67 96.14 96.2 96.14 96.14 28.0 96.14 100.0 17689.0 9484.0 8205.0 0.0 96.1701
15:46:00 1620.0 61557.0 97.67 95.96 96.14 95.93 95.95 199.0 95.96 900.0 61557.0 19933.0 41624.0 0.0 96.0077
15:47:00 446.0 25083.0 97.67 95.9 95.995 95.9 95.9 645.0 95.91 200.0 25083.0 13569.0 11514.0 0.0 95.9407
15:48:00 686.0 40723.0 97.67 95.78 95.94 95.78 95.78 373.0 95.79 1460.0 40723.0 21642.0 19081.0 0.0 95.8716
15:49:00 414.0 27614.0 97.67 95.87 95.87 95.765 95.86 400.0 95.87 516.0 27614.0 19281.0 8333.0 0.0 95.8238
15:50:00 282.0 17293.0 97.67 95.82 95.91 95.81 95.82 202.0 95.83 780.0 17293.0 7104.0 10189.0 0.0 95.8606
15:51:00 803.0 53695.0 97.67 96.07 96.1 95.78 96.05 1723.0 96.07 1093.0 53695.0 28047.0 25648.0 0.0 95.9295
15:52:00 430.0 26192.0 97.67 95.97 96.08 95.97 95.97 4.0 95.97 100.0 26192.0 12943.0 13249.0 0.0 96.0352
15:53:00 450.0 24738.0 97.67 95.835 95.99 95.83 95.83 268.0 95.84 65.0 24738.0 15148.0 9590.0 0.0 95.9087
15:54:00 695.0 40779.0 97.67 95.82 95.84 95.76 95.81 512.0 95.82 910.0 40779.0 24396.0 16383.0 0.0 95.7967
15:55:00 804.0 48649.0 97.67 95.8 95.82 95.75 95.79 184.0 95.8 701.0 48649.0 29776.0 18873.0 0.0 95.7945
15:56:00 1266.0 83859.0 97.67 95.71 95.8 95.625 95.7 1551.0 95.72 414.0 83859.0 37907.0 45952.0 0.0 95.7058
15:57:00 1060.0 74912.0 97.67 95.66 95.7 95.6 95.66 2750.0 95.67 200.0 74912.0 41008.0 33904.0 0.0 95.6616
15:58:00 1133.0 81825.0 97.67 95.73 95.76 95.61 95.72 1848.0 95.73 278.0 81825.0 44366.0 37459.0 0.0 95.6852
15:59:00 1192.0 75586.0 97.67 95.6 95.78 95.6 95.6 101.0 95.61 3501.0 75586.0 38403.0 37183.0 0.0 95.6847
16:00:00 1608.0 175929.0 97.67 95.7 95.82 95.59 95.69 325.0 95.72 72283.0 175929.0 98676.0 77253.0 0.0 95.7149
16:01:00 8.0 26.0 97.67 96.13 96.19 95.72 95.75 640.0 95.75 36.0 26.0 25.0 1.0 0.0 95.8512
16:02:00 2.0 12.0 97.67 96.0 96.0 95.75 95.76 22.0 95.75 36.0 12.0 0.0 12.0 0.0 95.7917
16:03:00 7.0 26.0 97.67 95.75 96.38 95.75 95.75 627.0 95.75 36.0 26.0 0.0 26.0 0.0 95.7585
16:04:00 13.0 644.0 97.67 95.71 96.36 95.71 95.69 1.0 95.75 36.0 644.0 0.0 644.0 0.0 95.7497
16:05:00 7.0 5.0 97.67 95.83 95.83 95.68 95.68 7.0 95.75 36.0 5.0 1.0 4.0 0.0 95.704
16:06:00 11.0 0.0 97.67 95.83 95.83 95.83 95.7 301.0 95.75 36.0 nan 0.0 0.0 0.0 nan
16:07:00 14.0 162.0 97.67 95.83 95.84 95.71 95.7 301.0 95.75 36.0 162.0 4.0 158.0 0.0 95.8278
16:08:00 6.0 32.0 97.67 95.81 95.84 95.81 95.72 10.0 95.75 36.0 32.0 12.0 20.0 0.0 95.8178
16:09:00 6.0 25.0 97.67 95.71 95.82 95.71 95.7 308.0 95.75 36.0 25.0 0.0 25.0 0.0 95.744
16:10:00 17.0 801.0 97.67 95.75 95.76 95.71 95.71 5.0 95.75 36.0 801.0 342.0 459.0 0.0 95.7543
16:11:00 20.0 247.0 97.67 95.75 95.76 95.7 95.7 291.0 95.75 582.0 247.0 212.0 35.0 0.0 95.7467
16:12:00 6.0 17.0 97.67 95.75 95.75 95.71 95.7 304.0 95.75 567.0 17.0 15.0 2.0 0.0 95.7476
16:13:00 3.0 5.0 97.67 95.75 95.75 95.75 95.7 380.0 95.75 562.0 5.0 5.0 0.0 0.0 95.75
16:14:00 14.0 84.0 97.67 95.71 95.76 95.7 95.7 367.0 95.73 200.0 84.0 59.0 25.0 0.0 95.7374
16:15:00 43.0 436.0 97.67 95.65 95.73 95.65 95.67 36.0 95.67 25.0 436.0 5.0 431.0 0.0 95.6961
16:16:00 34.0 301.0 97.67 95.53 95.65 95.53 95.67 36.0 95.53 1.0 301.0 162.0 139.0 0.0 95.5935
16:17:00 33.0 1197.0 97.67 95.5 95.64 95.5 95.67 36.0 95.7 5.0 1197.0 1041.0 156.0 0.0 95.5145
16:18:00 36.0 3170.0 97.67 95.48 95.63 95.46 95.67 36.0 95.48 2510.0 3170.0 2843.0 327.0 0.0 95.4821
16:19:00 11.0 2457.0 97.67 95.62 95.68 95.45 95.67 36.0 95.63 30.0 2457.0 2447.0 10.0 0.0 95.4797
16:20:00 14.0 61.0 97.67 95.63 95.63 95.53 95.67 36.0 95.63 19.0 61.0 10.0 51.0 0.0 95.6216
16:21:00 8.0 15.0 97.67 95.63 95.63 95.6 95.67 36.0 95.63 8.0 15.0 11.0 4.0 0.0 95.622
16:22:00 7.0 18.0 97.67 95.6 95.63 95.52 95.67 36.0 95.63 7.0 18.0 1.0 17.0 0.0 95.6017
16:23:00 11.0 62.0 97.67 95.6 95.72 95.6 95.67 36.0 95.72 10.0 62.0 17.0 45.0 0.0 95.6276
16:24:00 11.0 47.0 97.67 95.72 95.72 95.71 95.71 1.0 95.75 93.0 47.0 45.0 2.0 0.0 95.72
16:25:00 3.0 3.0 97.67 95.69 95.71 95.69 95.68 1.0 95.7 16.0 3.0 0.0 3.0 0.0 95.7
16:26:00 11.0 812.0 97.67 95.75 95.75 95.68 95.67 36.0 95.75 121.0 812.0 125.0 687.0 0.0 95.7005
16:27:00 14.0 258.0 97.67 95.75 95.76 95.67 95.68 1.0 95.75 43.0 258.0 257.0 1.0 0.0 95.7547
16:28:00 13.0 59.0 97.67 95.69 95.75 95.69 95.68 26.0 95.75 86.0 59.0 57.0 2.0 0.0 95.7481
16:29:00 38.0 2461.0 97.67 95.42 95.72 95.42 95.67 36.0 95.45 500.0 2461.0 1500.0 961.0 0.0 95.4977
16:30:00 131.0 2136.0 97.67 95.02 95.5 95.0 95.67 36.0 95.75 86.0 2136.0 1177.0 959.0 0.0 95.1891
16:31:00 18.0 71.0 97.67 95.05 95.72 95.02 95.67 36.0 95.75 484.0 71.0 64.0 7.0 0.0 95.4762
16:32:00 2.0 0.0 97.67 95.46 95.46 95.06 95.67 36.0 95.62 102.0 nan 0.0 0.0 0.0 nan
16:33:00 5.0 14.0 97.67 95.39 95.39 95.2 95.67 36.0 95.4 700.0 14.0 0.0 14.0 0.0 95.2357
16:34:00 15.0 714.0 97.67 95.56 95.56 95.06 95.67 36.0 95.62 102.0 714.0 501.0 213.0 0.0 95.2487
16:35:00 9.0 123.0 97.67 95.25 95.6 95.25 95.67 36.0 95.55 4.0 123.0 1.0 122.0 0.0 95.2591
16:36:00 10.0 532.0 97.67 95.28 95.44 95.28 95.67 36.0 95.55 4.0 532.0 266.0 266.0 0.0 95.4179
16:37:00 13.0 18.0 97.67 95.61 95.61 95.44 95.67 36.0 95.53 5.0 18.0 9.0 9.0 0.0 95.5217
16:38:00 6.0 6.0 97.67 95.48 95.61 95.48 95.67 36.0 95.53 1.0 6.0 5.0 1.0 0.0 95.5217
16:39:00 18.0 59.0 97.67 95.49 95.6 95.27 95.67 36.0 95.58 1745.0 59.0 13.0 46.0 0.0 95.4568
16:40:00 18.0 34.0 97.67 95.26 95.5 95.25 95.67 36.0 95.43 6.0 34.0 3.0 31.0 0.0 95.285
16:41:00 7.0 670.0 97.67 95.34 95.43 95.34 95.67 36.0 95.58 1745.0 670.0 6.0 664.0 0.0 95.341
16:42:00 7.0 9.0 97.67 95.46 95.57 95.34 95.67 36.0 95.48 1745.0 9.0 0.0 9.0 0.0 95.4667
16:43:00 8.0 14.0 97.67 95.2 95.46 95.2 95.67 36.0 95.41 1.0 14.0 2.0 12.0 0.0 95.2371
16:44:00 9.0 147.0 97.67 95.3 95.38 95.25 95.67 36.0 95.41 1.0 147.0 0.0 147.0 0.0 95.3639
16:45:00 10.0 30.0 97.67 95.27 95.45 95.25 95.67 36.0 95.48 1745.0 30.0 15.0 15.0 0.0 95.2653
16:46:00 4.0 0.0 97.67 95.46 95.46 95.27 95.67 36.0 95.4 107.0 nan 0.0 0.0 0.0 nan
16:47:00 4.0 1.0 97.67 95.29 95.43 95.29 95.67 36.0 95.4 107.0 1.0 1.0 0.0 0.0 95.29
16:48:00 13.0 14.0 97.67 95.39 95.42 95.25 95.67 36.0 95.4 117.0 14.0 3.0 11.0 0.0 95.285
16:49:00 15.0 36.0 97.67 95.46 95.46 95.25 95.67 36.0 95.47 100.0 36.0 22.0 14.0 0.0 95.3233
16:50:00 2.0 69.0 97.67 95.38 95.38 95.27 95.67 36.0 95.45 4.0 69.0 0.0 69.0 0.0 95.38
16:51:00 18.0 34.0 97.67 95.47 95.47 95.25 95.67 36.0 95.48 1745.0 34.0 4.0 30.0 0.0 95.2735
16:52:00 36.0 410.0 97.67 95.02 95.47 95.02 95.67 36.0 95.45 5.0 410.0 4.0 406.0 0.0 95.1319
16:53:00 3.0 10.0 97.67 95.36 95.36 95.06 95.67 36.0 95.27 5.0 10.0 0.0 10.0 0.0 95.068
16:54:00 19.0 92.0 97.67 95.47 95.56 95.27 95.67 36.0 95.4 24.0 92.0 92.0 0.0 0.0 95.4647
16:55:00 2.0 11.0 97.67 95.3 95.38 95.3 95.67 36.0 95.38 23.0 11.0 1.0 10.0 0.0 95.3073
16:56:00 35.0 2298.0 97.67 95.61 95.62 95.36 95.67 36.0 95.62 61.0 2298.0 1779.0 519.0 0.0 95.5115
16:57:00 16.0 625.0 97.67 95.61 95.62 95.5 95.67 36.0 95.62 60.0 625.0 31.0 594.0 0.0 95.6023
16:58:00 15.0 458.0 97.67 95.49 95.62 95.49 95.67 36.0 95.5 55.0 458.0 137.0 321.0 0.0 95.5641
16:59:00 1.0 6.0 97.67 95.5 95.5 95.5 95.67 36.0 95.5 49.0 6.0 6.0 0.0 0.0 95.5
17:00:00 15.0 59.0 97.67 95.5 95.57 95.42 95.67 36.0 95.5 15.0 59.0 34.0 25.0 0.0 95.5012
