time trade_count trade_volume trade_first trade_last trade_high trade_low bid_price bid_size ask_price ask_size hid_vol buy_vol sell_vol unsided_vol vwap
09:00:00 nan 0.0 86.81 86.81 86.81 86.81 86.81 7.0 86.89 21.0 nan 0.0 0.0 0.0 nan
09:01:00 6.0 21.0 86.81 86.85 86.85 86.75 86.81 10.0 86.89 21.0 21.0 4.0 17.0 0.0 86.77
09:02:00 8.0 10.0 86.81 86.88 86.88 86.81 86.8 12.0 86.89 21.0 10.0 0.0 10.0 0.0 86.81
09:03:00 7.0 13.0 86.81 86.8 86.88 86.8 86.8 5.0 86.89 21.0 13.0 0.0 13.0 0.0 86.8
09:04:00 4.0 6.0 86.81 86.88 86.88 86.8 86.77 4.0 86.89 21.0 6.0 0.0 6.0 0.0 86.8083
09:05:00 4.0 2.0 86.81 86.8 86.88 86.8 86.77 8.0 86.89 3.0 2.0 0.0 2.0 0.0 86.8
09:06:00 4.0 0.0 86.81 86.88 86.88 86.88 86.77 4.0 86.9 431.0 nan 0.0 0.0 0.0 nan
09:07:00 7.0 9.0 86.81 86.78 86.9 86.78 86.77 4.0 86.9 224.0 9.0 7.0 2.0 0.0 86.8978
09:08:00 10.0 52.0 86.81 86.9 86.9 86.77 86.78 100.0 86.9 136.0 52.0 51.0 1.0 0.0 86.899
09:09:00 4.0 1.0 86.81 86.89 86.89 86.89 86.78 100.0 86.9 213.0 1.0 0.0 1.0 0.0 86.89
09:10:00 3.0 4.0 86.81 86.89 86.89 86.89 86.78 102.0 86.9 213.0 4.0 0.0 4.0 0.0 86.89
09:11:00 9.0 103.0 86.81 86.89 86.89 86.78 86.8 1.0 86.9 343.0 103.0 0.0 103.0 0.0 86.7811
09:12:00 13.0 10.0 86.81 86.89 86.89 86.75 86.77 65.0 86.89 200.0 10.0 0.0 10.0 0.0 86.763
09:13:00 2.0 6.0 86.81 86.89 86.89 86.89 86.77 69.0 86.89 194.0 6.0 6.0 0.0 0.0 86.89
09:14:00 24.0 330.0 86.81 86.9 86.9 86.89 86.8 92.0 86.9 1.0 330.0 330.0 0.0 0.0 86.8941
09:15:00 13.0 1.0 86.81 86.9 86.9 86.87 86.8 117.0 86.92 6.0 1.0 1.0 0.0 0.0 86.9
09:16:00 11.0 3.0 86.81 86.9 86.9 86.9 86.8 114.0 86.92 6.0 3.0 3.0 0.0 0.0 86.9
09:17:00 4.0 0.0 86.81 86.9 86.9 86.9 86.81 65.0 86.92 7.0 nan 0.0 0.0 0.0 nan
09:18:00 6.0 0.0 86.81 86.9 86.9 86.9 86.81 65.0 86.92 7.0 nan 0.0 0.0 0.0 nan
09:19:00 5.0 15.0 86.81 86.9 86.9 86.9 86.81 66.0 86.92 7.0 15.0 15.0 0.0 0.0 86.9
09:20:00 9.0 79.0 86.81 86.82 86.9 86.81 86.81 1.0 86.9 28.0 79.0 12.0 67.0 0.0 86.8238
09:21:00 5.0 16.0 86.81 86.9 86.9 86.85 86.85 2.0 86.9 13.0 16.0 15.0 1.0 0.0 86.8969
09:22:00 12.0 23.0 86.81 86.86 86.86 86.8 86.8 98.0 86.9 13.0 23.0 0.0 23.0 0.0 86.8048
09:23:00 10.0 105.0 86.81 86.8 86.86 86.8 86.8 4.0 86.9 13.0 105.0 0.0 105.0 0.0 86.8
09:24:00 7.0 4.0 86.81 86.89 86.89 86.8 86.85 32.0 86.9 13.0 4.0 0.0 4.0 0.0 86.8
09:25:00 3.0 11.0 86.81 86.89 86.89 86.89 86.86 4.0 86.9 13.0 11.0 0.0 11.0 0.0 86.89
09:26:00 62.0 373.0 86.81 86.9 86.9 86.7 86.7 2927.0 86.9 13.0 373.0 0.0 373.0 0.0 86.7408
09:27:00 0.0 0.0 86.81 86.9 nan nan 86.71 8.0 86.9 13.0 nan 0.0 0.0 0.0 nan
09:28:00 186.0 5514.0 86.81 86.48 86.72 86.45 86.45 40.0 86.9 13.0 5514.0 453.0 5061.0 0.0 86.652
09:29:00 8.0 20.0 86.81 86.48 86.76 86.45 86.47 23.0 86.92 12.0 20.0 20.0 0.0 0.0 86.7
09:30:00 8.0 4.0 86.81 86.8 86.8 86.48 86.79 755.0 86.92 12.0 4.0 0.0 4.0 0.0 86.78
09:31:00 734.0 22728.0 86.81 86.74 86.92 86.29 86.72 186.0 86.77 25.0 22728.0 6445.0 16283.0 0.0 86.502
09:32:00 131.0 4572.0 86.81 86.48 86.69 86.39 86.45 300.0 86.49 45.0 4572.0 1068.0 3504.0 0.0 86.5265
09:33:00 187.0 5410.0 86.81 86.24 86.58 86.24 86.24 114.0 86.27 76.0 5410.0 988.0 4422.0 0.0 86.3964
09:34:00 925.0 26173.0 86.81 85.95 86.29 85.93 85.92 10.0 85.94 50.0 26173.0 3617.0 22556.0 0.0 86.0619
09:35:00 264.0 12385.0 86.81 85.89 85.98 85.81 85.86 50.0 85.89 20.0 12385.0 2699.0 9686.0 0.0 85.9029
09:36:00 119.0 3810.0 86.81 85.87 85.92 85.78 85.84 502.0 85.89 50.0 3810.0 2183.0 1627.0 0.0 85.8273
09:37:00 142.0 4326.0 86.81 85.83 85.86 85.77 85.82 1.0 85.85 7.0 4326.0 2101.0 2225.0 0.0 85.8222
09:38:00 187.0 7245.0 86.81 85.8 85.92 85.75 85.82 241.0 85.85 300.0 7245.0 3323.0 3922.0 0.0 85.7946
09:39:00 267.0 6294.0 86.81 85.68 85.84 85.56 85.65 64.0 85.68 200.0 6294.0 3476.0 2818.0 0.0 85.6522
09:40:00 153.0 6932.0 86.81 85.83 85.89 85.62 85.83 82.0 85.85 440.0 6932.0 3965.0 2967.0 0.0 85.7657
09:41:00 200.0 11034.0 86.81 86.11 86.16 85.8 86.11 198.0 86.14 87.0 11034.0 6282.0 4752.0 0.0 85.979
09:42:00 96.0 8610.0 86.81 86.24 86.26 86.11 86.22 115.0 86.26 50.0 8610.0 3570.0 5040.0 0.0 86.1858
09:43:00 130.0 6766.0 86.81 86.01 86.25 86.01 86.0 193.0 86.03 35.0 6766.0 950.0 5816.0 0.0 86.1414
09:44:00 62.0 2692.0 86.81 86.11 86.15 86.03 86.1 200.0 86.14 50.0 2692.0 952.0 1740.0 0.0 86.096
09:45:00 134.0 5859.0 86.81 86.05 86.11 85.98 86.03 1204.0 86.09 100.0 5859.0 1187.0 4672.0 0.0 86.0393
09:46:00 173.0 9628.0 86.81 86.08 86.13 85.97 86.04 103.0 86.09 50.0 9628.0 2995.0 6633.0 0.0 86.0562
09:47:00 158.0 4760.0 86.81 86.11 86.14 85.94 86.09 411.0 86.11 6.0 4760.0 2792.0 1968.0 0.0 85.9987
09:48:00 79.0 3566.0 86.81 86.18 86.18 86.06 86.14 60.0 86.18 311.0 3566.0 1566.0 2000.0 0.0 86.1114
09:49:00 85.0 2644.0 86.81 86.13 86.2 86.07 86.1 285.0 86.13 100.0 2644.0 1078.0 1566.0 0.0 86.1509
09:50:00 257.0 15687.0 86.81 86.26 86.33 86.07 86.23 150.0 86.27 425.0 15687.0 6695.0 8992.0 0.0 86.23
09:51:00 198.0 8960.0 86.81 86.34 86.34 86.18 86.31 993.0 86.36 150.0 8960.0 5187.0 3773.0 0.0 86.2693
09:52:00 75.0 3769.0 86.81 86.43 86.45 86.34 86.43 727.0 86.46 50.0 3769.0 769.0 3000.0 0.0 86.3917
09:53:00 132.0 10398.0 86.81 86.45 86.6 86.43 86.42 10.0 86.45 1101.0 10398.0 6198.0 4200.0 0.0 86.5041
09:54:00 109.0 3444.0 86.81 86.45 86.46 86.34 86.45 305.0 86.48 251.0 3444.0 2005.0 1439.0 0.0 86.3827
09:55:00 220.0 11412.0 86.81 86.33 86.45 86.32 86.32 113.0 86.34 164.0 11412.0 6385.0 5027.0 0.0 86.3604
09:56:00 124.0 6004.0 86.81 86.45 86.46 86.33 86.43 250.0 86.45 417.0 6004.0 3725.0 2279.0 0.0 86.3861
09:57:00 104.0 4165.0 86.81 86.41 86.46 86.35 86.41 8.0 86.43 14.0 4165.0 1861.0 2304.0 0.0 86.4178
09:58:00 144.0 3762.0 86.81 86.31 86.45 86.28 86.3 220.0 86.32 100.0 3762.0 1886.0 1876.0 0.0 86.3296
09:59:00 148.0 4176.0 86.81 86.27 86.3 86.24 86.27 101.0 86.29 200.0 4176.0 1816.0 2360.0 0.0 86.2699
10:00:00 98.0 4306.0 86.81 86.24 86.3 86.24 86.23 702.0 86.25 350.0 4306.0 2267.0 2039.0 0.0 86.2753
10:01:00 127.0 6312.0 86.81 86.38 86.38 86.24 86.38 287.0 86.4 1.0 6312.0 3820.0 2492.0 0.0 86.316
10:02:00 113.0 4785.0 86.81 86.43 86.5 86.4 86.43 348.0 86.45 350.0 4785.0 3324.0 1461.0 0.0 86.4547
10:03:00 186.0 4527.0 86.81 86.53 86.53 86.385 86.51 88.0 86.53 77.0 4527.0 2766.0 1761.0 0.0 86.4298
10:04:00 122.0 6226.0 86.81 86.6 86.64 86.51 86.58 100.0 86.6 275.0 6226.0 2832.0 3394.0 0.0 86.5801
10:05:00 49.0 1681.0 86.81 86.57 86.6 86.52 86.54 68.0 86.57 154.0 1681.0 599.0 1082.0 0.0 86.5697
10:06:00 81.0 3782.0 86.81 86.6 86.68 86.57 86.59 497.0 86.62 206.0 3782.0 2015.0 1767.0 0.0 86.6064
10:07:00 143.0 5198.0 86.81 86.54 86.61 86.53 86.53 100.0 86.55 40.0 5198.0 2211.0 2987.0 0.0 86.566
10:08:00 88.0 3425.0 86.81 86.49 86.53 86.46 86.47 50.0 86.49 1.0 3425.0 1634.0 1791.0 0.0 86.5015
10:09:00 132.0 6565.0 86.81 86.48 86.54 86.42 86.45 52.0 86.48 250.0 6565.0 3183.0 3382.0 0.0 86.4815
10:10:00 108.0 4116.0 86.81 86.46 86.47 86.41 86.45 2.0 86.47 387.0 4116.0 2643.0 1473.0 0.0 86.4418
10:11:00 98.0 3193.0 86.81 86.31 86.45 86.3 86.29 80.0 86.33 561.0 3193.0 850.0 2343.0 0.0 86.4004
10:12:00 115.0 4118.0 86.81 86.31 86.31 86.26 86.32 42.0 86.34 240.0 4118.0 2825.0 1293.0 0.0 86.2872
10:13:00 61.0 2836.0 86.81 86.39 86.39 86.27 86.38 102.0 86.4 356.0 2836.0 1790.0 1046.0 0.0 86.3116
10:14:00 92.0 3167.0 86.81 86.35 86.42 86.34 86.3 353.0 86.33 50.0 3167.0 1651.0 1516.0 0.0 86.3851
10:15:00 101.0 4022.0 86.81 86.23 86.31 86.23 86.22 56.0 86.25 58.0 4022.0 1782.0 2240.0 0.0 86.2809
10:16:00 94.0 3129.0 86.81 86.15 86.29 86.15 86.14 23.0 86.15 50.0 3129.0 1269.0 1860.0 0.0 86.2256
10:17:00 108.0 3903.0 86.81 86.11 86.14 86.07 86.12 1.0 86.14 178.0 3903.0 2455.0 1448.0 0.0 86.0893
10:18:00 71.0 2708.0 86.81 86.02 86.12 86.02 86.01 50.0 86.04 250.0 2708.0 440.0 2268.0 0.0 86.0866
10:19:00 241.0 7520.0 86.81 85.99 86.04 85.95 85.97 117.0 85.99 50.0 7520.0 3660.0 3860.0 0.0 85.984
10:20:00 70.0 2274.0 86.81 86.06 86.06 85.95 86.07 230.0 86.09 108.0 2274.0 1538.0 736.0 0.0 86.0183
10:21:00 73.0 3589.0 86.81 86.04 86.14 86.01 86.01 252.0 86.04 104.0 3589.0 1320.0 2269.0 0.0 86.0913
10:22:00 92.0 2959.0 86.81 86.1 86.12 86.04 86.07 367.0 86.1 100.0 2959.0 2325.0 634.0 0.0 86.0824
10:23:00 125.0 4061.0 86.81 86.03 86.13 86.03 86.02 141.0 86.04 251.0 4061.0 2115.0 1946.0 0.0 86.0839
10:24:00 128.0 3564.0 86.81 86.045 86.08 86.01 86.03 109.0 86.06 250.0 3564.0 1939.0 1625.0 0.0 86.0406
10:25:00 127.0 3418.0 86.81 86.01 86.08 85.96 85.99 14.0 86.01 199.0 3418.0 1577.0 1841.0 0.0 86.023
10:26:00 72.0 2741.0 86.81 86.05 86.09 86.01 86.05 135.0 86.08 144.0 2741.0 2244.0 497.0 0.0 86.0565
10:27:00 108.0 4575.0 86.81 86.03 86.05 85.99 86.02 124.0 86.03 100.0 4575.0 1699.0 2876.0 0.0 86.0145
10:28:00 154.0 5254.0 86.81 86.0 86.03 85.96 85.98 26.0 86.0 313.0 5254.0 3679.0 1575.0 0.0 86.0161
10:29:00 109.0 3242.0 86.81 85.99 86.01 85.97 85.99 100.0 86.0 50.0 3242.0 2758.0 484.0 0.0 86.0014
10:30:00 139.0 7698.0 86.81 86.0 86.02 85.99 85.99 326.0 86.01 50.0 7698.0 5850.0 1848.0 0.0 86.013
10:31:00 292.0 6180.0 86.81 85.9 85.99 85.88 85.89 1.0 85.9 352.0 6180.0 2554.0 3626.0 0.0 85.9366
10:32:00 185.0 8984.0 86.81 85.97 86.0 85.9 85.97 113.0 85.98 50.0 8984.0 5394.0 3590.0 0.0 85.9543
10:33:00 341.0 22995.0 86.81 86.13 86.14 85.98 86.12 350.0 86.14 1.0 22995.0 19132.0 3863.0 0.0 86.0247
10:34:00 109.0 5492.0 86.81 86.13 86.18 86.08 86.13 100.0 86.14 225.0 5492.0 2714.0 2778.0 0.0 86.129
10:35:00 127.0 7450.0 86.81 86.18 86.22 86.12 86.17 11.0 86.19 1.0 7450.0 4525.0 2925.0 0.0 86.1804
10:36:00 92.0 6284.0 86.81 86.22 86.25 86.19 86.22 13.0 86.23 189.0 6284.0 4966.0 1318.0 0.0 86.2186
10:37:00 74.0 4227.0 86.81 86.18 86.23 86.17 86.16 411.0 86.19 998.0 4227.0 1338.0 2889.0 0.0 86.2084
10:38:00 132.0 6093.0 86.81 86.11 86.17 86.11 86.1 7.0 86.11 117.0 6093.0 4576.0 1517.0 0.0 86.1443
10:39:00 127.0 5017.0 86.81 86.09 86.1 86.02 86.07 50.0 86.09 19.0 5017.0 3328.0 1689.0 0.0 86.0585
10:40:00 82.0 3016.0 86.81 86.06 86.08 86.03 86.06 50.0 86.08 203.0 3016.0 2352.0 664.0 0.0 86.0531
10:41:00 135.0 4721.0 86.81 86.02 86.08 86.02 86.02 800.0 86.04 150.0 4721.0 2773.0 1948.0 0.0 86.0543
10:42:00 149.0 3925.0 86.81 85.99 86.07 85.98 85.99 1.0 86.0 11.0 3925.0 2559.0 1366.0 0.0 86.032
10:43:00 172.0 8310.0 86.81 86.05 86.09 85.99 86.05 256.0 86.07 171.0 8310.0 5217.0 3093.0 0.0 86.0479
10:44:00 118.0 4523.0 86.81 86.12 86.2 86.05 86.1 164.0 86.12 10.0 4523.0 2639.0 1884.0 0.0 86.1164
10:45:00 116.0 4960.0 86.81 86.15 86.15 86.05 86.13 62.0 86.16 10.0 4960.0 3659.0 1301.0 0.0 86.0841
10:46:00 54.0 3271.0 86.81 86.19 86.2 86.11 86.17 2.0 86.19 158.0 3271.0 1211.0 2060.0 0.0 86.1445
10:47:00 78.0 3763.0 86.81 86.16 86.23 86.16 86.15 5.0 86.17 107.0 3763.0 1141.0 2622.0 0.0 86.1884
10:48:00 115.0 4660.0 86.81 86.12 86.18 86.09 86.12 67.0 86.14 290.0 4660.0 1745.0 2915.0 0.0 86.1537
10:49:00 184.0 7763.0 86.81 86.1 86.12 86.04 86.08 650.0 86.11 1.0 7763.0 3724.0 4039.0 0.0 86.0637
10:50:00 136.0 6112.0 86.81 86.09 86.14 86.07 86.08 50.0 86.09 10.0 6112.0 3264.0 2848.0 0.0 86.1038
10:51:00 147.0 7491.0 86.81 86.07 86.1 86.04 86.06 1.0 86.08 1160.0 7491.0 2751.0 4740.0 0.0 86.0669
10:52:00 273.0 12515.0 86.81 86.04 86.06 85.97 86.03 20.0 86.05 52.0 12515.0 5264.0 7251.0 0.0 86.0297
10:53:00 95.0 2342.0 86.81 85.97 86.05 85.96 85.95 1497.0 85.97 100.0 2342.0 999.0 1343.0 0.0 85.9975
10:54:00 81.0 3265.0 86.81 85.91 86.0 85.91 85.9 557.0 85.92 16.0 3265.0 1273.0 1992.0 0.0 85.9672
10:55:00 196.0 8150.0 86.81 85.93 85.94 85.86 85.92 300.0 85.94 650.0 8150.0 6734.0 1416.0 0.0 85.8994
10:56:00 179.0 6820.0 86.81 85.9 85.98 85.85 85.9 745.0 85.92 201.0 6820.0 3930.0 2890.0 0.0 85.9009
10:57:00 119.0 5601.0 86.81 85.88 85.92 85.88 85.87 1.0 85.88 14.0 5601.0 3313.0 2288.0 0.0 85.8941
10:58:00 102.0 4497.0 86.81 85.9 85.93 85.86 85.88 550.0 85.91 150.0 4497.0 2965.0 1532.0 0.0 85.8932
10:59:00 53.0 3637.0 86.81 85.89 85.89 85.84 85.87 205.0 85.89 603.0 3637.0 998.0 2639.0 0.0 85.8612
11:00:00 98.0 3717.0 86.81 85.86 85.89 85.83 85.85 236.0 85.87 789.0 3717.0 1916.0 1801.0 0.0 85.8697
11:01:00 272.0 13887.0 86.81 85.82 85.86 85.77 85.82 150.0 85.84 122.0 13887.0 6308.0 7579.0 0.0 85.8032
11:02:00 663.0 41915.0 86.81 86.07 86.11 85.83 86.07 167.0 86.09 5.0 41915.0 27535.0 14380.0 0.0 86.0205
11:03:00 152.0 7587.0 86.81 86.02 86.08 86.01 86.0 161.0 86.02 350.0 7587.0 4036.0 3551.0 0.0 86.0422
11:04:00 133.0 10092.0 86.81 86.05 86.09 86.01 86.04 66.0 86.06 111.0 10092.0 8721.0 1371.0 0.0 86.0349
11:05:00 176.0 6585.0 86.81 86.05 86.06 85.96 86.04 750.0 86.06 200.0 6585.0 5167.0 1418.0 0.0 86.0072
11:06:00 116.0 6032.0 86.81 86.03 86.09 85.97 86.02 50.0 86.05 50.0 6032.0 4317.0 1715.0 0.0 86.0294
11:07:00 53.0 3011.0 86.81 86.07 86.11 86.04 86.05 214.0 86.07 100.0 3011.0 2562.0 449.0 0.0 86.0651
11:08:00 53.0 1866.0 86.81 86.06 86.08 86.03 86.03 819.0 86.05 723.0 1866.0 554.0 1312.0 0.0 86.0505
11:09:00 210.0 6948.0 86.81 85.88 86.03 85.83 85.87 100.0 85.89 200.0 6948.0 3654.0 3294.0 0.0 85.8981
11:10:00 63.0 4806.0 86.81 85.86 85.87 85.81 85.85 229.0 85.87 734.0 4806.0 1023.0 3783.0 0.0 85.8247
11:11:00 175.0 10650.0 86.81 85.8 85.85 85.77 85.79 205.0 85.82 50.0 10650.0 3554.0 7096.0 0.0 85.7967
11:12:00 78.0 3339.0 86.81 85.86 85.86 85.81 85.85 151.0 85.88 150.0 3339.0 2331.0 1008.0 0.0 85.8366
11:13:00 135.0 7533.0 86.81 85.98 86.02 85.85 85.97 417.0 85.99 750.0 7533.0 5396.0 2137.0 0.0 85.9534
11:14:00 122.0 5696.0 86.81 85.95 86.015 85.93 85.96 62.0 85.99 350.0 5696.0 2348.0 3348.0 0.0 85.9653
11:15:00 47.0 1780.0 86.81 85.95 86.0 85.95 85.95 1450.0 85.98 5.0 1780.0 1353.0 427.0 0.0 85.9756
11:16:00 42.0 2123.0 86.81 85.95 85.99 85.94 85.94 282.0 85.95 150.0 2123.0 1361.0 762.0 0.0 85.9733
11:17:00 122.0 5160.0 86.81 85.855 85.94 85.85 85.85 215.0 85.86 225.0 5160.0 3244.0 1916.0 0.0 85.8721
11:18:00 96.0 4748.0 86.81 85.87 85.91 85.86 85.86 450.0 85.88 101.0 4748.0 2387.0 2361.0 0.0 85.8835
11:19:00 83.0 3536.0 86.81 85.9 85.9 85.86 85.89 123.0 85.91 276.0 3536.0 2122.0 1414.0 0.0 85.8818
11:20:00 70.0 2317.0 86.81 85.99 85.99 85.87 85.98 962.0 86.0 5.0 2317.0 1837.0 480.0 0.0 85.9146
11:21:00 80.0 2825.0 86.81 85.94 86.0 85.94 85.93 316.0 85.96 960.0 2825.0 1216.0 1609.0 0.0 85.9829
11:22:00 82.0 4357.0 86.81 85.98 86.02 85.96 85.97 5.0 85.98 58.0 4357.0 3053.0 1304.0 0.0 85.9898
11:23:00 101.0 4761.0 86.81 86.05 86.05 85.95 86.04 151.0 86.07 583.0 4761.0 3664.0 1097.0 0.0 85.9994
11:24:00 85.0 15358.0 86.81 86.155 86.16 86.06 86.15 150.0 86.16 201.0 15358.0 13190.0 2168.0 0.0 86.106
11:25:00 62.0 4366.0 86.81 86.18 86.2 86.15 86.17 651.0 86.19 1.0 4366.0 3118.0 1248.0 0.0 86.1743
11:26:00 142.0 6243.0 86.81 86.32 86.33 86.19 86.3 450.0 86.33 1008.0 6243.0 4388.0 1855.0 0.0 86.2514
11:27:00 101.0 4808.0 86.81 86.39 86.42 86.29 86.39 850.0 86.41 436.0 4808.0 1236.0 3572.0 0.0 86.3464
11:28:00 181.0 10775.0 86.81 86.37 86.47 86.36 86.36 1461.0 86.39 200.0 10775.0 4612.0 6163.0 0.0 86.4128
11:29:00 111.0 5447.0 86.81 86.34 86.37 86.335 86.34 14.0 86.35 313.0 5447.0 1727.0 3720.0 0.0 86.3612
11:30:00 67.0 3166.0 86.81 86.36 86.36 86.325 86.34 1450.0 86.36 200.0 3166.0 2013.0 1153.0 0.0 86.338
11:31:00 113.0 5083.0 86.81 86.39 86.46 86.36 86.38 850.0 86.4 249.0 5083.0 2567.0 2516.0 0.0 86.4055
11:32:00 50.0 2422.0 86.81 86.36 86.4 86.35 86.35 306.0 86.36 231.0 2422.0 1555.0 867.0 0.0 86.3649
11:33:00 88.0 5216.0 86.81 86.34 86.38 86.34 86.33 174.0 86.35 1302.0 5216.0 2960.0 2256.0 0.0 86.3664
11:34:00 103.0 6489.0 86.81 86.39 86.39 86.3 86.38 100.0 86.4 712.0 6489.0 4280.0 2209.0 0.0 86.337
11:35:00 79.0 3617.0 86.81 86.39 86.4 86.36 86.38 300.0 86.4 1002.0 3617.0 2234.0 1383.0 0.0 86.3857
11:36:00 78.0 3865.0 86.81 86.5 86.515 86.4 86.5 1095.0 86.52 687.0 3865.0 3503.0 362.0 0.0 86.45
11:37:00 125.0 7371.0 86.81 86.5 86.55 86.48 86.48 202.0 86.5 52.0 7371.0 2983.0 4388.0 0.0 86.517
11:38:00 155.0 8754.0 86.81 86.48 86.62 86.48 86.47 356.0 86.5 440.0 8754.0 4045.0 4709.0 0.0 86.5492
11:39:00 99.0 4728.0 86.81 86.455 86.5 86.45 86.45 7.0 86.47 652.0 4728.0 2415.0 2313.0 0.0 86.4691
11:40:00 60.0 3606.0 86.81 86.46 86.46 86.4 86.44 160.0 86.47 1750.0 3606.0 2367.0 1239.0 0.0 86.4315
11:41:00 65.0 4874.0 86.81 86.52 86.52 86.47 86.51 1071.0 86.53 852.0 4874.0 3531.0 1343.0 0.0 86.4958
11:42:00 146.0 11543.0 86.81 86.52 86.58 86.5 86.52 401.0 86.53 401.0 11543.0 5384.0 6159.0 0.0 86.5396
11:43:00 130.0 7383.0 86.81 86.64 86.65 86.52 86.63 50.0 86.65 703.0 7383.0 4539.0 2844.0 0.0 86.5775
11:44:00 64.0 4081.0 86.81 86.59 86.63 86.58 86.58 182.0 86.6 399.0 4081.0 916.0 3165.0 0.0 86.6129
11:45:00 86.0 6897.0 86.81 86.56 86.58 86.52 86.55 319.0 86.57 389.0 6897.0 3510.0 3387.0 0.0 86.5536
11:46:00 118.0 6844.0 86.81 86.58 86.58 86.47 86.56 224.0 86.58 453.0 6844.0 4153.0 2691.0 0.0 86.5417
11:47:00 93.0 5647.0 86.81 86.55 86.58 86.54 86.54 200.0 86.55 100.0 5647.0 4417.0 1230.0 0.0 86.5509
11:48:00 83.0 4179.0 86.81 86.63 86.63 86.55 86.62 150.0 86.64 25.0 4179.0 3239.0 940.0 0.0 86.5952
11:49:00 111.0 6233.0 86.81 86.63 86.65 86.6 86.63 84.0 86.65 454.0 6233.0 4308.0 1925.0 0.0 86.629
11:50:00 135.0 8410.0 86.81 86.54 86.65 86.52 86.53 154.0 86.54 700.0 8410.0 5157.0 3253.0 0.0 86.5957
11:51:00 149.0 11189.0 86.81 86.45 86.54 86.45 86.45 239.0 86.47 1166.0 11189.0 6087.0 5102.0 0.0 86.5096
11:52:00 58.0 3220.0 86.81 86.49 86.51 86.47 86.49 1.0 86.5 201.0 3220.0 2613.0 607.0 0.0 86.4841
11:53:00 107.0 6939.0 86.81 86.47 86.5 86.46 86.46 66.0 86.47 100.0 6939.0 3348.0 3591.0 0.0 86.482
11:54:00 98.0 6542.0 86.81 86.48 86.51 86.46 86.47 400.0 86.49 116.0 6542.0 3288.0 3254.0 0.0 86.4763
11:55:00 43.0 1419.0 86.81 86.49 86.51 86.48 86.48 319.0 86.49 902.0 1419.0 542.0 877.0 0.0 86.4933
11:56:00 164.0 9016.0 86.81 86.62 86.62 86.45 86.61 303.0 86.63 1251.0 9016.0 6122.0 2894.0 0.0 86.5412
11:57:00 36.0 2379.0 86.81 86.61 86.62 86.59 86.6 665.0 86.62 451.0 2379.0 1634.0 745.0 0.0 86.6058
11:58:00 115.0 4871.0 86.81 86.6 86.62 86.59 86.6 100.0 86.61 600.0 4871.0 2478.0 2393.0 0.0 86.6054
11:59:00 102.0 4967.0 86.81 86.64 86.645 86.59 86.64 500.0 86.65 200.0 4967.0 3434.0 1533.0 0.0 86.6205
12:00:00 104.0 4403.0 86.81 86.6 86.66 86.59 86.6 301.0 86.61 701.0 4403.0 2914.0 1489.0 0.0 86.6118
12:01:00 119.0 5748.0 86.81 86.61 86.62 86.59 86.61 251.0 86.62 100.0 5748.0 3762.0 1986.0 0.0 86.6058
12:02:00 63.0 4337.0 86.81 86.65 86.67 86.62 86.65 50.0 86.66 555.0 4337.0 3714.0 623.0 0.0 86.6447
12:03:00 75.0 4373.0 86.81 86.6 86.65 86.59 86.6 8.0 86.61 203.0 4373.0 1734.0 2639.0 0.0 86.6151
12:04:00 98.0 6353.0 86.81 86.56 86.61 86.54 86.54 102.0 86.56 2058.0 6353.0 3396.0 2957.0 0.0 86.5836
12:05:00 144.0 7921.0 86.81 86.44 86.54 86.44 86.44 400.0 86.45 682.0 7921.0 2763.0 5158.0 0.0 86.4754
12:06:00 170.0 13052.0 86.81 86.49 86.51 86.41 86.49 150.0 86.51 50.0 13052.0 5883.0 7169.0 0.0 86.4504
12:07:00 35.0 2357.0 86.81 86.48 86.5 86.46 86.48 420.0 86.49 539.0 2357.0 1644.0 713.0 0.0 86.4832
12:08:00 69.0 4254.0 86.81 86.48 86.55 86.48 86.47 152.0 86.49 301.0 4254.0 2593.0 1661.0 0.0 86.5095
12:09:00 93.0 5365.0 86.81 86.48 86.49 86.44 86.47 259.0 86.49 851.0 5365.0 3782.0 1583.0 0.0 86.4667
12:10:00 69.0 4026.0 86.81 86.5 86.53 86.48 86.49 150.0 86.52 1901.0 4026.0 2613.0 1413.0 0.0 86.5115
12:11:00 70.0 4697.0 86.81 86.52 86.53 86.5 86.51 952.0 86.53 200.0 4697.0 4086.0 611.0 0.0 86.5087
12:12:00 53.0 1876.0 86.81 86.47 86.54 86.47 86.45 2200.0 86.47 500.0 1876.0 878.0 998.0 0.0 86.5035
12:13:00 64.0 4252.0 86.81 86.44 86.48 86.44 86.42 554.0 86.45 1695.0 4252.0 2613.0 1639.0 0.0 86.4588
12:14:00 84.0 4403.0 86.81 86.45 86.45 86.43 86.45 110.0 86.46 1232.0 4403.0 3329.0 1074.0 0.0 86.4418
12:15:00 103.0 6223.0 86.81 86.46 86.5 86.46 86.46 3.0 86.47 401.0 6223.0 3936.0 2287.0 0.0 86.4836
12:16:00 100.0 4994.0 86.81 86.5 86.5 86.46 86.5 101.0 86.51 325.0 4994.0 3754.0 1240.0 0.0 86.4825
12:17:00 74.0 3790.0 86.81 86.45 86.53 86.45 86.45 125.0 86.47 804.0 3790.0 2146.0 1644.0 0.0 86.4892
12:18:00 152.0 5303.0 86.81 86.405 86.47 86.39 86.4 121.0 86.41 402.0 5303.0 2821.0 2482.0 0.0 86.4118
12:19:00 48.0 3617.0 86.81 86.41 86.41 86.39 86.4 118.0 86.41 600.0 3617.0 2753.0 864.0 0.0 86.4031
12:20:00 114.0 6792.0 86.81 86.41 86.43 86.36 86.4 200.0 86.42 500.0 6792.0 3231.0 3561.0 0.0 86.3897
12:21:00 44.0 3256.0 86.81 86.4 86.41 86.38 86.4 532.0 86.41 1.0 3256.0 1703.0 1553.0 0.0 86.3959
12:22:00 47.0 2747.0 86.81 86.45 86.45 86.41 86.44 212.0 86.45 189.0 2747.0 1808.0 939.0 0.0 86.4357
12:23:00 59.0 2678.0 86.81 86.44 86.47 86.44 86.43 204.0 86.45 1065.0 2678.0 2094.0 584.0 0.0 86.4503
12:24:00 55.0 3883.0 86.81 86.39 86.45 86.39 86.39 1.0 86.4 356.0 3883.0 2956.0 927.0 0.0 86.4386
12:25:00 65.0 3514.0 86.81 86.38 86.41 86.38 86.36 51.0 86.37 1.0 3514.0 2108.0 1406.0 0.0 86.3924
12:26:00 131.0 5205.0 86.81 86.4 86.4 86.32 86.4 209.0 86.41 1.0 5205.0 2890.0 2315.0 0.0 86.3587
12:27:00 41.0 2569.0 86.81 86.38 86.43 86.37 86.36 1201.0 86.39 1451.0 2569.0 1481.0 1088.0 0.0 86.4012
12:28:00 76.0 4675.0 86.81 86.36 86.38 86.3 86.35 103.0 86.37 1005.0 4675.0 2514.0 2161.0 0.0 86.335
12:29:00 74.0 5108.0 86.81 86.29 86.35 86.28 86.28 750.0 86.3 334.0 5108.0 3110.0 1998.0 0.0 86.2967
12:30:00 71.0 3756.0 86.81 86.32 86.33 86.26 86.31 858.0 86.33 401.0 3756.0 2628.0 1128.0 0.0 86.2929
12:31:00 40.0 2676.0 86.81 86.37 86.37 86.29 86.36 350.0 86.38 550.0 2676.0 2022.0 654.0 0.0 86.3447
12:32:00 99.0 4499.0 86.81 86.3 86.36 86.3 86.29 158.0 86.31 660.0 4499.0 2044.0 2455.0 0.0 86.3383
12:33:00 95.0 6503.0 86.81 86.29 86.35 86.29 86.28 35.0 86.3 1566.0 6503.0 4179.0 2324.0 0.0 86.3237
12:34:00 61.0 3962.0 86.81 86.26 86.31 86.26 86.25 1101.0 86.27 303.0 3962.0 2338.0 1624.0 0.0 86.2933
12:35:00 169.0 7735.0 86.81 86.22 86.27 86.2 86.2 1277.0 86.22 443.0 7735.0 4328.0 3407.0 0.0 86.2266
12:36:00 110.0 4723.0 86.81 86.21 86.23 86.19 86.2 1634.0 86.21 301.0 4723.0 3309.0 1414.0 0.0 86.2036
12:37:00 81.0 4136.0 86.81 86.22 86.22 86.18 86.2 101.0 86.23 200.0 4136.0 2727.0 1409.0 0.0 86.2023
12:38:00 90.0 4264.0 86.81 86.3 86.32 86.23 86.29 1.0 86.3 200.0 4264.0 2379.0 1885.0 0.0 86.2723
12:39:00 78.0 3799.0 86.81 86.3 86.36 86.27 86.3 240.0 86.32 450.0 3799.0 1585.0 2214.0 0.0 86.309
12:40:00 50.0 2832.0 86.81 86.33 86.37 86.315 86.32 465.0 86.34 250.0 2832.0 2357.0 475.0 0.0 86.3307
12:41:00 73.0 4332.0 86.81 86.29 86.33 86.28 86.28 251.0 86.3 398.0 4332.0 2712.0 1620.0 0.0 86.3039
12:42:00 69.0 3708.0 86.81 86.27 86.3 86.26 86.26 233.0 86.27 180.0 3708.0 3065.0 643.0 0.0 86.2844
12:43:00 49.0 2107.0 86.81 86.29 86.29 86.25 86.28 10.0 86.29 1134.0 2107.0 1545.0 562.0 0.0 86.262
12:44:00 53.0 3450.0 86.81 86.33 86.34 86.29 86.32 330.0 86.33 302.0 3450.0 2579.0 871.0 0.0 86.3109
12:45:00 59.0 3096.0 86.81 86.32 86.33 86.28 86.3 1060.0 86.32 200.0 3096.0 1708.0 1388.0 0.0 86.3016
12:46:00 84.0 6141.0 86.81 86.31 86.32 86.27 86.28 1300.0 86.31 1508.0 6141.0 4234.0 1907.0 0.0 86.2917
12:47:00 61.0 5372.0 86.81 86.32 86.32 86.27 86.3 1552.0 86.32 206.0 5372.0 3479.0 1893.0 0.0 86.2952
12:48:00 40.0 2146.0 86.81 86.34 86.34 86.3 86.33 791.0 86.35 638.0 2146.0 1036.0 1110.0 0.0 86.3141
12:49:00 51.0 5096.0 86.81 86.33 86.34 86.31 86.32 887.0 86.34 300.0 5096.0 2869.0 2227.0 0.0 86.3301
12:50:00 36.0 2408.0 86.81 86.34 86.34 86.31 86.33 221.0 86.34 505.0 2408.0 1908.0 500.0 0.0 86.3341
12:51:00 72.0 5316.0 86.81 86.35 86.37 86.33 86.33 1305.0 86.35 238.0 5316.0 3674.0 1642.0 0.0 86.3469
12:52:00 56.0 3147.0 86.81 86.32 86.36 86.32 86.31 1055.0 86.34 1602.0 3147.0 1939.0 1208.0 0.0 86.349
12:53:00 104.0 5930.0 86.81 86.31 86.33 86.3 86.3 926.0 86.31 201.0 5930.0 4418.0 1512.0 0.0 86.3107
12:54:00 113.0 5646.0 86.81 86.33 86.36 86.3 86.33 200.0 86.34 601.0 5646.0 3708.0 1938.0 0.0 86.327
12:55:00 57.0 3072.0 86.81 86.33 86.34 86.32 86.32 2.0 86.33 913.0 3072.0 1777.0 1295.0 0.0 86.3278
12:56:00 115.0 6755.0 86.81 86.31 86.34 86.28 86.31 305.0 86.33 325.0 6755.0 4349.0 2406.0 0.0 86.312
12:57:00 35.0 1407.0 86.81 86.35 86.35 86.32 86.34 444.0 86.35 110.0 1407.0 1106.0 301.0 0.0 86.3424
12:58:00 45.0 1660.0 86.81 86.34 86.35 86.33 86.33 400.0 86.34 705.0 1660.0 903.0 757.0 0.0 86.3452
12:59:00 48.0 2634.0 86.81 86.3 86.33 86.3 86.31 5.0 86.33 1792.0 2634.0 1607.0 1027.0 0.0 86.3183
13:00:00 54.0 2753.0 86.81 86.31 86.33 86.3 86.31 145.0 86.33 1001.0 2753.0 1554.0 1199.0 0.0 86.3177
13:01:00 130.0 8072.0 86.81 86.42 86.46 86.31 86.42 201.0 86.44 502.0 8072.0 4941.0 3131.0 0.0 86.3905
13:02:00 124.0 6312.0 86.81 86.39 86.43 86.38 86.4 164.0 86.42 634.0 6312.0 4102.0 2210.0 0.0 86.4133
13:03:00 72.0 3043.0 86.81 86.41 86.45 86.41 86.4 157.0 86.42 900.0 3043.0 1635.0 1408.0 0.0 86.4296
13:04:00 147.0 8354.0 86.81 86.35 86.44 86.35 86.35 300.0 86.37 1950.0 8354.0 4197.0 4157.0 0.0 86.3831
13:05:00 97.0 4612.0 86.81 86.27 86.35 86.27 86.27 100.0 86.28 785.0 4612.0 1457.0 3155.0 0.0 86.3161
13:06:00 191.0 9323.0 86.81 86.25 86.28 86.23 86.24 116.0 86.25 601.0 9323.0 3580.0 5743.0 0.0 86.2592
13:07:00 95.0 5372.0 86.81 86.27 86.29 86.25 86.26 1005.0 86.29 1500.0 5372.0 3178.0 2194.0 0.0 86.2665
13:08:00 88.0 3259.0 86.81 86.2 86.26 86.2 86.19 226.0 86.2 80.0 3259.0 961.0 2298.0 0.0 86.2299
13:09:00 96.0 4561.0 86.81 86.18 86.22 86.16 86.18 150.0 86.19 300.0 4561.0 3946.0 615.0 0.0 86.1969
13:10:00 87.0 3609.0 86.81 86.18 86.22 86.17 86.17 200.0 86.19 2050.0 3609.0 2677.0 932.0 0.0 86.1899
13:11:00 44.0 1010.0 86.81 86.18 86.21 86.18 86.17 1179.0 86.19 720.0 1010.0 779.0 231.0 0.0 86.1949
13:12:00 102.0 6011.0 86.81 86.23 86.23 86.18 86.23 400.0 86.24 10.0 6011.0 5326.0 685.0 0.0 86.2105
13:13:00 96.0 6212.0 86.81 86.27 86.27 86.22 86.27 200.0 86.28 601.0 6212.0 4336.0 1876.0 0.0 86.2418
13:14:00 52.0 3059.0 86.81 86.28 86.28 86.26 86.27 418.0 86.29 2263.0 3059.0 1910.0 1149.0 0.0 86.2707
13:15:00 49.0 2695.0 86.81 86.26 86.28 86.26 86.26 10.0 86.27 1117.0 2695.0 1904.0 791.0 0.0 86.2679
13:16:00 65.0 4550.0 86.81 86.32 86.32 86.24 86.31 622.0 86.33 254.0 4550.0 2970.0 1580.0 0.0 86.2851
13:17:00 52.0 3806.0 86.81 86.32 86.32 86.3 86.31 700.0 86.33 302.0 3806.0 2616.0 1190.0 0.0 86.3134
13:18:00 36.0 1832.0 86.81 86.33 86.34 86.33 86.32 318.0 86.33 23.0 1832.0 1143.0 689.0 0.0 86.3346
13:19:00 25.0 935.0 86.81 86.3 86.33 86.295 86.29 922.0 86.31 1722.0 935.0 107.0 828.0 0.0 86.3113
13:20:00 60.0 4742.0 86.81 86.31 86.31 86.26 86.3 318.0 86.31 289.0 4742.0 3483.0 1259.0 0.0 86.292
13:21:00 52.0 3270.0 86.81 86.36 86.36 86.3 86.35 506.0 86.36 2.0 3270.0 2466.0 804.0 0.0 86.3157
13:22:00 57.0 3112.0 86.81 86.37 86.37 86.33 86.36 310.0 86.37 675.0 3112.0 1945.0 1167.0 0.0 86.3481
13:23:00 23.0 1798.0 86.81 86.36 86.37 86.35 86.36 194.0 86.37 902.0 1798.0 1279.0 519.0 0.0 86.3549
13:24:00 95.0 4650.0 86.81 86.31 86.365 86.29 86.3 500.0 86.31 13.0 4650.0 2876.0 1774.0 0.0 86.3235
13:25:00 51.0 3059.0 86.81 86.31 86.34 86.31 86.3 352.0 86.32 1700.0 3059.0 955.0 2104.0 0.0 86.3186
13:26:00 97.0 5575.0 86.81 86.38 86.38 86.29 86.37 502.0 86.39 102.0 5575.0 3906.0 1669.0 0.0 86.3244
13:27:00 66.0 4359.0 86.81 86.39 86.42 86.38 86.38 255.0 86.4 200.0 4359.0 2632.0 1727.0 0.0 86.3997
13:28:00 61.0 3899.0 86.81 86.33 86.39 86.33 86.32 207.0 86.33 103.0 3899.0 2004.0 1895.0 0.0 86.3608
13:29:00 58.0 3352.0 86.81 86.31 86.34 86.3 86.3 353.0 86.32 1731.0 3352.0 2358.0 994.0 0.0 86.3224
13:30:00 68.0 4913.0 86.81 86.3 86.33 86.29 86.3 202.0 86.31 42.0 4913.0 2341.0 2572.0 0.0 86.3135
13:31:00 54.0 3763.0 86.81 86.31 86.31 86.28 86.29 1855.0 86.31 100.0 3763.0 2056.0 1707.0 0.0 86.2989
13:32:00 41.0 2771.0 86.81 86.32 86.32 86.3 86.31 456.0 86.32 204.0 2771.0 1706.0 1065.0 0.0 86.3125
13:33:00 83.0 5420.0 86.81 86.31 86.32 86.31 86.31 200.0 86.32 1096.0 5420.0 4434.0 986.0 0.0 86.313
13:34:00 124.0 10281.0 86.81 86.25 86.32 86.25 86.24 400.0 86.26 1602.0 10281.0 6099.0 4182.0 0.0 86.2798
13:35:00 123.0 5362.0 86.81 86.31 86.31 86.24 86.31 400.0 86.32 1.0 5362.0 3407.0 1955.0 0.0 86.266
13:36:00 73.0 4254.0 86.81 86.32 86.32 86.29 86.31 562.0 86.32 657.0 4254.0 2699.0 1555.0 0.0 86.2937
13:37:00 106.0 5014.0 86.81 86.36 86.38 86.32 86.35 100.0 86.36 929.0 5014.0 2710.0 2304.0 0.0 86.3487
13:38:00 60.0 4297.0 86.81 86.35 86.37 86.35 86.34 435.0 86.35 1504.0 4297.0 2769.0 1528.0 0.0 86.3629
13:39:00 62.0 3629.0 86.81 86.32 86.36 86.32 86.31 135.0 86.32 170.0 3629.0 2170.0 1459.0 0.0 86.3386
13:40:00 217.0 9530.0 86.81 86.32 86.35 86.28 86.31 19.0 86.32 602.0 9530.0 5452.0 4078.0 0.0 86.3126
13:41:00 136.0 8937.0 86.81 86.38 86.38 86.3 86.38 145.0 86.39 15.0 8937.0 5820.0 3117.0 0.0 86.3596
13:42:00 61.0 2721.0 86.81 86.33 86.38 86.33 86.32 225.0 86.33 2402.0 2721.0 1515.0 1206.0 0.0 86.3462
13:43:00 100.0 6643.0 86.81 86.36 86.37 86.32 86.36 213.0 86.37 747.0 6643.0 4918.0 1725.0 0.0 86.3411
13:44:00 59.0 3566.0 86.81 86.35 86.39 86.35 86.34 42.0 86.35 838.0 3566.0 1693.0 1873.0 0.0 86.3639
13:45:00 116.0 7389.0 86.81 86.32 86.37 86.32 86.31 2221.0 86.33 100.0 7389.0 5690.0 1699.0 0.0 86.3448
13:46:00 83.0 5514.0 86.81 86.38 86.38 86.32 86.37 205.0 86.39 1302.0 5514.0 3544.0 1970.0 0.0 86.3575
13:47:00 42.0 1873.0 86.81 86.37 86.39 86.37 86.36 300.0 86.37 961.0 1873.0 812.0 1061.0 0.0 86.3811
13:48:00 54.0 3445.0 86.81 86.4 86.4 86.34 86.39 640.0 86.4 203.0 3445.0 2782.0 663.0 0.0 86.3624
13:49:00 48.0 2316.0 86.81 86.4 86.41 86.4 86.39 343.0 86.4 2781.0 2316.0 546.0 1770.0 0.0 86.4008
13:50:00 135.0 13905.0 86.81 86.45 86.455 86.4 86.44 43.0 86.45 2257.0 13905.0 11652.0 2253.0 0.0 86.4232
13:51:00 131.0 7080.0 86.81 86.47 86.48 86.43 86.46 200.0 86.47 319.0 7080.0 4664.0 2416.0 0.0 86.4543
13:52:00 78.0 4311.0 86.81 86.51 86.52 86.46 86.51 522.0 86.52 1010.0 4311.0 2775.0 1536.0 0.0 86.5032
13:53:00 82.0 4239.0 86.81 86.54 86.54 86.5 86.53 317.0 86.54 409.0 4239.0 3274.0 965.0 0.0 86.5163
13:54:00 52.0 4108.0 86.81 86.52 86.53 86.51 86.51 100.0 86.52 1200.0 4108.0 2550.0 1558.0 0.0 86.5134
13:55:00 106.0 6797.0 86.81 86.47 86.51 86.45 86.46 200.0 86.47 301.0 6797.0 3896.0 2901.0 0.0 86.467
13:56:00 32.0 2151.0 86.81 86.46 86.48 86.46 86.45 1004.0 86.47 906.0 2151.0 1340.0 811.0 0.0 86.4656
13:57:00 66.0 4609.0 86.81 86.45 86.48 86.45 86.45 671.0 86.46 1398.0 4609.0 2107.0 2502.0 0.0 86.4609
13:58:00 57.0 4237.0 86.81 86.51 86.51 86.46 86.5 607.0 86.51 266.0 4237.0 4129.0 108.0 0.0 86.4784
13:59:00 53.0 3051.0 86.81 86.51 86.52 86.5 86.51 301.0 86.52 1.0 3051.0 1694.0 1357.0 0.0 86.5061
14:00:00 78.0 7331.0 86.81 86.49 86.51 86.45 86.47 401.0 86.49 1804.0 7331.0 1821.0 5510.0 0.0 86.4659
14:01:00 76.0 4448.0 86.81 86.51 86.51 86.48 86.5 101.0 86.51 61.0 4448.0 2570.0 1878.0 0.0 86.4896
14:02:00 62.0 4097.0 86.81 86.51 86.515 86.49 86.51 403.0 86.52 923.0 4097.0 2862.0 1235.0 0.0 86.5049
14:03:00 98.0 5394.0 86.81 86.6 86.6 86.52 86.58 608.0 86.6 1316.0 5394.0 4152.0 1242.0 0.0 86.5583
14:04:00 107.0 8534.0 86.81 86.6 86.61 86.59 86.6 13.0 86.61 300.0 8534.0 3813.0 4721.0 0.0 86.5953
14:05:00 64.0 2663.0 86.81 86.63 86.64 86.59 86.62 106.0 86.63 943.0 2663.0 1394.0 1269.0 0.0 86.6192
14:06:00 114.0 6921.0 86.81 86.59 86.62 86.57 86.58 223.0 86.59 734.0 6921.0 3964.0 2957.0 0.0 86.591
14:07:00 56.0 3071.0 86.81 86.55 86.58 86.53 86.55 305.0 86.56 631.0 3071.0 2037.0 1034.0 0.0 86.551
14:08:00 84.0 6801.0 86.81 86.57 86.57 86.54 86.56 576.0 86.57 2.0 6801.0 4079.0 2722.0 0.0 86.5588
14:09:00 55.0 2383.0 86.81 86.54 86.58 86.54 86.54 10.0 86.55 381.0 2383.0 1001.0 1382.0 0.0 86.5484
14:10:00 63.0 4233.0 86.81 86.53 86.56 86.53 86.53 100.0 86.54 501.0 4233.0 2147.0 2086.0 0.0 86.5416
14:11:00 120.0 6747.0 86.81 86.48 86.54 86.45 86.48 420.0 86.49 715.0 6747.0 2959.0 3788.0 0.0 86.4738
14:12:00 65.0 3977.0 86.81 86.5 86.5 86.47 86.5 300.0 86.51 201.0 3977.0 2672.0 1305.0 0.0 86.4848
14:13:00 47.0 2093.0 86.81 86.54 86.54 86.51 86.53 490.0 86.54 640.0 2093.0 1333.0 760.0 0.0 86.5239
14:14:00 67.0 4389.0 86.81 86.57 86.575 86.54 86.57 600.0 86.58 102.0 4389.0 3180.0 1209.0 0.0 86.5513
14:15:00 52.0 3465.0 86.81 86.58 86.6 86.57 86.57 321.0 86.58 360.0 3465.0 1597.0 1868.0 0.0 86.582
14:16:00 54.0 2502.0 86.81 86.59 86.59 86.57 86.58 2.0 86.59 726.0 2502.0 1616.0 886.0 0.0 86.5806
14:17:00 88.0 4247.0 86.81 86.55 86.59 86.53 86.55 56.0 86.56 300.0 4247.0 2829.0 1418.0 0.0 86.5547
14:18:00 68.0 5117.0 86.81 86.54 86.58 86.53 86.54 156.0 86.55 500.0 5117.0 3066.0 2051.0 0.0 86.5546
14:19:00 63.0 3550.0 86.81 86.54 86.565 86.53 86.54 95.0 86.55 490.0 3550.0 2329.0 1221.0 0.0 86.549
14:20:00 52.0 3204.0 86.81 86.54 86.56 86.54 86.54 5.0 86.56 1738.0 3204.0 1610.0 1594.0 0.0 86.5481
14:21:00 98.0 6012.0 86.81 86.46 86.54 86.46 86.45 805.0 86.47 1402.0 6012.0 2859.0 3153.0 0.0 86.4878
14:22:00 166.0 10426.0 86.81 86.5 86.5 86.45 86.48 300.0 86.5 1706.0 10426.0 5577.0 4849.0 0.0 86.4612
14:23:00 77.0 6008.0 86.81 86.52 86.54 86.49 86.53 108.0 86.54 100.0 6008.0 3849.0 2159.0 0.0 86.5114
14:24:00 104.0 7395.0 86.81 86.54 86.54 86.47 86.52 1561.0 86.55 300.0 7395.0 4291.0 3104.0 0.0 86.5016
14:25:00 57.0 2209.0 86.81 86.55 86.55 86.51 86.54 1087.0 86.56 715.0 2209.0 1704.0 505.0 0.0 86.5313
14:26:00 177.0 12374.0 86.81 86.65 86.66 86.55 86.64 255.0 86.66 1982.0 12374.0 7613.0 4761.0 0.0 86.6195
14:27:00 103.0 6273.0 86.81 86.6 86.66 86.6 86.6 100.0 86.61 900.0 6273.0 2699.0 3574.0 0.0 86.628
14:28:00 72.0 3909.0 86.81 86.55 86.59 86.55 86.55 33.0 86.56 601.0 3909.0 1994.0 1915.0 0.0 86.5663
14:29:00 62.0 3231.0 86.81 86.61 86.61 86.54 86.6 937.0 86.62 1424.0 3231.0 2580.0 651.0 0.0 86.5706
14:30:00 101.0 5577.0 86.81 86.66 86.66 86.61 86.65 700.0 86.66 101.0 5577.0 3707.0 1870.0 0.0 86.6226
14:31:00 112.0 7447.0 86.81 86.65 86.71 86.65 86.64 110.0 86.65 404.0 7447.0 3317.0 4130.0 0.0 86.6761
14:32:00 77.0 4063.0 86.81 86.58 86.64 86.55 86.58 183.0 86.59 226.0 4063.0 2550.0 1513.0 0.0 86.6121
14:33:00 150.0 6925.0 86.81 86.61 86.63 86.57 86.6 60.0 86.62 304.0 6925.0 5085.0 1840.0 0.0 86.5893
14:34:00 62.0 3712.0 86.81 86.61 86.61 86.59 86.6 200.0 86.61 104.0 3712.0 2111.0 1601.0 0.0 86.6021
14:35:00 68.0 4505.0 86.81 86.55 86.6 86.54 86.55 298.0 86.56 333.0 4505.0 1967.0 2538.0 0.0 86.5646
14:36:00 41.0 2954.0 86.81 86.515 86.55 86.51 86.51 1844.0 86.52 156.0 2954.0 1600.0 1354.0 0.0 86.5236
14:37:00 94.0 4577.0 86.81 86.53 86.54 86.485 86.53 23.0 86.54 5.0 4577.0 3040.0 1537.0 0.0 86.5083
14:38:00 66.0 3907.0 86.81 86.55 86.56 86.54 86.54 1600.0 86.56 540.0 3907.0 2406.0 1501.0 0.0 86.5507
14:39:00 88.0 6630.0 86.81 86.58 86.585 86.56 86.57 439.0 86.58 281.0 6630.0 2655.0 3975.0 0.0 86.5759
14:40:00 103.0 5410.0 86.81 86.63 86.63 86.57 86.63 400.0 86.65 1055.0 5410.0 3692.0 1718.0 0.0 86.6022
14:41:00 49.0 3235.0 86.81 86.65 86.66 86.615 86.65 1430.0 86.66 203.0 3235.0 2137.0 1098.0 0.0 86.6338
14:42:00 53.0 3451.0 86.81 86.62 86.65 86.61 86.62 500.0 86.63 302.0 3451.0 1003.0 2448.0 0.0 86.6295
14:43:00 41.0 1799.0 86.81 86.63 86.63 86.6 86.63 510.0 86.64 305.0 1799.0 1246.0 553.0 0.0 86.6151
14:44:00 70.0 5017.0 86.81 86.64 86.66 86.6 86.63 418.0 86.64 152.0 5017.0 3322.0 1695.0 0.0 86.641
14:45:00 77.0 4665.0 86.81 86.66 86.68 86.64 86.65 400.0 86.66 2.0 4665.0 2796.0 1869.0 0.0 86.6607
14:46:00 51.0 3424.0 86.81 86.61 86.665 86.6 86.6 1606.0 86.62 947.0 3424.0 1255.0 2169.0 0.0 86.6259
14:47:00 47.0 3094.0 86.81 86.6 86.61 86.59 86.59 1341.0 86.61 1285.0 3094.0 1660.0 1434.0 0.0 86.6027
14:48:00 80.0 4385.0 86.81 86.61 86.65 86.6 86.6 167.0 86.62 1831.0 4385.0 2412.0 1973.0 0.0 86.626
14:49:00 149.0 9434.0 86.81 86.61 86.63 86.57 86.61 100.0 86.62 209.0 9434.0 4297.0 5137.0 0.0 86.6006
14:50:00 30.0 2874.0 86.81 86.6 86.63 86.58 86.59 300.0 86.6 474.0 2874.0 1172.0 1702.0 0.0 86.6016
14:51:00 78.0 4225.0 86.81 86.62 86.63 86.6 86.61 1000.0 86.63 636.0 4225.0 2903.0 1322.0 0.0 86.6121
14:52:00 119.0 7345.0 86.81 86.72 86.72 86.63 86.71 300.0 86.73 2293.0 7345.0 3797.0 3548.0 0.0 86.6945
14:53:00 95.0 7443.0 86.81 86.68 86.71 86.67 86.67 500.0 86.68 593.0 7443.0 4582.0 2861.0 0.0 86.6947
14:54:00 97.0 7380.0 86.81 86.74 86.77 86.68 86.73 330.0 86.74 601.0 7380.0 5075.0 2305.0 0.0 86.7422
14:55:00 56.0 4347.0 86.81 86.74 86.74 86.72 86.73 20.0 86.74 401.0 4347.0 2877.0 1470.0 0.0 86.7322
14:56:00 105.0 7428.0 86.81 86.77 86.77 86.73 86.76 1627.0 86.78 200.0 7428.0 4720.0 2708.0 0.0 86.748
14:57:00 145.0 10509.0 86.81 86.73 86.78 86.72 86.72 211.0 86.73 500.0 10509.0 5926.0 4583.0 0.0 86.7486
14:58:00 105.0 8345.0 86.81 86.77 86.77 86.73 86.76 913.0 86.77 664.0 8345.0 4389.0 3956.0 0.0 86.7604
14:59:00 73.0 6715.0 86.81 86.76 86.76 86.73 86.75 618.0 86.76 529.0 6715.0 4364.0 2351.0 0.0 86.7484
15:00:00 100.0 5901.0 86.81 86.69 86.77 86.69 86.69 2.0 86.7 700.0 5901.0 2758.0 3143.0 0.0 86.7269
15:01:00 98.0 6812.0 86.81 86.7 86.71 86.68 86.68 216.0 86.69 230.0 6812.0 3343.0 3469.0 0.0 86.6996
15:02:00 123.0 9454.0 86.81 86.63 86.68 86.63 86.62 101.0 86.64 1200.0 9454.0 5039.0 4415.0 0.0 86.6465
15:03:00 108.0 5109.0 86.81 86.62 86.62 86.59 86.63 921.0 86.64 29.0 5109.0 3103.0 2006.0 0.0 86.6091
15:04:00 98.0 6776.0 86.81 86.69 86.7 86.64 86.69 45.0 86.7 208.0 6776.0 3868.0 2908.0 0.0 86.6624
15:05:00 85.0 5427.0 86.81 86.69 86.71 86.68 86.68 601.0 86.7 1490.0 5427.0 2536.0 2891.0 0.0 86.6947
15:06:00 98.0 7658.0 86.81 86.68 86.7 86.64 86.68 168.0 86.69 100.0 7658.0 4339.0 3319.0 0.0 86.6706
15:07:00 121.0 8316.0 86.81 86.69 86.69 86.64 86.68 817.0 86.69 100.0 8316.0 4477.0 3839.0 0.0 86.6766
15:08:00 103.0 7664.0 86.81 86.72 86.76 86.68 86.72 623.0 86.73 533.0 7664.0 3415.0 4249.0 0.0 86.7204
15:09:00 98.0 5694.0 86.81 86.73 86.74 86.71 86.72 100.0 86.73 200.0 5694.0 3731.0 1963.0 0.0 86.7211
15:10:00 158.0 11039.0 86.81 86.71 86.74 86.68 86.71 600.0 86.73 1600.0 11039.0 6204.0 4835.0 0.0 86.7135
15:11:00 126.0 9302.0 86.81 86.74 86.74 86.69 86.73 417.0 86.75 658.0 9302.0 5703.0 3599.0 0.0 86.7178
15:12:00 80.0 5919.0 86.81 86.73 86.74 86.71 86.72 557.0 86.73 545.0 5919.0 3850.0 2069.0 0.0 86.7279
15:13:00 102.0 9572.0 86.81 86.75 86.75 86.71 86.75 1142.0 86.76 139.0 9572.0 7390.0 2182.0 0.0 86.7374
15:14:00 64.0 3395.0 86.81 86.8 86.8 86.76 86.79 16.0 86.8 3356.0 3395.0 2808.0 587.0 0.0 86.7734
15:15:00 29.0 1304.0 86.81 86.77 86.8 86.77 86.77 1324.0 86.78 1706.0 1304.0 170.0 1134.0 0.0 86.7779
15:16:00 179.0 15207.0 86.81 86.75 86.8 86.75 86.74 440.0 86.75 305.0 15207.0 8482.0 6725.0 0.0 86.7758
15:17:00 51.0 3519.0 86.81 86.79 86.79 86.74 86.79 111.0 86.8 500.0 3519.0 2603.0 916.0 0.0 86.7519
15:18:00 159.0 11638.0 86.81 86.78 86.82 86.76 86.77 910.0 86.78 877.0 11638.0 5885.0 5753.0 0.0 86.7809
15:19:00 134.0 9589.0 86.81 86.8 86.81 86.76 86.79 300.0 86.8 1295.0 9589.0 4795.0 4794.0 0.0 86.7858
15:20:00 103.0 8558.0 86.81 86.84 86.84 86.78 86.83 638.0 86.84 201.0 8558.0 5844.0 2714.0 0.0 86.807
15:21:00 121.0 7894.0 86.81 86.88 86.9 86.84 86.87 800.0 86.89 428.0 7894.0 4399.0 3495.0 0.0 86.8693
15:22:00 75.0 6644.0 86.81 86.85 86.89 86.84 86.85 5.0 86.86 600.0 6644.0 2731.0 3913.0 0.0 86.8659
15:23:00 132.0 11522.0 86.81 86.87 86.88 86.85 86.86 200.0 86.87 531.0 11522.0 7310.0 4212.0 0.0 86.8698
15:24:00 146.0 11130.0 86.81 86.84 86.89 86.84 86.84 400.0 86.85 938.0 11130.0 5747.0 5383.0 0.0 86.8642
15:25:00 99.0 7068.0 86.81 86.89 86.89 86.85 86.88 315.0 86.89 207.0 7068.0 4717.0 2351.0 0.0 86.8712
15:26:00 113.0 7191.0 86.81 86.92 86.94 86.89 86.91 465.0 86.92 1200.0 7191.0 4423.0 2768.0 0.0 86.9211
15:27:00 179.0 10414.0 86.81 86.9 86.93 86.885 86.9 932.0 86.91 941.0 10414.0 5243.0 5171.0 0.0 86.9066
15:28:00 205.0 15046.0 86.81 86.93 86.94 86.88 86.92 801.0 86.94 1513.0 15046.0 8045.0 7001.0 0.0 86.9132
15:29:00 138.0 11945.0 86.81 86.93 86.94 86.91 86.92 600.0 86.94 1320.0 11945.0 5955.0 5990.0 0.0 86.9266
15:30:00 99.0 6049.0 86.81 86.92 86.94 86.91 86.91 400.0 86.92 400.0 6049.0 3120.0 2929.0 0.0 86.9192
15:31:00 101.0 6709.0 86.81 86.97 86.97 86.92 86.96 1360.0 86.97 902.0 6709.0 4587.0 2122.0 0.0 86.9491
15:32:00 127.0 8998.0 86.81 86.9 86.96 86.9 86.89 500.0 86.91 1911.0 8998.0 4127.0 4871.0 0.0 86.9287
15:33:00 97.0 6088.0 86.81 86.88 86.9 86.87 86.88 100.0 86.89 668.0 6088.0 3011.0 3077.0 0.0 86.8828
15:34:00 155.0 10648.0 86.81 86.94 86.94 86.88 86.94 1622.0 86.95 501.0 10648.0 6917.0 3731.0 0.0 86.9049
15:35:00 169.0 11264.0 86.81 86.94 86.95 86.89 86.93 1314.0 86.94 220.0 11264.0 5851.0 5413.0 0.0 86.9226
15:36:00 109.0 5894.0 86.81 86.915 86.94 86.89 86.91 1054.0 86.92 701.0 5894.0 2690.0 3204.0 0.0 86.9118
15:37:00 163.0 10262.0 86.81 86.88 86.94 86.88 86.87 1113.0 86.88 1004.0 10262.0 5191.0 5071.0 0.0 86.9079
15:38:00 165.0 12202.0 86.81 86.825 86.88 86.81 86.82 20.0 86.83 1393.0 12202.0 4841.0 7361.0 0.0 86.8403
15:39:00 117.0 7182.0 86.81 86.78 86.82 86.78 86.78 820.0 86.79 1100.0 7182.0 5399.0 1783.0 0.0 86.7949
15:40:00 131.0 7486.0 86.81 86.78 86.81 86.77 86.78 1300.0 86.79 1509.0 7486.0 4162.0 3324.0 0.0 86.7861
15:41:00 129.0 9615.0 86.81 86.8 86.825 86.785 86.79 1710.0 86.8 336.0 9615.0 5583.0 4032.0 0.0 86.8044
15:42:00 142.0 10144.0 86.81 86.8 86.81 86.78 86.79 1073.0 86.8 911.0 10144.0 6501.0 3643.0 0.0 86.7917
15:43:00 292.0 15706.0 86.81 86.79 86.805 86.72 86.78 414.0 86.79 411.0 15706.0 8472.0 7234.0 0.0 86.7731
15:44:00 175.0 11452.0 86.81 86.77 86.79 86.73 86.77 308.0 86.78 244.0 11452.0 7873.0 3579.0 0.0 86.7572
15:45:00 159.0 10053.0 86.81 86.795 86.82 86.76 86.79 418.0 86.8 680.0 10053.0 6223.0 3830.0 0.0 86.7959
15:46:00 240.0 23285.0 86.81 86.79 86.82 86.76 86.79 706.0 86.8 2885.0 23285.0 16114.0 7171.0 0.0 86.7819
15:47:00 161.0 13125.0 86.81 86.8 86.83 86.77 86.79 2053.0 86.81 1601.0 13125.0 7836.0 5289.0 0.0 86.8012
15:48:00 197.0 13343.0 86.81 86.78 86.79 86.75 86.77 1958.0 86.79 2309.0 13343.0 8163.0 5180.0 0.0 86.7721
15:49:00 147.0 9398.0 86.81 86.77 86.81 86.77 86.75 1750.0 86.77 1500.0 9398.0 3867.0 5531.0 0.0 86.7899
15:50:00 174.0 13556.0 86.81 86.76 86.79 86.74 86.76 201.0 86.77 774.0 13556.0 7534.0 6022.0 0.0 86.7671
15:51:00 432.0 26452.0 86.81 86.88 86.9 86.77 86.87 119.0 86.88 1235.0 26452.0 13035.0 13417.0 0.0 86.854
15:52:00 389.0 22635.0 86.81 86.91 86.925 86.86 86.9 1052.0 86.91 1165.0 22635.0 11619.0 11016.0 0.0 86.8977
15:53:00 304.0 16666.0 86.81 86.89 86.92 86.88 86.88 939.0 86.89 785.0 16666.0 9468.0 7198.0 0.0 86.8975
15:54:00 278.0 17049.0 86.81 86.95 86.95 86.88 86.95 294.0 86.96 1347.0 17049.0 11888.0 5161.0 0.0 86.9195
15:55:00 636.0 37257.0 86.81 86.97 87.02 86.91 86.96 400.0 86.97 100.0 37257.0 22642.0 14615.0 0.0 86.9597
15:56:00 544.0 43528.0 86.81 86.94 86.97 86.85 86.94 2886.0 86.95 1306.0 43528.0 18183.0 25345.0 0.0 86.9186
15:57:00 282.0 20277.0 86.81 86.99 86.99 86.93 86.98 4530.0 86.99 1731.0 20277.0 14314.0 5963.0 0.0 86.9544
15:58:00 540.0 48740.0 86.81 87.0 87.03 86.965 86.99 2314.0 87.0 2289.0 48740.0 22716.0 26024.0 0.0 87.0047
15:59:00 468.0 30514.0 86.81 87.005 87.03 86.98 87.0 478.0 87.01 3121.0 30514.0 17462.0 13052.0 0.0 87.0058
16:00:00 1309.0 126640.0 86.81 87.13 87.15 86.99 87.12 350.0 87.13 51745.0 126640.0 80884.0 45756.0 0.0 87.0757
16:01:00 5.0 104.0 86.81 87.15 87.15 87.12 87.05 37.0 87.15 36.0 104.0 4.0 100.0 0.0 87.1212
16:02:00 0.0 0.0 86.81 87.15 nan nan 87.05 37.0 87.12 12.0 nan 0.0 0.0 0.0 nan
16:03:00 2.0 13.0 86.81 87.01 87.12 87.01 87.05 37.0 87.12 1.0 13.0 11.0 2.0 0.0 87.1031
16:04:00 13.0 122.0 86.81 87.1 87.15 87.1 87.05 37.0 87.1 74.0 122.0 43.0 79.0 0.0 87.1299
16:05:00 13.0 253.0 86.81 87.12 87.12 87.12 87.12 147.0 87.17 600.0 253.0 0.0 253.0 0.0 87.12
16:06:00 4.0 14.0 86.81 87.23 87.23 87.12 87.15 59.0 87.17 600.0 14.0 1.0 13.0 0.0 87.1493
16:07:00 2.0 3.0 86.81 87.23 87.23 87.23 87.15 59.0 87.17 600.0 3.0 1.0 2.0 0.0 87.23
16:08:00 5.0 303.0 86.81 87.12 87.15 87.12 87.12 200.0 87.17 600.0 303.0 0.0 303.0 0.0 87.1258
16:09:00 3.0 12.0 86.81 87.12 87.2 87.12 87.12 203.0 87.17 600.0 12.0 10.0 2.0 0.0 87.1892
16:10:00 7.0 5.0 86.81 87.19 87.19 87.12 87.12 200.0 87.17 600.0 5.0 0.0 5.0 0.0 87.12
16:11:00 7.0 61.0 86.81 87.23 87.23 87.12 87.12 152.0 87.17 600.0 61.0 3.0 58.0 0.0 87.1248
16:12:00 1.0 10.0 86.81 87.12 87.12 87.12 87.12 142.0 87.17 600.0 10.0 0.0 10.0 0.0 87.12
16:13:00 4.0 29.0 86.81 87.12 87.19 87.12 87.12 114.0 87.17 600.0 29.0 1.0 28.0 0.0 87.1224
16:14:00 5.0 423.0 86.81 87.12 87.12 87.12 87.12 291.0 87.17 600.0 423.0 0.0 423.0 0.0 87.12
16:15:00 2.0 6.0 86.81 87.12 87.19 87.12 87.12 300.0 87.17 600.0 6.0 5.0 1.0 0.0 87.1783
16:16:00 7.0 500.0 86.81 87.12 87.12 87.12 87.12 300.0 87.17 600.0 500.0 0.0 500.0 0.0 87.12
16:17:00 0.0 0.0 86.81 87.12 nan nan 87.12 305.0 87.17 600.0 nan 0.0 0.0 0.0 nan
16:18:00 1.0 30.0 86.81 87.19 87.19 87.19 87.12 309.0 87.17 600.0 30.0 30.0 0.0 0.0 87.19
16:19:00 0.0 0.0 86.81 87.19 nan nan 87.12 309.0 87.17 600.0 nan 0.0 0.0 0.0 nan
16:20:00 1.0 3.0 86.81 87.19 87.19 87.19 87.12 309.0 87.17 600.0 3.0 3.0 0.0 0.0 87.19
16:21:00 1.0 3.0 86.81 87.19 87.19 87.19 87.12 309.0 87.17 600.0 3.0 3.0 0.0 0.0 87.19
16:22:00 4.0 104.0 86.81 87.12 87.18 87.12 87.12 221.0 87.17 600.0 104.0 1.0 103.0 0.0 87.1206
16:23:00 2.0 3.0 86.81 87.12 87.13 87.12 87.12 219.0 87.17 600.0 3.0 0.0 3.0 0.0 87.1233
16:24:00 3.0 20.0 86.81 87.21 87.21 87.18 87.12 219.0 87.17 600.0 20.0 14.0 6.0 0.0 87.186
16:25:00 2.0 13.0 86.81 87.23 87.23 87.23 87.12 208.0 87.17 600.0 13.0 1.0 12.0 0.0 87.23
16:26:00 0.0 0.0 86.81 87.23 nan nan 87.12 208.0 87.17 600.0 nan 0.0 0.0 0.0 nan
16:27:00 1.0 0.0 86.81 87.13 87.13 87.13 87.13 1.0 87.17 600.0 nan 0.0 0.0 0.0 nan
16:28:00 4.0 1.0 86.81 87.13 87.14 87.13 87.12 208.0 87.17 600.0 1.0 0.0 1.0 0.0 87.13
16:29:00 4.0 7.0 86.81 87.12 87.13 87.12 87.12 201.0 87.17 600.0 7.0 0.0 7.0 0.0 87.12
16:30:00 1.0 1.0 86.81 87.13 87.13 87.13 87.12 201.0 87.17 600.0 1.0 0.0 1.0 0.0 87.13
16:31:00 2.0 1.0 86.81 87.12 87.13 87.12 87.12 202.0 87.17 600.0 1.0 0.0 1.0 0.0 87.12
16:32:00 1.0 0.0 86.81 87.13 87.13 87.13 87.12 202.0 87.13 1.0 nan 0.0 0.0 0.0 nan
16:33:00 1.0 1.0 86.81 87.13 87.13 87.13 87.12 202.0 87.17 600.0 1.0 1.0 0.0 0.0 87.13
16:34:00 0.0 0.0 86.81 87.13 nan nan 87.12 202.0 87.17 600.0 nan 0.0 0.0 0.0 nan
16:35:00 4.0 10.0 86.81 87.13 87.13 87.13 87.12 202.0 87.17 600.0 10.0 10.0 0.0 0.0 87.13
16:36:00 0.0 0.0 86.81 87.13 nan nan 87.12 202.0 87.17 600.0 nan 0.0 0.0 0.0 nan
16:37:00 7.0 202.0 86.81 87.12 87.13 87.12 87.12 100.0 87.13 147.0 202.0 0.0 202.0 0.0 87.12
16:38:00 5.0 0.0 86.81 87.13 87.16 87.13 87.13 1.0 87.17 600.0 nan 0.0 0.0 0.0 nan
16:39:00 0.0 0.0 86.81 87.13 nan nan 87.13 1.0 87.17 600.0 nan 0.0 0.0 0.0 nan
16:40:00 3.0 3.0 86.81 87.2 87.2 87.13 87.12 101.0 87.17 600.0 3.0 2.0 1.0 0.0 87.1767
16:41:00 1.0 0.0 86.81 87.13 87.13 87.13 87.12 141.0 87.17 600.0 nan 0.0 0.0 0.0 nan
16:42:00 3.0 28.0 86.81 87.12 87.13 87.12 87.12 113.0 87.17 600.0 28.0 0.0 28.0 0.0 87.12
16:43:00 0.0 0.0 86.81 87.12 nan nan 87.13 2.0 87.17 600.0 nan 0.0 0.0 0.0 nan
16:44:00 0.0 0.0 86.81 87.12 nan nan 87.13 2.0 87.17 600.0 nan 0.0 0.0 0.0 nan
16:45:00 0.0 0.0 86.81 87.12 nan nan 87.13 2.0 87.17 600.0 nan 0.0 0.0 0.0 nan
16:46:00 0.0 0.0 86.81 87.12 nan nan 87.13 2.0 87.17 600.0 nan 0.0 0.0 0.0 nan
16:47:00 2.0 10.0 86.81 87.13 87.13 87.13 87.12 117.0 87.17 600.0 10.0 8.0 2.0 0.0 87.13
16:48:00 0.0 0.0 86.81 87.13 nan nan 87.12 117.0 87.17 600.0 nan 0.0 0.0 0.0 nan
16:49:00 0.0 0.0 86.81 87.13 nan nan 87.12 118.0 87.17 600.0 nan 0.0 0.0 0.0 nan
16:50:00 1.0 1.0 86.81 87.12 87.12 87.12 87.12 117.0 87.17 600.0 1.0 0.0 1.0 0.0 87.12
16:51:00 0.0 0.0 86.81 87.12 nan nan 87.12 117.0 87.17 600.0 nan 0.0 0.0 0.0 nan
16:52:00 1.0 4.0 86.81 87.15 87.15 87.15 87.12 117.0 87.15 5.0 4.0 4.0 0.0 0.0 87.15
16:53:00 2.0 5.0 86.81 87.15 87.15 87.12 87.12 113.0 87.15 4.0 5.0 1.0 4.0 0.0 87.126
16:54:00 0.0 0.0 86.81 87.15 nan nan 87.12 113.0 87.15 4.0 nan 0.0 0.0 0.0 nan
16:55:00 1.0 1.0 86.81 87.15 87.15 87.15 87.12 114.0 87.15 3.0 1.0 1.0 0.0 0.0 87.15
16:56:00 2.0 9.0 86.81 87.15 87.15 87.12 87.12 111.0 87.15 3.0 9.0 0.0 9.0 0.0 87.14
16:57:00 9.0 112.0 86.81 87.11 87.12 87.11 87.12 200.0 87.15 3.0 112.0 0.0 112.0 0.0 87.1199
16:58:00 2.0 10.0 86.81 87.16 87.16 87.15 87.14 10.0 87.16 3.0 10.0 10.0 0.0 0.0 87.157
16:59:00 3.0 9.0 86.81 87.14 87.14 87.14 87.14 1.0 87.16 3.0 9.0 0.0 9.0 0.0 87.14
17:00:00 3.0 4.0 86.81 87.13 87.16 87.13 87.12 202.0 87.16 2.0 4.0 1.0 3.0 0.0 87.14
