time trade_count trade_volume trade_first trade_last trade_high trade_low bid_price bid_size ask_price ask_size hid_vol buy_vol sell_vol unsided_vol vwap
09:00:00 nan 1.0 95.88 95.88 95.88 95.88 95.75 17.0 95.88 128.0 1.0 1.0 0.0 0.0 95.88
09:01:00 7.0 19.0 95.88 95.88 95.88 95.83 95.78 1.0 95.88 149.0 19.0 15.0 4.0 0.0 95.8695
09:02:00 64.0 723.0 95.88 95.96 96.34 95.75 95.88 1.0 96.07 96.0 723.0 266.0 457.0 0.0 95.8458
09:03:00 4.0 33.0 95.88 96.07 96.07 96.01 95.88 1.0 96.07 63.0 33.0 33.0 0.0 0.0 96.07
09:04:00 7.0 7.0 95.88 96.09 96.09 95.79 96.0 1.0 96.07 58.0 7.0 5.0 2.0 0.0 96.01
09:05:00 15.0 78.0 95.88 96.23 96.23 95.77 95.88 1.0 96.38 450.0 78.0 76.0 2.0 0.0 96.0722
09:06:00 8.0 0.0 95.88 96.12 96.12 96.12 96.12 2.0 96.2 75.0 nan 0.0 0.0 0.0 nan
09:07:00 3.0 75.0 95.88 96.2 96.2 96.2 96.13 1.0 96.38 477.0 75.0 75.0 0.0 0.0 96.2
09:08:00 20.0 44.0 95.88 96.05 96.15 96.05 96.0 2.0 96.1 12.0 44.0 0.0 44.0 0.0 96.0891
09:09:00 5.0 0.0 95.88 96.05 96.05 96.05 96.02 1.0 96.1 12.0 nan 0.0 0.0 0.0 nan
09:10:00 8.0 3.0 95.88 96.05 96.05 96.01 96.03 6.0 96.05 23.0 3.0 1.0 2.0 0.0 96.0233
09:11:00 9.0 210.0 95.88 96.0 96.05 96.0 96.03 7.0 96.05 13.0 210.0 10.0 200.0 0.0 96.0074
09:12:00 7.0 7.0 95.88 96.05 96.05 96.05 96.03 9.0 96.38 472.0 7.0 7.0 0.0 0.0 96.05
09:13:00 2.0 0.0 95.88 96.05 96.05 96.05 96.03 9.0 96.38 472.0 nan 0.0 0.0 0.0 nan
09:14:00 3.0 0.0 95.88 96.05 96.05 96.05 96.03 15.0 96.38 472.0 nan 0.0 0.0 0.0 nan
09:15:00 33.0 146.0 95.88 96.05 96.05 95.88 95.9 6.0 96.04 48.0 146.0 0.0 146.0 0.0 95.9147
09:16:00 1.0 0.0 95.88 96.05 96.05 96.05 96.03 8.0 96.38 450.0 nan 0.0 0.0 0.0 nan
09:17:00 8.0 0.0 95.88 96.05 96.05 96.05 96.03 14.0 96.38 500.0 nan 0.0 0.0 0.0 nan
09:18:00 3.0 2.0 95.88 96.03 96.21 96.03 96.03 13.0 96.38 700.0 2.0 0.0 2.0 0.0 96.12
09:19:00 16.0 35.0 95.88 96.03 96.23 96.03 96.03 7.0 96.01 12.0 35.0 22.0 13.0 0.0 96.1163
09:20:00 6.0 14.0 95.88 96.03 96.03 96.01 96.03 10.0 96.03 1.0 14.0 14.0 0.0 0.0 96.0129
09:21:00 2.0 2.0 95.88 96.03 96.03 96.0 96.03 11.0 96.25 12.0 2.0 1.0 1.0 0.0 96.015
09:22:00 16.0 33.0 95.88 96.24 96.24 96.0 96.0 302.0 96.25 12.0 33.0 1.0 32.0 0.0 96.0285
09:23:00 9.0 17.0 95.88 96.2 96.25 96.13 96.0 303.0 96.35 9.0 17.0 5.0 12.0 0.0 96.2076
09:24:00 4.0 1.0 95.88 96.13 96.2 96.13 96.0 309.0 96.2 24.0 1.0 0.0 1.0 0.0 96.19
09:25:00 7.0 13.0 95.88 96.19 96.2 96.13 96.01 1.0 96.19 7.0 13.0 12.0 1.0 0.0 96.1962
09:26:00 115.0 6486.0 95.88 96.51 96.54 96.13 96.51 305.0 96.55 868.0 6486.0 1606.0 4880.0 0.0 96.3911
09:27:00 49.0 1776.0 95.88 96.74 97.02 96.55 96.51 5.0 97.19 174.0 1776.0 964.0 812.0 0.0 96.6592
09:28:00 15.0 177.0 95.88 97.2 97.2 96.71 96.75 1.0 97.2 169.0 177.0 177.0 0.0 0.0 96.7634
09:29:00 22.0 649.0 95.88 96.54 96.79 96.54 96.54 10.0 96.75 100.0 649.0 648.0 1.0 0.0 96.7495
09:30:00 2.0 6.0 95.88 96.74 96.75 96.74 96.57 10.0 97.08 600.0 6.0 1.0 5.0 0.0 96.7417
09:31:00 322.0 16378.0 95.88 96.89 96.9 96.5 96.85 50.0 96.89 100.0 16378.0 11243.0 5135.0 0.0 96.714
09:32:00 328.0 22569.0 95.88 96.69 96.9 96.65 96.67 1200.0 96.74 50.0 22569.0 12737.0 9832.0 0.0 96.739
09:33:00 209.0 10726.0 95.88 97.0 97.04 96.67 96.98 1065.0 97.05 1614.0 10726.0 7845.0 2881.0 0.0 96.8709
09:34:00 140.0 4589.0 95.88 96.64 97.0 96.64 96.6 763.0 96.65 150.0 4589.0 1510.0 3079.0 0.0 96.8668
09:35:00 265.0 12680.0 95.88 96.73 96.75 96.53 96.72 605.0 96.74 100.0 12680.0 7907.0 4773.0 0.0 96.6473
09:36:00 254.0 11764.0 95.88 96.45 96.84 96.42 96.44 300.0 96.47 100.0 11764.0 2207.0 9557.0 0.0 96.6722
09:37:00 184.0 7926.0 95.88 96.55 96.65 96.4 96.54 100.0 96.59 349.0 7926.0 3285.0 4641.0 0.0 96.5015
09:38:00 119.0 6095.0 95.88 96.53 96.65 96.481 96.52 800.0 96.57 100.0 6095.0 2834.0 3261.0 0.0 96.5806
09:39:00 193.0 9438.0 95.88 96.56 96.63 96.41 96.54 257.0 96.58 1.0 9438.0 4885.0 4553.0 0.0 96.5229
09:40:00 243.0 13321.0 95.88 96.43 96.65 96.4 96.39 66.0 96.42 50.0 13321.0 5074.0 8247.0 0.0 96.5211
09:41:00 328.0 15006.0 95.88 96.38 96.52 96.32 96.35 100.0 96.38 50.0 15006.0 7136.0 7870.0 0.0 96.4522
09:42:00 185.0 6723.0 95.88 96.42 96.51 96.34 96.42 101.0 96.45 400.0 6723.0 3004.0 3719.0 0.0 96.4277
09:43:00 141.0 7423.0 95.88 96.48 96.54 96.37 96.45 1.0 96.48 150.0 7423.0 3494.0 3929.0 0.0 96.457
09:44:00 279.0 15005.0 95.88 96.69 96.71 96.36 96.67 300.0 96.71 255.0 15005.0 5793.0 9212.0 0.0 96.4614
09:45:00 102.0 4550.0 95.88 96.8 96.8 96.63 96.78 150.0 96.82 100.0 4550.0 1913.0 2637.0 0.0 96.7331
09:46:00 290.0 11525.0 95.88 96.73 96.83 96.63 96.73 290.0 96.77 417.0 11525.0 4178.0 7347.0 0.0 96.7049
09:47:00 231.0 9438.0 95.88 96.69 96.8 96.52 96.68 154.0 96.72 200.0 9438.0 3631.0 5807.0 0.0 96.6576
09:48:00 164.0 7730.0 95.88 96.92 96.97 96.7 96.92 1.0 96.94 400.0 7730.0 2863.0 4867.0 0.0 96.8995
09:49:00 163.0 6309.0 95.88 97.03 97.07 96.9 97.03 101.0 97.07 600.0 6309.0 2140.0 4169.0 0.0 96.9763
09:50:00 219.0 16943.0 95.88 97.02 97.12 96.98 97.0 300.0 97.03 151.0 16943.0 10927.0 6016.0 0.0 97.0573
09:51:00 193.0 10015.0 95.88 97.12 97.12 96.91 97.11 236.0 97.13 604.0 10015.0 5468.0 4547.0 0.0 97.0288
09:52:00 145.0 8679.0 95.88 97.03 97.16 96.97 97.02 918.0 97.05 100.0 8679.0 4315.0 4364.0 0.0 97.0719
09:53:00 105.0 4881.0 95.88 96.9 97.03 96.85 96.88 1.0 96.9 150.0 4881.0 1296.0 3585.0 0.0 96.9304
09:54:00 204.0 9602.0 95.88 96.74 96.895 96.68 96.72 300.0 96.77 450.0 9602.0 4123.0 5479.0 0.0 96.7474
09:55:00 184.0 9285.0 95.88 96.54 96.8 96.53 96.53 120.0 96.56 200.0 9285.0 3547.0 5738.0 0.0 96.6614
09:56:00 182.0 8426.0 95.88 96.44 96.59 96.41 96.43 137.0 96.45 100.0 8426.0 2783.0 5643.0 0.0 96.4868
09:57:00 232.0 13172.0 95.88 96.57 96.57 96.43 96.55 400.0 96.57 50.0 13172.0 9690.0 3482.0 0.0 96.5006
09:58:00 179.0 9700.0 95.88 96.47 96.57 96.41 96.46 400.0 96.49 50.0 9700.0 3822.0 5878.0 0.0 96.502
09:59:00 311.0 23834.0 95.88 96.68 96.77 96.49 96.68 350.0 96.71 3.0 23834.0 14334.0 9500.0 0.0 96.6461
10:00:00 213.0 12001.0 95.88 96.75 96.8 96.54 96.73 100.0 96.76 50.0 12001.0 4137.0 7864.0 0.0 96.6995
10:01:00 305.0 16338.0 95.88 96.15 96.79 96.15 96.14 300.0 96.17 8.0 16338.0 3393.0 12945.0 0.0 96.3584
10:02:00 295.0 19829.0 95.88 96.17 96.28 96.06 96.16 830.0 96.21 875.0 19829.0 8233.0 11596.0 0.0 96.1591
10:03:00 55.0 3604.0 95.88 96.34 96.34 96.2 96.37 501.0 96.41 215.0 3604.0 2349.0 1255.0 0.0 96.2427
10:04:00 110.0 6603.0 95.88 96.32 96.4 96.25 96.3 750.0 96.33 200.0 6603.0 2597.0 4006.0 0.0 96.3176
10:05:00 81.0 4095.0 95.88 96.55 96.58 96.33 96.56 280.0 96.58 5.0 4095.0 2694.0 1401.0 0.0 96.5023
10:06:00 190.0 14214.0 95.88 96.56 96.64 96.45 96.55 575.0 96.56 100.0 14214.0 5864.0 8350.0 0.0 96.5611
10:07:00 94.0 6327.0 95.88 96.66 96.71 96.56 96.64 2.0 96.66 357.0 6327.0 2472.0 3855.0 0.0 96.6489
10:08:00 122.0 8002.0 95.88 96.67 96.71 96.61 96.66 1100.0 96.69 350.0 8002.0 4070.0 3932.0 0.0 96.655
10:09:00 98.0 7093.0 95.88 96.8 96.8 96.66 96.79 187.0 96.81 200.0 7093.0 2879.0 4214.0 0.0 96.7357
10:10:00 114.0 8575.0 95.88 96.72 96.86 96.68 96.71 8.0 96.73 210.0 8575.0 1959.0 6616.0 0.0 96.7669
10:11:00 119.0 7445.0 95.88 96.64 96.73 96.59 96.64 1.0 96.65 100.0 7445.0 3177.0 4268.0 0.0 96.6435
10:12:00 150.0 10162.0 95.88 96.8 96.88 96.65 96.78 6.0 96.81 284.0 10162.0 5122.0 5040.0 0.0 96.8153
10:13:00 100.0 5171.0 95.88 96.6 96.83 96.6 96.58 873.0 96.62 350.0 5171.0 1549.0 3622.0 0.0 96.7434
10:14:00 139.0 8612.0 95.88 96.68 96.76 96.63 96.68 300.0 96.71 260.0 8612.0 3316.0 5296.0 0.0 96.6912
10:15:00 103.0 7859.0 95.88 96.74 96.79 96.66 96.72 284.0 96.76 300.0 7859.0 2428.0 5431.0 0.0 96.7326
10:16:00 98.0 5217.0 95.88 96.84 96.85 96.72 96.82 100.0 96.84 149.0 5217.0 2272.0 2945.0 0.0 96.7838
10:17:00 155.0 9379.0 95.88 96.8 96.84 96.73 96.81 65.0 96.83 500.0 9379.0 2965.0 6414.0 0.0 96.7926
10:18:00 103.0 6536.0 95.88 96.72 96.9 96.71 96.72 100.0 96.73 8.0 6536.0 1598.0 4938.0 0.0 96.8092
10:19:00 107.0 5991.0 95.88 96.61 96.75 96.58 96.6 50.0 96.63 692.0 5991.0 1471.0 4520.0 0.0 96.6802
10:20:00 164.0 7531.0 95.88 96.63 96.63 96.47 96.62 240.0 96.63 84.0 7531.0 3710.0 3821.0 0.0 96.5633
10:21:00 131.0 7753.0 95.88 96.67 96.77 96.62 96.67 440.0 96.7 651.0 7753.0 2167.0 5586.0 0.0 96.7164
10:22:00 73.0 5290.0 95.88 96.82 96.83 96.67 96.8 1553.0 96.83 70.0 5290.0 3206.0 2084.0 0.0 96.7239
10:23:00 118.0 7153.0 95.88 96.9 96.91 96.8 96.88 1153.0 96.92 542.0 7153.0 3393.0 3760.0 0.0 96.8536
10:24:00 135.0 8541.0 95.88 96.77 96.96 96.7 96.75 50.0 96.79 100.0 8541.0 1823.0 6718.0 0.0 96.8519
10:25:00 110.0 4234.0 95.88 96.69 96.77 96.67 96.69 188.0 96.71 300.0 4234.0 647.0 3587.0 0.0 96.6982
10:26:00 169.0 10861.0 95.88 96.5 96.72 96.5 96.49 414.0 96.52 58.0 10861.0 3548.0 7313.0 0.0 96.6153
10:27:00 86.0 4597.0 95.88 96.44 96.52 96.44 96.44 100.0 96.46 150.0 4597.0 1006.0 3591.0 0.0 96.4793
10:28:00 94.0 4349.0 95.88 96.44 96.56 96.43 96.43 140.0 96.45 91.0 4349.0 2857.0 1492.0 0.0 96.4828
10:29:00 219.0 11968.0 95.88 96.24 96.48 96.23 96.22 1049.0 96.25 157.0 11968.0 4655.0 7313.0 0.0 96.304
10:30:00 566.0 23710.0 95.88 96.0 96.28 96.0 95.99 113.0 96.02 85.0 23710.0 10472.0 13238.0 0.0 96.1625
10:31:00 223.0 6571.0 95.88 96.12 96.135 96.02 96.12 356.0 96.15 163.0 6571.0 3984.0 2587.0 0.0 96.0721
10:32:00 263.0 12488.0 95.88 96.0 96.12 95.92 95.99 615.0 96.02 50.0 12488.0 5743.0 6745.0 0.0 96.0168
10:33:00 169.0 6807.0 95.88 95.9 96.03 95.86 95.88 2350.0 95.92 650.0 6807.0 2076.0 4731.0 0.0 95.9612
10:34:00 229.0 12185.0 95.88 95.84 95.94 95.8 95.84 445.0 95.85 150.0 12185.0 4812.0 7373.0 0.0 95.8835
10:35:00 177.0 11062.0 95.88 95.91 95.96 95.79 95.89 198.0 95.91 50.0 11062.0 6766.0 4296.0 0.0 95.8881
10:36:00 197.0 10091.0 95.88 96.01 96.03 95.82 95.98 1755.0 96.02 350.0 10091.0 6012.0 4079.0 0.0 95.9175
10:37:00 118.0 5526.0 95.88 95.99 96.03 95.92 95.97 440.0 95.99 200.0 5526.0 2675.0 2851.0 0.0 95.983
10:38:00 131.0 6661.0 95.88 96.03 96.11 95.97 96.02 101.0 96.04 100.0 6661.0 3951.0 2710.0 0.0 96.0313
10:39:00 97.0 4501.0 95.88 95.96 96.08 95.96 95.95 109.0 95.98 250.0 4501.0 1048.0 3453.0 0.0 96.0375
10:40:00 252.0 8160.0 95.88 95.74 95.96 95.69 95.75 53.0 95.77 400.0 8160.0 3606.0 4554.0 0.0 95.7789
10:41:00 168.0 6580.0 95.88 95.8 95.87 95.73 95.78 119.0 95.8 50.0 6580.0 3868.0 2712.0 0.0 95.8106
10:42:00 78.0 3553.0 95.88 95.875 95.9 95.77 95.86 450.0 95.9 250.0 3553.0 2866.0 687.0 0.0 95.8267
10:43:00 107.0 4574.0 95.88 95.95 95.97 95.88 95.94 260.0 95.96 50.0 4574.0 2435.0 2139.0 0.0 95.9277
10:44:00 87.0 6539.0 95.88 95.96 96.0 95.85 95.97 50.0 95.99 200.0 6539.0 3013.0 3526.0 0.0 95.9264
10:45:00 116.0 5992.0 95.88 96.07 96.09 95.93 96.06 100.0 96.08 700.0 5992.0 3171.0 2821.0 0.0 96.013
10:46:00 111.0 6547.0 95.88 96.1 96.1 96.02 96.09 154.0 96.11 50.0 6547.0 4312.0 2235.0 0.0 96.0559
10:47:00 105.0 5758.0 95.88 96.06 96.11 96.02 96.06 1901.0 96.1 750.0 5758.0 2883.0 2875.0 0.0 96.0585
10:48:00 101.0 6472.0 95.88 96.06 96.16 96.05 96.04 93.0 96.07 200.0 6472.0 3083.0 3389.0 0.0 96.0948
10:49:00 128.0 6344.0 95.88 95.94 96.05 95.89 95.94 400.0 95.96 5.0 6344.0 3732.0 2612.0 0.0 95.9741
10:50:00 96.0 4866.0 95.88 95.97 96.05 95.88 95.96 1550.0 95.98 100.0 4866.0 2575.0 2291.0 0.0 95.9665
10:51:00 54.0 2557.0 95.88 96.04 96.11 95.95 96.05 50.0 96.07 100.0 2557.0 1472.0 1085.0 0.0 96.0274
10:52:00 95.0 5289.0 95.88 96.17 96.22 96.07 96.15 502.0 96.18 33.0 5289.0 2936.0 2353.0 0.0 96.1545
10:53:00 47.0 3355.0 95.88 96.16 96.19 96.12 96.15 271.0 96.18 200.0 3355.0 861.0 2494.0 0.0 96.1534
10:54:00 112.0 7237.0 95.88 96.09 96.15 96.04 96.07 400.0 96.09 50.0 7237.0 2179.0 5058.0 0.0 96.1024
10:55:00 206.0 7443.0 95.88 96.15 96.15 96.04 96.13 101.0 96.16 364.0 7443.0 5770.0 1673.0 0.0 96.1097
10:56:00 112.0 5330.0 95.88 96.08 96.21 96.04 96.06 150.0 96.09 100.0 5330.0 2349.0 2981.0 0.0 96.1114
10:57:00 53.0 2989.0 95.88 96.21 96.21 96.11 96.19 800.0 96.22 50.0 2989.0 1618.0 1371.0 0.0 96.1546
10:58:00 130.0 6795.0 95.88 96.36 96.39 96.24 96.36 400.0 96.39 255.0 6795.0 5163.0 1632.0 0.0 96.3228
10:59:00 86.0 3261.0 95.88 96.46 96.5 96.36 96.45 55.0 96.47 94.0 3261.0 1538.0 1723.0 0.0 96.444
11:00:00 114.0 7404.0 95.88 96.4 96.47 96.39 96.38 2411.0 96.41 157.0 7404.0 2942.0 4462.0 0.0 96.4161
11:01:00 279.0 15408.0 95.88 96.56 96.56 96.41 96.53 1250.0 96.56 428.0 15408.0 6454.0 8954.0 0.0 96.5165
11:02:00 118.0 8625.0 95.88 96.59 96.61 96.47 96.57 559.0 96.6 160.0 8625.0 5815.0 2810.0 0.0 96.5452
11:03:00 108.0 6772.0 95.88 96.7 96.72 96.58 96.69 100.0 96.7 220.0 6772.0 4424.0 2348.0 0.0 96.6547
11:04:00 128.0 6172.0 95.88 96.82 96.82 96.68 96.81 600.0 96.83 25.0 6172.0 3457.0 2715.0 0.0 96.7333
11:05:00 133.0 9179.0 95.88 96.78 96.85 96.77 96.77 210.0 96.79 54.0 9179.0 2550.0 6629.0 0.0 96.8018
11:06:00 111.0 6313.0 95.88 96.84 96.85 96.72 96.84 98.0 96.86 277.0 6313.0 2760.0 3553.0 0.0 96.7862
11:07:00 122.0 5925.0 95.88 96.74 96.86 96.69 96.72 413.0 96.74 336.0 5925.0 2048.0 3877.0 0.0 96.7745
11:08:00 154.0 7946.0 95.88 96.65 96.79 96.61 96.63 100.0 96.65 254.0 7946.0 3760.0 4186.0 0.0 96.7047
11:09:00 134.0 5814.0 95.88 96.62 96.73 96.55 96.59 1038.0 96.62 253.0 5814.0 2862.0 2952.0 0.0 96.647
11:10:00 142.0 7022.0 95.88 96.55 96.62 96.53 96.55 293.0 96.56 100.0 7022.0 2306.0 4716.0 0.0 96.5816
11:11:00 169.0 8133.0 95.88 96.71 96.75 96.55 96.71 450.0 96.73 114.0 8133.0 5017.0 3116.0 0.0 96.6676
11:12:00 121.0 5317.0 95.88 96.69 96.75 96.66 96.68 401.0 96.7 312.0 5317.0 1979.0 3338.0 0.0 96.7133
11:13:00 109.0 4335.0 95.88 96.7 96.74 96.63 96.67 150.0 96.69 96.0 4335.0 2517.0 1818.0 0.0 96.6813
11:14:00 101.0 6579.0 95.88 96.78 96.85 96.69 96.77 150.0 96.8 250.0 6579.0 4041.0 2538.0 0.0 96.7906
11:15:00 87.0 4766.0 95.88 96.73 96.78 96.68 96.73 451.0 96.75 2.0 4766.0 2270.0 2496.0 0.0 96.712
11:16:00 212.0 10208.0 95.88 96.46 96.75 96.46 96.45 54.0 96.48 850.0 10208.0 2302.0 7906.0 0.0 96.574
11:17:00 114.0 6455.0 95.88 96.37 96.52 96.31 96.35 501.0 96.39 1952.0 6455.0 2450.0 4005.0 0.0 96.3964
11:18:00 85.0 4429.0 95.88 96.33 96.36 96.29 96.33 201.0 96.36 1150.0 4429.0 1060.0 3369.0 0.0 96.3332
11:19:00 104.0 5887.0 95.88 96.34 96.37 96.26 96.33 100.0 96.35 100.0 5887.0 3559.0 2328.0 0.0 96.321
11:20:00 142.0 8196.0 95.88 96.53 96.57 96.35 96.49 150.0 96.52 50.0 8196.0 6271.0 1925.0 0.0 96.4401
11:21:00 92.0 3936.0 95.88 96.61 96.64 96.49 96.59 200.0 96.62 410.0 3936.0 2137.0 1799.0 0.0 96.5951
11:22:00 80.0 4526.0 95.88 96.68 96.74 96.62 96.68 490.0 96.71 163.0 4526.0 2015.0 2511.0 0.0 96.6798
11:23:00 132.0 6986.0 95.88 96.77 96.81 96.67 96.76 261.0 96.78 1237.0 6986.0 3383.0 3603.0 0.0 96.7399
11:24:00 181.0 10611.0 95.88 96.78 96.81 96.72 96.77 291.0 96.79 150.0 10611.0 5717.0 4894.0 0.0 96.7607
11:25:00 235.0 12092.0 95.88 96.67 96.8 96.63 96.65 155.0 96.67 250.0 12092.0 4386.0 7706.0 0.0 96.689
11:26:00 254.0 14750.0 95.88 96.64 96.69 96.58 96.64 190.0 96.66 1903.0 14750.0 5023.0 9727.0 0.0 96.6166
11:27:00 145.0 6753.0 95.88 96.54 96.64 96.47 96.53 100.0 96.55 400.0 6753.0 3508.0 3245.0 0.0 96.5478
11:28:00 96.0 3884.0 95.88 96.6 96.64 96.525 96.6 50.0 96.62 15.0 3884.0 1575.0 2309.0 0.0 96.5728
11:29:00 176.0 10079.0 95.88 96.58 96.66 96.56 96.57 250.0 96.6 1250.0 10079.0 4784.0 5295.0 0.0 96.6089
11:30:00 96.0 4829.0 95.88 96.61 96.62 96.54 96.61 290.0 96.63 302.0 4829.0 2256.0 2573.0 0.0 96.5937
11:31:00 193.0 11309.0 95.88 96.6 96.63 96.52 96.61 50.0 96.64 1424.0 11309.0 2834.0 8475.0 0.0 96.574
11:32:00 198.0 12461.0 95.88 96.62 96.7 96.6 96.6 400.0 96.63 951.0 12461.0 5856.0 6605.0 0.0 96.6503
11:33:00 94.0 5662.0 95.88 96.72 96.77 96.63 96.71 100.0 96.72 508.0 5662.0 2261.0 3401.0 0.0 96.7187
11:34:00 238.0 13855.0 95.88 96.97 96.98 96.72 96.96 300.0 96.97 108.0 13855.0 8260.0 5595.0 0.0 96.8698
11:35:00 146.0 7924.0 95.88 96.93 96.98 96.85 96.92 652.0 96.94 400.0 7924.0 3095.0 4829.0 0.0 96.922
11:36:00 132.0 8663.0 95.88 96.92 97.0 96.92 96.91 200.0 96.93 50.0 8663.0 5462.0 3201.0 0.0 96.9617
11:37:00 133.0 8542.0 95.88 97.01 97.02 96.94 97.0 463.0 97.03 453.0 8542.0 6106.0 2436.0 0.0 96.992
11:38:00 111.0 6445.0 95.88 96.98 97.04 96.97 96.98 100.0 97.01 402.0 6445.0 2527.0 3918.0 0.0 97.0049
11:39:00 112.0 5411.0 95.88 96.98 97.05 96.95 96.96 1400.0 96.99 330.0 5411.0 3175.0 2236.0 0.0 97.0031
11:40:00 101.0 7949.0 95.88 96.94 97.01 96.86 96.92 1850.0 96.95 33.0 7949.0 2236.0 5713.0 0.0 96.9302
11:41:00 140.0 9247.0 95.88 97.05 97.08 96.93 97.03 350.0 97.06 1470.0 9247.0 4626.0 4621.0 0.0 97.0056
11:42:00 139.0 7935.0 95.88 97.01 97.17 96.98 96.98 2250.0 97.01 176.0 7935.0 5048.0 2887.0 0.0 97.0747
11:43:00 184.0 12391.0 95.88 96.99 97.01 96.92 96.97 450.0 97.0 102.0 12391.0 5397.0 6994.0 0.0 96.9661
11:44:00 159.0 9604.0 95.88 97.0 97.06 96.96 96.99 150.0 97.02 201.0 9604.0 3751.0 5853.0 0.0 96.9957
11:45:00 138.0 7197.0 95.88 97.01 97.01 96.94 96.99 568.0 97.01 100.0 7197.0 3745.0 3452.0 0.0 96.9756
11:46:00 94.0 4848.0 95.88 97.01 97.08 96.97 96.98 306.0 97.01 800.0 4848.0 1026.0 3822.0 0.0 97.0235
11:47:00 101.0 5448.0 95.88 96.99 97.06 96.95 96.98 606.0 97.0 1.0 5448.0 3051.0 2397.0 0.0 97.0136
11:48:00 87.0 4720.0 95.88 97.03 97.03 96.98 97.01 100.0 97.02 350.0 4720.0 2126.0 2594.0 0.0 97.0152
11:49:00 119.0 6516.0 95.88 96.93 97.02 96.87 96.92 56.0 96.94 151.0 6516.0 2391.0 4125.0 0.0 96.9376
11:50:00 87.0 4152.0 95.88 96.89 96.95 96.87 96.87 722.0 96.89 150.0 4152.0 2038.0 2114.0 0.0 96.907
11:51:00 134.0 7419.0 95.88 96.85 96.89 96.78 96.84 356.0 96.86 150.0 7419.0 2225.0 5194.0 0.0 96.8229
11:52:00 117.0 6576.0 95.88 96.78 96.9 96.78 96.77 256.0 96.79 203.0 6576.0 2385.0 4191.0 0.0 96.8611
11:53:00 112.0 5230.0 95.88 96.82 96.87 96.71 96.8 110.0 96.82 359.0 5230.0 2660.0 2570.0 0.0 96.7922
11:54:00 67.0 4752.0 95.88 96.86 96.87 96.8 96.84 450.0 96.86 160.0 4752.0 3283.0 1469.0 0.0 96.8424
11:55:00 84.0 4220.0 95.88 96.88 96.89 96.81 96.87 100.0 96.89 50.0 4220.0 2509.0 1711.0 0.0 96.8665
11:56:00 122.0 6754.0 95.88 96.89 96.92 96.85 96.88 450.0 96.89 2.0 6754.0 2765.0 3989.0 0.0 96.8806
11:57:00 96.0 3853.0 95.88 96.83 96.91 96.81 96.83 50.0 96.86 1547.0 3853.0 1072.0 2781.0 0.0 96.8615
11:58:00 83.0 5079.0 95.88 96.88 96.89 96.81 96.87 266.0 96.88 56.0 5079.0 1905.0 3174.0 0.0 96.8593
11:59:00 68.0 3571.0 95.88 96.86 96.89 96.84 96.85 250.0 96.87 58.0 3571.0 906.0 2665.0 0.0 96.8688
12:00:00 63.0 3308.0 95.88 96.87 96.88 96.81 96.86 167.0 96.88 177.0 3308.0 1458.0 1850.0 0.0 96.8548
12:01:00 126.0 5363.0 95.88 96.73 96.89 96.71 96.73 1050.0 96.76 101.0 5363.0 1827.0 3536.0 0.0 96.7632
12:02:00 70.0 3843.0 95.88 96.8 96.83 96.74 96.79 1451.0 96.82 188.0 3843.0 2665.0 1178.0 0.0 96.7801
12:03:00 85.0 3714.0 95.88 96.79 96.85 96.74 96.77 850.0 96.8 1204.0 3714.0 1441.0 2273.0 0.0 96.7963
12:04:00 118.0 4800.0 95.88 96.7 96.77 96.67 96.69 50.0 96.71 300.0 4800.0 1412.0 3388.0 0.0 96.7101
12:05:00 101.0 4581.0 95.88 96.77 96.79 96.58 96.76 600.0 96.78 251.0 4581.0 2945.0 1636.0 0.0 96.6941
12:06:00 84.0 3582.0 95.88 96.64 96.76 96.62 96.61 60.0 96.64 350.0 3582.0 852.0 2730.0 0.0 96.6998
12:07:00 88.0 4055.0 95.88 96.62 96.66 96.6 96.62 557.0 96.64 1.0 4055.0 2024.0 2031.0 0.0 96.6341
12:08:00 87.0 4268.0 95.88 96.6 96.66 96.59 96.57 1210.0 96.61 252.0 4268.0 2140.0 2128.0 0.0 96.6309
12:09:00 92.0 4121.0 95.88 96.56 96.61 96.52 96.55 100.0 96.57 602.0 4121.0 1647.0 2474.0 0.0 96.5667
12:10:00 210.0 9233.0 95.88 96.52 96.54 96.48 96.52 1217.0 96.54 100.0 9233.0 3478.0 5755.0 0.0 96.5203
12:11:00 112.0 4675.0 95.88 96.42 96.56 96.38 96.41 250.0 96.43 100.0 4675.0 1244.0 3431.0 0.0 96.4902
12:12:00 80.0 3707.0 95.88 96.41 96.45 96.4 96.38 3216.0 96.4 58.0 3707.0 1892.0 1815.0 0.0 96.4302
12:13:00 79.0 2975.0 95.88 96.32 96.4 96.32 96.35 2.0 96.37 458.0 2975.0 1534.0 1441.0 0.0 96.359
12:14:00 78.0 4944.0 95.88 96.34 96.37 96.31 96.31 1250.0 96.33 58.0 4944.0 2047.0 2897.0 0.0 96.3439
12:15:00 202.0 9328.0 95.88 96.27 96.34 96.16 96.26 150.0 96.28 57.0 9328.0 3287.0 6041.0 0.0 96.2307
12:16:00 79.0 3627.0 95.88 96.16 96.27 96.15 96.15 300.0 96.16 56.0 3627.0 1727.0 1900.0 0.0 96.1869
12:17:00 262.0 10121.0 95.88 96.08 96.17 96.0 96.06 500.0 96.08 55.0 10121.0 2854.0 7267.0 0.0 96.0583
12:18:00 125.0 6469.0 95.88 95.98 96.06 95.97 95.97 1150.0 96.0 50.0 6469.0 2225.0 4244.0 0.0 96.0116
12:19:00 161.0 4896.0 95.88 95.93 96.04 95.91 95.92 262.0 95.94 151.0 4896.0 1711.0 3185.0 0.0 95.9608
12:20:00 184.0 8615.0 95.88 95.98 95.99 95.84 95.97 600.0 95.98 20.0 8615.0 3660.0 4955.0 0.0 95.9006
12:21:00 60.0 2506.0 95.88 95.96 95.99 95.93 95.95 151.0 95.97 101.0 2506.0 712.0 1794.0 0.0 95.9697
12:22:00 78.0 2867.0 95.88 95.85 95.95 95.83 95.85 2.0 95.86 408.0 2867.0 1084.0 1783.0 0.0 95.8707
12:23:00 89.0 4110.0 95.88 95.81 95.92 95.81 95.81 650.0 95.83 202.0 4110.0 1694.0 2416.0 0.0 95.8521
12:24:00 195.0 9482.0 95.88 95.91 95.91 95.74 95.91 200.0 95.92 337.0 9482.0 3825.0 5657.0 0.0 95.8498
12:25:00 82.0 3576.0 95.88 95.87 95.92 95.81 95.86 111.0 95.89 581.0 3576.0 1242.0 2334.0 0.0 95.8766
12:26:00 68.0 3486.0 95.88 95.96 95.98 95.89 95.95 3.0 95.96 104.0 3486.0 1903.0 1583.0 0.0 95.9433
12:27:00 124.0 7166.0 95.88 96.09 96.115 95.92 96.08 2.0 96.1 2450.0 7166.0 3948.0 3218.0 0.0 96.0349
12:28:00 153.0 6529.0 95.88 95.94 96.1 95.92 95.93 53.0 95.95 102.0 6529.0 1898.0 4631.0 0.0 95.9966
12:29:00 101.0 4129.0 95.88 95.98 96.065 95.96 95.98 150.0 95.99 500.0 4129.0 1717.0 2412.0 0.0 95.997
12:30:00 170.0 7813.0 95.88 96.05 96.09 95.93 96.05 251.0 96.07 10.0 7813.0 4171.0 3642.0 0.0 96.0198
12:31:00 176.0 8010.0 95.88 96.12 96.175 96.04 96.1 150.0 96.13 500.0 8010.0 4971.0 3039.0 0.0 96.1303
12:32:00 149.0 6931.0 95.88 95.89 96.11 95.89 95.88 165.0 95.91 1477.0 6931.0 1740.0 5191.0 0.0 96.0116
12:33:00 153.0 7097.0 95.88 95.92 95.97 95.88 95.91 251.0 95.94 1600.0 7097.0 2834.0 4263.0 0.0 95.9259
12:34:00 121.0 4620.0 95.88 95.93 96.0 95.88 95.92 2.0 95.95 2050.0 4620.0 2958.0 1662.0 0.0 95.9372
12:35:00 102.0 4347.0 95.88 95.85 95.97 95.83 95.84 160.0 95.87 350.0 4347.0 1156.0 3191.0 0.0 95.8933
12:36:00 157.0 9041.0 95.88 95.79 95.89 95.75 95.77 451.0 95.79 50.0 9041.0 1583.0 7458.0 0.0 95.8054
12:37:00 110.0 5877.0 95.88 95.78 95.86 95.78 95.79 350.0 95.81 100.0 5877.0 3484.0 2393.0 0.0 95.8145
12:38:00 73.0 2926.0 95.88 95.82 95.83 95.78 95.81 100.0 95.83 445.0 2926.0 1206.0 1720.0 0.0 95.8042
12:39:00 216.0 10125.0 95.88 95.78 95.85 95.73 95.78 3.0 95.79 150.0 10125.0 3189.0 6936.0 0.0 95.7792
12:40:00 159.0 7246.0 95.88 95.88 95.88 95.75 95.88 250.0 95.9 100.0 7246.0 5258.0 1988.0 0.0 95.8153
12:41:00 63.0 2688.0 95.88 95.8 95.88 95.8 95.8 1210.0 95.83 500.0 2688.0 913.0 1775.0 0.0 95.8459
12:42:00 73.0 2925.0 95.88 95.8 95.88 95.8 95.79 1.0 95.81 250.0 2925.0 1219.0 1706.0 0.0 95.8431
12:43:00 95.0 3345.0 95.88 95.86 95.9 95.79 95.83 10.0 95.85 251.0 3345.0 1565.0 1780.0 0.0 95.8471
12:44:00 90.0 3470.0 95.88 95.89 95.92 95.84 95.87 202.0 95.9 250.0 3470.0 1525.0 1945.0 0.0 95.88
12:45:00 82.0 3516.0 95.88 95.84 95.91 95.83 95.84 50.0 95.85 33.0 3516.0 1605.0 1911.0 0.0 95.8615
12:46:00 183.0 7158.0 95.88 95.74 95.84 95.67 95.73 505.0 95.75 25.0 7158.0 2663.0 4495.0 0.0 95.7505
12:47:00 200.0 7821.0 95.88 95.65 95.76 95.61 95.65 101.0 95.67 400.0 7821.0 1921.0 5900.0 0.0 95.6641
12:48:00 66.0 2999.0 95.88 95.66 95.69 95.65 95.66 100.0 95.67 300.0 2999.0 1056.0 1943.0 0.0 95.6644
12:49:00 106.0 4643.0 95.88 95.65 95.69 95.6 95.64 5.0 95.66 1050.0 4643.0 1617.0 3026.0 0.0 95.6375
12:50:00 188.0 6334.0 95.88 95.61 95.7 95.58 95.6 101.0 95.62 450.0 6334.0 2247.0 4087.0 0.0 95.6263
12:51:00 141.0 5630.0 95.88 95.73 95.75 95.59 95.72 10.0 95.73 53.0 5630.0 2768.0 2862.0 0.0 95.66
12:52:00 139.0 5816.0 95.88 95.75 95.82 95.68 95.74 350.0 95.77 2044.0 5816.0 1960.0 3856.0 0.0 95.7328
12:53:00 75.0 2728.0 95.88 95.8 95.85 95.75 95.79 200.0 95.81 50.0 2728.0 1333.0 1395.0 0.0 95.7838
12:54:00 87.0 3768.0 95.88 95.77 95.81 95.74 95.76 2.0 95.77 100.0 3768.0 1722.0 2046.0 0.0 95.7739
12:55:00 83.0 3865.0 95.88 95.78 95.8 95.75 95.76 50.0 95.78 100.0 3865.0 2380.0 1485.0 0.0 95.7718
12:56:00 60.0 2877.0 95.88 95.83 95.89 95.78 95.82 250.0 95.85 1150.0 2877.0 1860.0 1017.0 0.0 95.8368
12:57:00 93.0 5211.0 95.88 95.96 95.98 95.82 95.95 2.0 95.97 1050.0 5211.0 3753.0 1458.0 0.0 95.9093
12:58:00 84.0 3813.0 95.88 96.0 96.03 95.9 95.97 261.0 96.0 150.0 3813.0 2204.0 1609.0 0.0 95.9726
12:59:00 136.0 6146.0 95.88 95.95 95.99 95.89 95.92 550.0 95.94 150.0 6146.0 2603.0 3543.0 0.0 95.9536
13:00:00 109.0 6074.0 95.88 95.89 95.93 95.85 95.87 2300.0 95.9 150.0 6074.0 3369.0 2705.0 0.0 95.8952
13:01:00 123.0 5387.0 95.88 95.89 95.92 95.86 95.88 79.0 95.91 1550.0 5387.0 1671.0 3716.0 0.0 95.8776
13:02:00 92.0 4054.0 95.88 95.88 95.92 95.8 95.86 101.0 95.88 450.0 4054.0 1918.0 2136.0 0.0 95.8584
13:03:00 190.0 7613.0 95.88 95.66 95.9 95.66 95.65 8.0 95.68 150.0 7613.0 2502.0 5111.0 0.0 95.7685
13:04:00 88.0 4747.0 95.88 95.66 95.7 95.62 95.64 430.0 95.67 250.0 4747.0 2488.0 2259.0 0.0 95.6512
13:05:00 149.0 6091.0 95.88 95.54 95.66 95.52 95.53 1150.0 95.56 50.0 6091.0 1610.0 4481.0 0.0 95.5693
13:06:00 97.0 4524.0 95.88 95.58 95.59 95.52 95.58 250.0 95.59 100.0 4524.0 2512.0 2012.0 0.0 95.5648
13:07:00 377.0 13491.0 95.88 95.48 95.58 95.48 95.48 988.0 95.5 121.0 13491.0 2976.0 10515.0 0.0 95.524
13:08:00 268.0 12532.0 95.88 95.4 95.5 95.36 95.4 50.0 95.42 150.0 12532.0 3181.0 9351.0 0.0 95.426
13:09:00 124.0 6302.0 95.88 95.46 95.48 95.4 95.46 200.0 95.48 1050.0 6302.0 3452.0 2850.0 0.0 95.4382
13:10:00 80.0 3310.0 95.88 95.48 95.56 95.44 95.48 150.0 95.5 201.0 3310.0 2174.0 1136.0 0.0 95.4959
13:11:00 133.0 5853.0 95.88 95.46 95.52 95.43 95.45 400.0 95.47 300.0 5853.0 2264.0 3589.0 0.0 95.4807
13:12:00 188.0 9984.0 95.88 95.42 95.52 95.38 95.42 2.0 95.44 300.0 9984.0 4326.0 5658.0 0.0 95.4497
13:13:00 117.0 5854.0 95.88 95.39 95.42 95.35 95.38 250.0 95.4 243.0 5854.0 2170.0 3684.0 0.0 95.3812
13:14:00 126.0 6051.0 95.88 95.49 95.52 95.37 95.46 108.0 95.48 450.0 6051.0 3541.0 2510.0 0.0 95.4406
13:15:00 157.0 7585.0 95.88 95.58 95.58 95.46 95.57 303.0 95.59 350.0 7585.0 5551.0 2034.0 0.0 95.522
13:16:00 270.0 13709.0 95.88 95.72 95.76 95.56 95.74 155.0 95.75 100.0 13709.0 6875.0 6834.0 0.0 95.667
13:17:00 138.0 5230.0 95.88 95.73 95.78 95.68 95.71 260.0 95.74 2000.0 5230.0 2166.0 3064.0 0.0 95.7318
13:18:00 426.0 23807.0 95.88 95.45 95.77 95.45 95.45 306.0 95.46 244.0 23807.0 8544.0 15263.0 0.0 95.5275
13:19:00 345.0 16436.0 95.88 95.37 95.51 95.36 95.36 5.0 95.37 50.0 16436.0 7274.0 9162.0 0.0 95.4453
13:20:00 209.0 10577.0 95.88 95.36 95.44 95.34 95.37 1.0 95.38 200.0 10577.0 4053.0 6524.0 0.0 95.3729
13:21:00 136.0 7897.0 95.88 95.3 95.42 95.29 95.3 214.0 95.32 100.0 7897.0 1347.0 6550.0 0.0 95.3368
13:22:00 233.0 8239.0 95.88 95.21 95.32 95.17 95.21 300.0 95.22 201.0 8239.0 2409.0 5830.0 0.0 95.2231
13:23:00 85.0 4240.0 95.88 95.22 95.25 95.18 95.21 200.0 95.23 250.0 4240.0 2436.0 1804.0 0.0 95.2205
13:24:00 143.0 5529.0 95.88 95.13 95.25 95.12 95.14 227.0 95.16 5.0 5529.0 2195.0 3334.0 0.0 95.1723
13:25:00 114.0 3354.0 95.88 95.08 95.15 95.07 95.07 104.0 95.09 50.0 3354.0 805.0 2549.0 0.0 95.1008
13:26:00 58.0 2938.0 95.88 95.16 95.19 95.1 95.16 1.0 95.17 200.0 2938.0 2138.0 800.0 0.0 95.1412
13:27:00 156.0 9341.0 95.88 95.28 95.33 95.16 95.27 400.0 95.29 400.0 9341.0 6967.0 2374.0 0.0 95.2859
13:28:00 89.0 3940.0 95.88 95.3 95.3 95.19 95.29 201.0 95.31 100.0 3940.0 1781.0 2159.0 0.0 95.2487
13:29:00 54.0 2349.0 95.88 95.25 95.29 95.24 95.24 250.0 95.27 350.0 2349.0 1248.0 1101.0 0.0 95.2558
13:30:00 82.0 5397.0 95.88 95.11 95.24 95.08 95.1 2350.0 95.12 405.0 5397.0 1156.0 4241.0 0.0 95.1588
13:31:00 187.0 10318.0 95.88 95.24 95.33 95.09 95.25 238.0 95.28 100.0 10318.0 4493.0 5825.0 0.0 95.2307
13:32:00 84.0 4065.0 95.88 95.36 95.36 95.21 95.34 50.0 95.36 100.0 4065.0 2220.0 1845.0 0.0 95.2601
13:33:00 83.0 3376.0 95.88 95.21 95.33 95.19 95.2 1200.0 95.23 100.0 3376.0 1356.0 2020.0 0.0 95.2664
13:34:00 118.0 5849.0 95.88 95.28 95.29 95.19 95.28 254.0 95.3 400.0 5849.0 3576.0 2273.0 0.0 95.2516
13:35:00 129.0 6533.0 95.88 95.4 95.4 95.29 95.4 50.0 95.42 447.0 6533.0 3870.0 2663.0 0.0 95.3368
13:36:00 107.0 5065.0 95.88 95.54 95.54 95.33 95.54 56.0 95.57 153.0 5065.0 2594.0 2471.0 0.0 95.4442
13:37:00 131.0 6492.0 95.88 95.455 95.57 95.43 95.44 100.0 95.46 50.0 6492.0 4032.0 2460.0 0.0 95.4852
13:38:00 95.0 4917.0 95.88 95.36 95.48 95.34 95.35 1650.0 95.38 200.0 4917.0 1998.0 2919.0 0.0 95.3948
13:39:00 105.0 5390.0 95.88 95.33 95.42 95.31 95.33 50.0 95.35 100.0 5390.0 1612.0 3778.0 0.0 95.3708
13:40:00 82.0 6196.0 95.88 95.31 95.38 95.28 95.29 250.0 95.32 250.0 6196.0 1395.0 4801.0 0.0 95.3203
13:41:00 107.0 5790.0 95.88 95.32 95.33 95.22 95.31 150.0 95.32 40.0 5790.0 3152.0 2638.0 0.0 95.2742
13:42:00 77.0 4196.0 95.88 95.34 95.39 95.31 95.32 200.0 95.34 1.0 4196.0 1412.0 2784.0 0.0 95.3494
13:43:00 209.0 10201.0 95.88 95.37 95.48 95.34 95.38 550.0 95.41 150.0 10201.0 5039.0 5162.0 0.0 95.3943
13:44:00 99.0 4328.0 95.88 95.3 95.4 95.24 95.29 150.0 95.32 150.0 4328.0 1257.0 3071.0 0.0 95.2957
13:45:00 79.0 4032.0 95.88 95.38 95.39 95.25 95.39 297.0 95.42 84.0 4032.0 1604.0 2428.0 0.0 95.3161
13:46:00 59.0 4568.0 95.88 95.36 95.42 95.29 95.35 2160.0 95.38 1250.0 4568.0 3165.0 1403.0 0.0 95.3558
13:47:00 81.0 4175.0 95.88 95.38 95.43 95.31 95.36 2584.0 95.39 150.0 4175.0 2533.0 1642.0 0.0 95.3785
13:48:00 155.0 7753.0 95.88 95.45 95.45 95.35 95.44 300.0 95.46 61.0 7753.0 5150.0 2603.0 0.0 95.3808
13:49:00 146.0 7309.0 95.88 95.51 95.52 95.37 95.5 100.0 95.52 60.0 7309.0 3114.0 4195.0 0.0 95.4577
13:50:00 121.0 5918.0 95.88 95.54 95.56 95.43 95.53 800.0 95.55 100.0 5918.0 2902.0 3016.0 0.0 95.4992
13:51:00 187.0 8305.0 95.88 95.49 95.62 95.47 95.47 50.0 95.5 50.0 8305.0 4581.0 3724.0 0.0 95.5402
13:52:00 127.0 14500.0 95.88 95.49 95.53 95.44 95.49 150.0 95.52 1551.0 14500.0 6492.0 8008.0 0.0 95.5091
13:53:00 100.0 5919.0 95.88 95.52 95.52 95.42 95.49 350.0 95.52 150.0 5919.0 2707.0 3212.0 0.0 95.472
13:54:00 60.0 3609.0 95.88 95.54 95.54 95.47 95.51 160.0 95.53 150.0 3609.0 1203.0 2406.0 0.0 95.5039
13:55:00 81.0 4077.0 95.88 95.49 95.54 95.46 95.47 2707.0 95.5 150.0 4077.0 1944.0 2133.0 0.0 95.4884
13:56:00 66.0 4683.0 95.88 95.51 95.53 95.45 95.5 150.0 95.52 322.0 4683.0 2400.0 2283.0 0.0 95.5007
13:57:00 284.0 12338.0 95.88 95.58 95.58 95.48 95.55 1550.0 95.58 405.0 12338.0 7240.0 5098.0 0.0 95.5364
13:58:00 223.0 13303.0 95.88 95.84 95.84 95.55 95.84 50.0 95.86 100.0 13303.0 8258.0 5045.0 0.0 95.7262
13:59:00 190.0 9126.0 95.88 95.83 95.92 95.8 95.82 305.0 95.84 100.0 9126.0 4937.0 4189.0 0.0 95.8625
14:00:00 78.0 3785.0 95.88 95.77 95.83 95.74 95.75 200.0 95.77 50.0 3785.0 2445.0 1340.0 0.0 95.7907
14:01:00 110.0 11521.0 95.88 95.88 95.9 95.73 95.85 150.0 95.87 200.0 11521.0 9015.0 2506.0 0.0 95.8301
14:02:00 100.0 6480.0 95.88 95.99 95.99 95.87 95.97 2650.0 96.0 927.0 6480.0 3698.0 2782.0 0.0 95.9379
14:03:00 147.0 7623.0 95.88 95.93 96.03 95.91 95.92 150.0 95.94 256.0 7623.0 3543.0 4080.0 0.0 95.9765
14:04:00 63.0 2920.0 95.88 95.99 95.99 95.9 95.99 251.0 96.01 163.0 2920.0 1840.0 1080.0 0.0 95.9462
14:05:00 87.0 4114.0 95.88 95.93 96.05 95.93 95.92 400.0 95.95 555.0 4114.0 1837.0 2277.0 0.0 95.9688
14:06:00 101.0 5712.0 95.88 96.0 96.0 95.93 95.98 1047.0 96.01 250.0 5712.0 4062.0 1650.0 0.0 95.9698
14:07:00 111.0 6029.0 95.88 96.01 96.16 95.98 96.0 50.0 96.03 1250.0 6029.0 3237.0 2792.0 0.0 96.0776
14:08:00 154.0 8424.0 95.88 95.97 96.0 95.88 95.97 154.0 95.99 250.0 8424.0 3329.0 5095.0 0.0 95.9335
14:09:00 85.0 4464.0 95.88 96.03 96.03 95.96 96.01 200.0 96.03 200.0 4464.0 2236.0 2228.0 0.0 95.9905
14:10:00 88.0 4768.0 95.88 96.0 96.08 96.0 95.98 1035.0 96.01 105.0 4768.0 2999.0 1769.0 0.0 96.0469
14:11:00 72.0 4668.0 95.88 95.96 96.11 95.94 95.94 1981.0 95.97 253.0 4668.0 2247.0 2421.0 0.0 96.0258
14:12:00 126.0 8000.0 95.88 95.96 96.02 95.95 95.94 100.0 95.97 1250.0 8000.0 4091.0 3909.0 0.0 95.985
14:13:00 93.0 5056.0 95.88 95.91 95.98 95.91 95.9 270.0 95.92 305.0 5056.0 2423.0 2633.0 0.0 95.9449
14:14:00 102.0 6051.0 95.88 95.86 95.9 95.83 95.86 50.0 95.88 100.0 6051.0 3350.0 2701.0 0.0 95.8595
14:15:00 58.0 3324.0 95.88 95.84 95.93 95.83 95.84 250.0 95.86 200.0 3324.0 2227.0 1097.0 0.0 95.852
14:16:00 220.0 9099.0 95.88 95.8 95.89 95.75 95.79 850.0 95.81 1.0 9099.0 3704.0 5395.0 0.0 95.8046
14:17:00 123.0 6156.0 95.88 95.68 95.83 95.65 95.67 200.0 95.7 2350.0 6156.0 2952.0 3204.0 0.0 95.718
14:18:00 98.0 4650.0 95.88 95.76 95.78 95.66 95.74 122.0 95.76 950.0 4650.0 2592.0 2058.0 0.0 95.7395
14:19:00 82.0 4129.0 95.88 95.76 95.8 95.67 95.73 101.0 95.75 219.0 4129.0 1637.0 2492.0 0.0 95.7299
14:20:00 58.0 2913.0 95.88 95.79 95.82 95.74 95.78 1850.0 95.81 400.0 2913.0 1693.0 1220.0 0.0 95.7836
14:21:00 109.0 6011.0 95.88 95.77 95.81 95.72 95.75 200.0 95.76 300.0 6011.0 2114.0 3897.0 0.0 95.7634
14:22:00 94.0 5653.0 95.88 95.72 95.76 95.67 95.72 324.0 95.74 740.0 5653.0 3290.0 2363.0 0.0 95.7183
14:23:00 114.0 6910.0 95.88 95.69 95.75 95.68 95.69 162.0 95.7 100.0 6910.0 2965.0 3945.0 0.0 95.7192
14:24:00 60.0 3604.0 95.88 95.73 95.75 95.68 95.71 200.0 95.73 750.0 3604.0 1492.0 2112.0 0.0 95.7119
14:25:00 201.0 10561.0 95.88 95.5 95.72 95.46 95.48 2351.0 95.51 150.0 10561.0 3328.0 7233.0 0.0 95.553
14:26:00 103.0 5134.0 95.88 95.51 95.52 95.46 95.5 1450.0 95.52 200.0 5134.0 2865.0 2269.0 0.0 95.4944
14:27:00 105.0 6956.0 95.88 95.43 95.53 95.43 95.42 171.0 95.44 200.0 6956.0 1854.0 5102.0 0.0 95.4692
14:28:00 159.0 10331.0 95.88 95.46 95.5 95.42 95.44 319.0 95.46 250.0 10331.0 4977.0 5354.0 0.0 95.4745
14:29:00 117.0 6804.0 95.88 95.42 95.48 95.39 95.41 350.0 95.43 400.0 6804.0 2753.0 4051.0 0.0 95.4337
14:30:00 103.0 5351.0 95.88 95.42 95.47 95.39 95.42 150.0 95.45 450.0 5351.0 2712.0 2639.0 0.0 95.4343
14:31:00 79.0 4506.0 95.88 95.49 95.49 95.41 95.48 201.0 95.5 1607.0 4506.0 3095.0 1411.0 0.0 95.4621
14:32:00 146.0 9025.0 95.88 95.49 95.56 95.45 95.48 11.0 95.5 150.0 9025.0 5323.0 3702.0 0.0 95.5176
14:33:00 143.0 6461.0 95.88 95.32 95.49 95.32 95.3 1486.0 95.33 456.0 6461.0 2095.0 4366.0 0.0 95.4102
14:34:00 153.0 10736.0 95.88 95.24 95.37 95.23 95.24 100.0 95.25 200.0 10736.0 3206.0 7530.0 0.0 95.286
14:35:00 154.0 8622.0 95.88 95.25 95.33 95.2 95.24 150.0 95.26 100.0 8622.0 4153.0 4469.0 0.0 95.2765
14:36:00 93.0 6321.0 95.88 95.37 95.45 95.25 95.35 100.0 95.38 50.0 6321.0 3841.0 2480.0 0.0 95.3455
14:37:00 75.0 3599.0 95.88 95.38 95.41 95.34 95.37 150.0 95.4 1255.0 3599.0 1929.0 1670.0 0.0 95.3819
14:38:00 97.0 5851.0 95.88 95.44 95.46 95.35 95.42 356.0 95.44 1400.0 5851.0 3624.0 2227.0 0.0 95.4138
14:39:00 83.0 3744.0 95.88 95.38 95.44 95.37 95.37 51.0 95.39 100.0 3744.0 1422.0 2322.0 0.0 95.4109
14:40:00 47.0 2651.0 95.88 95.43 95.46 95.37 95.43 100.0 95.45 451.0 2651.0 1833.0 818.0 0.0 95.4308
14:41:00 136.0 9315.0 95.88 95.62 95.67 95.42 95.6 250.0 95.63 100.0 9315.0 4322.0 4993.0 0.0 95.5784
14:42:00 90.0 5755.0 95.88 95.6 95.64 95.57 95.57 2150.0 95.6 100.0 5755.0 3180.0 2575.0 0.0 95.6071
14:43:00 128.0 6955.0 95.88 95.58 95.66 95.55 95.58 400.0 95.61 150.0 6955.0 3988.0 2967.0 0.0 95.6187
14:44:00 78.0 4771.0 95.88 95.54 95.63 95.53 95.55 300.0 95.56 110.0 4771.0 1243.0 3528.0 0.0 95.5722
14:45:00 91.0 4349.0 95.88 95.58 95.58 95.49 95.58 50.0 95.6 200.0 4349.0 2249.0 2100.0 0.0 95.5376
14:46:00 71.0 4728.0 95.88 95.66 95.68 95.54 95.65 50.0 95.67 250.0 4728.0 2257.0 2471.0 0.0 95.6086
14:47:00 58.0 3629.0 95.88 95.69 95.72 95.65 95.67 1600.0 95.7 150.0 3629.0 2335.0 1294.0 0.0 95.6876
14:48:00 95.0 5832.0 95.88 95.62 95.67 95.6 95.62 100.0 95.65 1550.0 5832.0 1998.0 3834.0 0.0 95.6348
14:49:00 102.0 6802.0 95.88 95.51 95.63 95.47 95.5 250.0 95.52 100.0 6802.0 1779.0 5023.0 0.0 95.5518
14:50:00 69.0 3049.0 95.88 95.54 95.55 95.49 95.53 200.0 95.55 150.0 3049.0 1585.0 1464.0 0.0 95.5292
14:51:00 99.0 6877.0 95.88 95.48 95.54 95.47 95.46 1157.0 95.48 250.0 6877.0 1957.0 4920.0 0.0 95.4969
14:52:00 153.0 8654.0 95.88 95.39 95.46 95.36 95.38 150.0 95.4 446.0 8654.0 3168.0 5486.0 0.0 95.4189
14:53:00 111.0 7125.0 95.88 95.35 95.45 95.34 95.35 750.0 95.37 100.0 7125.0 2817.0 4308.0 0.0 95.3817
14:54:00 143.0 10305.0 95.88 95.25 95.37 95.21 95.24 50.0 95.26 509.0 10305.0 4045.0 6260.0 0.0 95.2588
14:55:00 109.0 6353.0 95.88 95.28 95.31 95.23 95.26 100.0 95.28 150.0 6353.0 2471.0 3882.0 0.0 95.263
14:56:00 186.0 12419.0 95.88 95.2 95.29 95.18 95.19 1250.0 95.21 200.0 12419.0 5083.0 7336.0 0.0 95.2398
14:57:00 92.0 5617.0 95.88 95.28 95.3 95.19 95.27 200.0 95.29 260.0 5617.0 2971.0 2646.0 0.0 95.24
14:58:00 157.0 10252.0 95.88 95.38 95.42 95.27 95.37 1.0 95.38 50.0 10252.0 4714.0 5538.0 0.0 95.3206
14:59:00 114.0 5787.0 95.88 95.41 95.47 95.34 95.39 845.0 95.42 950.0 5787.0 3340.0 2447.0 0.0 95.4104
15:00:00 77.0 4763.0 95.88 95.32 95.41 95.32 95.32 50.0 95.34 100.0 4763.0 1492.0 3271.0 0.0 95.351
15:01:00 157.0 8034.0 95.88 95.5 95.53 95.32 95.48 150.0 95.51 200.0 8034.0 5105.0 2929.0 0.0 95.4607
15:02:00 67.0 3203.0 95.88 95.45 95.5 95.44 95.44 400.0 95.45 500.0 3203.0 1744.0 1459.0 0.0 95.4662
15:03:00 118.0 7062.0 95.88 95.56 95.58 95.43 95.56 2.0 95.58 550.0 7062.0 3567.0 3495.0 0.0 95.5172
15:04:00 89.0 6072.0 95.88 95.59 95.62 95.5 95.58 237.0 95.6 405.0 6072.0 4598.0 1474.0 0.0 95.5714
15:05:00 98.0 4807.0 95.88 95.5 95.58 95.43 95.5 1551.0 95.52 125.0 4807.0 2330.0 2477.0 0.0 95.4924
15:06:00 179.0 8971.0 95.88 95.59 95.6 95.48 95.57 450.0 95.6 250.0 8971.0 4108.0 4863.0 0.0 95.5342
15:07:00 140.0 6475.0 95.88 95.56 95.65 95.55 95.56 100.0 95.57 4.0 6475.0 2186.0 4289.0 0.0 95.6035
15:08:00 78.0 4961.0 95.88 95.57 95.61 95.55 95.56 700.0 95.58 498.0 4961.0 3301.0 1660.0 0.0 95.5838
15:09:00 126.0 6901.0 95.88 95.64 95.68 95.54 95.61 675.0 95.64 150.0 6901.0 3342.0 3559.0 0.0 95.6161
15:10:00 155.0 7950.0 95.88 95.39 95.62 95.36 95.39 250.0 95.42 350.0 7950.0 3567.0 4383.0 0.0 95.4527
15:11:00 106.0 5478.0 95.88 95.3 95.45 95.28 95.28 445.0 95.3 200.0 5478.0 1650.0 3828.0 0.0 95.3688
15:12:00 105.0 4361.0 95.88 95.23 95.29 95.22 95.23 1000.0 95.25 250.0 4361.0 1837.0 2524.0 0.0 95.2589
15:13:00 108.0 5463.0 95.88 95.26 95.33 95.2 95.24 251.0 95.27 2250.0 5463.0 3008.0 2455.0 0.0 95.261
15:14:00 142.0 7910.0 95.88 95.13 95.27 95.13 95.13 234.0 95.15 1304.0 7910.0 2206.0 5704.0 0.0 95.1979
15:15:00 96.0 6675.0 95.88 95.18 95.2 95.13 95.18 100.0 95.19 650.0 6675.0 3598.0 3077.0 0.0 95.168
15:16:00 236.0 16491.0 95.88 95.13 95.21 95.06 95.11 200.0 95.13 300.0 16491.0 5884.0 10607.0 0.0 95.1151
15:17:00 125.0 7929.0 95.88 95.2 95.24 95.1 95.18 366.0 95.2 744.0 7929.0 5370.0 2559.0 0.0 95.163
15:18:00 215.0 10249.0 95.88 95.19 95.22 95.14 95.18 138.0 95.19 300.0 10249.0 5470.0 4779.0 0.0 95.1839
15:19:00 121.0 4872.0 95.88 95.2 95.23 95.16 95.19 200.0 95.21 472.0 4872.0 2622.0 2250.0 0.0 95.1982
15:20:00 162.0 8257.0 95.88 95.35 95.35 95.18 95.33 600.0 95.35 200.0 8257.0 4918.0 3339.0 0.0 95.2352
15:21:00 154.0 8750.0 95.88 95.29 95.43 95.24 95.28 100.0 95.3 500.0 8750.0 4903.0 3847.0 0.0 95.3537
15:22:00 98.0 4496.0 95.88 95.21 95.29 95.15 95.2 350.0 95.23 1400.0 4496.0 2063.0 2433.0 0.0 95.2115
15:23:00 100.0 5651.0 95.88 95.18 95.25 95.18 95.19 50.0 95.21 700.0 5651.0 2275.0 3376.0 0.0 95.2131
15:24:00 89.0 4524.0 95.88 95.22 95.23 95.18 95.23 50.0 95.24 413.0 4524.0 1085.0 3439.0 0.0 95.2018
15:25:00 177.0 11851.0 95.88 95.29 95.35 95.19 95.29 200.0 95.3 100.0 11851.0 5782.0 6069.0 0.0 95.2666
15:26:00 79.0 5226.0 95.88 95.32 95.39 95.29 95.3 300.0 95.32 500.0 5226.0 3371.0 1855.0 0.0 95.3394
15:27:00 137.0 9675.0 95.88 95.35 95.39 95.27 95.35 100.0 95.36 300.0 9675.0 5133.0 4542.0 0.0 95.3317
15:28:00 185.0 10970.0 95.88 95.47 95.53 95.35 95.46 352.0 95.48 200.0 10970.0 5143.0 5827.0 0.0 95.4662
15:29:00 96.0 5670.0 95.88 95.41 95.5 95.41 95.4 1505.0 95.42 363.0 5670.0 2682.0 2988.0 0.0 95.4607
15:30:00 147.0 10175.0 95.88 95.41 95.45 95.4 95.42 100.0 95.43 109.0 10175.0 6018.0 4157.0 0.0 95.4282
15:31:00 197.0 11147.0 95.88 95.48 95.52 95.41 95.47 142.0 95.49 503.0 11147.0 6236.0 4911.0 0.0 95.4814
15:32:00 137.0 6860.0 95.88 95.48 95.49 95.43 95.46 2700.0 95.49 250.0 6860.0 3655.0 3205.0 0.0 95.465
15:33:00 150.0 6825.0 95.88 95.58 95.6 95.44 95.57 100.0 95.58 251.0 6825.0 3358.0 3467.0 0.0 95.5099
15:34:00 182.0 8179.0 95.88 95.46 95.64 95.45 95.46 400.0 95.48 250.0 8179.0 4412.0 3767.0 0.0 95.538
15:35:00 158.0 7320.0 95.88 95.51 95.53 95.43 95.5 1700.0 95.52 304.0 7320.0 3788.0 3532.0 0.0 95.4687
15:36:00 163.0 10080.0 95.88 95.54 95.59 95.5 95.53 200.0 95.55 2650.0 10080.0 4986.0 5094.0 0.0 95.5487
15:37:00 221.0 11816.0 95.88 95.5 95.59 95.47 95.5 200.0 95.51 609.0 11816.0 6090.0 5726.0 0.0 95.5417
15:38:00 183.0 10484.0 95.88 95.54 95.54 95.46 95.52 450.0 95.54 12.0 10484.0 7568.0 2916.0 0.0 95.5136
15:39:00 244.0 12515.0 95.88 95.37 95.53 95.36 95.36 361.0 95.38 75.0 12515.0 2768.0 9747.0 0.0 95.4243
15:40:00 183.0 7721.0 95.88 95.41 95.42 95.34 95.41 202.0 95.43 111.0 7721.0 4267.0 3454.0 0.0 95.3763
15:41:00 238.0 10300.0 95.88 95.45 95.46 95.35 95.44 510.0 95.46 107.0 10300.0 6655.0 3645.0 0.0 95.3802
15:42:00 281.0 12787.0 95.88 95.65 95.65 95.42 95.63 2555.0 95.66 50.0 12787.0 5274.0 7513.0 0.0 95.5064
15:43:00 295.0 9819.0 95.88 95.73 95.73 95.65 95.71 2450.0 95.74 29.0 9819.0 5577.0 4242.0 0.0 95.6858
15:44:00 296.0 13369.0 95.88 95.79 95.81 95.73 95.78 100.0 95.8 1580.0 13369.0 8022.0 5347.0 0.0 95.7661
15:45:00 237.0 10889.0 95.88 95.72 95.81 95.65 95.72 113.0 95.74 410.0 10889.0 6121.0 4768.0 0.0 95.7259
15:46:00 236.0 7769.0 95.88 95.84 95.84 95.72 95.82 2125.0 95.84 110.0 7769.0 5629.0 2140.0 0.0 95.7861
15:47:00 358.0 12908.0 95.88 95.95 95.99 95.82 95.94 42.0 95.96 2518.0 12908.0 6843.0 6065.0 0.0 95.9282
15:48:00 423.0 13632.0 95.88 95.73 95.95 95.66 95.72 323.0 95.74 150.0 13632.0 6585.0 7047.0 0.0 95.8134
15:49:00 473.0 19915.0 95.88 95.66 95.75 95.61 95.66 130.0 95.68 450.0 19915.0 11300.0 8615.0 0.0 95.7017
15:50:00 467.0 21344.0 95.88 95.7 95.77 95.58 95.66 16.0 95.7 50.0 21344.0 10775.0 10569.0 0.0 95.658
15:51:00 693.0 34179.0 95.88 95.6 95.77 95.59 95.58 1450.0 95.6 16.0 34179.0 17157.0 17022.0 0.0 95.6762
15:52:00 378.0 17354.0 95.88 95.65 95.65 95.59 95.64 222.0 95.65 50.0 17354.0 11520.0 5834.0 0.0 95.6219
15:53:00 725.0 28783.0 95.88 95.71 95.73 95.65 95.71 61.0 95.72 111.0 28783.0 15850.0 12933.0 0.0 95.6703
15:54:00 696.0 25865.0 95.88 95.7 95.75 95.69 95.7 956.0 95.71 370.0 25865.0 14396.0 11469.0 0.0 95.7183
15:55:00 737.0 35309.0 95.88 95.63 95.72 95.59 95.62 310.0 95.64 237.0 35309.0 15504.0 19805.0 0.0 95.6576
15:56:00 818.0 36461.0 95.88 95.6 95.7 95.55 95.59 130.0 95.6 310.0 36461.0 16190.0 20271.0 0.0 95.6163
15:57:00 441.0 20477.0 95.88 95.51 95.61 95.5 95.5 2130.0 95.51 1036.0 20477.0 9521.0 10956.0 0.0 95.5382
15:58:00 700.0 34108.0 95.88 95.47 95.51 95.39 95.47 404.0 95.48 668.0 34108.0 15690.0 18418.0 0.0 95.4493
15:59:00 642.0 38357.0 95.88 95.39 95.47 95.38 95.39 329.0 95.4 1989.0 38357.0 17075.0 21282.0 0.0 95.4174
16:00:00 1115.0 74713.0 95.88 95.33 95.4 95.29 95.32 56145.0 95.33 9490.0 74713.0 30697.0 44016.0 0.0 95.3489
16:01:00 2.0 3.0 95.88 95.51 95.51 95.32 95.32 112.0 95.38 33.0 3.0 0.0 3.0 0.0 95.51
16:02:00 2.0 2.0 95.88 95.51 95.51 95.51 95.33 1.0 95.38 33.0 2.0 1.0 1.0 0.0 95.51
16:03:00 5.0 72.0 95.88 95.51 95.51 95.33 95.41 40.0 95.38 33.0 72.0 3.0 69.0 0.0 95.3399
16:04:00 11.0 800.0 95.88 95.32 95.43 95.32 95.32 138.0 95.38 33.0 800.0 0.0 800.0 0.0 95.4172
16:05:00 19.0 323.0 95.88 95.29 95.37 95.29 95.23 34.0 95.3 332.0 323.0 29.0 294.0 0.0 95.3151
16:06:00 4.0 332.0 95.88 95.3 95.3 95.3 95.23 34.0 95.38 33.0 332.0 332.0 0.0 0.0 95.3
16:07:00 5.0 5.0 95.88 95.42 95.42 95.32 95.32 544.0 95.38 33.0 5.0 5.0 0.0 0.0 95.32
16:08:00 4.0 200.0 95.88 95.32 95.43 95.32 95.32 1.0 95.38 33.0 200.0 200.0 0.0 0.0 95.4289
16:09:00 1.0 1.0 95.88 95.32 95.32 95.32 95.32 1.0 95.38 33.0 1.0 0.0 1.0 0.0 95.32
16:10:00 0.0 0.0 95.88 95.32 nan nan 95.32 1.0 95.38 33.0 nan 0.0 0.0 0.0 nan
16:11:00 1.0 8.0 95.88 95.4 95.4 95.4 95.32 3.0 95.38 33.0 8.0 0.0 8.0 0.0 95.4
16:12:00 8.0 8.0 95.88 95.32 95.32 95.3 95.25 6.0 95.32 295.0 8.0 5.0 3.0 0.0 95.3175
16:13:00 0.0 0.0 95.88 95.32 nan nan 95.25 6.0 95.32 295.0 nan 0.0 0.0 0.0 nan
16:14:00 10.0 989.0 95.88 95.43 95.43 95.27 95.43 154.0 95.38 33.0 989.0 989.0 0.0 0.0 95.3312
16:15:00 16.0 239.0 95.88 95.7 95.7 95.62 95.43 154.0 95.38 33.0 239.0 72.0 167.0 0.0 95.686
16:16:00 2.0 0.0 95.88 95.45 95.75 95.45 95.43 155.0 95.38 33.0 nan 0.0 0.0 0.0 nan
16:17:00 2.0 0.0 95.88 95.48 95.48 95.45 95.43 155.0 95.38 33.0 nan 0.0 0.0 0.0 nan
16:18:00 2.0 0.0 95.88 95.67 95.67 95.67 95.45 2.0 95.38 33.0 nan 0.0 0.0 0.0 nan
16:19:00 0.0 0.0 95.88 95.67 nan nan 95.45 2.0 95.38 33.0 nan 0.0 0.0 0.0 nan
16:20:00 0.0 0.0 95.88 95.67 nan nan 95.45 2.0 95.38 33.0 nan 0.0 0.0 0.0 nan
16:21:00 1.0 0.0 95.88 95.67 95.67 95.67 95.45 2.0 95.38 33.0 nan 0.0 0.0 0.0 nan
16:22:00 3.0 0.0 95.88 95.5 95.51 95.5 95.45 2.0 95.38 33.0 nan 0.0 0.0 0.0 nan
16:23:00 1.0 2.0 95.88 95.6 95.6 95.6 95.5 5.0 95.38 33.0 2.0 0.0 2.0 0.0 95.6
16:24:00 2.0 4.0 95.88 95.56 95.56 95.56 95.5 5.0 95.38 33.0 4.0 4.0 0.0 0.0 95.56
16:25:00 1.0 0.0 95.88 95.43 95.43 95.43 95.5 5.0 95.38 33.0 nan 0.0 0.0 0.0 nan
16:26:00 0.0 0.0 95.88 95.43 nan nan 95.56 2.0 95.38 33.0 nan 0.0 0.0 0.0 nan
16:27:00 0.0 0.0 95.88 95.43 nan nan 95.56 2.0 95.38 33.0 nan 0.0 0.0 0.0 nan
16:28:00 3.0 10.0 95.88 95.5 95.56 95.5 95.5 2.0 95.38 33.0 10.0 0.0 10.0 0.0 95.512
16:29:00 0.0 0.0 95.88 95.5 nan nan 95.5 2.0 95.38 33.0 nan 0.0 0.0 0.0 nan
16:30:00 2.0 0.0 95.88 95.67 95.67 95.66 95.55 1.0 95.38 33.0 nan 0.0 0.0 0.0 nan
16:31:00 21.0 392.0 95.88 95.43 95.67 95.4 95.32 156.0 95.38 33.0 392.0 223.0 169.0 0.0 95.4614
16:32:00 0.0 0.0 95.88 95.43 nan nan 95.33 5.0 95.38 33.0 nan 0.0 0.0 0.0 nan
16:33:00 1.0 5.0 95.88 95.33 95.33 95.33 95.33 2.0 95.38 33.0 5.0 0.0 5.0 0.0 95.33
16:34:00 4.0 2.0 95.88 95.33 95.34 95.33 95.32 261.0 95.38 33.0 2.0 0.0 2.0 0.0 95.33
16:35:00 3.0 150.0 95.88 95.35 95.68 95.35 95.32 165.0 95.38 33.0 150.0 150.0 0.0 0.0 95.35
16:36:00 2.0 7.0 95.88 95.5 95.6 95.5 95.35 1.0 95.38 33.0 7.0 0.0 7.0 0.0 95.5286
16:37:00 0.0 0.0 95.88 95.5 nan nan 95.4 5.0 95.38 33.0 nan 0.0 0.0 0.0 nan
16:38:00 1.0 0.0 95.88 95.6 95.6 95.6 95.4 5.0 95.38 33.0 nan 0.0 0.0 0.0 nan
16:39:00 3.0 0.0 95.88 95.42 95.6 95.42 95.4 5.0 95.38 33.0 nan 0.0 0.0 0.0 nan
16:40:00 4.0 1.0 95.88 95.67 95.67 95.4 95.4 4.0 95.38 33.0 1.0 0.0 1.0 0.0 95.4
16:41:00 2.0 0.0 95.88 95.67 95.67 95.42 95.4 4.0 95.38 33.0 nan 0.0 0.0 0.0 nan
16:42:00 1.0 0.0 95.88 95.42 95.42 95.42 95.4 4.0 95.38 33.0 nan 0.0 0.0 0.0 nan
16:43:00 2.0 5.0 95.88 95.53 95.53 95.53 95.4 4.0 95.38 33.0 5.0 5.0 0.0 0.0 95.53
16:44:00 5.0 4.0 95.88 95.67 95.67 95.38 95.38 501.0 95.38 33.0 4.0 0.0 4.0 0.0 95.4
16:45:00 1.0 1.0 95.88 95.42 95.42 95.42 95.42 509.0 95.38 33.0 1.0 0.0 1.0 0.0 95.42
16:46:00 8.0 0.0 95.88 95.44 95.5 95.44 95.42 514.0 95.38 33.0 nan 0.0 0.0 0.0 nan
16:47:00 1.0 0.0 95.88 95.44 95.44 95.44 95.42 515.0 95.38 33.0 nan 0.0 0.0 0.0 nan
16:48:00 6.0 15.0 95.88 95.44 95.67 95.44 95.42 14.0 95.38 33.0 15.0 15.0 0.0 0.0 95.44
16:49:00 6.0 25.0 95.88 95.42 95.44 95.42 95.42 17.0 95.38 33.0 25.0 14.0 11.0 0.0 95.4392
16:50:00 5.0 13.0 95.88 95.38 95.44 95.38 95.42 9.0 95.38 33.0 13.0 5.0 8.0 0.0 95.4277
16:51:00 4.0 3.0 95.88 95.64 95.64 95.42 95.42 9.0 95.38 33.0 3.0 3.0 0.0 0.0 95.4933
16:52:00 7.0 115.0 95.88 95.42 95.44 95.36 95.42 4.0 95.38 33.0 115.0 104.0 11.0 0.0 95.4381
16:53:00 3.0 4.0 95.88 95.36 95.42 95.36 95.35 50.0 95.38 33.0 4.0 0.0 4.0 0.0 95.42
16:54:00 1.0 0.0 95.88 95.68 95.68 95.68 95.35 50.0 95.38 33.0 nan 0.0 0.0 0.0 nan
16:55:00 2.0 0.0 95.88 95.36 95.64 95.36 95.42 2.0 95.38 33.0 nan 0.0 0.0 0.0 nan
16:56:00 2.0 1.0 95.88 95.73 95.73 95.69 95.42 2.0 95.38 33.0 1.0 0.0 1.0 0.0 95.69
16:57:00 3.0 0.0 95.88 95.39 95.8 95.39 95.42 2.0 95.38 33.0 nan 0.0 0.0 0.0 nan
16:58:00 0.0 0.0 95.88 95.39 nan nan 95.42 2.0 95.38 33.0 nan 0.0 0.0 0.0 nan
16:59:00 2.0 0.0 95.88 95.88 95.88 95.4 95.42 2.0 95.38 33.0 nan 0.0 0.0 0.0 nan
17:00:00 2.0 5.0 95.88 95.77 95.77 95.75 95.67 157.0 95.38 33.0 5.0 1.0 4.0 0.0 95.766
