time trade_count trade_volume trade_first trade_last trade_high trade_low bid_price bid_size ask_price ask_size hid_vol buy_vol sell_vol unsided_vol vwap
09:00:00 nan 1.0 106.4 106.44 106.44 106.4 106.35 3.0 106.44 214.0 1.0 0.0 1.0 0.0 106.4
09:01:00 12.0 98.0 106.4 106.42 106.44 106.32 106.35 40.0 106.44 14.0 98.0 0.0 98.0 0.0 106.3313
09:02:00 2.0 2.0 106.4 106.44 106.44 106.35 106.35 41.0 106.44 6.0 2.0 2.0 0.0 0.0 106.395
09:03:00 11.0 21.0 106.4 106.46 106.48 106.35 106.35 41.0 106.5 9.0 21.0 7.0 14.0 0.0 106.4505
09:04:00 13.0 90.0 106.4 106.5 106.5 106.44 106.36 1.0 106.64 20.0 90.0 90.0 0.0 0.0 106.4636
09:05:00 11.0 67.0 106.4 106.45 106.45 106.35 106.35 4.0 106.48 21.0 67.0 0.0 67.0 0.0 106.3555
09:06:00 5.0 0.0 106.4 106.45 106.46 106.45 106.4 1.0 106.45 1.0 nan 0.0 0.0 0.0 nan
09:07:00 5.0 7.0 106.4 106.46 106.46 106.38 106.39 2.0 106.47 6.0 7.0 1.0 6.0 0.0 106.3957
09:08:00 5.0 17.0 106.4 106.44 106.44 106.34 106.39 2.0 106.47 6.0 17.0 0.0 17.0 0.0 106.3776
09:09:00 2.0 0.0 106.4 106.44 106.46 106.44 106.39 2.0 106.47 6.0 nan 0.0 0.0 0.0 nan
09:10:00 10.0 26.0 106.4 106.46 106.5 106.35 106.4 300.0 106.46 1.0 26.0 18.0 8.0 0.0 106.3973
09:11:00 5.0 8.0 106.4 106.48 106.48 106.4 106.4 607.0 106.49 9.0 8.0 2.0 6.0 0.0 106.425
09:12:00 8.0 14.0 106.4 106.54 106.54 106.48 106.4 608.0 106.59 210.0 14.0 13.0 1.0 0.0 106.4857
09:13:00 5.0 520.0 106.4 106.4 106.54 106.4 106.4 93.0 106.59 254.0 520.0 0.0 520.0 0.0 106.4006
09:14:00 4.0 0.0 106.4 106.49 106.49 106.49 106.43 2.0 106.54 1444.0 nan 0.0 0.0 0.0 nan
09:15:00 2.0 1.0 106.4 106.5 106.5 106.49 106.4 101.0 106.54 54.0 1.0 0.0 1.0 0.0 106.5
09:16:00 14.0 107.0 106.4 106.39 106.43 106.38 106.35 48.0 106.44 1480.0 107.0 1.0 106.0 0.0 106.3996
09:17:00 7.0 16.0 106.4 106.42 106.44 106.36 106.35 25.0 106.44 10.0 16.0 12.0 4.0 0.0 106.37
09:18:00 7.0 6.0 106.4 106.44 106.44 106.35 106.4 1.0 106.44 77.0 6.0 4.0 2.0 0.0 106.4183
09:19:00 60.0 166.0 106.4 106.34 106.44 106.29 106.3 1.0 106.44 20.0 166.0 3.0 163.0 0.0 106.331
09:20:00 14.0 22.0 106.4 106.34 106.44 106.3 106.28 2.0 106.43 26.0 22.0 17.0 5.0 0.0 106.4123
09:21:00 13.0 161.0 106.4 106.26 106.34 106.25 106.31 4.0 106.44 4.0 161.0 59.0 102.0 0.0 106.2571
09:22:00 3.0 14.0 106.4 106.51 106.51 106.44 106.32 1.0 106.4 50.0 14.0 14.0 0.0 0.0 106.49
09:23:00 6.0 11.0 106.4 106.43 106.43 106.31 106.32 13.0 106.51 10.0 11.0 4.0 7.0 0.0 106.3982
09:24:00 5.0 5.0 106.4 106.47 106.49 106.42 106.32 5.0 106.51 10.0 5.0 0.0 5.0 0.0 106.446
09:25:00 2.0 21.0 106.4 106.42 106.42 106.4 106.35 1.0 106.42 5.0 21.0 20.0 1.0 0.0 106.419
09:26:00 27.0 403.0 106.4 106.49 106.52 106.42 106.47 249.0 106.54 91.0 403.0 346.0 57.0 0.0 106.4991
09:27:00 6.0 251.0 106.4 106.44 106.5 106.44 106.35 1.0 106.47 1210.0 251.0 0.0 251.0 0.0 106.4702
09:28:00 82.0 1233.0 106.4 106.07 106.46 106.07 106.06 30.0 106.29 61.0 1233.0 326.0 907.0 0.0 106.2052
09:29:00 25.0 187.0 106.4 106.03 106.06 106.02 106.02 23.0 106.13 37.0 187.0 54.0 133.0 0.0 106.0403
09:30:00 8.0 16.0 106.4 106.03 106.12 106.03 106.03 2.0 106.13 37.0 16.0 0.0 16.0 0.0 106.0975
09:31:00 941.0 21465.0 106.4 105.94 106.21 105.69 105.94 23.0 105.98 120.0 21465.0 5446.0 16019.0 0.0 105.9284
09:32:00 258.0 10315.0 106.4 105.7 105.94 105.51 105.67 1.0 105.71 103.0 10315.0 2433.0 7882.0 0.0 105.6993
09:33:00 352.0 12132.0 106.4 105.55 105.76 105.42 105.49 152.0 105.55 98.0 12132.0 5760.0 6372.0 0.0 105.5697
09:34:00 413.0 17424.0 106.4 105.065 105.55 105.04 105.04 201.0 105.09 309.0 17424.0 6096.0 11328.0 0.0 105.2142
09:35:00 221.0 8399.0 106.4 105.1 105.22 105.02 105.07 115.0 105.12 750.0 8399.0 2356.0 6043.0 0.0 105.0869
09:36:00 633.0 12043.0 106.4 105.07 105.12 104.95 105.05 19.0 105.1 150.0 12043.0 3293.0 8750.0 0.0 105.0297
09:37:00 187.0 6733.0 106.4 105.37 105.37 105.0 105.33 953.0 105.38 463.0 6733.0 5130.0 1603.0 0.0 105.1311
09:38:00 218.0 39292.0 106.4 105.11 105.42 105.08 105.11 9.0 105.15 210.0 39292.0 3454.0 35838.0 0.0 105.1872
09:39:00 379.0 10544.0 106.4 104.84 105.17 104.82 104.83 120.0 104.85 25.0 10544.0 4952.0 5592.0 0.0 105.0044
09:40:00 345.0 14383.0 106.4 104.68 104.97 104.64 104.66 53.0 104.71 200.0 14383.0 4201.0 10182.0 0.0 104.8192
09:41:00 585.0 25617.0 106.4 104.54 104.73 104.44 104.51 166.0 104.57 1050.0 25617.0 5364.0 20253.0 0.0 104.5676
09:42:00 320.0 12580.0 106.4 104.62 104.64 104.5 104.62 419.0 104.66 50.0 12580.0 3895.0 8685.0 0.0 104.5835
09:43:00 224.0 10910.0 106.4 104.74 104.84 104.58 104.71 272.0 104.75 150.0 10910.0 2728.0 8182.0 0.0 104.6962
09:44:00 284.0 10764.0 106.4 104.66 104.75 104.59 104.65 1.0 104.67 200.0 10764.0 4853.0 5911.0 0.0 104.6668
09:45:00 231.0 12678.0 106.4 104.7 104.81 104.615 104.69 837.0 104.72 148.0 12678.0 4873.0 7805.0 0.0 104.7093
09:46:00 280.0 13885.0 106.4 104.63 104.73 104.56 104.61 506.0 104.64 687.0 13885.0 5070.0 8815.0 0.0 104.6238
09:47:00 242.0 7778.0 106.4 104.79 104.85 104.62 104.77 926.0 104.79 100.0 7778.0 4606.0 3172.0 0.0 104.691
09:48:00 305.0 12414.0 106.4 104.67 104.91 104.61 104.67 30.0 104.7 885.0 12414.0 5227.0 7187.0 0.0 104.7253
09:49:00 373.0 16741.0 106.4 104.495 104.69 104.49 104.49 1.0 104.5 60.0 16741.0 2732.0 14009.0 0.0 104.5489
09:50:00 287.0 13128.0 106.4 104.47 104.57 104.44 104.47 2.0 104.48 100.0 13128.0 3804.0 9324.0 0.0 104.4856
09:51:00 430.0 12437.0 106.4 104.67 104.67 104.34 104.66 555.0 104.69 100.0 12437.0 6386.0 6051.0 0.0 104.443
09:52:00 447.0 23095.0 106.4 104.955 104.98 104.65 104.95 1470.0 104.97 153.0 23095.0 13171.0 9924.0 0.0 104.787
09:53:00 330.0 13808.0 106.4 104.74 105.01 104.74 104.72 1.0 104.74 25.0 13808.0 4655.0 9153.0 0.0 104.8707
09:54:00 227.0 10172.0 106.4 104.73 104.78 104.67 104.72 326.0 104.74 200.0 10172.0 4130.0 6042.0 0.0 104.7133
09:55:00 345.0 15257.0 106.4 104.51 104.75 104.48 104.5 659.0 104.54 140.0 15257.0 3686.0 11571.0 0.0 104.5772
09:56:00 378.0 15999.0 106.4 104.41 104.55 104.29 104.4 2.0 104.42 86.0 15999.0 3892.0 12107.0 0.0 104.3986
09:57:00 470.0 21587.0 106.4 104.295 104.43 104.23 104.29 222.0 104.3 300.0 21587.0 9515.0 12072.0 0.0 104.293
09:58:00 418.0 16666.0 106.4 104.2 104.31 104.2 104.19 120.0 104.21 1.0 16666.0 4860.0 11806.0 0.0 104.2778
09:59:00 345.0 13896.0 106.4 104.395 104.42 104.16 104.4 1.0 104.41 219.0 13896.0 6431.0 7465.0 0.0 104.2678
10:00:00 281.0 9968.0 106.4 104.62 104.65 104.395 104.59 207.0 104.62 169.0 9968.0 3908.0 6060.0 0.0 104.5455
10:01:00 385.0 20398.0 106.4 104.96 104.98 104.54 104.94 300.0 104.97 350.0 20398.0 9436.0 10962.0 0.0 104.8172
10:02:00 280.0 15446.0 106.4 104.76 104.94 104.73 104.76 300.0 104.78 447.0 15446.0 6884.0 8562.0 0.0 104.8088
10:03:00 237.0 9101.0 106.4 104.62 104.76 104.53 104.61 1129.0 104.63 100.0 9101.0 3136.0 5965.0 0.0 104.6374
10:04:00 380.0 16018.0 106.4 104.635 104.66 104.45 104.63 1268.0 104.68 450.0 16018.0 8814.0 7204.0 0.0 104.5359
10:05:00 231.0 12881.0 106.4 105.0 105.07 104.67 104.98 461.0 105.02 500.0 12881.0 6978.0 5903.0 0.0 104.8769
10:06:00 303.0 17416.0 106.4 105.11 105.12 104.91 105.09 1390.0 105.12 220.0 17416.0 7098.0 10318.0 0.0 105.0218
10:07:00 367.0 22064.0 106.4 105.17 105.295 105.095 105.17 23.0 105.2 403.0 22064.0 8844.0 13220.0 0.0 105.2096
10:08:00 189.0 8056.0 106.4 105.17 105.19 105.03 105.14 1.0 105.18 220.0 8056.0 3482.0 4574.0 0.0 105.1052
10:09:00 226.0 10268.0 106.4 105.15 105.24 105.1 105.11 357.0 105.15 750.0 10268.0 4629.0 5639.0 0.0 105.1525
10:10:00 254.0 8102.0 106.4 105.14 105.34 105.11 105.13 350.0 105.16 100.0 8102.0 4339.0 3763.0 0.0 105.2261
10:11:00 212.0 6626.0 106.4 105.11 105.2 105.08 105.1 414.0 105.12 100.0 6626.0 1985.0 4641.0 0.0 105.1279
10:12:00 200.0 7371.0 106.4 105.12 105.12 105.06 105.09 13.0 105.12 1060.0 7371.0 2919.0 4452.0 0.0 105.0901
10:13:00 328.0 14045.0 106.4 105.31 105.31 105.04 105.3 439.0 105.32 352.0 14045.0 7880.0 6165.0 0.0 105.1484
10:14:00 174.0 9247.0 106.4 105.16 105.36 105.16 105.15 596.0 105.18 652.0 9247.0 2764.0 6483.0 0.0 105.255
10:15:00 270.0 13909.0 106.4 105.14 105.3 105.14 105.14 140.0 105.16 420.0 13909.0 7522.0 6387.0 0.0 105.2178
10:16:00 327.0 10473.0 106.4 104.925 105.18 104.9 104.92 442.0 104.95 100.0 10473.0 4419.0 6054.0 0.0 105.002
10:17:00 446.0 23120.0 106.4 104.77 105.05 104.76 104.76 1167.0 104.79 200.0 23120.0 9511.0 13609.0 0.0 104.9066
10:18:00 220.0 11045.0 106.4 104.78 104.81 104.66 104.78 172.0 104.8 202.0 11045.0 4930.0 6115.0 0.0 104.7279
10:19:00 195.0 10633.0 106.4 104.79 104.85 104.71 104.77 200.0 104.8 150.0 10633.0 4046.0 6587.0 0.0 104.7904
10:20:00 267.0 10809.0 106.4 104.61 104.8 104.56 104.61 200.0 104.62 800.0 10809.0 4351.0 6458.0 0.0 104.6583
10:21:00 261.0 15412.0 106.4 104.68 104.72 104.57 104.66 1455.0 104.69 47.0 15412.0 8560.0 6852.0 0.0 104.6559
10:22:00 366.0 26346.0 106.4 104.89 104.91 104.66 104.88 1130.0 104.9 201.0 26346.0 13169.0 13177.0 0.0 104.8151
10:23:00 388.0 24780.0 106.4 104.78 104.94 104.72 104.8 10.0 104.81 200.0 24780.0 8047.0 16733.0 0.0 104.7969
10:24:00 241.0 14303.0 106.4 104.76 104.85 104.76 104.76 946.0 104.78 300.0 14303.0 5367.0 8936.0 0.0 104.802
10:25:00 364.0 31827.0 106.4 104.79 104.89 104.765 104.78 733.0 104.81 6.0 31827.0 12720.0 19107.0 0.0 104.8406
10:26:00 334.0 14998.0 106.4 104.59 104.82 104.54 104.59 880.0 104.61 100.0 14998.0 6450.0 8548.0 0.0 104.6884
10:27:00 223.0 11220.0 106.4 104.69 104.71 104.57 104.68 1350.0 104.72 150.0 11220.0 4771.0 6449.0 0.0 104.6143
10:28:00 152.0 7948.0 106.4 104.8 104.89 104.69 104.79 15.0 104.82 50.0 7948.0 4291.0 3657.0 0.0 104.8096
10:29:00 137.0 5794.0 106.4 104.79 104.87 104.77 104.79 200.0 104.8 400.0 5794.0 2672.0 3122.0 0.0 104.8151
10:30:00 229.0 7242.0 106.4 104.65 104.79 104.61 104.63 90.0 104.65 201.0 7242.0 3322.0 3920.0 0.0 104.702
10:31:00 183.0 11700.0 106.4 104.83 104.88 104.63 104.8 370.0 104.83 150.0 11700.0 7883.0 3817.0 0.0 104.744
10:32:00 528.0 16607.0 106.4 104.53 104.8 104.49 104.51 315.0 104.53 200.0 16607.0 3105.0 13502.0 0.0 104.5978
10:33:00 150.0 7422.0 106.4 104.64 104.64 104.515 104.64 638.0 104.67 251.0 7422.0 3453.0 3969.0 0.0 104.5678
10:34:00 82.0 4793.0 106.4 104.62 104.68 104.62 104.61 502.0 104.63 629.0 4793.0 1865.0 2928.0 0.0 104.654
10:35:00 173.0 9161.0 106.4 104.51 104.61 104.495 104.49 209.0 104.52 1650.0 9161.0 4280.0 4881.0 0.0 104.5515
10:36:00 261.0 15124.0 106.4 104.5 104.54 104.47 104.49 250.0 104.51 302.0 15124.0 8639.0 6485.0 0.0 104.4976
10:37:00 218.0 13263.0 106.4 104.58 104.6 104.47 104.57 129.0 104.59 450.0 13263.0 5928.0 7335.0 0.0 104.5257
10:38:00 239.0 10485.0 106.4 104.57 104.6 104.54 104.56 1231.0 104.58 408.0 10485.0 4805.0 5680.0 0.0 104.5643
10:39:00 233.0 12329.0 106.4 104.54 104.59 104.54 104.54 100.0 104.56 200.0 12329.0 6110.0 6219.0 0.0 104.5745
10:40:00 287.0 13292.0 106.4 104.42 104.58 104.42 104.41 1560.0 104.44 1952.0 13292.0 3143.0 10149.0 0.0 104.5041
10:41:00 162.0 8167.0 106.4 104.47 104.48 104.41 104.46 50.0 104.48 215.0 8167.0 5208.0 2959.0 0.0 104.4485
10:42:00 304.0 12491.0 106.4 104.32 104.48 104.29 104.31 1050.0 104.33 557.0 12491.0 2980.0 9511.0 0.0 104.3816
10:43:00 336.0 12903.0 106.4 104.19 104.31 104.19 104.18 863.0 104.21 1668.0 12903.0 5139.0 7764.0 0.0 104.2272
10:44:00 288.0 14150.0 106.4 104.14 104.19 104.13 104.13 242.0 104.15 1598.0 14150.0 7081.0 7069.0 0.0 104.1619
10:45:00 296.0 13007.0 106.4 104.16 104.18 104.09 104.14 320.0 104.16 1101.0 13007.0 5610.0 7397.0 0.0 104.1344
10:46:00 208.0 12118.0 106.4 104.3 104.34 104.09 104.29 100.0 104.3 102.0 12118.0 7601.0 4517.0 0.0 104.1897
10:47:00 147.0 6856.0 106.4 104.33 104.34 104.24 104.32 476.0 104.34 164.0 6856.0 3303.0 3553.0 0.0 104.2897
10:48:00 184.0 9700.0 106.4 104.41 104.44 104.32 104.4 587.0 104.42 50.0 9700.0 6672.0 3028.0 0.0 104.3574
10:49:00 144.0 6714.0 106.4 104.3 104.415 104.3 104.29 61.0 104.3 218.0 6714.0 1799.0 4915.0 0.0 104.3637
10:50:00 178.0 9703.0 106.4 104.17 104.31 104.17 104.16 1165.0 104.19 301.0 9703.0 2315.0 7388.0 0.0 104.2294
10:51:00 181.0 8350.0 106.4 104.12 104.17 104.1 104.12 147.0 104.14 500.0 8350.0 2978.0 5372.0 0.0 104.1327
10:52:00 140.0 6533.0 106.4 104.17 104.17 104.1 104.16 150.0 104.18 251.0 6533.0 3830.0 2703.0 0.0 104.1326
10:53:00 99.0 5010.0 106.4 104.22 104.23 104.16 104.21 273.0 104.23 128.0 5010.0 2624.0 2386.0 0.0 104.2034
10:54:00 130.0 6596.0 106.4 104.28 104.28 104.22 104.28 118.0 104.29 220.0 6596.0 3753.0 2843.0 0.0 104.2469
10:55:00 155.0 7164.0 106.4 104.28 104.34 104.26 104.28 162.0 104.3 170.0 7164.0 3328.0 3836.0 0.0 104.2958
10:56:00 146.0 6866.0 106.4 104.38 104.43 104.3 104.38 344.0 104.4 480.0 6866.0 3914.0 2952.0 0.0 104.3736
10:57:00 191.0 7851.0 106.4 104.29 104.38 104.29 104.29 1300.0 104.31 220.0 7851.0 2981.0 4870.0 0.0 104.3312
10:58:00 153.0 8005.0 106.4 104.29 104.33 104.27 104.28 448.0 104.3 266.0 8005.0 4215.0 3790.0 0.0 104.296
10:59:00 174.0 9402.0 106.4 104.45 104.55 104.29 104.42 301.0 104.45 900.0 9402.0 6376.0 3026.0 0.0 104.4258
11:00:00 100.0 4599.0 106.4 104.48 104.52 104.39 104.47 723.0 104.49 462.0 4599.0 2904.0 1695.0 0.0 104.4748
11:01:00 150.0 7489.0 106.4 104.5 104.51 104.42 104.49 191.0 104.51 889.0 7489.0 4932.0 2557.0 0.0 104.4812
11:02:00 103.0 4119.0 106.4 104.46 104.51 104.43 104.45 417.0 104.47 250.0 4119.0 1763.0 2356.0 0.0 104.4779
11:03:00 131.0 5799.0 106.4 104.51 104.51 104.44 104.5 550.0 104.52 410.0 5799.0 3697.0 2102.0 0.0 104.476
11:04:00 182.0 9028.0 106.4 104.7 104.7 104.5 104.69 7.0 104.71 251.0 9028.0 6320.0 2708.0 0.0 104.6067
11:05:00 229.0 12578.0 106.4 104.72 104.8 104.69 104.71 154.0 104.73 12.0 12578.0 7297.0 5281.0 0.0 104.7418
11:06:00 120.0 6239.0 106.4 104.72 104.75 104.64 104.7 6.0 104.72 300.0 6239.0 2757.0 3482.0 0.0 104.6931
11:07:00 208.0 14301.0 106.4 104.82 104.87 104.69 104.8 8.0 104.83 1561.0 14301.0 8916.0 5385.0 0.0 104.7616
11:08:00 257.0 13715.0 106.4 104.74 104.83 104.72 104.73 217.0 104.75 550.0 13715.0 5097.0 8618.0 0.0 104.7401
11:09:00 264.0 15023.0 106.4 104.72 104.77 104.72 104.72 426.0 104.73 310.0 15023.0 6206.0 8817.0 0.0 104.7358
11:10:00 221.0 10708.0 106.4 104.69 104.79 104.66 104.66 108.0 104.7 1256.0 10708.0 5583.0 5125.0 0.0 104.7343
11:11:00 121.0 5648.0 106.4 104.74 104.79 104.7 104.74 515.0 104.76 293.0 5648.0 4343.0 1305.0 0.0 104.7462
11:12:00 158.0 6016.0 106.4 104.829 104.84 104.74 104.82 1.0 104.83 253.0 6016.0 4036.0 1980.0 0.0 104.7866
11:13:00 243.0 12719.0 106.4 105.01 105.06 104.82 105.01 220.0 105.03 200.0 12719.0 9625.0 3094.0 0.0 104.9788
11:14:00 255.0 12348.0 106.4 105.11 105.18 105.0 105.09 301.0 105.13 1178.0 12348.0 7854.0 4494.0 0.0 105.0718
11:15:00 155.0 9347.0 106.4 105.17 105.17 105.03 105.13 210.0 105.16 250.0 9347.0 7656.0 1691.0 0.0 105.0665
11:16:00 365.0 26214.0 106.4 105.35 105.38 105.065 105.35 391.0 105.38 4956.0 26214.0 14867.0 11347.0 0.0 105.198
11:17:00 297.0 21133.0 106.4 105.32 105.42 105.3 105.31 300.0 105.34 850.0 21133.0 10423.0 10710.0 0.0 105.3707
11:18:00 200.0 18015.0 106.4 105.39 105.4 105.265 105.37 200.0 105.39 300.0 18015.0 14639.0 3376.0 0.0 105.3394
11:19:00 292.0 18641.0 106.4 105.455 105.55 105.39 105.45 400.0 105.47 801.0 18641.0 8065.0 10576.0 0.0 105.4721
11:20:00 183.0 9366.0 106.4 105.4 105.47 105.35 105.39 62.0 105.4 277.0 9366.0 5415.0 3951.0 0.0 105.3989
11:21:00 230.0 13444.0 106.4 105.34 105.39 105.29 105.32 64.0 105.34 254.0 13444.0 7151.0 6293.0 0.0 105.334
11:22:00 131.0 6873.0 106.4 105.44 105.44 105.3 105.43 101.0 105.45 250.0 6873.0 4332.0 2541.0 0.0 105.3582
11:23:00 93.0 4690.0 106.4 105.36 105.46 105.33 105.37 1.0 105.38 450.0 4690.0 2550.0 2140.0 0.0 105.3944
11:24:00 152.0 6946.0 106.4 105.31 105.38 105.29 105.3 183.0 105.32 350.0 6946.0 3266.0 3680.0 0.0 105.3504
11:25:00 154.0 7863.0 106.4 105.23 105.33 105.21 105.22 158.0 105.24 1070.0 7863.0 3609.0 4254.0 0.0 105.2617
11:26:00 157.0 8780.0 106.4 105.28 105.3 105.17 105.27 58.0 105.3 1105.0 8780.0 6417.0 2363.0 0.0 105.2279
11:27:00 68.0 3258.0 106.4 105.29 105.29 105.23 105.28 101.0 105.3 420.0 3258.0 2185.0 1073.0 0.0 105.2524
11:28:00 74.0 3106.0 106.4 105.23 105.29 105.22 105.22 5.0 105.23 405.0 3106.0 990.0 2116.0 0.0 105.2524
11:29:00 194.0 12418.0 106.4 105.28 105.3 105.22 105.27 892.0 105.29 900.0 12418.0 10251.0 2167.0 0.0 105.2635
11:30:00 382.0 24011.0 106.4 105.23 105.32 105.1 105.22 489.0 105.24 1420.0 24011.0 11101.0 12910.0 0.0 105.2035
11:31:00 167.0 12458.0 106.4 105.26 105.26 105.17 105.25 207.0 105.26 583.0 12458.0 9304.0 3154.0 0.0 105.2267
11:32:00 148.0 9167.0 106.4 105.14 105.26 105.13 105.13 1550.0 105.15 716.0 9167.0 5853.0 3314.0 0.0 105.2043
11:33:00 158.0 9161.0 106.4 105.15 105.19 105.11 105.15 200.0 105.17 1871.0 9161.0 6156.0 3005.0 0.0 105.1563
11:34:00 99.0 5413.0 106.4 105.13 105.17 105.12 105.12 625.0 105.13 100.0 5413.0 2927.0 2486.0 0.0 105.14
11:35:00 157.0 10229.0 106.4 105.13 105.14 105.1 105.12 1088.0 105.14 1101.0 10229.0 5853.0 4376.0 0.0 105.1219
11:36:00 324.0 22138.0 106.4 105.23 105.26 105.13 105.23 471.0 105.25 600.0 22138.0 13787.0 8351.0 0.0 105.1921
11:37:00 167.0 10295.0 106.4 105.3 105.3 105.23 105.29 401.0 105.3 142.0 10295.0 7476.0 2819.0 0.0 105.2633
11:38:00 112.0 5562.0 106.4 105.26 105.315 105.24 105.25 200.0 105.26 1255.0 5562.0 1896.0 3666.0 0.0 105.3003
11:39:00 172.0 11094.0 106.4 105.29 105.31 105.24 105.27 609.0 105.29 1556.0 11094.0 8235.0 2859.0 0.0 105.2798
11:40:00 242.0 13721.0 106.4 105.46 105.46 105.2 105.44 303.0 105.45 1.0 13721.0 9336.0 4385.0 0.0 105.2759
11:41:00 189.0 10923.0 106.4 105.56 105.58 105.45 105.55 522.0 105.56 614.0 10923.0 7809.0 3114.0 0.0 105.5172
11:42:00 139.0 7318.0 106.4 105.53 105.56 105.51 105.52 300.0 105.53 757.0 7318.0 3556.0 3762.0 0.0 105.5337
11:43:00 214.0 16501.0 106.4 105.67 105.7 105.5 105.66 701.0 105.68 470.0 16501.0 11924.0 4577.0 0.0 105.6001
11:44:00 205.0 12362.0 106.4 105.78 105.79 105.64 105.76 200.0 105.78 318.0 12362.0 7876.0 4486.0 0.0 105.7019
11:45:00 171.0 11534.0 106.4 105.69 105.78 105.67 105.7 250.0 105.71 101.0 11534.0 6377.0 5157.0 0.0 105.7159
11:46:00 125.0 6592.0 106.4 105.69 105.78 105.69 105.68 154.0 105.69 206.0 6592.0 3944.0 2648.0 0.0 105.74
11:47:00 139.0 5542.0 106.4 105.55 105.69 105.55 105.53 52.0 105.56 764.0 5542.0 2924.0 2618.0 0.0 105.6401
11:48:00 112.0 5984.0 106.4 105.54 105.62 105.53 105.53 549.0 105.55 200.0 5984.0 3839.0 2145.0 0.0 105.5675
11:49:00 111.0 8333.0 106.4 105.59 105.61 105.55 105.59 201.0 105.6 240.0 8333.0 6291.0 2042.0 0.0 105.5773
11:50:00 77.0 4011.0 106.4 105.625 105.64 105.58 105.61 100.0 105.62 20.0 4011.0 2913.0 1098.0 0.0 105.6112
11:51:00 156.0 9162.0 106.4 105.68 105.7 105.58 105.69 2.0 105.7 400.0 9162.0 6172.0 2990.0 0.0 105.6509
11:52:00 86.0 3539.0 106.4 105.64 105.7 105.64 105.64 212.0 105.66 528.0 3539.0 1447.0 2092.0 0.0 105.6659
11:53:00 129.0 7667.0 106.4 105.71 105.72 105.65 105.71 23.0 105.72 11.0 7667.0 4585.0 3082.0 0.0 105.6994
11:54:00 103.0 7024.0 106.4 105.82 105.84 105.72 105.82 804.0 105.85 1930.0 7024.0 6054.0 970.0 0.0 105.7816
11:55:00 105.0 5007.0 106.4 105.77 105.82 105.75 105.76 1630.0 105.78 266.0 5007.0 1816.0 3191.0 0.0 105.7862
11:56:00 132.0 8321.0 106.4 105.73 105.78 105.71 105.73 410.0 105.74 108.0 8321.0 3123.0 5198.0 0.0 105.7423
11:57:00 68.0 3564.0 106.4 105.68 105.73 105.68 105.67 1074.0 105.69 901.0 3564.0 1000.0 2564.0 0.0 105.7105
11:58:00 78.0 4906.0 106.4 105.7 105.7 105.66 105.69 407.0 105.71 831.0 4906.0 3867.0 1039.0 0.0 105.6852
11:59:00 161.0 9728.0 106.4 105.66 105.71 105.63 105.66 1724.0 105.69 393.0 9728.0 4616.0 5112.0 0.0 105.663
12:00:00 91.0 5473.0 106.4 105.63 105.69 105.63 105.63 311.0 105.64 738.0 5473.0 2919.0 2554.0 0.0 105.6611
12:01:00 146.0 7068.0 106.4 105.6 105.63 105.57 105.59 100.0 105.6 400.0 7068.0 2928.0 4140.0 0.0 105.601
12:02:00 111.0 6673.0 106.4 105.54 105.6 105.52 105.53 235.0 105.56 1600.0 6673.0 3487.0 3186.0 0.0 105.5367
12:03:00 73.0 4577.0 106.4 105.53 105.57 105.53 105.52 2066.0 105.55 900.0 4577.0 2874.0 1703.0 0.0 105.5513
12:04:00 131.0 7394.0 106.4 105.52 105.56 105.5 105.52 169.0 105.53 600.0 7394.0 4671.0 2723.0 0.0 105.52
12:05:00 112.0 9796.0 106.4 105.57 105.58 105.53 105.56 140.0 105.58 3700.0 9796.0 7074.0 2722.0 0.0 105.5552
12:06:00 113.0 9303.0 106.4 105.59 105.6 105.56 105.59 301.0 105.6 646.0 9303.0 6976.0 2327.0 0.0 105.583
12:07:00 103.0 5803.0 106.4 105.555 105.59 105.54 105.55 103.0 105.56 610.0 5803.0 2270.0 3533.0 0.0 105.5671
12:08:00 134.0 9907.0 106.4 105.52 105.55 105.51 105.51 604.0 105.52 547.0 9907.0 4222.0 5685.0 0.0 105.5305
12:09:00 201.0 12005.0 106.4 105.4 105.51 105.4 105.4 500.0 105.41 665.0 12005.0 5634.0 6371.0 0.0 105.4573
12:10:00 139.0 9512.0 106.4 105.44 105.46 105.4 105.44 505.0 105.45 816.0 9512.0 7262.0 2250.0 0.0 105.4402
12:11:00 154.0 8518.0 106.4 105.5 105.53 105.445 105.49 446.0 105.5 301.0 8518.0 5589.0 2929.0 0.0 105.4913
12:12:00 129.0 9611.0 106.4 105.52 105.52 105.45 105.5 209.0 105.52 900.0 9611.0 5693.0 3918.0 0.0 105.4801
12:13:00 68.0 3035.0 106.4 105.5 105.51 105.47 105.5 87.0 105.51 402.0 3035.0 1424.0 1611.0 0.0 105.4964
12:14:00 106.0 7138.0 106.4 105.46 105.53 105.45 105.44 1354.0 105.46 403.0 7138.0 4319.0 2819.0 0.0 105.5122
12:15:00 64.0 3878.0 106.4 105.45 105.49 105.44 105.44 459.0 105.45 1116.0 3878.0 1719.0 2159.0 0.0 105.4656
12:16:00 210.0 12978.0 106.4 105.44 105.46 105.4 105.44 894.0 105.45 2.0 12978.0 5162.0 7816.0 0.0 105.4342
12:17:00 180.0 10135.0 106.4 105.37 105.46 105.36 105.36 200.0 105.38 200.0 10135.0 5721.0 4414.0 0.0 105.4084
12:18:00 107.0 6224.0 106.4 105.37 105.395 105.34 105.36 401.0 105.37 601.0 6224.0 3880.0 2344.0 0.0 105.3771
12:19:00 107.0 5524.0 106.4 105.34 105.37 105.33 105.33 348.0 105.35 2233.0 5524.0 2378.0 3146.0 0.0 105.3506
12:20:00 108.0 9244.0 106.4 105.34 105.35 105.33 105.34 296.0 105.35 800.0 9244.0 7334.0 1910.0 0.0 105.3452
12:21:00 101.0 5354.0 106.4 105.32 105.36 105.32 105.31 1410.0 105.33 410.0 5354.0 2609.0 2745.0 0.0 105.347
12:22:00 49.0 3014.0 106.4 105.34 105.37 105.32 105.34 200.0 105.35 10.0 3014.0 1924.0 1090.0 0.0 105.3494
12:23:00 91.0 5769.0 106.4 105.33 105.34 105.3 105.32 408.0 105.33 505.0 5769.0 3039.0 2730.0 0.0 105.322
12:24:00 131.0 6149.0 106.4 105.23 105.34 105.23 105.22 420.0 105.24 1814.0 6149.0 1104.0 5045.0 0.0 105.2974
12:25:00 307.0 23383.0 106.4 105.28 105.29 105.18 105.28 300.0 105.3 600.0 23383.0 15662.0 7721.0 0.0 105.2109
12:26:00 165.0 12940.0 106.4 105.23 105.32 105.2 105.22 307.0 105.24 50.0 12940.0 3903.0 9037.0 0.0 105.2519
12:27:00 187.0 16048.0 106.4 105.18 105.23 105.15 105.18 300.0 105.2 1617.0 16048.0 3876.0 12172.0 0.0 105.1844
12:28:00 117.0 6731.0 106.4 105.17 105.2 105.13 105.15 693.0 105.17 8.0 6731.0 3515.0 3216.0 0.0 105.1742
12:29:00 153.0 6157.0 106.4 105.07 105.16 105.07 105.06 53.0 105.08 592.0 6157.0 1956.0 4201.0 0.0 105.104
12:30:00 180.0 11188.0 106.4 105.06 105.07 105.02 105.05 150.0 105.07 1028.0 11188.0 5055.0 6133.0 0.0 105.0342
12:31:00 246.0 21215.0 106.4 105.08 105.11 105.05 105.07 650.0 105.09 300.0 21215.0 15118.0 6097.0 0.0 105.0825
12:32:00 98.0 6073.0 106.4 105.09 105.095 105.07 105.08 700.0 105.09 1.0 6073.0 3468.0 2605.0 0.0 105.0841
12:33:00 141.0 9063.0 106.4 105.1 105.1 105.06 105.1 200.0 105.11 201.0 9063.0 6636.0 2427.0 0.0 105.0916
12:34:00 93.0 6058.0 106.4 105.06 105.1 105.05 105.06 200.0 105.08 1100.0 6058.0 3099.0 2959.0 0.0 105.0743
12:35:00 124.0 7207.0 106.4 105.115 105.115 105.06 105.11 1595.0 105.12 309.0 7207.0 5606.0 1601.0 0.0 105.0908
12:36:00 94.0 5693.0 106.4 105.16 105.16 105.12 105.14 1949.0 105.16 698.0 5693.0 3741.0 1952.0 0.0 105.1411
12:37:00 109.0 6249.0 106.4 105.15 105.15 105.11 105.15 500.0 105.16 943.0 6249.0 3807.0 2442.0 0.0 105.1311
12:38:00 84.0 7374.0 106.4 105.16 105.16 105.14 105.16 917.0 105.17 721.0 7374.0 4482.0 2892.0 0.0 105.151
12:39:00 84.0 5957.0 106.4 105.115 105.16 105.11 105.11 601.0 105.12 493.0 5957.0 1249.0 4708.0 0.0 105.1454
12:40:00 140.0 7049.0 106.4 105.06 105.11 105.05 105.06 402.0 105.07 801.0 7049.0 3229.0 3820.0 0.0 105.0787
12:41:00 172.0 12384.0 106.4 105.1 105.1 105.04 105.09 1700.0 105.11 100.0 12384.0 10026.0 2358.0 0.0 105.0738
12:42:00 108.0 7155.0 106.4 105.17 105.18 105.11 105.16 1485.0 105.17 209.0 7155.0 4690.0 2465.0 0.0 105.1553
12:43:00 96.0 5030.0 106.4 105.13 105.17 105.11 105.13 200.0 105.14 204.0 5030.0 1986.0 3044.0 0.0 105.134
12:44:00 89.0 5655.0 106.4 105.11 105.14 105.11 105.11 4.0 105.12 600.0 5655.0 3996.0 1659.0 0.0 105.1206
12:45:00 141.0 9447.0 106.4 105.11 105.13 105.1 105.1 1522.0 105.11 430.0 9447.0 5779.0 3668.0 0.0 105.1172
12:46:00 182.0 12069.0 106.4 105.18 105.19 105.09 105.18 2200.0 105.2 611.0 12069.0 9173.0 2896.0 0.0 105.1278
12:47:00 131.0 10958.0 106.4 105.26 105.27 105.2 105.26 761.0 105.27 308.0 10958.0 4491.0 6467.0 0.0 105.2379
12:48:00 77.0 4035.0 106.4 105.16 105.26 105.16 105.16 200.0 105.18 1206.0 4035.0 702.0 3333.0 0.0 105.2246
12:49:00 144.0 10575.0 106.4 105.15 105.18 105.15 105.14 10884.0 105.15 300.0 10575.0 7263.0 3312.0 0.0 105.1693
12:50:00 70.0 4684.0 106.4 105.15 105.17 105.14 105.15 1028.0 105.16 1078.0 4684.0 3311.0 1373.0 0.0 105.1577
12:51:00 183.0 22866.0 106.4 105.12 105.19 105.1 105.11 2000.0 105.13 374.0 22866.0 6568.0 16298.0 0.0 105.1405
12:52:00 124.0 8367.0 106.4 105.07 105.12 105.07 105.07 8.0 105.08 500.0 8367.0 2947.0 5420.0 0.0 105.1008
12:53:00 570.0 28459.0 106.4 105.02 105.07 104.99 105.02 867.0 105.03 645.0 28459.0 12218.0 16241.0 0.0 105.0233
12:54:00 134.0 7228.0 106.4 104.98 105.02 104.97 104.97 347.0 104.98 1000.0 7228.0 3143.0 4085.0 0.0 104.9847
12:55:00 116.0 4927.0 106.4 104.94 104.99 104.925 104.93 10.0 104.94 1191.0 4927.0 1991.0 2936.0 0.0 104.9638
12:56:00 172.0 12763.0 106.4 104.96 104.96 104.93 104.95 1822.0 104.96 301.0 12763.0 10698.0 2065.0 0.0 104.9536
12:57:00 178.0 12413.0 106.4 104.965 104.99 104.94 104.96 445.0 104.97 416.0 12413.0 8088.0 4325.0 0.0 104.9686
12:58:00 89.0 4696.0 106.4 104.95 104.97 104.95 104.94 2567.0 104.95 84.0 4696.0 2874.0 1822.0 0.0 104.9587
12:59:00 177.0 12121.0 106.4 105.04 105.04 104.94 105.03 400.0 105.04 1200.0 12121.0 10049.0 2072.0 0.0 104.9812
13:00:00 159.0 10487.0 106.4 105.0 105.065 105.0 104.99 1841.0 105.0 104.0 10487.0 5864.0 4623.0 0.0 105.0421
13:01:00 138.0 6928.0 106.4 104.97 105.0 104.9 104.96 25.0 104.97 899.0 6928.0 2205.0 4723.0 0.0 104.9395
13:02:00 142.0 6767.0 106.4 104.865 104.96 104.865 104.86 1423.0 104.87 32.0 6767.0 2111.0 4656.0 0.0 104.8989
13:03:00 125.0 7347.0 106.4 104.92 104.93 104.87 104.91 1125.0 104.92 200.0 7347.0 5333.0 2014.0 0.0 104.9197
13:04:00 52.0 2820.0 106.4 104.89 104.91 104.88 104.88 1004.0 104.89 605.0 2820.0 985.0 1835.0 0.0 104.9003
13:05:00 113.0 7110.0 106.4 104.86 104.89 104.86 104.85 1222.0 104.87 603.0 7110.0 1994.0 5116.0 0.0 104.8787
13:06:00 185.0 9011.0 106.4 104.77 104.86 104.77 104.76 1684.0 104.78 544.0 9011.0 2074.0 6937.0 0.0 104.8187
13:07:00 136.0 8937.0 106.4 104.84 104.84 104.76 104.83 897.0 104.84 100.0 8937.0 4739.0 4198.0 0.0 104.8041
13:08:00 86.0 4586.0 106.4 104.82 104.86 104.81 104.8 304.0 104.81 551.0 4586.0 1692.0 2894.0 0.0 104.8389
13:09:00 91.0 5724.0 106.4 104.87 104.875 104.81 104.85 9.0 104.87 2211.0 5724.0 3198.0 2526.0 0.0 104.854
13:10:00 44.0 1813.0 106.4 104.83 104.85 104.82 104.81 1365.0 104.83 1602.0 1813.0 410.0 1403.0 0.0 104.8415
13:11:00 87.0 5967.0 106.4 104.86 104.86 104.83 104.86 904.0 104.87 201.0 5967.0 4709.0 1258.0 0.0 104.8449
13:12:00 88.0 6789.0 106.4 104.92 104.955 104.87 104.92 1200.0 104.94 103.0 6789.0 3668.0 3121.0 0.0 104.9147
13:13:00 74.0 3714.0 106.4 104.93 104.96 104.93 104.92 856.0 104.93 702.0 3714.0 1841.0 1873.0 0.0 104.9487
13:14:00 83.0 5927.0 106.4 104.95 104.96 104.92 104.94 1016.0 104.96 403.0 5927.0 3269.0 2658.0 0.0 104.9405
13:15:00 74.0 3372.0 106.4 104.92 104.96 104.915 104.91 300.0 104.92 223.0 3372.0 1107.0 2265.0 0.0 104.9288
13:16:00 179.0 15691.0 106.4 104.98 104.98 104.89 104.97 1100.0 104.99 253.0 15691.0 7152.0 8539.0 0.0 104.9154
13:17:00 44.0 2056.0 106.4 104.98 104.98 104.97 104.97 802.0 104.98 1114.0 2056.0 926.0 1130.0 0.0 104.974
13:18:00 109.0 8899.0 106.4 105.05 105.05 104.975 105.03 2047.0 105.05 870.0 8899.0 7597.0 1302.0 0.0 104.9994
13:19:00 101.0 5666.0 106.4 105.06 105.06 105.03 105.05 1900.0 105.07 812.0 5666.0 2166.0 3500.0 0.0 105.0424
13:20:00 127.0 7777.0 106.4 105.11 105.11 105.03 105.11 782.0 105.12 202.0 7777.0 5328.0 2449.0 0.0 105.0539
13:21:00 118.0 9789.0 106.4 105.15 105.15 105.09 105.14 700.0 105.16 522.0 9789.0 4110.0 5679.0 0.0 105.1176
13:22:00 119.0 9727.0 106.4 105.2 105.23 105.16 105.18 481.0 105.2 1151.0 9727.0 4755.0 4972.0 0.0 105.2073
13:23:00 60.0 3072.0 106.4 105.15 105.2 105.14 105.14 354.0 105.15 811.0 3072.0 750.0 2322.0 0.0 105.1664
13:24:00 130.0 8090.0 106.4 105.145 105.15 105.11 105.14 969.0 105.15 420.0 8090.0 5065.0 3025.0 0.0 105.1415
13:25:00 106.0 7530.0 106.4 105.14 105.15 105.09 105.12 300.0 105.14 1000.0 7530.0 3091.0 4439.0 0.0 105.1187
13:26:00 66.0 4968.0 106.4 105.06 105.14 105.06 105.06 122.0 105.07 800.0 4968.0 1484.0 3484.0 0.0 105.0841
13:27:00 211.0 16508.0 106.4 104.98 105.07 104.98 104.97 313.0 104.99 1411.0 16508.0 5213.0 11295.0 0.0 105.0391
13:28:00 91.0 5954.0 106.4 104.95 105.0 104.95 104.95 1269.0 104.96 604.0 5954.0 2060.0 3894.0 0.0 104.9736
13:29:00 162.0 15260.0 106.4 104.92 105.0 104.91 104.9 1334.0 104.92 300.0 15260.0 5543.0 9717.0 0.0 104.9493
13:30:00 306.0 20186.0 106.4 104.86 104.9 104.82 104.85 605.0 104.86 400.0 20186.0 9379.0 10807.0 0.0 104.8554
13:31:00 125.0 7085.0 106.4 104.88 104.91 104.83 104.88 278.0 104.89 5.0 7085.0 2899.0 4186.0 0.0 104.8686
13:32:00 186.0 9080.0 106.4 104.915 104.915 104.86 104.91 813.0 104.92 528.0 9080.0 6505.0 2575.0 0.0 104.8882
13:33:00 179.0 11370.0 106.4 104.89 104.93 104.85 104.89 593.0 104.9 508.0 11370.0 5156.0 6214.0 0.0 104.8935
13:34:00 89.0 6346.0 106.4 104.86 104.89 104.84 104.86 1.0 104.87 905.0 6346.0 2288.0 4058.0 0.0 104.8701
13:35:00 216.0 22254.0 106.4 104.9 104.9 104.805 104.89 770.0 104.9 853.0 22254.0 11751.0 10503.0 0.0 104.8638
13:36:00 113.0 10453.0 106.4 104.86 104.9 104.86 104.85 316.0 104.86 500.0 10453.0 1786.0 8667.0 0.0 104.8842
13:37:00 86.0 3190.0 106.4 104.82 104.86 104.81 104.82 305.0 104.83 710.0 3190.0 1934.0 1256.0 0.0 104.825
13:38:00 126.0 6619.0 106.4 104.845 104.85 104.83 104.84 601.0 104.85 3376.0 6619.0 3647.0 2972.0 0.0 104.8359
13:39:00 67.0 3419.0 106.4 104.88 104.885 104.845 104.87 487.0 104.88 601.0 3419.0 2670.0 749.0 0.0 104.8583
13:40:00 145.0 10243.0 106.4 104.86 104.9 104.85 104.85 106.0 104.86 696.0 10243.0 4423.0 5820.0 0.0 104.8731
13:41:00 136.0 9436.0 106.4 104.875 104.9 104.84 104.87 634.0 104.88 600.0 9436.0 7287.0 2149.0 0.0 104.8789
13:42:00 96.0 5996.0 106.4 104.85 104.87 104.84 104.85 885.0 104.86 3986.0 5996.0 2682.0 3314.0 0.0 104.8574
13:43:00 158.0 16054.0 106.4 104.875 104.9 104.85 104.86 509.0 104.88 300.0 16054.0 11235.0 4819.0 0.0 104.8708
13:44:00 130.0 12518.0 106.4 104.85 104.91 104.85 104.84 100.0 104.85 304.0 12518.0 7792.0 4726.0 0.0 104.8921
13:45:00 112.0 8468.0 106.4 104.85 104.86 104.83 104.84 520.0 104.85 2199.0 8468.0 6390.0 2078.0 0.0 104.8504
13:46:00 201.0 17090.0 106.4 104.85 104.86 104.81 104.85 100.0 104.86 1298.0 17090.0 11200.0 5890.0 0.0 104.8393
13:47:00 98.0 7681.0 106.4 104.89 104.91 104.84 104.89 1197.0 104.9 476.0 7681.0 5476.0 2205.0 0.0 104.8767
13:48:00 133.0 11040.0 106.4 104.9 104.91 104.88 104.9 200.0 104.9 10.0 11040.0 6664.0 4376.0 0.0 104.9007
13:49:00 264.0 19865.0 106.4 104.84 104.91 104.84 104.84 207.0 104.86 1800.0 19865.0 11986.0 7879.0 0.0 104.8928
13:50:00 245.0 11085.0 106.4 104.72 104.86 104.71 104.72 200.0 104.73 1620.0 11085.0 3113.0 7972.0 0.0 104.7697
13:51:00 165.0 11422.0 106.4 104.74 104.76 104.725 104.74 36.0 104.74 201.0 11422.0 6295.0 5127.0 0.0 104.747
13:52:00 231.0 13808.0 106.4 104.68 104.74 104.67 104.67 448.0 104.69 1903.0 13808.0 4518.0 9290.0 0.0 104.688
13:53:00 190.0 12051.0 106.4 104.67 104.68 104.61 104.65 370.0 104.67 401.0 12051.0 6024.0 6027.0 0.0 104.6499
13:54:00 55.0 5784.0 106.4 104.66 104.68 104.66 104.66 1175.0 104.67 1301.0 5784.0 3812.0 1972.0 0.0 104.6677
13:55:00 366.0 26417.0 106.4 104.61 104.67 104.57 104.6 313.0 104.61 101.0 26417.0 11823.0 14594.0 0.0 104.6128
13:56:00 109.0 7162.0 106.4 104.71 104.71 104.61 104.71 160.0 104.72 534.0 7162.0 4366.0 2796.0 0.0 104.6826
13:57:00 148.0 9820.0 106.4 104.71 104.73 104.69 104.7 140.0 104.71 807.0 9820.0 5880.0 3940.0 0.0 104.7037
13:58:00 96.0 6297.0 106.4 104.73 104.765 104.69 104.73 1.0 104.74 1101.0 6297.0 2610.0 3687.0 0.0 104.7393
13:59:00 52.0 4158.0 106.4 104.74 104.74 104.7 104.73 1722.0 104.75 1529.0 4158.0 1653.0 2505.0 0.0 104.7203
14:00:00 87.0 4975.0 106.4 104.72 104.74 104.715 104.71 482.0 104.72 200.0 4975.0 1984.0 2991.0 0.0 104.7238
14:01:00 493.0 38576.0 106.4 104.63 104.76 104.54 104.62 578.0 104.63 1101.0 38576.0 8912.0 29664.0 0.0 104.6324
14:02:00 122.0 8975.0 106.4 104.69 104.74 104.63 104.67 123.0 104.69 600.0 8975.0 5956.0 3019.0 0.0 104.6786
14:03:00 127.0 10451.0 106.4 104.64 104.67 104.6 104.63 520.0 104.65 1054.0 10451.0 7991.0 2460.0 0.0 104.6309
14:04:00 91.0 6331.0 106.4 104.61 104.66 104.6 104.6 676.0 104.61 1301.0 6331.0 2452.0 3879.0 0.0 104.6332
14:05:00 208.0 15098.0 106.4 104.62 104.62 104.58 104.62 461.0 104.63 200.0 15098.0 11023.0 4075.0 0.0 104.5949
14:06:00 125.0 8393.0 106.4 104.69 104.7 104.63 104.69 1000.0 104.7 501.0 8393.0 5240.0 3153.0 0.0 104.6718
14:07:00 147.0 9454.0 106.4 104.75 104.75 104.69 104.74 700.0 104.75 544.0 9454.0 4562.0 4892.0 0.0 104.7123
14:08:00 99.0 5206.0 106.4 104.68 104.75 104.68 104.67 815.0 104.69 920.0 5206.0 1391.0 3815.0 0.0 104.7348
14:09:00 150.0 9665.0 106.4 104.57 104.68 104.57 104.57 374.0 104.59 1197.0 9665.0 1863.0 7802.0 0.0 104.6095
14:10:00 213.0 12791.0 106.4 104.54 104.59 104.51 104.54 200.0 104.56 1309.0 12791.0 7413.0 5378.0 0.0 104.5569
14:11:00 74.0 4207.0 106.4 104.54 104.58 104.54 104.54 11.0 104.56 500.0 4207.0 2381.0 1826.0 0.0 104.5652
14:12:00 141.0 10882.0 106.4 104.55 104.57 104.54 104.54 589.0 104.55 301.0 10882.0 4547.0 6335.0 0.0 104.5505
14:13:00 389.0 13124.0 106.4 104.5 104.57 104.491 104.49 548.0 104.5 500.0 13124.0 3107.0 10017.0 0.0 104.5263
14:14:00 179.0 10993.0 106.4 104.46 104.5 104.44 104.46 401.0 104.47 200.0 10993.0 4816.0 6177.0 0.0 104.4757
14:15:00 124.0 6709.0 106.4 104.44 104.47 104.44 104.44 101.0 104.45 1221.0 6709.0 3366.0 3343.0 0.0 104.4558
14:16:00 114.0 3321.0 106.4 104.39 104.44 104.39 104.38 582.0 104.39 201.0 3321.0 331.0 2990.0 0.0 104.4211
14:17:00 244.0 14819.0 106.4 104.35 104.39 104.35 104.34 226.0 104.35 810.0 14819.0 9023.0 5796.0 0.0 104.3711
14:18:00 227.0 17851.0 106.4 104.4 104.41 104.33 104.39 100.0 104.4 810.0 17851.0 11394.0 6457.0 0.0 104.3519
14:19:00 163.0 10355.0 106.4 104.389 104.41 104.35 104.38 118.0 104.39 500.0 10355.0 5926.0 4429.0 0.0 104.3788
14:20:00 53.0 3364.0 106.4 104.4 104.43 104.39 104.39 962.0 104.4 1000.0 3364.0 2281.0 1083.0 0.0 104.4079
14:21:00 158.0 9505.0 106.4 104.39 104.44 104.36 104.39 100.0 104.4 501.0 9505.0 5733.0 3772.0 0.0 104.4051
14:22:00 3568.0 128502.0 106.4 104.17 104.4 103.89 104.16 870.0 104.18 30.0 128502.0 25087.0 103415.0 0.0 104.1238
14:23:00 176.0 12134.0 106.4 104.26 104.28 104.18 104.25 399.0 104.27 310.0 12134.0 7724.0 4410.0 0.0 104.2331
14:24:00 407.0 35637.0 106.4 104.18 104.3 104.0 104.17 135.0 104.19 2054.0 35637.0 11880.0 23757.0 0.0 104.1793
14:25:00 221.0 14053.0 106.4 104.24 104.25 104.13 104.23 20.0 104.25 10.0 14053.0 11156.0 2897.0 0.0 104.1969
14:26:00 140.0 9043.0 106.4 104.21 104.26 104.21 104.2 285.0 104.22 161.0 9043.0 4598.0 4445.0 0.0 104.2403
14:27:00 219.0 13341.0 106.4 104.19 104.24 104.17 104.17 237.0 104.18 41.0 13341.0 8313.0 5028.0 0.0 104.2075
14:28:00 346.0 19764.0 106.4 104.09 104.19 104.09 104.08 222.0 104.09 590.0 19764.0 7512.0 12252.0 0.0 104.1317
14:29:00 392.0 27911.0 106.4 104.1 104.16 104.06 104.1 151.0 104.11 615.0 27911.0 18415.0 9496.0 0.0 104.0975
14:30:00 230.0 14743.0 106.4 104.04 104.11 104.03 104.03 100.0 104.05 1800.0 14743.0 7975.0 6768.0 0.0 104.0679
14:31:00 271.0 14998.0 106.4 104.11 104.14 104.04 104.11 1185.0 104.12 1314.0 14998.0 10498.0 4500.0 0.0 104.0877
14:32:00 461.0 25711.0 106.4 103.985 104.12 103.97 103.98 855.0 103.99 1305.0 25711.0 11070.0 14641.0 0.0 104.0331
14:33:00 333.0 24372.0 106.4 103.96 104.06 103.96 103.95 420.0 103.96 301.0 24372.0 14240.0 10132.0 0.0 103.9981
14:34:00 354.0 18857.0 106.4 103.95 103.995 103.94 103.95 1.0 103.96 800.0 18857.0 10597.0 8260.0 0.0 103.9598
14:35:00 314.0 19637.0 106.4 103.92 103.975 103.9 103.9 1628.0 103.92 1506.0 19637.0 9603.0 10034.0 0.0 103.941
14:36:00 416.0 25682.0 106.4 103.87 103.92 103.84 103.86 200.0 103.88 1971.0 25682.0 11855.0 13827.0 0.0 103.8742
14:37:00 265.0 18812.0 106.4 103.99 104.0 103.85 103.98 1850.0 104.0 2516.0 18812.0 11724.0 7088.0 0.0 103.9101
14:38:00 278.0 20441.0 106.4 104.08 104.085 103.945 104.08 560.0 104.09 1000.0 20441.0 12572.0 7869.0 0.0 103.9951
14:39:00 325.0 23712.0 106.4 104.19 104.23 104.08 104.18 989.0 104.19 1200.0 23712.0 11990.0 11722.0 0.0 104.1758
14:40:00 379.0 28244.0 106.4 104.26 104.32 104.18 104.26 52.0 104.27 19.0 28244.0 12840.0 15404.0 0.0 104.2508
14:41:00 196.0 12052.0 106.4 104.25 104.27 104.23 104.23 760.0 104.25 1969.0 12052.0 7156.0 4896.0 0.0 104.2505
14:42:00 187.0 13464.0 106.4 104.27 104.32 104.23 104.27 1041.0 104.28 2001.0 13464.0 7470.0 5994.0 0.0 104.2737
14:43:00 184.0 14974.0 106.4 104.27 104.33 104.27 104.27 483.0 104.28 1430.0 14974.0 8052.0 6922.0 0.0 104.3034
14:44:00 261.0 15380.0 106.4 104.17 104.27 104.16 104.16 1878.0 104.18 1103.0 15380.0 7410.0 7970.0 0.0 104.1981
14:45:00 294.0 21008.0 106.4 104.22 104.22 104.13 104.22 200.0 104.23 410.0 21008.0 11866.0 9142.0 0.0 104.173
14:46:00 122.0 8507.0 106.4 104.25 104.26 104.22 104.24 1341.0 104.25 1000.0 8507.0 5279.0 3228.0 0.0 104.2356
14:47:00 200.0 12573.0 106.4 104.18 104.27 104.18 104.17 30.0 104.18 1016.0 12573.0 5258.0 7315.0 0.0 104.241
14:48:00 294.0 21345.0 106.4 104.22 104.23 104.15 104.22 620.0 104.23 110.0 21345.0 12934.0 8411.0 0.0 104.1813
14:49:00 129.0 9148.0 106.4 104.23 104.23 104.2 104.22 1710.0 104.23 2739.0 9148.0 5658.0 3490.0 0.0 104.2157
14:50:00 259.0 18711.0 106.4 104.19 104.235 104.19 104.19 200.0 104.2 800.0 18711.0 9466.0 9245.0 0.0 104.2133
14:51:00 245.0 17597.0 106.4 104.23 104.3 104.2 104.22 1013.0 104.23 1.0 17597.0 11540.0 6057.0 0.0 104.2652
14:52:00 313.0 27398.0 106.4 104.17 104.24 104.17 104.17 541.0 104.18 1612.0 27398.0 11224.0 16174.0 0.0 104.1973
14:53:00 187.0 11697.0 106.4 104.13 104.18 104.12 104.12 1129.0 104.13 3110.0 11697.0 3914.0 7783.0 0.0 104.157
14:54:00 278.0 19908.0 106.4 104.11 104.14 104.08 104.1 491.0 104.11 101.0 19908.0 10867.0 9041.0 0.0 104.1196
14:55:00 245.0 17308.0 106.4 104.12 104.13 104.08 104.12 400.0 104.13 1200.0 17308.0 8030.0 9278.0 0.0 104.1124
14:56:00 226.0 17280.0 106.4 104.27 104.29 104.125 104.26 2537.0 104.28 200.0 17280.0 11051.0 6229.0 0.0 104.1915
14:57:00 218.0 16688.0 106.4 104.29 104.3 104.24 104.28 1764.0 104.3 2100.0 16688.0 7473.0 9215.0 0.0 104.2738
14:58:00 146.0 10347.0 106.4 104.25 104.3 104.25 104.25 1040.0 104.27 1803.0 10347.0 4954.0 5393.0 0.0 104.2894
14:59:00 171.0 12204.0 106.4 104.24 104.27 104.22 104.23 810.0 104.24 1402.0 12204.0 5420.0 6784.0 0.0 104.2494
15:00:00 282.0 19540.0 106.4 104.17 104.23 104.15 104.17 531.0 104.18 400.0 19540.0 9978.0 9562.0 0.0 104.1834
15:01:00 290.0 18566.0 106.4 104.2 104.22 104.17 104.18 1694.0 104.19 1915.0 18566.0 7333.0 11233.0 0.0 104.1961
15:02:00 177.0 11789.0 106.4 104.14 104.18 104.12 104.13 737.0 104.14 3710.0 11789.0 4891.0 6898.0 0.0 104.1541
15:03:00 256.0 17318.0 106.4 104.09 104.14 104.075 104.09 2740.0 104.1 1301.0 17318.0 10706.0 6612.0 0.0 104.1193
15:04:00 329.0 22799.0 106.4 104.1 104.12 104.08 104.1 736.0 104.11 370.0 22799.0 11910.0 10889.0 0.0 104.0955
15:05:00 257.0 18083.0 106.4 104.22 104.23 104.11 104.21 1447.0 104.22 200.0 18083.0 11592.0 6491.0 0.0 104.1713
15:06:00 210.0 16053.0 106.4 104.27 104.285 104.22 104.26 1421.0 104.28 1604.0 16053.0 7622.0 8431.0 0.0 104.2647
15:07:00 220.0 16134.0 106.4 104.33 104.335 104.25 104.33 600.0 104.34 500.0 16134.0 8498.0 7636.0 0.0 104.3003
15:08:00 159.0 11868.0 106.4 104.35 104.35 104.31 104.35 1300.0 104.36 130.0 11868.0 6689.0 5179.0 0.0 104.3293
15:09:00 198.0 12907.0 106.4 104.35 104.43 104.34 104.35 293.0 104.36 1008.0 12907.0 5220.0 7687.0 0.0 104.379
15:10:00 223.0 14721.0 106.4 104.33 104.36 104.26 104.33 200.0 104.33 2.0 14721.0 5717.0 9004.0 0.0 104.3139
15:11:00 244.0 20834.0 106.4 104.34 104.38 104.33 104.33 61.0 104.34 798.0 20834.0 10897.0 9937.0 0.0 104.3584
15:12:00 235.0 16274.0 106.4 104.32 104.33 104.25 104.31 520.0 104.32 1000.0 16274.0 8535.0 7739.0 0.0 104.2957
15:13:00 147.0 6641.0 106.4 104.2 104.315 104.2 104.2 305.0 104.21 2615.0 6641.0 1112.0 5529.0 0.0 104.247
15:14:00 248.0 16664.0 106.4 104.16 104.23 104.16 104.15 2552.0 104.16 702.0 16664.0 9198.0 7466.0 0.0 104.2072
15:15:00 206.0 15641.0 106.4 104.18 104.23 104.13 104.17 97.0 104.18 1019.0 15641.0 8021.0 7620.0 0.0 104.1788
15:16:00 198.0 12913.0 106.4 104.17 104.205 104.16 104.16 463.0 104.17 801.0 12913.0 7285.0 5628.0 0.0 104.1846
15:17:00 172.0 12023.0 106.4 104.21 104.25 104.17 104.2 1505.0 104.22 1412.0 12023.0 6365.0 5658.0 0.0 104.2127
15:18:00 274.0 22558.0 106.4 104.21 104.21 104.13 104.2 231.0 104.21 601.0 22558.0 10903.0 11655.0 0.0 104.1778
15:19:00 253.0 15326.0 106.4 104.18 104.23 104.18 104.17 1505.0 104.18 410.0 15326.0 9491.0 5835.0 0.0 104.2157
15:20:00 162.0 9916.0 106.4 104.16 104.19 104.16 104.15 1834.0 104.16 73.0 9916.0 4578.0 5338.0 0.0 104.1687
15:21:00 187.0 11456.0 106.4 104.16 104.165 104.11 104.15 1150.0 104.16 1801.0 11456.0 5099.0 6357.0 0.0 104.1341
15:22:00 241.0 19800.0 106.4 104.165 104.17 104.13 104.16 856.0 104.17 607.0 19800.0 12885.0 6915.0 0.0 104.1486
15:23:00 247.0 18124.0 106.4 104.2 104.2 104.14 104.19 800.0 104.2 519.0 18124.0 9867.0 8257.0 0.0 104.1739
15:24:00 175.0 9840.0 106.4 104.165 104.21 104.16 104.16 1008.0 104.17 500.0 9840.0 4181.0 5659.0 0.0 104.1924
15:25:00 351.0 26253.0 106.4 104.12 104.17 104.06 104.11 618.0 104.12 600.0 26253.0 8991.0 17262.0 0.0 104.1065
15:26:00 185.0 11827.0 106.4 104.1 104.16 104.1 104.1 3276.0 104.11 1303.0 11827.0 6310.0 5517.0 0.0 104.1283
15:27:00 280.0 20107.0 106.4 104.09 104.14 104.09 104.09 16.0 104.1 611.0 20107.0 10715.0 9392.0 0.0 104.1129
15:28:00 294.0 20179.0 106.4 104.21 104.21 104.1 104.2 4140.0 104.21 299.0 20179.0 15741.0 4438.0 0.0 104.1343
15:29:00 219.0 17975.0 106.4 104.28 104.3 104.21 104.27 320.0 104.28 912.0 17975.0 5789.0 12186.0 0.0 104.2762
15:30:00 285.0 17852.0 106.4 104.3 104.3 104.24 104.28 1400.0 104.3 1476.0 17852.0 10735.0 7117.0 0.0 104.2733
15:31:00 255.0 14750.0 106.4 104.33 104.34 104.28 104.32 3024.0 104.33 1006.0 14750.0 9334.0 5416.0 0.0 104.3119
15:32:00 379.0 23443.0 106.4 104.27 104.34 104.25 104.27 2300.0 104.28 327.0 23443.0 11007.0 12436.0 0.0 104.2953
15:33:00 230.0 13422.0 106.4 104.24 104.29 104.24 104.24 1096.0 104.25 2827.0 13422.0 8172.0 5250.0 0.0 104.2727
15:34:00 298.0 19256.0 106.4 104.225 104.24 104.2 104.22 200.0 104.23 5718.0 19256.0 9546.0 9710.0 0.0 104.2171
15:35:00 404.0 26092.0 106.4 104.16 104.23 104.15 104.15 2572.0 104.16 223.0 26092.0 15442.0 10650.0 0.0 104.1722
15:36:00 379.0 29107.0 106.4 104.19 104.25 104.15 104.18 617.0 104.19 2216.0 29107.0 13240.0 15867.0 0.0 104.1977
15:37:00 457.0 35547.0 106.4 104.27 104.3 104.18 104.26 3305.0 104.27 1200.0 35547.0 19356.0 16191.0 0.0 104.2452
15:38:00 378.0 30263.0 106.4 104.25 104.35 104.245 104.25 1030.0 104.26 238.0 30263.0 12533.0 17730.0 0.0 104.2963
15:39:00 271.0 17110.0 106.4 104.24 104.275 104.24 104.24 601.0 104.25 1012.0 17110.0 6459.0 10651.0 0.0 104.2602
15:40:00 301.0 20461.0 106.4 104.16 104.255 104.135 104.16 1981.0 104.17 622.0 20461.0 9226.0 11235.0 0.0 104.1822
15:41:00 377.0 26703.0 106.4 104.11 104.16 104.1 104.11 2158.0 104.12 1300.0 26703.0 14330.0 12373.0 0.0 104.1236
15:42:00 447.0 33979.0 106.4 104.1 104.115 104.04 104.09 3486.0 104.1 2000.0 33979.0 14982.0 18997.0 0.0 104.0774
15:43:00 356.0 25235.0 106.4 104.045 104.1 104.045 104.04 18311.0 104.05 2834.0 25235.0 9632.0 15603.0 0.0 104.0763
15:44:00 366.0 49188.0 106.4 104.055 104.055 104.025 104.05 4411.0 104.06 2522.0 49188.0 18435.0 30753.0 0.0 104.037
15:45:00 764.0 47711.0 106.4 103.95 104.06 103.945 103.94 2370.0 103.95 880.0 47711.0 11144.0 36567.0 0.0 104.002
15:46:00 388.0 34290.0 106.4 103.96 103.995 103.94 103.95 1738.0 103.96 604.0 34290.0 20130.0 14160.0 0.0 103.9692
15:47:00 332.0 29244.0 106.4 103.99 104.01 103.95 103.99 1400.0 104.0 120.0 29244.0 21615.0 7629.0 0.0 103.9711
15:48:00 335.0 26811.0 106.4 104.015 104.03 103.97 104.01 2803.0 104.02 1104.0 26811.0 12267.0 14544.0 0.0 103.9928
15:49:00 382.0 32397.0 106.4 104.04 104.04 103.99 104.03 883.0 104.04 3044.0 32397.0 17181.0 15216.0 0.0 104.0154
15:50:00 379.0 29656.0 106.4 104.03 104.04 104.0 104.02 1928.0 104.03 379.0 29656.0 15269.0 14387.0 0.0 104.0218
15:51:00 809.0 54328.0 106.4 103.93 104.07 103.92 103.93 1697.0 103.94 2011.0 54328.0 28510.0 25818.0 0.0 103.9789
15:52:00 437.0 34229.0 106.4 103.92 103.945 103.91 103.91 3056.0 103.92 2600.0 34229.0 15659.0 18570.0 0.0 103.9272
15:53:00 616.0 36528.0 106.4 103.845 103.92 103.835 103.84 720.0 103.85 1905.0 36528.0 11028.0 25500.0 0.0 103.8854
15:54:00 871.0 47920.0 106.4 103.74 103.84 103.74 103.74 300.0 103.75 3214.0 47920.0 23207.0 24713.0 0.0 103.7812
15:55:00 978.0 86994.0 106.4 103.78 103.785 103.71 103.77 2868.0 103.79 1511.0 86994.0 51610.0 35384.0 0.0 103.7584
15:56:00 933.0 79614.0 106.4 103.8 103.85 103.765 103.79 1449.0 103.8 1916.0 79614.0 38667.0 40947.0 0.0 103.8056
15:57:00 674.0 50418.0 106.4 103.765 103.8 103.73 103.76 3459.0 103.77 2705.0 50418.0 23874.0 26544.0 0.0 103.7733
15:58:00 1003.0 100925.0 106.4 103.855 103.88 103.72 103.85 2311.0 103.86 2229.0 100925.0 57203.0 43722.0 0.0 103.78
15:59:00 950.0 92183.0 106.4 103.94 103.95 103.84 103.93 2716.0 103.94 520.0 92183.0 47546.0 44637.0 0.0 103.9043
16:00:00 1577.0 149951.0 106.4 104.03 104.04 103.92 104.03 2445.0 104.04 22614.0 149951.0 67241.0 82710.0 0.0 103.971
16:01:00 38.0 873.0 106.4 103.96 104.1 103.93 103.94 30.0 103.99 214.0 873.0 725.0 148.0 0.0 103.9971
16:02:00 20.0 315.0 106.4 103.99 103.99 103.93 103.94 30.0 103.99 1165.0 315.0 54.0 261.0 0.0 103.9644
16:03:00 11.0 72.0 106.4 103.99 103.99 103.98 103.95 20.0 103.98 10.0 72.0 72.0 0.0 0.0 103.9886
16:04:00 23.0 256.0 106.4 103.91 103.99 103.91 103.94 30.0 103.94 9.0 256.0 174.0 82.0 0.0 103.9614
16:05:00 31.0 932.0 106.4 103.99 103.99 103.89 103.94 30.0 103.99 796.0 932.0 816.0 116.0 0.0 103.9014
16:06:00 17.0 2254.0 106.4 104.04 104.05 103.97 104.04 304.0 104.06 98.0 2254.0 1279.0 975.0 0.0 104.0139
16:07:00 15.0 344.0 106.4 104.04 104.08 104.04 104.04 371.0 104.06 98.0 344.0 10.0 334.0 0.0 104.041
16:08:00 8.0 714.0 106.4 104.07 104.07 104.04 104.04 186.0 104.06 98.0 714.0 12.0 702.0 0.0 104.0405
16:09:00 7.0 108.0 106.4 104.07 104.08 104.06 104.07 1.0 104.06 98.0 108.0 58.0 50.0 0.0 104.061
16:10:00 13.0 147.0 106.4 104.06 104.07 104.04 104.06 10.0 104.06 98.0 147.0 0.0 147.0 0.0 104.0436
16:11:00 9.0 419.0 106.4 104.06 104.06 104.04 104.01 5.0 104.04 2297.0 419.0 0.0 419.0 0.0 104.0405
16:12:00 3.0 11.0 106.4 104.03 104.03 104.03 104.01 5.0 104.04 2344.0 11.0 11.0 0.0 0.0 104.03
16:13:00 1.0 1.0 106.4 104.01 104.01 104.01 104.01 4.0 104.04 2344.0 1.0 0.0 1.0 0.0 104.01
16:14:00 0.0 0.0 106.4 104.01 nan nan 104.01 4.0 104.04 2297.0 nan 0.0 0.0 0.0 nan
16:15:00 2.0 2.0 106.4 104.04 104.04 104.02 104.01 4.0 104.04 2196.0 2.0 2.0 0.0 0.0 104.03
16:16:00 12.0 302.0 106.4 104.04 104.04 104.0 104.0 159.0 104.04 1882.0 302.0 286.0 16.0 0.0 104.038
16:17:00 31.0 209.0 106.4 104.03 104.03 103.95 104.0 60.0 104.04 1882.0 209.0 13.0 196.0 0.0 103.996
16:18:00 18.0 89.0 106.4 104.04 104.04 103.95 103.99 1.0 104.04 1867.0 89.0 15.0 74.0 0.0 103.9797
16:19:00 5.0 13.0 106.4 104.04 104.04 104.04 104.02 1.0 104.04 1855.0 13.0 13.0 0.0 0.0 104.04
16:20:00 2.0 2.0 106.4 103.99 104.04 103.99 104.0 52.0 104.04 1853.0 2.0 1.0 1.0 0.0 104.015
16:21:00 5.0 9.0 106.4 104.04 104.04 104.04 104.0 52.0 104.04 1844.0 9.0 9.0 0.0 0.0 104.04
16:22:00 3.0 3.0 106.4 104.04 104.04 104.04 104.0 52.0 104.04 1841.0 3.0 3.0 0.0 0.0 104.04
16:23:00 2.0 2.0 106.4 104.04 104.04 104.04 104.0 55.0 104.04 1839.0 2.0 2.0 0.0 0.0 104.04
16:24:00 30.0 155.0 106.4 104.01 104.04 103.91 103.94 30.0 103.97 2.0 155.0 2.0 153.0 0.0 103.959
16:25:00 5.0 25.0 106.4 104.04 104.04 103.97 103.97 25.0 104.04 2403.0 25.0 25.0 0.0 0.0 104.0344
16:26:00 6.0 34.0 106.4 104.04 104.04 104.04 104.0 6.0 104.04 2369.0 34.0 34.0 0.0 0.0 104.04
16:27:00 3.0 4.0 106.4 104.04 104.04 104.04 104.0 56.0 104.04 2365.0 4.0 4.0 0.0 0.0 104.04
16:28:00 4.0 6.0 106.4 104.0 104.04 104.0 104.0 53.0 104.04 2382.0 6.0 3.0 3.0 0.0 104.02
16:29:00 4.0 6.0 106.4 104.04 104.04 104.04 104.03 1.0 104.04 2376.0 6.0 6.0 0.0 0.0 104.04
16:30:00 23.0 169.0 106.4 104.04 104.04 103.97 103.99 1.0 104.04 2286.0 169.0 90.0 79.0 0.0 104.0179
16:31:00 4.0 15.0 106.4 104.04 104.04 104.04 104.0 3.0 104.04 2271.0 15.0 15.0 0.0 0.0 104.04
16:32:00 9.0 228.0 106.4 104.0 104.04 104.0 103.99 3.0 104.04 2270.0 228.0 124.0 104.0 0.0 104.0002
16:33:00 11.0 44.0 106.4 104.04 104.04 103.98 104.0 6.0 104.04 2253.0 44.0 17.0 27.0 0.0 104.0043
16:34:00 4.0 103.0 106.4 104.04 104.04 104.04 104.0 11.0 104.04 2150.0 103.0 103.0 0.0 0.0 104.04
16:35:00 3.0 10.0 106.4 104.04 104.04 104.04 104.0 14.0 104.04 2140.0 10.0 10.0 0.0 0.0 104.04
16:36:00 2.0 25.0 106.4 104.04 104.04 104.0 104.02 1.0 104.04 3115.0 25.0 25.0 0.0 0.0 104.04
16:37:00 2.0 2.0 106.4 104.03 104.04 104.03 104.02 1.0 104.03 999.0 2.0 2.0 0.0 0.0 104.035
16:38:00 7.0 160.0 106.4 104.0 104.04 104.0 104.02 1.0 104.04 2094.0 160.0 154.0 6.0 0.0 104.022
16:39:00 9.0 196.0 106.4 104.04 104.04 104.04 104.03 5.0 104.04 1898.0 196.0 196.0 0.0 0.0 104.04
16:40:00 3.0 7.0 106.4 104.02 104.04 104.02 104.02 5.0 104.04 1893.0 7.0 6.0 1.0 0.0 104.0343
16:41:00 5.0 9.0 106.4 104.04 104.04 104.04 104.03 5.0 104.04 1884.0 9.0 9.0 0.0 0.0 104.04
16:42:00 16.0 2386.0 106.4 104.08 104.08 104.04 104.06 30.0 104.06 98.0 2386.0 2386.0 0.0 0.0 104.0421
16:43:00 3.0 3.0 106.4 104.08 104.08 104.08 104.06 30.0 104.06 98.0 3.0 3.0 0.0 0.0 104.08
16:44:00 6.0 11.0 106.4 104.08 104.08 104.04 104.06 30.0 104.06 98.0 11.0 10.0 1.0 0.0 104.0764
16:45:00 3.0 7.0 106.4 104.08 104.08 104.08 104.06 30.0 104.06 98.0 7.0 7.0 0.0 0.0 104.08
16:46:00 6.0 10.0 106.4 104.08 104.08 104.06 104.06 25.0 104.06 98.0 10.0 5.0 5.0 0.0 104.07
16:47:00 0.0 0.0 106.4 104.08 nan nan 104.08 2.0 104.06 98.0 nan 0.0 0.0 0.0 nan
16:48:00 4.0 13.0 106.4 104.08 104.08 104.08 104.08 2.0 104.06 98.0 13.0 13.0 0.0 0.0 104.08
16:49:00 5.0 24.0 106.4 104.09 104.09 104.08 104.08 1.0 104.06 98.0 24.0 23.0 1.0 0.0 104.0896
16:50:00 5.0 202.0 106.4 104.09 104.09 104.05 104.06 50.0 104.06 98.0 202.0 2.0 200.0 0.0 104.0518
16:51:00 2.0 3.0 106.4 104.09 104.09 104.09 104.07 2.0 104.06 98.0 3.0 3.0 0.0 0.0 104.09
16:52:00 3.0 19.0 106.4 104.09 104.09 104.09 104.08 50.0 104.06 98.0 19.0 19.0 0.0 0.0 104.09
16:53:00 17.0 168.0 106.4 104.09 104.1 104.05 104.07 5.0 104.06 98.0 168.0 68.0 100.0 0.0 104.0735
16:54:00 7.0 19.0 106.4 104.09 104.13 104.09 104.1 1.0 104.06 98.0 19.0 14.0 5.0 0.0 104.0926
16:55:00 8.0 58.0 106.4 104.17 104.17 104.09 104.1 16.0 104.06 98.0 58.0 56.0 2.0 0.0 104.1379
16:56:00 12.0 461.0 106.4 104.1 104.17 104.1 104.11 25.0 104.06 98.0 461.0 180.0 281.0 0.0 104.1383
16:57:00 8.0 116.0 106.4 104.15 104.17 104.11 104.14 10.0 104.06 98.0 116.0 1.0 115.0 0.0 104.1484
16:58:00 13.0 437.0 106.4 104.11 104.15 104.1 104.09 10.0 104.06 98.0 437.0 82.0 355.0 0.0 104.1014
16:59:00 8.0 151.0 106.4 104.1 104.11 104.09 104.11 132.0 104.06 98.0 151.0 47.0 104.0 0.0 104.1064
17:00:00 12.0 162.0 106.4 104.11 104.17 104.1 104.11 39.0 104.06 98.0 162.0 31.0 131.0 0.0 104.1122
