time trade_count trade_volume trade_first trade_last trade_high trade_low bid_price bid_size ask_price ask_size hid_vol buy_vol sell_vol unsided_vol vwap
09:00:00 nan 10.0 98.32 98.29 98.32 98.29 98.24 1.0 98.29 74.0 10.0 10.0 0.0 0.0 98.29
09:01:00 8.0 11.0 98.32 98.29 98.33 98.29 98.29 1.0 98.29 64.0 11.0 11.0 0.0 0.0 98.29
09:02:00 6.0 6.0 98.32 98.29 98.32 98.27 98.27 1.0 98.29 60.0 6.0 4.0 2.0 0.0 98.2867
09:03:00 49.0 198.0 98.32 98.2 98.29 98.2 98.2 14.0 98.33 500.0 198.0 60.0 138.0 0.0 98.2469
09:04:00 6.0 5.0 98.32 98.2 98.28 98.2 98.2 50.0 98.3 500.0 5.0 0.0 5.0 0.0 98.214
09:05:00 4.0 3.0 98.32 98.25 98.26 98.22 98.2 90.0 98.3 500.0 3.0 0.0 3.0 0.0 98.25
09:06:00 5.0 0.0 98.32 98.29 98.29 98.26 98.2 96.0 98.3 500.0 nan 0.0 0.0 0.0 nan
09:07:00 37.0 112.0 98.32 98.22 98.31 98.2 98.2 28.0 98.32 100.0 112.0 12.0 100.0 0.0 98.2113
09:08:00 262.0 1210.0 98.32 98.03 98.23 98.0 98.0 96.0 98.3 4.0 1210.0 0.0 1210.0 0.0 98.0489
09:09:00 69.0 1277.0 98.32 98.02 98.24 97.9 98.16 3.0 98.3 4.0 1277.0 0.0 1277.0 0.0 98.0006
09:10:00 51.0 666.0 98.32 98.26 98.26 97.97 98.01 3.0 98.3 4.0 666.0 180.0 486.0 0.0 98.0044
09:11:00 17.0 35.0 98.32 98.05 98.27 98.05 98.05 3.0 98.3 4.0 35.0 15.0 20.0 0.0 98.0809
09:12:00 2.0 0.0 98.32 98.24 98.24 98.24 98.05 3.0 98.15 10.0 nan 0.0 0.0 0.0 nan
09:13:00 17.0 46.0 98.32 98.1 98.24 98.1 98.1 1.0 98.3 4.0 46.0 0.0 46.0 0.0 98.1026
09:14:00 15.0 26.0 98.32 98.05 98.27 98.05 98.05 3.0 98.3 4.0 26.0 12.0 14.0 0.0 98.0777
09:15:00 2.0 10.0 98.32 98.22 98.23 98.22 98.16 1.0 98.3 4.0 10.0 0.0 10.0 0.0 98.23
09:16:00 6.0 7.0 98.32 98.18 98.18 98.14 98.14 7.0 98.3 4.0 7.0 0.0 7.0 0.0 98.16
09:17:00 9.0 16.0 98.32 98.14 98.15 98.13 98.07 3.0 98.14 238.0 16.0 7.0 9.0 0.0 98.1419
09:18:00 12.0 25.0 98.32 98.05 98.13 98.05 98.06 14.0 98.14 238.0 25.0 0.0 25.0 0.0 98.0524
09:19:00 3.0 3.0 98.32 98.08 98.13 98.08 98.06 14.0 98.14 238.0 3.0 3.0 0.0 0.0 98.08
09:20:00 32.0 164.0 98.32 98.13 98.13 98.05 98.07 63.0 98.14 238.0 164.0 77.0 87.0 0.0 98.0562
09:21:00 81.0 240.0 98.32 98.12 98.12 98.0 98.0 8.0 98.14 238.0 240.0 18.0 222.0 0.0 98.0228
09:22:00 3.0 6.0 98.32 98.13 98.13 98.13 98.01 60.0 98.14 238.0 6.0 0.0 6.0 0.0 98.13
09:23:00 12.0 206.0 98.32 98.14 98.14 98.07 98.06 32.0 98.14 95.0 206.0 204.0 2.0 0.0 98.1399
09:24:00 11.0 99.0 98.32 98.1 98.14 98.1 98.08 30.0 98.14 273.0 99.0 15.0 84.0 0.0 98.1079
09:25:00 12.0 72.0 98.32 98.02 98.13 98.02 98.02 3.0 98.11 598.0 72.0 0.0 72.0 0.0 98.0649
09:26:00 96.0 394.0 98.32 98.02 98.05 97.85 97.91 100.0 98.03 261.0 394.0 4.0 390.0 0.0 97.9497
09:27:00 35.0 0.0 98.32 97.97 98.09 97.91 97.96 35.0 98.1 304.0 nan 0.0 0.0 0.0 nan
09:28:00 24.0 13.0 98.32 98.05 98.05 97.9 97.96 18.0 98.07 100.0 13.0 4.0 9.0 0.0 97.9415
09:29:00 5.0 1.0 98.32 98.0 98.01 97.96 97.96 1.0 98.05 26.0 1.0 0.0 1.0 0.0 97.96
09:30:00 15.0 8.0 98.32 98.01 98.01 97.95 97.95 15.0 98.05 26.0 8.0 0.0 8.0 0.0 97.9537
09:31:00 654.0 34638.0 98.32 97.93 98.38 97.87 97.89 1.0 97.93 350.0 34638.0 13744.0 20894.0 0.0 98.0515
09:32:00 215.0 7180.0 98.32 98.23 98.23 97.85 98.19 50.0 98.25 5.0 7180.0 3929.0 3251.0 0.0 97.9779
09:33:00 319.0 8603.0 98.32 98.02 98.29 98.0 98.01 1.0 98.06 150.0 8603.0 1487.0 7116.0 0.0 98.1394
09:34:00 705.0 18955.0 98.32 97.7 98.05 97.65 97.69 50.0 97.72 351.0 18955.0 3361.0 15594.0 0.0 97.7799
09:35:00 467.0 18142.0 98.32 97.62 97.78 97.6 97.61 1.0 97.64 50.0 18142.0 7411.0 10731.0 0.0 97.682
09:36:00 967.0 65610.0 98.32 97.45 97.61 97.44 97.44 179.0 97.47 503.0 65610.0 11712.0 53898.0 0.0 97.5129
09:37:00 496.0 17945.0 98.32 97.44 97.48 97.28 97.43 50.0 97.47 50.0 17945.0 8484.0 9461.0 0.0 97.3774
09:38:00 304.0 13236.0 98.32 97.65 97.72 97.44 97.64 4.0 97.68 50.0 13236.0 5047.0 8189.0 0.0 97.604
09:39:00 228.0 11677.0 98.32 97.61 97.71 97.58 97.6 366.0 97.62 185.0 11677.0 7003.0 4674.0 0.0 97.6298
09:40:00 221.0 13144.0 98.32 97.64 97.66 97.56 97.62 480.0 97.66 50.0 13144.0 7002.0 6142.0 0.0 97.6223
09:41:00 354.0 15835.0 98.32 97.79 97.85 97.46 97.77 599.0 97.8 300.0 15835.0 5256.0 10579.0 0.0 97.5865
09:42:00 211.0 12374.0 98.32 97.91 98.0 97.78 97.88 50.0 97.91 23.0 12374.0 6925.0 5449.0 0.0 97.9249
09:43:00 469.0 27188.0 98.32 97.94 98.1 97.89 97.93 1055.0 97.96 66.0 27188.0 10225.0 16963.0 0.0 97.9824
09:44:00 177.0 9077.0 98.32 98.0 98.05 97.84 97.98 544.0 98.02 100.0 9077.0 3803.0 5274.0 0.0 97.9678
09:45:00 143.0 4455.0 98.32 97.94 98.02 97.9 97.92 117.0 97.94 100.0 4455.0 808.0 3647.0 0.0 97.9598
09:46:00 165.0 7216.0 98.32 97.95 98.05 97.92 97.93 165.0 97.95 100.0 7216.0 3029.0 4187.0 0.0 97.9848
09:47:00 167.0 6797.0 98.32 98.11 98.18 97.93 98.09 199.0 98.13 550.0 6797.0 4052.0 2745.0 0.0 98.0835
09:48:00 303.0 18542.0 98.32 98.24 98.33 98.11 98.21 700.0 98.24 102.0 18542.0 9051.0 9491.0 0.0 98.2188
09:49:00 196.0 11585.0 98.32 98.28 98.34 98.19 98.26 27.0 98.29 250.0 11585.0 6354.0 5231.0 0.0 98.2634
09:50:00 352.0 16729.0 98.32 98.09 98.27 98.05 98.08 850.0 98.11 650.0 16729.0 3791.0 12938.0 0.0 98.1776
09:51:00 355.0 18283.0 98.32 98.0 98.09 97.93 97.98 311.0 98.02 550.0 18283.0 6692.0 11591.0 0.0 98.0141
09:52:00 261.0 13110.0 98.32 98.17 98.25 97.97 98.17 800.0 98.2 54.0 13110.0 7064.0 6046.0 0.0 98.1693
09:53:00 432.0 23708.0 98.32 98.25 98.34 98.2 98.25 600.0 98.27 200.0 23708.0 12484.0 11224.0 0.0 98.2661
09:54:00 225.0 14757.0 98.32 98.23 98.29 98.22 98.23 543.0 98.27 650.0 14757.0 4961.0 9796.0 0.0 98.2454
09:55:00 152.0 9395.0 98.32 98.18 98.27 98.17 98.19 50.0 98.21 78.0 9395.0 3650.0 5745.0 0.0 98.2357
09:56:00 318.0 21461.0 98.32 98.09 98.25 98.09 98.08 502.0 98.12 50.0 21461.0 10013.0 11448.0 0.0 98.2067
09:57:00 154.0 6594.0 98.32 98.15 98.17 98.04 98.14 430.0 98.16 250.0 6594.0 2267.0 4327.0 0.0 98.0963
09:58:00 209.0 13751.0 98.32 98.11 98.17 98.02 98.09 170.0 98.12 200.0 13751.0 2017.0 11734.0 0.0 98.0886
09:59:00 215.0 7280.0 98.32 98.03 98.13 97.985 98.0 226.0 98.03 350.0 7280.0 2083.0 5197.0 0.0 98.0356
10:00:00 106.0 6601.0 98.32 98.07 98.1 98.01 98.06 50.0 98.09 100.0 6601.0 1773.0 4828.0 0.0 98.0386
10:01:00 220.0 8509.0 98.32 98.08 98.13 97.97 98.08 250.0 98.1 100.0 8509.0 2788.0 5721.0 0.0 98.0411
10:02:00 175.0 6493.0 98.32 98.055 98.2 98.0 98.04 200.0 98.07 50.0 6493.0 2624.0 3869.0 0.0 98.1001
10:03:00 94.0 4473.0 98.32 98.11 98.14 98.03 98.12 179.0 98.14 706.0 4473.0 2290.0 2183.0 0.0 98.0913
10:04:00 175.0 8699.0 98.32 98.09 98.14 98.0 98.09 200.0 98.12 259.0 8699.0 4911.0 3788.0 0.0 98.0621
10:05:00 158.0 6630.0 98.32 98.11 98.19 98.06 98.1 300.0 98.12 801.0 6630.0 2997.0 3633.0 0.0 98.1233
10:06:00 178.0 10427.0 98.32 97.98 98.1 97.94 97.96 100.0 97.98 447.0 10427.0 2996.0 7431.0 0.0 97.9876
10:07:00 188.0 9342.0 98.32 97.95 98.0 97.93 97.94 651.0 97.96 140.0 9342.0 6306.0 3036.0 0.0 97.9662
10:08:00 146.0 7000.0 98.32 97.94 98.04 97.94 97.93 1.0 97.95 200.0 7000.0 2738.0 4262.0 0.0 97.9783
10:09:00 204.0 7998.0 98.32 97.98 98.0 97.83 97.98 211.0 98.01 920.0 7998.0 2616.0 5382.0 0.0 97.8881
10:10:00 208.0 15371.0 98.32 97.94 98.01 97.94 97.93 328.0 97.95 400.0 15371.0 5513.0 9858.0 0.0 97.9842
10:11:00 189.0 7906.0 98.32 97.82 97.99 97.78 97.8 150.0 97.82 1.0 7906.0 2447.0 5459.0 0.0 97.8693
10:12:00 217.0 11870.0 98.32 97.9 97.91 97.82 97.89 266.0 97.91 100.0 11870.0 8017.0 3853.0 0.0 97.8816
10:13:00 138.0 6915.0 98.32 97.97 98.0 97.91 97.96 215.0 97.98 107.0 6915.0 4286.0 2629.0 0.0 97.954
10:14:00 219.0 15123.0 98.32 97.98 98.11 97.95 97.95 257.0 97.99 171.0 15123.0 7856.0 7267.0 0.0 98.0308
10:15:00 171.0 10667.0 98.32 98.05 98.12 97.96 98.06 77.0 98.09 733.0 10667.0 5558.0 5109.0 0.0 98.0287
10:16:00 140.0 8365.0 98.32 98.16 98.18 98.03 98.15 75.0 98.18 1250.0 8365.0 4706.0 3659.0 0.0 98.1025
10:17:00 179.0 10189.0 98.32 98.0 98.16 97.97 97.99 100.0 98.02 652.0 10189.0 5594.0 4595.0 0.0 98.0343
10:18:00 83.0 2777.0 98.32 97.9 97.99 97.89 97.88 109.0 97.91 858.0 2777.0 627.0 2150.0 0.0 97.9515
10:19:00 178.0 8944.0 98.32 97.9 97.97 97.85 97.87 111.0 97.89 356.0 8944.0 5189.0 3755.0 0.0 97.8957
10:20:00 218.0 16183.0 98.32 97.81 97.91 97.73 97.8 37.0 97.82 350.0 16183.0 2778.0 13405.0 0.0 97.7984
10:21:00 81.0 5008.0 98.32 97.88 97.92 97.82 97.86 200.0 97.89 50.0 5008.0 4344.0 664.0 0.0 97.873
10:22:00 96.0 5085.0 98.32 97.83 97.85 97.8 97.8 502.0 97.83 154.0 5085.0 3074.0 2011.0 0.0 97.8212
10:23:00 171.0 6807.0 98.32 97.75 97.85 97.68 97.72 451.0 97.75 630.0 6807.0 3955.0 2852.0 0.0 97.7643
10:24:00 90.0 5920.0 98.32 97.71 97.77 97.68 97.71 156.0 97.74 50.0 5920.0 3472.0 2448.0 0.0 97.7177
10:25:00 79.0 4853.0 98.32 97.75 97.75 97.68 97.73 600.0 97.75 55.0 4853.0 3217.0 1636.0 0.0 97.7208
10:26:00 94.0 4711.0 98.32 97.71 97.8 97.68 97.7 175.0 97.72 553.0 4711.0 3157.0 1554.0 0.0 97.7428
10:27:00 117.0 5735.0 98.32 97.75 97.75 97.67 97.73 50.0 97.75 100.0 5735.0 3424.0 2311.0 0.0 97.7222
10:28:00 112.0 7094.0 98.32 97.74 97.785 97.66 97.72 450.0 97.75 150.0 7094.0 3574.0 3520.0 0.0 97.7082
10:29:00 72.0 3688.0 98.32 97.82 97.83 97.71 97.81 103.0 97.84 247.0 3688.0 2642.0 1046.0 0.0 97.7441
10:30:00 256.0 13565.0 98.32 97.62 97.82 97.62 97.62 27.0 97.64 452.0 13565.0 4021.0 9544.0 0.0 97.7125
10:31:00 188.0 13015.0 98.32 97.74 97.76 97.61 97.73 161.0 97.75 50.0 13015.0 6065.0 6950.0 0.0 97.6523
10:32:00 75.0 3532.0 98.32 97.71 97.73 97.68 97.7 131.0 97.72 957.0 3532.0 2078.0 1454.0 0.0 97.7134
10:33:00 176.0 9345.0 98.32 97.68 97.78 97.65 97.68 100.0 97.69 916.0 9345.0 3941.0 5404.0 0.0 97.6944
10:34:00 87.0 5611.0 98.32 97.75 97.79 97.65 97.75 313.0 97.77 150.0 5611.0 3466.0 2145.0 0.0 97.7134
10:35:00 107.0 5804.0 98.32 97.76 97.84 97.75 97.75 165.0 97.77 139.0 5804.0 2512.0 3292.0 0.0 97.7878
10:36:00 148.0 6777.0 98.32 97.84 97.865 97.7 97.83 253.0 97.85 100.0 6777.0 4083.0 2694.0 0.0 97.7511
10:37:00 380.0 29376.0 98.32 97.92 97.95 97.76 97.92 202.0 97.93 100.0 29376.0 17314.0 12062.0 0.0 97.8749
10:38:00 188.0 14020.0 98.32 97.99 98.0 97.91 97.98 971.0 98.0 27.0 14020.0 5334.0 8686.0 0.0 97.9604
10:39:00 147.0 7303.0 98.32 98.0 98.04 97.96 97.98 254.0 98.0 390.0 7303.0 2416.0 4887.0 0.0 97.9984
10:40:00 267.0 15162.0 98.32 97.98 97.98 97.88 97.97 68.0 97.99 764.0 15162.0 5500.0 9662.0 0.0 97.9443
10:41:00 130.0 7191.0 98.32 97.99 97.99 97.93 97.99 173.0 98.0 305.0 7191.0 3279.0 3912.0 0.0 97.9585
10:42:00 122.0 5635.0 98.32 97.95 98.0 97.91 97.95 325.0 97.97 1650.0 5635.0 2589.0 3046.0 0.0 97.9576
10:43:00 129.0 7646.0 98.32 97.99 98.01 97.91 97.98 300.0 98.0 109.0 7646.0 3283.0 4363.0 0.0 97.955
10:44:00 165.0 8934.0 98.32 97.97 98.01 97.94 97.96 389.0 97.98 636.0 8934.0 2463.0 6471.0 0.0 97.9676
10:45:00 103.0 5049.0 98.32 97.98 98.0 97.96 97.95 945.0 97.98 1309.0 5049.0 3597.0 1452.0 0.0 97.982
10:46:00 110.0 6057.0 98.32 97.97 98.0 97.95 97.97 325.0 97.98 60.0 6057.0 4303.0 1754.0 0.0 97.9738
10:47:00 109.0 4433.0 98.32 97.94 97.97 97.91 97.92 602.0 97.94 160.0 4433.0 2078.0 2355.0 0.0 97.9408
10:48:00 150.0 5825.0 98.32 97.93 97.96 97.91 97.91 750.0 97.93 47.0 5825.0 3653.0 2172.0 0.0 97.9344
10:49:00 165.0 18022.0 98.32 97.92 97.94 97.9 97.92 150.0 97.94 509.0 18022.0 5105.0 12917.0 0.0 97.908
10:50:00 435.0 35280.0 98.32 97.85 97.94 97.83 97.83 204.0 97.85 650.0 35280.0 11305.0 23975.0 0.0 97.8801
10:51:00 67.0 3819.0 98.32 97.86 97.895 97.85 97.87 40.0 97.88 100.0 3819.0 2316.0 1503.0 0.0 97.8631
10:52:00 232.0 12752.0 98.32 97.931 98.0 97.84 97.95 100.0 97.97 101.0 12752.0 9095.0 3657.0 0.0 97.9754
10:53:00 161.0 9357.0 98.32 98.08 98.12 97.92 98.08 100.0 98.1 650.0 9357.0 5427.0 3930.0 0.0 98.0617
10:54:00 171.0 9908.0 98.32 98.23 98.26 98.07 98.22 286.0 98.24 17.0 9908.0 7058.0 2850.0 0.0 98.2013
10:55:00 284.0 15789.0 98.32 98.03 98.23 98.02 98.02 757.0 98.05 743.0 15789.0 4684.0 11105.0 0.0 98.1054
10:56:00 134.0 8198.0 98.32 98.1 98.1 97.98 98.08 150.0 98.1 50.0 8198.0 3577.0 4621.0 0.0 98.0137
10:57:00 70.0 3144.0 98.32 97.95 98.1 97.95 97.95 14.0 97.97 711.0 3144.0 813.0 2331.0 0.0 98.0414
10:58:00 114.0 6407.0 98.32 97.84 97.95 97.84 97.84 389.0 97.86 197.0 6407.0 2121.0 4286.0 0.0 97.8854
10:59:00 185.0 9515.0 98.32 97.8 97.88 97.79 97.8 550.0 97.82 901.0 9515.0 6308.0 3207.0 0.0 97.8239
11:00:00 270.0 21608.0 98.32 97.96 98.0 97.8 97.95 411.0 97.97 320.0 21608.0 16598.0 5010.0 0.0 97.9504
11:01:00 129.0 7834.0 98.32 97.98 97.98 97.95 97.96 331.0 97.98 850.0 7834.0 4169.0 3665.0 0.0 97.9567
11:02:00 280.0 21438.0 98.32 97.92 98.02 97.92 97.91 1.0 97.93 350.0 21438.0 16663.0 4775.0 0.0 97.995
11:03:00 74.0 2991.0 98.32 97.92 97.96 97.89 97.92 1.0 97.93 500.0 2991.0 1773.0 1218.0 0.0 97.9132
11:04:00 120.0 4568.0 98.32 97.99 98.0 97.91 97.98 158.0 98.0 410.0 4568.0 3904.0 664.0 0.0 97.9575
11:05:00 70.0 3398.0 98.32 97.87 97.98 97.87 97.87 1052.0 97.9 760.0 3398.0 1444.0 1954.0 0.0 97.9105
11:06:00 103.0 4946.0 98.32 97.82 97.89 97.8 97.81 300.0 97.82 94.0 4946.0 3307.0 1639.0 0.0 97.843
11:07:00 147.0 7252.0 98.32 97.8 97.82 97.78 97.8 206.0 97.81 58.0 7252.0 4045.0 3207.0 0.0 97.7962
11:08:00 305.0 12964.0 98.32 97.8 97.87 97.76 97.8 1416.0 97.83 101.0 12964.0 8281.0 4683.0 0.0 97.8213
11:09:00 130.0 4139.0 98.32 97.83 97.86 97.77 97.82 155.0 97.84 100.0 4139.0 1874.0 2265.0 0.0 97.8072
11:10:00 192.0 9797.0 98.32 97.93 97.93 97.84 97.94 40.0 97.95 10.0 9797.0 5084.0 4713.0 0.0 97.8669
11:11:00 143.0 7238.0 98.32 97.78 97.94 97.77 97.78 301.0 97.8 55.0 7238.0 4388.0 2850.0 0.0 97.8352
11:12:00 76.0 3735.0 98.32 97.78 97.815 97.75 97.77 146.0 97.78 252.0 3735.0 2468.0 1267.0 0.0 97.784
11:13:00 204.0 12004.0 98.32 97.82 97.82 97.74 97.81 100.0 97.82 202.0 12004.0 6113.0 5891.0 0.0 97.7831
11:14:00 128.0 8493.0 98.32 97.84 97.84 97.77 97.83 506.0 97.86 723.0 8493.0 3053.0 5440.0 0.0 97.7887
11:15:00 143.0 8433.0 98.32 97.7 97.84 97.7 97.69 245.0 97.7 1576.0 8433.0 2770.0 5663.0 0.0 97.7455
11:16:00 127.0 9158.0 98.32 97.81 97.81 97.64 97.8 379.0 97.83 550.0 9158.0 6548.0 2610.0 0.0 97.7027
11:17:00 77.0 3793.0 98.32 97.69 97.82 97.69 97.68 4.0 97.7 1100.0 3793.0 1286.0 2507.0 0.0 97.7643
11:18:00 75.0 3728.0 98.32 97.74 97.77 97.7 97.73 61.0 97.75 654.0 3728.0 3230.0 498.0 0.0 97.723
11:19:00 70.0 3737.0 98.32 97.73 97.745 97.69 97.72 304.0 97.73 100.0 3737.0 2408.0 1329.0 0.0 97.7079
11:20:00 104.0 5681.0 98.32 97.79 97.81 97.73 97.77 21.0 97.79 650.0 5681.0 3791.0 1890.0 0.0 97.7721
11:21:00 141.0 9258.0 98.32 97.84 97.87 97.73 97.83 44.0 97.85 550.0 9258.0 6464.0 2794.0 0.0 97.8173
11:22:00 103.0 4749.0 98.32 97.78 97.89 97.76 97.76 313.0 97.78 799.0 4749.0 2416.0 2333.0 0.0 97.8366
11:23:00 102.0 5441.0 98.32 97.73 97.785 97.7 97.72 104.0 97.73 200.0 5441.0 3479.0 1962.0 0.0 97.7354
11:24:00 82.0 5937.0 98.32 97.71 97.76 97.685 97.71 151.0 97.72 433.0 5937.0 2173.0 3764.0 0.0 97.7142
11:25:00 99.0 3927.0 98.32 97.75 97.75 97.69 97.73 826.0 97.75 441.0 3927.0 1982.0 1945.0 0.0 97.7096
11:26:00 109.0 4714.0 98.32 97.8 97.8 97.72 97.78 154.0 97.81 850.0 4714.0 3947.0 767.0 0.0 97.7527
11:27:00 151.0 11118.0 98.32 97.89 97.9 97.78 97.89 39.0 97.9 1.0 11118.0 7216.0 3902.0 0.0 97.8494
11:28:00 110.0 7066.0 98.32 97.94 97.95 97.9 97.93 311.0 97.95 1850.0 7066.0 3082.0 3984.0 0.0 97.9255
11:29:00 177.0 10316.0 98.32 97.93 97.94 97.9 97.92 150.0 97.94 103.0 10316.0 6453.0 3863.0 0.0 97.9238
11:30:00 221.0 11075.0 98.32 97.92 97.95 97.86 97.92 105.0 97.93 100.0 11075.0 5873.0 5202.0 0.0 97.9207
11:31:00 171.0 8840.0 98.32 97.85 97.95 97.85 97.85 691.0 97.87 550.0 8840.0 3265.0 5575.0 0.0 97.9147
11:32:00 298.0 18304.0 98.32 97.67 97.86 97.66 97.67 37.0 97.68 461.0 18304.0 7720.0 10584.0 0.0 97.7545
11:33:00 159.0 7271.0 98.32 97.67 97.71 97.61 97.66 73.0 97.68 395.0 7271.0 4198.0 3073.0 0.0 97.6487
11:34:00 79.0 4389.0 98.32 97.63 97.68 97.62 97.63 206.0 97.64 400.0 4389.0 1738.0 2651.0 0.0 97.6456
11:35:00 143.0 5288.0 98.32 97.62 97.63 97.58 97.6 430.0 97.62 1434.0 5288.0 2828.0 2460.0 0.0 97.6042
11:36:00 67.0 4992.0 98.32 97.65 97.67 97.61 97.63 126.0 97.65 701.0 4992.0 2342.0 2650.0 0.0 97.6492
11:37:00 165.0 6374.0 98.32 97.58 97.64 97.53 97.58 400.0 97.59 405.0 6374.0 4638.0 1736.0 0.0 97.5695
11:38:00 131.0 5795.0 98.32 97.58 97.62 97.58 97.58 251.0 97.6 1050.0 5795.0 4137.0 1658.0 0.0 97.6008
11:39:00 132.0 8330.0 98.32 97.66 97.67 97.56 97.66 27.0 97.68 416.0 8330.0 6826.0 1504.0 0.0 97.6179
11:40:00 119.0 6795.0 98.32 97.78 97.8 97.64 97.75 751.0 97.78 254.0 6795.0 5342.0 1453.0 0.0 97.6963
11:41:00 67.0 3593.0 98.32 97.63 97.75 97.62 97.62 750.0 97.64 867.0 3593.0 2290.0 1303.0 0.0 97.6687
11:42:00 246.0 16880.0 98.32 97.63 97.7 97.61 97.63 15.0 97.64 150.0 16880.0 6264.0 10616.0 0.0 97.6443
11:43:00 53.0 3379.0 98.32 97.74 97.74 97.65 97.72 951.0 97.75 1100.0 3379.0 2596.0 783.0 0.0 97.7031
11:44:00 92.0 5439.0 98.32 97.71 97.76 97.67 97.7 101.0 97.71 201.0 5439.0 2481.0 2958.0 0.0 97.7024
11:45:00 176.0 9006.0 98.32 97.75 97.78 97.69 97.75 300.0 97.77 225.0 9006.0 7074.0 1932.0 0.0 97.7361
11:46:00 87.0 4873.0 98.32 97.87 97.87 97.73 97.86 1.0 97.88 595.0 4873.0 3158.0 1715.0 0.0 97.7877
11:47:00 116.0 6942.0 98.32 97.87 97.93 97.87 97.86 357.0 97.88 342.0 6942.0 3499.0 3443.0 0.0 97.8981
11:48:00 97.0 4533.0 98.32 97.89 97.91 97.87 97.88 101.0 97.9 51.0 4533.0 3673.0 860.0 0.0 97.8818
11:49:00 109.0 5006.0 98.32 97.96 97.96 97.87 97.94 560.0 97.97 752.0 5006.0 3484.0 1522.0 0.0 97.9046
11:50:00 91.0 3602.0 98.32 97.95 97.98 97.945 97.95 189.0 97.96 200.0 3602.0 1894.0 1708.0 0.0 97.9605
11:51:00 96.0 5589.0 98.32 97.86 97.96 97.85 97.85 407.0 97.87 401.0 5589.0 3099.0 2490.0 0.0 97.8849
11:52:00 92.0 5800.0 98.32 97.84 97.89 97.82 97.82 950.0 97.85 400.0 5800.0 2546.0 3254.0 0.0 97.8566
11:53:00 56.0 3419.0 98.32 97.86 97.88 97.83 97.86 50.0 97.88 810.0 3419.0 2183.0 1236.0 0.0 97.8587
11:54:00 86.0 5317.0 98.32 97.91 97.93 97.87 97.92 103.0 97.93 346.0 5317.0 2606.0 2711.0 0.0 97.903
11:55:00 75.0 3958.0 98.32 97.98 97.98 97.93 97.98 400.0 97.99 510.0 3958.0 3144.0 814.0 0.0 97.9559
11:56:00 132.0 10429.0 98.32 98.03 98.04 97.96 98.03 428.0 98.04 400.0 10429.0 8961.0 1468.0 0.0 97.9954
11:57:00 108.0 5620.0 98.32 98.03 98.07 98.03 98.02 27.0 98.04 507.0 5620.0 3067.0 2553.0 0.0 98.0494
11:58:00 123.0 7232.0 98.32 98.04 98.045 97.99 98.02 1200.0 98.05 500.0 7232.0 3841.0 3391.0 0.0 98.0133
11:59:00 70.0 4079.0 98.32 98.04 98.07 98.04 98.03 27.0 98.04 200.0 4079.0 2738.0 1341.0 0.0 98.055
12:00:00 141.0 7523.0 98.32 98.12 98.12 98.04 98.11 128.0 98.12 200.0 7523.0 4763.0 2760.0 0.0 98.0796
12:01:00 199.0 10398.0 98.32 98.12 98.16 98.09 98.11 321.0 98.12 400.0 10398.0 5865.0 4533.0 0.0 98.1188
12:02:00 131.0 7541.0 98.32 98.13 98.14 98.08 98.13 401.0 98.15 232.0 7541.0 4626.0 2915.0 0.0 98.1054
12:03:00 153.0 9108.0 98.32 98.07 98.14 98.05 98.06 201.0 98.08 305.0 9108.0 4208.0 4900.0 0.0 98.0902
12:04:00 107.0 4894.0 98.32 98.02 98.07 98.01 98.03 70.0 98.05 400.0 4894.0 2198.0 2696.0 0.0 98.0303
12:05:00 127.0 6126.0 98.32 97.99 98.03 97.98 97.98 70.0 97.99 1001.0 6126.0 2000.0 4126.0 0.0 98.0105
12:06:00 96.0 5959.0 98.32 98.11 98.13 97.99 98.1 227.0 98.12 450.0 5959.0 4486.0 1473.0 0.0 98.0322
12:07:00 141.0 8524.0 98.32 98.05 98.12 98.04 98.05 68.0 98.06 660.0 8524.0 4453.0 4071.0 0.0 98.0879
12:08:00 143.0 6818.0 98.32 98.1 98.13 98.06 98.09 332.0 98.1 460.0 6818.0 3702.0 3116.0 0.0 98.0888
12:09:00 116.0 6909.0 98.32 98.1 98.15 98.08 98.09 300.0 98.1 599.0 6909.0 2858.0 4051.0 0.0 98.1094
12:10:00 104.0 5531.0 98.32 98.26 98.28 98.1 98.26 97.0 98.27 212.0 5531.0 4386.0 1145.0 0.0 98.193
12:11:00 139.0 7211.0 98.32 98.24 98.27 98.24 98.23 268.0 98.24 300.0 7211.0 3254.0 3957.0 0.0 98.2512
12:12:00 183.0 11918.0 98.32 98.25 98.279 98.24 98.24 112.0 98.25 124.0 11918.0 5183.0 6735.0 0.0 98.256
12:13:00 459.0 32880.0 98.32 98.32 98.33 98.19 98.32 135.0 98.33 245.0 32880.0 14969.0 17911.0 0.0 98.2508
12:14:00 110.0 6300.0 98.32 98.28 98.34 98.28 98.27 267.0 98.29 1140.0 6300.0 2715.0 3585.0 0.0 98.3095
12:15:00 680.0 45881.0 98.32 98.28 98.29 98.21 98.26 1000.0 98.28 86.0 45881.0 24009.0 21872.0 0.0 98.2499
12:16:00 168.0 11452.0 98.32 98.28 98.31 98.26 98.28 439.0 98.3 550.0 11452.0 4457.0 6995.0 0.0 98.2965
12:17:00 128.0 8028.0 98.32 98.3 98.32 98.29 98.29 350.0 98.31 505.0 8028.0 3511.0 4517.0 0.0 98.3
12:18:00 247.0 13484.0 98.32 98.3 98.32 98.29 98.29 1093.0 98.31 107.0 13484.0 5635.0 7849.0 0.0 98.3016
12:19:00 304.0 17768.0 98.32 98.36 98.39 98.29 98.34 106.0 98.36 325.0 17768.0 8816.0 8952.0 0.0 98.3305
12:20:00 154.0 7610.0 98.32 98.2 98.36 98.17 98.19 345.0 98.21 500.0 7610.0 2730.0 4880.0 0.0 98.2692
12:21:00 186.0 6577.0 98.32 98.24 98.24 98.19 98.23 356.0 98.24 260.0 6577.0 4475.0 2102.0 0.0 98.2124
12:22:00 165.0 12121.0 98.32 98.24 98.28 98.23 98.24 105.0 98.25 702.0 12121.0 6197.0 5924.0 0.0 98.2524
12:23:00 207.0 13562.0 98.32 98.25 98.28 98.22 98.24 1.0 98.25 300.0 13562.0 6709.0 6853.0 0.0 98.252
12:24:00 101.0 6025.0 98.32 98.2 98.26 98.2 98.19 201.0 98.2 740.0 6025.0 2689.0 3336.0 0.0 98.2383
12:25:00 116.0 7684.0 98.32 98.28 98.31 98.18 98.28 160.0 98.3 200.0 7684.0 6338.0 1346.0 0.0 98.2403
12:26:00 60.0 3193.0 98.32 98.3 98.3 98.24 98.3 4.0 98.31 400.0 3193.0 1683.0 1510.0 0.0 98.2696
12:27:00 122.0 7379.0 98.32 98.3 98.33 98.29 98.29 201.0 98.31 1100.0 7379.0 3320.0 4059.0 0.0 98.2992
12:28:00 104.0 5236.0 98.32 98.22 98.3 98.21 98.21 50.0 98.23 150.0 5236.0 1855.0 3381.0 0.0 98.2559
12:29:00 54.0 2966.0 98.32 98.2 98.2 98.15 98.18 362.0 98.21 150.0 2966.0 2016.0 950.0 0.0 98.1793
12:30:00 109.0 6170.0 98.32 98.21 98.23 98.18 98.21 100.0 98.23 1150.0 6170.0 3803.0 2367.0 0.0 98.2055
12:31:00 214.0 12419.0 98.32 98.18 98.23 98.16 98.17 344.0 98.19 556.0 12419.0 4661.0 7758.0 0.0 98.1829
12:32:00 117.0 4564.0 98.32 98.12 98.2 98.11 98.1 263.0 98.12 97.0 4564.0 2780.0 1784.0 0.0 98.1706
12:33:00 47.0 3569.0 98.32 98.16 98.17 98.11 98.15 502.0 98.17 200.0 3569.0 3014.0 555.0 0.0 98.1368
12:34:00 90.0 3643.0 98.32 98.06 98.16 98.055 98.06 8.0 98.07 1119.0 3643.0 1263.0 2380.0 0.0 98.1058
12:35:00 105.0 5070.0 98.32 98.03 98.09 98.02 98.02 303.0 98.03 155.0 5070.0 3351.0 1719.0 0.0 98.0677
12:36:00 209.0 7878.0 98.32 97.99 98.04 97.97 97.99 186.0 98.0 659.0 7878.0 3826.0 4052.0 0.0 97.9984
12:37:00 89.0 3619.0 98.32 97.95 97.99 97.95 97.95 14.0 97.96 1323.0 3619.0 2632.0 987.0 0.0 97.9721
12:38:00 100.0 6308.0 98.32 97.97 98.01 97.96 97.96 50.0 97.97 456.0 6308.0 4809.0 1499.0 0.0 97.9767
12:39:00 163.0 9886.0 98.32 98.01 98.02 97.96 97.99 1313.0 98.01 253.0 9886.0 8061.0 1825.0 0.0 97.9924
12:40:00 101.0 5566.0 98.32 98.04 98.06 97.99 98.04 163.0 98.05 760.0 5566.0 3351.0 2215.0 0.0 98.0201
12:41:00 106.0 4744.0 98.32 98.02 98.1 98.02 98.02 50.0 98.03 400.0 4744.0 3293.0 1451.0 0.0 98.0576
12:42:00 103.0 4671.0 98.32 97.96 98.03 97.93 97.95 423.0 97.98 1550.0 4671.0 2439.0 2232.0 0.0 97.9631
12:43:00 93.0 3925.0 98.32 97.92 97.98 97.9 97.91 550.0 97.93 400.0 3925.0 2043.0 1882.0 0.0 97.9204
12:44:00 54.0 3655.0 98.32 97.97 97.97 97.93 97.95 720.0 97.98 1527.0 3655.0 3031.0 624.0 0.0 97.9505
12:45:00 74.0 4778.0 98.32 98.02 98.02 97.95 98.02 356.0 98.03 111.0 4778.0 3929.0 849.0 0.0 97.9897
12:46:00 66.0 3170.0 98.32 98.0 98.02 97.98 97.98 249.0 98.0 100.0 3170.0 1716.0 1454.0 0.0 97.9973
12:47:00 49.0 2558.0 98.32 98.12 98.12 98.0 98.12 750.0 98.15 963.0 2558.0 1817.0 741.0 0.0 98.0555
12:48:00 43.0 2385.0 98.32 98.17 98.17 98.15 98.16 28.0 98.17 601.0 2385.0 1358.0 1027.0 0.0 98.1574
12:49:00 51.0 1709.0 98.32 98.13 98.16 98.12 98.12 320.0 98.13 870.0 1709.0 733.0 976.0 0.0 98.1283
12:50:00 62.0 3308.0 98.32 98.1 98.12 98.08 98.09 325.0 98.11 1849.0 3308.0 2220.0 1088.0 0.0 98.096
12:51:00 72.0 4424.0 98.32 98.09 98.11 98.07 98.09 222.0 98.1 502.0 4424.0 2560.0 1864.0 0.0 98.0858
12:52:00 122.0 6468.0 98.32 98.01 98.1 98.01 98.0 517.0 98.02 1754.0 6468.0 2095.0 4373.0 0.0 98.073
12:53:00 139.0 6605.0 98.32 98.0 98.01 97.97 97.99 415.0 98.01 100.0 6605.0 4730.0 1875.0 0.0 97.9909
12:54:00 65.0 3718.0 98.32 97.97 98.0 97.96 97.96 1008.0 97.98 300.0 3718.0 2382.0 1336.0 0.0 97.97
12:55:00 61.0 1864.0 98.32 97.92 97.98 97.92 97.91 108.0 97.93 1254.0 1864.0 891.0 973.0 0.0 97.9537
12:56:00 81.0 5239.0 98.32 97.97 97.97 97.93 97.96 231.0 97.97 411.0 5239.0 3726.0 1513.0 0.0 97.9503
12:57:00 109.0 8123.0 98.32 98.0 98.0 97.96 97.99 309.0 98.0 548.0 8123.0 7024.0 1099.0 0.0 97.9891
12:58:00 72.0 3530.0 98.32 97.97 98.0 97.97 97.97 213.0 97.98 2444.0 3530.0 1645.0 1885.0 0.0 97.9841
12:59:00 94.0 8078.0 98.32 97.95 97.97 97.94 97.94 34.0 97.95 494.0 8078.0 3810.0 4268.0 0.0 97.9608
13:00:00 174.0 11884.0 98.32 98.0 98.01 97.95 97.99 715.0 98.01 700.0 11884.0 6022.0 5862.0 0.0 97.9901
13:01:00 316.0 15370.0 98.32 97.86 98.02 97.86 97.85 664.0 97.87 1000.0 15370.0 7753.0 7617.0 0.0 97.9576
13:02:00 126.0 8220.0 98.32 97.95 97.95 97.85 97.93 290.0 97.96 663.0 8220.0 3823.0 4397.0 0.0 97.8889
13:03:00 97.0 5461.0 98.32 98.11 98.15 97.96 98.1 550.0 98.13 234.0 5461.0 5027.0 434.0 0.0 98.0582
13:04:00 176.0 10035.0 98.32 98.07 98.13 98.06 98.06 152.0 98.08 172.0 10035.0 6615.0 3420.0 0.0 98.0893
13:05:00 48.0 2005.0 98.32 98.1 98.13 98.085 98.09 56.0 98.09 98.0 2005.0 819.0 1186.0 0.0 98.1064
13:06:00 126.0 6938.0 98.32 98.01 98.09 97.99 97.99 1030.0 98.01 1389.0 6938.0 3312.0 3626.0 0.0 98.0203
13:07:00 271.0 16237.0 98.32 98.06 98.06 97.92 98.06 12.0 98.07 100.0 16237.0 6508.0 9729.0 0.0 97.9711
13:08:00 50.0 2835.0 98.32 98.03 98.06 97.99 98.03 954.0 98.06 50.0 2835.0 1532.0 1303.0 0.0 98.0239
13:09:00 63.0 2980.0 98.32 98.02 98.05 98.01 98.02 305.0 98.03 200.0 2980.0 867.0 2113.0 0.0 98.0301
13:10:00 60.0 3517.0 98.32 98.0 98.06 97.99 97.99 307.0 98.01 118.0 3517.0 964.0 2553.0 0.0 98.0129
13:11:00 171.0 10240.0 98.32 98.05 98.05 98.0 98.04 455.0 98.06 967.0 10240.0 4651.0 5589.0 0.0 98.0124
13:12:00 82.0 4944.0 98.32 98.005 98.05 98.005 98.01 60.0 98.02 305.0 4944.0 2436.0 2508.0 0.0 98.026
13:13:00 108.0 5304.0 98.32 97.97 98.02 97.97 97.97 478.0 97.98 1081.0 5304.0 1785.0 3519.0 0.0 97.9875
13:14:00 170.0 10793.0 98.32 97.89 97.97 97.89 97.88 20.0 97.89 500.0 10793.0 5368.0 5425.0 0.0 97.925
13:15:00 116.0 8001.0 98.32 98.0 98.0 97.88 97.99 300.0 98.01 212.0 8001.0 6116.0 1885.0 0.0 97.9386
13:16:00 89.0 5628.0 98.32 98.05 98.07 98.0 98.04 457.0 98.07 850.0 5628.0 3972.0 1656.0 0.0 98.0288
13:17:00 69.0 3091.0 98.32 98.04 98.12 98.04 98.03 502.0 98.05 307.0 3091.0 1636.0 1455.0 0.0 98.0785
13:18:00 90.0 4186.0 98.32 98.05 98.09 98.01 98.03 206.0 98.05 372.0 4186.0 2374.0 1812.0 0.0 98.0486
13:19:00 69.0 2681.0 98.32 98.03 98.05 98.01 98.01 903.0 98.03 257.0 2681.0 1197.0 1484.0 0.0 98.0221
13:20:00 128.0 6251.0 98.32 97.96 98.03 97.96 97.96 302.0 97.97 563.0 6251.0 1415.0 4836.0 0.0 98.0046
13:21:00 86.0 5326.0 98.32 97.92 98.0 97.92 97.91 103.0 97.93 557.0 5326.0 2689.0 2637.0 0.0 97.9592
13:22:00 73.0 3743.0 98.32 97.94 97.96 97.88 97.93 354.0 97.95 1.0 3743.0 2207.0 1536.0 0.0 97.9221
13:23:00 49.0 1818.0 98.32 97.96 97.98 97.945 97.95 350.0 97.97 400.0 1818.0 1124.0 694.0 0.0 97.9626
13:24:00 101.0 6877.0 98.32 98.03 98.08 97.95 98.02 250.0 98.04 200.0 6877.0 5669.0 1208.0 0.0 98.0112
13:25:00 44.0 1960.0 98.32 97.96 98.04 97.95 97.96 205.0 97.97 300.0 1960.0 594.0 1366.0 0.0 97.9826
13:26:00 74.0 3868.0 98.32 97.99 98.0 97.96 97.98 251.0 97.99 305.0 3868.0 2658.0 1210.0 0.0 97.9804
13:27:00 79.0 4033.0 98.32 97.95 97.985 97.95 97.94 13.0 97.95 700.0 4033.0 1808.0 2225.0 0.0 97.9673
13:28:00 53.0 2592.0 98.32 97.94 97.96 97.91 97.93 153.0 97.94 200.0 2592.0 1937.0 655.0 0.0 97.9375
13:29:00 69.0 4285.0 98.32 97.95 97.98 97.94 97.95 900.0 97.97 57.0 4285.0 2828.0 1457.0 0.0 97.9645
13:30:00 98.0 4793.0 98.32 97.88 97.975 97.88 97.87 872.0 97.89 362.0 4793.0 1745.0 3048.0 0.0 97.9427
13:31:00 150.0 8308.0 98.32 97.9 97.91 97.83 97.89 1303.0 97.91 158.0 8308.0 5008.0 3300.0 0.0 97.8626
13:32:00 104.0 5609.0 98.32 97.97 97.98 97.91 97.97 300.0 97.98 200.0 5609.0 3483.0 2126.0 0.0 97.9572
13:33:00 98.0 5429.0 98.32 97.98 98.04 97.98 97.98 606.0 97.99 516.0 5429.0 2940.0 2489.0 0.0 98.0104
13:34:00 89.0 5334.0 98.32 98.03 98.03 97.95 98.01 1051.0 98.04 1257.0 5334.0 2761.0 2573.0 0.0 97.987
13:35:00 63.0 4617.0 98.32 98.01 98.03 98.0 98.0 328.0 98.02 550.0 4617.0 2110.0 2507.0 0.0 98.0133
13:36:00 103.0 4591.0 98.32 97.99 98.01 97.91 97.97 500.0 97.99 441.0 4591.0 2564.0 2027.0 0.0 97.9626
13:37:00 93.0 5451.0 98.32 97.99 98.0 97.95 97.98 977.0 98.0 1377.0 5451.0 3330.0 2121.0 0.0 97.9761
13:38:00 66.0 4362.0 98.32 97.95 97.99 97.93 97.93 650.0 97.95 418.0 4362.0 1451.0 2911.0 0.0 97.957
13:39:00 76.0 3534.0 98.32 97.98 97.98 97.88 97.97 526.0 97.98 3.0 3534.0 1828.0 1706.0 0.0 97.9238
13:40:00 50.0 2620.0 98.32 97.93 97.99 97.91 97.92 704.0 97.94 1290.0 2620.0 582.0 2038.0 0.0 97.9453
13:41:00 81.0 5639.0 98.32 97.88 97.93 97.86 97.88 500.0 97.89 200.0 5639.0 2706.0 2933.0 0.0 97.891
13:42:00 68.0 3936.0 98.32 97.86 97.9 97.85 97.87 300.0 97.88 402.0 3936.0 1450.0 2486.0 0.0 97.8781
13:43:00 69.0 4900.0 98.32 97.83 97.87 97.82 97.83 482.0 97.84 604.0 4900.0 943.0 3957.0 0.0 97.8348
13:44:00 122.0 6644.0 98.32 97.84 97.84 97.79 97.82 601.0 97.85 900.0 6644.0 3587.0 3057.0 0.0 97.8166
13:45:00 132.0 8877.0 98.32 97.89 97.91 97.85 97.88 128.0 97.9 972.0 8877.0 6401.0 2476.0 0.0 97.8914
13:46:00 67.0 3561.0 98.32 97.86 97.89 97.85 97.85 902.0 97.87 778.0 3561.0 1392.0 2169.0 0.0 97.8661
13:47:00 89.0 7467.0 98.32 97.8 97.85 97.79 97.8 400.0 97.81 1464.0 7467.0 1482.0 5985.0 0.0 97.8114
13:48:00 148.0 7789.0 98.32 97.75 97.8 97.73 97.73 836.0 97.75 226.0 7789.0 3594.0 4195.0 0.0 97.7566
13:49:00 63.0 3889.0 98.32 97.77 97.78 97.75 97.76 600.0 97.78 396.0 3889.0 2472.0 1417.0 0.0 97.7564
13:50:00 87.0 5115.0 98.32 97.83 97.85 97.76 97.82 900.0 97.83 499.0 5115.0 3005.0 2110.0 0.0 97.8119
13:51:00 83.0 4106.0 98.32 97.76 97.82 97.75 97.75 934.0 97.77 795.0 4106.0 2258.0 1848.0 0.0 97.7862
13:52:00 82.0 5070.0 98.32 97.79 97.79 97.74 97.79 200.0 97.8 530.0 5070.0 2474.0 2596.0 0.0 97.7649
13:53:00 67.0 3302.0 98.32 97.86 97.87 97.79 97.85 410.0 97.86 410.0 3302.0 1642.0 1660.0 0.0 97.8308
13:54:00 78.0 4398.0 98.32 97.84 97.88 97.83 97.83 100.0 97.84 144.0 4398.0 1284.0 3114.0 0.0 97.8591
13:55:00 63.0 6485.0 98.32 97.88 97.9 97.83 97.88 328.0 97.89 81.0 6485.0 4918.0 1567.0 0.0 97.8877
13:56:00 82.0 5310.0 98.32 97.91 97.91 97.845 97.91 601.0 97.92 301.0 5310.0 3851.0 1459.0 0.0 97.8883
13:57:00 113.0 5760.0 98.32 97.84 97.94 97.84 97.84 5.0 97.85 101.0 5760.0 1956.0 3804.0 0.0 97.9127
13:58:00 37.0 1887.0 98.32 97.84 97.86 97.83 97.83 105.0 97.84 100.0 1887.0 814.0 1073.0 0.0 97.8559
13:59:00 87.0 5703.0 98.32 97.8 97.83 97.75 97.79 29.0 97.81 350.0 5703.0 1383.0 4320.0 0.0 97.7828
14:00:00 34.0 2364.0 98.32 97.83 97.84 97.8 97.84 1102.0 97.86 410.0 2364.0 1077.0 1287.0 0.0 97.8201
14:01:00 172.0 10017.0 98.32 97.88 97.93 97.81 97.86 954.0 97.88 374.0 10017.0 5794.0 4223.0 0.0 97.8516
14:02:00 89.0 5764.0 98.32 97.82 97.89 97.82 97.82 400.0 97.83 360.0 5764.0 3225.0 2539.0 0.0 97.8624
14:03:00 86.0 5951.0 98.32 97.86 97.895 97.83 97.86 406.0 97.88 683.0 5951.0 4204.0 1747.0 0.0 97.8659
14:04:00 96.0 4046.0 98.32 97.79 97.87 97.79 97.79 300.0 97.81 1183.0 4046.0 1545.0 2501.0 0.0 97.8297
14:05:00 39.0 1840.0 98.32 97.88 97.88 97.81 97.87 266.0 97.89 1.0 1840.0 1626.0 214.0 0.0 97.8388
14:06:00 264.0 18350.0 98.32 97.74 97.88 97.74 97.74 150.0 97.76 306.0 18350.0 5313.0 13037.0 0.0 97.7878
14:07:00 640.0 42437.0 98.32 97.62 97.79 97.59 97.61 330.0 97.64 155.0 42437.0 18783.0 23654.0 0.0 97.6416
14:08:00 72.0 3432.0 98.32 97.66 97.69 97.6 97.65 250.0 97.66 469.0 3432.0 1751.0 1681.0 0.0 97.667
14:09:00 81.0 4584.0 98.32 97.61 97.66 97.6 97.61 539.0 97.62 770.0 4584.0 1353.0 3231.0 0.0 97.6233
14:10:00 57.0 4147.0 98.32 97.64 97.64 97.595 97.63 219.0 97.64 100.0 4147.0 2860.0 1287.0 0.0 97.6196
14:11:00 70.0 4032.0 98.32 97.68 97.68 97.6 97.66 375.0 97.68 220.0 4032.0 2910.0 1122.0 0.0 97.6373
14:12:00 99.0 6626.0 98.32 97.64 97.7 97.62 97.63 800.0 97.65 200.0 6626.0 3521.0 3105.0 0.0 97.6699
14:13:00 74.0 3683.0 98.32 97.64 97.64 97.585 97.63 201.0 97.64 100.0 3683.0 1960.0 1723.0 0.0 97.612
14:14:00 59.0 3462.0 98.32 97.62 97.64 97.6 97.61 450.0 97.63 200.0 3462.0 1490.0 1972.0 0.0 97.6208
14:15:00 118.0 4485.0 98.32 97.56 97.61 97.55 97.55 400.0 97.56 400.0 4485.0 1139.0 3346.0 0.0 97.5792
14:16:00 64.0 4172.0 98.32 97.59 97.6 97.56 97.58 350.0 97.6 350.0 4172.0 3273.0 899.0 0.0 97.5778
14:17:00 85.0 4785.0 98.32 97.55 97.6 97.545 97.54 658.0 97.56 150.0 4785.0 2284.0 2501.0 0.0 97.5706
14:18:00 123.0 6883.0 98.32 97.58 97.6 97.53 97.57 701.0 97.58 2.0 6883.0 3145.0 3738.0 0.0 97.5568
14:19:00 50.0 2889.0 98.32 97.59 97.6 97.57 97.59 511.0 97.6 300.0 2889.0 1412.0 1477.0 0.0 97.58
14:20:00 64.0 3211.0 98.32 97.59 97.59 97.56 97.59 211.0 97.6 500.0 3211.0 1548.0 1663.0 0.0 97.5793
14:21:00 78.0 4782.0 98.32 97.56 97.6 97.55 97.55 403.0 97.57 100.0 4782.0 1326.0 3456.0 0.0 97.5758
14:22:00 643.0 17642.0 98.32 97.51 97.56 97.45 97.5 5.0 97.51 108.0 17642.0 5878.0 11764.0 0.0 97.4983
14:23:00 65.0 3543.0 98.32 97.54 97.57 97.5 97.53 300.0 97.54 500.0 3543.0 2172.0 1371.0 0.0 97.5509
14:24:00 68.0 3136.0 98.32 97.49 97.53 97.49 97.48 303.0 97.5 200.0 3136.0 1558.0 1578.0 0.0 97.4993
14:25:00 89.0 4496.0 98.32 97.47 97.49 97.44 97.45 128.0 97.47 1300.0 4496.0 2234.0 2262.0 0.0 97.4621
14:26:00 88.0 4357.0 98.32 97.44 97.45 97.43 97.42 376.0 97.44 636.0 4357.0 1646.0 2711.0 0.0 97.4338
14:27:00 232.0 6221.0 98.32 97.36 97.43 97.31 97.35 141.0 97.36 474.0 6221.0 2300.0 3921.0 0.0 97.361
14:28:00 127.0 6528.0 98.32 97.36 97.44 97.34 97.36 502.0 97.37 400.0 6528.0 2512.0 4016.0 0.0 97.3775
14:29:00 67.0 2084.0 98.32 97.39 97.41 97.36 97.38 473.0 97.39 400.0 2084.0 1109.0 975.0 0.0 97.3895
14:30:00 86.0 3599.0 98.32 97.34 97.38 97.33 97.33 100.0 97.34 170.0 3599.0 795.0 2804.0 0.0 97.3568
14:31:00 72.0 2568.0 98.32 97.33 97.35 97.31 97.34 237.0 97.36 1151.0 2568.0 1844.0 724.0 0.0 97.3317
14:32:00 88.0 3925.0 98.32 97.35 97.42 97.35 97.36 1.0 97.37 400.0 3925.0 2002.0 1923.0 0.0 97.3809
14:33:00 87.0 3787.0 98.32 97.36 97.41 97.36 97.35 580.0 97.36 500.0 3787.0 1942.0 1845.0 0.0 97.3807
14:34:00 243.0 7793.0 98.32 97.32 97.35 97.29 97.32 233.0 97.34 1387.0 7793.0 4257.0 3536.0 0.0 97.3173
14:35:00 239.0 8751.0 98.32 97.3 97.35 97.27 97.3 45.0 97.31 214.0 8751.0 4247.0 4504.0 0.0 97.3025
14:36:00 120.0 5900.0 98.32 97.32 97.33 97.27 97.31 295.0 97.33 987.0 5900.0 3034.0 2866.0 0.0 97.3017
14:37:00 179.0 11572.0 98.32 97.29 97.35 97.28 97.28 87.0 97.29 700.0 11572.0 5233.0 6339.0 0.0 97.3141
14:38:00 221.0 9068.0 98.32 97.22 97.29 97.22 97.21 278.0 97.22 1200.0 9068.0 3372.0 5696.0 0.0 97.2525
14:39:00 291.0 12412.0 98.32 97.21 97.24 97.17 97.21 604.0 97.22 401.0 12412.0 6395.0 6017.0 0.0 97.1967
14:40:00 102.0 5622.0 98.32 97.24 97.28 97.21 97.23 970.0 97.24 607.0 5622.0 2768.0 2854.0 0.0 97.2489
14:41:00 167.0 7779.0 98.32 97.26 97.29 97.22 97.25 1065.0 97.27 200.0 7779.0 5093.0 2686.0 0.0 97.2473
14:42:00 136.0 7712.0 98.32 97.34 97.34 97.24 97.33 518.0 97.35 610.0 7712.0 6060.0 1652.0 0.0 97.2952
14:43:00 150.0 7550.0 98.32 97.29 97.36 97.275 97.28 1113.0 97.3 960.0 7550.0 4799.0 2751.0 0.0 97.3079
14:44:00 139.0 7562.0 98.32 97.42 97.43 97.3 97.42 402.0 97.44 555.0 7562.0 5772.0 1790.0 0.0 97.3646
14:45:00 99.0 6935.0 98.32 97.48 97.48 97.42 97.47 501.0 97.49 704.0 6935.0 5285.0 1650.0 0.0 97.456
14:46:00 159.0 7724.0 98.32 97.55 97.56 97.475 97.54 200.0 97.56 870.0 7724.0 5820.0 1904.0 0.0 97.5195
14:47:00 77.0 3635.0 98.32 97.52 97.54 97.5 97.51 201.0 97.53 252.0 3635.0 1937.0 1698.0 0.0 97.5141
14:48:00 111.0 2867.0 98.32 97.52 97.53 97.49 97.51 998.0 97.53 271.0 2867.0 1253.0 1614.0 0.0 97.5109
14:49:00 152.0 9443.0 98.32 97.51 97.53 97.49 97.5 216.0 97.52 968.0 9443.0 6060.0 3383.0 0.0 97.509
14:50:00 86.0 3620.0 98.32 97.49 97.5 97.48 97.48 10.0 97.49 39.0 3620.0 1958.0 1662.0 0.0 97.4923
14:51:00 78.0 4269.0 98.32 97.47 97.5 97.45 97.46 601.0 97.47 169.0 4269.0 2321.0 1948.0 0.0 97.4834
14:52:00 70.0 3175.0 98.32 97.47 97.5 97.47 97.46 402.0 97.47 6.0 3175.0 2258.0 917.0 0.0 97.4818
14:53:00 121.0 5226.0 98.32 97.43 97.46 97.39 97.42 901.0 97.44 661.0 5226.0 3154.0 2072.0 0.0 97.4138
14:54:00 79.0 4503.0 98.32 97.47 97.47 97.43 97.46 1110.0 97.48 397.0 4503.0 3419.0 1084.0 0.0 97.4496
14:55:00 91.0 4689.0 98.32 97.59 97.6 97.48 97.58 810.0 97.59 71.0 4689.0 4135.0 554.0 0.0 97.5491
14:56:00 78.0 4022.0 98.32 97.63 97.64 97.59 97.63 797.0 97.66 273.0 4022.0 1961.0 2061.0 0.0 97.6048
14:57:00 160.0 8334.0 98.32 97.74 97.76 97.66 97.74 1.0 97.75 31.0 8334.0 3437.0 4897.0 0.0 97.739
14:58:00 127.0 5717.0 98.32 97.66 97.74 97.64 97.65 900.0 97.67 272.0 5717.0 2336.0 3381.0 0.0 97.6871
14:59:00 67.0 4100.0 98.32 97.68 97.75 97.67 97.67 209.0 97.68 273.0 4100.0 1920.0 2180.0 0.0 97.7135
15:00:00 109.0 5987.0 98.32 97.66 97.73 97.65 97.64 1202.0 97.66 95.0 5987.0 3763.0 2224.0 0.0 97.6819
15:01:00 102.0 5337.0 98.32 97.7 97.74 97.63 97.69 210.0 97.71 509.0 5337.0 2807.0 2530.0 0.0 97.6899
15:02:00 137.0 5901.0 98.32 97.57 97.69 97.57 97.56 300.0 97.58 400.0 5901.0 2391.0 3510.0 0.0 97.6084
15:03:00 91.0 4724.0 98.32 97.54 97.59 97.53 97.53 608.0 97.55 756.0 4724.0 2376.0 2348.0 0.0 97.5515
15:04:00 125.0 6043.0 98.32 97.51 97.53 97.48 97.5 1184.0 97.52 101.0 6043.0 3343.0 2700.0 0.0 97.4999
15:05:00 102.0 4897.0 98.32 97.58 97.58 97.52 97.58 500.0 97.59 100.0 4897.0 2710.0 2187.0 0.0 97.5569
15:06:00 103.0 5212.0 98.32 97.61 97.63 97.56 97.6 3.0 97.62 1213.0 5212.0 2535.0 2677.0 0.0 97.607
15:07:00 57.0 3236.0 98.32 97.66 97.66 97.615 97.65 225.0 97.67 150.0 3236.0 2432.0 804.0 0.0 97.6421
15:08:00 161.0 7810.0 98.32 97.48 97.65 97.46 97.47 383.0 97.49 1006.0 7810.0 1237.0 6573.0 0.0 97.5759
15:09:00 118.0 5475.0 98.32 97.51 97.52 97.47 97.51 38.0 97.52 200.0 5475.0 3119.0 2356.0 0.0 97.4948
15:10:00 35.0 680.0 98.32 97.49 97.51 97.48 97.49 249.0 97.51 550.0 680.0 235.0 445.0 0.0 97.4933
15:11:00 103.0 4983.0 98.32 97.57 97.59 97.5 97.56 539.0 97.57 300.0 4983.0 3515.0 1468.0 0.0 97.5424
15:12:00 78.0 3105.0 98.32 97.52 97.57 97.52 97.52 431.0 97.54 781.0 3105.0 568.0 2537.0 0.0 97.5514
15:13:00 125.0 4812.0 98.32 97.57 97.58 97.52 97.56 520.0 97.57 4.0 4812.0 3412.0 1400.0 0.0 97.543
15:14:00 85.0 3799.0 98.32 97.71 97.71 97.55 97.7 640.0 97.72 227.0 3799.0 3062.0 737.0 0.0 97.6162
15:15:00 140.0 6155.0 98.32 97.7 97.75 97.7 97.69 529.0 97.71 500.0 6155.0 3815.0 2340.0 0.0 97.737
15:16:00 193.0 10374.0 98.32 97.71 97.75 97.7 97.7 599.0 97.72 850.0 10374.0 5494.0 4880.0 0.0 97.7231
15:17:00 97.0 5115.0 98.32 97.68 97.715 97.64 97.67 9.0 97.69 650.0 5115.0 2903.0 2212.0 0.0 97.6722
15:18:00 103.0 4528.0 98.32 97.61 97.68 97.59 97.59 100.0 97.61 546.0 4528.0 2525.0 2003.0 0.0 97.6297
15:19:00 56.0 2773.0 98.32 97.62 97.62 97.57 97.6 208.0 97.62 650.0 2773.0 2115.0 658.0 0.0 97.6005
15:20:00 141.0 7658.0 98.32 97.54 97.6 97.5 97.53 362.0 97.55 1451.0 7658.0 4697.0 2961.0 0.0 97.523
15:21:00 184.0 9431.0 98.32 97.49 97.56 97.45 97.49 8.0 97.51 999.0 9431.0 3858.0 5573.0 0.0 97.5111
15:22:00 66.0 3271.0 98.32 97.63 97.63 97.51 97.62 258.0 97.65 250.0 3271.0 1767.0 1504.0 0.0 97.5803
15:23:00 91.0 4095.0 98.32 97.58 97.64 97.58 97.57 50.0 97.6 651.0 4095.0 1983.0 2112.0 0.0 97.618
15:24:00 56.0 2530.0 98.32 97.61 97.64 97.59 97.61 271.0 97.63 100.0 2530.0 799.0 1731.0 0.0 97.6153
15:25:00 65.0 3501.0 98.32 97.55 97.62 97.55 97.54 799.0 97.57 450.0 3501.0 2099.0 1402.0 0.0 97.5861
15:26:00 61.0 3196.0 98.32 97.555 97.56 97.54 97.55 207.0 97.56 399.0 3196.0 2071.0 1125.0 0.0 97.5503
15:27:00 119.0 5315.0 98.32 97.45 97.56 97.45 97.45 923.0 97.47 1050.0 5315.0 2135.0 3180.0 0.0 97.5288
15:28:00 79.0 4074.0 98.32 97.47 97.5 97.45 97.45 984.0 97.47 781.0 4074.0 2482.0 1592.0 0.0 97.4662
15:29:00 176.0 8674.0 98.32 97.37 97.48 97.36 97.36 52.0 97.38 885.0 8674.0 4582.0 4092.0 0.0 97.4311
15:30:00 148.0 9927.0 98.32 97.38 97.39 97.34 97.38 461.0 97.4 100.0 9927.0 7487.0 2440.0 0.0 97.3615
15:31:00 133.0 4762.0 98.32 97.42 97.43 97.34 97.41 386.0 97.43 1640.0 4762.0 2964.0 1798.0 0.0 97.3793
15:32:00 245.0 10294.0 98.32 97.46 97.48 97.41 97.46 100.0 97.47 223.0 10294.0 6882.0 3412.0 0.0 97.4499
15:33:00 295.0 14399.0 98.32 97.35 97.46 97.32 97.34 452.0 97.36 403.0 14399.0 6710.0 7689.0 0.0 97.373
15:34:00 105.0 4991.0 98.32 97.44 97.44 97.35 97.44 104.0 97.45 245.0 4991.0 4236.0 755.0 0.0 97.3985
15:35:00 174.0 5696.0 98.32 97.39 97.44 97.37 97.39 403.0 97.4 19.0 5696.0 2921.0 2775.0 0.0 97.3949
15:36:00 119.0 4547.0 98.32 97.36 97.39 97.35 97.34 1034.0 97.36 500.0 4547.0 2014.0 2533.0 0.0 97.368
15:37:00 195.0 10085.0 98.32 97.43 97.43 97.34 97.41 204.0 97.43 199.0 10085.0 6700.0 3385.0 0.0 97.3791
15:38:00 119.0 6680.0 98.32 97.401 97.44 97.4 97.4 603.0 97.42 1140.0 6680.0 4412.0 2268.0 0.0 97.4229
15:39:00 256.0 14177.0 98.32 97.39 97.41 97.34 97.38 427.0 97.39 317.0 14177.0 8034.0 6143.0 0.0 97.3603
15:40:00 212.0 9190.0 98.32 97.37 97.41 97.361 97.36 551.0 97.37 1200.0 9190.0 4281.0 4909.0 0.0 97.3914
15:41:00 386.0 24068.0 98.32 97.36 97.41 97.35 97.35 285.0 97.36 887.0 24068.0 13627.0 10441.0 0.0 97.3699
15:42:00 117.0 5981.0 98.32 97.44 97.46 97.36 97.44 790.0 97.46 396.0 5981.0 4491.0 1490.0 0.0 97.4047
15:43:00 213.0 10104.0 98.32 97.41 97.45 97.36 97.41 143.0 97.43 408.0 10104.0 5888.0 4216.0 0.0 97.4028
15:44:00 147.0 7757.0 98.32 97.48 97.48 97.41 97.48 1051.0 97.5 970.0 7757.0 4988.0 2769.0 0.0 97.4453
15:45:00 145.0 6945.0 98.32 97.42 97.5 97.42 97.42 296.0 97.43 1200.0 6945.0 3233.0 3712.0 0.0 97.458
15:46:00 221.0 8390.0 98.32 97.44 97.45 97.37 97.44 343.0 97.46 2901.0 8390.0 5215.0 3175.0 0.0 97.4126
15:47:00 181.0 10543.0 98.32 97.46 97.47 97.4 97.45 214.0 97.46 24.0 10543.0 5986.0 4557.0 0.0 97.4361
15:48:00 177.0 9687.0 98.32 97.42 97.49 97.42 97.42 1241.0 97.44 1502.0 9687.0 3107.0 6580.0 0.0 97.4628
15:49:00 238.0 12928.0 98.32 97.41 97.44 97.36 97.41 823.0 97.43 627.0 12928.0 7327.0 5601.0 0.0 97.4008
15:50:00 262.0 16349.0 98.32 97.36 97.43 97.35 97.35 2.0 97.36 13.0 16349.0 8883.0 7466.0 0.0 97.3808
15:51:00 506.0 24815.0 98.32 97.21 97.39 97.21 97.21 543.0 97.22 1200.0 24815.0 15384.0 9431.0 0.0 97.2939
15:52:00 468.0 21845.0 98.32 97.175 97.28 97.17 97.17 255.0 97.18 654.0 21845.0 13213.0 8632.0 0.0 97.2082
15:53:00 525.0 26972.0 98.32 97.14 97.18 97.08 97.13 1351.0 97.14 413.0 26972.0 17210.0 9762.0 0.0 97.1274
15:54:00 478.0 28208.0 98.32 97.07 97.13 97.05 97.06 413.0 97.07 926.0 28208.0 13338.0 14870.0 0.0 97.0988
15:55:00 2533.0 87387.0 98.32 97.02 97.07 96.91 97.02 132.0 97.04 500.0 87387.0 35256.0 52131.0 0.0 96.994
15:56:00 687.0 42990.0 98.32 96.885 97.04 96.85 96.88 348.0 96.89 3366.0 42990.0 27596.0 15394.0 0.0 96.9335
15:57:00 732.0 52525.0 98.32 96.89 96.9 96.8 96.89 750.0 96.9 573.0 52525.0 35790.0 16735.0 0.0 96.8655
15:58:00 516.0 35928.0 98.32 96.88 96.9 96.835 96.87 424.0 96.88 2557.0 35928.0 21813.0 14115.0 0.0 96.8759
15:59:00 910.0 48019.0 98.32 96.85 96.88 96.79 96.85 729.0 96.86 788.0 48019.0 21733.0 26286.0 0.0 96.8434
16:00:00 1217.0 79402.0 98.32 96.87 96.92 96.78 96.87 12430.0 96.88 9100.0 79402.0 38061.0 41341.0 0.0 96.8337
16:01:00 6.0 101.0 98.32 96.87 96.98 96.87 96.88 1216.0 96.92 36.0 101.0 100.0 1.0 0.0 96.8725
16:02:00 5.0 222.0 98.32 97.05 97.09 96.97 97.0 1204.0 96.92 36.0 222.0 211.0 11.0 0.0 97.0823
16:03:00 14.0 1213.0 98.32 96.99 97.08 96.99 96.93 1.0 96.92 36.0 1213.0 1.0 1212.0 0.0 97.0
16:04:00 1.0 0.0 98.32 96.98 96.98 96.98 96.93 1.0 96.92 36.0 nan 0.0 0.0 0.0 nan
16:05:00 2.0 0.0 98.32 96.98 97.0 96.98 96.96 1.0 96.92 36.0 nan 0.0 0.0 0.0 nan
16:06:00 17.0 198.0 98.32 96.86 96.99 96.86 96.85 1.0 96.88 30.0 198.0 182.0 16.0 0.0 96.8645
16:07:00 3.0 3.0 98.32 96.88 96.9 96.88 96.87 153.0 96.88 28.0 3.0 3.0 0.0 0.0 96.8867
16:08:00 9.0 158.0 98.32 96.83 96.9 96.81 96.83 38.0 96.9 394.0 158.0 152.0 6.0 0.0 96.8939
16:09:00 3.0 4.0 98.32 96.87 96.9 96.83 96.83 41.0 96.9 391.0 4.0 3.0 1.0 0.0 96.8825
16:10:00 40.0 424.0 98.32 96.88 96.9 96.69 96.83 36.0 96.88 12.0 424.0 8.0 416.0 0.0 96.7225
16:11:00 4.0 13.0 98.32 96.87 96.88 96.87 96.83 36.0 96.87 1.0 13.0 3.0 10.0 0.0 96.8708
16:12:00 3.0 1.0 98.32 96.86 96.87 96.86 96.83 36.0 96.88 11.0 1.0 1.0 0.0 0.0 96.87
16:13:00 5.0 46.0 98.32 96.85 96.89 96.85 96.83 36.0 96.89 67.0 46.0 46.0 0.0 0.0 96.8859
16:14:00 6.0 45.0 98.32 96.86 96.87 96.83 96.83 93.0 96.89 67.0 45.0 1.0 44.0 0.0 96.8309
16:15:00 3.0 19.0 98.32 96.83 96.89 96.83 96.83 75.0 96.87 5.0 19.0 1.0 18.0 0.0 96.8332
16:16:00 1.0 3.0 98.32 96.82 96.82 96.82 96.83 75.0 96.89 66.0 3.0 0.0 3.0 0.0 96.82
16:17:00 9.0 87.0 98.32 96.75 96.83 96.75 96.83 36.0 96.89 66.0 87.0 0.0 87.0 0.0 96.8053
16:18:00 1.0 5.0 98.32 96.89 96.89 96.89 96.83 36.0 96.89 61.0 5.0 5.0 0.0 0.0 96.89
16:19:00 2.0 3.0 98.32 96.87 96.87 96.82 96.83 36.0 96.89 61.0 3.0 0.0 3.0 0.0 96.8533
16:20:00 4.0 8.0 98.32 96.87 96.87 96.82 96.83 36.0 96.89 61.0 8.0 0.0 8.0 0.0 96.8575
16:21:00 0.0 0.0 98.32 96.87 nan nan 96.83 36.0 96.84 10.0 nan 0.0 0.0 0.0 nan
16:22:00 2.0 1.0 98.32 96.89 96.89 96.89 96.83 36.0 96.89 60.0 1.0 1.0 0.0 0.0 96.89
16:23:00 3.0 2.0 98.32 96.89 96.89 96.85 96.85 3.0 96.89 59.0 2.0 1.0 1.0 0.0 96.885
16:24:00 2.0 3.0 98.32 96.84 96.85 96.84 96.83 36.0 96.89 59.0 3.0 0.0 3.0 0.0 96.85
16:25:00 1.0 1.0 98.32 96.89 96.89 96.89 96.83 36.0 96.87 10.0 1.0 1.0 0.0 0.0 96.89
16:26:00 3.0 11.0 98.32 96.89 96.89 96.83 96.83 226.0 96.89 58.0 11.0 0.0 11.0 0.0 96.8336
16:27:00 4.0 4.0 98.32 96.89 96.9 96.89 96.84 5.0 96.89 56.0 4.0 2.0 2.0 0.0 96.895
16:28:00 1.0 2.0 98.32 96.84 96.84 96.84 96.85 10.0 96.89 86.0 2.0 0.0 2.0 0.0 96.84
16:29:00 1.0 1.0 98.32 96.89 96.89 96.89 96.85 10.0 96.89 85.0 1.0 1.0 0.0 0.0 96.89
16:30:00 5.0 3.0 98.32 96.87 96.89 96.87 96.85 10.0 96.87 299.0 3.0 3.0 0.0 0.0 96.8833
16:31:00 2.0 8.0 98.32 96.87 96.87 96.86 96.85 10.0 96.87 315.0 8.0 5.0 3.0 0.0 96.8662
16:32:00 4.0 11.0 98.32 96.85 96.85 96.84 96.85 9.0 96.87 315.0 11.0 0.0 11.0 0.0 96.8409
16:33:00 4.0 11.0 98.32 96.85 96.85 96.85 96.84 3.0 96.85 7.0 11.0 0.0 11.0 0.0 96.85
16:34:00 3.0 3.0 98.32 96.84 96.84 96.84 96.83 259.0 96.84 4.0 3.0 0.0 3.0 0.0 96.84
16:35:00 5.0 9.0 98.32 96.84 96.85 96.84 96.85 2.0 96.87 315.0 9.0 6.0 3.0 0.0 96.8433
16:36:00 3.0 50.0 98.32 96.84 96.85 96.84 96.84 141.0 96.87 315.0 50.0 0.0 50.0 0.0 96.8404
16:37:00 0.0 0.0 98.32 96.84 nan nan 96.85 2.0 96.87 315.0 nan 0.0 0.0 0.0 nan
16:38:00 5.0 58.0 98.32 96.84 96.87 96.84 96.84 91.0 96.87 314.0 58.0 1.0 57.0 0.0 96.8409
16:39:00 2.0 0.0 98.32 96.86 96.88 96.86 96.84 93.0 96.87 314.0 nan 0.0 0.0 0.0 nan
16:40:00 13.0 105.0 98.32 96.84 96.86 96.82 96.83 36.0 96.87 764.0 105.0 0.0 105.0 0.0 96.8388
16:41:00 3.0 3.0 98.32 96.84 96.84 96.81 96.83 36.0 96.87 1214.0 3.0 1.0 2.0 0.0 96.82
16:42:00 0.0 0.0 98.32 96.84 nan nan 96.83 36.0 96.87 1214.0 nan 0.0 0.0 0.0 nan
16:43:00 3.0 15.0 98.32 96.8 96.85 96.8 96.83 36.0 96.87 1313.0 15.0 0.0 15.0 0.0 96.8
16:44:00 15.0 280.0 98.32 96.75 96.81 96.75 96.83 36.0 96.87 1223.0 280.0 34.0 246.0 0.0 96.7913
16:45:00 0.0 0.0 98.32 96.75 nan nan 96.83 36.0 96.87 1223.0 nan 0.0 0.0 0.0 nan
16:46:00 2.0 0.0 98.32 96.85 96.85 96.85 96.83 36.0 96.87 1223.0 nan 0.0 0.0 0.0 nan
16:47:00 6.0 32.0 98.32 96.87 96.87 96.85 96.83 36.0 96.86 50.0 32.0 20.0 12.0 0.0 96.8625
16:48:00 3.0 99.0 98.32 96.82 96.87 96.82 96.83 36.0 96.86 50.0 99.0 99.0 0.0 0.0 96.87
16:49:00 1.0 1.0 98.32 96.86 96.86 96.86 96.83 36.0 96.86 49.0 1.0 1.0 0.0 0.0 96.86
16:50:00 3.0 93.0 98.32 96.87 96.87 96.86 96.83 36.0 96.86 49.0 93.0 93.0 0.0 0.0 96.87
16:51:00 11.0 266.0 98.32 96.87 96.87 96.86 96.83 37.0 96.87 988.0 266.0 266.0 0.0 0.0 96.8682
16:52:00 1.0 2.0 98.32 96.87 96.87 96.87 96.86 8.0 96.87 986.0 2.0 2.0 0.0 0.0 96.87
16:53:00 5.0 4.0 98.32 96.87 96.92 96.87 96.86 10.0 96.87 982.0 4.0 4.0 0.0 0.0 96.87
16:54:00 12.0 23.0 98.32 96.83 96.92 96.83 96.83 38.0 96.87 982.0 23.0 0.0 23.0 0.0 96.8548
16:55:00 4.0 15.0 98.32 96.81 96.82 96.81 96.84 1.0 96.87 982.0 15.0 11.0 4.0 0.0 96.812
16:56:00 15.0 106.0 98.32 96.8 96.84 96.8 96.83 36.0 96.87 982.0 106.0 80.0 26.0 0.0 96.8007
16:57:00 2.0 0.0 98.32 96.85 96.85 96.85 96.83 36.0 96.87 790.0 nan 0.0 0.0 0.0 nan
16:58:00 0.0 0.0 98.32 96.85 nan nan 96.83 36.0 96.85 1.0 nan 0.0 0.0 0.0 nan
16:59:00 0.0 0.0 98.32 96.85 nan nan 96.83 36.0 96.85 1.0 nan 0.0 0.0 0.0 nan
17:00:00 11.0 75.0 98.32 96.78 96.85 96.78 96.83 36.0 96.87 1123.0 75.0 66.0 9.0 0.0 96.7915
