time trade_count trade_volume trade_first trade_last trade_high trade_low bid_price bid_size ask_price ask_size hid_vol buy_vol sell_vol unsided_vol vwap
09:00:00 nan 125.0 95.99 95.91 95.99 95.86 95.91 16.0 95.95 8.0 125.0 11.0 114.0 0.0 95.8978
09:01:00 31.0 192.0 95.99 95.84 95.91 95.74 95.8 1.0 95.86 6.0 192.0 0.0 192.0 0.0 95.8441
09:02:00 40.0 571.0 95.99 95.7 95.82 95.7 95.7 639.0 95.76 4.0 571.0 1.0 570.0 0.0 95.7118
09:03:00 52.0 986.0 95.99 95.62 95.73 95.51 95.55 8.0 95.8 154.0 986.0 9.0 977.0 0.0 95.6424
09:04:00 17.0 297.0 95.99 95.6 95.6 95.51 95.54 6.0 95.6 101.0 297.0 220.0 77.0 0.0 95.5322
09:05:00 78.0 480.0 95.99 95.31 95.64 95.31 95.32 200.0 95.4 34.0 480.0 1.0 479.0 0.0 95.4658
09:06:00 25.0 160.0 95.99 95.31 95.53 95.31 95.33 1.0 95.6 15.0 160.0 139.0 21.0 0.0 95.3735
09:07:00 30.0 575.0 95.99 95.5 95.5 95.3 95.31 1.0 95.5 37.0 575.0 421.0 154.0 0.0 95.3589
09:08:00 17.0 243.0 95.99 95.32 95.5 95.31 95.32 2.0 95.5 26.0 243.0 243.0 0.0 0.0 95.3608
09:09:00 61.0 309.0 95.99 95.24 95.46 95.2 95.2 11.0 95.24 185.0 309.0 37.0 272.0 0.0 95.297
09:10:00 174.0 1024.0 95.99 95.15 95.33 95.0 95.05 69.0 95.32 93.0 1024.0 277.0 747.0 0.0 95.0607
09:11:00 34.0 277.0 95.99 95.31 95.4 95.03 95.04 3.0 95.47 128.0 277.0 173.0 104.0 0.0 95.1379
09:12:00 21.0 146.0 95.99 95.31 95.31 95.01 95.15 30.0 95.32 94.0 146.0 50.0 96.0 0.0 95.1209
09:13:00 8.0 21.0 95.99 95.27 95.31 95.15 95.15 23.0 95.32 94.0 21.0 1.0 20.0 0.0 95.171
09:14:00 28.0 237.0 95.99 95.04 95.32 95.04 95.03 9.0 95.31 7.0 237.0 100.0 137.0 0.0 95.2011
09:15:00 42.0 273.0 95.99 95.04 95.31 95.01 95.04 568.0 95.09 200.0 273.0 136.0 137.0 0.0 95.0566
09:16:00 9.0 34.0 95.99 95.2 95.22 95.09 95.13 10.0 95.31 6.0 34.0 34.0 0.0 0.0 95.09
09:17:00 59.0 2057.0 95.99 95.32 95.32 95.04 95.32 163.0 95.4 400.0 2057.0 488.0 1569.0 0.0 95.2485
09:18:00 22.0 894.0 95.99 95.32 95.35 95.32 95.32 162.0 95.35 299.0 894.0 16.0 878.0 0.0 95.3205
09:19:00 23.0 724.0 95.99 95.41 95.41 95.32 95.32 166.0 95.41 248.0 724.0 302.0 422.0 0.0 95.338
09:20:00 31.0 1120.0 95.99 95.41 95.5 95.32 95.41 309.0 95.6 33.0 1120.0 852.0 268.0 0.0 95.4134
09:21:00 17.0 277.0 95.99 95.41 95.6 95.41 95.5 30.0 95.7 144.0 277.0 66.0 211.0 0.0 95.5248
09:22:00 33.0 469.0 95.99 95.35 95.61 95.32 95.49 6.0 95.7 95.0 469.0 284.0 185.0 0.0 95.3893
09:23:00 6.0 141.0 95.99 95.35 95.49 95.35 95.56 5.0 95.7 95.0 141.0 90.0 51.0 0.0 95.3595
09:24:00 11.0 20.0 95.99 95.48 95.64 95.45 95.4 10.0 95.48 188.0 20.0 1.0 19.0 0.0 95.5075
09:25:00 8.0 77.0 95.99 95.4 95.48 95.4 95.4 2.0 95.48 187.0 77.0 69.0 8.0 0.0 95.4338
09:26:00 33.0 247.0 95.99 95.33 95.48 95.32 95.32 186.0 95.56 7.0 247.0 188.0 59.0 0.0 95.4503
09:27:00 3.0 25.0 95.99 95.56 95.56 95.56 95.32 191.0 95.56 16.0 25.0 19.0 6.0 0.0 95.56
09:28:00 82.0 2253.0 95.99 95.25 95.49 95.25 95.35 1.0 95.51 14.0 2253.0 6.0 2247.0 0.0 95.3155
09:29:00 30.0 16.0 95.99 95.3 95.35 95.23 95.3 2.0 95.37 21.0 16.0 0.0 16.0 0.0 95.2625
09:30:00 32.0 174.0 95.99 95.4 95.51 95.3 95.31 1099.0 95.51 13.0 174.0 6.0 168.0 0.0 95.3649
09:31:00 621.0 19438.0 95.99 95.48 95.76 95.35 95.47 25.0 95.54 334.0 19438.0 6691.0 12747.0 0.0 95.5532
09:32:00 551.0 23518.0 95.99 95.5 95.6 95.26 95.43 281.0 95.5 196.0 23518.0 7111.0 16407.0 0.0 95.3788
09:33:00 148.0 6611.0 95.99 95.5 95.52 95.37 95.45 179.0 95.52 150.0 6611.0 2037.0 4574.0 0.0 95.4333
09:34:00 408.0 22309.0 95.99 95.58 95.69 95.5 95.53 150.0 95.6 400.0 22309.0 7080.0 15229.0 0.0 95.5786
09:35:00 489.0 24485.0 95.99 95.65 95.65 95.47 95.6 150.0 95.65 200.0 24485.0 7836.0 16649.0 0.0 95.5519
09:36:00 522.0 20723.0 95.99 95.72 95.81 95.62 95.71 542.0 95.73 6.0 20723.0 10755.0 9968.0 0.0 95.7265
09:37:00 321.0 13552.0 95.99 95.73 95.81 95.68 95.71 173.0 95.75 241.0 13552.0 5356.0 8196.0 0.0 95.7345
09:38:00 373.0 12942.0 95.99 95.9 95.94 95.72 95.88 163.0 95.92 61.0 12942.0 5264.0 7678.0 0.0 95.819
09:39:00 323.0 13569.0 95.99 96.02 96.03 95.8 95.98 282.0 96.01 120.0 13569.0 7252.0 6317.0 0.0 95.9058
09:40:00 279.0 9780.0 95.99 95.92 96.07 95.91 95.92 1376.0 95.96 100.0 9780.0 4393.0 5387.0 0.0 95.9918
09:41:00 309.0 12731.0 95.99 96.15 96.15 95.92 96.14 513.0 96.16 200.0 12731.0 8359.0 4372.0 0.0 96.0198
09:42:00 313.0 10722.0 95.99 96.32 96.37 96.13 96.32 68.0 96.34 99.0 10722.0 4244.0 6478.0 0.0 96.2642
09:43:00 271.0 11739.0 95.99 96.34 96.4 96.24 96.31 40.0 96.34 50.0 11739.0 2371.0 9368.0 0.0 96.3101
09:44:00 280.0 8847.0 95.99 96.2 96.43 96.2 96.2 2.0 96.21 163.0 8847.0 2516.0 6331.0 0.0 96.342
09:45:00 273.0 10088.0 95.99 96.22 96.35 96.17 96.22 268.0 96.24 200.0 10088.0 5159.0 4929.0 0.0 96.2445
09:46:00 308.0 15696.0 95.99 96.26 96.28 96.15 96.25 200.0 96.27 280.0 15696.0 3329.0 12367.0 0.0 96.2169
09:47:00 184.0 11407.0 95.99 96.26 96.3 96.23 96.24 562.0 96.27 7.0 11407.0 4814.0 6593.0 0.0 96.2565
09:48:00 235.0 7774.0 95.99 96.26 96.3 96.16 96.25 1.0 96.27 261.0 7774.0 2478.0 5296.0 0.0 96.2246
09:49:00 160.0 6547.0 95.99 96.14 96.255 96.14 96.13 306.0 96.16 350.0 6547.0 2114.0 4433.0 0.0 96.1841
09:50:00 119.0 6608.0 95.99 96.18 96.18 96.09 96.18 200.0 96.2 178.0 6608.0 3609.0 2999.0 0.0 96.1381
09:51:00 401.0 19286.0 95.99 96.45 96.45 96.12 96.44 220.0 96.47 550.0 19286.0 8338.0 10948.0 0.0 96.3169
09:52:00 218.0 9520.0 95.99 96.32 96.44 96.31 96.33 16.0 96.36 400.0 9520.0 3578.0 5942.0 0.0 96.3543
09:53:00 185.0 7232.0 95.99 96.37 96.43 96.32 96.37 300.0 96.4 150.0 7232.0 3012.0 4220.0 0.0 96.3686
09:54:00 139.0 8127.0 95.99 96.5 96.5 96.36 96.48 107.0 96.51 200.0 8127.0 3043.0 5084.0 0.0 96.4144
09:55:00 191.0 8196.0 95.99 96.44 96.51 96.44 96.43 291.0 96.46 600.0 8196.0 1334.0 6862.0 0.0 96.4637
09:56:00 232.0 11797.0 95.99 96.51 96.55 96.4 96.49 100.0 96.52 753.0 11797.0 4236.0 7561.0 0.0 96.4545
09:57:00 105.0 5304.0 95.99 96.44 96.57 96.44 96.43 570.0 96.46 10.0 5304.0 1754.0 3550.0 0.0 96.5161
09:58:00 195.0 9089.0 95.99 96.36 96.48 96.34 96.35 671.0 96.37 140.0 9089.0 2953.0 6136.0 0.0 96.4115
09:59:00 164.0 9320.0 95.99 96.31 96.38 96.27 96.29 605.0 96.31 150.0 9320.0 3333.0 5987.0 0.0 96.3126
10:00:00 124.0 5713.0 95.99 96.33 96.38 96.28 96.32 600.0 96.35 150.0 5713.0 2884.0 2829.0 0.0 96.3257
10:01:00 191.0 11487.0 95.99 96.24 96.37 96.23 96.25 150.0 96.28 255.0 11487.0 3395.0 8092.0 0.0 96.3069
10:02:00 129.0 4912.0 95.99 96.29 96.35 96.2 96.29 246.0 96.32 493.0 4912.0 2157.0 2755.0 0.0 96.2749
10:03:00 181.0 9214.0 95.99 96.36 96.4 96.28 96.36 1.0 96.37 56.0 9214.0 3354.0 5860.0 0.0 96.339
10:04:00 153.0 9252.0 95.99 96.33 96.42 96.32 96.31 50.0 96.33 260.0 9252.0 2614.0 6638.0 0.0 96.3672
10:05:00 148.0 9700.0 95.99 96.34 96.36 96.29 96.32 850.0 96.35 150.0 9700.0 3000.0 6700.0 0.0 96.3133
10:06:00 317.0 12047.0 95.99 96.19 96.34 96.17 96.17 300.0 96.19 487.0 12047.0 4010.0 8037.0 0.0 96.2445
10:07:00 315.0 22160.0 95.99 96.13 96.33 96.13 96.12 514.0 96.13 320.0 22160.0 12416.0 9744.0 0.0 96.2252
10:08:00 249.0 16343.0 95.99 96.14 96.18 96.08 96.13 150.0 96.16 50.0 16343.0 8584.0 7759.0 0.0 96.1321
10:09:00 141.0 7020.0 95.99 96.1 96.18 96.09 96.09 1701.0 96.11 312.0 7020.0 1701.0 5319.0 0.0 96.1209
10:10:00 153.0 8248.0 95.99 96.28 96.28 96.11 96.28 161.0 96.31 280.0 8248.0 5510.0 2738.0 0.0 96.2237
10:11:00 120.0 5298.0 95.99 96.14 96.32 96.14 96.16 350.0 96.19 506.0 5298.0 2195.0 3103.0 0.0 96.2565
10:12:00 150.0 5976.0 95.99 96.13 96.23 96.1 96.13 100.0 96.15 219.0 5976.0 2347.0 3629.0 0.0 96.1638
10:13:00 182.0 9217.0 95.99 96.11 96.18 96.09 96.1 69.0 96.11 520.0 9217.0 3452.0 5765.0 0.0 96.1328
10:14:00 125.0 5811.0 95.99 96.1 96.14 96.08 96.09 930.0 96.11 319.0 5811.0 2736.0 3075.0 0.0 96.1054
10:15:00 109.0 4793.0 95.99 96.17 96.17 96.08 96.14 207.0 96.16 290.0 4793.0 3494.0 1299.0 0.0 96.1191
10:16:00 199.0 9271.0 95.99 96.27 96.29 96.14 96.26 518.0 96.29 344.0 9271.0 5367.0 3904.0 0.0 96.2317
10:17:00 136.0 5921.0 95.99 96.18 96.33 96.165 96.18 20.0 96.2 756.0 5921.0 2476.0 3445.0 0.0 96.2576
10:18:00 147.0 10000.0 95.99 96.14 96.23 96.11 96.13 757.0 96.16 50.0 10000.0 5588.0 4412.0 0.0 96.1597
10:19:00 120.0 5064.0 95.99 96.15 96.19 96.11 96.14 368.0 96.16 100.0 5064.0 3334.0 1730.0 0.0 96.1516
10:20:00 90.0 4058.0 95.99 96.2 96.23 96.13 96.2 307.0 96.21 150.0 4058.0 2539.0 1519.0 0.0 96.1829
10:21:00 124.0 6213.0 95.99 96.18 96.21 96.15 96.17 4.0 96.19 1200.0 6213.0 2254.0 3959.0 0.0 96.1815
10:22:00 129.0 5838.0 95.99 96.16 96.2 96.13 96.15 551.0 96.18 50.0 5838.0 2630.0 3208.0 0.0 96.1738
10:23:00 87.0 4609.0 95.99 96.21 96.21 96.13 96.2 405.0 96.22 402.0 4609.0 2181.0 2428.0 0.0 96.1601
10:24:00 129.0 5641.0 95.99 96.24 96.28 96.2 96.22 17.0 96.23 220.0 5641.0 2901.0 2740.0 0.0 96.2478
10:25:00 125.0 5943.0 95.99 96.13 96.23 96.09 96.11 659.0 96.14 50.0 5943.0 1503.0 4440.0 0.0 96.144
10:26:00 179.0 9579.0 95.99 96.1 96.13 96.04 96.09 300.0 96.11 63.0 9579.0 2911.0 6668.0 0.0 96.0895
10:27:00 84.0 4463.0 95.99 96.13 96.14 96.07 96.13 1300.0 96.14 150.0 4463.0 2280.0 2183.0 0.0 96.114
10:28:00 87.0 5134.0 95.99 96.1 96.14 96.07 96.09 611.0 96.1 93.0 5134.0 2213.0 2921.0 0.0 96.1086
10:29:00 167.0 8642.0 95.99 96.07 96.12 96.05 96.06 150.0 96.08 265.0 8642.0 2937.0 5705.0 0.0 96.0666
10:30:00 91.0 5104.0 95.99 96.08 96.11 96.05 96.06 350.0 96.09 674.0 5104.0 2111.0 2993.0 0.0 96.0719
10:31:00 112.0 5634.0 95.99 96.1 96.1 96.06 96.09 1901.0 96.11 351.0 5634.0 1882.0 3752.0 0.0 96.0809
10:32:00 140.0 6977.0 95.99 96.18 96.21 96.08 96.18 318.0 96.19 100.0 6977.0 3348.0 3629.0 0.0 96.1613
10:33:00 101.0 4751.0 95.99 96.15 96.2 96.13 96.13 151.0 96.15 250.0 4751.0 317.0 4434.0 0.0 96.1637
10:34:00 131.0 4126.0 95.99 96.14 96.155 96.09 96.13 702.0 96.15 529.0 4126.0 2328.0 1798.0 0.0 96.1321
10:35:00 258.0 11019.0 95.99 96.1 96.18 96.07 96.09 860.0 96.1 115.0 11019.0 2460.0 8559.0 0.0 96.1427
10:36:00 153.0 7614.0 95.99 96.13 96.13 96.05 96.12 1.0 96.13 78.0 7614.0 4195.0 3419.0 0.0 96.0793
10:37:00 106.0 4536.0 95.99 96.11 96.16 96.1 96.1 219.0 96.11 37.0 4536.0 1335.0 3201.0 0.0 96.1269
10:38:00 97.0 4207.0 95.99 96.11 96.14 96.08 96.1 852.0 96.12 100.0 4207.0 1450.0 2757.0 0.0 96.1126
10:39:00 165.0 6646.0 95.99 96.31 96.33 96.1 96.3 900.0 96.33 664.0 6646.0 4685.0 1961.0 0.0 96.1955
10:40:00 140.0 6577.0 95.99 96.47 96.47 96.3 96.46 1052.0 96.47 202.0 6577.0 3892.0 2685.0 0.0 96.3696
10:41:00 195.0 12446.0 95.99 96.62 96.62 96.46 96.61 352.0 96.63 158.0 12446.0 8143.0 4303.0 0.0 96.5367
10:42:00 166.0 8507.0 95.99 96.54 96.61 96.5 96.53 301.0 96.55 91.0 8507.0 2252.0 6255.0 0.0 96.5575
10:43:00 109.0 4302.0 95.99 96.59 96.6 96.53 96.57 354.0 96.6 800.0 4302.0 1875.0 2427.0 0.0 96.5789
10:44:00 133.0 5550.0 95.99 96.5 96.59 96.5 96.49 100.0 96.5 129.0 5550.0 1119.0 4431.0 0.0 96.5468
10:45:00 123.0 5673.0 95.99 96.42 96.49 96.37 96.41 522.0 96.43 452.0 5673.0 2283.0 3390.0 0.0 96.4175
10:46:00 139.0 4484.0 95.99 96.34 96.41 96.3 96.33 50.0 96.35 328.0 4484.0 2342.0 2142.0 0.0 96.3473
10:47:00 50.0 3278.0 95.99 96.33 96.36 96.31 96.32 1912.0 96.35 152.0 3278.0 2501.0 777.0 0.0 96.3429
10:48:00 103.0 4794.0 95.99 96.36 96.4 96.33 96.36 25.0 96.38 850.0 4794.0 2888.0 1906.0 0.0 96.3556
10:49:00 123.0 4516.0 95.99 96.31 96.36 96.26 96.31 160.0 96.33 5.0 4516.0 1336.0 3180.0 0.0 96.3086
10:50:00 94.0 3578.0 95.99 96.38 96.4 96.32 96.37 117.0 96.38 450.0 3578.0 1763.0 1815.0 0.0 96.3659
10:51:00 227.0 10792.0 95.99 96.18 96.37 96.14 96.16 50.0 96.18 200.0 10792.0 3749.0 7043.0 0.0 96.2137
10:52:00 116.0 6067.0 95.99 96.18 96.24 96.18 96.17 7.0 96.19 700.0 6067.0 1781.0 4286.0 0.0 96.2119
10:53:00 152.0 7099.0 95.99 96.17 96.24 96.16 96.17 250.0 96.18 101.0 7099.0 1628.0 5471.0 0.0 96.1913
10:54:00 137.0 5881.0 95.99 96.13 96.18 96.07 96.12 250.0 96.14 531.0 5881.0 1642.0 4239.0 0.0 96.1208
10:55:00 134.0 5898.0 95.99 96.11 96.13 96.06 96.1 100.0 96.12 700.0 5898.0 2959.0 2939.0 0.0 96.1016
10:56:00 162.0 8389.0 95.99 96.11 96.12 96.04 96.11 360.0 96.12 100.0 8389.0 4010.0 4379.0 0.0 96.0789
10:57:00 170.0 8471.0 95.99 96.09 96.14 96.05 96.08 1550.0 96.1 110.0 8471.0 2678.0 5793.0 0.0 96.1003
10:58:00 163.0 9008.0 95.99 96.05 96.1 96.02 96.04 200.0 96.06 109.0 9008.0 2669.0 6339.0 0.0 96.0519
10:59:00 427.0 16726.0 95.99 95.99 96.05 95.96 95.99 200.0 96.0 219.0 16726.0 3041.0 13685.0 0.0 95.9963
11:00:00 115.0 6128.0 95.99 96.12 96.12 96.0 96.11 516.0 96.13 956.0 6128.0 4153.0 1975.0 0.0 96.0494
11:01:00 151.0 7617.0 95.99 96.01 96.12 95.96 95.99 126.0 96.01 2755.0 7617.0 2646.0 4971.0 0.0 96.0379
11:02:00 84.0 4407.0 95.99 96.06 96.07 95.99 96.05 902.0 96.07 19.0 4407.0 1217.0 3190.0 0.0 96.0302
11:03:00 105.0 8511.0 95.99 96.16 96.17 96.07 96.16 510.0 96.18 2505.0 8511.0 5930.0 2581.0 0.0 96.1289
11:04:00 105.0 7956.0 95.99 96.25 96.27 96.15 96.24 201.0 96.26 350.0 7956.0 5151.0 2805.0 0.0 96.2062
11:05:00 111.0 8007.0 95.99 96.19 96.25 96.18 96.17 762.0 96.19 100.0 8007.0 2284.0 5723.0 0.0 96.2138
11:06:00 73.0 4208.0 95.99 96.19 96.21 96.12 96.19 504.0 96.22 2202.0 4208.0 2292.0 1916.0 0.0 96.17
11:07:00 120.0 5480.0 95.99 96.23 96.28 96.21 96.22 535.0 96.24 1476.0 5480.0 2400.0 3080.0 0.0 96.2529
11:08:00 62.0 2109.0 95.99 96.29 96.31 96.23 96.29 638.0 96.31 900.0 2109.0 542.0 1567.0 0.0 96.277
11:09:00 113.0 6936.0 95.99 96.28 96.32 96.27 96.27 202.0 96.29 500.0 6936.0 3805.0 3131.0 0.0 96.2945
11:10:00 63.0 2409.0 95.99 96.23 96.29 96.19 96.23 200.0 96.24 223.0 2409.0 236.0 2173.0 0.0 96.2412
11:11:00 127.0 4712.0 95.99 96.16 96.24 96.16 96.15 1916.0 96.17 5.0 4712.0 848.0 3864.0 0.0 96.1981
11:12:00 112.0 5079.0 95.99 96.1 96.19 96.08 96.1 75.0 96.11 10.0 5079.0 2354.0 2725.0 0.0 96.1333
11:13:00 163.0 6141.0 95.99 96.08 96.12 96.06 96.08 56.0 96.09 21.0 6141.0 2249.0 3892.0 0.0 96.08
11:14:00 99.0 3450.0 95.99 96.1 96.139 96.07 96.09 405.0 96.12 1682.0 3450.0 768.0 2682.0 0.0 96.1131
11:15:00 105.0 4332.0 95.99 96.05 96.14 96.04 96.05 250.0 96.07 7.0 4332.0 1110.0 3222.0 0.0 96.0852
11:16:00 146.0 6189.0 95.99 96.09 96.11 96.0 96.09 645.0 96.1 50.0 6189.0 3148.0 3041.0 0.0 96.0354
11:17:00 110.0 6250.0 95.99 96.19 96.2 96.08 96.18 748.0 96.19 23.0 6250.0 2818.0 3432.0 0.0 96.1284
11:18:00 88.0 3710.0 95.99 96.17 96.22 96.16 96.17 300.0 96.18 5.0 3710.0 769.0 2941.0 0.0 96.1968
11:19:00 75.0 4001.0 95.99 96.08 96.19 96.07 96.08 550.0 96.1 214.0 4001.0 883.0 3118.0 0.0 96.1162
11:20:00 71.0 3247.0 95.99 96.08 96.11 96.05 96.08 5.0 96.09 115.0 3247.0 569.0 2678.0 0.0 96.0797
11:21:00 91.0 3422.0 95.99 96.06 96.1 96.03 96.05 165.0 96.07 5.0 3422.0 1070.0 2352.0 0.0 96.0687
11:22:00 153.0 7317.0 95.99 96.02 96.07 95.98 96.03 100.0 96.05 150.0 7317.0 2729.0 4588.0 0.0 96.0226
11:23:00 73.0 4300.0 95.99 96.02 96.07 96.02 96.01 450.0 96.02 1.0 4300.0 1001.0 3299.0 0.0 96.0416
11:24:00 82.0 4036.0 95.99 96.0 96.03 95.99 96.0 50.0 96.01 107.0 4036.0 341.0 3695.0 0.0 96.0023
11:25:00 65.0 3498.0 95.99 96.15 96.16 96.01 96.15 511.0 96.17 119.0 3498.0 2299.0 1199.0 0.0 96.0988
11:26:00 114.0 5749.0 95.99 96.14 96.2 96.09 96.13 322.0 96.15 55.0 5749.0 1610.0 4139.0 0.0 96.1507
11:27:00 102.0 6269.0 95.99 96.15 96.18 96.12 96.12 551.0 96.15 150.0 6269.0 2561.0 3708.0 0.0 96.1519
11:28:00 86.0 3969.0 95.99 96.11 96.13 96.07 96.11 250.0 96.14 3150.0 3969.0 992.0 2977.0 0.0 96.1142
11:29:00 47.0 2439.0 95.99 96.19 96.19 96.11 96.18 261.0 96.21 2649.0 2439.0 1436.0 1003.0 0.0 96.1421
11:30:00 145.0 10123.0 95.99 96.14 96.2 96.07 96.14 814.0 96.16 50.0 10123.0 2958.0 7165.0 0.0 96.1394
11:31:00 192.0 11871.0 95.99 96.2 96.21 96.11 96.2 10.0 96.21 494.0 11871.0 6714.0 5157.0 0.0 96.1638
11:32:00 124.0 6031.0 95.99 96.17 96.21 96.11 96.15 1200.0 96.17 100.0 6031.0 2195.0 3836.0 0.0 96.1554
11:33:00 181.0 9767.0 95.99 96.13 96.22 96.13 96.13 311.0 96.15 1755.0 9767.0 5092.0 4675.0 0.0 96.1692
11:34:00 141.0 7571.0 95.99 96.11 96.15 96.07 96.1 253.0 96.11 228.0 7571.0 2819.0 4752.0 0.0 96.1044
11:35:00 144.0 6565.0 95.99 96.08 96.13 96.08 96.07 550.0 96.1 2535.0 6565.0 2037.0 4528.0 0.0 96.1007
11:36:00 167.0 8493.0 95.99 96.09 96.12 96.07 96.08 460.0 96.09 17.0 8493.0 3000.0 5493.0 0.0 96.0913
11:37:00 119.0 5100.0 95.99 96.03 96.12 96.01 96.02 8.0 96.03 302.0 5100.0 1329.0 3771.0 0.0 96.0628
11:38:00 201.0 9761.0 95.99 96.0 96.03 95.97 95.99 182.0 96.01 1050.0 9761.0 4733.0 5028.0 0.0 95.9987
11:39:00 129.0 5197.0 95.99 95.99 96.02 95.97 95.98 400.0 95.99 200.0 5197.0 2129.0 3068.0 0.0 95.9884
11:40:00 78.0 4472.0 95.99 96.02 96.02 95.98 96.01 574.0 96.02 453.0 4472.0 2748.0 1724.0 0.0 96.0056
11:41:00 162.0 6396.0 95.99 96.03 96.08 96.02 96.02 300.0 96.03 799.0 6396.0 2588.0 3808.0 0.0 96.0495
11:42:00 129.0 7540.0 95.99 96.06 96.075 96.0 96.06 108.0 96.07 1105.0 7540.0 3630.0 3910.0 0.0 96.0457
11:43:00 127.0 7606.0 95.99 96.04 96.07 96.03 96.04 74.0 96.05 420.0 7606.0 3599.0 4007.0 0.0 96.0476
11:44:00 124.0 7696.0 95.99 96.1 96.1 96.04 96.1 9.0 96.12 1681.0 7696.0 4683.0 3013.0 0.0 96.0661
11:45:00 142.0 15414.0 95.99 96.26 96.26 96.12 96.26 205.0 96.27 303.0 15414.0 11385.0 4029.0 0.0 96.1741
11:46:00 108.0 5362.0 95.99 96.3 96.3 96.25 96.3 69.0 96.31 105.0 5362.0 1331.0 4031.0 0.0 96.268
11:47:00 158.0 5900.0 95.99 96.42 96.42 96.31 96.42 51.0 96.43 1284.0 5900.0 1952.0 3948.0 0.0 96.3779
11:48:00 122.0 6670.0 95.99 96.51 96.51 96.41 96.5 310.0 96.51 100.0 6670.0 3473.0 3197.0 0.0 96.4478
11:49:00 95.0 5226.0 95.99 96.46 96.53 96.46 96.45 1141.0 96.47 100.0 5226.0 851.0 4375.0 0.0 96.4975
11:50:00 32.0 1718.0 95.99 96.47 96.47 96.45 96.46 200.0 96.47 73.0 1718.0 377.0 1341.0 0.0 96.4638
11:51:00 76.0 3149.0 95.99 96.51 96.51 96.46 96.51 141.0 96.52 1303.0 3149.0 1030.0 2119.0 0.0 96.4842
11:52:00 131.0 6837.0 95.99 96.53 96.54 96.47 96.53 118.0 96.54 10.0 6837.0 2616.0 4221.0 0.0 96.5022
11:53:00 77.0 2908.0 95.99 96.55 96.56 96.53 96.54 405.0 96.55 1.0 2908.0 574.0 2334.0 0.0 96.5475
11:54:00 174.0 11347.0 95.99 96.6 96.6 96.55 96.58 300.0 96.59 100.0 11347.0 6382.0 4965.0 0.0 96.5897
11:55:00 137.0 6312.0 95.99 96.48 96.58 96.47 96.47 320.0 96.48 175.0 6312.0 1425.0 4887.0 0.0 96.5259
11:56:00 66.0 2761.0 95.99 96.54 96.56 96.47 96.54 1569.0 96.56 106.0 2761.0 1300.0 1461.0 0.0 96.4968
11:57:00 192.0 12626.0 95.99 96.57 96.65 96.56 96.57 302.0 96.58 83.0 12626.0 5044.0 7582.0 0.0 96.6095
11:58:00 81.0 5364.0 95.99 96.59 96.62 96.54 96.59 1.0 96.6 649.0 5364.0 2851.0 2513.0 0.0 96.5906
11:59:00 66.0 3871.0 95.99 96.61 96.61 96.57 96.6 318.0 96.61 356.0 3871.0 905.0 2966.0 0.0 96.5888
12:00:00 161.0 13206.0 95.99 96.67 96.68 96.61 96.67 778.0 96.69 321.0 13206.0 3011.0 10195.0 0.0 96.6638
12:01:00 134.0 6629.0 95.99 96.66 96.72 96.66 96.65 200.0 96.67 1428.0 6629.0 1399.0 5230.0 0.0 96.683
12:02:00 82.0 5301.0 95.99 96.66 96.68 96.62 96.66 173.0 96.67 1.0 5301.0 850.0 4451.0 0.0 96.6484
12:03:00 66.0 3550.0 95.99 96.65 96.68 96.65 96.64 1510.0 96.66 200.0 3550.0 877.0 2673.0 0.0 96.6656
12:04:00 66.0 5124.0 95.99 96.66 96.67 96.64 96.65 1502.0 96.66 1.0 5124.0 962.0 4162.0 0.0 96.6516
12:05:00 142.0 7713.0 95.99 96.67 96.67 96.62 96.66 810.0 96.67 110.0 7713.0 3410.0 4303.0 0.0 96.6455
12:06:00 123.0 5131.0 95.99 96.7 96.72 96.66 96.7 400.0 96.71 10.0 5131.0 2595.0 2536.0 0.0 96.6891
12:07:00 85.0 3617.0 95.99 96.65 96.71 96.64 96.65 68.0 96.66 401.0 3617.0 432.0 3185.0 0.0 96.6665
12:08:00 97.0 4479.0 95.99 96.67 96.68 96.66 96.66 101.0 96.67 220.0 4479.0 1388.0 3091.0 0.0 96.6663
12:09:00 100.0 3156.0 95.99 96.7 96.73 96.66 96.69 988.0 96.7 2.0 3156.0 1120.0 2036.0 0.0 96.6994
12:10:00 83.0 3911.0 95.99 96.68 96.71 96.66 96.67 212.0 96.68 1200.0 3911.0 808.0 3103.0 0.0 96.692
12:11:00 63.0 2313.0 95.99 96.74 96.755 96.66 96.73 645.0 96.75 250.0 2313.0 909.0 1404.0 0.0 96.7089
12:12:00 70.0 3512.0 95.99 96.77 96.779 96.74 96.76 86.0 96.77 1.0 3512.0 739.0 2773.0 0.0 96.7569
12:13:00 73.0 3330.0 95.99 96.78 96.81 96.76 96.78 175.0 96.79 100.0 3330.0 1235.0 2095.0 0.0 96.7793
12:14:00 57.0 3705.0 95.99 96.75 96.79 96.72 96.74 230.0 96.75 2.0 3705.0 1274.0 2431.0 0.0 96.7614
12:15:00 65.0 3268.0 95.99 96.74 96.77 96.72 96.73 239.0 96.74 200.0 3268.0 1072.0 2196.0 0.0 96.745
12:16:00 107.0 5296.0 95.99 96.67 96.73 96.64 96.67 179.0 96.68 1.0 5296.0 1481.0 3815.0 0.0 96.6817
12:17:00 170.0 11842.0 95.99 96.54 96.68 96.53 96.54 1.0 96.55 300.0 11842.0 2066.0 9776.0 0.0 96.5709
12:18:00 64.0 3648.0 95.99 96.56 96.58 96.55 96.56 483.0 96.57 301.0 3648.0 1903.0 1745.0 0.0 96.5595
12:19:00 84.0 3343.0 95.99 96.65 96.66 96.57 96.65 357.0 96.66 316.0 3343.0 1759.0 1584.0 0.0 96.6126
12:20:00 64.0 3120.0 95.99 96.64 96.68 96.63 96.63 278.0 96.64 595.0 3120.0 839.0 2281.0 0.0 96.6515
12:21:00 90.0 4078.0 95.99 96.63 96.65 96.59 96.63 7.0 96.64 1000.0 4078.0 1769.0 2309.0 0.0 96.6269
12:22:00 50.0 2513.0 95.99 96.585 96.63 96.58 96.58 377.0 96.59 400.0 2513.0 497.0 2016.0 0.0 96.5985
12:23:00 84.0 3599.0 95.99 96.64 96.64 96.57 96.63 603.0 96.64 2.0 3599.0 1938.0 1661.0 0.0 96.5992
12:24:00 63.0 3632.0 95.99 96.64 96.65 96.63 96.64 481.0 96.65 211.0 3632.0 1858.0 1774.0 0.0 96.6404
12:25:00 72.0 4870.0 95.99 96.66 96.68 96.63 96.65 683.0 96.67 1000.0 4870.0 1936.0 2934.0 0.0 96.6528
12:26:00 83.0 3628.0 95.99 96.65 96.67 96.65 96.64 603.0 96.66 517.0 3628.0 1648.0 1980.0 0.0 96.663
12:27:00 98.0 5869.0 95.99 96.61 96.64 96.61 96.61 122.0 96.62 109.0 5869.0 3148.0 2721.0 0.0 96.6315
12:28:00 69.0 4372.0 95.99 96.62 96.64 96.6 96.61 480.0 96.62 394.0 4372.0 1971.0 2401.0 0.0 96.6201
12:29:00 86.0 4378.0 95.99 96.67 96.67 96.62 96.66 904.0 96.68 503.0 4378.0 3045.0 1333.0 0.0 96.6487
12:30:00 103.0 5331.0 95.99 96.68 96.69 96.66 96.68 1210.0 96.69 300.0 5331.0 2631.0 2700.0 0.0 96.674
12:31:00 136.0 5791.0 95.99 96.76 96.76 96.68 96.76 680.0 96.77 341.0 5791.0 3770.0 2021.0 0.0 96.7219
12:32:00 164.0 8986.0 95.99 96.78 96.79 96.77 96.77 1.0 96.78 520.0 8986.0 4965.0 4021.0 0.0 96.7805
12:33:00 85.0 3794.0 95.99 96.69 96.77 96.69 96.69 81.0 96.7 807.0 3794.0 859.0 2935.0 0.0 96.725
12:34:00 100.0 5103.0 95.99 96.57 96.7 96.57 96.57 73.0 96.58 628.0 5103.0 2176.0 2927.0 0.0 96.6393
12:35:00 74.0 4929.0 95.99 96.56 96.59 96.53 96.55 477.0 96.56 880.0 4929.0 2051.0 2878.0 0.0 96.571
12:36:00 65.0 3905.0 95.99 96.59 96.6 96.56 96.59 74.0 96.6 201.0 3905.0 2351.0 1554.0 0.0 96.5783
12:37:00 38.0 2349.0 95.99 96.56 96.61 96.56 96.55 1168.0 96.56 331.0 2349.0 892.0 1457.0 0.0 96.5782
12:38:00 76.0 4227.0 95.99 96.57 96.57 96.53 96.56 583.0 96.57 500.0 4227.0 2398.0 1829.0 0.0 96.5579
12:39:00 51.0 2274.0 95.99 96.61 96.62 96.57 96.6 836.0 96.61 801.0 2274.0 1846.0 428.0 0.0 96.5861
12:40:00 64.0 3163.0 95.99 96.62 96.64 96.6 96.61 801.0 96.62 900.0 3163.0 743.0 2420.0 0.0 96.6142
12:41:00 83.0 4834.0 95.99 96.61 96.62 96.58 96.6 305.0 96.61 186.0 4834.0 2012.0 2822.0 0.0 96.6013
12:42:00 72.0 4388.0 95.99 96.6 96.61 96.595 96.6 200.0 96.61 538.0 4388.0 3088.0 1300.0 0.0 96.6004
12:43:00 54.0 2346.0 95.99 96.6 96.61 96.59 96.6 404.0 96.61 695.0 2346.0 1159.0 1187.0 0.0 96.5992
12:44:00 80.0 3598.0 95.99 96.575 96.61 96.575 96.57 1361.0 96.58 517.0 3598.0 1002.0 2596.0 0.0 96.5941
12:45:00 132.0 6934.0 95.99 96.535 96.58 96.52 96.53 903.0 96.54 207.0 6934.0 3302.0 3632.0 0.0 96.5471
12:46:00 631.0 33734.0 95.99 96.11 96.55 96.09 96.09 1100.0 96.12 100.0 33734.0 11837.0 21897.0 0.0 96.2766
12:47:00 203.0 16588.0 95.99 96.06 96.16 96.02 96.05 175.0 96.07 200.0 16588.0 3754.0 12834.0 0.0 96.0929
12:48:00 369.0 12853.0 95.99 95.9 96.07 95.9 95.91 50.0 95.94 351.0 12853.0 3389.0 9464.0 0.0 96.0181
12:49:00 242.0 11308.0 95.99 95.87 95.97 95.85 95.87 50.0 95.88 200.0 11308.0 5069.0 6239.0 0.0 95.9034
12:50:00 257.0 13750.0 95.99 95.96 96.04 95.81 95.95 50.0 95.97 100.0 13750.0 6366.0 7384.0 0.0 95.8974
12:51:00 192.0 9151.0 95.99 95.94 95.98 95.87 95.92 2511.0 95.95 300.0 9151.0 4569.0 4582.0 0.0 95.935
12:52:00 257.0 10935.0 95.99 95.83 95.95 95.8 95.84 76.0 95.85 100.0 10935.0 5516.0 5419.0 0.0 95.8565
12:53:00 209.0 7948.0 95.99 95.88 95.92 95.75 95.87 400.0 95.89 100.0 7948.0 4041.0 3907.0 0.0 95.8045
12:54:00 112.0 5021.0 95.99 95.95 96.0 95.89 95.93 232.0 95.96 50.0 5021.0 2776.0 2245.0 0.0 95.9549
12:55:00 169.0 8779.0 95.99 96.07 96.11 95.95 96.07 50.0 96.08 214.0 8779.0 3902.0 4877.0 0.0 96.062
12:56:00 209.0 6402.0 95.99 96.04 96.09 96.0 96.03 50.0 96.05 100.0 6402.0 2738.0 3664.0 0.0 96.0532
12:57:00 57.0 2735.0 95.99 96.01 96.05 95.99 96.01 50.0 96.03 300.0 2735.0 874.0 1861.0 0.0 96.0112
12:58:00 123.0 5793.0 95.99 96.08 96.09 95.97 96.07 300.0 96.09 5.0 5793.0 2037.0 3756.0 0.0 96.0477
12:59:00 151.0 8741.0 95.99 96.08 96.14 96.04 96.07 605.0 96.09 50.0 8741.0 3789.0 4952.0 0.0 96.0809
13:00:00 131.0 7002.0 95.99 96.05 96.09 96.04 96.04 9.0 96.05 400.0 7002.0 2492.0 4510.0 0.0 96.0612
13:01:00 124.0 4488.0 95.99 96.02 96.06 96.02 96.01 151.0 96.03 1550.0 4488.0 1788.0 2700.0 0.0 96.0446
13:02:00 122.0 6549.0 95.99 96.05 96.08 95.97 96.04 250.0 96.06 28.0 6549.0 3016.0 3533.0 0.0 96.026
13:03:00 180.0 7533.0 95.99 96.03 96.05 95.88 96.0 1950.0 96.04 301.0 7533.0 3295.0 4238.0 0.0 95.9776
13:04:00 72.0 2699.0 95.99 96.01 96.05 95.99 96.0 100.0 96.02 50.0 2699.0 855.0 1844.0 0.0 96.0128
13:05:00 98.0 3519.0 95.99 96.14 96.17 96.01 96.12 1500.0 96.15 1150.0 3519.0 1475.0 2044.0 0.0 96.0994
13:06:00 148.0 6927.0 95.99 96.12 96.16 96.11 96.12 1.0 96.13 200.0 6927.0 1896.0 5031.0 0.0 96.1298
13:07:00 121.0 5872.0 95.99 96.23 96.23 96.1 96.23 192.0 96.24 50.0 5872.0 4208.0 1664.0 0.0 96.1447
13:08:00 118.0 5304.0 95.99 96.16 96.27 96.15 96.15 550.0 96.18 1666.0 5304.0 1655.0 3649.0 0.0 96.2165
13:09:00 196.0 7893.0 95.99 96.2 96.21 96.12 96.18 350.0 96.2 100.0 7893.0 4239.0 3654.0 0.0 96.1575
13:10:00 164.0 8292.0 95.99 96.23 96.26 96.14 96.21 350.0 96.23 177.0 8292.0 3227.0 5065.0 0.0 96.219
13:11:00 79.0 3213.0 95.99 96.26 96.27 96.17 96.25 303.0 96.27 50.0 3213.0 1183.0 2030.0 0.0 96.2202
13:12:00 140.0 5683.0 95.99 96.17 96.28 96.16 96.16 700.0 96.18 1.0 5683.0 1465.0 4218.0 0.0 96.2229
13:13:00 92.0 4002.0 95.99 96.16 96.2 96.11 96.16 377.0 96.17 51.0 4002.0 888.0 3114.0 0.0 96.1557
13:14:00 176.0 13515.0 95.99 96.11 96.19 96.01 96.1 504.0 96.12 750.0 13515.0 2906.0 10609.0 0.0 96.093
13:15:00 89.0 4390.0 95.99 96.07 96.13 96.05 96.06 300.0 96.08 850.0 4390.0 1542.0 2848.0 0.0 96.0911
13:16:00 176.0 6664.0 95.99 95.92 96.06 95.92 95.92 51.0 95.94 10.0 6664.0 2129.0 4535.0 0.0 95.9954
13:17:00 177.0 8576.0 95.99 95.83 95.94 95.83 95.82 35.0 95.84 576.0 8576.0 2454.0 6122.0 0.0 95.8873
13:18:00 208.0 8910.0 95.99 95.79 95.86 95.76 95.79 376.0 95.8 40.0 8910.0 2151.0 6759.0 0.0 95.7941
13:19:00 171.0 7068.0 95.99 95.75 95.8 95.74 95.74 652.0 95.76 51.0 7068.0 2935.0 4133.0 0.0 95.7669
13:20:00 106.0 3623.0 95.99 95.82 95.83 95.74 95.82 197.0 95.83 101.0 3623.0 2332.0 1291.0 0.0 95.7725
13:21:00 157.0 5025.0 95.99 95.81 95.83 95.75 95.79 158.0 95.82 1350.0 5025.0 2459.0 2566.0 0.0 95.7948
13:22:00 70.0 2264.0 95.99 95.77 95.82 95.74 95.76 1.0 95.77 300.0 2264.0 649.0 1615.0 0.0 95.7756
13:23:00 52.0 2302.0 95.99 95.77 95.78 95.74 95.76 721.0 95.78 150.0 2302.0 545.0 1757.0 0.0 95.7687
13:24:00 104.0 4656.0 95.99 95.77 95.82 95.73 95.77 399.0 95.78 1.0 4656.0 2215.0 2441.0 0.0 95.7751
13:25:00 197.0 11919.0 95.99 95.86 95.86 95.78 95.84 100.0 95.86 2708.0 11919.0 7566.0 4353.0 0.0 95.8183
13:26:00 96.0 5428.0 95.99 95.85 95.88 95.83 95.84 556.0 95.87 3100.0 5428.0 3467.0 1961.0 0.0 95.8561
13:27:00 93.0 6115.0 95.99 95.81 95.86 95.79 95.8 350.0 95.82 100.0 6115.0 2681.0 3434.0 0.0 95.8236
13:28:00 64.0 3045.0 95.99 95.77 95.83 95.77 95.77 500.0 95.78 102.0 3045.0 1024.0 2021.0 0.0 95.7984
13:29:00 201.0 11216.0 95.99 95.74 95.83 95.71 95.73 100.0 95.74 101.0 11216.0 4431.0 6785.0 0.0 95.7616
13:30:00 327.0 19867.0 95.99 95.63 95.74 95.61 95.63 580.0 95.64 102.0 19867.0 8204.0 11663.0 0.0 95.6652
13:31:00 126.0 6905.0 95.99 95.63 95.69 95.62 95.62 107.0 95.63 208.0 6905.0 2580.0 4325.0 0.0 95.6537
13:32:00 227.0 11686.0 95.99 95.56 95.62 95.55 95.55 498.0 95.57 610.0 11686.0 5860.0 5826.0 0.0 95.586
13:33:00 495.0 18685.0 95.99 95.44 95.59 95.44 95.44 220.0 95.45 59.0 18685.0 5368.0 13317.0 0.0 95.5054
13:34:00 249.0 9423.0 95.99 95.41 95.48 95.38 95.41 74.0 95.42 523.0 9423.0 3014.0 6409.0 0.0 95.4332
13:35:00 381.0 14094.0 95.99 95.29 95.42 95.28 95.28 1665.0 95.3 600.0 14094.0 6235.0 7859.0 0.0 95.3498
13:36:00 177.0 15167.0 95.99 95.34 95.36 95.28 95.33 200.0 95.34 101.0 15167.0 8541.0 6626.0 0.0 95.3107
13:37:00 132.0 7081.0 95.99 95.34 95.38 95.33 95.33 427.0 95.34 100.0 7081.0 3636.0 3445.0 0.0 95.3518
13:38:00 133.0 6148.0 95.99 95.3 95.35 95.29 95.3 2.0 95.31 1071.0 6148.0 2257.0 3891.0 0.0 95.3141
13:39:00 334.0 15426.0 95.99 95.39 95.39 95.23 95.37 400.0 95.39 1101.0 15426.0 7855.0 7571.0 0.0 95.3052
13:40:00 165.0 13467.0 95.99 95.52 95.53 95.37 95.51 441.0 95.53 565.0 13467.0 10008.0 3459.0 0.0 95.4692
13:41:00 119.0 7390.0 95.99 95.6 95.62 95.52 95.59 400.0 95.61 554.0 7390.0 4675.0 2715.0 0.0 95.5723
13:42:00 119.0 7174.0 95.99 95.59 95.64 95.56 95.59 100.0 95.6 350.0 7174.0 2856.0 4318.0 0.0 95.5984
13:43:00 98.0 6126.0 95.99 95.59 95.59 95.5 95.59 1028.0 95.6 300.0 6126.0 2926.0 3200.0 0.0 95.5508
13:44:00 93.0 4328.0 95.99 95.59 95.62 95.58 95.58 754.0 95.6 901.0 4328.0 2263.0 2065.0 0.0 95.5955
13:45:00 150.0 8244.0 95.99 95.6 95.65 95.58 95.59 681.0 95.6 105.0 8244.0 5078.0 3166.0 0.0 95.602
13:46:00 92.0 5287.0 95.99 95.55 95.6 95.53 95.53 901.0 95.56 2383.0 5287.0 2029.0 3258.0 0.0 95.5677
13:47:00 105.0 5118.0 95.99 95.53 95.58 95.52 95.52 536.0 95.54 500.0 5118.0 2108.0 3010.0 0.0 95.5541
13:48:00 179.0 10880.0 95.99 95.47 95.57 95.465 95.47 527.0 95.48 400.0 10880.0 3828.0 7052.0 0.0 95.5244
13:49:00 77.0 4731.0 95.99 95.42 95.47 95.42 95.41 400.0 95.42 223.0 4731.0 1584.0 3147.0 0.0 95.445
13:50:00 121.0 6573.0 95.99 95.42 95.43 95.38 95.41 203.0 95.43 257.0 6573.0 2892.0 3681.0 0.0 95.4043
13:51:00 131.0 6438.0 95.99 95.48 95.51 95.42 95.47 306.0 95.49 200.0 6438.0 3733.0 2705.0 0.0 95.464
13:52:00 87.0 4654.0 95.99 95.47 95.49 95.45 95.46 704.0 95.48 250.0 4654.0 1025.0 3629.0 0.0 95.4723
13:53:00 62.0 3341.0 95.99 95.51 95.52 95.45 95.5 214.0 95.51 200.0 3341.0 1538.0 1803.0 0.0 95.4905
13:54:00 90.0 4035.0 95.99 95.52 95.55 95.48 95.51 837.0 95.53 3355.0 4035.0 1694.0 2341.0 0.0 95.5189
13:55:00 93.0 6302.0 95.99 95.56 95.59 95.52 95.55 300.0 95.56 302.0 6302.0 3112.0 3190.0 0.0 95.5557
13:56:00 88.0 5475.0 95.99 95.51 95.58 95.49 95.51 150.0 95.53 468.0 5475.0 2617.0 2858.0 0.0 95.5381
13:57:00 75.0 3091.0 95.99 95.53 95.58 95.52 95.52 156.0 95.54 200.0 3091.0 1139.0 1952.0 0.0 95.5457
13:58:00 79.0 3541.0 95.99 95.54 95.57 95.5 95.53 202.0 95.55 119.0 3541.0 1968.0 1573.0 0.0 95.5368
13:59:00 75.0 3576.0 95.99 95.6 95.61 95.55 95.59 450.0 95.61 31.0 3576.0 1465.0 2111.0 0.0 95.5963
14:00:00 125.0 7009.0 95.99 95.72 95.73 95.58 95.71 400.0 95.73 405.0 7009.0 4919.0 2090.0 0.0 95.6676
14:01:00 123.0 6383.0 95.99 95.71 95.75 95.66 95.69 160.0 95.71 750.0 6383.0 3405.0 2978.0 0.0 95.7012
14:02:00 95.0 5657.0 95.99 95.58 95.69 95.57 95.58 321.0 95.59 150.0 5657.0 684.0 4973.0 0.0 95.6327
14:03:00 137.0 9074.0 95.99 95.58 95.62 95.54 95.57 1.0 95.58 100.0 9074.0 3958.0 5116.0 0.0 95.5832
14:04:00 94.0 5920.0 95.99 95.55 95.59 95.51 95.54 50.0 95.56 150.0 5920.0 2100.0 3820.0 0.0 95.5465
14:05:00 84.0 4555.0 95.99 95.49 95.55 95.48 95.48 507.0 95.51 900.0 4555.0 1489.0 3066.0 0.0 95.5153
14:06:00 187.0 9832.0 95.99 95.44 95.5 95.42 95.43 750.0 95.45 251.0 9832.0 2671.0 7161.0 0.0 95.441
14:07:00 99.0 4666.0 95.99 95.55 95.56 95.45 95.54 76.0 95.55 150.0 4666.0 2820.0 1846.0 0.0 95.509
14:08:00 114.0 6031.0 95.99 95.64 95.64 95.55 95.64 200.0 95.65 450.0 6031.0 4227.0 1804.0 0.0 95.6114
14:09:00 83.0 3157.0 95.99 95.6 95.64 95.59 95.6 161.0 95.62 1695.0 3157.0 606.0 2551.0 0.0 95.6147
14:10:00 77.0 3907.0 95.99 95.65 95.66 95.6 95.64 652.0 95.67 1325.0 3907.0 1801.0 2106.0 0.0 95.6357
14:11:00 60.0 2373.0 95.99 95.65 95.67 95.62 95.64 200.0 95.65 350.0 2373.0 554.0 1819.0 0.0 95.6435
14:12:00 81.0 4636.0 95.99 95.56 95.65 95.56 95.57 50.0 95.59 950.0 4636.0 1622.0 3014.0 0.0 95.6159
14:13:00 99.0 5106.0 95.99 95.54 95.58 95.53 95.54 229.0 95.56 650.0 5106.0 2709.0 2397.0 0.0 95.5582
14:14:00 72.0 2923.0 95.99 95.6 95.64 95.56 95.59 393.0 95.61 101.0 2923.0 1623.0 1300.0 0.0 95.6053
14:15:00 109.0 5032.0 95.99 95.59 95.64 95.54 95.58 65.0 95.6 134.0 5032.0 1784.0 3248.0 0.0 95.586
14:16:00 125.0 5871.0 95.99 95.53 95.6 95.49 95.5 356.0 95.53 50.0 5871.0 1229.0 4642.0 0.0 95.538
14:17:00 125.0 4198.0 95.99 95.52 95.55 95.49 95.5 257.0 95.52 50.0 4198.0 1978.0 2220.0 0.0 95.5207
14:18:00 132.0 7184.0 95.99 95.58 95.6 95.5 95.57 203.0 95.58 400.0 7184.0 4203.0 2981.0 0.0 95.5587
14:19:00 157.0 6760.0 95.99 95.51 95.58 95.49 95.49 205.0 95.51 3500.0 6760.0 3042.0 3718.0 0.0 95.5394
14:20:00 115.0 4779.0 95.99 95.5 95.51 95.47 95.49 150.0 95.51 2166.0 4779.0 1371.0 3408.0 0.0 95.4923
14:21:00 110.0 6245.0 95.99 95.51 95.56 95.5 95.51 150.0 95.53 250.0 6245.0 3077.0 3168.0 0.0 95.5263
14:22:00 83.0 5650.0 95.99 95.46 95.51 95.41 95.47 55.0 95.48 2.0 5650.0 3384.0 2266.0 0.0 95.4497
14:23:00 134.0 6750.0 95.99 95.46 95.49 95.4 95.45 300.0 95.47 50.0 6750.0 2572.0 4178.0 0.0 95.4344
14:24:00 65.0 3780.0 95.99 95.53 95.53 95.45 95.52 510.0 95.54 410.0 3780.0 1550.0 2230.0 0.0 95.4887
14:25:00 112.0 7093.0 95.99 95.58 95.6 95.53 95.58 166.0 95.6 1704.0 7093.0 3518.0 3575.0 0.0 95.5549
14:26:00 84.0 4176.0 95.99 95.6 95.62 95.55 95.59 502.0 95.6 14.0 4176.0 1823.0 2353.0 0.0 95.5913
14:27:00 169.0 8955.0 95.99 95.74 95.74 95.59 95.72 397.0 95.73 3.0 8955.0 5832.0 3123.0 0.0 95.6608
14:28:00 85.0 3804.0 95.99 95.72 95.74 95.7 95.71 407.0 95.72 400.0 3804.0 1218.0 2586.0 0.0 95.7194
14:29:00 183.0 10194.0 95.99 95.72 95.73 95.68 95.71 580.0 95.72 127.0 10194.0 5325.0 4869.0 0.0 95.7046
14:30:00 150.0 4978.0 95.99 95.71 95.75 95.68 95.69 20.0 95.71 1751.0 4978.0 2155.0 2823.0 0.0 95.7077
14:31:00 205.0 6485.0 95.99 95.7 95.79 95.68 95.7 50.0 95.72 1600.0 6485.0 3023.0 3462.0 0.0 95.7392
14:32:00 74.0 4199.0 95.99 95.68 95.74 95.68 95.68 329.0 95.69 1.0 4199.0 863.0 3336.0 0.0 95.7087
14:33:00 86.0 4761.0 95.99 95.67 95.71 95.64 95.66 250.0 95.68 650.0 4761.0 1958.0 2803.0 0.0 95.6694
14:34:00 112.0 6557.0 95.99 95.65 95.68 95.61 95.64 350.0 95.66 572.0 6557.0 2206.0 4351.0 0.0 95.645
14:35:00 80.0 4439.0 95.99 95.65 95.69 95.64 95.65 504.0 95.66 100.0 4439.0 2539.0 1900.0 0.0 95.6648
14:36:00 86.0 4781.0 95.99 95.61 95.69 95.59 95.61 250.0 95.62 452.0 4781.0 1401.0 3380.0 0.0 95.6392
14:37:00 135.0 6191.0 95.99 95.78 95.78 95.6 95.76 1853.0 95.79 750.0 6191.0 3533.0 2658.0 0.0 95.6828
14:38:00 140.0 5515.0 95.99 95.78 95.82 95.73 95.78 232.0 95.79 200.0 5515.0 2594.0 2921.0 0.0 95.7633
14:39:00 112.0 5648.0 95.99 95.84 95.87 95.79 95.82 300.0 95.84 1270.0 5648.0 2766.0 2882.0 0.0 95.8256
14:40:00 196.0 7996.0 95.99 95.75 95.84 95.74 95.74 700.0 95.76 9.0 7996.0 3013.0 4983.0 0.0 95.769
14:41:00 120.0 4277.0 95.99 95.79 95.82 95.76 95.79 2550.0 95.81 100.0 4277.0 1945.0 2332.0 0.0 95.7912
14:42:00 169.0 8204.0 95.99 95.79 95.9 95.79 95.78 200.0 95.79 100.0 8204.0 3118.0 5086.0 0.0 95.8396
14:43:00 82.0 4215.0 95.99 95.82 95.82 95.77 95.8 300.0 95.82 50.0 4215.0 1513.0 2702.0 0.0 95.79
14:44:00 97.0 4791.0 95.99 95.79 95.86 95.79 95.79 150.0 95.82 2965.0 4791.0 1789.0 3002.0 0.0 95.823
14:45:00 94.0 4115.0 95.99 95.75 95.8 95.73 95.73 150.0 95.76 2950.0 4115.0 626.0 3489.0 0.0 95.7609
14:46:00 91.0 3729.0 95.99 95.79 95.8 95.75 95.78 409.0 95.79 50.0 3729.0 2219.0 1510.0 0.0 95.7796
14:47:00 116.0 6060.0 95.99 95.82 95.84 95.76 95.81 383.0 95.83 2701.0 6060.0 1822.0 4238.0 0.0 95.7948
14:48:00 90.0 5609.0 95.99 95.83 95.87 95.8 95.84 50.0 95.87 2551.0 5609.0 2554.0 3055.0 0.0 95.8278
14:49:00 81.0 4514.0 95.99 95.84 95.92 95.84 95.83 5.0 95.85 800.0 4514.0 1670.0 2844.0 0.0 95.8737
14:50:00 144.0 8077.0 95.99 95.62 95.84 95.61 95.61 50.0 95.64 750.0 8077.0 2275.0 5802.0 0.0 95.7249
14:51:00 91.0 4544.0 95.99 95.64 95.67 95.62 95.63 450.0 95.65 350.0 4544.0 2311.0 2233.0 0.0 95.6412
14:52:00 131.0 6943.0 95.99 95.6 95.63 95.57 95.59 266.0 95.61 350.0 6943.0 1912.0 5031.0 0.0 95.5934
14:53:00 121.0 4863.0 95.99 95.7 95.71 95.61 95.69 1102.0 95.7 200.0 4863.0 3159.0 1704.0 0.0 95.6547
14:54:00 163.0 10895.0 95.99 95.52 95.69 95.51 95.51 1726.0 95.53 3.0 10895.0 1934.0 8961.0 0.0 95.5735
14:55:00 124.0 6739.0 95.99 95.52 95.55 95.49 95.51 600.0 95.52 100.0 6739.0 2198.0 4541.0 0.0 95.5169
14:56:00 51.0 3140.0 95.99 95.55 95.56 95.51 95.55 680.0 95.56 757.0 3140.0 784.0 2356.0 0.0 95.5351
14:57:00 134.0 9901.0 95.99 95.59 95.59 95.52 95.58 383.0 95.59 401.0 9901.0 4196.0 5705.0 0.0 95.5474
14:58:00 137.0 7907.0 95.99 95.535 95.58 95.5 95.52 769.0 95.54 346.0 7907.0 2608.0 5299.0 0.0 95.5348
14:59:00 127.0 7673.0 95.99 95.5 95.56 95.49 95.49 154.0 95.51 800.0 7673.0 2393.0 5280.0 0.0 95.5191
15:00:00 103.0 5962.0 95.99 95.54 95.54 95.46 95.53 800.0 95.55 538.0 5962.0 2672.0 3290.0 0.0 95.5031
15:01:00 99.0 5605.0 95.99 95.52 95.565 95.52 95.52 750.0 95.53 327.0 5605.0 1771.0 3834.0 0.0 95.5383
15:02:00 179.0 10898.0 95.99 95.37 95.55 95.37 95.37 479.0 95.4 1110.0 10898.0 3224.0 7674.0 0.0 95.4477
15:03:00 158.0 10991.0 95.99 95.39 95.4 95.33 95.38 148.0 95.39 300.0 10991.0 3983.0 7008.0 0.0 95.3724
15:04:00 152.0 8722.0 95.99 95.42 95.46 95.37 95.42 397.0 95.43 502.0 8722.0 4438.0 4284.0 0.0 95.4167
15:05:00 152.0 9265.0 95.99 95.5 95.54 95.41 95.5 1.0 95.51 5.0 9265.0 4494.0 4771.0 0.0 95.4653
15:06:00 75.0 3480.0 95.99 95.55 95.57 95.48 95.54 1363.0 95.56 102.0 3480.0 1003.0 2477.0 0.0 95.5187
15:07:00 97.0 4789.0 95.99 95.6 95.62 95.53 95.6 509.0 95.61 463.0 4789.0 2318.0 2471.0 0.0 95.5741
15:08:00 101.0 4368.0 95.99 95.5 95.6 95.49 95.49 114.0 95.5 300.0 4368.0 431.0 3937.0 0.0 95.5541
15:09:00 57.0 3409.0 95.99 95.52 95.53 95.47 95.52 425.0 95.53 100.0 3409.0 1416.0 1993.0 0.0 95.5037
15:10:00 90.0 5604.0 95.99 95.56 95.6 95.52 95.56 1131.0 95.59 2348.0 5604.0 1409.0 4195.0 0.0 95.5426
15:11:00 79.0 4388.0 95.99 95.59 95.61 95.57 95.59 100.0 95.61 1450.0 4388.0 2175.0 2213.0 0.0 95.5934
15:12:00 83.0 3527.0 95.99 95.63 95.67 95.61 95.61 1821.0 95.63 100.0 3527.0 1620.0 1907.0 0.0 95.6396
15:13:00 118.0 6153.0 95.99 95.63 95.67 95.62 95.64 100.0 95.66 2448.0 6153.0 3529.0 2624.0 0.0 95.6426
15:14:00 71.0 4608.0 95.99 95.64 95.68 95.64 95.64 280.0 95.65 133.0 4608.0 1909.0 2699.0 0.0 95.6595
15:15:00 169.0 6665.0 95.99 95.6 95.64 95.6 95.6 515.0 95.62 2734.0 6665.0 1705.0 4960.0 0.0 95.6256
15:16:00 92.0 4576.0 95.99 95.67 95.69 95.59 95.66 305.0 95.67 2.0 4576.0 2255.0 2321.0 0.0 95.6475
15:17:00 98.0 4867.0 95.99 95.71 95.72 95.65 95.71 205.0 95.72 1400.0 4867.0 2555.0 2312.0 0.0 95.6812
15:18:00 99.0 6799.0 95.99 95.62 95.74 95.62 95.62 400.0 95.64 200.0 6799.0 1994.0 4805.0 0.0 95.6766
15:19:00 133.0 7645.0 95.99 95.54 95.64 95.52 95.53 331.0 95.55 309.0 7645.0 2336.0 5309.0 0.0 95.5672
15:20:00 102.0 4986.0 95.99 95.5 95.57 95.45 95.49 100.0 95.51 870.0 4986.0 1592.0 3394.0 0.0 95.4924
15:21:00 109.0 6566.0 95.99 95.49 95.56 95.48 95.49 300.0 95.51 500.0 6566.0 1737.0 4829.0 0.0 95.5156
15:22:00 88.0 4383.0 95.99 95.46 95.52 95.45 95.45 1275.0 95.47 300.0 4383.0 1196.0 3187.0 0.0 95.4791
15:23:00 139.0 8191.0 95.99 95.49 95.5 95.44 95.48 3050.0 95.5 100.0 8191.0 3194.0 4997.0 0.0 95.4563
15:24:00 65.0 3264.0 95.99 95.43 95.52 95.43 95.43 361.0 95.45 650.0 3264.0 456.0 2808.0 0.0 95.479
15:25:00 97.0 5474.0 95.99 95.52 95.53 95.43 95.52 100.0 95.53 100.0 5474.0 3309.0 2165.0 0.0 95.4844
15:26:00 107.0 7128.0 95.99 95.56 95.57 95.5 95.55 572.0 95.57 600.0 7128.0 2912.0 4216.0 0.0 95.524
15:27:00 107.0 5525.0 95.99 95.49 95.58 95.47 95.48 100.0 95.5 555.0 5525.0 1975.0 3550.0 0.0 95.5271
15:28:00 71.0 3769.0 95.99 95.54 95.54 95.46 95.53 200.0 95.54 300.0 3769.0 1572.0 2197.0 0.0 95.5097
15:29:00 102.0 6582.0 95.99 95.54 95.57 95.51 95.54 502.0 95.55 368.0 6582.0 2802.0 3780.0 0.0 95.5383
15:30:00 128.0 5812.0 95.99 95.47 95.58 95.46 95.46 2787.0 95.49 2006.0 5812.0 1941.0 3871.0 0.0 95.5145
15:31:00 204.0 11157.0 95.99 95.38 95.46 95.36 95.37 106.0 95.38 606.0 11157.0 2701.0 8456.0 0.0 95.401
15:32:00 151.0 10803.0 95.99 95.33 95.4 95.33 95.32 101.0 95.33 1776.0 10803.0 1834.0 8969.0 0.0 95.3609
15:33:00 174.0 8399.0 95.99 95.29 95.35 95.28 95.28 1012.0 95.3 249.0 8399.0 1753.0 6646.0 0.0 95.3058
15:34:00 158.0 11090.0 95.99 95.3 95.32 95.27 95.3 251.0 95.31 306.0 11090.0 4217.0 6873.0 0.0 95.2912
15:35:00 209.0 10146.0 95.99 95.26 95.31 95.26 95.27 700.0 95.28 6.0 10146.0 4249.0 5897.0 0.0 95.2823
15:36:00 96.0 4672.0 95.99 95.29 95.31 95.27 95.29 600.0 95.3 5.0 4672.0 1054.0 3618.0 0.0 95.2921
15:37:00 175.0 8669.0 95.99 95.28 95.33 95.27 95.26 412.0 95.28 205.0 8669.0 3240.0 5429.0 0.0 95.3015
15:38:00 152.0 7299.0 95.99 95.36 95.405 95.28 95.35 287.0 95.36 166.0 7299.0 4217.0 3082.0 0.0 95.3465
15:39:00 206.0 10685.0 95.99 95.35 95.42 95.34 95.35 100.0 95.37 800.0 10685.0 4280.0 6405.0 0.0 95.3851
15:40:00 99.0 5433.0 95.99 95.35 95.37 95.32 95.34 400.0 95.36 200.0 5433.0 1805.0 3628.0 0.0 95.3365
15:41:00 196.0 12576.0 95.99 95.41 95.449 95.32 95.4 205.0 95.41 700.0 12576.0 7193.0 5383.0 0.0 95.4046
15:42:00 202.0 12729.0 95.99 95.29 95.43 95.28 95.27 1714.0 95.3 1808.0 12729.0 3629.0 9100.0 0.0 95.3612
15:43:00 292.0 17246.0 95.99 95.16 95.29 95.16 95.15 2088.0 95.16 223.0 17246.0 1736.0 15510.0 0.0 95.2191
15:44:00 203.0 13260.0 95.99 95.21 95.23 95.14 95.22 170.0 95.24 1509.0 13260.0 7314.0 5946.0 0.0 95.1712
15:45:00 156.0 11276.0 95.99 95.21 95.26 95.18 95.21 487.0 95.22 400.0 11276.0 4687.0 6589.0 0.0 95.2156
15:46:00 240.0 13994.0 95.99 95.16 95.23 95.15 95.15 800.0 95.17 312.0 13994.0 5462.0 8532.0 0.0 95.1814
15:47:00 237.0 11511.0 95.99 95.1 95.17 95.09 95.08 2036.0 95.1 649.0 11511.0 3576.0 7935.0 0.0 95.1149
15:48:00 178.0 9179.0 95.99 95.08 95.1 95.05 95.07 79.0 95.08 800.0 9179.0 4343.0 4836.0 0.0 95.0735
15:49:00 237.0 13142.0 95.99 95.03 95.07 95.03 95.03 200.0 95.04 1570.0 13142.0 6798.0 6344.0 0.0 95.0434
15:50:00 1304.0 44384.0 95.99 95.07 95.1 94.98 95.06 602.0 95.09 106.0 44384.0 13199.0 31185.0 0.0 95.0142
15:51:00 466.0 27464.0 95.99 95.12 95.13 94.98 95.11 400.0 95.12 534.0 27464.0 11653.0 15811.0 0.0 95.0468
15:52:00 549.0 31470.0 95.99 95.21 95.23 95.09 95.2 660.0 95.22 250.0 31470.0 15766.0 15704.0 0.0 95.1479
15:53:00 387.0 23542.0 95.99 95.25 95.33 95.19 95.24 300.0 95.25 522.0 23542.0 9374.0 14168.0 0.0 95.2484
15:54:00 316.0 19639.0 95.99 95.24 95.3 95.22 95.23 419.0 95.24 803.0 19639.0 10602.0 9037.0 0.0 95.2563
15:55:00 552.0 31717.0 95.99 95.32 95.34 95.21 95.31 341.0 95.32 60.0 31717.0 20716.0 11001.0 0.0 95.2772
15:56:00 887.0 54363.0 95.99 95.51 95.54 95.19 95.5 815.0 95.51 400.0 54363.0 26731.0 27632.0 0.0 95.3964
15:57:00 521.0 31263.0 95.99 95.43 95.52 95.42 95.42 682.0 95.43 1039.0 31263.0 15470.0 15793.0 0.0 95.4675
15:58:00 739.0 38762.0 95.99 95.36 95.42 95.34 95.35 1546.0 95.36 654.0 38762.0 19098.0 19664.0 0.0 95.3717
15:59:00 764.0 44125.0 95.99 95.38 95.41 95.34 95.38 1510.0 95.39 1586.0 44125.0 25455.0 18670.0 0.0 95.3753
16:00:00 1465.0 97953.0 95.99 95.33 95.39 95.24 95.32 15065.0 95.33 197.0 97953.0 54026.0 43927.0 0.0 95.3259
16:01:00 4.0 0.0 95.99 95.49 95.49 95.31 95.24 33.0 95.31 197.0 nan 0.0 0.0 0.0 nan
16:02:00 5.0 31.0 95.99 95.3 95.31 95.3 95.24 33.0 95.3 169.0 31.0 31.0 0.0 0.0 95.3032
16:03:00 6.0 31.0 95.99 95.3 95.3 95.3 95.25 300.0 95.31 187.0 31.0 31.0 0.0 0.0 95.3
16:04:00 1.0 1.0 95.99 95.31 95.31 95.31 95.25 300.0 95.31 186.0 1.0 1.0 0.0 0.0 95.31
16:05:00 7.0 80.0 95.99 95.25 95.31 95.25 95.25 297.0 95.31 161.0 80.0 25.0 55.0 0.0 95.3
16:06:00 2.0 26.0 95.99 95.31 95.31 95.31 95.26 1.0 95.31 136.0 26.0 26.0 0.0 0.0 95.31
16:07:00 1.0 5.0 95.99 95.31 95.31 95.31 95.26 1.0 95.31 146.0 5.0 5.0 0.0 0.0 95.31
16:08:00 0.0 0.0 95.99 95.31 nan nan 95.27 1.0 95.31 146.0 nan 0.0 0.0 0.0 nan
16:09:00 3.0 71.0 95.99 95.31 95.31 95.3 95.28 20.0 95.31 76.0 71.0 70.0 1.0 0.0 95.3099
16:10:00 4.0 76.0 95.99 95.54 95.54 95.31 95.28 20.0 95.39 33.0 76.0 76.0 0.0 0.0 95.31
16:11:00 1.0 0.0 95.99 95.54 95.54 95.54 95.4 10.0 95.39 33.0 nan 0.0 0.0 0.0 nan
16:12:00 2.0 10.0 95.99 95.4 95.52 95.4 95.28 20.0 95.39 33.0 10.0 0.0 10.0 0.0 95.4
16:13:00 3.0 4.0 95.99 95.52 95.52 95.5 95.28 20.0 95.39 33.0 4.0 1.0 3.0 0.0 95.515
16:14:00 2.0 10.0 95.99 95.48 95.48 95.4 95.31 1.0 95.39 33.0 10.0 0.0 10.0 0.0 95.4
16:15:00 2.0 2.0 95.99 95.48 95.48 95.48 95.31 11.0 95.39 33.0 2.0 2.0 0.0 0.0 95.48
16:16:00 4.0 75.0 95.99 95.4 95.52 95.4 95.31 14.0 95.39 33.0 75.0 15.0 60.0 0.0 95.424
16:17:00 2.0 5.0 95.99 95.49 95.49 95.49 95.31 14.0 95.39 33.0 5.0 0.0 5.0 0.0 95.49
16:18:00 1.0 1.0 95.99 95.52 95.52 95.52 95.31 14.0 95.39 33.0 1.0 1.0 0.0 0.0 95.52
16:19:00 1.0 10.0 95.99 95.35 95.35 95.35 95.31 14.0 95.39 33.0 10.0 0.0 10.0 0.0 95.35
16:20:00 14.0 278.0 95.99 95.28 95.5 95.28 95.27 1.0 95.39 33.0 278.0 119.0 159.0 0.0 95.3014
16:21:00 2.0 20.0 95.99 95.38 95.49 95.38 95.27 1.0 95.3 72.0 20.0 0.0 20.0 0.0 95.38
16:22:00 6.0 73.0 95.99 95.48 95.48 95.25 95.25 308.0 95.39 33.0 73.0 0.0 73.0 0.0 95.2537
16:23:00 1.0 1.0 95.99 95.31 95.31 95.31 95.27 20.0 95.39 33.0 1.0 0.0 1.0 0.0 95.31
16:24:00 1.0 5.0 95.99 95.38 95.38 95.38 95.27 20.0 95.39 33.0 5.0 0.0 5.0 0.0 95.38
16:25:00 1.0 0.0 95.99 95.31 95.31 95.31 95.27 20.0 95.38 79.0 nan 0.0 0.0 0.0 nan
16:26:00 2.0 17.0 95.99 95.45 95.45 95.38 95.27 20.0 95.38 65.0 17.0 17.0 0.0 0.0 95.3924
16:27:00 2.0 51.0 95.99 95.35 95.35 95.31 95.27 20.0 95.38 68.0 51.0 0.0 51.0 0.0 95.3492
16:28:00 2.0 12.0 95.99 95.38 95.38 95.38 95.27 20.0 95.38 56.0 12.0 12.0 0.0 0.0 95.38
16:29:00 3.0 53.0 95.99 95.31 95.5 95.31 95.28 300.0 95.38 3.0 53.0 53.0 0.0 0.0 95.38
16:30:00 2.0 13.0 95.99 95.38 95.38 95.31 95.28 300.0 95.39 33.0 13.0 3.0 10.0 0.0 95.3262
16:31:00 1.0 1.0 95.99 95.5 95.5 95.5 95.28 300.0 95.39 33.0 1.0 1.0 0.0 0.0 95.5
16:32:00 1.0 1.0 95.99 95.5 95.5 95.5 95.27 20.0 95.39 33.0 1.0 1.0 0.0 0.0 95.5
16:33:00 0.0 0.0 95.99 95.5 nan nan 95.27 20.0 95.39 33.0 nan 0.0 0.0 0.0 nan
16:34:00 0.0 0.0 95.99 95.5 nan nan 95.27 20.0 95.39 33.0 nan 0.0 0.0 0.0 nan
16:35:00 0.0 0.0 95.99 95.5 nan nan 95.27 20.0 95.39 33.0 nan 0.0 0.0 0.0 nan
16:36:00 2.0 22.0 95.99 95.41 95.41 95.37 95.28 1.0 95.38 20.0 22.0 0.0 22.0 0.0 95.3736
16:37:00 2.0 20.0 95.99 95.3 95.47 95.3 95.28 1.0 95.38 20.0 20.0 20.0 0.0 0.0 95.3
16:38:00 2.0 7.0 95.99 95.38 95.45 95.38 95.28 1.0 95.38 20.0 7.0 7.0 0.0 0.0 95.43
16:39:00 2.0 2.0 95.99 95.27 95.28 95.27 95.3 1.0 95.38 18.0 2.0 0.0 2.0 0.0 95.275
16:40:00 1.0 1.0 95.99 95.38 95.38 95.38 95.3 1.0 95.38 17.0 1.0 1.0 0.0 0.0 95.38
16:41:00 20.0 527.0 95.99 95.31 95.31 95.25 95.25 5.0 95.38 24.0 527.0 0.0 527.0 0.0 95.2609
16:42:00 1.0 2.0 95.99 95.38 95.38 95.38 95.26 10.0 95.38 22.0 2.0 2.0 0.0 0.0 95.38
16:43:00 4.0 21.0 95.99 95.21 95.3 95.21 95.25 6.0 95.38 22.0 21.0 0.0 21.0 0.0 95.2386
16:44:00 1.0 5.0 95.99 95.38 95.38 95.38 95.26 10.0 95.38 17.0 5.0 5.0 0.0 0.0 95.38
16:45:00 1.0 0.0 95.99 95.49 95.49 95.49 95.3 2.0 95.38 17.0 nan 0.0 0.0 0.0 nan
16:46:00 3.0 3.0 95.99 95.3 95.31 95.3 95.26 10.0 95.38 17.0 3.0 0.0 3.0 0.0 95.3033
16:47:00 0.0 0.0 95.99 95.3 nan nan 95.26 10.0 95.38 17.0 nan 0.0 0.0 0.0 nan
16:48:00 1.0 1.0 95.99 95.3 95.3 95.3 95.26 10.0 95.38 17.0 1.0 0.0 1.0 0.0 95.3
16:49:00 0.0 0.0 95.99 95.3 nan nan 95.26 10.0 95.31 20.0 nan 0.0 0.0 0.0 nan
16:50:00 3.0 11.0 95.99 95.31 95.31 95.3 95.26 10.0 95.31 13.0 11.0 11.0 0.0 0.0 95.3064
16:51:00 1.0 0.0 95.99 95.49 95.49 95.49 95.26 10.0 95.29 13.0 nan 0.0 0.0 0.0 nan
16:52:00 2.0 3.0 95.99 95.29 95.29 95.29 95.27 1.0 95.29 10.0 3.0 3.0 0.0 0.0 95.29
16:53:00 2.0 2.0 95.99 95.3 95.3 95.27 95.26 10.0 95.29 10.0 2.0 0.0 2.0 0.0 95.285
16:54:00 15.0 46.0 95.99 95.25 95.3 95.2 95.25 1.0 95.3 9.0 46.0 18.0 28.0 0.0 95.2474
16:55:00 13.0 286.0 95.99 95.12 95.49 95.12 95.24 33.0 95.12 554.0 286.0 281.0 5.0 0.0 95.1249
16:56:00 5.0 559.0 95.99 95.31 95.31 95.12 95.24 33.0 95.38 17.0 559.0 554.0 5.0 0.0 95.1217
16:57:00 0.0 0.0 95.99 95.31 nan nan 95.24 33.0 95.38 17.0 nan 0.0 0.0 0.0 nan
16:58:00 0.0 0.0 95.99 95.31 nan nan 95.25 105.0 95.38 17.0 nan 0.0 0.0 0.0 nan
16:59:00 2.0 12.0 95.99 95.38 95.38 95.31 95.26 5.0 95.38 12.0 12.0 5.0 7.0 0.0 95.3392
17:00:00 0.0 0.0 95.99 95.38 nan nan 95.31 4500.0 95.38 12.0 nan 0.0 0.0 0.0 nan
