time trade_count trade_volume trade_first trade_last trade_high trade_low bid_price bid_size ask_price ask_size hid_vol buy_vol sell_vol unsided_vol vwap
09:00:00 nan 5.0 95.1 95.1 95.18 95.05 95.05 1.0 95.13 1.0 5.0 1.0 4.0 0.0 95.132
09:01:00 6.0 2.0 95.1 95.1 95.16 95.1 95.05 1.0 95.13 1.0 2.0 0.0 2.0 0.0 95.16
09:02:00 3.0 2.0 95.1 95.18 95.18 95.1 95.05 1.0 95.13 1.0 2.0 2.0 0.0 0.0 95.18
09:03:00 14.0 26.0 95.1 95.01 95.17 95.01 95.01 100.0 95.13 1.0 26.0 0.0 26.0 0.0 95.0115
09:04:00 63.0 815.0 95.1 94.88 95.01 94.88 94.95 6.0 95.13 1.0 815.0 0.0 815.0 0.0 94.9871
09:05:00 7.0 9.0 95.1 95.08 95.08 94.89 94.94 3.0 95.13 1.0 9.0 0.0 9.0 0.0 94.9767
09:06:00 2.0 11.0 95.1 95.03 95.03 95.03 95.0 3.0 95.13 1.0 11.0 0.0 11.0 0.0 95.03
09:07:00 14.0 31.0 95.1 94.9 95.03 94.9 94.92 1.0 95.13 1.0 31.0 6.0 25.0 0.0 94.9497
09:08:00 4.0 12.0 95.1 95.08 95.08 95.08 95.01 4.0 95.13 1.0 12.0 0.0 12.0 0.0 95.08
09:09:00 3.0 0.0 95.1 95.09 95.09 95.09 95.01 4.0 95.13 1.0 nan 0.0 0.0 0.0 nan
09:10:00 4.0 28.0 95.1 95.1 95.1 94.96 95.0 42.0 95.13 1.0 28.0 0.0 28.0 0.0 95.0014
09:11:00 6.0 20.0 95.1 95.08 95.1 95.0 95.0 27.0 95.13 1.0 20.0 0.0 20.0 0.0 95.0
09:12:00 3.0 6.0 95.1 95.1 95.1 95.07 95.0 26.0 95.13 1.0 6.0 0.0 6.0 0.0 95.07
09:13:00 2.0 0.0 95.1 95.0 95.03 95.0 95.0 701.0 95.13 1.0 nan 0.0 0.0 0.0 nan
09:14:00 3.0 0.0 95.1 95.1 95.1 95.1 95.0 710.0 95.13 1.0 nan 0.0 0.0 0.0 nan
09:15:00 6.0 6.0 95.1 95.01 95.14 95.0 95.01 139.0 95.09 5.0 6.0 0.0 6.0 0.0 95.0
09:16:00 7.0 145.0 95.1 95.1 95.13 95.0 95.0 710.0 95.13 2.0 145.0 5.0 140.0 0.0 95.0127
09:17:00 10.0 11.0 95.1 95.15 95.15 95.09 95.0 703.0 95.13 1.0 11.0 2.0 9.0 0.0 95.09
09:18:00 1.0 0.0 95.1 95.1 95.1 95.1 95.0 724.0 95.13 1.0 nan 0.0 0.0 0.0 nan
09:19:00 3.0 1.0 95.1 95.09 95.1 95.09 95.09 7.0 95.13 1.0 1.0 1.0 0.0 0.0 95.09
09:20:00 11.0 12.0 95.1 95.13 95.13 95.03 95.0 736.0 95.13 11.0 12.0 0.0 12.0 0.0 95.0917
09:21:00 6.0 10.0 95.1 95.1 95.13 95.1 95.1 5.0 95.13 1.0 10.0 10.0 0.0 0.0 95.13
09:22:00 10.0 5.0 95.1 95.1 95.13 95.1 95.11 40.0 95.13 1.0 5.0 0.0 5.0 0.0 95.102
09:23:00 7.0 5.0 95.1 95.16 95.16 95.06 95.13 3.0 95.18 207.0 5.0 3.0 2.0 0.0 95.11
09:24:00 9.0 32.0 95.1 95.12 95.17 95.1 95.11 105.0 95.18 304.0 32.0 28.0 4.0 0.0 95.1216
09:25:00 1.0 0.0 95.1 95.17 95.17 95.17 95.11 1.0 95.18 328.0 nan 0.0 0.0 0.0 nan
09:26:00 6.0 80.0 95.1 95.1 95.11 95.1 95.1 5.0 95.18 231.0 80.0 3.0 77.0 0.0 95.1001
09:27:00 86.0 292.0 95.1 95.18 95.18 95.0 95.0 525.0 95.18 30.0 292.0 152.0 140.0 0.0 95.0696
09:28:00 1.0 0.0 95.1 95.15 95.15 95.15 95.0 591.0 95.18 30.0 nan 0.0 0.0 0.0 nan
09:29:00 5.0 212.0 95.1 95.13 95.18 95.09 95.0 531.0 95.13 100.0 212.0 1.0 211.0 0.0 95.0904
09:30:00 12.0 1130.0 95.1 95.17 95.17 95.08 95.15 2853.0 95.18 29.0 1130.0 214.0 916.0 0.0 95.1404
09:31:00 495.0 24724.0 95.1 95.28 95.34 95.03 95.29 145.0 95.34 550.0 24724.0 9876.0 14848.0 0.0 95.1867
09:32:00 411.0 20350.0 95.1 95.15 95.34 95.03 95.06 80.0 95.14 1.0 20350.0 9270.0 11080.0 0.0 95.1699
09:33:00 677.0 23357.0 95.1 94.86 95.12 94.81 94.82 50.0 94.88 200.0 23357.0 6835.0 16522.0 0.0 94.9748
09:34:00 351.0 14320.0 95.1 94.65 94.95 94.59 94.62 50.0 94.68 1851.0 14320.0 5564.0 8756.0 0.0 94.7305
09:35:00 210.0 10319.0 95.1 94.75 94.8 94.62 94.71 560.0 94.77 50.0 10319.0 5278.0 5041.0 0.0 94.7066
09:36:00 584.0 26945.0 95.1 94.53 94.78 94.45 94.5 863.0 94.55 300.0 26945.0 8595.0 18350.0 0.0 94.5481
09:37:00 339.0 18948.0 95.1 94.56 94.64 94.46 94.53 160.0 94.56 539.0 18948.0 11749.0 7199.0 0.0 94.553
09:38:00 353.0 19351.0 95.1 94.43 94.59 94.33 94.41 850.0 94.44 3.0 19351.0 8785.0 10566.0 0.0 94.4512
09:39:00 444.0 18525.0 95.1 94.4 94.49 94.17 94.36 400.0 94.4 111.0 18525.0 6206.0 12319.0 0.0 94.3183
09:40:00 184.0 8488.0 95.1 94.3 94.46 94.27 94.3 100.0 94.32 300.0 8488.0 4859.0 3629.0 0.0 94.3217
09:41:00 213.0 7787.0 95.1 94.17 94.34 94.14 94.15 111.0 94.19 955.0 7787.0 4313.0 3474.0 0.0 94.2597
09:42:00 1175.0 36325.0 95.1 94.11 94.16 93.96 94.07 150.0 94.12 50.0 36325.0 8912.0 27413.0 0.0 94.0243
09:43:00 232.0 11760.0 95.1 93.88 94.07 93.82 93.85 252.0 93.89 271.0 11760.0 2312.0 9448.0 0.0 93.9037
09:44:00 355.0 20503.0 95.1 94.04 94.04 93.88 94.02 300.0 94.06 50.0 20503.0 10863.0 9640.0 0.0 93.9409
09:45:00 138.0 7626.0 95.1 93.99 94.05 93.93 93.98 950.0 94.02 100.0 7626.0 2005.0 5621.0 0.0 93.9914
09:46:00 303.0 22584.0 95.1 94.06 94.18 93.98 94.01 109.0 94.05 500.0 22584.0 11094.0 11490.0 0.0 94.099
09:47:00 298.0 12627.0 95.1 93.87 94.06 93.78 93.85 10.0 93.88 403.0 12627.0 2203.0 10424.0 0.0 93.9012
09:48:00 146.0 5464.0 95.1 93.9 93.95 93.79 93.85 611.0 93.91 403.0 5464.0 2735.0 2729.0 0.0 93.8695
09:49:00 150.0 9626.0 95.1 94.07 94.07 93.82 94.04 206.0 94.08 1602.0 9626.0 5891.0 3735.0 0.0 93.9552
09:50:00 175.0 12424.0 95.1 94.08 94.26 94.06 94.06 250.0 94.1 10.0 12424.0 6537.0 5887.0 0.0 94.1591
09:51:00 189.0 10632.0 95.1 94.23 94.23 94.0 94.2 50.0 94.24 1400.0 10632.0 7412.0 3220.0 0.0 94.1285
09:52:00 258.0 14955.0 95.1 94.42 94.47 94.24 94.41 50.0 94.44 2.0 14955.0 8071.0 6884.0 0.0 94.3855
09:53:00 162.0 7976.0 95.1 94.43 94.53 94.35 94.42 650.0 94.44 200.0 7976.0 4475.0 3501.0 0.0 94.4368
09:54:00 166.0 9722.0 95.1 94.34 94.58 94.33 94.32 1.0 94.36 500.0 9722.0 2849.0 6873.0 0.0 94.4411
09:55:00 300.0 14804.0 95.1 94.3 94.37 94.16 94.28 707.0 94.31 300.0 14804.0 6985.0 7819.0 0.0 94.2727
09:56:00 176.0 7354.0 95.1 94.2 94.35 94.16 94.18 100.0 94.21 619.0 7354.0 3303.0 4051.0 0.0 94.2582
09:57:00 229.0 11645.0 95.1 94.24 94.32 94.14 94.23 150.0 94.26 251.0 11645.0 9260.0 2385.0 0.0 94.2446
09:58:00 134.0 5963.0 95.1 94.28 94.35 94.25 94.27 150.0 94.31 402.0 5963.0 3281.0 2682.0 0.0 94.2936
09:59:00 121.0 5523.0 95.1 94.12 94.28 94.12 94.11 202.0 94.15 1450.0 5523.0 2978.0 2545.0 0.0 94.2161
10:00:00 430.0 30320.0 95.1 94.25 94.31 94.01 94.23 150.0 94.27 50.0 30320.0 14598.0 15722.0 0.0 94.1212
10:01:00 305.0 16779.0 95.1 94.19 94.25 94.09 94.18 711.0 94.23 50.0 16779.0 6009.0 10770.0 0.0 94.1893
10:02:00 170.0 10850.0 95.1 94.2 94.27 94.12 94.18 100.0 94.22 1250.0 10850.0 3125.0 7725.0 0.0 94.2039
10:03:00 110.0 5375.0 95.1 94.2 94.22 94.08 94.2 567.0 94.22 153.0 5375.0 3496.0 1879.0 0.0 94.1632
10:04:00 202.0 9454.0 95.1 94.19 94.26 94.18 94.2 350.0 94.23 104.0 9454.0 4036.0 5418.0 0.0 94.2208
10:05:00 148.0 8465.0 95.1 94.2 94.34 94.17 94.19 1000.0 94.22 150.0 8465.0 3630.0 4835.0 0.0 94.2754
10:06:00 236.0 14514.0 95.1 94.26 94.28 94.19 94.24 183.0 94.26 300.0 14514.0 5841.0 8673.0 0.0 94.2336
10:07:00 216.0 8922.0 95.1 94.19 94.25 94.11 94.17 60.0 94.2 850.0 8922.0 3766.0 5156.0 0.0 94.2054
10:08:00 117.0 5434.0 95.1 94.18 94.24 94.14 94.15 56.0 94.19 1050.0 5434.0 2762.0 2672.0 0.0 94.1827
10:09:00 204.0 8969.0 95.1 94.27 94.42 94.13 94.28 150.0 94.32 250.0 8969.0 5255.0 3714.0 0.0 94.2744
10:10:00 107.0 4491.0 95.1 94.39 94.46 94.28 94.36 1.0 94.39 649.0 4491.0 2298.0 2193.0 0.0 94.3701
10:11:00 133.0 6780.0 95.1 94.44 94.56 94.35 94.43 100.0 94.46 701.0 6780.0 3643.0 3137.0 0.0 94.4758
10:12:00 109.0 4521.0 95.1 94.58 94.59 94.4 94.56 150.0 94.59 500.0 4521.0 2591.0 1930.0 0.0 94.5094
10:13:00 178.0 9006.0 95.1 94.5 94.65 94.5 94.48 550.0 94.51 105.0 9006.0 3354.0 5652.0 0.0 94.5725
10:14:00 171.0 11040.0 95.1 94.38 94.51 94.34 94.38 116.0 94.4 150.0 11040.0 3391.0 7649.0 0.0 94.3683
10:15:00 109.0 5781.0 95.1 94.45 94.49 94.4 94.44 250.0 94.47 1.0 5781.0 2254.0 3527.0 0.0 94.4381
10:16:00 174.0 8969.0 95.1 94.67 94.72 94.45 94.67 221.0 94.69 50.0 8969.0 4629.0 4340.0 0.0 94.563
10:17:00 163.0 8452.0 95.1 94.81 94.81 94.57 94.79 200.0 94.82 4.0 8452.0 3793.0 4659.0 0.0 94.6797
10:18:00 92.0 3197.0 95.1 94.72 94.81 94.72 94.72 120.0 94.74 201.0 3197.0 893.0 2304.0 0.0 94.7699
10:19:00 138.0 8649.0 95.1 94.67 94.76 94.63 94.67 185.0 94.69 300.0 8649.0 2453.0 6196.0 0.0 94.6996
10:20:00 116.0 7852.0 95.1 94.83 94.86 94.67 94.83 200.0 94.85 51.0 7852.0 3735.0 4117.0 0.0 94.7604
10:21:00 123.0 4248.0 95.1 94.68 94.83 94.68 94.67 109.0 94.69 856.0 4248.0 1044.0 3204.0 0.0 94.7612
10:22:00 112.0 5654.0 95.1 94.7 94.73 94.63 94.69 910.0 94.71 50.0 5654.0 2892.0 2762.0 0.0 94.681
10:23:00 198.0 11523.0 95.1 94.59 94.72 94.53 94.59 17.0 94.6 857.0 11523.0 3961.0 7562.0 0.0 94.6165
10:24:00 158.0 9238.0 95.1 94.53 94.59 94.46 94.52 200.0 94.53 50.0 9238.0 2853.0 6385.0 0.0 94.507
10:25:00 192.0 11096.0 95.1 94.47 94.56 94.435 94.46 650.0 94.49 152.0 11096.0 3675.0 7421.0 0.0 94.5129
10:26:00 150.0 7810.0 95.1 94.42 94.52 94.42 94.42 50.0 94.44 201.0 7810.0 2160.0 5650.0 0.0 94.4672
10:27:00 159.0 7942.0 95.1 94.35 94.47 94.35 94.35 1.0 94.37 650.0 7942.0 2975.0 4967.0 0.0 94.4119
10:28:00 164.0 11842.0 95.1 94.34 94.41 94.3 94.35 452.0 94.37 100.0 11842.0 5481.0 6361.0 0.0 94.3406
10:29:00 348.0 25304.0 95.1 94.3 94.38 94.26 94.3 982.0 94.32 150.0 25304.0 11268.0 14036.0 0.0 94.3284
10:30:00 112.0 6595.0 95.1 94.4 94.41 94.3 94.39 451.0 94.43 1251.0 6595.0 3512.0 3083.0 0.0 94.3378
10:31:00 316.0 17807.0 95.1 94.49 94.53 94.38 94.49 200.0 94.51 550.0 17807.0 9282.0 8525.0 0.0 94.4162
10:32:00 236.0 11225.0 95.1 94.47 94.54 94.41 94.47 200.0 94.48 120.0 11225.0 5640.0 5585.0 0.0 94.4685
10:33:00 208.0 10758.0 95.1 94.41 94.49 94.35 94.39 202.0 94.41 198.0 10758.0 5861.0 4897.0 0.0 94.391
10:34:00 286.0 15815.0 95.1 94.35 94.41 94.27 94.33 2350.0 94.36 250.0 15815.0 6573.0 9242.0 0.0 94.3175
10:35:00 199.0 12950.0 95.1 94.32 94.35 94.24 94.32 203.0 94.33 276.0 12950.0 6088.0 6862.0 0.0 94.2859
10:36:00 207.0 11583.0 95.1 94.29 94.35 94.27 94.28 960.0 94.3 370.0 11583.0 3649.0 7934.0 0.0 94.3023
10:37:00 191.0 7951.0 95.1 94.35 94.39 94.28 94.34 4.0 94.36 268.0 7951.0 3149.0 4802.0 0.0 94.3423
10:38:00 206.0 7911.0 95.1 94.47 94.57 94.36 94.47 100.0 94.5 1458.0 7911.0 3843.0 4068.0 0.0 94.4658
10:39:00 162.0 6777.0 95.1 94.58 94.66 94.49 94.56 396.0 94.58 200.0 6777.0 2937.0 3840.0 0.0 94.574
10:40:00 154.0 6149.0 95.1 94.54 94.61 94.46 94.53 255.0 94.55 100.0 6149.0 2934.0 3215.0 0.0 94.542
10:41:00 169.0 6261.0 95.1 94.45 94.53 94.43 94.45 500.0 94.48 2350.0 6261.0 1908.0 4353.0 0.0 94.4685
10:42:00 176.0 8272.0 95.1 94.4 94.53 94.36 94.39 201.0 94.41 50.0 8272.0 2334.0 5938.0 0.0 94.4455
10:43:00 195.0 7734.0 95.1 94.21 94.42 94.19 94.2 250.0 94.22 250.0 7734.0 1692.0 6042.0 0.0 94.2791
10:44:00 330.0 22604.0 95.1 94.22 94.27 94.12 94.21 300.0 94.23 1850.0 22604.0 6741.0 15863.0 0.0 94.1907
10:45:00 158.0 7844.0 95.1 94.19 94.21 94.15 94.17 50.0 94.19 250.0 7844.0 3139.0 4705.0 0.0 94.1777
10:46:00 178.0 7787.0 95.1 94.31 94.34 94.17 94.3 100.0 94.32 50.0 7787.0 4337.0 3450.0 0.0 94.2583
10:47:00 85.0 3364.0 95.1 94.4 94.46 94.3 94.38 5.0 94.39 100.0 3364.0 1745.0 1619.0 0.0 94.3927
10:48:00 131.0 6293.0 95.1 94.65 94.73 94.4 94.66 388.0 94.69 400.0 6293.0 3520.0 2773.0 0.0 94.5892
10:49:00 98.0 6083.0 95.1 94.68 94.75 94.66 94.65 29.0 94.68 1550.0 6083.0 3319.0 2764.0 0.0 94.6916
10:50:00 120.0 6937.0 95.1 94.85 94.86 94.67 94.82 50.0 94.84 100.0 6937.0 5297.0 1640.0 0.0 94.7562
10:51:00 165.0 8811.0 95.1 94.85 94.92 94.84 94.83 150.0 94.86 2150.0 8811.0 4039.0 4772.0 0.0 94.8819
10:52:00 141.0 7330.0 95.1 94.78 94.88 94.77 94.77 150.0 94.79 280.0 7330.0 3834.0 3496.0 0.0 94.817
10:53:00 126.0 6377.0 95.1 94.85 94.88 94.75 94.85 60.0 94.86 50.0 6377.0 4540.0 1837.0 0.0 94.8179
10:54:00 184.0 8875.0 95.1 95.03 95.03 94.85 95.0 1661.0 95.03 50.0 8875.0 6544.0 2331.0 0.0 94.9534
10:55:00 153.0 7069.0 95.1 95.09 95.1 94.98 95.07 286.0 95.09 400.0 7069.0 2553.0 4516.0 0.0 95.0466
10:56:00 250.0 12493.0 95.1 95.09 95.12 94.95 95.08 204.0 95.1 100.0 12493.0 6545.0 5948.0 0.0 95.0408
10:57:00 240.0 13684.0 95.1 95.05 95.08 94.95 95.04 116.0 95.06 250.0 13684.0 7375.0 6309.0 0.0 95.0126
10:58:00 312.0 17944.0 95.1 95.27 95.28 95.0 95.27 50.0 95.28 110.0 17944.0 11821.0 6123.0 0.0 95.1919
10:59:00 457.0 23255.0 95.1 95.49 95.52 95.28 95.47 174.0 95.5 850.0 23255.0 14424.0 8831.0 0.0 95.3927
11:00:00 184.0 9425.0 95.1 95.42 95.49 95.37 95.42 101.0 95.44 24.0 9425.0 4205.0 5220.0 0.0 95.4338
11:01:00 181.0 8919.0 95.1 95.36 95.49 95.33 95.35 2550.0 95.39 150.0 8919.0 4162.0 4757.0 0.0 95.404
11:02:00 140.0 9634.0 95.1 95.35 95.41 95.33 95.34 100.0 95.36 200.0 9634.0 3466.0 6168.0 0.0 95.3633
11:03:00 298.0 16991.0 95.1 95.37 95.4 95.22 95.36 100.0 95.39 2250.0 16991.0 8434.0 8557.0 0.0 95.3075
11:04:00 175.0 9274.0 95.1 95.44 95.5 95.37 95.42 100.0 95.45 1500.0 9274.0 6427.0 2847.0 0.0 95.4272
11:05:00 185.0 12473.0 95.1 95.43 95.49 95.39 95.43 6.0 95.44 281.0 12473.0 8432.0 4041.0 0.0 95.4262
11:06:00 187.0 11301.0 95.1 95.46 95.51 95.4 95.46 50.0 95.47 100.0 11301.0 6126.0 5175.0 0.0 95.4526
11:07:00 101.0 5991.0 95.1 95.45 95.5 95.43 95.43 350.0 95.47 150.0 5991.0 3465.0 2526.0 0.0 95.4621
11:08:00 179.0 9826.0 95.1 95.44 95.52 95.41 95.45 15.0 95.47 150.0 9826.0 5969.0 3857.0 0.0 95.4787
11:09:00 184.0 10919.0 95.1 95.51 95.57 95.46 95.49 1551.0 95.53 350.0 10919.0 1425.0 9494.0 0.0 95.5371
11:10:00 134.0 7367.0 95.1 95.48 95.5 95.42 95.45 2350.0 95.48 100.0 7367.0 2770.0 4597.0 0.0 95.4715
11:11:00 174.0 9519.0 95.1 95.7 95.7 95.44 95.67 2200.0 95.71 1450.0 9519.0 6246.0 3273.0 0.0 95.5785
11:12:00 295.0 23003.0 95.1 95.83 95.85 95.67 95.83 250.0 95.86 354.0 23003.0 18778.0 4225.0 0.0 95.7621
11:13:00 203.0 14917.0 95.1 95.8 95.83 95.72 95.77 2651.0 95.81 200.0 14917.0 7363.0 7554.0 0.0 95.7839
11:14:00 79.0 4862.0 95.1 95.74 95.78 95.71 95.72 1.0 95.73 77.0 4862.0 985.0 3877.0 0.0 95.7439
11:15:00 85.0 3902.0 95.1 95.66 95.74 95.65 95.65 2650.0 95.67 4.0 3902.0 1141.0 2761.0 0.0 95.6933
11:16:00 117.0 4616.0 95.1 95.78 95.79 95.67 95.78 10.0 95.8 100.0 4616.0 2756.0 1860.0 0.0 95.7236
11:17:00 99.0 5796.0 95.1 95.86 95.86 95.77 95.85 200.0 95.87 775.0 5796.0 4248.0 1548.0 0.0 95.809
11:18:00 133.0 6555.0 95.1 95.98 95.98 95.86 95.96 204.0 95.98 177.0 6555.0 3636.0 2919.0 0.0 95.9066
11:19:00 138.0 5321.0 95.1 95.95 95.99 95.93 95.95 1.0 95.97 510.0 5321.0 2979.0 2342.0 0.0 95.9528
11:20:00 122.0 5331.0 95.1 95.9 96.01 95.88 95.89 1790.0 95.91 130.0 5331.0 3591.0 1740.0 0.0 95.9538
11:21:00 168.0 9865.0 95.1 95.89 95.96 95.86 95.89 300.0 95.9 500.0 9865.0 3834.0 6031.0 0.0 95.9038
11:22:00 276.0 20334.0 95.1 96.02 96.03 95.89 96.01 160.0 96.03 464.0 20334.0 15047.0 5287.0 0.0 95.9663
11:23:00 274.0 18075.0 95.1 96.02 96.08 96.0 96.02 1294.0 96.04 150.0 18075.0 4862.0 13213.0 0.0 96.018
11:24:00 225.0 13063.0 95.1 96.04 96.13 96.02 96.03 35.0 96.05 100.0 13063.0 5558.0 7505.0 0.0 96.0734
11:25:00 151.0 8316.0 95.1 96.03 96.09 96.0 96.02 200.0 96.04 478.0 8316.0 4232.0 4084.0 0.0 96.0297
11:26:00 178.0 10563.0 95.1 96.02 96.05 96.0 96.01 1903.0 96.04 1267.0 10563.0 1698.0 8865.0 0.0 96.0109
11:27:00 150.0 9373.0 95.1 96.11 96.12 96.0 96.11 140.0 96.12 130.0 9373.0 4269.0 5104.0 0.0 96.034
11:28:00 216.0 12096.0 95.1 96.16 96.16 96.07 96.15 100.0 96.16 200.0 12096.0 4561.0 7535.0 0.0 96.1029
11:29:00 96.0 4098.0 95.1 96.11 96.18 96.1 96.1 165.0 96.11 148.0 4098.0 2119.0 1979.0 0.0 96.1338
11:30:00 194.0 12330.0 95.1 96.15 96.16 96.03 96.12 406.0 96.15 650.0 12330.0 6405.0 5925.0 0.0 96.1053
11:31:00 315.0 20332.0 95.1 96.02 96.17 96.0 96.0 201.0 96.02 800.0 20332.0 7215.0 13117.0 0.0 96.0843
11:32:00 252.0 13633.0 95.1 95.92 96.02 95.92 95.92 105.0 95.93 210.0 13633.0 4559.0 9074.0 0.0 95.9726
11:33:00 200.0 9206.0 95.1 95.91 95.93 95.8 95.92 50.0 95.94 100.0 9206.0 3510.0 5696.0 0.0 95.857
11:34:00 88.0 4522.0 95.1 95.89 95.93 95.82 95.88 250.0 95.9 460.0 4522.0 2916.0 1606.0 0.0 95.8715
11:35:00 136.0 5795.0 95.1 95.87 95.89 95.79 95.84 50.0 95.86 100.0 5795.0 1806.0 3989.0 0.0 95.8457
11:36:00 300.0 16064.0 95.1 95.83 95.88 95.78 95.79 1.0 95.82 2452.0 16064.0 8998.0 7066.0 0.0 95.823
11:37:00 220.0 11467.0 95.1 95.92 95.96 95.73 95.92 12.0 95.94 50.0 11467.0 7485.0 3982.0 0.0 95.8366
11:38:00 137.0 6329.0 95.1 96.06 96.09 95.89 96.05 1700.0 96.08 1250.0 6329.0 4925.0 1404.0 0.0 96.0172
11:39:00 142.0 10305.0 95.1 96.17 96.2 96.03 96.16 1211.0 96.18 100.0 10305.0 4839.0 5466.0 0.0 96.1347
11:40:00 87.0 4038.0 95.1 96.01 96.2 95.98 96.0 100.0 96.01 50.0 4038.0 1466.0 2572.0 0.0 96.0798
11:41:00 95.0 4706.0 95.1 96.01 96.02 95.92 96.01 1132.0 96.02 200.0 4706.0 1912.0 2794.0 0.0 95.9739
11:42:00 94.0 5157.0 95.1 96.02 96.05 95.97 96.02 176.0 96.04 1250.0 5157.0 1570.0 3587.0 0.0 96.0068
11:43:00 60.0 2521.0 95.1 96.09 96.12 96.02 96.08 1659.0 96.12 1752.0 2521.0 1580.0 941.0 0.0 96.0772
11:44:00 127.0 8546.0 95.1 96.17 96.21 96.07 96.17 2650.0 96.2 1102.0 8546.0 4786.0 3760.0 0.0 96.1637
11:45:00 110.0 6939.0 95.1 96.11 96.22 96.11 96.09 150.0 96.11 175.0 6939.0 2788.0 4151.0 0.0 96.1866
11:46:00 88.0 3529.0 95.1 96.09 96.13 96.03 96.08 512.0 96.11 1760.0 3529.0 2064.0 1465.0 0.0 96.0816
11:47:00 82.0 3922.0 95.1 96.02 96.11 96.0 96.02 3.0 96.03 150.0 3922.0 1082.0 2840.0 0.0 96.0659
11:48:00 95.0 5937.0 95.1 96.04 96.08 95.99 96.03 450.0 96.06 1251.0 5937.0 2379.0 3558.0 0.0 96.0306
11:49:00 72.0 3906.0 95.1 96.02 96.08 96.02 96.02 304.0 96.03 150.0 3906.0 2144.0 1762.0 0.0 96.0532
11:50:00 114.0 5619.0 95.1 96.01 96.04 95.96 96.01 204.0 96.03 50.0 5619.0 2885.0 2734.0 0.0 96.0144
11:51:00 66.0 3606.0 95.1 96.11 96.12 96.0 96.09 100.0 96.11 735.0 3606.0 2320.0 1286.0 0.0 96.0583
11:52:00 115.0 6090.0 95.1 96.05 96.14 96.01 96.04 56.0 96.05 341.0 6090.0 3361.0 2729.0 0.0 96.0734
11:53:00 88.0 5725.0 95.1 96.03 96.08 96.01 96.04 398.0 96.06 54.0 5725.0 2024.0 3701.0 0.0 96.0427
11:54:00 75.0 3552.0 95.1 96.08 96.1 96.03 96.08 3050.0 96.11 50.0 3552.0 1462.0 2090.0 0.0 96.0589
11:55:00 94.0 4286.0 95.1 96.13 96.16 96.09 96.1 1139.0 96.12 390.0 4286.0 2599.0 1687.0 0.0 96.1217
11:56:00 124.0 7609.0 95.1 96.25 96.26 96.12 96.25 119.0 96.27 52.0 7609.0 4612.0 2997.0 0.0 96.1937
11:57:00 142.0 10346.0 95.1 96.35 96.38 96.26 96.33 227.0 96.35 86.0 10346.0 4231.0 6115.0 0.0 96.3456
11:58:00 269.0 35825.0 95.1 96.45 96.5 96.35 96.45 2000.0 96.48 200.0 35825.0 19636.0 16189.0 0.0 96.4537
11:59:00 71.0 6434.0 95.1 96.43 96.47 96.43 96.42 6.0 96.44 250.0 6434.0 301.0 6133.0 0.0 96.4532
12:00:00 68.0 2834.0 95.1 96.37 96.44 96.37 96.37 32.0 96.38 630.0 2834.0 819.0 2015.0 0.0 96.4105
12:01:00 100.0 5161.0 95.1 96.35 96.41 96.33 96.34 2650.0 96.37 300.0 5161.0 2320.0 2841.0 0.0 96.3784
12:02:00 107.0 7540.0 95.1 96.34 96.36 96.28 96.33 150.0 96.35 150.0 7540.0 2427.0 5113.0 0.0 96.3251
12:03:00 87.0 3857.0 95.1 96.3 96.35 96.25 96.28 250.0 96.3 204.0 3857.0 1467.0 2390.0 0.0 96.2765
12:04:00 87.0 5703.0 95.1 96.24 96.31 96.23 96.22 616.0 96.23 140.0 5703.0 1557.0 4146.0 0.0 96.2478
12:05:00 79.0 3600.0 95.1 96.34 96.36 96.21 96.34 815.0 96.36 300.0 3600.0 2173.0 1427.0 0.0 96.2897
12:06:00 61.0 2709.0 95.1 96.38 96.38 96.33 96.37 237.0 96.38 140.0 2709.0 1423.0 1286.0 0.0 96.3457
12:07:00 114.0 5840.0 95.1 96.34 96.39 96.32 96.33 250.0 96.36 500.0 5840.0 3446.0 2394.0 0.0 96.3497
12:08:00 73.0 3640.0 95.1 96.31 96.36 96.31 96.31 79.0 96.32 164.0 3640.0 1051.0 2589.0 0.0 96.3425
12:09:00 86.0 5288.0 95.1 96.29 96.32 96.28 96.29 200.0 96.3 1900.0 5288.0 1557.0 3731.0 0.0 96.2984
12:10:00 83.0 4267.0 95.1 96.33 96.34 96.29 96.33 202.0 96.36 1108.0 4267.0 1343.0 2924.0 0.0 96.3127
12:11:00 75.0 3614.0 95.1 96.3 96.33 96.27 96.3 107.0 96.31 20.0 3614.0 1059.0 2555.0 0.0 96.3062
12:12:00 94.0 5160.0 95.1 96.28 96.32 96.28 96.27 414.0 96.29 100.0 5160.0 2149.0 3011.0 0.0 96.2971
12:13:00 205.0 11199.0 95.1 96.1 96.27 96.08 96.08 2650.0 96.11 150.0 11199.0 3655.0 7544.0 0.0 96.1679
12:14:00 74.0 5285.0 95.1 96.07 96.12 96.03 96.04 1050.0 96.06 100.0 5285.0 3818.0 1467.0 0.0 96.0661
12:15:00 103.0 6046.0 95.1 96.04 96.09 96.01 96.03 350.0 96.05 51.0 6046.0 2368.0 3678.0 0.0 96.0543
12:16:00 130.0 6753.0 95.1 96.02 96.08 95.99 96.02 4.0 96.04 150.0 6753.0 3937.0 2816.0 0.0 96.0126
12:17:00 49.0 2216.0 95.1 96.08 96.08 96.02 96.08 50.0 96.1 350.0 2216.0 952.0 1264.0 0.0 96.0533
12:18:00 60.0 2601.0 95.1 96.12 96.13 96.06 96.11 212.0 96.13 100.0 2601.0 1131.0 1470.0 0.0 96.0978
12:19:00 63.0 2955.0 95.1 96.16 96.16 96.11 96.15 2250.0 96.18 200.0 2955.0 1601.0 1354.0 0.0 96.1307
12:20:00 90.0 4461.0 95.1 96.27 96.3 96.16 96.27 132.0 96.29 150.0 4461.0 2964.0 1497.0 0.0 96.2583
12:21:00 137.0 7589.0 95.1 96.07 96.28 96.07 96.07 250.0 96.1 1856.0 7589.0 1839.0 5750.0 0.0 96.1926
12:22:00 67.0 3584.0 95.1 96.03 96.1 96.01 96.01 100.0 96.03 370.0 3584.0 678.0 2906.0 0.0 96.0519
12:23:00 136.0 6286.0 95.1 95.97 96.01 95.96 95.97 28.0 95.99 50.0 6286.0 2601.0 3685.0 0.0 95.9821
12:24:00 74.0 3553.0 95.1 95.99 96.01 95.96 95.98 200.0 96.0 50.0 3553.0 1367.0 2186.0 0.0 95.9817
12:25:00 91.0 6032.0 95.1 95.92 95.98 95.86 95.9 457.0 95.93 250.0 6032.0 1107.0 4925.0 0.0 95.9454
12:26:00 110.0 7025.0 95.1 95.84 95.94 95.8 95.84 618.0 95.87 50.0 7025.0 4633.0 2392.0 0.0 95.8996
12:27:00 170.0 10942.0 95.1 95.96 95.96 95.84 95.95 50.0 95.96 300.0 10942.0 8376.0 2566.0 0.0 95.8982
12:28:00 126.0 5798.0 95.1 95.97 96.01 95.94 95.96 1156.0 95.98 110.0 5798.0 2674.0 3124.0 0.0 95.9721
12:29:00 100.0 5523.0 95.1 95.93 95.98 95.89 95.93 100.0 95.94 100.0 5523.0 1176.0 4347.0 0.0 95.9345
12:30:00 116.0 10124.0 95.1 95.96 95.99 95.91 95.93 73.0 95.96 2300.0 10124.0 5095.0 5029.0 0.0 95.9422
12:31:00 103.0 5556.0 95.1 95.91 95.99 95.91 95.9 6.0 95.92 2100.0 5556.0 2357.0 3199.0 0.0 95.9544
12:32:00 98.0 4776.0 95.1 95.97 96.0 95.92 95.95 2552.0 95.98 150.0 4776.0 2992.0 1784.0 0.0 95.9651
12:33:00 86.0 6029.0 95.1 95.94 95.98 95.92 95.92 1651.0 95.94 250.0 6029.0 1531.0 4498.0 0.0 95.9472
12:34:00 100.0 5980.0 95.1 95.91 95.97 95.89 95.91 619.0 95.93 630.0 5980.0 3680.0 2300.0 0.0 95.9356
12:35:00 81.0 4771.0 95.1 95.95 95.95 95.885 95.94 1600.0 95.97 950.0 4771.0 2424.0 2347.0 0.0 95.9134
12:36:00 126.0 7246.0 95.1 95.79 95.95 95.79 95.78 1041.0 95.8 403.0 7246.0 2218.0 5028.0 0.0 95.8688
12:37:00 60.0 2534.0 95.1 95.83 95.86 95.8 95.82 1050.0 95.85 1799.0 2534.0 1333.0 1201.0 0.0 95.8327
12:38:00 135.0 7693.0 95.1 95.98 96.02 95.83 95.98 137.0 96.0 350.0 7693.0 3636.0 4057.0 0.0 95.9533
12:39:00 131.0 7785.0 95.1 95.96 96.03 95.9 95.95 12.0 95.98 1181.0 7785.0 2812.0 4973.0 0.0 95.9489
12:40:00 64.0 3462.0 95.1 95.91 96.0 95.91 95.9 961.0 95.93 1450.0 3462.0 670.0 2792.0 0.0 95.9381
12:41:00 84.0 4602.0 95.1 95.99 96.0 95.9 95.99 200.0 96.01 1650.0 4602.0 1509.0 3093.0 0.0 95.934
12:42:00 78.0 4585.0 95.1 95.93 96.0 95.92 95.92 686.0 95.94 300.0 4585.0 1760.0 2825.0 0.0 95.9469
12:43:00 100.0 5658.0 95.1 95.94 95.98 95.85 95.93 300.0 95.95 50.0 5658.0 2256.0 3402.0 0.0 95.9291
12:44:00 73.0 3930.0 95.1 96.05 96.05 95.95 96.03 126.0 96.05 100.0 3930.0 3105.0 825.0 0.0 96.0069
12:45:00 87.0 4437.0 95.1 96.04 96.06 95.98 96.04 5.0 96.06 750.0 4437.0 1387.0 3050.0 0.0 96.0134
12:46:00 95.0 5418.0 95.1 96.01 96.1 95.97 95.98 207.0 96.0 350.0 5418.0 2756.0 2662.0 0.0 96.0439
12:47:00 67.0 2783.0 95.1 95.89 95.98 95.87 95.89 96.0 95.91 350.0 2783.0 1854.0 929.0 0.0 95.9089
12:48:00 78.0 4026.0 95.1 95.83 95.89 95.83 95.83 6.0 95.85 550.0 4026.0 2037.0 1989.0 0.0 95.8605
12:49:00 105.0 5948.0 95.1 95.78 95.83 95.75 95.77 100.0 95.78 100.0 5948.0 2108.0 3840.0 0.0 95.7894
12:50:00 76.0 4730.0 95.1 95.81 95.85 95.77 95.8 1302.0 95.83 550.0 4730.0 3368.0 1362.0 0.0 95.8074
12:51:00 197.0 15086.0 95.1 95.67 95.82 95.65 95.67 314.0 95.69 900.0 15086.0 3579.0 11507.0 0.0 95.6958
12:52:00 81.0 3879.0 95.1 95.69 95.73 95.67 95.68 242.0 95.7 250.0 3879.0 1956.0 1923.0 0.0 95.702
12:53:00 43.0 2288.0 95.1 95.66 95.69 95.63 95.64 374.0 95.67 400.0 2288.0 801.0 1487.0 0.0 95.6527
12:54:00 100.0 4392.0 95.1 95.61 95.69 95.57 95.6 2.0 95.61 300.0 4392.0 2362.0 2030.0 0.0 95.6373
12:55:00 55.0 3546.0 95.1 95.61 95.65 95.59 95.59 1750.0 95.61 200.0 3546.0 2598.0 948.0 0.0 95.6284
12:56:00 75.0 5031.0 95.1 95.67 95.68 95.58 95.66 450.0 95.69 2052.0 5031.0 3483.0 1548.0 0.0 95.6329
12:57:00 80.0 3911.0 95.1 95.71 95.72 95.68 95.7 196.0 95.72 250.0 3911.0 1840.0 2071.0 0.0 95.6998
12:58:00 103.0 6213.0 95.1 95.8 95.82 95.68 95.79 264.0 95.81 150.0 6213.0 3577.0 2636.0 0.0 95.7554
12:59:00 77.0 4946.0 95.1 95.79 95.84 95.79 95.79 300.0 95.8 113.0 4946.0 2742.0 2204.0 0.0 95.8112
13:00:00 115.0 5683.0 95.1 95.75 95.87 95.73 95.75 354.0 95.78 100.0 5683.0 1867.0 3816.0 0.0 95.815
13:01:00 61.0 3625.0 95.1 95.82 95.85 95.77 95.82 88.0 95.83 300.0 3625.0 1953.0 1672.0 0.0 95.8155
13:02:00 69.0 3160.0 95.1 95.87 95.88 95.82 95.86 206.0 95.88 850.0 3160.0 1781.0 1379.0 0.0 95.8475
13:03:00 122.0 7314.0 95.1 96.03 96.03 95.88 96.02 124.0 96.04 400.0 7314.0 4653.0 2661.0 0.0 95.944
13:04:00 79.0 4156.0 95.1 95.95 96.02 95.93 95.93 950.0 95.96 250.0 4156.0 1206.0 2950.0 0.0 95.9722
13:05:00 81.0 4211.0 95.1 95.96 95.97 95.92 95.94 412.0 95.96 246.0 4211.0 1754.0 2457.0 0.0 95.9454
13:06:00 61.0 3154.0 95.1 95.95 95.96 95.91 95.93 424.0 95.95 1950.0 3154.0 1334.0 1820.0 0.0 95.9401
13:07:00 75.0 4810.0 95.1 95.98 96.02 95.91 95.96 200.0 95.98 200.0 4810.0 3055.0 1755.0 0.0 95.9677
13:08:00 84.0 5108.0 95.1 96.01 96.06 95.97 96.01 21.0 96.03 2307.0 5108.0 2250.0 2858.0 0.0 96.0091
13:09:00 63.0 4054.0 95.1 96.03 96.05 96.02 96.02 50.0 96.04 350.0 4054.0 1876.0 2178.0 0.0 96.0324
13:10:00 127.0 7277.0 95.1 96.11 96.16 95.99 96.1 100.0 96.11 200.0 7277.0 4947.0 2330.0 0.0 96.0727
13:11:00 66.0 2970.0 95.1 96.06 96.13 96.06 96.05 129.0 96.07 50.0 2970.0 1099.0 1871.0 0.0 96.0948
13:12:00 93.0 4730.0 95.1 96.09 96.15 96.07 96.08 384.0 96.09 100.0 4730.0 1238.0 3492.0 0.0 96.1069
13:13:00 66.0 3655.0 95.1 96.06 96.1 96.06 96.05 1204.0 96.07 254.0 3655.0 1534.0 2121.0 0.0 96.074
13:14:00 119.0 9750.0 95.1 96.05 96.07 96.0 96.03 1250.0 96.06 950.0 9750.0 4390.0 5360.0 0.0 96.0351
13:15:00 50.0 2525.0 95.1 96.05 96.06 96.0 96.05 2.0 96.06 101.0 2525.0 767.0 1758.0 0.0 96.0319
13:16:00 83.0 4682.0 95.1 96.04 96.09 96.03 96.04 1150.0 96.06 115.0 4682.0 1866.0 2816.0 0.0 96.0584
13:17:00 67.0 2781.0 95.1 96.04 96.06 95.97 96.02 250.0 96.04 100.0 2781.0 1430.0 1351.0 0.0 96.0113
13:18:00 70.0 3502.0 95.1 96.0 96.07 95.99 96.0 20.0 96.01 450.0 3502.0 998.0 2504.0 0.0 96.0241
13:19:00 44.0 2088.0 95.1 96.01 96.05 96.0 96.0 501.0 96.01 146.0 2088.0 1123.0 965.0 0.0 96.0292
13:20:00 76.0 3558.0 95.1 95.94 96.03 95.94 95.93 33.0 95.94 150.0 3558.0 787.0 2771.0 0.0 95.9883
13:21:00 62.0 2185.0 95.1 95.91 95.93 95.91 95.9 311.0 95.92 1300.0 2185.0 1423.0 762.0 0.0 95.919
13:22:00 132.0 6948.0 95.1 95.81 95.93 95.81 95.8 451.0 95.81 100.0 6948.0 2419.0 4529.0 0.0 95.8668
13:23:00 79.0 4142.0 95.1 95.8 95.81 95.75 95.78 1450.0 95.81 50.0 4142.0 1779.0 2363.0 0.0 95.7779
13:24:00 64.0 3124.0 95.1 95.83 95.84 95.79 95.81 2250.0 95.84 56.0 3124.0 1819.0 1305.0 0.0 95.811
13:25:00 61.0 2443.0 95.1 95.89 95.91 95.83 95.87 124.0 95.89 1050.0 2443.0 1219.0 1224.0 0.0 95.8779
13:26:00 181.0 19713.0 95.1 95.85 95.91 95.85 95.84 1111.0 95.85 367.0 19713.0 14975.0 4738.0 0.0 95.8933
13:27:00 186.0 11860.0 95.1 95.8 95.88 95.8 95.81 212.0 95.84 850.0 11860.0 6544.0 5316.0 0.0 95.8535
13:28:00 62.0 3307.0 95.1 95.74 95.79 95.68 95.73 250.0 95.75 300.0 3307.0 1432.0 1875.0 0.0 95.7236
13:29:00 57.0 2779.0 95.1 95.78 95.81 95.75 95.76 1062.0 95.78 8.0 2779.0 1308.0 1471.0 0.0 95.7652
13:30:00 82.0 3878.0 95.1 95.83 95.83 95.73 95.81 50.0 95.83 280.0 3878.0 1894.0 1984.0 0.0 95.7697
13:31:00 187.0 10370.0 95.1 96.05 96.05 95.83 96.03 106.0 96.05 300.0 10370.0 6904.0 3466.0 0.0 95.9219
13:32:00 34.0 1622.0 95.1 96.05 96.09 96.0 96.04 5.0 96.05 250.0 1622.0 1275.0 347.0 0.0 96.0322
13:33:00 32.0 1615.0 95.1 96.04 96.05 96.03 96.04 5.0 96.05 18.0 1615.0 953.0 662.0 0.0 96.0427
13:34:00 76.0 4150.0 95.1 96.03 96.11 96.03 96.03 11.0 96.04 112.0 4150.0 1742.0 2408.0 0.0 96.0711
13:35:00 163.0 13505.0 95.1 96.14 96.16 96.04 96.14 222.0 96.15 400.0 13505.0 9774.0 3731.0 0.0 96.1153
13:36:00 107.0 9623.0 95.1 96.26 96.26 96.14 96.25 250.0 96.27 71.0 9623.0 4747.0 4876.0 0.0 96.18
13:37:00 220.0 12994.0 95.1 96.185 96.31 96.17 96.18 200.0 96.2 100.0 12994.0 5966.0 7028.0 0.0 96.2334
13:38:00 165.0 11621.0 95.1 96.22 96.25 96.15 96.22 53.0 96.24 200.0 11621.0 7431.0 4190.0 0.0 96.1998
13:39:00 90.0 5907.0 95.1 96.23 96.26 96.18 96.21 350.0 96.24 1050.0 5907.0 1832.0 4075.0 0.0 96.2278
13:40:00 55.0 3346.0 95.1 96.15 96.22 96.13 96.14 650.0 96.16 193.0 3346.0 1607.0 1739.0 0.0 96.1654
13:41:00 198.0 11341.0 95.1 96.16 96.16 96.04 96.15 454.0 96.17 224.0 11341.0 6073.0 5268.0 0.0 96.1279
13:42:00 76.0 4165.0 95.1 96.13 96.18 96.1 96.11 308.0 96.13 449.0 4165.0 2003.0 2162.0 0.0 96.1445
13:43:00 62.0 2927.0 95.1 96.15 96.16 96.12 96.15 23.0 96.16 4.0 2927.0 1491.0 1436.0 0.0 96.134
13:44:00 81.0 4290.0 95.1 96.13 96.19 96.08 96.13 350.0 96.15 150.0 4290.0 2264.0 2026.0 0.0 96.1212
13:45:00 73.0 3823.0 95.1 96.13 96.22 96.13 96.11 207.0 96.14 1150.0 3823.0 1974.0 1849.0 0.0 96.1583
13:46:00 47.0 2558.0 95.1 96.12 96.19 96.11 96.09 250.0 96.12 200.0 2558.0 1522.0 1036.0 0.0 96.1489
13:47:00 89.0 3979.0 95.1 96.13 96.18 96.1 96.12 200.0 96.13 430.0 3979.0 2211.0 1768.0 0.0 96.1444
13:48:00 88.0 6306.0 95.1 96.115 96.12 96.05 96.1 150.0 96.13 2350.0 6306.0 3093.0 3213.0 0.0 96.0795
13:49:00 98.0 4945.0 95.1 96.14 96.2 96.12 96.13 100.0 96.15 150.0 4945.0 2592.0 2353.0 0.0 96.1701
13:50:00 107.0 7215.0 95.1 96.06 96.15 96.0 96.05 400.0 96.07 150.0 7215.0 2687.0 4528.0 0.0 96.071
13:51:00 61.0 2932.0 95.1 96.06 96.1 96.02 96.03 100.0 96.04 350.0 2932.0 952.0 1980.0 0.0 96.0641
13:52:00 96.0 3908.0 95.1 96.13 96.13 95.99 96.11 2851.0 96.14 350.0 3908.0 2531.0 1377.0 0.0 96.0395
13:53:00 91.0 5725.0 95.1 96.15 96.17 96.08 96.14 1400.0 96.17 251.0 5725.0 3610.0 2115.0 0.0 96.138
13:54:00 58.0 3932.0 95.1 96.18 96.19 96.15 96.18 100.0 96.2 1286.0 3932.0 2221.0 1711.0 0.0 96.1663
13:55:00 116.0 6295.0 95.1 96.13 96.21 96.13 96.12 6.0 96.14 850.0 6295.0 2714.0 3581.0 0.0 96.1741
13:56:00 95.0 5297.0 95.1 96.15 96.15 96.09 96.15 2.0 96.16 5.0 5297.0 2883.0 2414.0 0.0 96.1169
13:57:00 98.0 4497.0 95.1 96.16 96.21 96.14 96.13 100.0 96.16 1100.0 4497.0 2108.0 2389.0 0.0 96.1881
13:58:00 57.0 2935.0 95.1 96.21 96.22 96.14 96.2 2450.0 96.23 950.0 2935.0 1776.0 1159.0 0.0 96.1731
13:59:00 129.0 7107.0 95.1 96.26 96.3 96.23 96.25 550.0 96.27 52.0 7107.0 3231.0 3876.0 0.0 96.2677
14:00:00 112.0 6543.0 95.1 96.18 96.31 96.17 96.17 400.0 96.19 50.0 6543.0 2942.0 3601.0 0.0 96.2403
14:01:00 168.0 18404.0 95.1 96.29 96.38 96.19 96.29 50.0 96.31 230.0 18404.0 14348.0 4056.0 0.0 96.3351
14:02:00 153.0 9038.0 95.1 96.32 96.41 96.3 96.3 1299.0 96.32 200.0 9038.0 6399.0 2639.0 0.0 96.3525
14:03:00 73.0 4045.0 95.1 96.24 96.32 96.24 96.21 52.0 96.23 20.0 4045.0 1300.0 2745.0 0.0 96.2956
14:04:00 81.0 4707.0 95.1 96.25 96.26 96.18 96.25 1200.0 96.27 100.0 4707.0 1532.0 3175.0 0.0 96.2302
14:05:00 104.0 5522.0 95.1 96.13 96.27 96.13 96.12 200.0 96.14 1150.0 5522.0 1093.0 4429.0 0.0 96.2041
14:06:00 85.0 5123.0 95.1 96.11 96.14 96.08 96.1 150.0 96.12 390.0 5123.0 1865.0 3258.0 0.0 96.1074
14:07:00 156.0 10227.0 95.1 96.02 96.13 95.96 96.01 36.0 96.04 1751.0 10227.0 3667.0 6560.0 0.0 96.0392
14:08:00 216.0 10508.0 95.1 96.0 96.06 96.0 96.0 325.0 96.02 158.0 10508.0 3969.0 6539.0 0.0 96.0161
14:09:00 236.0 14035.0 95.1 96.01 96.04 95.99 96.0 924.0 96.03 150.0 14035.0 3530.0 10505.0 0.0 96.006
14:10:00 67.0 2691.0 95.1 96.07 96.08 96.0 96.06 572.0 96.08 250.0 2691.0 989.0 1702.0 0.0 96.0376
14:11:00 108.0 6812.0 95.1 96.03 96.07 96.0 96.02 2360.0 96.05 530.0 6812.0 1942.0 4870.0 0.0 96.0287
14:12:00 166.0 12826.0 95.1 95.94 96.04 95.9 95.93 1800.0 95.96 150.0 12826.0 3403.0 9423.0 0.0 95.9844
14:13:00 93.0 4955.0 95.1 95.89 95.93 95.87 95.88 250.0 95.9 270.0 4955.0 1725.0 3230.0 0.0 95.901
14:14:00 48.0 3182.0 95.1 95.86 95.89 95.85 95.83 450.0 95.85 100.0 3182.0 1161.0 2021.0 0.0 95.8775
14:15:00 90.0 4799.0 95.1 95.77 95.83 95.74 95.76 300.0 95.78 60.0 4799.0 2296.0 2503.0 0.0 95.7915
14:16:00 96.0 4157.0 95.1 95.75 95.77 95.7 95.74 401.0 95.77 1550.0 4157.0 1427.0 2730.0 0.0 95.735
14:17:00 115.0 5714.0 95.1 95.69 95.75 95.68 95.69 111.0 95.7 400.0 5714.0 2141.0 3573.0 0.0 95.709
14:18:00 97.0 4082.0 95.1 95.71 95.76 95.68 95.7 51.0 95.72 200.0 4082.0 1217.0 2865.0 0.0 95.7274
14:19:00 52.0 2590.0 95.1 95.73 95.73 95.69 95.72 3.0 95.74 51.0 2590.0 1199.0 1391.0 0.0 95.7145
14:20:00 63.0 3860.0 95.1 95.74 95.75 95.7 95.72 350.0 95.74 300.0 3860.0 2483.0 1377.0 0.0 95.7176
14:21:00 118.0 5383.0 95.1 95.69 95.72 95.63 95.68 363.0 95.7 1.0 5383.0 1837.0 3546.0 0.0 95.6847
14:22:00 83.0 4654.0 95.1 95.64 95.69 95.61 95.63 1233.0 95.65 401.0 4654.0 1598.0 3056.0 0.0 95.6478
14:23:00 70.0 3774.0 95.1 95.63 95.64 95.59 95.62 350.0 95.65 150.0 3774.0 1487.0 2287.0 0.0 95.6167
14:24:00 89.0 5112.0 95.1 95.63 95.67 95.55 95.62 2464.0 95.64 720.0 5112.0 2506.0 2606.0 0.0 95.6059
14:25:00 114.0 7333.0 95.1 95.56 95.65 95.55 95.55 100.0 95.57 1489.0 7333.0 3820.0 3513.0 0.0 95.6228
14:26:00 98.0 6462.0 95.1 95.61 95.61 95.54 95.6 250.0 95.62 63.0 6462.0 3426.0 3036.0 0.0 95.579
14:27:00 97.0 4771.0 95.1 95.63 95.64 95.54 95.62 2400.0 95.64 250.0 4771.0 1216.0 3555.0 0.0 95.584
14:28:00 78.0 4151.0 95.1 95.64 95.68 95.6 95.61 500.0 95.63 100.0 4151.0 1610.0 2541.0 0.0 95.6248
14:29:00 68.0 3850.0 95.1 95.63 95.65 95.6 95.63 100.0 95.64 254.0 3850.0 1721.0 2129.0 0.0 95.6286
14:30:00 73.0 4339.0 95.1 95.58 95.64 95.56 95.57 350.0 95.59 312.0 4339.0 1922.0 2417.0 0.0 95.6009
14:31:00 223.0 9265.0 95.1 95.55 95.59 95.44 95.54 250.0 95.57 1550.0 9265.0 3460.0 5805.0 0.0 95.5108
14:32:00 90.0 5507.0 95.1 95.65 95.68 95.53 95.64 450.0 95.67 1900.0 5507.0 3442.0 2065.0 0.0 95.6134
14:33:00 170.0 8652.0 95.1 95.73 95.735 95.61 95.72 400.0 95.74 350.0 8652.0 5079.0 3573.0 0.0 95.6679
14:34:00 106.0 4611.0 95.1 95.72 95.76 95.7 95.71 2650.0 95.73 109.0 4611.0 2429.0 2182.0 0.0 95.718
14:35:00 95.0 5027.0 95.1 95.65 95.76 95.65 95.64 120.0 95.66 88.0 5027.0 1818.0 3209.0 0.0 95.7199
14:36:00 73.0 4053.0 95.1 95.68 95.74 95.65 95.68 250.0 95.7 100.0 4053.0 1875.0 2178.0 0.0 95.6962
14:37:00 81.0 3654.0 95.1 95.78 95.78 95.66 95.76 100.0 95.78 1500.0 3654.0 1579.0 2075.0 0.0 95.706
14:38:00 93.0 5931.0 95.1 95.72 95.76 95.67 95.7 250.0 95.72 250.0 5931.0 1665.0 4266.0 0.0 95.6992
14:39:00 96.0 5237.0 95.1 95.65 95.71 95.65 95.66 260.0 95.67 350.0 5237.0 1303.0 3934.0 0.0 95.6777
14:40:00 127.0 6754.0 95.1 95.77 95.77 95.65 95.74 111.0 95.78 1450.0 6754.0 3616.0 3138.0 0.0 95.6969
14:41:00 135.0 6855.0 95.1 95.86 95.92 95.78 95.85 400.0 95.87 2.0 6855.0 3866.0 2989.0 0.0 95.852
14:42:00 82.0 4800.0 95.1 95.93 95.94 95.88 95.93 100.0 95.95 350.0 4800.0 2597.0 2203.0 0.0 95.8976
14:43:00 106.0 5091.0 95.1 96.06 96.1 95.95 96.03 300.0 96.05 150.0 5091.0 2482.0 2609.0 0.0 96.037
14:44:00 90.0 4485.0 95.1 96.08 96.09 96.04 96.07 250.0 96.1 1235.0 4485.0 2118.0 2367.0 0.0 96.0634
14:45:00 80.0 3757.0 95.1 96.09 96.13 96.07 96.09 24.0 96.1 200.0 3757.0 1381.0 2376.0 0.0 96.0984
14:46:00 102.0 6142.0 95.1 96.11 96.17 96.08 96.1 474.0 96.11 139.0 6142.0 4036.0 2106.0 0.0 96.1172
14:47:00 133.0 7544.0 95.1 96.16 96.19 96.09 96.13 200.0 96.15 60.0 7544.0 4152.0 3392.0 0.0 96.1314
14:48:00 103.0 6701.0 95.1 96.17 96.2 96.12 96.16 2150.0 96.18 200.0 6701.0 2785.0 3916.0 0.0 96.1483
14:49:00 104.0 5667.0 95.1 96.26 96.27 96.18 96.24 260.0 96.27 162.0 5667.0 3544.0 2123.0 0.0 96.2247
14:50:00 62.0 3088.0 95.1 96.25 96.28 96.22 96.27 200.0 96.29 350.0 3088.0 1628.0 1460.0 0.0 96.2433
14:51:00 109.0 6497.0 95.1 96.24 96.27 96.2 96.22 305.0 96.25 300.0 6497.0 3319.0 3178.0 0.0 96.2348
14:52:00 59.0 2656.0 95.1 96.26 96.3 96.24 96.26 100.0 96.27 250.0 2656.0 1596.0 1060.0 0.0 96.2678
14:53:00 80.0 3847.0 95.1 96.35 96.35 96.24 96.35 217.0 96.37 303.0 3847.0 2213.0 1634.0 0.0 96.2935
14:54:00 138.0 10789.0 95.1 96.32 96.42 96.31 96.3 351.0 96.33 2350.0 10789.0 4883.0 5906.0 0.0 96.3425
14:55:00 115.0 4798.0 95.1 96.37 96.38 96.24 96.37 124.0 96.39 100.0 4798.0 2029.0 2769.0 0.0 96.3035
14:56:00 130.0 7021.0 95.1 96.53 96.56 96.35 96.51 152.0 96.53 109.0 7021.0 4466.0 2555.0 0.0 96.4581
14:57:00 102.0 5574.0 95.1 96.55 96.6 96.52 96.53 111.0 96.55 50.0 5574.0 3339.0 2235.0 0.0 96.5503
14:58:00 84.0 4200.0 95.1 96.56 96.58 96.51 96.54 150.0 96.57 650.0 4200.0 2483.0 1717.0 0.0 96.5505
14:59:00 48.0 1774.0 95.1 96.51 96.56 96.49 96.51 151.0 96.53 210.0 1774.0 964.0 810.0 0.0 96.5121
15:00:00 81.0 4996.0 95.1 96.54 96.56 96.51 96.53 2841.0 96.57 1150.0 4996.0 2561.0 2435.0 0.0 96.5313
15:01:00 104.0 5535.0 95.1 96.58 96.64 96.55 96.56 850.0 96.59 300.0 5535.0 2133.0 3402.0 0.0 96.5913
15:02:00 106.0 5030.0 95.1 96.55 96.59 96.52 96.55 1850.0 96.57 120.0 5030.0 2347.0 2683.0 0.0 96.5632
15:03:00 85.0 4538.0 95.1 96.54 96.57 96.48 96.54 21.0 96.55 100.0 4538.0 2461.0 2077.0 0.0 96.5243
15:04:00 115.0 6995.0 95.1 96.58 96.62 96.53 96.57 251.0 96.59 555.0 6995.0 2899.0 4096.0 0.0 96.5789
15:05:00 80.0 3945.0 95.1 96.57 96.63 96.55 96.55 400.0 96.57 400.0 3945.0 2607.0 1338.0 0.0 96.5871
15:06:00 86.0 4748.0 95.1 96.58 96.62 96.55 96.57 450.0 96.58 300.0 4748.0 2160.0 2588.0 0.0 96.5816
15:07:00 105.0 4732.0 95.1 96.54 96.6 96.53 96.54 50.0 96.55 383.0 4732.0 1545.0 3187.0 0.0 96.5657
15:08:00 97.0 4537.0 95.1 96.59 96.615 96.54 96.58 100.0 96.59 311.0 4537.0 2617.0 1920.0 0.0 96.575
15:09:00 118.0 6016.0 95.1 96.63 96.67 96.56 96.61 224.0 96.63 1050.0 6016.0 2440.0 3576.0 0.0 96.6043
15:10:00 83.0 4200.0 95.1 96.62 96.67 96.62 96.63 167.0 96.64 100.0 4200.0 2040.0 2160.0 0.0 96.6421
15:11:00 104.0 5181.0 95.1 96.58 96.63 96.55 96.56 150.0 96.58 300.0 5181.0 2813.0 2368.0 0.0 96.5869
15:12:00 109.0 6846.0 95.1 96.45 96.55 96.42 96.44 200.0 96.46 950.0 6846.0 2504.0 4342.0 0.0 96.4822
15:13:00 289.0 26068.0 95.1 96.38 96.48 96.33 96.37 534.0 96.39 50.0 26068.0 7302.0 18766.0 0.0 96.3707
15:14:00 118.0 5502.0 95.1 96.35 96.39 96.33 96.34 250.0 96.35 100.0 5502.0 2475.0 3027.0 0.0 96.3597
15:15:00 88.0 5745.0 95.1 96.43 96.44 96.35 96.42 210.0 96.44 350.0 5745.0 4482.0 1263.0 0.0 96.407
15:16:00 94.0 4280.0 95.1 96.51 96.55 96.44 96.49 68.0 96.52 950.0 4280.0 1996.0 2284.0 0.0 96.4975
15:17:00 112.0 5373.0 95.1 96.42 96.52 96.385 96.41 265.0 96.43 401.0 5373.0 2639.0 2734.0 0.0 96.4601
15:18:00 158.0 9942.0 95.1 96.32 96.42 96.31 96.31 4.0 96.34 1350.0 9942.0 6592.0 3350.0 0.0 96.3752
15:19:00 98.0 4866.0 95.1 96.34 96.38 96.31 96.33 250.0 96.35 300.0 4866.0 2817.0 2049.0 0.0 96.3502
15:20:00 147.0 8668.0 95.1 96.39 96.42 96.32 96.37 450.0 96.39 612.0 8668.0 5022.0 3646.0 0.0 96.3597
15:21:00 194.0 8792.0 95.1 96.52 96.56 96.32 96.5 2401.0 96.54 1752.0 8792.0 5555.0 3237.0 0.0 96.4338
15:22:00 145.0 8898.0 95.1 96.55 96.63 96.52 96.54 70.0 96.56 300.0 8898.0 5865.0 3033.0 0.0 96.581
15:23:00 115.0 5256.0 95.1 96.6 96.6 96.55 96.58 80.0 96.6 550.0 5256.0 3192.0 2064.0 0.0 96.5738
15:24:00 101.0 2827.0 95.1 96.51 96.6 96.49 96.48 300.0 96.5 8.0 2827.0 1178.0 1649.0 0.0 96.5482
15:25:00 121.0 4504.0 95.1 96.54 96.56 96.48 96.53 436.0 96.54 185.0 4504.0 2666.0 1838.0 0.0 96.5374
15:26:00 259.0 11327.0 95.1 96.51 96.58 96.5 96.5 658.0 96.52 1060.0 11327.0 7392.0 3935.0 0.0 96.5379
15:27:00 246.0 10421.0 95.1 96.41 96.5 96.35 96.4 204.0 96.42 1016.0 10421.0 6267.0 4154.0 0.0 96.4224
15:28:00 129.0 5035.0 95.1 96.375 96.44 96.34 96.37 50.0 96.39 125.0 5035.0 3269.0 1766.0 0.0 96.3782
15:29:00 115.0 4112.0 95.1 96.36 96.42 96.35 96.35 1816.0 96.38 250.0 4112.0 2685.0 1427.0 0.0 96.3787
15:30:00 150.0 13286.0 95.1 96.41 96.47 96.37 96.4 185.0 96.42 150.0 13286.0 6909.0 6377.0 0.0 96.4261
15:31:00 236.0 8559.0 95.1 96.3 96.42 96.22 96.29 350.0 96.32 1277.0 8559.0 4198.0 4361.0 0.0 96.3142
15:32:00 144.0 7407.0 95.1 96.27 96.31 96.22 96.27 50.0 96.29 2007.0 7407.0 4498.0 2909.0 0.0 96.2578
15:33:00 163.0 7347.0 95.1 96.37 96.42 96.26 96.36 260.0 96.39 200.0 7347.0 4306.0 3041.0 0.0 96.3606
15:34:00 219.0 11815.0 95.1 96.52 96.63 96.38 96.5 351.0 96.53 2355.0 11815.0 8743.0 3072.0 0.0 96.5191
15:35:00 152.0 6729.0 95.1 96.56 96.65 96.51 96.55 750.0 96.57 173.0 6729.0 4771.0 1958.0 0.0 96.5918
15:36:00 160.0 8658.0 95.1 96.57 96.59 96.52 96.57 2374.0 96.59 200.0 8658.0 4665.0 3993.0 0.0 96.5596
15:37:00 138.0 6896.0 95.1 96.58 96.64 96.57 96.57 220.0 96.59 904.0 6896.0 3135.0 3761.0 0.0 96.5978
15:38:00 181.0 9243.0 95.1 96.59 96.61 96.51 96.57 250.0 96.59 100.0 9243.0 5080.0 4163.0 0.0 96.5579
15:39:00 145.0 7437.0 95.1 96.46 96.6 96.45 96.45 829.0 96.48 2152.0 7437.0 2800.0 4637.0 0.0 96.5149
15:40:00 188.0 10002.0 95.1 96.53 96.53 96.46 96.51 250.0 96.54 1267.0 10002.0 5132.0 4870.0 0.0 96.4981
15:41:00 193.0 8795.0 95.1 96.59 96.61 96.51 96.59 144.0 96.6 504.0 8795.0 4658.0 4137.0 0.0 96.5609
15:42:00 133.0 6825.0 95.1 96.6 96.65 96.56 96.6 483.0 96.62 1500.0 6825.0 2637.0 4188.0 0.0 96.6125
15:43:00 112.0 5288.0 95.1 96.57 96.61 96.55 96.57 392.0 96.58 300.0 5288.0 2205.0 3083.0 0.0 96.5863
15:44:00 139.0 8406.0 95.1 96.64 96.67 96.57 96.64 300.0 96.65 600.0 8406.0 5086.0 3320.0 0.0 96.6266
15:45:00 220.0 14132.0 95.1 96.66 96.71 96.64 96.66 200.0 96.68 2402.0 14132.0 9669.0 4463.0 0.0 96.6727
15:46:00 196.0 13466.0 95.1 96.63 96.69 96.56 96.63 150.0 96.65 400.0 13466.0 7850.0 5616.0 0.0 96.6359
15:47:00 153.0 12809.0 95.1 96.72 96.76 96.64 96.71 6.0 96.73 1157.0 12809.0 4052.0 8757.0 0.0 96.6955
15:48:00 158.0 7881.0 95.1 96.75 96.76 96.68 96.73 2150.0 96.75 18.0 7881.0 3726.0 4155.0 0.0 96.7245
15:49:00 150.0 8802.0 95.1 96.77 96.78 96.72 96.76 100.0 96.77 230.0 8802.0 3812.0 4990.0 0.0 96.7521
15:50:00 242.0 14614.0 95.1 96.88 96.9 96.765 96.88 807.0 96.9 401.0 14614.0 8342.0 6272.0 0.0 96.8459
15:51:00 792.0 45259.0 95.1 97.03 97.11 96.9 97.02 700.0 97.05 712.0 45259.0 24212.0 21047.0 0.0 97.0423
15:52:00 349.0 21659.0 95.1 96.97 97.05 96.89 97.01 200.0 96.99 750.0 21659.0 12849.0 8810.0 0.0 96.9689
15:53:00 215.0 12048.0 95.1 96.91 97.03 96.9 97.01 200.0 96.93 258.0 12048.0 4746.0 7302.0 0.0 96.9562
15:54:00 347.0 20107.0 95.1 96.91 96.97 96.87 97.01 200.0 96.92 5.0 20107.0 7749.0 12358.0 0.0 96.918
15:55:00 832.0 52211.0 95.1 96.98 97.06 96.89 97.01 200.0 96.99 200.0 52211.0 24012.0 28199.0 0.0 96.9856
15:56:00 937.0 64439.0 95.1 96.92 97.02 96.91 97.01 200.0 96.93 423.0 64439.0 22229.0 42210.0 0.0 96.9648
15:57:00 642.0 38114.0 95.1 97.03 97.05 96.92 97.03 317.0 97.04 971.0 38114.0 15085.0 23029.0 0.0 97.0001
15:58:00 718.0 48084.0 95.1 97.01 97.06 97.0 97.01 1489.0 97.02 1345.0 48084.0 18301.0 29783.0 0.0 97.0292
15:59:00 683.0 45448.0 95.1 97.07 97.07 96.96 97.06 2548.0 97.07 629.0 45448.0 18330.0 27118.0 0.0 97.0116
16:00:00 1190.0 122012.0 95.1 97.21 97.22 97.07 97.18 1639.0 97.1 300.0 122012.0 40668.0 81344.0 0.0 97.1527
16:01:00 10.0 2174.0 95.1 97.07 97.25 97.01 97.11 33.0 97.1 300.0 2174.0 2108.0 66.0 0.0 97.0784
16:02:00 0.0 0.0 95.1 97.07 nan nan 97.11 33.0 97.1 300.0 nan 0.0 0.0 0.0 nan
16:03:00 4.0 104.0 95.1 97.43 97.43 97.21 97.21 300.0 97.1 300.0 104.0 4.0 100.0 0.0 97.2121
16:04:00 1.0 2.0 95.1 97.21 97.21 97.21 97.21 298.0 97.1 300.0 2.0 0.0 2.0 0.0 97.21
16:05:00 5.0 56.0 95.1 97.43 97.43 97.25 97.21 1198.0 97.1 300.0 56.0 53.0 3.0 0.0 97.3434
16:06:00 4.0 5.0 95.1 97.21 97.43 97.21 97.21 900.0 97.1 300.0 5.0 3.0 2.0 0.0 97.342
16:07:00 5.0 95.0 95.1 97.21 97.5 97.21 97.21 810.0 97.1 300.0 95.0 5.0 90.0 0.0 97.224
16:08:00 1.0 1.0 95.1 97.56 97.56 97.56 97.21 810.0 97.1 300.0 1.0 0.0 1.0 0.0 97.56
16:09:00 4.0 10.0 95.1 97.55 97.55 97.23 97.21 811.0 97.1 300.0 10.0 0.0 10.0 0.0 97.23
16:10:00 1.0 0.0 95.1 97.22 97.22 97.22 97.21 2.0 97.1 300.0 nan 0.0 0.0 0.0 nan
16:11:00 4.0 3.0 95.1 97.2 97.23 97.2 97.11 33.0 97.1 300.0 3.0 0.0 3.0 0.0 97.2067
16:12:00 12.0 592.0 95.1 97.3 97.3 96.92 97.11 33.0 97.1 300.0 592.0 1.0 591.0 0.0 96.9377
16:13:00 2.0 50.0 95.1 97.07 97.07 97.06 97.11 33.0 97.1 300.0 50.0 0.0 50.0 0.0 97.07
16:14:00 3.0 500.0 95.1 97.09 97.1 97.09 97.11 33.0 97.1 300.0 500.0 0.0 500.0 0.0 97.1
16:15:00 5.0 275.0 95.1 97.18 97.18 97.07 97.11 33.0 97.1 300.0 275.0 36.0 239.0 0.0 97.0844
16:16:00 4.0 364.0 95.1 97.15 97.15 97.15 97.15 36.0 97.1 300.0 364.0 0.0 364.0 0.0 97.15
16:17:00 1.0 5.0 95.1 97.15 97.15 97.15 97.15 31.0 97.1 300.0 5.0 0.0 5.0 0.0 97.15
16:18:00 0.0 0.0 95.1 97.15 nan nan 97.15 31.0 97.1 300.0 nan 0.0 0.0 0.0 nan
16:19:00 5.0 65.0 95.1 97.21 97.21 97.15 97.11 33.0 97.1 300.0 65.0 33.0 32.0 0.0 97.1805
16:20:00 1.0 1.0 95.1 97.21 97.21 97.21 97.11 33.0 97.1 300.0 1.0 1.0 0.0 0.0 97.21
16:21:00 5.0 358.0 95.1 97.2 97.21 97.2 97.15 21.0 97.1 300.0 358.0 58.0 300.0 0.0 97.2016
16:22:00 2.0 2.0 95.1 97.15 97.15 97.02 97.15 320.0 97.1 300.0 2.0 0.0 2.0 0.0 97.085
16:23:00 1.0 50.0 95.1 97.2 97.2 97.2 97.15 320.0 97.1 300.0 50.0 50.0 0.0 0.0 97.2
16:24:00 0.0 0.0 95.1 97.2 nan nan 97.15 320.0 97.1 300.0 nan 0.0 0.0 0.0 nan
16:25:00 0.0 0.0 95.1 97.2 nan nan 97.15 320.0 97.1 300.0 nan 0.0 0.0 0.0 nan
16:26:00 2.0 0.0 95.1 97.4 97.4 97.4 97.15 320.0 97.1 300.0 nan 0.0 0.0 0.0 nan
16:27:00 0.0 0.0 95.1 97.4 nan nan 97.15 320.0 97.1 300.0 nan 0.0 0.0 0.0 nan
16:28:00 1.0 1.0 95.1 97.46 97.46 97.46 97.15 320.0 97.1 300.0 1.0 1.0 0.0 0.0 97.46
16:29:00 0.0 0.0 95.1 97.46 nan nan 97.15 320.0 97.1 300.0 nan 0.0 0.0 0.0 nan
16:30:00 1.0 1.0 95.1 97.29 97.29 97.29 97.15 320.0 97.1 300.0 1.0 1.0 0.0 0.0 97.29
16:31:00 0.0 0.0 95.1 97.29 nan nan 97.15 320.0 97.1 300.0 nan 0.0 0.0 0.0 nan
16:32:00 0.0 0.0 95.1 97.29 nan nan 97.15 320.0 97.1 300.0 nan 0.0 0.0 0.0 nan
16:33:00 1.0 0.0 95.1 97.39 97.39 97.39 97.15 320.0 97.1 300.0 nan 0.0 0.0 0.0 nan
16:34:00 2.0 1.0 95.1 97.41 97.49 97.41 97.21 20.0 97.1 300.0 1.0 0.0 1.0 0.0 97.41
16:35:00 0.0 0.0 95.1 97.41 nan nan 97.21 20.0 97.1 300.0 nan 0.0 0.0 0.0 nan
16:36:00 0.0 0.0 95.1 97.41 nan nan 97.21 20.0 97.1 300.0 nan 0.0 0.0 0.0 nan
16:37:00 3.0 0.0 95.1 97.49 97.49 97.28 97.21 20.0 97.1 300.0 nan 0.0 0.0 0.0 nan
16:38:00 0.0 0.0 95.1 97.49 nan nan 97.22 320.0 97.1 300.0 nan 0.0 0.0 0.0 nan
16:39:00 0.0 0.0 95.1 97.49 nan nan 97.22 320.0 97.1 300.0 nan 0.0 0.0 0.0 nan
16:40:00 1.0 0.0 95.1 97.27 97.27 97.27 97.22 320.0 97.1 300.0 nan 0.0 0.0 0.0 nan
16:41:00 1.0 1.0 95.1 97.47 97.47 97.47 97.23 9.0 97.1 300.0 1.0 0.0 1.0 0.0 97.47
16:42:00 0.0 0.0 95.1 97.47 nan nan 97.23 9.0 97.1 300.0 nan 0.0 0.0 0.0 nan
16:43:00 1.0 0.0 95.1 97.49 97.49 97.49 97.23 9.0 97.1 300.0 nan 0.0 0.0 0.0 nan
16:44:00 3.0 280.0 95.1 97.22 97.26 97.22 97.22 49.0 97.1 300.0 280.0 0.0 280.0 0.0 97.2203
16:45:00 3.0 500.0 95.1 97.34 97.35 97.29 97.22 49.0 97.1 300.0 500.0 500.0 0.0 0.0 97.35
16:46:00 1.0 1.0 95.1 97.45 97.45 97.45 97.22 49.0 97.1 300.0 1.0 0.0 1.0 0.0 97.45
16:47:00 3.0 3.0 95.1 97.67 97.67 97.52 97.22 49.0 97.1 300.0 3.0 3.0 0.0 0.0 97.5733
16:48:00 0.0 0.0 95.1 97.67 nan nan 97.22 49.0 97.1 300.0 nan 0.0 0.0 0.0 nan
16:49:00 0.0 0.0 95.1 97.67 nan nan 97.22 49.0 97.1 300.0 nan 0.0 0.0 0.0 nan
16:50:00 2.0 100.0 95.1 97.54 97.54 97.54 97.22 50.0 97.1 300.0 100.0 50.0 50.0 0.0 97.54
16:51:00 0.0 0.0 95.1 97.54 nan nan 97.22 50.0 97.1 300.0 nan 0.0 0.0 0.0 nan
16:52:00 0.0 0.0 95.1 97.54 nan nan 97.22 50.0 97.1 300.0 nan 0.0 0.0 0.0 nan
16:53:00 2.0 0.0 95.1 97.44 97.48 97.44 97.22 50.0 97.1 300.0 nan 0.0 0.0 0.0 nan
16:54:00 0.0 0.0 95.1 97.44 nan nan 97.22 50.0 97.1 300.0 nan 0.0 0.0 0.0 nan
16:55:00 1.0 0.0 95.1 97.25 97.25 97.25 97.22 50.0 97.1 300.0 nan 0.0 0.0 0.0 nan
16:56:00 1.0 0.0 95.1 97.25 97.25 97.25 97.22 50.0 97.1 300.0 nan 0.0 0.0 0.0 nan
16:57:00 0.0 0.0 95.1 97.25 nan nan 97.22 50.0 97.1 300.0 nan 0.0 0.0 0.0 nan
16:58:00 1.0 0.0 95.1 97.48 97.48 97.48 97.22 50.0 97.1 300.0 nan 0.0 0.0 0.0 nan
16:59:00 0.0 0.0 95.1 97.48 nan nan 97.22 50.0 97.1 300.0 nan 0.0 0.0 0.0 nan
17:00:00 0.0 0.0 95.1 97.48 nan nan 97.22 50.0 97.1 300.0 nan 0.0 0.0 0.0 nan
