time trade_count trade_volume trade_first trade_last trade_high trade_low bid_price bid_size ask_price ask_size hid_vol buy_vol sell_vol unsided_vol vwap
09:00:00 nan 100.0 96.7 96.6 96.7 96.6 96.62 2.0 96.8 51.0 100.0 0.0 100.0 0.0 96.6042
09:01:00 11.0 32.0 96.7 96.8 96.8 96.75 96.62 2.0 96.8 44.0 32.0 29.0 3.0 0.0 96.7969
09:02:00 13.0 96.0 96.7 96.75 96.78 96.6 96.69 1.0 96.75 23.0 96.0 3.0 93.0 0.0 96.6132
09:03:00 8.0 37.0 96.7 96.74 96.75 96.6 96.69 1.0 96.75 29.0 37.0 11.0 26.0 0.0 96.6546
09:04:00 8.0 67.0 96.7 96.65 96.75 96.6 96.65 12.0 96.73 36.0 67.0 4.0 63.0 0.0 96.6482
09:05:00 8.0 161.0 96.7 96.6 96.73 96.6 96.65 5.0 96.65 45.0 161.0 33.0 128.0 0.0 96.6153
09:06:00 7.0 88.0 96.7 96.74 96.74 96.6 96.65 1.0 96.75 75.0 88.0 59.0 29.0 0.0 96.6386
09:07:00 10.0 81.0 96.7 96.7 96.75 96.6 96.6 706.0 96.7 73.0 81.0 45.0 36.0 0.0 96.6609
09:08:00 4.0 8.0 96.7 96.7 96.7 96.67 96.6 727.0 96.7 71.0 8.0 2.0 6.0 0.0 96.6775
09:09:00 12.0 22.0 96.7 96.73 96.73 96.6 96.6 766.0 96.7 28.0 22.0 1.0 21.0 0.0 96.6077
09:10:00 3.0 1.0 96.7 96.73 96.73 96.65 96.62 30.0 96.7 28.0 1.0 0.0 1.0 0.0 96.65
09:11:00 25.0 413.0 96.7 96.9 96.9 96.7 96.62 32.0 96.79 6.0 413.0 126.0 287.0 0.0 96.8639
09:12:00 7.0 2.0 96.7 96.64 96.88 96.64 96.62 47.0 96.99 21.0 2.0 2.0 0.0 0.0 96.79
09:13:00 4.0 13.0 96.7 96.89 96.91 96.89 96.77 3.0 96.99 21.0 13.0 0.0 13.0 0.0 96.89
09:14:00 9.0 25.0 96.7 96.95 96.95 96.62 96.8 1.0 96.99 21.0 25.0 10.0 15.0 0.0 96.804
09:15:00 5.0 5.0 96.7 96.95 96.96 96.8 96.8 1.0 96.99 21.0 5.0 0.0 5.0 0.0 96.92
09:16:00 5.0 200.0 96.7 96.95 96.96 96.74 96.8 1.0 96.99 21.0 200.0 0.0 200.0 0.0 96.95
09:17:00 6.0 3.0 96.7 96.74 96.96 96.74 96.8 3.0 96.96 1.0 3.0 2.0 1.0 0.0 96.9567
09:18:00 8.0 6.0 96.7 96.8 96.96 96.8 96.8 4.0 96.99 7.0 6.0 6.0 0.0 0.0 96.8267
09:19:00 13.0 24.0 96.7 96.95 96.95 96.8 96.77 3.0 96.95 9.0 24.0 19.0 5.0 0.0 96.8125
09:20:00 4.0 3.0 96.7 96.79 96.96 96.79 96.8 1.0 96.95 8.0 3.0 2.0 1.0 0.0 96.8433
09:21:00 35.0 80.0 96.7 96.71 96.91 96.61 96.62 2.0 96.95 8.0 80.0 10.0 70.0 0.0 96.7043
09:22:00 7.0 62.0 96.7 96.71 96.8 96.61 96.62 4.0 96.91 225.0 62.0 0.0 62.0 0.0 96.6303
09:23:00 18.0 180.0 96.7 96.87 96.87 96.6 96.8 1.0 96.86 21.0 180.0 0.0 180.0 0.0 96.6007
09:24:00 16.0 129.0 96.7 96.88 96.88 96.61 96.8 1.0 96.95 1.0 129.0 90.0 39.0 0.0 96.7226
09:25:00 10.0 74.0 96.7 96.95 96.95 96.6 96.8 516.0 96.96 1.0 74.0 1.0 73.0 0.0 96.6228
09:26:00 89.0 1672.0 96.7 96.77 96.96 96.59 96.6 1.0 96.87 4.0 1672.0 271.0 1401.0 0.0 96.6648
09:27:00 5.0 9.0 96.7 96.93 96.93 96.65 96.77 1.0 96.93 45.0 9.0 4.0 5.0 0.0 96.83
09:28:00 30.0 104.0 96.7 96.55 96.77 96.55 96.6 1.0 96.93 43.0 104.0 0.0 104.0 0.0 96.5746
09:29:00 14.0 4.0 96.7 96.66 96.9 96.56 96.58 1.0 96.93 20.0 4.0 1.0 3.0 0.0 96.7725
09:30:00 5.0 3.0 96.7 96.93 96.93 96.77 96.79 2526.0 96.93 17.0 3.0 3.0 0.0 0.0 96.93
09:31:00 1079.0 30362.0 96.7 97.22 97.37 96.75 97.21 2.0 97.24 200.0 30362.0 20525.0 9837.0 0.0 97.0605
09:32:00 320.0 10386.0 96.7 96.89 97.21 96.87 96.85 300.0 96.91 125.0 10386.0 2352.0 8034.0 0.0 97.01
09:33:00 319.0 11619.0 96.7 96.74 97.06 96.71 96.72 25.0 96.77 566.0 11619.0 5936.0 5683.0 0.0 96.8385
09:34:00 429.0 20948.0 96.7 96.72 96.85 96.68 96.71 400.0 96.75 800.0 20948.0 9781.0 11167.0 0.0 96.779
09:35:00 324.0 13686.0 96.7 96.925 96.94 96.64 96.9 614.0 96.95 334.0 13686.0 7995.0 5691.0 0.0 96.7428
09:36:00 326.0 17950.0 96.7 97.2 97.24 96.9 97.19 201.0 97.23 240.0 17950.0 9591.0 8359.0 0.0 97.113
09:37:00 284.0 10649.0 96.7 97.2 97.46 97.11 97.16 52.0 97.21 740.0 10649.0 7429.0 3220.0 0.0 97.3064
09:38:00 241.0 13799.0 96.7 97.12 97.3 97.12 97.1 1.0 97.13 85.0 13799.0 9828.0 3971.0 0.0 97.212
09:39:00 177.0 6649.0 96.7 97.13 97.23 97.04 97.12 400.0 97.16 10.0 6649.0 4469.0 2180.0 0.0 97.1386
09:40:00 176.0 6877.0 96.7 97.15 97.22 97.09 97.15 540.0 97.2 395.0 6877.0 4422.0 2455.0 0.0 97.1664
09:41:00 195.0 9299.0 96.7 97.17 97.2 97.09 97.16 39.0 97.2 568.0 9299.0 5023.0 4276.0 0.0 97.1414
09:42:00 223.0 8849.0 96.7 97.06 97.21 97.04 97.05 101.0 97.08 19.0 8849.0 3704.0 5145.0 0.0 97.1338
09:43:00 225.0 6721.0 96.7 96.84 97.11 96.83 96.83 51.0 96.87 509.0 6721.0 2526.0 4195.0 0.0 96.9759
09:44:00 309.0 16380.0 96.7 96.67 96.93 96.67 96.67 100.0 96.68 800.0 16380.0 7506.0 8874.0 0.0 96.7631
09:45:00 680.0 31161.0 96.7 96.54 96.68 96.44 96.53 1.0 96.56 1200.0 31161.0 14301.0 16860.0 0.0 96.5659
09:46:00 583.0 34210.0 96.7 96.5 96.65 96.4 96.49 252.0 96.53 150.0 34210.0 22874.0 11336.0 0.0 96.5432
09:47:00 285.0 11940.0 96.7 96.5 96.56 96.35 96.48 110.0 96.51 100.0 11940.0 8569.0 3371.0 0.0 96.4463
09:48:00 215.0 11406.0 96.7 96.55 96.58 96.37 96.55 100.0 96.57 2.0 11406.0 6496.0 4910.0 0.0 96.461
09:49:00 151.0 7131.0 96.7 96.54 96.67 96.51 96.51 160.0 96.56 300.0 7131.0 4903.0 2228.0 0.0 96.5965
09:50:00 246.0 17793.0 96.7 96.59 96.63 96.5 96.57 277.0 96.6 914.0 17793.0 5439.0 12354.0 0.0 96.5441
09:51:00 235.0 11030.0 96.7 96.53 96.72 96.52 96.52 8.0 96.53 100.0 11030.0 6722.0 4308.0 0.0 96.6238
09:52:00 398.0 29671.0 96.7 96.51 96.71 96.495 96.51 1.0 96.52 200.0 29671.0 10673.0 18998.0 0.0 96.6108
09:53:00 186.0 8487.0 96.7 96.53 96.59 96.49 96.51 135.0 96.54 790.0 8487.0 4846.0 3641.0 0.0 96.5378
09:54:00 370.0 15050.0 96.7 96.29 96.52 96.26 96.27 1.0 96.29 1295.0 15050.0 6533.0 8517.0 0.0 96.3474
09:55:00 316.0 16895.0 96.7 96.24 96.29 96.15 96.22 213.0 96.25 455.0 16895.0 10269.0 6626.0 0.0 96.2251
09:56:00 305.0 12337.0 96.7 96.3 96.3 96.15 96.26 500.0 96.29 50.0 12337.0 7058.0 5279.0 0.0 96.1904
09:57:00 248.0 14101.0 96.7 96.27 96.33 96.21 96.26 100.0 96.28 757.0 14101.0 8250.0 5851.0 0.0 96.2955
09:58:00 291.0 13640.0 96.7 96.09 96.31 96.05 96.07 272.0 96.11 549.0 13640.0 5398.0 8242.0 0.0 96.1658
09:59:00 765.0 30714.0 96.7 96.03 96.14 95.98 96.01 102.0 96.04 216.0 30714.0 12414.0 18300.0 0.0 96.0262
10:00:00 282.0 26381.0 96.7 96.0 96.06 95.92 95.99 101.0 96.03 599.0 26381.0 14091.0 12290.0 0.0 95.9791
10:01:00 287.0 13357.0 96.7 95.98 96.03 95.92 95.97 4.0 96.0 1063.0 13357.0 7671.0 5686.0 0.0 95.9772
10:02:00 262.0 11232.0 96.7 95.84 95.98 95.84 95.84 104.0 95.86 50.0 11232.0 5643.0 5589.0 0.0 95.907
10:03:00 263.0 16593.0 96.7 95.87 96.03 95.8 95.84 104.0 95.87 250.0 16593.0 6770.0 9823.0 0.0 95.8977
10:04:00 205.0 8291.0 96.7 95.87 95.89 95.79 95.86 150.0 95.88 5.0 8291.0 3607.0 4684.0 0.0 95.8423
10:05:00 264.0 8744.0 96.7 95.77 95.92 95.75 95.77 69.0 95.79 50.0 8744.0 3799.0 4945.0 0.0 95.8365
10:06:00 135.0 5580.0 96.7 95.8 95.9 95.77 95.78 3.0 95.81 156.0 5580.0 3550.0 2030.0 0.0 95.8249
10:07:00 138.0 6743.0 96.7 95.85 95.89 95.77 95.84 25.0 95.86 150.0 6743.0 3861.0 2882.0 0.0 95.8295
10:08:00 184.0 9007.0 96.7 95.91 95.95 95.83 95.89 110.0 95.92 1047.0 9007.0 4824.0 4183.0 0.0 95.9128
10:09:00 224.0 9568.0 96.7 95.8 95.92 95.8 95.8 27.0 95.83 163.0 9568.0 3937.0 5631.0 0.0 95.8747
10:10:00 164.0 7458.0 96.7 95.93 95.93 95.78 95.9 352.0 95.94 850.0 7458.0 4094.0 3364.0 0.0 95.8626
10:11:00 153.0 9930.0 96.7 95.87 95.94 95.84 95.86 357.0 95.89 1100.0 9930.0 5680.0 4250.0 0.0 95.9032
10:12:00 222.0 9102.0 96.7 95.775 95.92 95.76 95.77 290.0 95.8 100.0 9102.0 4796.0 4306.0 0.0 95.8414
10:13:00 236.0 11019.0 96.7 95.78 95.92 95.73 95.77 167.0 95.79 155.0 11019.0 3690.0 7329.0 0.0 95.7909
10:14:00 216.0 7914.0 96.7 95.77 95.8 95.7 95.76 102.0 95.79 50.0 7914.0 4011.0 3903.0 0.0 95.7496
10:15:00 253.0 18068.0 96.7 95.79 95.86 95.72 95.77 112.0 95.79 149.0 18068.0 8870.0 9198.0 0.0 95.7696
10:16:00 250.0 12697.0 96.7 95.8 95.86 95.72 95.8 250.0 95.83 152.0 12697.0 7338.0 5359.0 0.0 95.8167
10:17:00 332.0 21126.0 96.7 95.71 95.82 95.7 95.71 390.0 95.73 101.0 21126.0 4973.0 16153.0 0.0 95.743
10:18:00 259.0 19455.0 96.7 95.83 95.98 95.71 95.81 50.0 95.84 49.0 19455.0 10300.0 9155.0 0.0 95.8945
10:19:00 136.0 8361.0 96.7 95.94 95.96 95.83 95.92 1.0 95.95 500.0 8361.0 5543.0 2818.0 0.0 95.9256
10:20:00 173.0 9361.0 96.7 95.98 96.0 95.91 95.98 100.0 96.0 308.0 9361.0 5916.0 3445.0 0.0 95.9626
10:21:00 275.0 15875.0 96.7 96.09 96.13 95.96 96.07 101.0 96.09 260.0 15875.0 11095.0 4780.0 0.0 96.0465
10:22:00 174.0 8236.0 96.7 96.01 96.09 95.95 95.99 585.0 96.02 200.0 8236.0 4745.0 3491.0 0.0 96.0208
10:23:00 167.0 5942.0 96.7 95.9 96.03 95.88 95.89 350.0 95.91 44.0 5942.0 3189.0 2753.0 0.0 95.9453
10:24:00 162.0 6699.0 96.7 95.84 95.9 95.81 95.82 801.0 95.85 150.0 6699.0 2086.0 4613.0 0.0 95.8511
10:25:00 103.0 3434.0 96.7 95.88 95.89 95.81 95.87 150.0 95.89 100.0 3434.0 2196.0 1238.0 0.0 95.8555
10:26:00 103.0 5105.0 96.7 95.97 96.0 95.87 95.97 211.0 96.0 273.0 5105.0 3286.0 1819.0 0.0 95.9322
10:27:00 205.0 10432.0 96.7 95.99 96.07 95.9 95.98 252.0 96.01 200.0 10432.0 6934.0 3498.0 0.0 95.9968
10:28:00 136.0 6573.0 96.7 96.13 96.16 95.96 96.12 61.0 96.14 1.0 6573.0 4221.0 2352.0 0.0 96.0562
10:29:00 105.0 7454.0 96.7 96.13 96.16 96.05 96.12 50.0 96.14 110.0 7454.0 4302.0 3152.0 0.0 96.1057
10:30:00 70.0 4085.0 96.7 96.28 96.28 96.11 96.27 150.0 96.3 1150.0 4085.0 2668.0 1417.0 0.0 96.1891
10:31:00 391.0 25134.0 96.7 96.45 96.45 96.26 96.45 229.0 96.46 591.0 25134.0 11048.0 14086.0 0.0 96.4046
10:32:00 365.0 21851.0 96.7 96.35 96.46 96.31 96.35 1.0 96.37 142.0 21851.0 14099.0 7752.0 0.0 96.3892
10:33:00 180.0 9501.0 96.7 96.36 96.4 96.29 96.35 100.0 96.37 414.0 9501.0 4008.0 5493.0 0.0 96.3425
10:34:00 95.0 4451.0 96.7 96.33 96.39 96.32 96.33 11.0 96.36 52.0 4451.0 1997.0 2454.0 0.0 96.3428
10:35:00 112.0 4666.0 96.7 96.33 96.35 96.28 96.32 200.0 96.34 316.0 4666.0 1515.0 3151.0 0.0 96.3211
10:36:00 250.0 15515.0 96.7 96.26 96.35 96.24 96.26 200.0 96.28 250.0 15515.0 3828.0 11687.0 0.0 96.2789
10:37:00 150.0 9211.0 96.7 96.12 96.29 96.12 96.11 201.0 96.13 950.0 9211.0 2194.0 7017.0 0.0 96.1706
10:38:00 159.0 9285.0 96.7 96.09 96.15 96.05 96.07 151.0 96.1 160.0 9285.0 3623.0 5662.0 0.0 96.0912
10:39:00 102.0 6126.0 96.7 96.14 96.16 96.09 96.13 326.0 96.14 10.0 6126.0 4607.0 1519.0 0.0 96.13
10:40:00 104.0 6503.0 96.7 96.2 96.21 96.14 96.19 102.0 96.21 250.0 6503.0 5116.0 1387.0 0.0 96.1708
10:41:00 63.0 2228.0 96.7 96.23 96.28 96.19 96.22 133.0 96.25 656.0 2228.0 843.0 1385.0 0.0 96.2433
10:42:00 240.0 14728.0 96.7 96.24 96.38 96.22 96.24 300.0 96.26 4.0 14728.0 5790.0 8938.0 0.0 96.3089
10:43:00 116.0 5075.0 96.7 96.25 96.27 96.2 96.25 180.0 96.27 450.0 5075.0 3607.0 1468.0 0.0 96.2362
10:44:00 156.0 8144.0 96.7 96.18 96.27 96.17 96.18 129.0 96.19 104.0 8144.0 3074.0 5070.0 0.0 96.2129
10:45:00 169.0 6341.0 96.7 96.1 96.18 96.09 96.12 355.0 96.13 6.0 6341.0 3155.0 3186.0 0.0 96.1234
10:46:00 105.0 6009.0 96.7 96.1 96.19 96.09 96.08 158.0 96.11 2053.0 6009.0 3346.0 2663.0 0.0 96.1493
10:47:00 191.0 9523.0 96.7 96.03 96.11 96.01 96.02 517.0 96.03 93.0 9523.0 2968.0 6555.0 0.0 96.0487
10:48:00 299.0 11272.0 96.7 95.9 96.05 95.88 95.91 101.0 95.93 70.0 11272.0 2865.0 8407.0 0.0 95.9686
10:49:00 167.0 10200.0 96.7 95.91 95.97 95.87 95.89 101.0 95.91 150.0 10200.0 4745.0 5455.0 0.0 95.9243
10:50:00 139.0 6010.0 96.7 95.88 95.89 95.82 95.87 500.0 95.9 100.0 6010.0 4405.0 1605.0 0.0 95.8544
10:51:00 347.0 12026.0 96.7 95.83 95.96 95.82 95.83 1110.0 95.85 254.0 12026.0 5294.0 6732.0 0.0 95.8795
10:52:00 120.0 5169.0 96.7 95.85 95.9 95.84 95.84 1036.0 95.86 1054.0 5169.0 3280.0 1889.0 0.0 95.8699
10:53:00 111.0 7960.0 96.7 95.87 95.9 95.83 95.85 168.0 95.88 850.0 7960.0 5414.0 2546.0 0.0 95.8695
10:54:00 98.0 4417.0 96.7 95.87 95.88 95.81 95.84 351.0 95.86 104.0 4417.0 2694.0 1723.0 0.0 95.8479
10:55:00 187.0 15815.0 96.7 95.99 96.01 95.84 95.99 550.0 96.01 95.0 15815.0 10600.0 5215.0 0.0 95.912
10:56:00 117.0 8088.0 96.7 96.07 96.07 96.01 96.07 210.0 96.09 660.0 8088.0 5775.0 2313.0 0.0 96.0384
10:57:00 95.0 5352.0 96.7 96.04 96.12 96.02 96.05 50.0 96.06 221.0 5352.0 3391.0 1961.0 0.0 96.0824
10:58:00 114.0 5960.0 96.7 96.1 96.13 96.05 96.1 22.0 96.12 1325.0 5960.0 3194.0 2766.0 0.0 96.1016
10:59:00 414.0 19205.0 96.7 96.0 96.14 95.99 95.98 952.0 96.01 50.0 19205.0 7432.0 11773.0 0.0 96.052
11:00:00 155.0 5695.0 96.7 96.02 96.05 95.96 96.01 150.0 96.04 638.0 5695.0 3213.0 2482.0 0.0 96.0075
11:01:00 149.0 7261.0 96.7 96.08 96.16 96.03 96.08 51.0 96.11 1945.0 7261.0 3872.0 3389.0 0.0 96.0947
11:02:00 100.0 6180.0 96.7 96.14 96.19 96.1 96.15 698.0 96.17 4.0 6180.0 1666.0 4514.0 0.0 96.1371
11:03:00 131.0 5148.0 96.7 96.06 96.17 96.02 96.04 11.0 96.06 800.0 5148.0 2205.0 2943.0 0.0 96.1175
11:04:00 160.0 6748.0 96.7 95.96 96.04 95.95 95.96 411.0 95.97 100.0 6748.0 3303.0 3445.0 0.0 95.9851
11:05:00 126.0 5417.0 96.7 96.1 96.12 95.97 96.09 597.0 96.12 3.0 5417.0 2831.0 2586.0 0.0 96.0365
11:06:00 101.0 5799.0 96.7 96.28 96.29 96.12 96.26 666.0 96.28 58.0 5799.0 3765.0 2034.0 0.0 96.2332
11:07:00 70.0 4275.0 96.7 96.23 96.32 96.22 96.22 1.0 96.23 100.0 4275.0 2089.0 2186.0 0.0 96.2723
11:08:00 121.0 6001.0 96.7 96.14 96.27 96.14 96.14 3.0 96.15 100.0 6001.0 2508.0 3493.0 0.0 96.2352
11:09:00 65.0 3330.0 96.7 96.16 96.2 96.13 96.14 200.0 96.16 1.0 3330.0 2397.0 933.0 0.0 96.1759
11:10:00 155.0 8784.0 96.7 96.13 96.21 96.11 96.12 100.0 96.14 58.0 8784.0 4275.0 4509.0 0.0 96.1757
11:11:00 120.0 6898.0 96.7 96.21 96.25 96.12 96.2 713.0 96.23 6.0 6898.0 4116.0 2782.0 0.0 96.1836
11:12:00 86.0 4451.0 96.7 96.23 96.28 96.2 96.23 1.0 96.24 460.0 4451.0 2737.0 1714.0 0.0 96.2518
11:13:00 95.0 5815.0 96.7 96.38 96.38 96.22 96.37 200.0 96.39 587.0 5815.0 4069.0 1746.0 0.0 96.3187
11:14:00 188.0 12142.0 96.7 96.57 96.595 96.34 96.57 306.0 96.58 130.0 12142.0 8507.0 3635.0 0.0 96.4788
11:15:00 153.0 9613.0 96.7 96.58 96.66 96.57 96.56 52.0 96.58 551.0 9613.0 4335.0 5278.0 0.0 96.6066
11:16:00 62.0 2534.0 96.7 96.47 96.58 96.47 96.45 200.0 96.47 822.0 2534.0 703.0 1831.0 0.0 96.5305
11:17:00 115.0 7044.0 96.7 96.48 96.49 96.41 96.5 185.0 96.53 250.0 7044.0 3511.0 3533.0 0.0 96.4591
11:18:00 47.0 1462.0 96.7 96.52 96.55 96.51 96.51 704.0 96.54 261.0 1462.0 387.0 1075.0 0.0 96.5267
11:19:00 164.0 7788.0 96.7 96.605 96.65 96.5 96.59 700.0 96.61 1.0 7788.0 4644.0 3144.0 0.0 96.5643
11:20:00 155.0 10483.0 96.7 96.6 96.62 96.57 96.58 150.0 96.6 3.0 10483.0 6579.0 3904.0 0.0 96.5901
11:21:00 57.0 2338.0 96.7 96.515 96.58 96.51 96.51 250.0 96.53 921.0 2338.0 364.0 1974.0 0.0 96.5354
11:22:00 146.0 6862.0 96.7 96.44 96.51 96.41 96.43 641.0 96.46 1650.0 6862.0 4448.0 2414.0 0.0 96.4526
11:23:00 156.0 7547.0 96.7 96.38 96.47 96.34 96.38 195.0 96.39 55.0 7547.0 4858.0 2689.0 0.0 96.4032
11:24:00 92.0 8220.0 96.7 96.395 96.43 96.36 96.38 251.0 96.41 150.0 8220.0 5657.0 2563.0 0.0 96.3905
11:25:00 52.0 3090.0 96.7 96.41 96.44 96.4 96.41 893.0 96.43 100.0 3090.0 1571.0 1519.0 0.0 96.4133
11:26:00 96.0 5983.0 96.7 96.47 96.5 96.39 96.47 544.0 96.49 50.0 5983.0 3636.0 2347.0 0.0 96.4509
11:27:00 113.0 4594.0 96.7 96.56 96.59 96.46 96.55 100.0 96.58 801.0 4594.0 2640.0 1954.0 0.0 96.5454
11:28:00 91.0 3061.0 96.7 96.6 96.63 96.54 96.57 451.0 96.6 11.0 3061.0 1088.0 1973.0 0.0 96.5817
11:29:00 140.0 4241.0 96.7 96.5 96.59 96.5 96.5 457.0 96.53 250.0 4241.0 1058.0 3183.0 0.0 96.5465
11:30:00 88.0 3310.0 96.7 96.52 96.53 96.43 96.51 246.0 96.52 30.0 3310.0 1478.0 1832.0 0.0 96.4895
11:31:00 136.0 5396.0 96.7 96.5 96.55 96.48 96.48 1896.0 96.5 139.0 5396.0 2485.0 2911.0 0.0 96.5168
11:32:00 133.0 6074.0 96.7 96.48 96.55 96.44 96.47 991.0 96.49 19.0 6074.0 2889.0 3185.0 0.0 96.4825
11:33:00 120.0 3457.0 96.7 96.43 96.49 96.34 96.4 1575.0 96.42 6.0 3457.0 1608.0 1849.0 0.0 96.4026
11:34:00 66.0 3213.0 96.7 96.46 96.46 96.39 96.45 191.0 96.47 114.0 3213.0 1492.0 1721.0 0.0 96.4407
11:35:00 65.0 3585.0 96.7 96.4 96.45 96.38 96.39 250.0 96.4 22.0 3585.0 1491.0 2094.0 0.0 96.4287
11:36:00 95.0 8738.0 96.7 96.5 96.5 96.39 96.49 50.0 96.5 1.0 8738.0 6857.0 1881.0 0.0 96.435
11:37:00 62.0 2180.0 96.7 96.48 96.53 96.47 96.47 350.0 96.48 123.0 2180.0 1337.0 843.0 0.0 96.5015
11:38:00 196.0 10088.0 96.7 96.41 96.53 96.33 96.38 450.0 96.41 150.0 10088.0 2817.0 7271.0 0.0 96.3983
11:39:00 68.0 3801.0 96.7 96.36 96.45 96.36 96.35 100.0 96.37 200.0 3801.0 2139.0 1662.0 0.0 96.4161
11:40:00 136.0 9800.0 96.7 96.4 96.42 96.35 96.39 52.0 96.41 116.0 9800.0 7391.0 2409.0 0.0 96.3902
11:41:00 231.0 18110.0 96.7 96.46 96.46 96.35 96.46 50.0 96.48 263.0 18110.0 6015.0 12095.0 0.0 96.4056
11:42:00 94.0 4654.0 96.7 96.45 96.47 96.39 96.44 1.0 96.46 570.0 4654.0 2144.0 2510.0 0.0 96.4193
11:43:00 82.0 3730.0 96.7 96.48 96.5 96.42 96.46 131.0 96.49 200.0 3730.0 866.0 2864.0 0.0 96.48
11:44:00 101.0 5491.0 96.7 96.4 96.47 96.39 96.39 150.0 96.42 745.0 5491.0 2528.0 2963.0 0.0 96.4179
11:45:00 147.0 7566.0 96.7 96.41 96.42 96.34 96.4 100.0 96.41 76.0 7566.0 4369.0 3197.0 0.0 96.3791
11:46:00 81.0 4192.0 96.7 96.45 96.47 96.4 96.44 250.0 96.47 64.0 4192.0 1771.0 2421.0 0.0 96.436
11:47:00 56.0 2948.0 96.7 96.36 96.44 96.36 96.35 151.0 96.37 10.0 2948.0 855.0 2093.0 0.0 96.4005
11:48:00 59.0 2426.0 96.7 96.37 96.39 96.35 96.36 214.0 96.38 53.0 2426.0 1194.0 1232.0 0.0 96.3686
11:49:00 70.0 3596.0 96.7 96.4 96.4 96.34 96.38 251.0 96.4 1.0 3596.0 1003.0 2593.0 0.0 96.3723
11:50:00 110.0 10057.0 96.7 96.4 96.42 96.36 96.39 94.0 96.4 12.0 10057.0 7556.0 2501.0 0.0 96.3777
11:51:00 82.0 3254.0 96.7 96.38 96.43 96.37 96.37 450.0 96.4 347.0 3254.0 1614.0 1640.0 0.0 96.4054
11:52:00 82.0 3829.0 96.7 96.47 96.47 96.39 96.46 397.0 96.48 784.0 3829.0 3049.0 780.0 0.0 96.4282
11:53:00 97.0 4352.0 96.7 96.51 96.55 96.46 96.5 182.0 96.51 200.0 4352.0 3202.0 1150.0 0.0 96.4977
11:54:00 85.0 5046.0 96.7 96.47 96.5 96.42 96.46 200.0 96.48 953.0 5046.0 1259.0 3787.0 0.0 96.4615
11:55:00 88.0 3948.0 96.7 96.41 96.46 96.35 96.4 250.0 96.42 6.0 3948.0 1757.0 2191.0 0.0 96.3914
11:56:00 82.0 3276.0 96.7 96.43 96.49 96.41 96.42 1.0 96.45 487.0 3276.0 1378.0 1898.0 0.0 96.4529
11:57:00 79.0 6107.0 96.7 96.45 96.46 96.385 96.44 589.0 96.46 100.0 6107.0 2194.0 3913.0 0.0 96.4221
11:58:00 71.0 4272.0 96.7 96.49 96.51 96.45 96.48 150.0 96.49 104.0 4272.0 3342.0 930.0 0.0 96.4877
11:59:00 123.0 6176.0 96.7 96.5 96.52 96.43 96.47 635.0 96.5 329.0 6176.0 2098.0 4078.0 0.0 96.4798
12:00:00 136.0 6597.0 96.7 96.32 96.47 96.32 96.31 801.0 96.34 50.0 6597.0 2064.0 4533.0 0.0 96.381
12:01:00 43.0 1969.0 96.7 96.41 96.42 96.33 96.4 460.0 96.43 350.0 1969.0 1233.0 736.0 0.0 96.3708
12:02:00 58.0 3415.0 96.7 96.4 96.41 96.36 96.39 1.0 96.41 1350.0 3415.0 1472.0 1943.0 0.0 96.3939
12:03:00 129.0 4123.0 96.7 96.24 96.4 96.22 96.24 200.0 96.26 150.0 4123.0 1612.0 2511.0 0.0 96.3023
12:04:00 157.0 8182.0 96.7 96.26 96.27 96.16 96.24 256.0 96.27 100.0 8182.0 2714.0 5468.0 0.0 96.2229
12:05:00 64.0 3261.0 96.7 96.23 96.27 96.2 96.23 195.0 96.25 11.0 3261.0 2072.0 1189.0 0.0 96.2419
12:06:00 70.0 3657.0 96.7 96.26 96.28 96.22 96.25 750.0 96.27 72.0 3657.0 1907.0 1750.0 0.0 96.248
12:07:00 119.0 6920.0 96.7 96.24 96.3 96.21 96.23 751.0 96.25 100.0 6920.0 3519.0 3401.0 0.0 96.2651
12:08:00 66.0 3541.0 96.7 96.28 96.28 96.23 96.27 499.0 96.28 642.0 3541.0 1320.0 2221.0 0.0 96.2575
12:09:00 162.0 12448.0 96.7 96.34 96.35 96.24 96.32 338.0 96.34 159.0 12448.0 6225.0 6223.0 0.0 96.2848
12:10:00 134.0 6922.0 96.7 96.39 96.39 96.33 96.37 1.0 96.39 450.0 6922.0 2570.0 4352.0 0.0 96.3658
12:11:00 88.0 4164.0 96.7 96.32 96.37 96.28 96.32 350.0 96.33 100.0 4164.0 1332.0 2832.0 0.0 96.328
12:12:00 41.0 2073.0 96.7 96.39 96.39 96.33 96.37 445.0 96.4 3623.0 2073.0 1385.0 688.0 0.0 96.3604
12:13:00 74.0 6594.0 96.7 96.43 96.45 96.36 96.43 87.0 96.44 100.0 6594.0 5338.0 1256.0 0.0 96.4027
12:14:00 201.0 11192.0 96.7 96.4 96.43 96.35 96.41 11.0 96.43 130.0 11192.0 3505.0 7687.0 0.0 96.3948
12:15:00 145.0 8032.0 96.7 96.4 96.42 96.34 96.39 550.0 96.42 50.0 8032.0 3932.0 4100.0 0.0 96.3811
12:16:00 63.0 3213.0 96.7 96.42 96.42 96.37 96.38 451.0 96.41 200.0 3213.0 2050.0 1163.0 0.0 96.4046
12:17:00 88.0 3776.0 96.7 96.31 96.4 96.31 96.31 61.0 96.32 1242.0 3776.0 2021.0 1755.0 0.0 96.3651
12:18:00 88.0 5700.0 96.7 96.32 96.34 96.29 96.31 751.0 96.33 50.0 5700.0 3535.0 2165.0 0.0 96.3139
12:19:00 44.0 1964.0 96.7 96.36 96.37 96.28 96.36 20.0 96.37 45.0 1964.0 794.0 1170.0 0.0 96.3239
12:20:00 129.0 6377.0 96.7 96.27 96.39 96.25 96.26 50.0 96.28 200.0 6377.0 2334.0 4043.0 0.0 96.3298
12:21:00 78.0 3205.0 96.7 96.36 96.36 96.27 96.35 551.0 96.37 232.0 3205.0 1978.0 1227.0 0.0 96.3135
12:22:00 65.0 3081.0 96.7 96.44 96.49 96.37 96.43 208.0 96.46 253.0 3081.0 2181.0 900.0 0.0 96.4308
12:23:00 147.0 10189.0 96.7 96.42 96.46 96.38 96.42 151.0 96.44 150.0 10189.0 2945.0 7244.0 0.0 96.425
12:24:00 106.0 5934.0 96.7 96.42 96.47 96.4 96.43 309.0 96.45 150.0 5934.0 2047.0 3887.0 0.0 96.4357
12:25:00 111.0 6199.0 96.7 96.42 96.51 96.42 96.42 23.0 96.44 450.0 6199.0 3002.0 3197.0 0.0 96.4652
12:26:00 161.0 13291.0 96.7 96.53 96.58 96.45 96.52 300.0 96.53 400.0 13291.0 10424.0 2867.0 0.0 96.5337
12:27:00 91.0 5110.0 96.7 96.39 96.52 96.39 96.38 36.0 96.39 860.0 5110.0 944.0 4166.0 0.0 96.4664
12:28:00 224.0 12141.0 96.7 96.4 96.44 96.37 96.38 286.0 96.4 856.0 12141.0 5702.0 6439.0 0.0 96.4004
12:29:00 78.0 3961.0 96.7 96.31 96.38 96.31 96.3 24.0 96.32 266.0 3961.0 816.0 3145.0 0.0 96.3406
12:30:00 119.0 6367.0 96.7 96.28 96.32 96.28 96.28 62.0 96.29 378.0 6367.0 2084.0 4283.0 0.0 96.2963
12:31:00 95.0 3775.0 96.7 96.28 96.34 96.26 96.27 1.0 96.28 450.0 3775.0 1758.0 2017.0 0.0 96.2864
12:32:00 95.0 4121.0 96.7 96.16 96.29 96.15 96.16 151.0 96.17 200.0 4121.0 1555.0 2566.0 0.0 96.2221
12:33:00 134.0 6319.0 96.7 96.16 96.18 96.13 96.15 39.0 96.17 1967.0 6319.0 3859.0 2460.0 0.0 96.1552
12:34:00 130.0 5955.0 96.7 96.14 96.15 96.1 96.13 230.0 96.15 400.0 5955.0 3905.0 2050.0 0.0 96.1277
12:35:00 67.0 3383.0 96.7 96.21 96.23 96.14 96.21 50.0 96.22 300.0 3383.0 2814.0 569.0 0.0 96.1768
12:36:00 80.0 4704.0 96.7 96.38 96.38 96.22 96.37 51.0 96.4 841.0 4704.0 3897.0 807.0 0.0 96.304
12:37:00 49.0 4191.0 96.7 96.37 96.43 96.37 96.36 63.0 96.37 100.0 4191.0 496.0 3695.0 0.0 96.3961
12:38:00 71.0 3523.0 96.7 96.37 96.42 96.35 96.36 10.0 96.38 1000.0 3523.0 2385.0 1138.0 0.0 96.3767
12:39:00 40.0 2182.0 96.7 96.4 96.41 96.37 96.38 250.0 96.41 453.0 2182.0 1729.0 453.0 0.0 96.3871
12:40:00 74.0 4396.0 96.7 96.38 96.39 96.36 96.36 850.0 96.39 575.0 4396.0 3688.0 708.0 0.0 96.3747
12:41:00 85.0 4155.0 96.7 96.42 96.46 96.39 96.41 165.0 96.43 400.0 4155.0 2627.0 1528.0 0.0 96.4126
12:42:00 52.0 2016.0 96.7 96.38 96.41 96.36 96.37 225.0 96.39 712.0 2016.0 614.0 1402.0 0.0 96.3812
12:43:00 74.0 3355.0 96.7 96.41 96.41 96.37 96.4 150.0 96.41 2.0 3355.0 2311.0 1044.0 0.0 96.3921
12:44:00 45.0 2388.0 96.7 96.38 96.41 96.38 96.37 550.0 96.39 50.0 2388.0 1254.0 1134.0 0.0 96.3906
12:45:00 100.0 5560.0 96.7 96.3 96.39 96.3 96.28 553.0 96.3 310.0 5560.0 1431.0 4129.0 0.0 96.3428
12:46:00 86.0 3779.0 96.7 96.34 96.34 96.3 96.33 868.0 96.35 400.0 3779.0 1836.0 1943.0 0.0 96.3151
12:47:00 120.0 6041.0 96.7 96.4 96.4 96.34 96.4 100.0 96.41 201.0 6041.0 3211.0 2830.0 0.0 96.3856
12:48:00 60.0 1982.0 96.7 96.39 96.41 96.37 96.37 12.0 96.38 9.0 1982.0 463.0 1519.0 0.0 96.3919
12:49:00 93.0 3403.0 96.7 96.33 96.38 96.3 96.31 50.0 96.34 1552.0 3403.0 1066.0 2337.0 0.0 96.3437
12:50:00 73.0 4181.0 96.7 96.38 96.39 96.34 96.38 202.0 96.4 370.0 4181.0 2604.0 1577.0 0.0 96.3581
12:51:00 92.0 4033.0 96.7 96.47 96.47 96.39 96.46 200.0 96.47 500.0 4033.0 2713.0 1320.0 0.0 96.4315
12:52:00 91.0 5016.0 96.7 96.435 96.48 96.435 96.43 201.0 96.44 610.0 5016.0 1658.0 3358.0 0.0 96.4571
12:53:00 65.0 2278.0 96.7 96.4 96.43 96.37 96.39 637.0 96.41 100.0 2278.0 1193.0 1085.0 0.0 96.3958
12:54:00 102.0 5099.0 96.7 96.27 96.43 96.27 96.26 252.0 96.28 700.0 5099.0 2807.0 2292.0 0.0 96.3399
12:55:00 92.0 4929.0 96.7 96.28 96.28 96.23 96.28 15.0 96.3 1710.0 4929.0 2424.0 2505.0 0.0 96.2587
12:56:00 116.0 7016.0 96.7 96.22 96.28 96.21 96.23 250.0 96.25 350.0 7016.0 3641.0 3375.0 0.0 96.2349
12:57:00 70.0 3058.0 96.7 96.23 96.27 96.2 96.22 10.0 96.25 2428.0 3058.0 1708.0 1350.0 0.0 96.2427
12:58:00 108.0 4831.0 96.7 96.15 96.23 96.14 96.14 350.0 96.15 458.0 4831.0 2004.0 2827.0 0.0 96.1789
12:59:00 168.0 7558.0 96.7 96.16 96.17 96.1 96.14 101.0 96.16 50.0 7558.0 4377.0 3181.0 0.0 96.1403
13:00:00 86.0 3229.0 96.7 96.16 96.21 96.14 96.14 125.0 96.16 290.0 3229.0 1808.0 1421.0 0.0 96.1751
13:01:00 58.0 2430.0 96.7 96.12 96.15 96.11 96.11 111.0 96.13 711.0 2430.0 1734.0 696.0 0.0 96.1248
13:02:00 70.0 3553.0 96.7 96.08 96.13 96.08 96.08 225.0 96.09 560.0 3553.0 1487.0 2066.0 0.0 96.0998
13:03:00 92.0 3889.0 96.7 96.09 96.1 96.04 96.08 456.0 96.1 797.0 3889.0 2222.0 1667.0 0.0 96.0672
13:04:00 95.0 4597.0 96.7 96.08 96.09 96.04 96.06 419.0 96.08 206.0 4597.0 3024.0 1573.0 0.0 96.067
13:05:00 65.0 4516.0 96.7 96.08 96.11 96.06 96.07 100.0 96.09 245.0 4516.0 1875.0 2641.0 0.0 96.0819
13:06:00 91.0 3950.0 96.7 96.135 96.21 96.08 96.13 203.0 96.16 202.0 3950.0 3229.0 721.0 0.0 96.1634
13:07:00 59.0 3040.0 96.7 96.14 96.18 96.13 96.12 385.0 96.15 186.0 3040.0 1977.0 1063.0 0.0 96.1479
13:08:00 51.0 1966.0 96.7 96.11 96.17 96.11 96.11 150.0 96.12 7.0 1966.0 1384.0 582.0 0.0 96.1416
13:09:00 60.0 2141.0 96.7 96.14 96.16 96.11 96.13 458.0 96.14 154.0 2141.0 1096.0 1045.0 0.0 96.1363
13:10:00 131.0 7330.0 96.7 96.04 96.17 96.04 96.03 685.0 96.06 252.0 7330.0 2755.0 4575.0 0.0 96.1419
13:11:00 413.0 13751.0 96.7 96.04 96.07 95.97 96.03 418.0 96.05 150.0 13751.0 3342.0 10409.0 0.0 96.0059
13:12:00 66.0 3014.0 96.7 96.1 96.11 96.03 96.1 398.0 96.11 200.0 3014.0 2556.0 458.0 0.0 96.0698
13:13:00 52.0 2915.0 96.7 96.04 96.11 96.03 96.03 83.0 96.05 450.0 2915.0 669.0 2246.0 0.0 96.0768
13:14:00 47.0 2019.0 96.7 96.06 96.06 96.03 96.05 101.0 96.07 515.0 2019.0 1096.0 923.0 0.0 96.0528
13:15:00 40.0 1866.0 96.7 96.07 96.07 96.03 96.05 342.0 96.07 1233.0 1866.0 1356.0 510.0 0.0 96.0495
13:16:00 101.0 6292.0 96.7 96.13 96.15 96.07 96.11 403.0 96.13 550.0 6292.0 5150.0 1142.0 0.0 96.0968
13:17:00 84.0 3604.0 96.7 96.12 96.17 96.11 96.11 323.0 96.13 291.0 3604.0 2079.0 1525.0 0.0 96.1344
13:18:00 48.0 2466.0 96.7 96.09 96.12 96.08 96.08 250.0 96.09 401.0 2466.0 834.0 1632.0 0.0 96.1001
13:19:00 89.0 4012.0 96.7 96.1 96.1 96.03 96.07 257.0 96.09 110.0 4012.0 1760.0 2252.0 0.0 96.0621
13:20:00 42.0 1659.0 96.7 96.07 96.08 96.05 96.07 560.0 96.08 10.0 1659.0 1186.0 473.0 0.0 96.068
13:21:00 109.0 4368.0 96.7 96.07 96.11 96.06 96.07 335.0 96.09 50.0 4368.0 1623.0 2745.0 0.0 96.0816
13:22:00 125.0 6760.0 96.7 96.15 96.18 96.06 96.15 775.0 96.17 100.0 6760.0 3452.0 3308.0 0.0 96.1093
13:23:00 84.0 4497.0 96.7 96.22 96.23 96.135 96.21 963.0 96.23 350.0 4497.0 2405.0 2092.0 0.0 96.1853
13:24:00 83.0 4288.0 96.7 96.18 96.21 96.17 96.18 200.0 96.2 506.0 4288.0 1473.0 2815.0 0.0 96.1912
13:25:00 40.0 2167.0 96.7 96.21 96.22 96.18 96.2 701.0 96.22 207.0 2167.0 1543.0 624.0 0.0 96.2148
13:26:00 54.0 2189.0 96.7 96.18 96.22 96.17 96.17 100.0 96.18 10.0 2189.0 621.0 1568.0 0.0 96.1917
13:27:00 118.0 4765.0 96.7 96.08 96.17 96.065 96.06 105.0 96.07 100.0 4765.0 1897.0 2868.0 0.0 96.0964
13:28:00 70.0 3181.0 96.7 96.08 96.12 96.04 96.08 211.0 96.1 200.0 3181.0 2348.0 833.0 0.0 96.0825
13:29:00 77.0 3765.0 96.7 96.08 96.1 96.07 96.08 53.0 96.09 301.0 3765.0 2028.0 1737.0 0.0 96.0836
13:30:00 52.0 2398.0 96.7 96.1 96.1 96.06 96.1 213.0 96.11 81.0 2398.0 1258.0 1140.0 0.0 96.0821
13:31:00 129.0 5106.0 96.7 96.19 96.21 96.09 96.19 1210.0 96.21 102.0 5106.0 3595.0 1511.0 0.0 96.1547
13:32:00 48.0 1603.0 96.7 96.17 96.19 96.14 96.17 485.0 96.19 404.0 1603.0 933.0 670.0 0.0 96.1683
13:33:00 74.0 4222.0 96.7 96.14 96.17 96.12 96.14 13.0 96.15 250.0 4222.0 1421.0 2801.0 0.0 96.1487
13:34:00 298.0 15546.0 96.7 96.22 96.24 96.09 96.22 1.0 96.23 400.0 15546.0 7676.0 7870.0 0.0 96.1476
13:35:00 81.0 3412.0 96.7 96.2 96.29 96.2 96.18 110.0 96.2 650.0 3412.0 1954.0 1458.0 0.0 96.2604
13:36:00 65.0 3249.0 96.7 96.18 96.2 96.14 96.17 50.0 96.2 2273.0 3249.0 2120.0 1129.0 0.0 96.1782
13:37:00 59.0 2873.0 96.7 96.13 96.19 96.12 96.12 102.0 96.13 100.0 2873.0 1199.0 1674.0 0.0 96.1489
13:38:00 93.0 4466.0 96.7 96.06 96.13 96.06 96.05 286.0 96.07 200.0 4466.0 2870.0 1596.0 0.0 96.0956
13:39:00 61.0 2141.0 96.7 96.09 96.1 96.05 96.08 150.0 96.09 44.0 2141.0 1509.0 632.0 0.0 96.0813
13:40:00 65.0 4071.0 96.7 96.14 96.14 96.09 96.13 50.0 96.15 10.0 4071.0 3065.0 1006.0 0.0 96.1175
13:41:00 54.0 2370.0 96.7 96.19 96.19 96.13 96.18 201.0 96.19 216.0 2370.0 1858.0 512.0 0.0 96.1626
13:42:00 48.0 2013.0 96.7 96.13 96.19 96.13 96.13 434.0 96.15 103.0 2013.0 277.0 1736.0 0.0 96.1736
13:43:00 36.0 1621.0 96.7 96.16 96.17 96.14 96.15 401.0 96.16 300.0 1621.0 680.0 941.0 0.0 96.1586
13:44:00 69.0 3279.0 96.7 96.16 96.18 96.15 96.15 410.0 96.17 412.0 3279.0 2454.0 825.0 0.0 96.1686
13:45:00 75.0 3621.0 96.7 96.13 96.17 96.09 96.12 300.0 96.13 9.0 3621.0 1335.0 2286.0 0.0 96.1367
13:46:00 47.0 3007.0 96.7 96.17 96.17 96.1 96.16 510.0 96.18 315.0 3007.0 2136.0 871.0 0.0 96.1311
13:47:00 86.0 4074.0 96.7 96.17 96.2 96.13 96.16 100.0 96.18 1328.0 4074.0 2365.0 1709.0 0.0 96.1662
13:48:00 38.0 3463.0 96.7 96.17 96.18 96.14 96.16 251.0 96.19 559.0 3463.0 1996.0 1467.0 0.0 96.1599
13:49:00 30.0 1220.0 96.7 96.14 96.18 96.12 96.14 101.0 96.16 550.0 1220.0 504.0 716.0 0.0 96.1492
13:50:00 32.0 1526.0 96.7 96.15 96.17 96.14 96.14 250.0 96.15 10.0 1526.0 742.0 784.0 0.0 96.1525
13:51:00 58.0 2753.0 96.7 96.11 96.15 96.1 96.1 101.0 96.12 203.0 2753.0 1295.0 1458.0 0.0 96.1216
13:52:00 73.0 4016.0 96.7 96.05 96.13 96.05 96.04 162.0 96.06 802.0 4016.0 1856.0 2160.0 0.0 96.0921
13:53:00 76.0 4494.0 96.7 96.06 96.06 96.02 96.04 152.0 96.06 451.0 4494.0 1471.0 3023.0 0.0 96.0399
13:54:00 53.0 3002.0 96.7 96.03 96.04 96.01 96.02 2157.0 96.04 551.0 3002.0 1756.0 1246.0 0.0 96.0285
13:55:00 91.0 3777.0 96.7 96.02 96.06 96.01 96.02 2400.0 96.04 500.0 3777.0 1764.0 2013.0 0.0 96.0319
13:56:00 168.0 6818.0 96.7 95.98 96.02 95.97 95.99 53.0 96.0 100.0 6818.0 2519.0 4299.0 0.0 95.9993
13:57:00 47.0 2691.0 96.7 96.02 96.03 96.0 96.0 601.0 96.03 1100.0 2691.0 2040.0 651.0 0.0 96.0131
13:58:00 41.0 2523.0 96.7 96.05 96.06 96.01 96.04 277.0 96.05 250.0 2523.0 2257.0 266.0 0.0 96.0368
13:59:00 39.0 2237.0 96.7 96.07 96.07 96.04 96.07 316.0 96.08 56.0 2237.0 1593.0 644.0 0.0 96.0579
14:00:00 91.0 5796.0 96.7 96.1 96.11 96.04 96.09 113.0 96.1 500.0 5796.0 4120.0 1676.0 0.0 96.0776
14:01:00 127.0 8955.0 96.7 96.14 96.18 96.08 96.15 1.0 96.16 50.0 8955.0 4822.0 4133.0 0.0 96.1415
14:02:00 81.0 3777.0 96.7 96.09 96.15 96.045 96.09 258.0 96.1 471.0 3777.0 2821.0 956.0 0.0 96.0876
14:03:00 64.0 3380.0 96.7 96.1 96.1 96.03 96.1 401.0 96.11 200.0 3380.0 2433.0 947.0 0.0 96.0723
14:04:00 81.0 4640.0 96.7 96.17 96.21 96.1 96.17 158.0 96.19 250.0 4640.0 3127.0 1513.0 0.0 96.1613
14:05:00 67.0 3129.0 96.7 96.12 96.21 96.12 96.12 251.0 96.15 460.0 3129.0 1844.0 1285.0 0.0 96.1621
14:06:00 59.0 4049.0 96.7 96.19 96.2 96.14 96.18 2.0 96.19 300.0 4049.0 3361.0 688.0 0.0 96.1805
14:07:00 94.0 4621.0 96.7 96.19 96.19 96.14 96.17 300.0 96.19 50.0 4621.0 3284.0 1337.0 0.0 96.1646
14:08:00 107.0 7249.0 96.7 96.28 96.29 96.17 96.27 150.0 96.29 938.0 7249.0 5923.0 1326.0 0.0 96.2474
14:09:00 69.0 2806.0 96.7 96.26 96.28 96.23 96.26 163.0 96.28 480.0 2806.0 1148.0 1658.0 0.0 96.2677
14:10:00 84.0 3512.0 96.7 96.3 96.31 96.25 96.28 1000.0 96.31 138.0 3512.0 2117.0 1395.0 0.0 96.2758
14:11:00 72.0 3585.0 96.7 96.21 96.31 96.2 96.21 64.0 96.22 290.0 3585.0 1769.0 1816.0 0.0 96.2569
14:12:00 52.0 2911.0 96.7 96.18 96.22 96.17 96.18 250.0 96.19 104.0 2911.0 2144.0 767.0 0.0 96.197
14:13:00 49.0 2096.0 96.7 96.21 96.22 96.18 96.21 150.0 96.22 3.0 2096.0 1094.0 1002.0 0.0 96.2006
14:14:00 250.0 21019.0 96.7 96.26 96.27 96.19 96.26 50.0 96.28 1041.0 21019.0 17056.0 3963.0 0.0 96.2402
14:15:00 50.0 2623.0 96.7 96.235 96.28 96.23 96.23 1152.0 96.24 300.0 2623.0 924.0 1699.0 0.0 96.264
14:16:00 123.0 8275.0 96.7 96.24 96.26 96.19 96.21 315.0 96.24 300.0 8275.0 4605.0 3670.0 0.0 96.2359
14:17:00 92.0 6586.0 96.7 96.24 96.26 96.22 96.24 102.0 96.26 700.0 6586.0 2029.0 4557.0 0.0 96.2548
14:18:00 102.0 7078.0 96.7 96.27 96.27 96.23 96.25 787.0 96.27 267.0 7078.0 2654.0 4424.0 0.0 96.2486
14:19:00 45.0 1762.0 96.7 96.25 96.28 96.24 96.24 71.0 96.25 23.0 1762.0 662.0 1100.0 0.0 96.2533
14:20:00 68.0 3905.0 96.7 96.27 96.28 96.23 96.27 1000.0 96.29 279.0 3905.0 2652.0 1253.0 0.0 96.2563
14:21:00 132.0 5276.0 96.7 96.33 96.33 96.26 96.31 411.0 96.33 1338.0 5276.0 3975.0 1301.0 0.0 96.3001
14:22:00 80.0 4385.0 96.7 96.27 96.33 96.27 96.28 200.0 96.29 152.0 4385.0 2975.0 1410.0 0.0 96.3077
14:23:00 65.0 2642.0 96.7 96.26 96.28 96.25 96.25 150.0 96.27 651.0 2642.0 952.0 1690.0 0.0 96.2667
14:24:00 129.0 7005.0 96.7 96.19 96.28 96.17 96.18 610.0 96.19 157.0 7005.0 2284.0 4721.0 0.0 96.2292
14:25:00 117.0 4952.0 96.7 96.18 96.2 96.18 96.17 46.0 96.18 246.0 4952.0 2396.0 2556.0 0.0 96.1855
14:26:00 132.0 5427.0 96.7 96.12 96.19 96.12 96.12 14.0 96.13 431.0 5427.0 2996.0 2431.0 0.0 96.1599
14:27:00 70.0 3668.0 96.7 96.12 96.15 96.11 96.11 10.0 96.12 231.0 3668.0 2484.0 1184.0 0.0 96.1277
14:28:00 77.0 4378.0 96.7 96.13 96.14 96.1 96.11 311.0 96.13 134.0 4378.0 2900.0 1478.0 0.0 96.1191
14:29:00 106.0 4188.0 96.7 96.06 96.14 96.03 96.04 2350.0 96.06 22.0 4188.0 2473.0 1715.0 0.0 96.0756
14:30:00 147.0 6829.0 96.7 96.06 96.07 95.99 96.05 101.0 96.06 18.0 6829.0 2444.0 4385.0 0.0 96.0159
14:31:00 123.0 6756.0 96.7 96.04 96.05 96.0 96.02 1894.0 96.05 352.0 6756.0 3601.0 3155.0 0.0 96.0189
14:32:00 77.0 3017.0 96.7 96.09 96.09 96.02 96.08 58.0 96.09 317.0 3017.0 2175.0 842.0 0.0 96.0483
14:33:00 112.0 3977.0 96.7 96.06 96.12 96.06 96.05 100.0 96.07 1500.0 3977.0 1915.0 2062.0 0.0 96.0911
14:34:00 65.0 3476.0 96.7 96.12 96.13 96.06 96.11 313.0 96.13 252.0 3476.0 2437.0 1039.0 0.0 96.1015
14:35:00 117.0 5951.0 96.7 96.14 96.14 96.08 96.13 1013.0 96.15 27.0 5951.0 3740.0 2211.0 0.0 96.1083
14:36:00 63.0 3671.0 96.7 96.12 96.16 96.1 96.11 250.0 96.13 519.0 3671.0 1558.0 2113.0 0.0 96.1262
14:37:00 189.0 8117.0 96.7 96.02 96.11 95.99 96.0 150.0 96.02 263.0 8117.0 2354.0 5763.0 0.0 96.0289
14:38:00 115.0 6377.0 96.7 96.08 96.08 95.99 96.07 101.0 96.09 217.0 6377.0 5130.0 1247.0 0.0 96.0316
14:39:00 98.0 4520.0 96.7 96.1 96.11 96.04 96.08 451.0 96.11 228.0 4520.0 2665.0 1855.0 0.0 96.0797
14:40:00 90.0 5077.0 96.7 96.095 96.1 96.06 96.1 300.0 96.11 209.0 5077.0 3094.0 1983.0 0.0 96.075
14:41:00 228.0 13422.0 96.7 96.16 96.17 96.09 96.15 307.0 96.17 195.0 13422.0 5368.0 8054.0 0.0 96.1104
14:42:00 98.0 5411.0 96.7 96.16 96.2 96.14 96.15 303.0 96.17 304.0 5411.0 2690.0 2721.0 0.0 96.169
14:43:00 66.0 2662.0 96.7 96.13 96.16 96.11 96.12 2.0 96.14 301.0 2662.0 1817.0 845.0 0.0 96.142
14:44:00 131.0 5579.0 96.7 96.02 96.17 96.0 96.02 1850.0 96.04 106.0 5579.0 3827.0 1752.0 0.0 96.1083
14:45:00 78.0 2931.0 96.7 95.99 96.03 95.98 95.98 1457.0 96.01 1290.0 2931.0 928.0 2003.0 0.0 95.9988
14:46:00 96.0 4570.0 96.7 95.98 96.01 95.96 95.97 2100.0 95.99 165.0 4570.0 1506.0 3064.0 0.0 95.9805
14:47:00 89.0 4961.0 96.7 95.95 95.99 95.935 95.96 213.0 95.97 21.0 4961.0 1912.0 3049.0 0.0 95.9527
14:48:00 102.0 4452.0 96.7 96.02 96.04 95.97 96.01 55.0 96.03 168.0 4452.0 3286.0 1166.0 0.0 96.0109
14:49:00 126.0 5282.0 96.7 95.99 96.04 95.98 95.98 3.0 95.99 100.0 5282.0 2248.0 3034.0 0.0 96.0123
14:50:00 96.0 3148.0 96.7 95.96 96.0 95.95 95.96 54.0 95.98 151.0 3148.0 2147.0 1001.0 0.0 95.9713
14:51:00 78.0 4029.0 96.7 95.94 96.0 95.94 95.93 8.0 95.95 950.0 4029.0 2473.0 1556.0 0.0 95.9791
14:52:00 115.0 5623.0 96.7 95.95 95.98 95.93 95.95 503.0 95.96 14.0 5623.0 3523.0 2100.0 0.0 95.9556
14:53:00 49.0 3061.0 96.7 95.94 95.96 95.93 95.93 139.0 95.95 1200.0 3061.0 1901.0 1160.0 0.0 95.9463
14:54:00 75.0 3981.0 96.7 96.005 96.005 95.92 96.0 100.0 96.01 45.0 3981.0 2743.0 1238.0 0.0 95.9523
14:55:00 78.0 4922.0 96.7 96.03 96.03 95.99 96.03 354.0 96.04 100.0 4922.0 3834.0 1088.0 0.0 96.008
14:56:00 126.0 5299.0 96.7 96.12 96.14 96.01 96.11 137.0 96.13 702.0 5299.0 3270.0 2029.0 0.0 96.0922
14:57:00 124.0 4109.0 96.7 96.1 96.13 96.08 96.1 30.0 96.12 1127.0 4109.0 2369.0 1740.0 0.0 96.1119
14:58:00 73.0 2877.0 96.7 96.15 96.15 96.1 96.15 200.0 96.16 317.0 2877.0 1697.0 1180.0 0.0 96.1248
14:59:00 107.0 5677.0 96.7 96.15 96.18 96.15 96.13 301.0 96.15 666.0 5677.0 3852.0 1825.0 0.0 96.1618
15:00:00 146.0 7301.0 96.7 96.11 96.14 96.1 96.11 20.0 96.12 669.0 7301.0 3492.0 3809.0 0.0 96.1207
15:01:00 1071.0 61834.0 96.7 95.75 96.11 95.75 95.75 2481.0 95.77 150.0 61834.0 17451.0 44383.0 0.0 95.9389
15:02:00 500.0 20638.0 96.7 95.88 95.88 95.68 95.86 458.0 95.89 1.0 20638.0 9120.0 11518.0 0.0 95.7475
15:03:00 309.0 16521.0 96.7 95.8 95.92 95.73 95.79 104.0 95.8 200.0 16521.0 7057.0 9464.0 0.0 95.7972
15:04:00 81.0 3844.0 96.7 95.88 95.89 95.77 95.86 403.0 95.88 150.0 3844.0 2592.0 1252.0 0.0 95.8299
15:05:00 94.0 4653.0 96.7 95.92 95.93 95.85 95.9 110.0 95.92 200.0 4653.0 3349.0 1304.0 0.0 95.8963
15:06:00 125.0 6501.0 96.7 95.95 96.0 95.92 95.93 50.0 95.95 421.0 6501.0 5146.0 1355.0 0.0 95.9678
15:07:00 116.0 6153.0 96.7 95.96 95.96 95.91 95.96 300.0 95.97 110.0 6153.0 4409.0 1744.0 0.0 95.9359
15:08:00 97.0 6301.0 96.7 96.02 96.05 95.97 96.0 201.0 96.02 2.0 6301.0 4337.0 1964.0 0.0 96.0194
15:09:00 60.0 1977.0 96.7 95.98 96.01 95.93 95.96 339.0 95.98 74.0 1977.0 1047.0 930.0 0.0 95.967
15:10:00 106.0 4631.0 96.7 96.0 96.01 95.965 95.98 404.0 96.0 50.0 4631.0 1926.0 2705.0 0.0 95.9925
15:11:00 80.0 4055.0 96.7 96.05 96.05 95.99 96.03 550.0 96.06 2423.0 4055.0 3471.0 584.0 0.0 96.0208
15:12:00 114.0 6359.0 96.7 96.11 96.14 96.03 96.1 913.0 96.11 50.0 6359.0 4731.0 1628.0 0.0 96.0819
15:13:00 100.0 4984.0 96.7 96.12 96.16 96.08 96.11 1.0 96.12 13.0 4984.0 2395.0 2589.0 0.0 96.1162
15:14:00 96.0 5487.0 96.7 96.15 96.15 96.11 96.13 63.0 96.15 866.0 5487.0 3705.0 1782.0 0.0 96.1329
15:15:00 121.0 6765.0 96.7 96.19 96.22 96.14 96.18 150.0 96.2 965.0 6765.0 3898.0 2867.0 0.0 96.1812
15:16:00 132.0 6615.0 96.7 96.23 96.27 96.18 96.22 550.0 96.24 50.0 6615.0 4117.0 2498.0 0.0 96.2195
15:17:00 80.0 4194.0 96.7 96.25 96.29 96.18 96.22 602.0 96.24 100.0 4194.0 1765.0 2429.0 0.0 96.2377
15:18:00 88.0 5378.0 96.7 96.25 96.31 96.24 96.24 537.0 96.26 200.0 5378.0 2700.0 2678.0 0.0 96.2746
15:19:00 92.0 3763.0 96.7 96.22 96.28 96.22 96.23 157.0 96.24 150.0 3763.0 1676.0 2087.0 0.0 96.249
15:20:00 107.0 5374.0 96.7 96.24 96.25 96.19 96.23 150.0 96.24 97.0 5374.0 2823.0 2551.0 0.0 96.2247
15:21:00 121.0 8977.0 96.7 96.33 96.34 96.21 96.31 885.0 96.34 604.0 8977.0 6653.0 2324.0 0.0 96.2627
15:22:00 81.0 4614.0 96.7 96.33 96.34 96.3 96.32 400.0 96.34 500.0 4614.0 1660.0 2954.0 0.0 96.32
15:23:00 92.0 5045.0 96.7 96.26 96.32 96.26 96.25 409.0 96.27 200.0 5045.0 1530.0 3515.0 0.0 96.296
15:24:00 107.0 5586.0 96.7 96.32 96.35 96.26 96.31 301.0 96.33 1100.0 5586.0 1516.0 4070.0 0.0 96.3045
15:25:00 55.0 2168.0 96.7 96.27 96.32 96.27 96.26 859.0 96.28 15451.0 2168.0 739.0 1429.0 0.0 96.2944
15:26:00 105.0 6661.0 96.7 96.26 96.28 96.23 96.25 100.0 96.26 106.0 6661.0 4796.0 1865.0 0.0 96.2601
15:27:00 134.0 7945.0 96.7 96.26 96.28 96.23 96.26 32.0 96.27 450.0 7945.0 3433.0 4512.0 0.0 96.2547
15:28:00 125.0 12112.0 96.7 96.21 96.31 96.2 96.21 189.0 96.23 2208.0 12112.0 9615.0 2497.0 0.0 96.2718
15:29:00 149.0 9051.0 96.7 96.18 96.24 96.15 96.17 60.0 96.19 364.0 9051.0 3232.0 5819.0 0.0 96.1898
15:30:00 66.0 2362.0 96.7 96.27 96.28 96.18 96.26 266.0 96.27 200.0 2362.0 1547.0 815.0 0.0 96.2208
15:31:00 137.0 6224.0 96.7 96.2 96.26 96.19 96.19 351.0 96.2 400.0 6224.0 3132.0 3092.0 0.0 96.2416
15:32:00 121.0 5774.0 96.7 96.11 96.22 96.1 96.1 381.0 96.12 500.0 5774.0 3466.0 2308.0 0.0 96.1613
15:33:00 99.0 3373.0 96.7 96.08 96.14 96.07 96.08 1.0 96.09 300.0 3373.0 1861.0 1512.0 0.0 96.1099
15:34:00 179.0 6294.0 96.7 95.98 96.1 95.94 95.97 550.0 95.99 188.0 6294.0 3770.0 2524.0 0.0 96.0306
15:35:00 105.0 5219.0 96.7 95.86 95.99 95.86 95.85 23.0 95.87 1200.0 5219.0 1936.0 3283.0 0.0 95.944
15:36:00 298.0 16105.0 96.7 95.98 95.98 95.85 95.97 152.0 95.98 400.0 16105.0 10314.0 5791.0 0.0 95.9238
15:37:00 176.0 6500.0 96.7 95.91 95.97 95.9 95.91 513.0 95.92 400.0 6500.0 2560.0 3940.0 0.0 95.9501
15:38:00 107.0 4597.0 96.7 95.9 95.93 95.89 95.9 922.0 95.91 441.0 4597.0 2374.0 2223.0 0.0 95.9101
15:39:00 259.0 15597.0 96.7 95.98 95.99 95.87 95.97 200.0 95.98 100.0 15597.0 9059.0 6538.0 0.0 95.9301
15:40:00 110.0 7144.0 96.7 95.93 96.0 95.93 95.93 187.0 95.95 2020.0 7144.0 3637.0 3507.0 0.0 95.9718
15:41:00 192.0 10208.0 96.7 95.96 95.98 95.92 95.96 100.0 95.98 909.0 10208.0 6458.0 3750.0 0.0 95.9431
15:42:00 210.0 10844.0 96.7 96.04 96.08 95.97 96.03 1.0 96.05 1601.0 10844.0 4779.0 6065.0 0.0 96.041
15:43:00 116.0 5661.0 96.7 96.03 96.08 96.02 96.02 400.0 96.04 566.0 5661.0 2811.0 2850.0 0.0 96.0535
15:44:00 125.0 5623.0 96.7 95.96 96.03 95.96 95.96 111.0 95.97 415.0 5623.0 2621.0 3002.0 0.0 96.0
15:45:00 157.0 8457.0 96.7 96.01 96.02 95.91 96.0 303.0 96.02 955.0 8457.0 4428.0 4029.0 0.0 95.9533
15:46:00 217.0 12576.0 96.7 95.91 96.0 95.89 95.89 1020.0 95.91 2.0 12576.0 4343.0 8233.0 0.0 95.9182
15:47:00 159.0 9188.0 96.7 95.93 95.95 95.89 95.92 201.0 95.93 300.0 9188.0 3935.0 5253.0 0.0 95.9218
15:48:00 155.0 8960.0 96.7 95.97 95.97 95.91 95.96 1950.0 95.98 120.0 8960.0 4301.0 4659.0 0.0 95.9352
15:49:00 235.0 12005.0 96.7 95.96 96.01 95.96 95.96 214.0 95.98 2085.0 12005.0 5903.0 6102.0 0.0 95.9773
15:50:00 267.0 12606.0 96.7 95.98 96.03 95.93 95.97 300.0 95.99 365.0 12606.0 7154.0 5452.0 0.0 95.9849
15:51:00 762.0 44379.0 96.7 95.82 95.97 95.82 95.82 512.0 95.83 75.0 44379.0 22292.0 22087.0 0.0 95.8568
15:52:00 448.0 23483.0 96.7 95.855 95.9 95.82 95.85 7.0 95.86 683.0 23483.0 11606.0 11877.0 0.0 95.8575
15:53:00 458.0 20813.0 96.7 95.88 95.9 95.84 95.88 17.0 95.89 949.0 20813.0 10992.0 9821.0 0.0 95.8633
15:54:00 432.0 24710.0 96.7 95.81 95.88 95.8 95.8 715.0 95.82 1260.0 24710.0 7999.0 16711.0 0.0 95.8295
15:55:00 910.0 57579.0 96.7 95.75 95.86 95.67 95.73 221.0 95.75 2173.0 57579.0 26594.0 30985.0 0.0 95.7615
15:56:00 943.0 60079.0 96.7 96.11 96.16 95.73 96.11 276.0 96.12 1629.0 60079.0 37115.0 22964.0 0.0 95.9445
15:57:00 768.0 45508.0 96.7 96.02 96.12 95.99 96.02 485.0 96.03 603.0 45508.0 18755.0 26753.0 0.0 96.0536
15:58:00 732.0 45046.0 96.7 95.98 96.03 95.92 95.97 1519.0 95.99 3038.0 45046.0 19972.0 25074.0 0.0 95.9864
15:59:00 744.0 44111.0 96.7 96.04 96.06 95.93 96.03 439.0 96.04 549.0 44111.0 27009.0 17102.0 0.0 95.9877
16:00:00 1259.0 137813.0 96.7 95.94 96.04 95.86 95.94 38977.0 95.98 4226.0 137813.0 65591.0 72222.0 0.0 95.9529
16:01:00 6.0 1.0 96.7 96.19 96.19 95.94 95.97 5.0 96.04 400.0 1.0 0.0 1.0 0.0 96.02
16:02:00 5.0 201.0 96.7 96.2 96.2 96.06 96.2 1115.0 96.04 400.0 201.0 200.0 1.0 0.0 96.1652
16:03:00 7.0 29.0 96.7 96.21 96.32 96.2 96.2 200.0 96.04 400.0 29.0 2.0 27.0 0.0 96.2083
16:04:00 5.0 263.0 96.7 96.18 96.32 96.18 96.0 40.0 96.04 400.0 263.0 63.0 200.0 0.0 96.2
16:05:00 11.0 6.0 96.7 96.01 96.32 96.01 96.0 184.0 96.04 400.0 6.0 1.0 5.0 0.0 96.1783
16:06:00 21.0 1597.0 96.7 96.52 96.52 96.01 96.0 186.0 96.04 400.0 1597.0 439.0 1158.0 0.0 96.4045
16:07:00 13.0 50.0 96.7 96.11 96.5 96.02 96.2 1.0 96.04 400.0 50.0 0.0 50.0 0.0 96.44
16:08:00 10.0 3.0 96.7 96.3 96.59 96.3 96.3 47.0 96.04 400.0 3.0 0.0 3.0 0.0 96.3
16:09:00 4.0 90.0 96.7 96.42 96.6 96.42 96.3 47.0 96.04 400.0 90.0 90.0 0.0 0.0 96.58
16:10:00 10.0 211.0 96.7 96.14 96.59 96.14 96.2 1.0 96.04 400.0 211.0 164.0 47.0 0.0 96.3933
16:11:00 16.0 766.0 96.7 96.21 96.43 96.21 96.2 1.0 96.04 400.0 766.0 182.0 584.0 0.0 96.3759
16:12:00 0.0 0.0 96.7 96.21 nan nan 96.21 1.0 96.04 400.0 nan 0.0 0.0 0.0 nan
16:13:00 0.0 0.0 96.7 96.21 nan nan 96.31 3.0 96.04 400.0 nan 0.0 0.0 0.0 nan
16:14:00 1.0 10.0 96.7 96.43 96.43 96.43 96.31 3.0 96.04 400.0 10.0 0.0 10.0 0.0 96.43
16:15:00 1.0 5.0 96.7 96.49 96.49 96.49 96.37 154.0 96.04 400.0 5.0 5.0 0.0 0.0 96.49
16:16:00 12.0 234.0 96.7 96.05 96.38 96.05 96.03 50.0 96.04 400.0 234.0 0.0 234.0 0.0 96.2894
16:17:00 19.0 790.0 96.7 96.34 96.36 96.05 96.15 10.0 96.04 400.0 790.0 765.0 25.0 0.0 96.0677
16:18:00 3.0 2.0 96.7 96.34 96.34 96.3 96.26 10.0 96.04 400.0 2.0 0.0 2.0 0.0 96.3
16:19:00 11.0 563.0 96.7 96.1 96.26 96.1 96.12 100.0 96.04 400.0 563.0 103.0 460.0 0.0 96.1567
16:20:00 3.0 19.0 96.7 96.43 96.43 96.34 96.12 100.0 96.04 400.0 19.0 19.0 0.0 0.0 96.4205
16:21:00 7.0 47.0 96.7 96.5 96.5 96.12 96.12 92.0 96.04 400.0 47.0 39.0 8.0 0.0 96.4174
16:22:00 5.0 93.0 96.7 96.35 96.49 96.11 96.1 11.0 96.04 400.0 93.0 1.0 92.0 0.0 96.1225
16:23:00 2.0 0.0 96.7 96.59 96.59 96.41 96.1 11.0 96.04 400.0 nan 0.0 0.0 0.0 nan
16:24:00 3.0 0.0 96.7 96.49 96.49 96.19 96.1 11.0 96.04 400.0 nan 0.0 0.0 0.0 nan
16:25:00 1.0 0.0 96.7 96.29 96.29 96.29 96.1 12.0 96.04 400.0 nan 0.0 0.0 0.0 nan
16:26:00 14.0 143.0 96.7 96.49 96.55 96.1 96.1 12.0 96.04 400.0 143.0 142.0 1.0 0.0 96.1029
16:27:00 3.0 0.0 96.7 96.49 96.49 96.21 96.1 52.0 96.04 400.0 nan 0.0 0.0 0.0 nan
16:28:00 4.0 0.0 96.7 96.11 96.59 96.11 96.1 132.0 96.04 400.0 nan 0.0 0.0 0.0 nan
16:29:00 9.0 0.0 96.7 96.49 96.49 96.12 96.12 1.0 96.04 400.0 nan 0.0 0.0 0.0 nan
16:30:00 1.0 0.0 96.7 96.45 96.45 96.45 96.12 1.0 96.04 400.0 nan 0.0 0.0 0.0 nan
16:31:00 2.0 0.0 96.7 96.13 96.22 96.13 96.12 81.0 96.04 400.0 nan 0.0 0.0 0.0 nan
16:32:00 14.0 343.0 96.7 96.49 96.49 96.13 96.12 81.0 96.04 400.0 343.0 143.0 200.0 0.0 96.2624
16:33:00 1.0 0.0 96.7 96.24 96.24 96.24 96.38 1.0 96.04 400.0 nan 0.0 0.0 0.0 nan
16:34:00 11.0 241.0 96.7 96.15 96.47 96.15 96.12 222.0 96.04 400.0 241.0 20.0 221.0 0.0 96.346
16:35:00 17.0 776.0 96.7 96.15 96.42 96.15 96.12 182.0 96.04 400.0 776.0 776.0 0.0 0.0 96.15
16:36:00 18.0 569.0 96.7 96.2 96.38 96.1 96.15 7.0 96.04 400.0 569.0 141.0 428.0 0.0 96.1385
16:37:00 2.0 10.0 96.7 96.18 96.35 96.18 96.15 7.0 96.04 400.0 10.0 10.0 0.0 0.0 96.18
16:38:00 9.0 212.0 96.7 96.08 96.34 96.06 96.08 474.0 96.04 400.0 212.0 0.0 212.0 0.0 96.1107
16:39:00 1.0 0.0 96.7 96.32 96.32 96.32 96.08 474.0 96.04 400.0 nan 0.0 0.0 0.0 nan
16:40:00 3.0 0.0 96.7 96.36 96.36 96.12 96.08 474.0 96.04 400.0 nan 0.0 0.0 0.0 nan
16:41:00 9.0 1.0 96.7 96.12 96.12 96.1 96.08 524.0 96.04 400.0 1.0 0.0 1.0 0.0 96.1
16:42:00 22.0 1091.0 96.7 96.03 96.24 96.03 96.03 677.0 96.04 400.0 1091.0 0.0 1091.0 0.0 96.064
16:43:00 11.0 67.0 96.7 95.89 96.29 95.89 96.03 618.0 96.04 400.0 67.0 0.0 67.0 0.0 96.0193
16:44:00 2.0 10.0 96.7 96.18 96.18 96.03 96.03 608.0 96.04 400.0 10.0 0.0 10.0 0.0 96.03
16:45:00 2.0 0.0 96.7 96.17 96.18 96.17 96.03 608.0 96.04 400.0 nan 0.0 0.0 0.0 nan
16:46:00 2.0 1.0 96.7 96.1 96.1 96.08 96.03 608.0 96.04 400.0 1.0 1.0 0.0 0.0 96.1
16:47:00 8.0 1184.0 96.7 96.04 96.3 96.04 96.04 314.0 96.04 400.0 1184.0 998.0 186.0 0.0 96.0906
16:48:00 2.0 0.0 96.7 96.29 96.29 96.29 96.04 315.0 96.04 400.0 nan 0.0 0.0 0.0 nan
16:49:00 2.0 0.0 96.7 96.28 96.28 96.28 96.25 1.0 96.04 400.0 nan 0.0 0.0 0.0 nan
16:50:00 0.0 0.0 96.7 96.28 nan nan 96.25 1.0 96.04 400.0 nan 0.0 0.0 0.0 nan
16:51:00 11.0 156.0 96.7 96.04 96.28 96.04 96.04 216.0 96.04 400.0 156.0 54.0 102.0 0.0 96.0647
16:52:00 10.0 454.0 96.7 96.09 96.27 96.03 96.03 370.0 96.04 400.0 454.0 2.0 452.0 0.0 96.0348
16:53:00 3.0 0.0 96.7 96.09 96.09 96.09 96.05 200.0 96.04 400.0 nan 0.0 0.0 0.0 nan
16:54:00 5.0 17.0 96.7 96.2 96.27 96.2 96.1 2.0 96.04 400.0 17.0 0.0 17.0 0.0 96.2
16:55:00 9.0 0.0 96.7 96.29 96.35 96.27 96.1 2.0 96.04 400.0 nan 0.0 0.0 0.0 nan
16:56:00 0.0 0.0 96.7 96.29 nan nan 96.1 2.0 96.04 400.0 nan 0.0 0.0 0.0 nan
16:57:00 5.0 15.0 96.7 96.1 96.29 96.1 96.1 19.0 96.04 400.0 15.0 0.0 15.0 0.0 96.1167
16:58:00 0.0 0.0 96.7 96.1 nan nan 96.22 5.0 96.04 400.0 nan 0.0 0.0 0.0 nan
16:59:00 0.0 0.0 96.7 96.1 nan nan 96.22 5.0 96.04 400.0 nan 0.0 0.0 0.0 nan
17:00:00 2.0 1.0 96.7 96.29 96.29 96.22 96.22 4.0 96.04 400.0 1.0 0.0 1.0 0.0 96.22
