time trade_count trade_volume trade_first trade_last trade_high trade_low bid_price bid_size ask_price ask_size hid_vol buy_vol sell_vol unsided_vol vwap
09:00:00 nan 65.0 95.58 95.58 95.6 95.58 95.5 305.0 95.59 3.0 65.0 59.0 6.0 0.0 95.5815
09:01:00 15.0 60.0 95.58 95.62 95.7 95.55 95.6 2.0 95.62 18.0 60.0 53.0 7.0 0.0 95.6778
09:02:00 9.0 39.0 95.58 95.5 95.6 95.5 95.54 2.0 95.59 36.0 39.0 3.0 36.0 0.0 95.521
09:03:00 10.0 39.0 95.58 95.5 95.55 95.5 95.5 320.0 95.55 328.0 39.0 6.0 33.0 0.0 95.5108
09:04:00 15.0 364.0 95.58 95.55 95.56 95.5 95.55 175.0 95.6 255.0 364.0 333.0 31.0 0.0 95.546
09:05:00 6.0 7.0 95.58 95.58 95.6 95.55 95.55 176.0 95.58 26.0 7.0 2.0 5.0 0.0 95.5643
09:06:00 4.0 16.0 95.58 95.58 95.58 95.55 95.55 180.0 95.58 20.0 16.0 4.0 12.0 0.0 95.5656
09:07:00 82.0 417.0 95.58 95.39 95.58 95.39 95.36 1.0 95.46 57.0 417.0 6.0 411.0 0.0 95.5185
09:08:00 6.0 3.0 95.58 95.41 95.41 95.36 95.35 11.0 95.4 3.0 3.0 2.0 1.0 0.0 95.3867
09:09:00 14.0 28.0 95.58 95.32 95.35 95.32 95.32 3.0 95.4 3.0 28.0 0.0 28.0 0.0 95.3364
09:10:00 8.0 20.0 95.58 95.32 95.39 95.32 95.3 10.0 95.35 30.0 20.0 14.0 6.0 0.0 95.32
09:11:00 16.0 33.0 95.58 95.28 95.31 95.28 95.28 3.0 95.34 30.0 33.0 15.0 18.0 0.0 95.2991
09:12:00 3.0 6.0 95.58 95.3 95.32 95.3 95.28 3.0 95.4 1.0 6.0 6.0 0.0 0.0 95.3
09:13:00 2.0 0.0 95.58 95.38 95.38 95.37 95.3 2.0 95.4 3.0 nan 0.0 0.0 0.0 nan
09:14:00 9.0 30.0 95.58 95.35 95.47 95.35 95.3 16.0 95.49 22.0 30.0 30.0 0.0 0.0 95.425
09:15:00 7.0 16.0 95.58 95.33 95.44 95.3 95.3 8.0 95.49 52.0 16.0 5.0 11.0 0.0 95.3113
09:16:00 1.0 0.0 95.58 95.46 95.46 95.46 95.32 2.0 95.49 52.0 nan 0.0 0.0 0.0 nan
09:17:00 29.0 29.0 95.58 95.29 95.47 95.25 95.3 3.0 95.49 49.0 29.0 0.0 29.0 0.0 95.2821
09:18:00 14.0 152.0 95.58 95.48 95.49 95.3 95.29 3.0 95.5 117.0 152.0 149.0 3.0 0.0 95.3413
09:19:00 7.0 40.0 95.58 95.29 95.48 95.29 95.29 3.0 95.45 67.0 40.0 38.0 2.0 0.0 95.306
09:20:00 5.0 29.0 95.58 95.49 95.49 95.32 95.3 4.0 95.45 33.0 29.0 29.0 0.0 0.0 95.45
09:21:00 48.0 148.0 95.58 95.41 95.48 95.08 95.25 15.0 95.45 33.0 148.0 4.0 144.0 0.0 95.1291
09:22:00 8.0 10.0 95.58 95.44 95.46 95.25 95.35 25.0 95.45 57.0 10.0 0.0 10.0 0.0 95.33
09:23:00 5.0 2.0 95.58 95.37 95.42 95.37 95.29 1.0 95.44 73.0 2.0 0.0 2.0 0.0 95.385
09:24:00 3.0 39.0 95.58 95.38 95.44 95.25 95.29 1.0 95.42 16.0 39.0 1.0 38.0 0.0 95.3782
09:25:00 11.0 48.0 95.58 95.27 95.38 95.2 95.2 31.0 95.45 185.0 48.0 5.0 43.0 0.0 95.2225
09:26:00 47.0 1201.0 95.58 95.5 95.6 95.44 95.5 22.0 95.59 100.0 1201.0 520.0 681.0 0.0 95.465
09:27:00 6.0 5.0 95.58 95.31 95.59 95.31 95.45 8.0 95.56 45.0 5.0 2.0 3.0 0.0 95.526
09:28:00 91.0 5680.0 95.58 96.01 96.01 95.39 95.5 7.0 96.04 4.0 5680.0 1023.0 4657.0 0.0 95.7348
09:29:00 8.0 0.0 95.58 95.76 96.01 95.64 95.6 3.0 95.94 542.0 nan 0.0 0.0 0.0 nan
09:30:00 31.0 1828.0 95.58 96.01 96.04 95.72 95.81 2.0 96.04 7.0 1828.0 1826.0 2.0 0.0 95.9139
09:31:00 768.0 17469.0 95.58 95.64 96.01 95.64 95.63 21.0 95.67 400.0 17469.0 5864.0 11605.0 0.0 95.7684
09:32:00 533.0 24521.0 95.58 95.99 96.0 95.48 95.96 82.0 96.0 5.0 24521.0 12833.0 11688.0 0.0 95.6835
09:33:00 407.0 18362.0 95.58 95.97 96.33 95.93 95.91 420.0 96.0 131.0 18362.0 10042.0 8320.0 0.0 96.1767
09:34:00 296.0 14457.0 95.58 96.16 96.17 95.92 96.11 181.0 96.18 101.0 14457.0 9217.0 5240.0 0.0 96.0609
09:35:00 337.0 13296.0 95.58 96.29 96.35 96.08 96.25 858.0 96.31 224.0 13296.0 8188.0 5108.0 0.0 96.1875
09:36:00 405.0 18157.0 95.58 96.62 96.62 96.25 96.59 461.0 96.62 1.0 18157.0 10388.0 7769.0 0.0 96.382
09:37:00 320.0 14032.0 95.58 96.73 96.85 96.55 96.73 163.0 96.77 100.0 14032.0 4653.0 9379.0 0.0 96.7035
09:38:00 442.0 20876.0 95.58 96.99 97.08 96.72 96.97 50.0 97.02 50.0 20876.0 11307.0 9569.0 0.0 96.9305
09:39:00 373.0 16796.0 95.58 96.84 96.97 96.75 96.83 3.0 96.85 115.0 16796.0 5171.0 11625.0 0.0 96.8699
09:40:00 375.0 17334.0 95.58 96.76 96.83 96.62 96.76 200.0 96.79 273.0 17334.0 8995.0 8339.0 0.0 96.6947
09:41:00 411.0 19526.0 95.58 96.78 96.85 96.7 96.76 50.0 96.78 310.0 19526.0 12971.0 6555.0 0.0 96.7731
09:42:00 424.0 18340.0 95.58 96.75 96.87 96.68 96.76 650.0 96.8 406.0 18340.0 6077.0 12263.0 0.0 96.7845
09:43:00 377.0 22265.0 95.58 96.89 96.99 96.71 96.86 1650.0 96.9 200.0 22265.0 11800.0 10465.0 0.0 96.9121
09:44:00 229.0 9865.0 95.58 96.81 96.92 96.78 96.79 400.0 96.82 416.0 9865.0 3947.0 5918.0 0.0 96.8332
09:45:00 395.0 14248.0 95.58 96.4 96.9 96.33 96.34 50.0 96.39 100.0 14248.0 6462.0 7786.0 0.0 96.5839
09:46:00 392.0 15211.0 95.58 96.54 96.58 96.25 96.52 500.0 96.55 149.0 15211.0 8680.0 6531.0 0.0 96.441
09:47:00 260.0 14133.0 95.58 96.9 96.98 96.52 96.87 1150.0 96.92 280.0 14133.0 8290.0 5843.0 0.0 96.8377
09:48:00 402.0 21889.0 95.58 96.955 97.0 96.84 96.94 2.0 96.96 3.0 21889.0 9831.0 12058.0 0.0 96.9155
09:49:00 461.0 26656.0 95.58 96.94 97.08 96.91 96.92 860.0 96.95 100.0 26656.0 13045.0 13611.0 0.0 97.0051
09:50:00 290.0 19732.0 95.58 96.86 96.95 96.81 96.86 600.0 96.89 126.0 19732.0 10387.0 9345.0 0.0 96.8693
09:51:00 428.0 26852.0 95.58 96.88 96.96 96.77 96.88 439.0 96.9 621.0 26852.0 13338.0 13514.0 0.0 96.8913
09:52:00 344.0 18962.0 95.58 96.85 96.88 96.61 96.82 439.0 96.85 100.0 18962.0 9209.0 9753.0 0.0 96.7827
09:53:00 314.0 18593.0 95.58 96.59 96.82 96.58 96.59 244.0 96.62 317.0 18593.0 11312.0 7281.0 0.0 96.716
09:54:00 294.0 21061.0 95.58 96.51 96.65 96.42 96.49 737.0 96.51 2.0 21061.0 10585.0 10476.0 0.0 96.5065
09:55:00 271.0 13409.0 95.58 96.53 96.64 96.43 96.51 422.0 96.54 50.0 13409.0 9483.0 3926.0 0.0 96.5342
09:56:00 245.0 10008.0 95.58 96.48 96.69 96.46 96.47 156.0 96.5 451.0 10008.0 4349.0 5659.0 0.0 96.5631
09:57:00 348.0 17955.0 95.58 96.48 96.55 96.4 96.46 25.0 96.49 765.0 17955.0 11911.0 6044.0 0.0 96.4841
09:58:00 140.0 6177.0 95.58 96.66 96.66 96.46 96.63 850.0 96.66 173.0 6177.0 3909.0 2268.0 0.0 96.5156
09:59:00 253.0 11893.0 95.58 96.7 96.73 96.56 96.69 611.0 96.73 1258.0 11893.0 5813.0 6080.0 0.0 96.6537
10:00:00 266.0 12928.0 95.58 96.86 96.89 96.69 96.84 123.0 96.87 150.0 12928.0 6539.0 6389.0 0.0 96.7823
10:01:00 492.0 30440.0 95.58 97.0 97.11 96.85 96.99 300.0 97.01 3.0 30440.0 13549.0 16891.0 0.0 96.9832
10:02:00 269.0 13630.0 95.58 96.84 97.01 96.78 96.81 249.0 96.84 200.0 13630.0 4850.0 8780.0 0.0 96.9069
10:03:00 311.0 17850.0 95.58 96.88 96.91 96.75 96.86 849.0 96.9 203.0 17850.0 11439.0 6411.0 0.0 96.8402
10:04:00 360.0 22643.0 95.58 97.08 97.11 96.83 97.09 100.0 97.1 74.0 22643.0 12580.0 10063.0 0.0 96.9521
10:05:00 291.0 21534.0 95.58 97.04 97.13 96.96 97.02 550.0 97.04 678.0 21534.0 10962.0 10572.0 0.0 97.0271
10:06:00 286.0 18461.0 95.58 97.05 97.07 96.9 97.04 1065.0 97.06 58.0 18461.0 8811.0 9650.0 0.0 96.9939
10:07:00 617.0 46290.0 95.58 97.15 97.2 97.06 97.15 100.0 97.16 601.0 46290.0 29471.0 16819.0 0.0 97.1682
10:08:00 394.0 21745.0 95.58 97.25 97.25 97.11 97.24 150.0 97.26 29.0 21745.0 14706.0 7039.0 0.0 97.1829
10:09:00 797.0 54131.0 95.58 97.43 97.55 97.22 97.41 1057.0 97.43 103.0 54131.0 19498.0 34633.0 0.0 97.4435
10:10:00 403.0 24717.0 95.58 97.36 97.43 97.33 97.35 760.0 97.36 100.0 24717.0 7169.0 17548.0 0.0 97.3821
10:11:00 337.0 21766.0 95.58 97.3 97.35 97.25 97.32 50.0 97.34 446.0 21766.0 8877.0 12889.0 0.0 97.3113
10:12:00 307.0 14625.0 95.58 97.35 97.4 97.26 97.34 1677.0 97.36 50.0 14625.0 7567.0 7058.0 0.0 97.3303
10:13:00 631.0 44920.0 95.58 97.07 97.37 97.07 97.07 500.0 97.09 1.0 44920.0 12781.0 32139.0 0.0 97.2203
10:14:00 472.0 23605.0 95.58 97.08 97.1 96.84 97.06 2150.0 97.1 1050.0 23605.0 15367.0 8238.0 0.0 96.9649
10:15:00 508.0 30515.0 95.58 97.01 97.09 96.91 96.97 250.0 97.02 653.0 30515.0 18562.0 11953.0 0.0 96.9619
10:16:00 327.0 26655.0 95.58 97.25 97.29 96.99 97.24 388.0 97.26 2.0 26655.0 18217.0 8438.0 0.0 97.1878
10:17:00 320.0 16866.0 95.58 97.22 97.27 97.1 97.19 850.0 97.23 5.0 16866.0 10118.0 6748.0 0.0 97.1902
10:18:00 261.0 15176.0 95.58 97.25 97.28 97.07 97.25 617.0 97.28 959.0 15176.0 10859.0 4317.0 0.0 97.1708
10:19:00 255.0 14112.0 95.58 97.17 97.38 97.15 97.13 101.0 97.17 1070.0 14112.0 7559.0 6553.0 0.0 97.2871
10:20:00 395.0 18174.0 95.58 96.79 97.13 96.77 96.78 5.0 96.79 57.0 18174.0 9540.0 8634.0 0.0 96.9007
10:21:00 291.0 11624.0 95.58 96.95 97.0 96.79 96.92 24.0 96.95 300.0 11624.0 6632.0 4992.0 0.0 96.8743
10:22:00 274.0 13739.0 95.58 96.76 96.93 96.76 96.75 297.0 96.77 300.0 13739.0 5746.0 7993.0 0.0 96.8532
10:23:00 350.0 15925.0 95.58 96.84 96.88 96.74 96.84 593.0 96.87 505.0 15925.0 12551.0 3374.0 0.0 96.8166
10:24:00 244.0 13347.0 95.58 96.83 96.91 96.76 96.81 50.0 96.83 300.0 13347.0 7890.0 5457.0 0.0 96.8484
10:25:00 417.0 23453.0 95.58 97.01 97.04 96.82 97.0 1597.0 97.03 200.0 23453.0 14077.0 9376.0 0.0 96.922
10:26:00 187.0 10943.0 95.58 97.13 97.2 97.03 97.13 215.0 97.15 241.0 10943.0 6903.0 4040.0 0.0 97.107
10:27:00 172.0 9495.0 95.58 97.28 97.31 97.1 97.28 300.0 97.31 365.0 9495.0 5942.0 3553.0 0.0 97.2066
10:28:00 345.0 15104.0 95.58 97.41 97.44 97.3 97.39 467.0 97.41 214.0 15104.0 9445.0 5659.0 0.0 97.386
10:29:00 122.0 5812.0 95.58 97.38 97.41 97.35 97.36 750.0 97.39 311.0 5812.0 2411.0 3401.0 0.0 97.3819
10:30:00 218.0 10273.0 95.58 97.2 97.36 97.17 97.21 250.0 97.24 54.0 10273.0 3504.0 6769.0 0.0 97.2707
10:31:00 265.0 12626.0 95.58 97.48 97.48 97.11 97.46 461.0 97.49 1896.0 12626.0 9734.0 2892.0 0.0 97.2975
10:32:00 228.0 13659.0 95.58 97.52 97.52 97.39 97.5 1201.0 97.53 210.0 13659.0 7528.0 6131.0 0.0 97.4588
10:33:00 144.0 5793.0 95.58 97.45 97.56 97.38 97.43 200.0 97.46 7.0 5793.0 2784.0 3009.0 0.0 97.4707
10:34:00 146.0 7147.0 95.58 97.57 97.58 97.4 97.56 199.0 97.58 600.0 7147.0 4514.0 2633.0 0.0 97.4777
10:35:00 492.0 34425.0 95.58 97.56 97.6 97.46 97.52 350.0 97.57 150.0 34425.0 11110.0 23315.0 0.0 97.5281
10:36:00 267.0 22550.0 95.58 97.66 97.69 97.54 97.63 426.0 97.66 150.0 22550.0 14198.0 8352.0 0.0 97.6125
10:37:00 446.0 28149.0 95.58 97.69 97.79 97.62 97.68 1705.0 97.72 150.0 28149.0 16013.0 12136.0 0.0 97.713
10:38:00 240.0 11063.0 95.58 97.7 97.79 97.69 97.68 385.0 97.71 150.0 11063.0 3570.0 7493.0 0.0 97.7297
10:39:00 233.0 11027.0 95.58 97.73 97.77 97.64 97.73 100.0 97.75 100.0 11027.0 7258.0 3769.0 0.0 97.7048
10:40:00 255.0 8899.0 95.58 97.61 97.79 97.61 97.6 10.0 97.62 262.0 8899.0 3405.0 5494.0 0.0 97.7146
10:41:00 275.0 8326.0 95.58 97.65 97.68 97.48 97.65 442.0 97.67 227.0 8326.0 3756.0 4570.0 0.0 97.6005
10:42:00 327.0 12584.0 95.58 97.48 97.71 97.43 97.46 10.0 97.48 196.0 12584.0 3787.0 8797.0 0.0 97.5795
10:43:00 414.0 25264.0 95.58 97.5 97.7 97.46 97.49 50.0 97.52 180.0 25264.0 12690.0 12574.0 0.0 97.5587
10:44:00 201.0 9824.0 95.58 97.5 97.55 97.39 97.48 2050.0 97.52 1366.0 9824.0 5624.0 4200.0 0.0 97.4724
10:45:00 218.0 10901.0 95.58 97.61 97.63 97.42 97.59 201.0 97.62 50.0 10901.0 4994.0 5907.0 0.0 97.522
10:46:00 251.0 10734.0 95.58 97.58 97.62 97.45 97.57 100.0 97.6 286.0 10734.0 4841.0 5893.0 0.0 97.5371
10:47:00 185.0 5877.0 95.58 97.58 97.62 97.46 97.57 1.0 97.59 200.0 5877.0 2629.0 3248.0 0.0 97.5454
10:48:00 171.0 7713.0 95.58 97.51 97.66 97.48 97.5 50.0 97.54 250.0 7713.0 4406.0 3307.0 0.0 97.5955
10:49:00 164.0 7075.0 95.58 97.64 97.65 97.48 97.64 307.0 97.66 310.0 7075.0 4189.0 2886.0 0.0 97.5635
10:50:00 221.0 12192.0 95.58 97.72 97.72 97.65 97.7 2351.0 97.73 1004.0 12192.0 7080.0 5112.0 0.0 97.6825
10:51:00 476.0 27013.0 95.58 98.02 98.03 97.73 98.01 200.0 98.02 17.0 27013.0 21037.0 5976.0 0.0 97.862
10:52:00 369.0 19139.0 95.58 97.95 98.03 97.87 97.93 200.0 97.96 50.0 19139.0 9815.0 9324.0 0.0 97.9569
10:53:00 245.0 10787.0 95.58 97.88 98.03 97.84 97.88 100.0 97.9 103.0 10787.0 2720.0 8067.0 0.0 97.9406
10:54:00 113.0 5604.0 95.58 97.91 97.95 97.85 97.9 1100.0 97.92 50.0 5604.0 2334.0 3270.0 0.0 97.902
10:55:00 194.0 12138.0 95.58 97.85 97.98 97.83 97.84 850.0 97.88 150.0 12138.0 2461.0 9677.0 0.0 97.8957
10:56:00 219.0 14539.0 95.58 97.9 97.92 97.74 97.9 50.0 97.93 600.0 14539.0 6406.0 8133.0 0.0 97.8199
10:57:00 332.0 13413.0 95.58 97.99 98.03 97.86 97.97 250.0 98.0 201.0 13413.0 9101.0 4312.0 0.0 97.9648
10:58:00 252.0 12897.0 95.58 98.02 98.06 97.97 98.01 50.0 98.03 100.0 12897.0 5123.0 7774.0 0.0 98.0161
10:59:00 406.0 20909.0 95.58 97.88 98.02 97.85 97.87 50.0 97.88 166.0 20909.0 4977.0 15932.0 0.0 97.979
11:00:00 388.0 31120.0 95.58 97.93 97.97 97.74 97.94 50.0 97.96 200.0 31120.0 8169.0 22951.0 0.0 97.8288
11:01:00 233.0 11743.0 95.58 97.83 98.0 97.77 97.82 100.0 97.86 150.0 11743.0 4461.0 7282.0 0.0 97.8914
11:02:00 200.0 12693.0 95.58 97.87 98.0 97.83 97.85 2053.0 97.9 350.0 12693.0 7634.0 5059.0 0.0 97.9269
11:03:00 190.0 11959.0 95.58 97.76 97.88 97.74 97.76 200.0 97.78 200.0 11959.0 5876.0 6083.0 0.0 97.8342
11:04:00 228.0 18114.0 95.58 97.98 98.02 97.78 97.98 245.0 98.01 1332.0 18114.0 12683.0 5431.0 0.0 97.9537
11:05:00 264.0 11403.0 95.58 97.95 98.01 97.88 97.93 250.0 97.97 302.0 11403.0 6073.0 5330.0 0.0 97.9571
11:06:00 372.0 21512.0 95.58 98.21 98.21 97.93 98.18 250.0 98.21 500.0 21512.0 14921.0 6591.0 0.0 98.0912
11:07:00 191.0 8901.0 95.58 98.15 98.21 98.11 98.14 40.0 98.17 355.0 8901.0 4206.0 4695.0 0.0 98.1604
11:08:00 257.0 15322.0 95.58 98.2 98.3 98.14 98.17 300.0 98.2 300.0 15322.0 7582.0 7740.0 0.0 98.2387
11:09:00 200.0 10383.0 95.58 98.26 98.27 98.09 98.25 224.0 98.27 430.0 10383.0 4545.0 5838.0 0.0 98.1473
11:10:00 235.0 10191.0 95.58 98.21 98.28 98.17 98.21 126.0 98.22 122.0 10191.0 5947.0 4244.0 0.0 98.2273
11:11:00 243.0 9199.0 95.58 98.12 98.24 98.1 98.1 214.0 98.13 1782.0 9199.0 4203.0 4996.0 0.0 98.1757
11:12:00 257.0 14525.0 95.58 98.13 98.16 97.97 98.12 9.0 98.15 1351.0 14525.0 5211.0 9314.0 0.0 98.0438
11:13:00 228.0 12172.0 95.58 98.05 98.18 98.05 98.04 100.0 98.06 280.0 12172.0 6847.0 5325.0 0.0 98.1105
11:14:00 149.0 6587.0 95.58 98.14 98.17 98.05 98.11 320.0 98.14 1050.0 6587.0 3837.0 2750.0 0.0 98.1122
11:15:00 383.0 24073.0 95.58 97.98 98.13 97.98 97.97 100.0 98.0 1917.0 24073.0 11050.0 13023.0 0.0 98.0446
11:16:00 194.0 9527.0 95.58 98.07 98.15 97.97 98.05 150.0 98.07 190.0 9527.0 3991.0 5536.0 0.0 98.0872
11:17:00 208.0 11449.0 95.58 98.04 98.07 97.95 98.02 1975.0 98.06 1767.0 11449.0 5550.0 5899.0 0.0 97.9883
11:18:00 157.0 26955.0 95.58 98.2 98.2 98.04 98.2 301.0 98.22 100.0 26955.0 6395.0 20560.0 0.0 98.1172
11:19:00 129.0 6285.0 95.58 98.29 98.29 98.17 98.28 950.0 98.3 81.0 6285.0 3285.0 3000.0 0.0 98.2239
11:20:00 196.0 9762.0 95.58 98.2 98.32 98.19 98.17 352.0 98.19 420.0 9762.0 4548.0 5214.0 0.0 98.2575
11:21:00 182.0 9145.0 95.58 98.08 98.19 98.0 98.07 150.0 98.09 418.0 9145.0 3471.0 5674.0 0.0 98.0591
11:22:00 221.0 12811.0 95.58 98.23 98.27 98.05 98.21 150.0 98.24 102.0 12811.0 8703.0 4108.0 0.0 98.1868
11:23:00 175.0 8589.0 95.58 98.23 98.24 98.14 98.21 1170.0 98.24 110.0 8589.0 5684.0 2905.0 0.0 98.1734
11:24:00 245.0 13995.0 95.58 98.39 98.4 98.24 98.37 500.0 98.39 204.0 13995.0 11562.0 2433.0 0.0 98.3187
11:25:00 321.0 13111.0 95.58 98.31 98.41 98.31 98.31 97.0 98.33 1094.0 13111.0 5282.0 7829.0 0.0 98.3662
11:26:00 304.0 17905.0 95.58 98.27 98.37 98.21 98.26 550.0 98.28 1.0 17905.0 8065.0 9840.0 0.0 98.2876
11:27:00 148.0 6634.0 95.58 98.23 98.31 98.23 98.22 251.0 98.24 399.0 6634.0 2920.0 3714.0 0.0 98.2815
11:28:00 161.0 7111.0 95.58 98.24 98.28 98.15 98.24 604.0 98.26 15.0 7111.0 3962.0 3149.0 0.0 98.2161
11:29:00 148.0 8710.0 95.58 98.29 98.33 98.23 98.28 400.0 98.3 500.0 8710.0 4475.0 4235.0 0.0 98.2702
11:30:00 168.0 11185.0 95.58 98.26 98.32 98.25 98.24 453.0 98.27 315.0 11185.0 5671.0 5514.0 0.0 98.2879
11:31:00 276.0 16083.0 95.58 98.18 98.24 98.09 98.17 1551.0 98.19 15.0 16083.0 8998.0 7085.0 0.0 98.1821
11:32:00 457.0 24874.0 95.58 97.97 98.2 97.93 97.97 1851.0 98.0 300.0 24874.0 13020.0 11854.0 0.0 98.0614
11:33:00 241.0 11883.0 95.58 98.08 98.16 98.0 98.07 100.0 98.09 860.0 11883.0 7043.0 4840.0 0.0 98.104
11:34:00 134.0 5390.0 95.58 98.08 98.1 98.0 98.07 1655.0 98.09 14.0 5390.0 2664.0 2726.0 0.0 98.0594
11:35:00 102.0 4325.0 95.58 98.08 98.13 98.04 98.06 2450.0 98.08 100.0 4325.0 1613.0 2712.0 0.0 98.0863
11:36:00 259.0 11794.0 95.58 98.03 98.16 98.0 98.02 250.0 98.03 1.0 11794.0 4445.0 7349.0 0.0 98.0748
11:37:00 220.0 10631.0 95.58 98.17 98.17 98.03 98.14 1300.0 98.16 46.0 10631.0 6512.0 4119.0 0.0 98.0915
11:38:00 279.0 17870.0 95.58 97.9 98.2 97.9 97.89 200.0 97.9 19.0 17870.0 5101.0 12769.0 0.0 98.0517
11:39:00 200.0 8820.0 95.58 97.74 97.89 97.72 97.74 50.0 97.76 229.0 8820.0 2368.0 6452.0 0.0 97.8033
11:40:00 195.0 6586.0 95.58 97.645 97.79 97.6 97.64 101.0 97.66 274.0 6586.0 2589.0 3997.0 0.0 97.6782
11:41:00 146.0 9752.0 95.58 97.69 97.69 97.6 97.69 9.0 97.7 200.0 9752.0 4601.0 5151.0 0.0 97.6494
11:42:00 212.0 10640.0 95.58 97.6 97.71 97.58 97.6 416.0 97.62 230.0 10640.0 4702.0 5938.0 0.0 97.6579
11:43:00 229.0 9316.0 95.58 97.67 97.72 97.57 97.66 250.0 97.68 118.0 9316.0 5258.0 4058.0 0.0 97.6345
11:44:00 146.0 5836.0 95.58 97.81 97.82 97.67 97.79 150.0 97.81 338.0 5836.0 3837.0 1999.0 0.0 97.7596
11:45:00 114.0 4899.0 95.58 97.77 97.81 97.72 97.79 100.0 97.81 150.0 4899.0 2840.0 2059.0 0.0 97.7729
11:46:00 121.0 6746.0 95.58 97.84 97.85 97.72 97.84 1530.0 97.86 200.0 6746.0 2698.0 4048.0 0.0 97.7812
11:47:00 136.0 7048.0 95.58 97.83 97.9 97.83 97.82 150.0 97.84 129.0 7048.0 3487.0 3561.0 0.0 97.8524
11:48:00 294.0 15648.0 95.58 97.62 97.83 97.59 97.61 2051.0 97.65 1950.0 15648.0 6558.0 9090.0 0.0 97.6679
11:49:00 142.0 6474.0 95.58 97.59 97.63 97.52 97.59 10.0 97.61 400.0 6474.0 2207.0 4267.0 0.0 97.5806
11:50:00 138.0 7801.0 95.58 97.65 97.7 97.61 97.63 50.0 97.66 1050.0 7801.0 4185.0 3616.0 0.0 97.6592
11:51:00 93.0 4983.0 95.58 97.67 97.68 97.61 97.66 200.0 97.67 360.0 4983.0 2414.0 2569.0 0.0 97.6479
11:52:00 169.0 9213.0 95.58 97.6 97.71 97.57 97.58 300.0 97.61 150.0 9213.0 4229.0 4984.0 0.0 97.6633
11:53:00 121.0 6411.0 95.58 97.54 97.6 97.54 97.53 1450.0 97.55 100.0 6411.0 2490.0 3921.0 0.0 97.5759
11:54:00 195.0 8832.0 95.58 97.39 97.57 97.39 97.38 609.0 97.41 300.0 8832.0 1750.0 7082.0 0.0 97.497
11:55:00 192.0 9873.0 95.58 97.31 97.39 97.24 97.29 1476.0 97.32 129.0 9873.0 4937.0 4936.0 0.0 97.3047
11:56:00 108.0 6361.0 95.58 97.42 97.46 97.3 97.41 256.0 97.44 301.0 6361.0 3375.0 2986.0 0.0 97.3814
11:57:00 137.0 7244.0 95.58 97.35 97.41 97.31 97.35 550.0 97.37 190.0 7244.0 3284.0 3960.0 0.0 97.3492
11:58:00 86.0 4641.0 95.58 97.44 97.47 97.35 97.43 406.0 97.45 100.0 4641.0 1841.0 2800.0 0.0 97.3933
11:59:00 180.0 11460.0 95.58 97.34 97.43 97.31 97.34 128.0 97.36 350.0 11460.0 4161.0 7299.0 0.0 97.351
12:00:00 161.0 10520.0 95.58 97.42 97.435 97.3 97.41 102.0 97.43 150.0 10520.0 6499.0 4021.0 0.0 97.3933
12:01:00 158.0 9453.0 95.58 97.28 97.41 97.28 97.27 223.0 97.29 200.0 9453.0 3432.0 6021.0 0.0 97.3205
12:02:00 89.0 5522.0 95.58 97.37 97.42 97.26 97.37 140.0 97.38 150.0 5522.0 3140.0 2382.0 0.0 97.3546
12:03:00 107.0 6438.0 95.58 97.35 97.47 97.345 97.33 200.0 97.35 300.0 6438.0 2539.0 3899.0 0.0 97.3975
12:04:00 82.0 5064.0 95.58 97.39 97.39 97.3 97.38 750.0 97.4 100.0 5064.0 2667.0 2397.0 0.0 97.3576
12:05:00 67.0 3527.0 95.58 97.4 97.47 97.39 97.39 202.0 97.41 850.0 3527.0 1646.0 1881.0 0.0 97.416
12:06:00 122.0 7955.0 95.58 97.47 97.47 97.35 97.44 750.0 97.47 200.0 7955.0 5510.0 2445.0 0.0 97.3946
12:07:00 145.0 9316.0 95.58 97.51 97.52 97.44 97.5 314.0 97.52 250.0 9316.0 3635.0 5681.0 0.0 97.484
12:08:00 84.0 4349.0 95.58 97.545 97.56 97.46 97.52 658.0 97.54 103.0 4349.0 1634.0 2715.0 0.0 97.4975
12:09:00 105.0 5575.0 95.58 97.44 97.54 97.44 97.43 1.0 97.44 10.0 5575.0 2034.0 3541.0 0.0 97.5071
12:10:00 84.0 4581.0 95.58 97.36 97.45 97.34 97.35 4.0 97.37 1150.0 4581.0 1646.0 2935.0 0.0 97.3793
12:11:00 221.0 12591.0 95.58 97.25 97.37 97.25 97.25 100.0 97.27 1450.0 12591.0 2613.0 9978.0 0.0 97.2886
12:12:00 196.0 13413.0 95.58 97.27 97.38 97.25 97.26 434.0 97.28 500.0 13413.0 5383.0 8030.0 0.0 97.3079
12:13:00 336.0 29149.0 95.58 97.22 97.32 97.18 97.2 216.0 97.22 1018.0 29149.0 11039.0 18110.0 0.0 97.2428
12:14:00 182.0 10704.0 95.58 97.33 97.33 97.2 97.32 450.0 97.34 600.0 10704.0 7778.0 2926.0 0.0 97.2535
12:15:00 143.0 7551.0 95.58 97.31 97.33 97.23 97.3 208.0 97.32 218.0 7551.0 2909.0 4642.0 0.0 97.2848
12:16:00 149.0 8356.0 95.58 97.33 97.365 97.26 97.32 289.0 97.33 501.0 8356.0 4836.0 3520.0 0.0 97.3207
12:17:00 116.0 7590.0 95.58 97.36 97.38 97.3 97.38 100.0 97.4 568.0 7590.0 4870.0 2720.0 0.0 97.3298
12:18:00 269.0 12666.0 95.58 97.12 97.4 97.12 97.12 269.0 97.15 676.0 12666.0 6031.0 6635.0 0.0 97.3314
12:19:00 254.0 15306.0 95.58 97.24 97.27 97.12 97.22 255.0 97.25 39.0 15306.0 8691.0 6615.0 0.0 97.1966
12:20:00 104.0 5704.0 95.58 97.17 97.23 97.15 97.17 400.0 97.19 521.0 5704.0 3175.0 2529.0 0.0 97.1763
12:21:00 139.0 6869.0 95.58 97.08 97.16 97.04 97.08 74.0 97.1 857.0 6869.0 2662.0 4207.0 0.0 97.1038
12:22:00 160.0 10946.0 95.58 97.08 97.11 97.05 97.07 102.0 97.09 721.0 10946.0 3338.0 7608.0 0.0 97.0868
12:23:00 227.0 11603.0 95.58 97.14 97.14 97.02 97.13 503.0 97.15 310.0 11603.0 7699.0 3904.0 0.0 97.0872
12:24:00 122.0 6398.0 95.58 97.08 97.13 97.03 97.07 350.0 97.1 1517.0 6398.0 3082.0 3316.0 0.0 97.0801
12:25:00 75.0 4549.0 95.58 97.23 97.25 97.07 97.22 200.0 97.24 850.0 4549.0 3454.0 1095.0 0.0 97.1664
12:26:00 139.0 7979.0 95.58 97.27 97.35 97.2 97.25 2157.0 97.29 1950.0 7979.0 3681.0 4298.0 0.0 97.2717
12:27:00 101.0 6710.0 95.58 97.27 97.32 97.21 97.27 25.0 97.28 215.0 6710.0 4249.0 2461.0 0.0 97.2681
12:28:00 285.0 14191.0 95.58 97.31 97.32 97.23 97.3 496.0 97.33 2751.0 14191.0 9681.0 4510.0 0.0 97.2765
12:29:00 92.0 4752.0 95.58 97.275 97.39 97.26 97.25 7.0 97.27 2250.0 4752.0 1875.0 2877.0 0.0 97.3225
12:30:00 131.0 10098.0 95.58 97.19 97.25 97.14 97.17 650.0 97.2 200.0 10098.0 5062.0 5036.0 0.0 97.1884
12:31:00 137.0 8109.0 95.58 97.13 97.19 97.09 97.11 2150.0 97.14 100.0 8109.0 3209.0 4900.0 0.0 97.1164
12:32:00 94.0 7278.0 95.58 97.16 97.25 97.12 97.15 120.0 97.17 750.0 7278.0 2302.0 4976.0 0.0 97.1824
12:33:00 128.0 8594.0 95.58 97.21 97.28 97.17 97.2 1050.0 97.22 100.0 8594.0 4703.0 3891.0 0.0 97.215
12:34:00 125.0 9165.0 95.58 97.18 97.27 97.14 97.16 400.0 97.18 445.0 9165.0 2798.0 6367.0 0.0 97.191
12:35:00 80.0 4876.0 95.58 97.23 97.24 97.16 97.23 1070.0 97.25 5056.0 4876.0 2522.0 2354.0 0.0 97.2002
12:36:00 165.0 14670.0 95.58 97.23 97.36 97.22 97.21 3.0 97.23 1200.0 14670.0 8300.0 6370.0 0.0 97.2837
12:37:00 117.0 5584.0 95.58 97.05 97.24 97.01 97.02 800.0 97.05 450.0 5584.0 2296.0 3288.0 0.0 97.0913
12:38:00 404.0 16754.0 95.58 97.02 97.04 96.95 97.02 3721.0 97.04 5.0 16754.0 7581.0 9173.0 0.0 96.9973
12:39:00 69.0 3880.0 95.58 97.08 97.1 97.01 97.07 600.0 97.08 100.0 3880.0 1256.0 2624.0 0.0 97.0426
12:40:00 154.0 9660.0 95.58 97.11 97.16 97.06 97.09 200.0 97.12 50.0 9660.0 4653.0 5007.0 0.0 97.1167
12:41:00 101.0 5806.0 95.58 97.16 97.18 97.07 97.18 950.0 97.2 503.0 5806.0 3665.0 2141.0 0.0 97.1163
12:42:00 138.0 7206.0 95.58 97.08 97.2 97.06 97.08 1050.0 97.1 203.0 7206.0 3379.0 3827.0 0.0 97.1238
12:43:00 134.0 6320.0 95.58 97.02 97.1 97.01 97.0 1102.0 97.02 287.0 6320.0 2671.0 3649.0 0.0 97.0485
12:44:00 305.0 21999.0 95.58 97.0 97.11 96.97 96.99 251.0 97.01 100.0 21999.0 8939.0 13060.0 0.0 97.0219
12:45:00 489.0 30848.0 95.58 96.93 97.0 96.89 96.92 100.0 96.94 50.0 30848.0 13975.0 16873.0 0.0 96.939
12:46:00 234.0 12659.0 95.58 97.06 97.07 96.92 97.05 350.0 97.07 50.0 12659.0 6078.0 6581.0 0.0 96.9965
12:47:00 227.0 12833.0 95.58 96.93 97.13 96.91 96.92 1350.0 96.94 200.0 12833.0 6101.0 6732.0 0.0 97.0269
12:48:00 157.0 7816.0 95.58 97.02 97.05 96.94 97.0 850.0 97.03 1652.0 7816.0 4235.0 3581.0 0.0 96.9832
12:49:00 264.0 13804.0 95.58 97.03 97.03 96.97 97.02 1.0 97.04 850.0 13804.0 7282.0 6522.0 0.0 97.003
12:50:00 196.0 9682.0 95.58 96.88 97.03 96.85 96.86 250.0 96.89 1600.0 9682.0 4123.0 5559.0 0.0 96.9113
12:51:00 205.0 10757.0 95.58 97.0 97.01 96.83 96.99 208.0 97.01 1850.0 10757.0 7084.0 3673.0 0.0 96.9124
12:52:00 232.0 9497.0 95.58 97.0 97.01 96.95 96.99 224.0 97.01 345.0 9497.0 4840.0 4657.0 0.0 96.9844
12:53:00 152.0 9025.0 95.58 97.02 97.08 96.98 97.02 2903.0 97.04 349.0 9025.0 4726.0 4299.0 0.0 97.0237
12:54:00 143.0 7918.0 95.58 97.07 97.14 97.03 97.06 1150.0 97.08 101.0 7918.0 5441.0 2477.0 0.0 97.1
12:55:00 206.0 10693.0 95.58 97.05 97.11 97.03 97.05 1474.0 97.06 304.0 10693.0 5971.0 4722.0 0.0 97.082
12:56:00 103.0 5780.0 95.58 97.07 97.07 97.02 97.06 351.0 97.07 75.0 5780.0 2544.0 3236.0 0.0 97.0408
12:57:00 185.0 10236.0 95.58 97.125 97.125 97.02 97.12 501.0 97.13 300.0 10236.0 4789.0 5447.0 0.0 97.0624
12:58:00 143.0 7005.0 95.58 97.21 97.26 97.12 97.2 109.0 97.22 1873.0 7005.0 2632.0 4373.0 0.0 97.1833
12:59:00 166.0 10455.0 95.58 97.28 97.29 97.21 97.27 1300.0 97.29 700.0 10455.0 5813.0 4642.0 0.0 97.259
13:00:00 158.0 9071.0 95.58 97.27 97.3 97.23 97.25 600.0 97.27 100.0 9071.0 3852.0 5219.0 0.0 97.2675
13:01:00 191.0 9894.0 95.58 97.39 97.42 97.24 97.38 202.0 97.39 182.0 9894.0 4034.0 5860.0 0.0 97.3681
13:02:00 152.0 8217.0 95.58 97.32 97.4 97.31 97.31 462.0 97.33 100.0 8217.0 2542.0 5675.0 0.0 97.363
13:03:00 78.0 4190.0 95.58 97.23 97.32 97.22 97.22 151.0 97.23 3.0 4190.0 1167.0 3023.0 0.0 97.2706
13:04:00 81.0 2894.0 95.58 97.16 97.26 97.13 97.16 950.0 97.18 219.0 2894.0 1484.0 1410.0 0.0 97.1972
13:05:00 70.0 2872.0 95.58 97.21 97.22 97.14 97.2 206.0 97.22 2550.0 2872.0 1679.0 1193.0 0.0 97.1652
13:06:00 152.0 7425.0 95.58 97.25 97.27 97.18 97.24 303.0 97.25 100.0 7425.0 3362.0 4063.0 0.0 97.2301
13:07:00 71.0 2499.0 95.58 97.24 97.25 97.2 97.23 100.0 97.24 140.0 2499.0 1054.0 1445.0 0.0 97.2292
13:08:00 122.0 4714.0 95.58 97.27 97.27 97.21 97.25 1361.0 97.27 300.0 4714.0 2935.0 1779.0 0.0 97.2254
13:09:00 104.0 6574.0 95.58 97.27 97.36 97.25 97.26 1209.0 97.28 350.0 6574.0 3654.0 2920.0 0.0 97.3105
13:10:00 110.0 5042.0 95.58 97.27 97.35 97.245 97.27 1363.0 97.29 219.0 5042.0 2383.0 2659.0 0.0 97.2935
13:11:00 160.0 6811.0 95.58 97.4 97.42 97.28 97.39 12.0 97.41 853.0 6811.0 4435.0 2376.0 0.0 97.3268
13:12:00 138.0 8306.0 95.58 97.52 97.55 97.41 97.5 101.0 97.52 100.0 8306.0 5848.0 2458.0 0.0 97.4969
13:13:00 111.0 6259.0 95.58 97.5 97.55 97.44 97.48 2450.0 97.51 50.0 6259.0 3374.0 2885.0 0.0 97.5021
13:14:00 116.0 5219.0 95.58 97.44 97.48 97.43 97.43 2264.0 97.46 1070.0 5219.0 3285.0 1934.0 0.0 97.4484
13:15:00 107.0 7025.0 95.58 97.44 97.5 97.43 97.43 51.0 97.45 1303.0 7025.0 2721.0 4304.0 0.0 97.4553
13:16:00 135.0 6069.0 95.58 97.38 97.44 97.35 97.38 200.0 97.39 151.0 6069.0 2946.0 3123.0 0.0 97.3909
13:17:00 151.0 6624.0 95.58 97.33 97.43 97.28 97.32 357.0 97.35 1500.0 6624.0 3827.0 2797.0 0.0 97.3495
13:18:00 130.0 7130.0 95.58 97.37 97.39 97.32 97.35 202.0 97.38 2073.0 7130.0 3858.0 3272.0 0.0 97.3485
13:19:00 115.0 3835.0 95.58 97.2 97.38 97.2 97.2 506.0 97.21 300.0 3835.0 1375.0 2460.0 0.0 97.2906
13:20:00 134.0 8001.0 95.58 97.21 97.21 97.12 97.19 551.0 97.22 150.0 8001.0 4098.0 3903.0 0.0 97.1591
13:21:00 136.0 8179.0 95.58 97.12 97.19 97.09 97.11 635.0 97.13 499.0 8179.0 4901.0 3278.0 0.0 97.1359
13:22:00 166.0 6618.0 95.58 97.01 97.15 96.99 97.0 150.0 97.01 100.0 6618.0 2874.0 3744.0 0.0 97.0465
13:23:00 124.0 6437.0 95.58 97.0 97.05 96.99 97.0 101.0 97.01 916.0 6437.0 4278.0 2159.0 0.0 97.0202
13:24:00 135.0 7617.0 95.58 96.94 97.07 96.93 96.94 150.0 96.96 980.0 7617.0 3621.0 3996.0 0.0 96.9938
13:25:00 60.0 2507.0 95.58 97.01 97.04 96.94 97.0 114.0 97.01 261.0 2507.0 1067.0 1440.0 0.0 96.9943
13:26:00 118.0 7079.0 95.58 96.97 97.0 96.92 96.96 10.0 96.98 1050.0 7079.0 3342.0 3737.0 0.0 96.9429
13:27:00 82.0 5355.0 95.58 97.0 97.03 96.94 97.01 2.0 97.03 652.0 5355.0 3428.0 1927.0 0.0 96.9621
13:28:00 94.0 4424.0 95.58 97.08 97.105 96.99 97.06 24.0 97.08 1050.0 4424.0 2335.0 2089.0 0.0 97.0586
13:29:00 86.0 5533.0 95.58 97.07 97.12 97.07 97.06 1325.0 97.08 100.0 5533.0 3485.0 2048.0 0.0 97.0994
13:30:00 84.0 3595.0 95.58 97.07 97.07 97.0 97.06 162.0 97.08 406.0 3595.0 1779.0 1816.0 0.0 97.0379
13:31:00 129.0 6331.0 95.58 97.18 97.19 97.0 97.16 400.0 97.18 100.0 6331.0 4273.0 2058.0 0.0 97.0933
13:32:00 92.0 4537.0 95.58 97.01 97.16 97.01 97.0 1033.0 97.03 2400.0 4537.0 1395.0 3142.0 0.0 97.126
13:33:00 81.0 5359.0 95.58 97.1 97.11 96.98 97.08 1455.0 97.11 125.0 5359.0 3461.0 1898.0 0.0 97.0303
13:34:00 71.0 3883.0 95.58 97.12 97.16 97.04 97.11 1.0 97.13 450.0 3883.0 2412.0 1471.0 0.0 97.1167
13:35:00 105.0 5644.0 95.58 97.07 97.17 97.07 97.07 1.0 97.09 1950.0 5644.0 3169.0 2475.0 0.0 97.131
13:36:00 126.0 5135.0 95.58 97.04 97.07 97.0 97.03 1.0 97.04 100.0 5135.0 2859.0 2276.0 0.0 97.0244
13:37:00 77.0 4268.0 95.58 97.04 97.12 97.02 97.03 253.0 97.04 457.0 4268.0 1430.0 2838.0 0.0 97.058
13:38:00 120.0 7059.0 95.58 97.17 97.17 97.03 97.16 300.0 97.19 3104.0 7059.0 3973.0 3086.0 0.0 97.0882
13:39:00 121.0 8939.0 95.58 97.25 97.3 97.16 97.23 2252.0 97.26 650.0 8939.0 6476.0 2463.0 0.0 97.2262
13:40:00 109.0 6144.0 95.58 97.17 97.24 97.14 97.17 50.0 97.19 1200.0 6144.0 3413.0 2731.0 0.0 97.2033
13:41:00 102.0 4559.0 95.58 97.21 97.21 97.13 97.19 550.0 97.22 1052.0 4559.0 2628.0 1931.0 0.0 97.1681
13:42:00 163.0 7984.0 95.58 97.35 97.35 97.22 97.35 150.0 97.36 133.0 7984.0 5043.0 2941.0 0.0 97.2784
13:43:00 172.0 9949.0 95.58 97.38 97.4 97.33 97.36 100.0 97.38 154.0 9949.0 5949.0 4000.0 0.0 97.369
13:44:00 117.0 7277.0 95.58 97.42 97.46 97.36 97.41 465.0 97.44 2450.0 7277.0 4102.0 3175.0 0.0 97.416
13:45:00 97.0 3914.0 95.58 97.4 97.46 97.36 97.39 5.0 97.41 1902.0 3914.0 2436.0 1478.0 0.0 97.4065
13:46:00 162.0 8954.0 95.58 97.355 97.43 97.34 97.35 50.0 97.37 1019.0 8954.0 4708.0 4246.0 0.0 97.3756
13:47:00 95.0 4884.0 95.58 97.29 97.41 97.28 97.27 468.0 97.29 600.0 4884.0 2344.0 2540.0 0.0 97.349
13:48:00 105.0 4758.0 95.58 97.27 97.29 97.22 97.27 1350.0 97.29 290.0 4758.0 2798.0 1960.0 0.0 97.2455
13:49:00 100.0 6441.0 95.58 97.32 97.33 97.26 97.31 1000.0 97.34 150.0 6441.0 5007.0 1434.0 0.0 97.3023
13:50:00 117.0 5776.0 95.58 97.41 97.42 97.33 97.41 100.0 97.43 150.0 5776.0 2702.0 3074.0 0.0 97.3644
13:51:00 172.0 9215.0 95.58 97.47 97.55 97.4 97.46 1450.0 97.48 100.0 9215.0 3876.0 5339.0 0.0 97.4663
13:52:00 169.0 8476.0 95.58 97.46 97.46 97.39 97.42 1650.0 97.46 1106.0 8476.0 5976.0 2500.0 0.0 97.426
13:53:00 142.0 8298.0 95.58 97.55 97.56 97.41 97.55 1047.0 97.58 1050.0 8298.0 5470.0 2828.0 0.0 97.5032
13:54:00 103.0 3680.0 95.58 97.53 97.56 97.47 97.51 306.0 97.53 699.0 3680.0 819.0 2861.0 0.0 97.5158
13:55:00 108.0 7908.0 95.58 97.55 97.59 97.51 97.55 50.0 97.57 400.0 7908.0 2104.0 5804.0 0.0 97.5644
13:56:00 119.0 5381.0 95.58 97.51 97.58 97.51 97.51 1300.0 97.53 204.0 5381.0 2322.0 3059.0 0.0 97.5445
13:57:00 140.0 4548.0 95.58 97.52 97.54 97.45 97.5 350.0 97.52 200.0 4548.0 1910.0 2638.0 0.0 97.4971
13:58:00 156.0 9196.0 95.58 97.53 97.55 97.46 97.52 199.0 97.54 750.0 9196.0 4178.0 5018.0 0.0 97.5077
13:59:00 231.0 12777.0 95.58 97.4 97.55 97.39 97.39 50.0 97.41 351.0 12777.0 7041.0 5736.0 0.0 97.4353
14:00:00 181.0 11102.0 95.58 97.38 97.44 97.3 97.37 202.0 97.39 50.0 11102.0 6532.0 4570.0 0.0 97.3674
14:01:00 124.0 5627.0 95.58 97.45 97.46 97.39 97.43 1850.0 97.46 767.0 5627.0 2292.0 3335.0 0.0 97.4325
14:02:00 120.0 5851.0 95.58 97.41 97.47 97.35 97.4 1.0 97.42 150.0 5851.0 3018.0 2833.0 0.0 97.4139
14:03:00 173.0 9811.0 95.58 97.48 97.49 97.39 97.47 1869.0 97.49 100.0 9811.0 4558.0 5253.0 0.0 97.4493
14:04:00 187.0 12416.0 95.58 97.51 97.57 97.42 97.5 701.0 97.53 2050.0 12416.0 5408.0 7008.0 0.0 97.4911
14:05:00 135.0 7660.0 95.58 97.49 97.555 97.49 97.48 1261.0 97.5 300.0 7660.0 3553.0 4107.0 0.0 97.523
14:06:00 168.0 9143.0 95.58 97.51 97.565 97.5 97.5 53.0 97.51 300.0 9143.0 5381.0 3762.0 0.0 97.5324
14:07:00 117.0 5478.0 95.58 97.58 97.625 97.51 97.56 100.0 97.57 101.0 5478.0 2284.0 3194.0 0.0 97.5912
14:08:00 202.0 10091.0 95.58 97.39 97.56 97.39 97.39 308.0 97.4 300.0 10091.0 2035.0 8056.0 0.0 97.4643
14:09:00 215.0 11887.0 95.58 97.29 97.39 97.27 97.29 110.0 97.3 200.0 11887.0 4101.0 7786.0 0.0 97.3213
14:10:00 167.0 11367.0 95.58 97.26 97.35 97.26 97.26 2.0 97.28 701.0 11367.0 3294.0 8073.0 0.0 97.2884
14:11:00 157.0 7703.0 95.58 97.35 97.4 97.28 97.34 436.0 97.35 100.0 7703.0 4396.0 3307.0 0.0 97.3384
14:12:00 139.0 7704.0 95.58 97.27 97.37 97.27 97.27 21.0 97.28 100.0 7704.0 4005.0 3699.0 0.0 97.3281
14:13:00 101.0 3793.0 95.58 97.265 97.29 97.24 97.27 145.0 97.28 927.0 3793.0 1735.0 2058.0 0.0 97.2679
14:14:00 185.0 13430.0 95.58 97.36 97.37 97.2 97.35 1438.0 97.37 900.0 13430.0 7448.0 5982.0 0.0 97.2831
14:15:00 138.0 5707.0 95.58 97.28 97.38 97.25 97.28 100.0 97.3 448.0 5707.0 2678.0 3029.0 0.0 97.3331
14:16:00 102.0 5980.0 95.58 97.38 97.38 97.3 97.38 601.0 97.39 337.0 5980.0 4128.0 1852.0 0.0 97.3421
14:17:00 118.0 4108.0 95.58 97.26 97.385 97.24 97.25 1752.0 97.27 100.0 4108.0 1239.0 2869.0 0.0 97.3047
14:18:00 89.0 4712.0 95.58 97.28 97.28 97.22 97.28 33.0 97.29 142.0 4712.0 2038.0 2674.0 0.0 97.2441
14:19:00 184.0 6930.0 95.58 97.27 97.31 97.26 97.28 13.0 97.29 171.0 6930.0 2646.0 4284.0 0.0 97.2948
14:20:00 104.0 5532.0 95.58 97.3 97.3 97.26 97.29 604.0 97.3 518.0 5532.0 3746.0 1786.0 0.0 97.2857
14:21:00 210.0 8286.0 95.58 97.25 97.32 97.17 97.25 200.0 97.27 600.0 8286.0 2227.0 6059.0 0.0 97.2253
14:22:00 155.0 7821.0 95.58 97.23 97.31 97.18 97.22 315.0 97.25 2350.0 7821.0 3274.0 4547.0 0.0 97.2639
14:23:00 195.0 8369.0 95.58 97.25 97.25 97.16 97.25 573.0 97.26 101.0 8369.0 5436.0 2933.0 0.0 97.2146
14:24:00 154.0 7957.0 95.58 97.3 97.3 97.23 97.29 103.0 97.3 100.0 7957.0 4752.0 3205.0 0.0 97.2606
14:25:00 184.0 8290.0 95.58 97.37 97.42 97.3 97.36 200.0 97.38 2600.0 8290.0 4420.0 3870.0 0.0 97.3668
14:26:00 119.0 6278.0 95.58 97.22 97.37 97.21 97.2 211.0 97.23 3548.0 6278.0 1991.0 4287.0 0.0 97.2852
14:27:00 216.0 12532.0 95.58 97.09 97.225 97.06 97.08 201.0 97.1 404.0 12532.0 3743.0 8789.0 0.0 97.1273
14:28:00 99.0 4789.0 95.58 97.04 97.09 97.02 97.03 804.0 97.05 1041.0 4789.0 1706.0 3083.0 0.0 97.0459
14:29:00 290.0 16072.0 95.58 96.95 97.04 96.92 96.95 400.0 96.96 100.0 16072.0 6757.0 9315.0 0.0 96.9843
14:30:00 208.0 9917.0 95.58 96.87 96.97 96.86 96.86 1102.0 96.88 24.0 9917.0 3093.0 6824.0 0.0 96.8939
14:31:00 126.0 7541.0 95.58 96.86 96.88 96.84 96.85 400.0 96.86 100.0 7541.0 4091.0 3450.0 0.0 96.8597
14:32:00 178.0 11194.0 95.58 96.87 96.92 96.86 96.87 2.0 96.87 200.0 11194.0 6780.0 4414.0 0.0 96.8824
14:33:00 232.0 12312.0 95.58 96.8 96.87 96.77 96.79 1601.0 96.82 2004.0 12312.0 6846.0 5466.0 0.0 96.7997
14:34:00 127.0 5336.0 95.58 96.83 96.85 96.81 96.83 100.0 96.84 116.0 5336.0 2654.0 2682.0 0.0 96.8392
14:35:00 105.0 3913.0 95.58 96.81 96.83 96.77 96.8 529.0 96.82 1.0 3913.0 1508.0 2405.0 0.0 96.7973
14:36:00 418.0 32158.0 95.58 96.69 96.81 96.64 96.68 233.0 96.69 13.0 32158.0 24085.0 8073.0 0.0 96.67
14:37:00 340.0 16330.0 95.58 96.8 96.82 96.67 96.8 270.0 96.81 400.0 16330.0 8971.0 7359.0 0.0 96.7289
14:38:00 285.0 13451.0 95.58 96.74 96.85 96.72 96.73 203.0 96.75 400.0 13451.0 5023.0 8428.0 0.0 96.8009
14:39:00 169.0 9712.0 95.58 96.8 96.86 96.75 96.78 981.0 96.8 150.0 9712.0 3278.0 6434.0 0.0 96.8149
14:40:00 113.0 7879.0 95.58 96.79 96.82 96.75 96.78 229.0 96.79 300.0 7879.0 5078.0 2801.0 0.0 96.792
14:41:00 134.0 7083.0 95.58 96.81 96.89 96.75 96.8 400.0 96.82 300.0 7083.0 3781.0 3302.0 0.0 96.8192
14:42:00 126.0 8146.0 95.58 96.84 96.86 96.77 96.83 345.0 96.85 530.0 8146.0 4344.0 3802.0 0.0 96.8203
14:43:00 111.0 4734.0 95.58 96.84 96.86 96.78 96.83 253.0 96.85 604.0 4734.0 2215.0 2519.0 0.0 96.825
14:44:00 142.0 7478.0 95.58 96.87 96.9 96.81 96.86 5.0 96.88 2500.0 7478.0 4339.0 3139.0 0.0 96.8554
14:45:00 148.0 12683.0 95.58 96.81 96.88 96.81 96.8 1237.0 96.82 108.0 12683.0 1712.0 10971.0 0.0 96.8332
14:46:00 318.0 13486.0 95.58 96.73 96.83 96.73 96.73 1710.0 96.75 1400.0 13486.0 5070.0 8416.0 0.0 96.7894
14:47:00 212.0 13592.0 95.58 96.82 96.86 96.73 96.81 901.0 96.83 1200.0 13592.0 6555.0 7037.0 0.0 96.7852
14:48:00 73.0 2986.0 95.58 96.84 96.87 96.8 96.83 1306.0 96.84 696.0 2986.0 1456.0 1530.0 0.0 96.8367
14:49:00 126.0 6752.0 95.58 96.855 96.86 96.8 96.84 700.0 96.86 602.0 6752.0 2882.0 3870.0 0.0 96.831
14:50:00 129.0 5619.0 95.58 96.85 96.88 96.82 96.85 4.0 96.87 2148.0 5619.0 1890.0 3729.0 0.0 96.8471
14:51:00 96.0 3479.0 95.58 96.75 96.84 96.74 96.75 2.0 96.76 100.0 3479.0 949.0 2530.0 0.0 96.7803
14:52:00 162.0 8990.0 95.58 96.74 96.77 96.71 96.73 1001.0 96.75 652.0 8990.0 3964.0 5026.0 0.0 96.7429
14:53:00 148.0 11169.0 95.58 96.84 96.84 96.72 96.83 100.0 96.85 253.0 11169.0 7091.0 4078.0 0.0 96.7558
14:54:00 179.0 11073.0 95.58 96.88 96.88 96.81 96.87 8.0 96.88 400.0 11073.0 5748.0 5325.0 0.0 96.8346
14:55:00 171.0 9587.0 95.58 96.94 96.94 96.86 96.92 477.0 96.94 225.0 9587.0 7386.0 2201.0 0.0 96.9057
14:56:00 236.0 17613.0 95.58 96.98 97.0 96.91 96.97 202.0 96.98 429.0 17613.0 11275.0 6338.0 0.0 96.9426
14:57:00 243.0 14477.0 95.58 96.88 96.99 96.88 96.88 100.0 96.9 502.0 14477.0 7185.0 7292.0 0.0 96.9601
14:58:00 205.0 11355.0 95.58 96.8 96.9 96.77 96.79 383.0 96.81 300.0 11355.0 4981.0 6374.0 0.0 96.8368
14:59:00 122.0 7216.0 95.58 96.82 96.83 96.79 96.8 2050.0 96.82 108.0 7216.0 3475.0 3741.0 0.0 96.8079
15:00:00 188.0 11093.0 95.58 96.74 96.83 96.71 96.74 50.0 96.75 275.0 11093.0 3447.0 7646.0 0.0 96.7671
15:01:00 201.0 12989.0 95.58 96.79 96.8 96.71 96.78 303.0 96.79 300.0 12989.0 6224.0 6765.0 0.0 96.7424
15:02:00 193.0 9983.0 95.58 96.84 96.86 96.78 96.83 707.0 96.85 750.0 9983.0 5083.0 4900.0 0.0 96.8255
15:03:00 188.0 11830.0 95.58 96.88 96.89 96.79 96.86 1002.0 96.88 620.0 11830.0 6666.0 5164.0 0.0 96.8431
15:04:00 144.0 9229.0 95.58 96.82 96.9 96.76 96.81 886.0 96.83 453.0 9229.0 4299.0 4930.0 0.0 96.8189
15:05:00 165.0 8942.0 95.58 96.75 96.84 96.73 96.74 47.0 96.75 677.0 8942.0 3133.0 5809.0 0.0 96.7894
15:06:00 130.0 7356.0 95.58 96.72 96.77 96.71 96.71 805.0 96.73 428.0 7356.0 3119.0 4237.0 0.0 96.731
15:07:00 234.0 15266.0 95.58 96.73 96.74 96.66 96.71 992.0 96.73 300.0 15266.0 8402.0 6864.0 0.0 96.7133
15:08:00 267.0 16114.0 95.58 96.57 96.72 96.55 96.56 539.0 96.57 67.0 16114.0 3098.0 13016.0 0.0 96.6289
15:09:00 460.0 39368.0 95.58 96.54 96.62 96.5 96.53 400.0 96.55 3110.0 39368.0 23423.0 15945.0 0.0 96.554
15:10:00 264.0 18739.0 95.58 96.57 96.66 96.51 96.56 656.0 96.58 104.0 18739.0 13872.0 4867.0 0.0 96.5786
15:11:00 160.0 8242.0 95.58 96.59 96.61 96.52 96.59 1.0 96.6 100.0 8242.0 3680.0 4562.0 0.0 96.5583
15:12:00 154.0 6798.0 95.58 96.51 96.66 96.51 96.5 407.0 96.51 100.0 6798.0 3194.0 3604.0 0.0 96.5695
15:13:00 247.0 13719.0 95.58 96.62 96.62 96.49 96.61 1250.0 96.64 1252.0 13719.0 8054.0 5665.0 0.0 96.551
15:14:00 191.0 10804.0 95.58 96.66 96.67 96.54 96.66 657.0 96.68 210.0 10804.0 5355.0 5449.0 0.0 96.6144
15:15:00 161.0 7711.0 95.58 96.68 96.7 96.65 96.67 653.0 96.69 100.0 7711.0 2933.0 4778.0 0.0 96.6724
15:16:00 145.0 8822.0 95.58 96.69 96.69 96.62 96.68 600.0 96.7 25.0 8822.0 4581.0 4241.0 0.0 96.6515
15:17:00 293.0 20360.0 95.58 96.88 96.89 96.7 96.88 1058.0 96.9 256.0 20360.0 11432.0 8928.0 0.0 96.8003
15:18:00 206.0 13211.0 95.58 96.97 96.98 96.85 96.97 1065.0 96.98 244.0 13211.0 5901.0 7310.0 0.0 96.9033
15:19:00 333.0 19909.0 95.58 96.9 96.97 96.87 96.9 1400.0 96.92 101.0 19909.0 7364.0 12545.0 0.0 96.9246
15:20:00 232.0 13139.0 95.58 96.78 96.92 96.78 96.78 100.0 96.79 600.0 13139.0 6191.0 6948.0 0.0 96.8446
15:21:00 257.0 17084.0 95.58 96.62 96.78 96.54 96.62 300.0 96.63 200.0 17084.0 8949.0 8135.0 0.0 96.6336
15:22:00 193.0 13496.0 95.58 96.62 96.67 96.6 96.62 559.0 96.64 201.0 13496.0 8028.0 5468.0 0.0 96.641
15:23:00 257.0 24623.0 95.58 96.59 96.69 96.51 96.59 300.0 96.61 1834.0 24623.0 6685.0 17938.0 0.0 96.5796
15:24:00 200.0 11189.0 95.58 96.62 96.73 96.58 96.6 1466.0 96.62 200.0 11189.0 5250.0 5939.0 0.0 96.6647
15:25:00 152.0 7115.0 95.58 96.64 96.73 96.61 96.62 350.0 96.65 1265.0 7115.0 3987.0 3128.0 0.0 96.6608
15:26:00 158.0 9645.0 95.58 96.585 96.66 96.57 96.58 883.0 96.6 200.0 9645.0 5216.0 4429.0 0.0 96.6148
15:27:00 351.0 21576.0 95.58 96.59 96.66 96.54 96.57 651.0 96.59 297.0 21576.0 8680.0 12896.0 0.0 96.5891
15:28:00 246.0 12973.0 95.58 96.52 96.615 96.46 96.51 321.0 96.53 261.0 12973.0 5900.0 7073.0 0.0 96.5483
15:29:00 219.0 12529.0 95.58 96.46 96.62 96.45 96.44 360.0 96.46 800.0 12529.0 5086.0 7443.0 0.0 96.5282
15:30:00 224.0 15427.0 95.58 96.54 96.59 96.46 96.53 459.0 96.55 100.0 15427.0 7943.0 7484.0 0.0 96.5234
15:31:00 262.0 13459.0 95.58 96.64 96.665 96.51 96.62 1692.0 96.64 650.0 13459.0 7536.0 5923.0 0.0 96.6184
15:32:00 374.0 21674.0 95.58 96.65 96.73 96.63 96.65 6.0 96.66 1800.0 21674.0 10340.0 11334.0 0.0 96.6686
15:33:00 349.0 19602.0 95.58 96.69 96.81 96.63 96.67 339.0 96.69 2455.0 19602.0 10474.0 9128.0 0.0 96.7357
15:34:00 323.0 18182.0 95.58 96.59 96.69 96.5 96.58 2168.0 96.6 31.0 18182.0 10320.0 7862.0 0.0 96.5643
15:35:00 363.0 16532.0 95.58 96.55 96.7 96.55 96.54 1234.0 96.56 700.0 16532.0 7441.0 9091.0 0.0 96.6403
15:36:00 337.0 16222.0 95.58 96.63 96.66 96.53 96.62 2124.0 96.64 219.0 16222.0 7616.0 8606.0 0.0 96.6004
15:37:00 459.0 25628.0 95.58 96.53 96.65 96.42 96.53 100.0 96.54 220.0 25628.0 15106.0 10522.0 0.0 96.5155
15:38:00 468.0 24918.0 95.58 96.52 96.59 96.49 96.51 111.0 96.52 570.0 24918.0 14415.0 10503.0 0.0 96.5248
15:39:00 417.0 23806.0 95.58 96.49 96.6 96.47 96.49 933.0 96.5 205.0 23806.0 14410.0 9396.0 0.0 96.5429
15:40:00 422.0 24710.0 95.58 96.61 96.62 96.5 96.6 757.0 96.61 400.0 24710.0 12895.0 11815.0 0.0 96.5645
15:41:00 593.0 37640.0 95.58 96.82 96.88 96.6 96.82 208.0 96.83 1800.0 37640.0 24831.0 12809.0 0.0 96.7537
15:42:00 452.0 26387.0 95.58 96.76 96.84 96.68 96.76 17.0 96.78 2015.0 26387.0 14468.0 11919.0 0.0 96.7563
15:43:00 365.0 16641.0 95.58 96.81 96.82 96.73 96.81 488.0 96.83 2075.0 16641.0 9483.0 7158.0 0.0 96.7771
15:44:00 308.0 20075.0 95.58 96.77 96.84 96.76 96.77 1118.0 96.78 622.0 20075.0 11958.0 8117.0 0.0 96.7934
15:45:00 587.0 34087.0 95.58 96.64 96.79 96.6 96.63 286.0 96.65 50.0 34087.0 18670.0 15417.0 0.0 96.6909
15:46:00 522.0 28877.0 95.58 96.6 96.675 96.52 96.59 1385.0 96.61 250.0 28877.0 13246.0 15631.0 0.0 96.5879
15:47:00 387.0 20914.0 95.58 96.61 96.65 96.55 96.6 980.0 96.61 1000.0 20914.0 12186.0 8728.0 0.0 96.5918
15:48:00 413.0 25611.0 95.58 96.62 96.7 96.58 96.6 1113.0 96.62 213.0 25611.0 12877.0 12734.0 0.0 96.6259
15:49:00 519.0 30210.0 95.58 96.68 96.76 96.62 96.68 2154.0 96.69 1.0 30210.0 19903.0 10307.0 0.0 96.6951
15:50:00 460.0 25939.0 95.58 96.69 96.77 96.61 96.68 256.0 96.7 525.0 25939.0 13803.0 12136.0 0.0 96.6746
15:51:00 1005.0 52924.0 95.58 96.44 96.68 96.35 96.43 282.0 96.45 124.0 52924.0 30013.0 22911.0 0.0 96.4522
15:52:00 697.0 33592.0 95.58 96.44 96.58 96.39 96.43 511.0 96.45 800.0 33592.0 16429.0 17163.0 0.0 96.4743
15:53:00 675.0 32747.0 95.58 96.37 96.47 96.34 96.36 930.0 96.38 647.0 32747.0 18480.0 14267.0 0.0 96.3983
15:54:00 538.0 27336.0 95.58 96.33 96.41 96.3 96.31 546.0 96.33 1935.0 27336.0 15649.0 11687.0 0.0 96.355
15:55:00 878.0 47398.0 95.58 96.3 96.37 96.23 96.29 816.0 96.31 708.0 47398.0 20632.0 26766.0 0.0 96.3003
15:56:00 801.0 42964.0 95.58 96.43 96.46 96.29 96.42 1856.0 96.43 423.0 42964.0 22515.0 20449.0 0.0 96.4013
15:57:00 544.0 37814.0 95.58 96.38 96.425 96.33 96.37 313.0 96.38 176.0 37814.0 17419.0 20395.0 0.0 96.3634
15:58:00 924.0 57727.0 95.58 96.55 96.59 96.38 96.54 696.0 96.55 3728.0 57727.0 31208.0 26519.0 0.0 96.5309
15:59:00 1169.0 81509.0 95.58 96.65 96.65 96.54 96.64 132.0 96.65 1879.0 81509.0 47122.0 34387.0 0.0 96.5958
16:00:00 1722.0 147231.0 95.58 96.31 96.64 96.28 96.28 10296.0 96.3 16.0 147231.0 46193.0 101038.0 0.0 96.4037
16:01:00 9.0 38.0 95.58 96.31 96.32 96.28 96.31 310.0 96.41 400.0 38.0 38.0 0.0 0.0 96.3058
16:02:00 3.0 2.0 95.58 96.52 96.58 96.52 96.31 300.0 96.41 400.0 2.0 2.0 0.0 0.0 96.58
16:03:00 2.0 3.0 95.58 96.31 96.5 96.31 96.4 305.0 96.41 400.0 3.0 0.0 3.0 0.0 96.31
16:04:00 6.0 311.0 95.58 96.3 96.5 96.3 96.3 31.0 96.41 400.0 311.0 0.0 311.0 0.0 96.4961
16:05:00 2.0 0.0 95.58 96.39 96.39 96.34 96.32 1.0 96.4 200.0 nan 0.0 0.0 0.0 nan
16:06:00 11.0 2.0 95.58 96.33 96.39 96.33 96.32 1.0 96.4 200.0 2.0 2.0 0.0 0.0 96.33
16:07:00 4.0 3.0 95.58 96.31 96.39 96.31 96.31 9.0 96.39 19.0 3.0 1.0 2.0 0.0 96.34
16:08:00 3.0 100.0 95.58 96.37 96.37 96.37 96.37 10.0 96.39 19.0 100.0 0.0 100.0 0.0 96.37
16:09:00 8.0 43.0 95.58 96.31 96.38 96.31 96.3 32.0 96.39 19.0 43.0 7.0 36.0 0.0 96.324
16:10:00 9.0 121.0 95.58 96.31 96.37 96.31 96.3 32.0 96.39 19.0 121.0 121.0 0.0 0.0 96.31
16:11:00 11.0 46.0 95.58 96.3 96.36 96.3 96.3 7.0 96.39 19.0 46.0 16.0 30.0 0.0 96.31
16:12:00 6.0 17.0 95.58 96.25 96.31 96.25 96.25 52.0 96.39 19.0 17.0 10.0 7.0 0.0 96.2918
16:13:00 6.0 62.0 95.58 96.38 96.38 96.25 96.33 1.0 96.39 19.0 62.0 61.0 1.0 0.0 96.309
16:14:00 2.0 1.0 95.58 96.39 96.39 96.35 96.32 2.0 96.39 19.0 1.0 0.0 1.0 0.0 96.35
16:15:00 1.0 0.0 95.58 96.39 96.39 96.39 96.32 2.0 96.39 19.0 nan 0.0 0.0 0.0 nan
16:16:00 2.0 2.0 95.58 96.39 96.39 96.39 96.32 1.0 96.4 200.0 2.0 2.0 0.0 0.0 96.39
16:17:00 0.0 0.0 95.58 96.39 nan nan 96.32 1.0 96.4 200.0 nan 0.0 0.0 0.0 nan
16:18:00 3.0 2.0 95.58 96.4 96.4 96.32 96.31 1.0 96.4 199.0 2.0 1.0 1.0 0.0 96.36
16:19:00 3.0 2.0 95.58 96.39 96.4 96.32 96.31 1.0 96.4 344.0 2.0 2.0 0.0 0.0 96.4
16:20:00 4.0 3.0 95.58 96.4 96.4 96.39 96.31 1.0 96.4 341.0 3.0 3.0 0.0 0.0 96.4
16:21:00 0.0 0.0 95.58 96.4 nan nan 96.32 2.0 96.4 341.0 nan 0.0 0.0 0.0 nan
16:22:00 5.0 3.0 95.58 96.31 96.39 96.31 96.3 19.0 96.4 341.0 3.0 0.0 3.0 0.0 96.3167
16:23:00 7.0 1.0 95.58 96.39 96.4 96.3 96.31 1.0 96.4 341.0 1.0 0.0 1.0 0.0 96.3
16:24:00 5.0 9.0 95.58 96.39 96.39 96.3 96.3 11.0 96.4 341.0 9.0 0.0 9.0 0.0 96.3011
16:25:00 0.0 0.0 95.58 96.39 nan nan 96.31 6.0 96.4 341.0 nan 0.0 0.0 0.0 nan
16:26:00 1.0 1.0 95.58 96.31 96.31 96.31 96.31 4.0 96.4 341.0 1.0 0.0 1.0 0.0 96.31
16:27:00 0.0 0.0 95.58 96.31 nan nan 96.31 4.0 96.4 381.0 nan 0.0 0.0 0.0 nan
16:28:00 3.0 0.0 95.58 96.39 96.39 96.39 96.31 4.0 96.4 326.0 nan 0.0 0.0 0.0 nan
16:29:00 3.0 0.0 95.58 96.39 96.39 96.39 96.31 3.0 96.4 326.0 nan 0.0 0.0 0.0 nan
16:30:00 1.0 0.0 95.58 96.39 96.39 96.39 96.31 3.0 96.4 326.0 nan 0.0 0.0 0.0 nan
16:31:00 2.0 0.0 95.58 96.39 96.39 96.39 96.31 3.0 96.4 326.0 nan 0.0 0.0 0.0 nan
16:32:00 14.0 102.0 95.58 96.32 96.39 96.29 96.25 60.0 96.4 326.0 102.0 75.0 27.0 0.0 96.3076
16:33:00 1.0 4.0 95.58 96.28 96.28 96.28 96.26 15.0 96.4 326.0 4.0 4.0 0.0 0.0 96.28
16:34:00 0.0 0.0 95.58 96.28 nan nan 96.26 20.0 96.4 326.0 nan 0.0 0.0 0.0 nan
16:35:00 3.0 0.0 95.58 96.29 96.29 96.29 96.26 20.0 96.4 326.0 nan 0.0 0.0 0.0 nan
16:36:00 0.0 0.0 95.58 96.29 nan nan 96.31 1.0 96.4 326.0 nan 0.0 0.0 0.0 nan
16:37:00 0.0 0.0 95.58 96.29 nan nan 96.31 1.0 96.4 326.0 nan 0.0 0.0 0.0 nan
16:38:00 2.0 2.0 95.58 96.31 96.31 96.31 96.3 101.0 96.4 326.0 2.0 1.0 1.0 0.0 96.31
16:39:00 2.0 15.0 95.58 96.39 96.4 96.39 96.3 87.0 96.4 311.0 15.0 15.0 0.0 0.0 96.4
16:40:00 0.0 0.0 95.58 96.39 nan nan 96.3 87.0 96.4 311.0 nan 0.0 0.0 0.0 nan
16:41:00 7.0 29.0 95.58 96.3 96.4 96.3 96.3 64.0 96.31 298.0 29.0 22.0 7.0 0.0 96.3697
16:42:00 0.0 0.0 95.58 96.3 nan nan 96.3 64.0 96.31 298.0 nan 0.0 0.0 0.0 nan
16:43:00 5.0 67.0 95.58 96.31 96.31 96.29 96.26 6.0 96.31 299.0 67.0 2.0 65.0 0.0 96.3001
16:44:00 3.0 7.0 95.58 96.28 96.31 96.28 96.26 5.0 96.31 293.0 7.0 6.0 1.0 0.0 96.3057
16:45:00 1.0 1.0 95.58 96.31 96.31 96.31 96.28 1.0 96.31 292.0 1.0 1.0 0.0 0.0 96.31
16:46:00 3.0 4.0 95.58 96.31 96.31 96.26 96.26 4.0 96.31 290.0 4.0 2.0 2.0 0.0 96.2925
16:47:00 4.0 9.0 95.58 96.26 96.31 96.26 96.26 1.0 96.3 3.0 9.0 4.0 5.0 0.0 96.2844
16:48:00 0.0 0.0 95.58 96.26 nan nan 96.28 1.0 96.3 3.0 nan 0.0 0.0 0.0 nan
16:49:00 2.0 4.0 95.58 96.31 96.31 96.3 96.28 1.0 96.28 7.0 4.0 4.0 0.0 0.0 96.3025
16:50:00 2.0 6.0 95.58 96.28 96.28 96.28 96.26 7.0 96.4 291.0 6.0 6.0 0.0 0.0 96.28
16:51:00 1.0 4.0 95.58 96.37 96.37 96.37 96.3 2.0 96.33 1.0 4.0 0.0 4.0 0.0 96.37
16:52:00 6.0 7.0 95.58 96.28 96.38 96.28 96.3 3.0 96.38 53.0 7.0 3.0 4.0 0.0 96.3343
16:53:00 6.0 5.0 95.58 96.38 96.38 96.3 96.28 1.0 96.38 52.0 5.0 1.0 4.0 0.0 96.33
16:54:00 2.0 1.0 95.58 96.26 96.31 96.26 96.28 1.0 96.37 52.0 1.0 1.0 0.0 0.0 96.26
16:55:00 2.0 1.0 95.58 96.3 96.37 96.3 96.28 1.0 96.37 51.0 1.0 1.0 0.0 0.0 96.37
16:56:00 4.0 10.0 95.58 96.3 96.39 96.3 96.3 1.0 96.37 51.0 10.0 10.0 0.0 0.0 96.3
16:57:00 2.0 1.0 95.58 96.37 96.37 96.31 96.3 1.0 96.37 50.0 1.0 1.0 0.0 0.0 96.37
16:58:00 2.0 10.0 95.58 96.37 96.37 96.29 96.3 3.0 96.37 49.0 10.0 10.0 0.0 0.0 96.298
16:59:00 10.0 14.0 95.58 96.27 96.3 96.27 96.27 8.0 96.37 49.0 14.0 0.0 14.0 0.0 96.2864
17:00:00 4.0 21.0 95.58 96.31 96.37 96.25 96.3 5.0 96.4 291.0 21.0 10.0 11.0 0.0 96.3129
