time trade_count trade_volume trade_first trade_last trade_high trade_low bid_price bid_size ask_price ask_size hid_vol buy_vol sell_vol unsided_vol vwap
09:00:00 nan 5176.0 176.75 176.87 176.89 176.74 176.83 91.0 176.88 500.0 5176.0 4098.0 1078.0 0.0 176.8426
09:01:00 83.0 1809.0 176.75 176.74 176.87 176.71 176.72 107.0 176.74 96.0 1809.0 332.0 1477.0 0.0 176.7932
09:02:00 206.0 11385.0 176.75 176.6 176.74 175.46 176.6 380.0 176.66 184.0 11385.0 1783.0 9602.0 0.0 176.6429
09:03:00 217.0 13699.0 176.75 176.62 176.66 176.5 176.61 600.0 176.63 184.0 13699.0 5540.0 8159.0 0.0 176.538
09:04:00 67.0 4600.0 176.75 176.66 176.67 176.61 176.65 551.0 176.67 627.0 4600.0 3607.0 993.0 0.0 176.6621
09:05:00 132.0 4073.0 176.75 176.65 176.7 176.6 176.64 201.0 176.66 100.0 4073.0 1014.0 3059.0 0.0 176.6469
09:06:00 95.0 2048.0 176.75 176.75 176.75 176.66 176.7 200.0 176.75 10.0 2048.0 1284.0 764.0 0.0 176.7096
09:07:00 71.0 5164.0 176.75 176.66 176.74 176.66 176.65 41.0 176.66 1084.0 5164.0 524.0 4640.0 0.0 176.6684
09:08:00 72.0 2761.0 176.75 176.67 176.71 176.65 176.67 665.0 176.69 54.0 2761.0 1869.0 892.0 0.0 176.6762
09:09:00 72.0 1761.0 176.75 176.69 176.73 176.67 176.68 582.0 176.72 500.0 1761.0 1278.0 483.0 0.0 176.6938
09:10:00 80.0 2495.0 176.75 176.72 176.75 176.7 176.71 200.0 176.73 500.0 2495.0 1738.0 757.0 0.0 176.7321
09:11:00 44.0 793.0 176.75 176.7 176.72 176.68 176.67 485.0 176.7 485.0 793.0 169.0 624.0 0.0 176.7095
09:12:00 23.0 131.0 176.75 176.72 176.72 176.7 176.71 200.0 176.72 362.0 131.0 77.0 54.0 0.0 176.7096
09:13:00 148.0 16930.0 176.75 176.77 176.81 176.71 176.76 100.0 176.77 138.0 16930.0 14982.0 1948.0 0.0 176.7555
09:14:00 169.0 11620.0 176.75 176.84 176.88 176.77 176.84 114.0 176.85 500.0 11620.0 8483.0 3137.0 0.0 176.844
09:15:00 134.0 9638.0 176.75 176.91 176.92 176.84 176.9 2340.0 176.91 27.0 9638.0 8353.0 1285.0 0.0 176.8847
09:16:00 158.0 18311.0 176.75 176.85 176.92 176.81 176.82 230.0 176.85 154.0 18311.0 1836.0 16475.0 0.0 176.8807
09:17:00 152.0 5455.0 176.75 176.73 176.85 176.71 176.72 1.0 176.75 91.0 5455.0 796.0 4659.0 0.0 176.7607
09:18:00 84.0 1955.0 176.75 176.79 176.8 176.71 176.79 1.0 176.79 68.0 1955.0 1345.0 610.0 0.0 176.7703
09:19:00 74.0 2108.0 176.75 176.76 176.79 176.72 176.75 898.0 176.77 84.0 2108.0 439.0 1669.0 0.0 176.7545
09:20:00 99.0 3355.0 176.75 176.79 176.79 176.71 176.78 1279.0 176.8 3183.0 3355.0 1510.0 1845.0 0.0 176.7571
09:21:00 97.0 5969.0 176.75 176.77 176.83 176.73 176.77 85.0 176.8 184.0 5969.0 3582.0 2387.0 0.0 176.7919
09:22:00 79.0 3411.0 176.75 176.78 176.8 176.75 176.76 106.0 176.78 814.0 3411.0 1455.0 1956.0 0.0 176.7694
09:23:00 193.0 8075.0 176.75 176.63 176.78 176.63 176.62 2.0 176.63 2116.0 8075.0 1885.0 6190.0 0.0 176.7008
09:24:00 87.0 2329.0 176.75 176.65 176.68 176.6 176.62 2.0 176.67 500.0 2329.0 1340.0 989.0 0.0 176.626
09:25:00 71.0 1077.0 176.75 176.75 176.75 176.65 176.68 884.0 176.7 619.0 1077.0 397.0 680.0 0.0 176.6838
09:26:00 269.0 19504.0 176.75 176.51 176.7 176.44 176.5 234.0 176.54 2091.0 19504.0 1739.0 17765.0 0.0 176.5312
09:27:00 121.0 9369.0 176.75 176.49 176.58 176.49 176.47 22.0 176.5 5146.0 9369.0 5111.0 4258.0 0.0 176.5126
09:28:00 307.0 23406.0 176.75 176.58 176.62 176.38 176.58 443.0 176.62 24.0 23406.0 19737.0 3669.0 0.0 176.4903
09:29:00 216.0 4869.0 176.75 176.65 176.66 176.43 176.65 1719.0 176.67 300.0 4869.0 1849.0 3020.0 0.0 176.5583
09:30:00 205.0 17780.0 176.75 176.75 176.75 176.48 176.6 30.0 176.75 100.0 17780.0 9885.0 7895.0 0.0 176.6088
09:31:00 7288.0 447239.0 176.75 176.94 177.0 176.34 176.94 100.0 176.96 350.0 447239.0 272388.0 174851.0 0.0 176.7326
09:32:00 5670.0 398362.0 176.75 177.14 177.3 176.91 177.13 624.0 177.14 250.0 398362.0 272565.0 125797.0 0.0 177.1021
09:33:00 3089.0 244014.0 176.75 177.43 177.43 177.0 177.42 374.0 177.44 1912.0 244014.0 149557.0 94457.0 0.0 177.2896
09:34:00 3760.0 280880.0 176.75 177.43 177.51 177.26 177.42 410.0 177.44 2363.0 280880.0 166468.0 114412.0 0.0 177.4059
09:35:00 3150.0 243452.0 176.75 177.39 177.52 177.34 177.37 708.0 177.39 1599.0 243452.0 117749.0 125703.0 0.0 177.4581
09:36:00 3940.0 288679.0 176.75 177.45 177.55 177.16 177.44 1080.0 177.45 400.0 288679.0 151152.0 137527.0 0.0 177.3289
09:37:00 4306.0 292157.0 176.75 177.04 177.54 177.03 177.03 1025.0 177.04 806.0 292157.0 159987.0 132170.0 0.0 177.2831
09:38:00 3648.0 270543.0 176.75 177.18 177.37 176.97 177.17 400.0 177.18 500.0 270543.0 131807.0 138736.0 0.0 177.1637
09:39:00 2230.0 161982.0 176.75 177.24 177.34 177.11 177.24 461.0 177.25 387.0 161982.0 79033.0 82949.0 0.0 177.2134
09:40:00 2920.0 209806.0 176.75 177.18 177.48 177.02 177.18 280.0 177.19 1158.0 209806.0 105261.0 104545.0 0.0 177.2038
09:41:00 2997.0 249107.0 176.75 177.11 177.265 176.86 177.1 181.0 177.11 401.0 249107.0 119780.0 129327.0 0.0 177.0667
09:42:00 2874.0 219285.0 176.75 177.1 177.145 176.92 177.1 503.0 177.11 810.0 219285.0 122863.0 96422.0 0.0 177.0512
09:43:00 2372.0 208761.0 176.75 177.3 177.4 177.0 177.3 286.0 177.31 2591.0 208761.0 125350.0 83411.0 0.0 177.2524
09:44:00 2137.0 162440.0 176.75 177.23 177.44 177.2 177.22 390.0 177.23 500.0 162440.0 90906.0 71534.0 0.0 177.2783
09:45:00 1536.0 122102.0 176.75 177.33 177.33 177.14 177.32 1841.0 177.33 2633.0 122102.0 64128.0 57974.0 0.0 177.245
09:46:00 2775.0 210051.0 176.75 177.47 177.51 177.32 177.46 938.0 177.47 930.0 210051.0 120739.0 89312.0 0.0 177.4421
09:47:00 3360.0 213276.0 176.75 177.7 177.73 177.44 177.69 1253.0 177.7 208.0 213276.0 132056.0 81220.0 0.0 177.6009
09:48:00 6258.0 531644.0 176.75 178.095 178.1 177.68 178.09 1990.0 178.1 2945.0 531644.0 380784.0 150860.0 0.0 177.9127
09:49:00 3379.0 247099.0 176.75 177.56 178.13 177.41 177.56 310.0 177.57 2200.0 247099.0 87601.0 159498.0 0.0 177.7615
09:50:00 2305.0 170378.0 176.75 177.475 177.64 177.33 177.47 217.0 177.48 316.0 170378.0 68075.0 102303.0 0.0 177.4608
09:51:00 2082.0 139773.0 176.75 177.58 177.63 177.35 177.57 387.0 177.58 2068.0 139773.0 66184.0 73589.0 0.0 177.5268
09:52:00 1837.0 121669.0 176.75 177.41 177.65 177.4 177.41 719.0 177.43 1773.0 121669.0 52471.0 69198.0 0.0 177.5659
09:53:00 1998.0 177089.0 176.75 177.06 177.48 177.02 177.05 183.0 177.06 100.0 177089.0 52574.0 124515.0 0.0 177.1828
09:54:00 2310.0 151047.0 176.75 177.04 177.12 176.9 177.04 120.0 177.05 2625.0 151047.0 53725.0 97322.0 0.0 177.0016
09:55:00 1670.0 103420.0 176.75 177.25 177.26 177.005 177.25 282.0 177.26 1317.0 103420.0 55510.0 47910.0 0.0 177.1241
09:56:00 1819.0 111054.0 176.75 177.47 177.47 177.26 177.46 588.0 177.47 1288.0 111054.0 53763.0 57291.0 0.0 177.3555
09:57:00 1659.0 114790.0 176.75 177.7 177.72 177.45 177.68 2047.0 177.7 300.0 114790.0 62988.0 51802.0 0.0 177.592
09:58:00 1695.0 121561.0 176.75 177.66 177.74 177.57 177.66 807.0 177.67 1.0 121561.0 50912.0 70649.0 0.0 177.6666
09:59:00 1169.0 87249.0 176.75 177.62 177.7 177.56 177.62 573.0 177.63 655.0 87249.0 31511.0 55738.0 0.0 177.6344
10:00:00 1215.0 84062.0 176.75 177.59 177.65 177.47 177.57 1495.0 177.6 400.0 84062.0 32757.0 51305.0 0.0 177.5729
10:01:00 1893.0 154612.0 176.75 177.67 177.78 177.51 177.67 283.0 177.68 401.0 154612.0 81511.0 73101.0 0.0 177.645
10:02:00 2672.0 212766.0 176.75 177.82 178.0 177.65 177.82 367.0 177.83 100.0 212766.0 113677.0 99089.0 0.0 177.8404
10:03:00 2181.0 143982.0 176.75 177.77 177.83 177.5 177.76 190.0 177.77 342.0 143982.0 61681.0 82301.0 0.0 177.6663
10:04:00 1379.0 110417.0 176.75 177.63 177.79 177.63 177.63 502.0 177.64 730.0 110417.0 44915.0 65502.0 0.0 177.7284
10:05:00 2545.0 172851.0 176.75 177.24 177.64 177.2 177.23 934.0 177.24 396.0 172851.0 78505.0 94346.0 0.0 177.3916
10:06:00 1575.0 119618.0 176.75 177.63 177.64 177.21 177.62 381.0 177.63 700.0 119618.0 54433.0 65185.0 0.0 177.4249
10:07:00 1332.0 87929.0 176.75 177.49 177.69 177.41 177.49 551.0 177.5 1065.0 87929.0 34741.0 53188.0 0.0 177.5453
10:08:00 1951.0 148187.0 176.75 177.28 177.49 177.19 177.28 173.0 177.29 100.0 148187.0 51892.0 96295.0 0.0 177.3173
10:09:00 2534.0 191358.0 176.75 177.23 177.35 177.09 177.23 491.0 177.24 115.0 191358.0 71952.0 119406.0 0.0 177.2275
10:10:00 1659.0 113132.0 176.75 177.38 177.46 177.22 177.36 1181.0 177.37 170.0 113132.0 48937.0 64195.0 0.0 177.33
10:11:00 2093.0 150919.0 176.75 177.49 177.65 177.36 177.49 903.0 177.5 100.0 150919.0 81806.0 69113.0 0.0 177.5272
10:12:00 1421.0 113668.0 176.75 177.45 177.71 177.44 177.44 95.0 177.45 2022.0 113668.0 47063.0 66605.0 0.0 177.615
10:13:00 2457.0 186746.0 176.75 177.17 177.475 177.14 177.16 86.0 177.17 587.0 186746.0 74527.0 112219.0 0.0 177.2915
10:14:00 2222.0 190915.0 176.75 177.06 177.25 176.98 177.05 1070.0 177.06 200.0 190915.0 82216.0 108699.0 0.0 177.0824
10:15:00 2907.0 234201.0 176.75 176.84 177.05 176.59 176.83 790.0 176.84 1423.0 234201.0 94833.0 139368.0 0.0 176.7603
10:16:00 1859.0 131919.0 176.75 176.89 176.99 176.71 176.88 1158.0 176.9 2446.0 131919.0 61452.0 70467.0 0.0 176.8755
10:17:00 1307.0 89150.0 176.75 176.83 176.92 176.74 176.83 274.0 176.84 1400.0 89150.0 36492.0 52658.0 0.0 176.8298
10:18:00 1584.0 112799.0 176.75 177.1 177.14 176.82 177.1 411.0 177.11 889.0 112799.0 54810.0 57989.0 0.0 177.0193
10:19:00 1364.0 109556.0 176.75 177.165 177.2 177.01 177.16 1538.0 177.17 1116.0 109556.0 50058.0 59498.0 0.0 177.0981
10:20:00 1558.0 118639.0 176.75 177.08 177.17 176.93 177.07 2107.0 177.09 2262.0 118639.0 51300.0 67339.0 0.0 177.0385
10:21:00 1491.0 120192.0 176.75 176.94 177.24 176.89 176.94 1104.0 176.95 105.0 120192.0 51590.0 68602.0 0.0 177.0981
10:22:00 1182.0 73034.0 176.75 177.12 177.15 176.85 177.11 187.0 177.12 1054.0 73034.0 33205.0 39829.0 0.0 177.0028
10:23:00 1146.0 82173.0 176.75 177.2 177.26 177.02 177.2 280.0 177.21 1796.0 82173.0 35231.0 46942.0 0.0 177.1798
10:24:00 1592.0 117495.0 176.75 177.0 177.22 176.905 176.99 663.0 177.0 923.0 117495.0 47144.0 70351.0 0.0 177.0163
10:25:00 1134.0 84081.0 176.75 177.03 177.14 176.98 177.01 184.0 177.02 1184.0 84081.0 43598.0 40483.0 0.0 177.0658
10:26:00 1715.0 121408.0 176.75 176.78 177.07 176.7 176.77 795.0 176.78 1236.0 121408.0 46448.0 74960.0 0.0 176.8945
10:27:00 1989.0 159444.0 176.75 176.87 176.92 176.73 176.86 1629.0 176.87 303.0 159444.0 76991.0 82453.0 0.0 176.835
10:28:00 1657.0 122313.0 176.75 177.19 177.19 176.85 177.18 1654.0 177.19 244.0 122313.0 69624.0 52689.0 0.0 177.0501
10:29:00 1362.0 106735.0 176.75 177.27 177.29 177.15 177.27 1373.0 177.28 46.0 106735.0 50971.0 55764.0 0.0 177.2284
10:30:00 1625.0 116986.0 176.75 177.39 177.39 177.27 177.38 702.0 177.39 1201.0 116986.0 65152.0 51834.0 0.0 177.3224
10:31:00 1277.0 82283.0 176.75 177.37 177.445 177.33 177.37 1369.0 177.38 2421.0 82283.0 30914.0 51369.0 0.0 177.3833
10:32:00 1604.0 131229.0 176.75 177.24 177.39 177.2 177.24 974.0 177.25 1051.0 131229.0 40242.0 90987.0 0.0 177.2945
10:33:00 1601.0 130584.0 176.75 177.16 177.33 177.12 177.16 700.0 177.17 1351.0 130584.0 48477.0 82107.0 0.0 177.2215
10:34:00 1369.0 94574.0 176.75 177.01 177.18 176.9 177.0 1548.0 177.01 188.0 94574.0 43761.0 50813.0 0.0 177.0082
10:35:00 719.0 45843.0 176.75 177.04 177.06 176.95 177.04 1478.0 177.05 430.0 45843.0 21289.0 24554.0 0.0 177.008
10:36:00 1355.0 90673.0 176.75 176.84 177.13 176.83 176.83 331.0 176.84 1762.0 90673.0 40248.0 50425.0 0.0 177.004
10:37:00 1221.0 98424.0 176.75 176.8 176.84 176.7 176.8 351.0 176.81 2818.0 98424.0 36262.0 62162.0 0.0 176.7602
10:38:00 1371.0 100874.0 176.75 176.85 176.9 176.72 176.84 700.0 176.86 2001.0 100874.0 58078.0 42796.0 0.0 176.8202
10:39:00 943.0 68624.0 176.75 176.79 176.92 176.66 176.78 599.0 176.79 800.0 68624.0 20330.0 48294.0 0.0 176.7877
10:40:00 953.0 68537.0 176.75 176.69 176.84 176.62 176.68 92.0 176.69 1100.0 68537.0 26739.0 41798.0 0.0 176.7009
10:41:00 672.0 44770.0 176.75 176.83 176.83 176.66 176.81 906.0 176.82 105.0 44770.0 25069.0 19701.0 0.0 176.7711
10:42:00 1863.0 131461.0 176.75 176.68 176.9 176.53 176.66 1300.0 176.68 2758.0 131461.0 49321.0 82140.0 0.0 176.7148
10:43:00 1877.0 134442.0 176.75 176.62 176.67 176.35 176.61 1061.0 176.62 200.0 134442.0 56474.0 77968.0 0.0 176.5267
10:44:00 839.0 61658.0 176.75 176.63 176.69 176.54 176.63 500.0 176.64 500.0 61658.0 30020.0 31638.0 0.0 176.6275
10:45:00 974.0 70175.0 176.75 176.73 176.75 176.57 176.72 116.0 176.73 559.0 70175.0 41184.0 28991.0 0.0 176.6472
10:46:00 1600.0 120975.0 176.75 176.89 176.94 176.69 176.88 600.0 176.9 1500.0 120975.0 68133.0 52842.0 0.0 176.7987
10:47:00 956.0 69423.0 176.75 176.725 176.91 176.69 176.72 1309.0 176.74 1843.0 69423.0 24426.0 44997.0 0.0 176.7942
10:48:00 851.0 62009.0 176.75 176.77 176.77 176.63 176.76 1748.0 176.78 2842.0 62009.0 29918.0 32091.0 0.0 176.6918
10:49:00 1176.0 91076.0 176.75 176.83 176.92 176.75 176.83 2276.0 176.84 1490.0 91076.0 40320.0 50756.0 0.0 176.8371
10:50:00 2206.0 159462.0 176.75 176.69 176.83 176.59 176.69 578.0 176.7 1611.0 159462.0 89168.0 70294.0 0.0 176.6838
10:51:00 1037.0 73972.0 176.75 176.89 176.9 176.7 176.89 1764.0 176.91 1491.0 73972.0 46433.0 27539.0 0.0 176.8168
10:52:00 1226.0 90365.0 176.75 177.12 177.16 176.9 177.12 1717.0 177.13 120.0 90365.0 56756.0 33609.0 0.0 177.021
10:53:00 953.0 70645.0 176.75 177.07 177.125 176.99 177.07 1723.0 177.09 1505.0 70645.0 29228.0 41417.0 0.0 177.0572
10:54:00 737.0 52297.0 176.75 177.15 177.15 176.97 177.14 994.0 177.15 1666.0 52297.0 21725.0 30572.0 0.0 177.0606
10:55:00 1156.0 86161.0 176.75 177.22 177.285 177.06 177.21 1200.0 177.22 500.0 86161.0 53394.0 32767.0 0.0 177.1677
10:56:00 1150.0 100387.0 176.75 177.28 177.28 177.12 177.28 687.0 177.29 1644.0 100387.0 60022.0 40365.0 0.0 177.2105
10:57:00 1166.0 85747.0 176.75 177.35 177.42 177.28 177.35 791.0 177.36 1698.0 85747.0 54821.0 30926.0 0.0 177.3566
10:58:00 942.0 69803.0 176.75 177.25 177.4 177.24 177.23 2187.0 177.25 1122.0 69803.0 24252.0 45551.0 0.0 177.3161
10:59:00 763.0 52005.0 176.75 177.23 177.26 177.12 177.22 511.0 177.23 300.0 52005.0 23486.0 28519.0 0.0 177.2025
11:00:00 548.0 33155.0 176.75 177.2 177.24 177.155 177.19 671.0 177.2 1420.0 33155.0 12539.0 20616.0 0.0 177.2005
11:01:00 1285.0 98519.0 176.75 177.42 177.45 177.19 177.41 1938.0 177.42 100.0 98519.0 67052.0 31467.0 0.0 177.3391
11:02:00 579.0 37058.0 176.75 177.4 177.42 177.29 177.39 1500.0 177.4 810.0 37058.0 14859.0 22199.0 0.0 177.3646
11:03:00 864.0 61880.0 176.75 177.19 177.42 177.17 177.19 1303.0 177.2 500.0 61880.0 23686.0 38194.0 0.0 177.302
11:04:00 748.0 57172.0 176.75 177.22 177.25 177.13 177.21 2149.0 177.23 3080.0 57172.0 31527.0 25645.0 0.0 177.2039
11:05:00 506.0 35573.0 176.75 177.19 177.31 177.18 177.18 1481.0 177.19 493.0 35573.0 15821.0 19752.0 0.0 177.2399
11:06:00 829.0 57337.0 176.75 177.08 177.24 177.06 177.07 1623.0 177.09 2108.0 57337.0 27630.0 29707.0 0.0 177.1646
11:07:00 669.0 48994.0 176.75 177.115 177.2 177.05 177.11 1500.0 177.12 100.0 48994.0 22997.0 25997.0 0.0 177.1379
11:08:00 601.0 38826.0 176.75 177.14 177.17 177.0 177.14 200.0 177.15 4000.0 38826.0 20007.0 18819.0 0.0 177.0948
11:09:00 605.0 41659.0 176.75 177.11 177.17 177.07 177.1 1000.0 177.11 500.0 41659.0 17858.0 23801.0 0.0 177.1142
11:10:00 498.0 36094.0 176.75 177.09 177.19 177.07 177.09 800.0 177.1 807.0 36094.0 20012.0 16082.0 0.0 177.13
11:11:00 642.0 54453.0 176.75 177.15 177.18 177.07 177.15 800.0 177.16 1309.0 54453.0 23921.0 30532.0 0.0 177.12
11:12:00 765.0 56193.0 176.75 177.25 177.335 177.15 177.24 1746.0 177.25 100.0 56193.0 35833.0 20360.0 0.0 177.2396
11:13:00 747.0 50940.0 176.75 177.23 177.375 177.18 177.22 1773.0 177.23 300.0 50940.0 25299.0 25641.0 0.0 177.2603
11:14:00 1110.0 73949.0 176.75 177.1 177.25 176.995 177.1 1100.0 177.11 1623.0 73949.0 27922.0 46027.0 0.0 177.1124
11:15:00 888.0 66419.0 176.75 177.17 177.275 177.1 177.17 1639.0 177.19 2274.0 66419.0 31879.0 34540.0 0.0 177.2059
11:16:00 648.0 52027.0 176.75 177.17 177.25 177.08 177.16 500.0 177.17 1302.0 52027.0 19645.0 32382.0 0.0 177.1866
11:17:00 768.0 62377.0 176.75 177.18 177.3 177.13 177.18 100.0 177.19 2825.0 62377.0 38029.0 24348.0 0.0 177.1953
11:18:00 863.0 62893.0 176.75 177.29 177.375 177.18 177.29 2096.0 177.31 1900.0 62893.0 35366.0 27527.0 0.0 177.3175
11:19:00 2140.0 180996.0 176.75 177.52 177.58 177.26 177.51 1824.0 177.52 600.0 180996.0 115213.0 65783.0 0.0 177.4741
11:20:00 897.0 73426.0 176.75 177.46 177.52 177.4 177.46 400.0 177.47 813.0 73426.0 30964.0 42462.0 0.0 177.4614
11:21:00 1073.0 89853.0 176.75 177.59 177.63 177.45 177.58 2042.0 177.59 109.0 89853.0 53340.0 36513.0 0.0 177.5652
11:22:00 939.0 66306.0 176.75 177.5 177.59 177.39 177.49 2487.0 177.5 100.0 66306.0 29626.0 36680.0 0.0 177.4792
11:23:00 1344.0 102808.0 176.75 177.44 177.52 177.22 177.43 306.0 177.44 2600.0 102808.0 43570.0 59238.0 0.0 177.3549
11:24:00 527.0 38806.0 176.75 177.47 177.5 177.39 177.47 617.0 177.48 1202.0 38806.0 17050.0 21756.0 0.0 177.4534
11:25:00 752.0 53858.0 176.75 177.47 177.53 177.39 177.47 1352.0 177.48 1358.0 53858.0 30901.0 22957.0 0.0 177.4656
11:26:00 883.0 61236.0 176.75 177.65 177.66 177.48 177.65 3206.0 177.66 100.0 61236.0 39859.0 21377.0 0.0 177.5836
11:27:00 1637.0 126613.0 176.75 177.75 177.85 177.61 177.74 1890.0 177.75 500.0 126613.0 83640.0 42973.0 0.0 177.7321
11:28:00 1153.0 91030.0 176.75 177.84 177.85 177.74 177.84 801.0 177.85 1887.0 91030.0 56565.0 34465.0 0.0 177.8081
11:29:00 554.0 36422.0 176.75 177.78 177.845 177.75 177.78 1812.0 177.8 2552.0 36422.0 13993.0 22429.0 0.0 177.7842
11:30:00 656.0 53861.0 176.75 177.83 177.85 177.77 177.83 2713.0 177.85 1342.0 53861.0 20370.0 33491.0 0.0 177.8185
11:31:00 1030.0 77655.0 176.75 177.78 177.83 177.7 177.78 2102.0 177.79 101.0 77655.0 32124.0 45531.0 0.0 177.761
11:32:00 1062.0 81492.0 176.75 177.82 177.89 177.74 177.81 1071.0 177.82 851.0 81492.0 42814.0 38678.0 0.0 177.8043
11:33:00 693.0 52429.0 176.75 177.88 177.88 177.78 177.87 1226.0 177.88 379.0 52429.0 29567.0 22862.0 0.0 177.8347
11:34:00 901.0 87908.0 176.75 177.755 177.87 177.71 177.74 500.0 177.75 1551.0 87908.0 41768.0 46140.0 0.0 177.7683
11:35:00 583.0 33625.0 176.75 177.72 177.76 177.67 177.72 707.0 177.73 2582.0 33625.0 14721.0 18904.0 0.0 177.7298
11:36:00 1185.0 85168.0 176.75 177.781 177.81 177.66 177.78 2525.0 177.79 1610.0 85168.0 46285.0 38883.0 0.0 177.7259
11:37:00 838.0 58158.0 176.75 177.78 177.795 177.68 177.77 417.0 177.78 2492.0 58158.0 26052.0 32106.0 0.0 177.7536
11:38:00 628.0 48976.0 176.75 177.74 177.77 177.67 177.74 1868.0 177.75 751.0 48976.0 23848.0 25128.0 0.0 177.7087
11:39:00 571.0 46530.0 176.75 177.68 177.78 177.66 177.67 1300.0 177.68 1390.0 46530.0 23753.0 22777.0 0.0 177.7304
11:40:00 467.0 27408.0 176.75 177.75 177.77 177.68 177.75 820.0 177.76 1816.0 27408.0 15519.0 11889.0 0.0 177.721
11:41:00 696.0 45945.0 176.75 177.62 177.76 177.59 177.61 2329.0 177.62 36.0 45945.0 14961.0 30984.0 0.0 177.6856
11:42:00 715.0 47518.0 176.75 177.6 177.64 177.52 177.6 1595.0 177.61 2300.0 47518.0 18814.0 28704.0 0.0 177.5703
11:43:00 501.0 29186.0 176.75 177.62 177.64 177.59 177.62 814.0 177.63 2838.0 29186.0 14616.0 14570.0 0.0 177.6147
11:44:00 434.0 25375.0 176.75 177.68 177.7 177.63 177.67 1053.0 177.68 432.0 25375.0 10919.0 14456.0 0.0 177.6624
11:45:00 695.0 57282.0 176.75 177.74 177.76 177.67 177.74 436.0 177.75 2616.0 57282.0 36133.0 21149.0 0.0 177.7162
11:46:00 690.0 56218.0 176.75 177.71 177.79 177.7 177.7 1329.0 177.71 2138.0 56218.0 28384.0 27834.0 0.0 177.7453
11:47:00 844.0 77286.0 176.75 177.76 177.8 177.7 177.75 3012.0 177.76 1024.0 77286.0 54093.0 23193.0 0.0 177.7598
11:48:00 450.0 29188.0 176.75 177.71 177.79 177.69 177.71 1713.0 177.72 602.0 29188.0 14422.0 14766.0 0.0 177.7317
11:49:00 565.0 42307.0 176.75 177.775 177.82 177.71 177.77 456.0 177.78 2026.0 42307.0 25467.0 16840.0 0.0 177.777
11:50:00 604.0 39824.0 176.75 177.82 177.82 177.75 177.81 3956.0 177.82 400.0 39824.0 24350.0 15474.0 0.0 177.7908
11:51:00 540.0 34223.0 176.75 177.76 177.815 177.725 177.76 1046.0 177.77 701.0 34223.0 9432.0 24791.0 0.0 177.7657
11:52:00 486.0 33865.0 176.75 177.69 177.79 177.68 177.68 702.0 177.69 2112.0 33865.0 13470.0 20395.0 0.0 177.724
11:53:00 488.0 31380.0 176.75 177.71 177.73 177.64 177.7 3122.0 177.71 115.0 31380.0 15875.0 15505.0 0.0 177.68
11:54:00 577.0 39755.0 176.75 177.76 177.81 177.7 177.76 3509.0 177.77 100.0 39755.0 20367.0 19388.0 0.0 177.7591
11:55:00 421.0 30477.0 176.75 177.77 177.77 177.71 177.77 594.0 177.78 3130.0 30477.0 14105.0 16372.0 0.0 177.7458
11:56:00 451.0 32827.0 176.75 177.68 177.78 177.67 177.67 400.0 177.68 1605.0 32827.0 8306.0 24521.0 0.0 177.7198
11:57:00 425.0 31992.0 176.75 177.66 177.68 177.63 177.65 310.0 177.66 2982.0 31992.0 11681.0 20311.0 0.0 177.6529
11:58:00 416.0 37966.0 176.75 177.58 177.67 177.56 177.57 533.0 177.58 1900.0 37966.0 18091.0 19875.0 0.0 177.6087
11:59:00 581.0 46655.0 176.75 177.46 177.6 177.45 177.45 1353.0 177.46 2501.0 46655.0 13863.0 32792.0 0.0 177.5218
12:00:00 639.0 43265.0 176.75 177.48 177.48 177.41 177.47 1801.0 177.49 3007.0 43265.0 19792.0 23473.0 0.0 177.4478
12:01:00 488.0 33613.0 176.75 177.45 177.51 177.4 177.44 1260.0 177.45 1317.0 33613.0 14130.0 19483.0 0.0 177.4467
12:02:00 1015.0 82618.0 176.75 177.38 177.48 177.32 177.37 1462.0 177.38 625.0 82618.0 34041.0 48577.0 0.0 177.3873
12:03:00 1086.0 83035.0 176.75 177.22 177.38 177.14 177.22 1625.0 177.23 600.0 83035.0 22692.0 60343.0 0.0 177.2237
12:04:00 514.0 24159.0 176.75 177.28 177.32 177.2 177.28 1306.0 177.29 2407.0 24159.0 13831.0 10328.0 0.0 177.2748
12:05:00 497.0 32565.0 176.75 177.33 177.35 177.285 177.33 1200.0 177.34 865.0 32565.0 18156.0 14409.0 0.0 177.3256
12:06:00 712.0 54318.0 176.75 177.4 177.43 177.32 177.4 1746.0 177.41 224.0 54318.0 25584.0 28734.0 0.0 177.3765
12:07:00 687.0 46902.0 176.75 177.28 177.41 177.24 177.27 2512.0 177.28 720.0 46902.0 13823.0 33079.0 0.0 177.3264
12:08:00 469.0 29892.0 176.75 177.31 177.325 177.24 177.31 400.0 177.32 1817.0 29892.0 11060.0 18832.0 0.0 177.2801
12:09:00 448.0 28881.0 176.75 177.34 177.4 177.31 177.33 2324.0 177.34 218.0 28881.0 15396.0 13485.0 0.0 177.3442
12:10:00 403.0 29542.0 176.75 177.33 177.38 177.3 177.33 1120.0 177.34 2745.0 29542.0 8635.0 20907.0 0.0 177.3425
12:11:00 482.0 33801.0 176.75 177.27 177.4 177.26 177.26 1743.0 177.27 100.0 33801.0 8284.0 25517.0 0.0 177.3206
12:12:00 532.0 32410.0 176.75 177.33 177.35 177.26 177.33 350.0 177.34 3664.0 32410.0 15269.0 17141.0 0.0 177.3005
12:13:00 317.0 21242.0 176.75 177.37 177.38 177.31 177.37 1280.0 177.38 3556.0 21242.0 10777.0 10465.0 0.0 177.3464
12:14:00 561.0 36197.0 176.75 177.41 177.43 177.34 177.4 2686.0 177.41 400.0 36197.0 19402.0 16795.0 0.0 177.3877
12:15:00 406.0 24917.0 176.75 177.44 177.465 177.39 177.42 2960.0 177.44 2724.0 24917.0 10807.0 14110.0 0.0 177.432
12:16:00 505.0 42012.0 176.75 177.405 177.45 177.39 177.4 805.0 177.41 1773.0 42012.0 17306.0 24706.0 0.0 177.4154
12:17:00 448.0 33045.0 176.75 177.325 177.43 177.325 177.32 1030.0 177.33 2497.0 33045.0 11971.0 21074.0 0.0 177.3752
12:18:00 429.0 34596.0 176.75 177.325 177.37 177.29 177.32 2444.0 177.33 1400.0 34596.0 17277.0 17319.0 0.0 177.3284
12:19:00 678.0 48260.0 176.75 177.24 177.42 177.225 177.23 2582.0 177.24 564.0 48260.0 16727.0 31533.0 0.0 177.3204
12:20:00 597.0 40873.0 176.75 177.41 177.41 177.23 177.4 1464.0 177.41 2024.0 40873.0 24987.0 15886.0 0.0 177.319
12:21:00 521.0 35817.0 176.75 177.375 177.42 177.33 177.37 3855.0 177.38 802.0 35817.0 17644.0 18173.0 0.0 177.3661
12:22:00 551.0 58434.0 176.75 177.23 177.375 177.19 177.23 1051.0 177.24 3722.0 58434.0 12490.0 45944.0 0.0 177.2548
12:23:00 817.0 75783.0 176.75 177.38 177.39 177.11 177.37 1976.0 177.39 2385.0 75783.0 32946.0 42837.0 0.0 177.233
12:24:00 448.0 29642.0 176.75 177.34 177.43 177.33 177.34 2521.0 177.36 3323.0 29642.0 10683.0 18959.0 0.0 177.3837
12:25:00 488.0 38524.0 176.75 177.25 177.37 177.23 177.26 806.0 177.27 2524.0 38524.0 10681.0 27843.0 0.0 177.2955
12:26:00 508.0 35895.0 176.75 177.28 177.31 177.19 177.28 578.0 177.29 2794.0 35895.0 16396.0 19499.0 0.0 177.2497
12:27:00 330.0 22846.0 176.75 177.25 177.34 177.23 177.24 1000.0 177.25 1487.0 22846.0 6594.0 16252.0 0.0 177.277
12:28:00 672.0 71607.0 176.75 177.14 177.25 177.09 177.13 1410.0 177.14 500.0 71607.0 17638.0 53969.0 0.0 177.1477
12:29:00 489.0 34662.0 176.75 177.175 177.2 177.12 177.17 1782.0 177.18 1947.0 34662.0 14942.0 19720.0 0.0 177.1645
12:30:00 584.0 41834.0 176.75 177.17 177.22 177.155 177.16 1313.0 177.17 1819.0 41834.0 18028.0 23806.0 0.0 177.1849
12:31:00 630.0 46207.0 176.75 177.02 177.2 177.0 177.02 894.0 177.03 2318.0 46207.0 11419.0 34788.0 0.0 177.0728
12:32:00 1100.0 88983.0 176.75 176.96 177.03 176.89 176.96 2596.0 176.97 420.0 88983.0 28569.0 60414.0 0.0 176.9624
12:33:00 1191.0 112520.0 176.75 176.83 176.975 176.8 176.83 2015.0 176.84 200.0 112520.0 34460.0 78060.0 0.0 176.8782
12:34:00 848.0 51280.0 176.75 176.82 176.88 176.765 176.81 1858.0 176.82 95.0 51280.0 17250.0 34030.0 0.0 176.8143
12:35:00 679.0 64213.0 176.75 176.78 176.83 176.75 176.77 1221.0 176.79 4202.0 64213.0 15952.0 48261.0 0.0 176.7795
12:36:00 699.0 60162.0 176.75 176.81 176.85 176.73 176.81 2107.0 176.82 225.0 60162.0 19244.0 40918.0 0.0 176.7873
12:37:00 515.0 36440.0 176.75 176.87 176.88 176.77 176.86 1398.0 176.87 2619.0 36440.0 15974.0 20466.0 0.0 176.8333
12:38:00 905.0 68467.0 176.75 176.98 177.02 176.85 176.97 3905.0 176.99 1373.0 68467.0 32624.0 35843.0 0.0 176.9373
12:39:00 679.0 46228.0 176.75 176.94 177.03 176.87 176.93 2600.0 176.94 88.0 46228.0 18682.0 27546.0 0.0 176.966
12:40:00 412.0 23773.0 176.75 176.975 176.995 176.91 176.97 2168.0 176.98 763.0 23773.0 9389.0 14384.0 0.0 176.9619
12:41:00 531.0 34456.0 176.75 176.94 177.0 176.93 176.93 1472.0 176.94 500.0 34456.0 14972.0 19484.0 0.0 176.9729
12:42:00 484.0 24837.0 176.75 176.92 176.99 176.9 176.91 1322.0 176.92 900.0 24837.0 9067.0 15770.0 0.0 176.9434
12:43:00 581.0 36919.0 176.75 177.01 177.02 176.86 177.0 1921.0 177.01 101.0 36919.0 17574.0 19345.0 0.0 176.9487
12:44:00 638.0 44213.0 176.75 177.04 177.09 177.0 177.03 1404.0 177.04 2913.0 44213.0 19388.0 24825.0 0.0 177.0589
12:45:00 569.0 44666.0 176.75 177.16 177.16 177.0 177.16 1806.0 177.17 906.0 44666.0 27291.0 17375.0 0.0 177.089
12:46:00 1093.0 85071.0 176.75 177.24 177.34 177.16 177.24 1300.0 177.25 2277.0 85071.0 43753.0 41318.0 0.0 177.254
12:47:00 720.0 64741.0 176.75 177.33 177.37 177.25 177.33 100.0 177.34 3035.0 64741.0 35031.0 29710.0 0.0 177.3141
12:48:00 1233.0 93823.0 176.75 177.295 177.39 177.18 177.3 200.0 177.31 1170.0 93823.0 33635.0 60188.0 0.0 177.3063
12:49:00 507.0 36391.0 176.75 177.295 177.34 177.26 177.29 1510.0 177.3 300.0 36391.0 14127.0 22264.0 0.0 177.3097
12:50:00 359.0 25047.0 176.75 177.33 177.35 177.28 177.32 1000.0 177.33 1230.0 25047.0 10491.0 14556.0 0.0 177.3156
12:51:00 560.0 42006.0 176.75 177.33 177.38 177.24 177.33 1500.0 177.34 892.0 42006.0 15725.0 26281.0 0.0 177.3129
12:52:00 672.0 60677.0 176.75 177.23 177.36 177.2 177.23 300.0 177.24 2056.0 60677.0 22012.0 38665.0 0.0 177.2464
12:53:00 513.0 33943.0 176.75 177.17 177.23 177.15 177.15 2300.0 177.16 100.0 33943.0 12048.0 21895.0 0.0 177.2049
12:54:00 643.0 42359.0 176.75 177.14 177.19 177.07 177.13 316.0 177.14 2764.0 42359.0 16021.0 26338.0 0.0 177.1337
12:55:00 392.0 31573.0 176.75 177.09 177.16 177.09 177.09 1832.0 177.1 100.0 31573.0 6998.0 24575.0 0.0 177.1342
12:56:00 361.0 21730.0 176.75 177.12 177.17 177.095 177.12 982.0 177.13 2801.0 21730.0 9512.0 12218.0 0.0 177.1377
12:57:00 474.0 26793.0 176.75 177.215 177.22 177.11 177.21 1009.0 177.22 3088.0 26793.0 13402.0 13391.0 0.0 177.1609
12:58:00 534.0 36865.0 176.75 177.15 177.23 177.13 177.14 1504.0 177.15 2378.0 36865.0 12819.0 24046.0 0.0 177.1998
12:59:00 491.0 27783.0 176.75 177.09 177.17 177.08 177.08 2056.0 177.09 901.0 27783.0 9276.0 18507.0 0.0 177.1181
13:00:00 453.0 24443.0 176.75 177.18 177.18 177.08 177.18 2151.0 177.19 490.0 24443.0 15228.0 9215.0 0.0 177.1402
13:01:00 590.0 42106.0 176.75 177.09 177.23 177.04 177.09 399.0 177.1 2310.0 42106.0 19345.0 22761.0 0.0 177.1387
13:02:00 905.0 103631.0 176.75 177.07 177.16 176.96 177.05 4189.0 177.06 535.0 103631.0 21018.0 82613.0 0.0 177.0509
13:03:00 735.0 54549.0 176.75 177.08 177.13 176.97 177.07 200.0 177.08 817.0 54549.0 25065.0 29484.0 0.0 177.0769
13:04:00 521.0 39290.0 176.75 177.02 177.12 177.01 177.02 1080.0 177.03 3212.0 39290.0 10103.0 29187.0 0.0 177.064
13:05:00 776.0 56934.0 176.75 177.175 177.2 176.97 177.17 1268.0 177.18 507.0 56934.0 32647.0 24287.0 0.0 177.0808
13:06:00 1020.0 82964.0 176.75 177.1 177.21 177.1 177.09 7869.0 177.1 898.0 82964.0 56834.0 26130.0 0.0 177.1561
13:07:00 1021.0 72296.0 176.75 177.13 177.145 177.03 177.12 1901.0 177.13 800.0 72296.0 35181.0 37115.0 0.0 177.0861
13:08:00 448.0 34632.0 176.75 177.02 177.16 177.01 177.01 1119.0 177.02 1304.0 34632.0 11374.0 23258.0 0.0 177.0819
13:09:00 568.0 44706.0 176.75 176.98 177.04 176.95 176.97 1809.0 176.98 216.0 44706.0 15354.0 29352.0 0.0 177.006
13:10:00 560.0 37530.0 176.75 176.9 176.98 176.86 176.9 1409.0 176.91 2085.0 37530.0 14245.0 23285.0 0.0 176.9145
13:11:00 513.0 32673.0 176.75 177.03 177.05 176.91 177.02 2501.0 177.03 126.0 32673.0 18151.0 14522.0 0.0 176.9924
13:12:00 545.0 36538.0 176.75 177.03 177.09 177.0 177.03 1100.0 177.04 2721.0 36538.0 16408.0 20130.0 0.0 177.0372
13:13:00 607.0 40844.0 176.75 177.07 177.12 177.03 177.07 1900.0 177.08 627.0 40844.0 21802.0 19042.0 0.0 177.0789
13:14:00 522.0 41679.0 176.75 177.09 177.18 177.08 177.09 1900.0 177.1 3387.0 41679.0 22087.0 19592.0 0.0 177.1276
13:15:00 349.0 23625.0 176.75 177.08 177.09 177.01 177.07 1489.0 177.08 2547.0 23625.0 9312.0 14313.0 0.0 177.0538
13:16:00 457.0 28204.0 176.75 177.17 177.17 177.07 177.16 3533.0 177.18 1990.0 28204.0 18036.0 10168.0 0.0 177.1213
13:17:00 367.0 23314.0 176.75 177.16 177.18 177.1 177.15 1200.0 177.16 2705.0 23314.0 11618.0 11696.0 0.0 177.1365
13:18:00 402.0 33325.0 176.75 177.14 177.18 177.075 177.13 3524.0 177.14 1846.0 33325.0 15917.0 17408.0 0.0 177.1362
13:19:00 436.0 24149.0 176.75 177.105 177.155 177.105 177.1 3934.0 177.11 415.0 24149.0 9165.0 14984.0 0.0 177.1343
13:20:00 427.0 27321.0 176.75 177.11 177.14 177.06 177.11 1569.0 177.12 1395.0 27321.0 10568.0 16753.0 0.0 177.1005
13:21:00 419.0 32937.0 176.75 177.0 177.125 177.0 177.0 1211.0 177.01 2446.0 32937.0 7594.0 25343.0 0.0 177.0426
13:22:00 579.0 47015.0 176.75 176.86 177.0 176.86 176.86 1912.0 176.87 810.0 47015.0 10021.0 36994.0 0.0 176.9356
13:23:00 873.0 65683.0 176.75 176.91 176.95 176.81 176.92 10.0 176.93 3069.0 65683.0 34952.0 30731.0 0.0 176.8729
13:24:00 432.0 29288.0 176.75 176.97 177.02 176.92 176.97 800.0 176.98 2511.0 29288.0 15770.0 13518.0 0.0 176.9792
13:25:00 362.0 22931.0 176.75 177.03 177.04 176.94 177.03 482.0 177.04 2737.0 22931.0 11072.0 11859.0 0.0 176.9875
13:26:00 756.0 95059.0 176.75 177.11 177.155 177.02 177.1 1020.0 177.11 2273.0 95059.0 24202.0 70857.0 0.0 177.1173
13:27:00 422.0 34808.0 176.75 177.01 177.11 176.97 177.01 2558.0 177.02 500.0 34808.0 11585.0 23223.0 0.0 177.0266
13:28:00 367.0 27191.0 176.75 177.07 177.12 177.02 177.06 2096.0 177.07 1111.0 27191.0 12926.0 14265.0 0.0 177.0834
13:29:00 552.0 39798.0 176.75 177.17 177.19 177.03 177.16 1743.0 177.17 320.0 39798.0 22131.0 17667.0 0.0 177.1175
13:30:00 545.0 52157.0 176.75 177.1 177.22 177.09 177.09 2654.0 177.1 412.0 52157.0 27346.0 24811.0 0.0 177.1739
13:31:00 517.0 36626.0 176.75 177.11 177.16 177.085 177.11 816.0 177.12 3301.0 36626.0 16764.0 19862.0 0.0 177.1237
13:32:00 392.0 31964.0 176.75 177.08 177.11 177.02 177.07 3044.0 177.08 100.0 31964.0 12059.0 19905.0 0.0 177.0558
13:33:00 530.0 43101.0 176.75 177.12 177.14 177.07 177.12 2705.0 177.13 2248.0 43101.0 20053.0 23048.0 0.0 177.1003
13:34:00 522.0 47236.0 176.75 177.185 177.19 177.11 177.18 1635.0 177.19 667.0 47236.0 21643.0 25593.0 0.0 177.1506
13:35:00 673.0 48952.0 176.75 177.11 177.21 177.1 177.11 738.0 177.12 2262.0 48952.0 24345.0 24607.0 0.0 177.1453
13:36:00 739.0 58188.0 176.75 177.22 177.23 177.12 177.22 600.0 177.23 2489.0 58188.0 37840.0 20348.0 0.0 177.1864
13:37:00 745.0 57627.0 176.75 177.23 177.3 177.22 177.22 1069.0 177.23 1392.0 57627.0 31889.0 25738.0 0.0 177.2514
13:38:00 331.0 24327.0 176.75 177.23 177.24 177.17 177.22 2200.0 177.23 400.0 24327.0 6965.0 17362.0 0.0 177.2137
13:39:00 392.0 29311.0 176.75 177.27 177.29 177.22 177.27 3003.0 177.28 528.0 29311.0 16026.0 13285.0 0.0 177.2493
13:40:00 521.0 41867.0 176.75 177.305 177.31 177.25 177.3 1000.0 177.31 9401.0 41867.0 22640.0 19227.0 0.0 177.2874
13:41:00 990.0 97647.0 176.75 177.415 177.43 177.3 177.41 903.0 177.42 2251.0 97647.0 63751.0 33896.0 0.0 177.3629
13:42:00 808.0 65048.0 176.75 177.47 177.49 177.4 177.46 3232.0 177.47 409.0 65048.0 31918.0 33130.0 0.0 177.4494
13:43:00 406.0 25766.0 176.75 177.465 177.48 177.425 177.47 100.0 177.48 4511.0 25766.0 13544.0 12222.0 0.0 177.4559
13:44:00 591.0 46404.0 176.75 177.49 177.5 177.39 177.48 3205.0 177.49 200.0 46404.0 22175.0 24229.0 0.0 177.4445
13:45:00 1204.0 106259.0 176.75 177.515 177.56 177.48 177.51 3800.0 177.52 215.0 106259.0 65772.0 40487.0 0.0 177.52
13:46:00 1062.0 81647.0 176.75 177.45 177.54 177.38 177.44 1569.0 177.45 1500.0 81647.0 38008.0 43639.0 0.0 177.4365
13:47:00 692.0 62907.0 176.75 177.55 177.59 177.44 177.54 2222.0 177.55 1324.0 62907.0 43404.0 19503.0 0.0 177.5142
13:48:00 2076.0 182549.0 176.75 177.79 177.8 177.54 177.78 2674.0 177.8 6380.0 182549.0 112415.0 70134.0 0.0 177.7035
13:49:00 1374.0 104950.0 176.75 177.89 177.93 177.795 177.89 1875.0 177.9 412.0 104950.0 68334.0 36616.0 0.0 177.8611
13:50:00 1086.0 87177.0 176.75 177.86 177.9 177.795 177.85 2277.0 177.86 312.0 87177.0 38990.0 48187.0 0.0 177.8409
13:51:00 651.0 47748.0 176.75 177.765 177.89 177.75 177.76 2048.0 177.77 100.0 47748.0 15970.0 31778.0 0.0 177.8078
13:52:00 539.0 34914.0 176.75 177.84 177.85 177.77 177.83 2375.0 177.84 348.0 34914.0 21151.0 13763.0 0.0 177.82
13:53:00 683.0 48608.0 176.75 177.92 177.93 177.835 177.92 601.0 177.93 537.0 48608.0 26085.0 22523.0 0.0 177.8936
13:54:00 800.0 59938.0 176.75 177.98 177.99 177.89 177.98 2645.0 177.99 521.0 59938.0 38649.0 21289.0 0.0 177.9522
13:55:00 2899.0 202306.0 176.75 178.03 178.05 177.96 178.02 1205.0 178.03 614.0 202306.0 167446.0 34860.0 0.0 178.0059
13:56:00 723.0 47980.0 176.75 177.99 178.07 177.94 177.98 2382.0 177.99 219.0 47980.0 20768.0 27212.0 0.0 177.9946
13:57:00 408.0 27994.0 176.75 178.0 178.04 177.98 177.99 2283.0 178.0 616.0 27994.0 11147.0 16847.0 0.0 178.005
13:58:00 689.0 51929.0 176.75 177.97 178.02 177.935 177.96 3394.0 177.97 1399.0 51929.0 26679.0 25250.0 0.0 177.98
13:59:00 364.0 21372.0 176.75 177.99 178.01 177.96 177.98 2258.0 177.99 664.0 21372.0 11960.0 9412.0 0.0 177.9898
14:00:00 728.0 62345.0 176.75 178.08 178.1 177.97 178.08 2548.0 178.09 104.0 62345.0 39684.0 22661.0 0.0 178.0588
14:01:00 832.0 66165.0 176.75 177.98 178.08 177.96 177.97 1253.0 177.98 1387.0 66165.0 22191.0 43974.0 0.0 178.0041
14:02:00 634.0 52048.0 176.75 178.045 178.05 177.96 178.04 605.0 178.05 2770.0 52048.0 29287.0 22761.0 0.0 178.0019
14:03:00 544.0 48738.0 176.75 177.98 178.045 177.95 177.97 344.0 177.98 3039.0 48738.0 26179.0 22559.0 0.0 177.9942
14:04:00 558.0 39773.0 176.75 177.865 177.99 177.865 177.86 2192.0 177.87 4102.0 39773.0 20693.0 19080.0 0.0 177.949
14:05:00 1059.0 68006.0 176.75 177.81 177.86 177.74 177.81 200.0 177.82 2862.0 68006.0 29598.0 38408.0 0.0 177.786
14:06:00 550.0 30549.0 176.75 177.725 177.82 177.69 177.72 2050.0 177.73 211.0 30549.0 13035.0 17514.0 0.0 177.7433
14:07:00 580.0 53102.0 176.75 177.66 177.75 177.645 177.66 388.0 177.67 967.0 53102.0 17731.0 35371.0 0.0 177.6981
14:08:00 385.0 23064.0 176.75 177.77 177.77 177.64 177.76 1908.0 177.77 445.0 23064.0 16952.0 6112.0 0.0 177.717
14:09:00 788.0 58206.0 176.75 177.83 177.89 177.77 177.83 1755.0 177.84 366.0 58206.0 35304.0 22902.0 0.0 177.8238
14:10:00 401.0 25982.0 176.75 177.8 177.89 177.8 177.8 3618.0 177.81 537.0 25982.0 11757.0 14225.0 0.0 177.8391
14:11:00 438.0 30090.0 176.75 177.8 177.84 177.78 177.8 800.0 177.81 1602.0 30090.0 12578.0 17512.0 0.0 177.8126
14:12:00 448.0 42727.0 176.75 177.83 177.88 177.78 177.83 715.0 177.84 2224.0 42727.0 23903.0 18824.0 0.0 177.8239
14:13:00 344.0 30931.0 176.75 177.835 177.86 177.815 177.83 2986.0 177.84 1025.0 30931.0 18453.0 12478.0 0.0 177.8386
14:14:00 449.0 39347.0 176.75 177.86 177.89 177.82 177.86 1453.0 177.87 1487.0 39347.0 25354.0 13993.0 0.0 177.8519
14:15:00 537.0 45710.0 176.75 177.79 177.89 177.76 177.78 1010.0 177.79 2475.0 45710.0 23766.0 21944.0 0.0 177.8325
14:16:00 573.0 51540.0 176.75 177.75 177.8 177.73 177.74 3774.0 177.75 100.0 51540.0 25521.0 26019.0 0.0 177.7564
14:17:00 631.0 49008.0 176.75 177.66 177.76 177.66 177.65 6801.0 177.66 200.0 49008.0 19698.0 29310.0 0.0 177.7022
14:18:00 617.0 66484.0 176.75 177.705 177.72 177.65 177.7 803.0 177.71 2801.0 66484.0 45794.0 20690.0 0.0 177.6828
14:19:00 752.0 67706.0 176.75 177.58 177.715 177.54 177.58 2164.0 177.59 334.0 67706.0 27530.0 40176.0 0.0 177.6137
14:20:00 342.0 19639.0 176.75 177.62 177.65 177.58 177.62 402.0 177.63 1939.0 19639.0 12145.0 7494.0 0.0 177.6224
14:21:00 319.0 17667.0 176.75 177.62 177.64 177.585 177.6 843.0 177.61 2251.0 17667.0 9558.0 8109.0 0.0 177.6172
14:22:00 716.0 61868.0 176.75 177.54 177.62 177.48 177.52 1791.0 177.53 509.0 61868.0 22033.0 39835.0 0.0 177.5313
14:23:00 646.0 43214.0 176.75 177.69 177.69 177.53 177.68 650.0 177.69 1522.0 43214.0 26922.0 16292.0 0.0 177.6252
14:24:00 503.0 34970.0 176.75 177.72 177.75 177.67 177.71 2129.0 177.73 2477.0 34970.0 16647.0 18323.0 0.0 177.7137
14:25:00 574.0 40705.0 176.75 177.74 177.78 177.7 177.73 1714.0 177.74 1315.0 40705.0 19849.0 20856.0 0.0 177.7396
14:26:00 365.0 23638.0 176.75 177.72 177.76 177.71 177.72 1050.0 177.73 1839.0 23638.0 11071.0 12567.0 0.0 177.7332
14:27:00 428.0 26044.0 176.75 177.76 177.76 177.69 177.76 1707.0 177.77 576.0 26044.0 15418.0 10626.0 0.0 177.7129
14:28:00 424.0 31860.0 176.75 177.73 177.79 177.71 177.72 1166.0 177.73 800.0 31860.0 16078.0 15782.0 0.0 177.7621
14:29:00 339.0 21968.0 176.75 177.78 177.78 177.72 177.77 500.0 177.78 2720.0 21968.0 11875.0 10093.0 0.0 177.7616
14:30:00 736.0 60977.0 176.75 177.85 177.89 177.77 177.84 2609.0 177.86 2864.0 60977.0 33003.0 27974.0 0.0 177.8327
14:31:00 550.0 44587.0 176.75 177.8 177.88 177.79 177.8 1200.0 177.81 2550.0 44587.0 16119.0 28468.0 0.0 177.8257
14:32:00 467.0 25838.0 176.75 177.84 177.85 177.765 177.84 500.0 177.85 3872.0 25838.0 16045.0 9793.0 0.0 177.8183
14:33:00 545.0 39743.0 176.75 177.87 177.89 177.81 177.87 400.0 177.88 2833.0 39743.0 20548.0 19195.0 0.0 177.8633
14:34:00 684.0 57390.0 176.75 177.895 177.91 177.82 177.89 483.0 177.9 4667.0 57390.0 36733.0 20657.0 0.0 177.8795
14:35:00 503.0 35671.0 176.75 177.92 177.94 177.85 177.91 3729.0 177.93 1934.0 35671.0 22415.0 13256.0 0.0 177.894
14:36:00 867.0 58570.0 176.75 177.99 178.0 177.92 177.98 2307.0 177.99 254.0 58570.0 38747.0 19823.0 0.0 177.978
14:37:00 1128.0 89014.0 176.75 178.05 178.05 177.96 178.05 100.0 178.06 3367.0 89014.0 62642.0 26372.0 0.0 178.0055
14:38:00 676.0 48764.0 176.75 178.07 178.09 177.98 178.06 3060.0 178.07 758.0 48764.0 24119.0 24645.0 0.0 178.0504
14:39:00 612.0 40077.0 176.75 178.01 178.09 177.99 178.02 3360.0 178.03 304.0 40077.0 18985.0 21092.0 0.0 178.0518
14:40:00 468.0 32899.0 176.75 178.0 178.05 177.99 178.0 100.0 178.01 2644.0 32899.0 13457.0 19442.0 0.0 178.0214
14:41:00 538.0 41753.0 176.75 178.025 178.07 177.97 178.02 1621.0 178.03 900.0 41753.0 24105.0 17648.0 0.0 178.0289
14:42:00 397.0 27451.0 176.75 178.03 178.07 178.0 178.02 821.0 178.03 2731.0 27451.0 14747.0 12704.0 0.0 178.0387
14:43:00 485.0 39762.0 176.75 177.99 178.02 177.94 177.98 3126.0 177.99 100.0 39762.0 16603.0 23159.0 0.0 177.9707
14:44:00 587.0 47515.0 176.75 178.06 178.08 177.98 178.05 3441.0 178.06 200.0 47515.0 28193.0 19322.0 0.0 178.0288
14:45:00 1189.0 115759.0 176.75 178.09 178.13 178.05 178.09 300.0 178.1 1900.0 115759.0 74613.0 41146.0 0.0 178.0989
14:46:00 439.0 31522.0 176.75 178.085 178.1 178.04 178.08 1714.0 178.09 2043.0 31522.0 14712.0 16810.0 0.0 178.075
14:47:00 981.0 68692.0 176.75 178.02 178.11 178.0 178.01 3548.0 178.02 510.0 68692.0 38652.0 30040.0 0.0 178.0468
14:48:00 738.0 67269.0 176.75 178.14 178.15 178.01 178.13 2992.0 178.14 920.0 67269.0 52234.0 15035.0 0.0 178.1023
14:49:00 1530.0 133044.0 176.75 178.23 178.26 178.11 178.22 1394.0 178.23 3441.0 133044.0 95319.0 37725.0 0.0 178.2002
14:50:00 1168.0 117246.0 176.75 178.19 178.27 178.19 178.18 1282.0 178.19 3373.0 117246.0 61683.0 55563.0 0.0 178.2295
14:51:00 876.0 75930.0 176.75 178.21 178.23 178.15 178.21 2880.0 178.22 410.0 75930.0 34603.0 41327.0 0.0 178.1927
14:52:00 747.0 66796.0 176.75 178.25 178.29 178.2 178.25 2101.0 178.26 1229.0 66796.0 39159.0 27637.0 0.0 178.2459
14:53:00 959.0 72495.0 176.75 178.315 178.35 178.25 178.31 3869.0 178.32 458.0 72495.0 45990.0 26505.0 0.0 178.3176
14:54:00 782.0 70221.0 176.75 178.34 178.37 178.29 178.33 3785.0 178.34 100.0 70221.0 33458.0 36763.0 0.0 178.3278
14:55:00 548.0 46771.0 176.75 178.27 178.34 178.25 178.27 600.0 178.28 3100.0 46771.0 14614.0 32157.0 0.0 178.2957
14:56:00 632.0 55771.0 176.75 178.305 178.33 178.27 178.3 3805.0 178.31 100.0 55771.0 30119.0 25652.0 0.0 178.3018
14:57:00 656.0 54690.0 176.75 178.38 178.38 178.3 178.38 906.0 178.39 4244.0 54690.0 32520.0 22170.0 0.0 178.3504
14:58:00 946.0 90017.0 176.75 178.235 178.39 178.23 178.23 3248.0 178.24 600.0 90017.0 31247.0 58770.0 0.0 178.3052
14:59:00 646.0 57146.0 176.75 178.2 178.26 178.18 178.2 2945.0 178.21 822.0 57146.0 25050.0 32096.0 0.0 178.2164
15:00:00 1259.0 107917.0 176.75 178.34 178.37 178.2 178.34 750.0 178.35 1806.0 107917.0 70459.0 37458.0 0.0 178.2778
15:01:00 1533.0 133833.0 176.75 178.37 178.4 178.28 178.37 400.0 178.38 4015.0 133833.0 52406.0 81427.0 0.0 178.3393
15:02:00 1090.0 124882.0 176.75 178.405 178.42 178.31 178.4 1508.0 178.41 2045.0 124882.0 55126.0 69756.0 0.0 178.376
15:03:00 768.0 77937.0 176.75 178.47 178.47 178.39 178.46 2009.0 178.47 2141.0 77937.0 53764.0 24173.0 0.0 178.4179
15:04:00 1697.0 139334.0 176.75 178.55 178.555 178.435 178.54 2901.0 178.55 2613.0 139334.0 107438.0 31896.0 0.0 178.5022
15:05:00 1151.0 97636.0 176.75 178.62 178.63 178.53 178.61 5360.0 178.62 1300.0 97636.0 51528.0 46108.0 0.0 178.58
15:06:00 749.0 62522.0 176.75 178.56 178.64 178.54 178.55 1307.0 178.56 2573.0 62522.0 23558.0 38964.0 0.0 178.5948
15:07:00 685.0 46014.0 176.75 178.63 178.64 178.555 178.63 2431.0 178.64 1832.0 46014.0 26465.0 19549.0 0.0 178.6045
15:08:00 1175.0 132707.0 176.75 178.73 178.75 178.63 178.73 4135.0 178.74 2055.0 132707.0 93698.0 39009.0 0.0 178.7054
15:09:00 1628.0 149025.0 176.75 178.79 178.88 178.74 178.79 2640.0 178.8 2483.0 149025.0 89962.0 59063.0 0.0 178.8018
15:10:00 885.0 78284.0 176.75 178.781 178.81 178.72 178.78 1300.0 178.79 3195.0 78284.0 28063.0 50221.0 0.0 178.7619
15:11:00 1328.0 114545.0 176.75 178.87 178.9 178.77 178.86 2541.0 178.87 1934.0 114545.0 64952.0 49593.0 0.0 178.8365
15:12:00 1080.0 93400.0 176.75 178.85 178.895 178.82 178.85 1703.0 178.86 1146.0 93400.0 44571.0 48829.0 0.0 178.853
15:13:00 1050.0 94440.0 176.75 178.76 178.87 178.71 178.75 2371.0 178.76 540.0 94440.0 42001.0 52439.0 0.0 178.7759
15:14:00 1604.0 123488.0 176.75 178.7 178.79 178.7 178.7 6543.0 178.71 3020.0 123488.0 61315.0 62173.0 0.0 178.7239
15:15:00 1103.0 92508.0 176.75 178.73 178.8 178.65 178.73 898.0 178.74 2519.0 92508.0 32485.0 60023.0 0.0 178.7201
15:16:00 714.0 48990.0 176.75 178.75 178.77 178.72 178.75 1500.0 178.76 4773.0 48990.0 19298.0 29692.0 0.0 178.746
15:17:00 929.0 83881.0 176.75 178.81 178.83 178.73 178.81 600.0 178.82 2745.0 83881.0 38719.0 45162.0 0.0 178.7991
15:18:00 639.0 51364.0 176.75 178.805 178.81 178.72 178.8 1107.0 178.81 2533.0 51364.0 20699.0 30665.0 0.0 178.7714
15:19:00 1620.0 137088.0 176.75 178.86 178.92 178.76 178.86 1600.0 178.87 1203.0 137088.0 64476.0 72612.0 0.0 178.8559
15:20:00 919.0 74470.0 176.75 178.93 178.94 178.87 178.92 4198.0 178.93 10.0 74470.0 40876.0 33594.0 0.0 178.8964
15:21:00 959.0 81133.0 176.75 178.85 178.94 178.83 178.84 3133.0 178.85 310.0 81133.0 27034.0 54099.0 0.0 178.8816
15:22:00 615.0 39552.0 176.75 178.89 178.89 178.81 178.88 1719.0 178.89 2385.0 39552.0 14848.0 24704.0 0.0 178.8615
15:23:00 1023.0 80641.0 176.75 178.92 178.92 178.86 178.92 2960.0 178.93 2172.0 80641.0 45630.0 35011.0 0.0 178.8902
15:24:00 987.0 77112.0 176.75 178.915 178.95 178.88 178.91 5062.0 178.92 1437.0 77112.0 34713.0 42399.0 0.0 178.9203
15:25:00 2032.0 187421.0 176.75 178.88 178.96 178.83 178.87 3537.0 178.88 375.0 187421.0 82943.0 104478.0 0.0 178.9095
15:26:00 895.0 77582.0 176.75 178.81 178.88 178.76 178.81 2947.0 178.82 2000.0 77582.0 24120.0 53462.0 0.0 178.8033
15:27:00 972.0 78527.0 176.75 178.85 178.9 178.805 178.85 981.0 178.86 3182.0 78527.0 35814.0 42713.0 0.0 178.8539
15:28:00 1603.0 155616.0 176.75 178.71 178.86 178.62 178.71 1703.0 178.72 215.0 155616.0 56149.0 99467.0 0.0 178.7274
15:29:00 1118.0 90543.0 176.75 178.72 178.74 178.665 178.71 3704.0 178.72 1002.0 90543.0 54087.0 36456.0 0.0 178.7175
15:30:00 1635.0 163649.0 176.75 178.78 178.8 178.71 178.78 318.0 178.79 2777.0 163649.0 112909.0 50740.0 0.0 178.7701
15:31:00 1092.0 87463.0 176.75 178.71 178.8 178.71 178.71 1285.0 178.72 2734.0 87463.0 32799.0 54664.0 0.0 178.7576
15:32:00 1150.0 100238.0 176.75 178.655 178.71 178.56 178.65 1252.0 178.66 4454.0 100238.0 44960.0 55278.0 0.0 178.6331
15:33:00 1384.0 106357.0 176.75 178.77 178.77 178.56 178.76 2483.0 178.77 422.0 106357.0 52834.0 53523.0 0.0 178.6454
15:34:00 1148.0 126929.0 176.75 178.86 178.9 178.74 178.86 1201.0 178.86 87.0 126929.0 85829.0 41100.0 0.0 178.8177
15:35:00 1707.0 177577.0 176.75 178.94 178.96 178.83 178.94 3626.0 178.95 5488.0 177577.0 99418.0 78159.0 0.0 178.9116
15:36:00 1244.0 131419.0 176.75 178.89 178.96 178.85 178.89 1537.0 178.9 2711.0 131419.0 74861.0 56558.0 0.0 178.9278
15:37:00 971.0 75547.0 176.75 178.83 178.9 178.77 178.82 3156.0 178.83 274.0 75547.0 27837.0 47710.0 0.0 178.8236
15:38:00 1416.0 122817.0 176.75 178.68 178.87 178.62 178.68 1555.0 178.69 2800.0 122817.0 48312.0 74505.0 0.0 178.7579
15:39:00 675.0 55803.0 176.75 178.61 178.68 178.58 178.61 1994.0 178.62 2403.0 55803.0 18535.0 37268.0 0.0 178.6219
15:40:00 889.0 55684.0 176.75 178.59 178.62 178.56 178.58 4831.0 178.59 214.0 55684.0 25034.0 30650.0 0.0 178.5908
15:41:00 1040.0 122904.0 176.75 178.64 178.66 178.575 178.64 2743.0 178.65 1028.0 122904.0 82373.0 40531.0 0.0 178.6049
15:42:00 1077.0 88130.0 176.75 178.65 178.75 178.63 178.65 282.0 178.66 3632.0 88130.0 38265.0 49865.0 0.0 178.6878
15:43:00 1004.0 77797.0 176.75 178.555 178.65 178.53 178.55 1010.0 178.56 2936.0 77797.0 26166.0 51631.0 0.0 178.5831
15:44:00 1340.0 103284.0 176.75 178.54 178.565 178.41 178.53 3001.0 178.54 1103.0 103284.0 40467.0 62817.0 0.0 178.4908
15:45:00 1455.0 112071.0 176.75 178.775 178.78 178.54 178.77 1947.0 178.78 836.0 112071.0 74042.0 38029.0 0.0 178.6499
15:46:00 1304.0 103440.0 176.75 178.88 178.89 178.715 178.88 4577.0 178.89 2272.0 103440.0 55551.0 47889.0 0.0 178.803
15:47:00 1845.0 162082.0 176.75 178.97 178.99 178.87 178.97 992.0 178.98 4118.0 162082.0 90218.0 71864.0 0.0 178.9322
15:48:00 1260.0 92247.0 176.75 178.855 178.99 178.82 178.85 800.0 178.86 1900.0 92247.0 41774.0 50473.0 0.0 178.9251
15:49:00 2073.0 147566.0 176.75 178.76 178.85 178.67 178.76 1743.0 178.77 1967.0 147566.0 75870.0 71696.0 0.0 178.7268
15:50:00 2363.0 163539.0 176.75 178.58 178.775 178.57 178.57 3316.0 178.58 743.0 163539.0 99538.0 64001.0 0.0 178.666
15:51:00 3699.0 277266.0 176.75 178.63 178.71 178.43 178.63 1093.0 178.64 1405.0 277266.0 137017.0 140249.0 0.0 178.5464
15:52:00 1853.0 123468.0 176.75 178.48 178.68 178.41 178.48 211.0 178.49 2515.0 123468.0 51085.0 72383.0 0.0 178.5026
15:53:00 1893.0 128261.0 176.75 178.69 178.71 178.46 178.69 865.0 178.7 1421.0 128261.0 74446.0 53815.0 0.0 178.6038
15:54:00 2204.0 165802.0 176.75 178.59 178.7 178.45 178.59 1247.0 178.6 6163.0 165802.0 81264.0 84538.0 0.0 178.5797
15:55:00 3976.0 318635.0 176.75 178.83 178.84 178.46 178.83 462.0 178.84 545.0 318635.0 180976.0 137659.0 0.0 178.6607
15:56:00 3076.0 287030.0 176.75 178.91 178.94 178.69 178.9 2350.0 178.91 2488.0 287030.0 137474.0 149556.0 0.0 178.85
15:57:00 1928.0 169753.0 176.75 178.95 178.99 178.89 178.95 839.0 178.96 2702.0 169753.0 70886.0 98867.0 0.0 178.948
15:58:00 3233.0 291580.0 176.75 178.95 178.96 178.74 178.94 2763.0 178.95 2600.0 291580.0 159711.0 131869.0 0.0 178.8799
15:59:00 4952.0 399400.0 176.75 178.92 179.01 178.9 178.91 1521.0 178.92 2410.0 399400.0 256700.0 142700.0 0.0 178.9491
16:00:00 8031.0 894726.0 176.75 179.0 179.0 178.75 178.99 337.0 179.0 152814.0 894726.0 508077.0 386649.0 0.0 178.8856
16:01:00 116.0 5730.0 176.75 178.87 178.99 178.82 178.87 18.0 178.88 175.0 5730.0 1585.0 4145.0 0.0 178.8973
16:02:00 44.0 5591.0 176.75 178.84 178.87 178.83 178.87 18.0 178.86 50.0 5591.0 4810.0 781.0 0.0 178.8481
16:03:00 52.0 3227.0 176.75 178.82 178.86 178.8 178.87 18.0 178.82 314.0 3227.0 1138.0 2089.0 0.0 178.8171
16:04:00 41.0 2254.0 176.75 178.87 178.87 178.81 178.87 18.0 178.87 2003.0 2254.0 1944.0 310.0 0.0 178.8506
16:05:00 51.0 5679.0 176.75 178.9 178.96 178.85 178.9 108.0 178.92 253.0 5679.0 4196.0 1483.0 0.0 178.8958
16:06:00 106.0 7887.0 176.75 178.76 178.9 178.69 178.87 18.0 178.79 8.0 7887.0 3680.0 4207.0 0.0 178.7878
16:07:00 62.0 3983.0 176.75 178.79 178.87 178.76 178.87 18.0 178.81 183.0 3983.0 2088.0 1895.0 0.0 178.7969
16:08:00 67.0 4527.0 176.75 178.82 178.84 178.76 178.87 18.0 178.82 102.0 4527.0 2932.0 1595.0 0.0 178.8065
16:09:00 54.0 2970.0 176.75 178.8 178.82 178.76 178.87 18.0 178.82 84.0 2970.0 1611.0 1359.0 0.0 178.803
16:10:00 13.0 213.0 176.75 178.83 178.84 178.8 178.87 18.0 178.83 189.0 213.0 211.0 2.0 0.0 178.8325
16:11:00 26.0 1355.0 176.75 178.81 178.84 178.8 178.87 18.0 178.83 126.0 1355.0 512.0 843.0 0.0 178.8204
16:12:00 27.0 1668.0 176.75 178.8 178.84 178.79 178.87 18.0 178.81 2.0 1668.0 1257.0 411.0 0.0 178.8161
16:13:00 30.0 716.0 176.75 178.81 178.82 178.78 178.87 18.0 178.81 152.0 716.0 158.0 558.0 0.0 178.7914
16:14:00 128.0 13439.0 176.75 178.71 178.9 178.71 178.87 18.0 178.75 103.0 13439.0 7870.0 5569.0 0.0 178.8256
16:15:00 50.0 2422.0 176.75 178.75 178.76 178.71 178.87 18.0 178.75 253.0 2422.0 230.0 2192.0 0.0 178.7177
16:16:00 19.0 798.0 176.75 178.76 178.76 178.71 178.87 18.0 178.76 33.0 798.0 367.0 431.0 0.0 178.7296
16:17:00 26.0 515.0 176.75 178.8 178.8 178.75 178.87 18.0 178.78 10.0 515.0 332.0 183.0 0.0 178.7869
16:18:00 8.0 93.0 176.75 178.84 178.84 178.76 178.87 18.0 178.82 1.0 93.0 39.0 54.0 0.0 178.7901
16:19:00 19.0 592.0 176.75 178.83 178.83 178.81 178.87 18.0 178.83 231.0 592.0 140.0 452.0 0.0 178.8147
16:20:00 19.0 523.0 176.75 178.83 178.83 178.81 178.87 18.0 178.83 104.0 523.0 426.0 97.0 0.0 178.8248
16:21:00 16.0 451.0 176.75 178.83 178.85 178.81 178.87 18.0 178.85 123.0 451.0 405.0 46.0 0.0 178.832
16:22:00 41.0 770.0 176.75 178.87 178.88 178.83 178.87 18.0 178.87 20.0 770.0 449.0 321.0 0.0 178.8654
16:23:00 14.0 109.0 176.75 178.84 178.87 178.81 178.87 18.0 178.84 209.0 109.0 14.0 95.0 0.0 178.8213
16:24:00 28.0 2002.0 176.75 178.84 178.84 178.83 178.87 18.0 178.85 200.0 2002.0 134.0 1868.0 0.0 178.836
16:25:00 44.0 2970.0 176.75 178.76 178.84 178.76 178.87 18.0 178.78 182.0 2970.0 53.0 2917.0 0.0 178.7993
16:26:00 35.0 1603.0 176.75 178.73 178.78 178.73 178.87 18.0 178.74 91.0 1603.0 253.0 1350.0 0.0 178.7507
16:27:00 37.0 1442.0 176.75 178.77 178.77 178.73 178.87 18.0 178.8 1.0 1442.0 1274.0 168.0 0.0 178.7522
16:28:00 55.0 3227.0 176.75 178.7 178.77 178.7 178.87 18.0 178.72 125.0 3227.0 1663.0 1564.0 0.0 178.7444
16:29:00 36.0 4250.0 176.75 178.73 178.75 178.72 178.87 18.0 178.75 791.0 4250.0 3509.0 741.0 0.0 178.745
16:30:00 6.0 8.0 176.75 178.72 178.73 178.72 178.87 18.0 178.73 404.0 8.0 7.0 1.0 0.0 178.73
16:31:00 25.0 168.0 176.75 178.73 178.73 178.71 178.87 18.0 178.73 408.0 168.0 82.0 86.0 0.0 178.7198
16:32:00 14.0 274.0 176.75 178.71 178.73 178.7 178.87 18.0 178.71 4.0 274.0 227.0 47.0 0.0 178.7248
16:33:00 24.0 303.0 176.75 178.74 178.74 178.7 178.87 18.0 178.74 12.0 303.0 256.0 47.0 0.0 178.7326
16:34:00 6.0 21.0 176.75 178.74 178.74 178.73 178.87 18.0 178.74 110.0 21.0 3.0 18.0 0.0 178.7314
16:35:00 26.0 1382.0 176.75 178.75 178.75 178.74 178.87 18.0 178.75 327.0 1382.0 1377.0 5.0 0.0 178.7495
16:36:00 10.0 114.0 176.75 178.74 178.75 178.73 178.87 18.0 178.74 7.0 114.0 97.0 17.0 0.0 178.7466
16:37:00 16.0 469.0 176.75 178.74 178.75 178.74 178.87 18.0 178.75 1007.0 469.0 361.0 108.0 0.0 178.7497
16:38:00 12.0 1266.0 176.75 178.74 178.75 178.74 178.87 18.0 178.75 370.0 1266.0 1259.0 7.0 0.0 178.7494
16:39:00 16.0 1167.0 176.75 178.75 178.75 178.74 178.87 18.0 178.75 330.0 1167.0 1166.0 1.0 0.0 178.75
16:40:00 15.0 137.0 176.75 178.75 178.75 178.74 178.87 18.0 178.75 468.0 137.0 127.0 10.0 0.0 178.7493
16:41:00 7.0 144.0 176.75 178.75 178.75 178.74 178.87 18.0 178.75 373.0 144.0 105.0 39.0 0.0 178.7473
16:42:00 25.0 905.0 176.75 178.73 178.75 178.7 178.87 18.0 178.73 63.0 905.0 302.0 603.0 0.0 178.7243
16:43:00 77.0 6226.0 176.75 178.62 178.73 178.51 178.87 18.0 178.6 273.0 6226.0 48.0 6178.0 0.0 178.6316
16:44:00 12.0 805.0 176.75 178.59 178.59 178.53 178.87 18.0 178.73 100.0 805.0 10.0 795.0 0.0 178.5505
16:45:00 13.0 201.0 176.75 178.61 178.7 178.6 178.87 18.0 178.65 12.0 201.0 8.0 193.0 0.0 178.6325
16:46:00 48.0 685.0 176.75 178.69 178.71 178.61 178.87 18.0 178.7 1609.0 685.0 402.0 283.0 0.0 178.66
16:47:00 16.0 1518.0 176.75 178.65 178.69 178.61 178.87 18.0 178.7 109.0 1518.0 1504.0 14.0 0.0 178.6499
16:48:00 13.0 311.0 176.75 178.65 178.69 178.61 178.87 18.0 178.67 5.0 311.0 250.0 61.0 0.0 178.6827
16:49:00 39.0 1574.0 176.75 178.72 178.75 178.66 178.87 18.0 178.74 300.0 1574.0 1036.0 538.0 0.0 178.7127
16:50:00 33.0 578.0 176.75 178.74 178.77 178.7 178.87 18.0 178.72 42.0 578.0 313.0 265.0 0.0 178.7277
16:51:00 20.0 377.0 176.75 178.7 178.72 178.7 178.87 18.0 178.72 7.0 377.0 117.0 260.0 0.0 178.7093
16:52:00 19.0 489.0 176.75 178.7 178.72 178.69 178.87 18.0 178.72 93.0 489.0 3.0 486.0 0.0 178.7002
16:53:00 22.0 990.0 176.75 178.69 178.7 178.64 178.87 18.0 178.69 97.0 990.0 746.0 244.0 0.0 178.6964
16:54:00 24.0 281.0 176.75 178.64 178.69 178.63 178.87 18.0 178.66 28.0 281.0 12.0 269.0 0.0 178.6514
16:55:00 17.0 388.0 176.75 178.65 178.69 178.64 178.87 18.0 178.67 90.0 388.0 337.0 51.0 0.0 178.6679
16:56:00 20.0 1005.0 176.75 178.64 178.67 178.63 178.87 18.0 178.67 19.0 1005.0 488.0 517.0 0.0 178.6432
16:57:00 16.0 30.0 176.75 178.69 178.69 178.65 178.87 18.0 178.7 1131.0 30.0 25.0 5.0 0.0 178.6757
16:58:00 18.0 143.0 176.75 178.65 178.69 178.65 178.87 18.0 178.7 1087.0 143.0 0.0 143.0 0.0 178.662
16:59:00 28.0 1029.0 176.75 178.67 178.69 178.63 178.87 18.0 178.69 1452.0 1029.0 40.0 989.0 0.0 178.6327
17:00:00 29.0 1908.0 176.75 178.68 178.68 178.63 178.87 18.0 178.69 1272.0 1908.0 83.0 1825.0 0.0 178.6794
