time trade_count trade_volume trade_first trade_last trade_high trade_low bid_price bid_size ask_price ask_size hid_vol buy_vol sell_vol unsided_vol vwap
09:00:00 nan 253.0 173.23 173.22 173.25 173.22 173.21 513.0 173.24 87.0 253.0 144.0 109.0 0.0 173.2357
09:01:00 61.0 1292.0 173.23 173.22 173.25 173.18 173.2 313.0 173.22 177.0 1292.0 260.0 1032.0 0.0 173.2094
09:02:00 64.0 1484.0 173.23 173.2 173.23 173.18 173.18 4124.0 173.2 1637.0 1484.0 211.0 1273.0 0.0 173.196
09:03:00 82.0 5269.0 173.23 173.13 173.2 173.13 173.12 9.0 173.15 100.0 5269.0 27.0 5242.0 0.0 173.1807
09:04:00 28.0 79.0 173.23 173.15 173.15 173.1 173.13 2.0 173.15 132.0 79.0 50.0 29.0 0.0 173.1327
09:05:00 19.0 295.0 173.23 173.14 173.15 173.1 173.13 20.0 173.14 94.0 295.0 291.0 4.0 0.0 173.1267
09:06:00 32.0 832.0 173.23 173.1 173.14 173.1 173.11 9.0 173.14 291.0 832.0 8.0 824.0 0.0 173.1191
09:07:00 56.0 1275.0 173.23 173.12 173.14 173.1 173.1 1103.0 173.13 120.0 1275.0 951.0 324.0 0.0 173.1171
09:08:00 54.0 2213.0 173.23 173.12 173.15 173.1 173.12 4596.0 173.14 5.0 2213.0 576.0 1637.0 0.0 173.1233
09:09:00 42.0 3771.0 173.23 173.15 173.16 173.13 173.14 2.0 173.15 99.0 3771.0 3761.0 10.0 0.0 173.1559
09:10:00 89.0 12298.0 173.23 173.16 173.16 173.13 173.15 587.0 173.16 4030.0 12298.0 12173.0 125.0 0.0 173.1598
09:11:00 63.0 5023.0 173.23 173.18 173.18 173.14 173.16 273.0 173.18 99.0 5023.0 4592.0 431.0 0.0 173.16
09:12:00 82.0 2844.0 173.23 173.14 173.18 173.13 173.14 1.0 173.15 106.0 2844.0 100.0 2744.0 0.0 173.1551
09:13:00 49.0 1345.0 173.23 173.11 173.15 173.11 173.11 276.0 173.13 18.0 1345.0 42.0 1303.0 0.0 173.1236
09:14:00 90.0 2251.0 173.23 173.08 173.14 173.05 173.05 1546.0 173.08 370.0 2251.0 30.0 2221.0 0.0 173.0863
09:15:00 268.0 5577.0 173.23 172.99 173.09 172.98 172.98 6.0 172.99 240.0 5577.0 171.0 5406.0 0.0 173.0162
09:16:00 252.0 5927.0 173.23 172.96 172.99 172.8 172.9 159.0 172.97 303.0 5927.0 827.0 5100.0 0.0 172.8811
09:17:00 61.0 1574.0 173.23 172.95 172.95 172.9 172.94 668.0 172.95 1049.0 1574.0 949.0 625.0 0.0 172.9287
09:18:00 95.0 2645.0 173.23 172.94 172.98 172.9 172.91 1173.0 172.94 197.0 2645.0 461.0 2184.0 0.0 172.9313
09:19:00 109.0 4579.0 173.23 172.86 172.95 172.81 172.81 10.0 172.88 300.0 4579.0 6.0 4573.0 0.0 172.8909
09:20:00 59.0 1414.0 173.23 172.9 172.93 172.79 172.9 376.0 172.94 300.0 1414.0 433.0 981.0 0.0 172.8103
09:21:00 91.0 5780.0 173.23 172.96 172.99 172.88 172.96 60.0 172.97 400.0 5780.0 4265.0 1515.0 0.0 172.9129
09:22:00 82.0 2336.0 173.23 172.95 172.97 172.92 172.94 190.0 172.95 100.0 2336.0 682.0 1654.0 0.0 172.9306
09:23:00 59.0 1365.0 173.23 172.99 172.99 172.92 172.97 5.0 172.98 1.0 1365.0 986.0 379.0 0.0 172.9568
09:24:00 63.0 1294.0 173.23 173.05 173.06 172.98 173.02 102.0 173.03 100.0 1294.0 1276.0 18.0 0.0 173.0252
09:25:00 55.0 1585.0 173.23 173.08 173.1 173.02 173.08 25.0 173.09 3.0 1585.0 1261.0 324.0 0.0 173.0485
09:26:00 270.0 19609.0 173.23 172.73 173.1 172.63 172.71 1003.0 172.87 2.0 19609.0 2710.0 16899.0 0.0 172.8377
09:27:00 292.0 23274.0 173.23 172.77 172.81 172.56 172.77 999.0 172.79 125.0 23274.0 1045.0 22229.0 0.0 172.6632
09:28:00 226.0 13144.0 173.23 172.58 172.8 172.5 172.58 613.0 172.67 2.0 13144.0 1614.0 11530.0 0.0 172.6726
09:29:00 80.0 5375.0 173.23 172.78 172.8 172.58 172.73 4.0 172.8 327.0 5375.0 2108.0 3267.0 0.0 172.7426
09:30:00 90.0 6979.0 173.23 172.84 172.87 172.72 172.84 100.0 172.85 140.0 6979.0 5888.0 1091.0 0.0 172.8096
09:31:00 4331.0 223900.0 173.23 172.55 172.87 172.39 172.54 102.0 172.6 200.0 223900.0 100455.0 123445.0 0.0 172.5528
09:32:00 2353.0 142184.0 173.23 172.71 172.82 172.4 172.73 4.0 172.77 233.0 142184.0 67537.0 74647.0 0.0 172.6053
09:33:00 2043.0 136542.0 173.23 172.94 173.14 172.76 172.92 169.0 172.95 200.0 136542.0 93198.0 43344.0 0.0 172.9683
09:34:00 1611.0 90655.0 173.23 172.64 173.13 172.55 172.62 496.0 172.65 283.0 90655.0 37464.0 53191.0 0.0 172.7817
09:35:00 1806.0 100153.0 173.23 172.8 172.95 172.49 172.81 100.0 172.83 100.0 100153.0 50436.0 49717.0 0.0 172.7083
09:36:00 2275.0 128582.0 173.23 173.18 173.22 172.73 173.17 200.0 173.19 204.0 128582.0 72595.0 55987.0 0.0 172.9433
09:37:00 1818.0 105416.0 173.23 173.0 173.5 172.97 172.98 4.0 173.0 750.0 105416.0 53685.0 51731.0 0.0 173.2749
09:38:00 1515.0 86350.0 173.23 173.08 173.14 172.92 173.06 404.0 173.09 400.0 86350.0 38367.0 47983.0 0.0 173.0271
09:39:00 1215.0 71522.0 173.23 172.96 173.14 172.87 172.95 315.0 172.97 623.0 71522.0 28033.0 43489.0 0.0 173.0363
09:40:00 1568.0 115800.0 173.23 173.15 173.17 172.79 173.15 10.0 173.16 100.0 115800.0 43152.0 72648.0 0.0 173.0444
09:41:00 1821.0 138921.0 173.23 173.2 173.28 173.0 173.19 29.0 173.2 129.0 138921.0 48804.0 90117.0 0.0 173.1434
09:42:00 1611.0 126785.0 173.23 173.55 173.55 173.11 173.53 563.0 173.54 100.0 126785.0 68001.0 58784.0 0.0 173.4
09:43:00 1573.0 117404.0 173.23 173.73 173.75 173.44 173.72 500.0 173.74 450.0 117404.0 55026.0 62378.0 0.0 173.6099
09:44:00 1501.0 95614.0 173.23 173.3 173.74 173.3 173.31 55.0 173.32 200.0 95614.0 29616.0 65998.0 0.0 173.5244
09:45:00 1628.0 110768.0 173.23 173.48 173.55 173.1 173.47 528.0 173.49 300.0 110768.0 53739.0 57029.0 0.0 173.3328
09:46:00 1750.0 109722.0 173.23 173.53 173.66 173.45 173.53 100.0 173.54 388.0 109722.0 57533.0 52189.0 0.0 173.5483
09:47:00 1189.0 77047.0 173.23 173.45 173.63 173.4 173.45 8.0 173.46 737.0 77047.0 32874.0 44173.0 0.0 173.5067
09:48:00 1044.0 59768.0 173.23 173.26 173.55 173.22 173.25 326.0 173.26 100.0 59768.0 26291.0 33477.0 0.0 173.3683
09:49:00 1556.0 103099.0 173.23 172.97 173.33 172.845 172.97 620.0 172.99 172.0 103099.0 32731.0 70368.0 0.0 173.0793
09:50:00 949.0 57069.0 173.23 172.94 173.0 172.82 172.93 545.0 172.95 1512.0 57069.0 24919.0 32150.0 0.0 172.9151
09:51:00 1620.0 113140.0 173.23 173.42 173.42 172.93 173.42 393.0 173.43 1383.0 113140.0 63291.0 49849.0 0.0 173.1919
09:52:00 2536.0 176320.0 173.23 173.71 173.85 173.43 173.71 845.0 173.73 300.0 176320.0 107860.0 68460.0 0.0 173.6899
09:53:00 1337.0 89593.0 173.23 173.66 173.82 173.63 173.65 754.0 173.67 960.0 89593.0 36737.0 52856.0 0.0 173.7342
09:54:00 1511.0 114974.0 173.23 173.94 173.94 173.54 173.92 718.0 173.94 2523.0 114974.0 74489.0 40485.0 0.0 173.7567
09:55:00 1105.0 106012.0 173.23 173.73 173.94 173.65 173.71 608.0 173.73 667.0 106012.0 62886.0 43126.0 0.0 173.8228
09:56:00 1019.0 63919.0 173.23 173.69 173.72 173.52 173.66 962.0 173.68 300.0 63919.0 28064.0 35855.0 0.0 173.6535
09:57:00 1020.0 61371.0 173.23 173.77 173.775 173.54 173.76 808.0 173.77 500.0 61371.0 34192.0 27179.0 0.0 173.6631
09:58:00 2007.0 128079.0 173.23 173.44 173.77 173.32 173.44 1004.0 173.46 101.0 128079.0 43378.0 84701.0 0.0 173.4892
09:59:00 933.0 53601.0 173.23 173.61 173.61 173.41 173.58 650.0 173.61 1220.0 53601.0 24697.0 28904.0 0.0 173.516
10:00:00 1567.0 97239.0 173.23 173.435 173.68 173.36 173.43 107.0 173.45 103.0 97239.0 37608.0 59631.0 0.0 173.5075
10:01:00 997.0 68409.0 173.23 173.5 173.64 173.39 173.5 300.0 173.52 1103.0 68409.0 33174.0 35235.0 0.0 173.5279
10:02:00 1376.0 91252.0 173.23 173.36 173.51 173.25 173.35 500.0 173.37 100.0 91252.0 36399.0 54853.0 0.0 173.3383
10:03:00 1051.0 64036.0 173.23 173.1 173.4 173.07 173.09 298.0 173.1 500.0 64036.0 26616.0 37420.0 0.0 173.2179
10:04:00 1036.0 66214.0 173.23 173.07 173.15 172.96 173.07 508.0 173.09 701.0 66214.0 17540.0 48674.0 0.0 173.0491
10:05:00 964.0 57437.0 173.23 173.14 173.17 172.96 173.13 707.0 173.15 1818.0 57437.0 29596.0 27841.0 0.0 173.1082
10:06:00 1085.0 55447.0 173.23 173.4 173.41 173.07 173.4 622.0 173.42 1044.0 55447.0 31445.0 24002.0 0.0 173.2109
10:07:00 1012.0 60047.0 173.23 173.29 173.42 173.21 173.29 110.0 173.3 300.0 60047.0 20959.0 39088.0 0.0 173.3025
10:08:00 1126.0 67875.0 173.23 173.23 173.32 173.05 173.23 493.0 173.24 486.0 67875.0 19648.0 48227.0 0.0 173.1756
10:09:00 740.0 58605.0 173.23 173.38 173.41 173.17 173.38 1.0 173.39 1200.0 58605.0 34559.0 24046.0 0.0 173.2971
10:10:00 780.0 51076.0 173.23 173.42 173.45 173.33 173.41 627.0 173.43 1575.0 51076.0 30875.0 20201.0 0.0 173.3902
10:11:00 719.0 46520.0 173.23 173.31 173.48 173.31 173.31 208.0 173.32 1351.0 46520.0 16815.0 29705.0 0.0 173.4091
10:12:00 1285.0 104458.0 173.23 173.32 173.34 173.08 173.31 5891.0 173.33 808.0 104458.0 32450.0 72008.0 0.0 173.2341
10:13:00 1572.0 127528.0 173.23 173.2 173.39 173.09 173.19 447.0 173.21 1311.0 127528.0 43884.0 83644.0 0.0 173.2427
10:14:00 801.0 60266.0 173.23 173.14 173.22 173.03 173.13 14.0 173.14 1189.0 60266.0 20261.0 40005.0 0.0 173.1269
10:15:00 1057.0 90639.0 173.23 173.09 173.17 173.0 173.09 962.0 173.1 200.0 90639.0 33417.0 57222.0 0.0 173.0629
10:16:00 867.0 52877.0 173.23 173.15 173.22 173.01 173.16 600.0 173.18 2055.0 52877.0 21661.0 31216.0 0.0 173.1189
10:17:00 548.0 31716.0 173.23 173.24 173.285 173.1 173.24 900.0 173.25 900.0 31716.0 15209.0 16507.0 0.0 173.2133
10:18:00 1132.0 73288.0 173.23 172.94 173.24 172.93 172.93 1172.0 172.95 1500.0 73288.0 25399.0 47889.0 0.0 173.072
10:19:00 897.0 56613.0 173.23 173.04 173.04 172.85 173.05 616.0 173.06 672.0 56613.0 27108.0 29505.0 0.0 172.9303
10:20:00 881.0 55585.0 173.23 172.94 173.07 172.89 172.93 205.0 172.94 1212.0 55585.0 23731.0 31854.0 0.0 172.9694
10:21:00 988.0 76933.0 173.23 172.98 172.99 172.82 172.97 562.0 172.98 600.0 76933.0 26665.0 50268.0 0.0 172.8913
10:22:00 771.0 57641.0 173.23 173.0 173.12 172.93 172.99 100.0 173.0 1070.0 57641.0 33895.0 23746.0 0.0 173.0289
10:23:00 911.0 59931.0 173.23 173.14 173.16 172.94 173.15 1218.0 173.16 622.0 59931.0 29110.0 30821.0 0.0 173.0701
10:24:00 1289.0 105106.0 173.23 173.19 173.3 173.16 173.18 622.0 173.19 1479.0 105106.0 62076.0 43030.0 0.0 173.2364
10:25:00 725.0 41631.0 173.23 173.26 173.28 173.13 173.25 1932.0 173.26 20.0 41631.0 21531.0 20100.0 0.0 173.2081
10:26:00 869.0 57480.0 173.23 173.29 173.38 173.11 173.29 1438.0 173.31 1393.0 57480.0 25397.0 32083.0 0.0 173.247
10:27:00 609.0 39922.0 173.23 173.28 173.36 173.23 173.27 1272.0 173.28 620.0 39922.0 17058.0 22864.0 0.0 173.3017
10:28:00 1318.0 102524.0 173.23 173.38 173.55 173.25 173.37 301.0 173.38 1066.0 102524.0 54297.0 48227.0 0.0 173.4485
10:29:00 631.0 37038.0 173.23 173.36 173.43 173.33 173.35 1425.0 173.37 1000.0 37038.0 18049.0 18989.0 0.0 173.385
10:30:00 681.0 44035.0 173.23 173.3 173.38 173.24 173.28 1747.0 173.3 462.0 44035.0 19331.0 24704.0 0.0 173.324
10:31:00 969.0 63810.0 173.23 173.23 173.3 173.13 173.23 200.0 173.24 2972.0 63810.0 23944.0 39866.0 0.0 173.1961
10:32:00 665.0 41927.0 173.23 173.35 173.41 173.22 173.35 326.0 173.36 1314.0 41927.0 21694.0 20233.0 0.0 173.3348
10:33:00 720.0 37622.0 173.23 173.45 173.47 173.3 173.45 300.0 173.46 318.0 37622.0 19449.0 18173.0 0.0 173.392
10:34:00 1495.0 127562.0 173.23 173.79 173.85 173.43 173.79 16.0 173.8 660.0 127562.0 84582.0 42980.0 0.0 173.6561
10:35:00 1058.0 78988.0 173.23 173.79 173.94 173.77 173.78 200.0 173.79 1100.0 78988.0 42460.0 36528.0 0.0 173.8732
10:36:00 819.0 53100.0 173.23 173.64 173.85 173.62 173.64 155.0 173.65 4400.0 53100.0 24247.0 28853.0 0.0 173.7337
10:37:00 726.0 48216.0 173.23 173.73 173.82 173.61 173.73 1863.0 173.74 200.0 48216.0 23295.0 24921.0 0.0 173.7121
10:38:00 765.0 54821.0 173.23 173.77 173.84 173.74 173.76 756.0 173.77 100.0 54821.0 26217.0 28604.0 0.0 173.8017
10:39:00 614.0 40107.0 173.23 173.72 173.79 173.65 173.71 2161.0 173.72 100.0 40107.0 19594.0 20513.0 0.0 173.723
10:40:00 934.0 62434.0 173.23 173.72 173.72 173.49 173.72 100.0 173.73 4033.0 62434.0 28300.0 34134.0 0.0 173.6293
10:41:00 802.0 65144.0 173.23 173.43 173.71 173.38 173.42 126.0 173.43 707.0 65144.0 19206.0 45938.0 0.0 173.5135
10:42:00 1286.0 95000.0 173.23 173.2 173.42 173.11 173.2 3.0 173.21 1013.0 95000.0 37453.0 57547.0 0.0 173.2237
10:43:00 927.0 57447.0 173.23 173.23 173.27 173.095 173.23 756.0 173.24 10.0 57447.0 19526.0 37921.0 0.0 173.1986
10:44:00 669.0 39696.0 173.23 173.17 173.3 173.14 173.17 1292.0 173.19 2161.0 39696.0 19262.0 20434.0 0.0 173.2308
10:45:00 722.0 43228.0 173.23 173.23 173.23 173.05 173.21 1931.0 173.23 2041.0 43228.0 14952.0 28276.0 0.0 173.1432
10:46:00 697.0 46946.0 173.23 173.23 173.3 173.13 173.22 436.0 173.23 200.0 46946.0 18705.0 28241.0 0.0 173.2166
10:47:00 893.0 60164.0 173.23 173.23 173.33 173.2 173.23 306.0 173.24 1518.0 60164.0 30310.0 29854.0 0.0 173.2703
10:48:00 909.0 59056.0 173.23 173.16 173.36 173.15 173.15 2050.0 173.17 1572.0 59056.0 28236.0 30820.0 0.0 173.2476
10:49:00 841.0 56338.0 173.23 173.12 173.16 173.02 173.1 800.0 173.12 2696.0 56338.0 16128.0 40210.0 0.0 173.0866
10:50:00 1001.0 61379.0 173.23 173.08 173.13 172.97 173.07 1788.0 173.09 1916.0 61379.0 20125.0 41254.0 0.0 173.0503
10:51:00 704.0 44102.0 173.23 172.95 173.09 172.92 172.94 512.0 172.95 510.0 44102.0 12853.0 31249.0 0.0 173.0069
10:52:00 670.0 45253.0 173.23 173.08 173.12 172.89 173.07 300.0 173.08 500.0 45253.0 17887.0 27366.0 0.0 172.994
10:53:00 996.0 67982.0 173.23 173.03 173.23 173.02 173.02 1400.0 173.04 2129.0 67982.0 34003.0 33979.0 0.0 173.131
10:54:00 570.0 41942.0 173.23 173.08 173.11 173.01 173.06 1568.0 173.08 1371.0 41942.0 15094.0 26848.0 0.0 173.0633
10:55:00 648.0 43220.0 173.23 173.03 173.13 173.02 173.02 3357.0 173.03 100.0 43220.0 17473.0 25747.0 0.0 173.0815
10:56:00 753.0 67709.0 173.23 172.97 173.09 172.89 172.98 800.0 172.99 711.0 67709.0 17286.0 50423.0 0.0 172.9718
10:57:00 527.0 33142.0 173.23 172.98 173.04 172.92 172.97 1912.0 172.99 2380.0 33142.0 14092.0 19050.0 0.0 172.979
10:58:00 746.0 49910.0 173.23 172.95 173.105 172.94 172.95 200.0 172.96 2115.0 49910.0 24062.0 25848.0 0.0 173.0292
10:59:00 507.0 38002.0 173.23 172.98 173.07 172.93 172.97 1212.0 172.99 2794.0 38002.0 12548.0 25454.0 0.0 172.9937
11:00:00 615.0 33875.0 173.23 173.0 173.12 172.97 173.0 600.0 173.01 852.0 33875.0 14754.0 19121.0 0.0 173.0451
11:01:00 1050.0 76553.0 173.23 173.14 173.165 172.91 173.15 400.0 173.16 1327.0 76553.0 37948.0 38605.0 0.0 173.0257
11:02:00 547.0 39269.0 173.23 173.13 173.17 173.06 173.12 1863.0 173.13 120.0 39269.0 17721.0 21548.0 0.0 173.1231
11:03:00 795.0 57756.0 173.23 173.09 173.19 173.08 173.08 1565.0 173.1 2217.0 57756.0 21231.0 36525.0 0.0 173.1403
11:04:00 651.0 41890.0 173.23 173.06 173.18 173.04 173.05 1708.0 173.06 121.0 41890.0 17093.0 24797.0 0.0 173.1057
11:05:00 1056.0 84126.0 173.23 172.96 173.07 172.83 172.95 3299.0 172.97 2040.0 84126.0 22844.0 61282.0 0.0 172.9559
11:06:00 936.0 61861.0 173.23 172.92 173.0 172.78 172.92 1608.0 172.93 301.0 61861.0 19750.0 42111.0 0.0 172.9029
11:07:00 474.0 30024.0 173.23 172.92 172.98 172.89 172.91 1010.0 172.92 1104.0 30024.0 11722.0 18302.0 0.0 172.9371
11:08:00 594.0 46277.0 173.23 173.02 173.05 172.88 173.01 400.0 173.02 1208.0 46277.0 24198.0 22079.0 0.0 172.9645
11:09:00 677.0 58746.0 173.23 172.9 173.06 172.88 172.88 2404.0 172.9 3208.0 58746.0 18319.0 40427.0 0.0 172.9602
11:10:00 1750.0 131428.0 173.23 172.62 172.9 172.5 172.61 1700.0 172.62 204.0 131428.0 36475.0 94953.0 0.0 172.6908
11:11:00 1108.0 83873.0 173.23 172.65 172.7 172.53 172.65 1170.0 172.67 2594.0 83873.0 36426.0 47447.0 0.0 172.6237
11:12:00 785.0 51401.0 173.23 172.75 172.81 172.65 172.74 2120.0 172.75 100.0 51401.0 24249.0 27152.0 0.0 172.7448
11:13:00 668.0 43878.0 173.23 172.72 172.79 172.65 172.71 1358.0 172.72 601.0 43878.0 15166.0 28712.0 0.0 172.7231
11:14:00 1017.0 78841.0 173.23 172.9 172.98 172.71 172.89 200.0 172.9 1022.0 78841.0 47480.0 31361.0 0.0 172.8665
11:15:00 1319.0 113824.0 173.23 172.75 172.9 172.66 172.75 300.0 172.76 2749.0 113824.0 35376.0 78448.0 0.0 172.7397
11:16:00 610.0 39852.0 173.23 172.66 172.76 172.63 172.66 200.0 172.67 400.0 39852.0 14797.0 25055.0 0.0 172.6874
11:17:00 782.0 58215.0 173.23 172.71 172.74 172.62 172.71 1176.0 172.72 723.0 58215.0 27453.0 30762.0 0.0 172.6869
11:18:00 1097.0 67519.0 173.23 172.48 172.73 172.45 172.48 40.0 172.49 2793.0 67519.0 14965.0 52554.0 0.0 172.5811
11:19:00 532.0 36761.0 173.23 172.56 172.58 172.46 172.56 1452.0 172.58 3515.0 36761.0 9467.0 27294.0 0.0 172.5282
11:20:00 943.0 71471.0 173.23 172.71 172.73 172.56 172.7 375.0 172.71 804.0 71471.0 40235.0 31236.0 0.0 172.6604
11:21:00 912.0 62674.0 173.23 172.53 172.73 172.52 172.52 1054.0 172.54 2578.0 62674.0 26385.0 36289.0 0.0 172.6266
11:22:00 545.0 36263.0 173.23 172.58 172.6 172.51 172.57 2026.0 172.58 200.0 36263.0 16200.0 20063.0 0.0 172.5611
11:23:00 837.0 58247.0 173.23 172.6 172.63 172.46 172.59 1182.0 172.6 705.0 58247.0 25348.0 32899.0 0.0 172.5534
11:24:00 833.0 64894.0 173.23 172.49 172.6 172.39 172.47 400.0 172.48 741.0 64894.0 14358.0 50536.0 0.0 172.4668
11:25:00 637.0 51997.0 173.23 172.55 172.62 172.46 172.54 1700.0 172.55 800.0 51997.0 24950.0 27047.0 0.0 172.5546
11:26:00 1374.0 109697.0 173.23 172.66 172.78 172.54 172.66 200.0 172.67 808.0 109697.0 67869.0 41828.0 0.0 172.6876
11:27:00 769.0 47108.0 173.23 172.74 172.81 172.63 172.73 300.0 172.74 2232.0 47108.0 20345.0 26763.0 0.0 172.7378
11:28:00 831.0 53465.0 173.23 172.76 172.88 172.72 172.77 361.0 172.78 2819.0 53465.0 25356.0 28109.0 0.0 172.8028
11:29:00 643.0 45543.0 173.23 172.8 172.85 172.7 172.8 400.0 172.81 1107.0 45543.0 20536.0 25007.0 0.0 172.7692
11:30:00 957.0 65498.0 173.23 172.62 172.79 172.59 172.62 600.0 172.63 952.0 65498.0 21552.0 43946.0 0.0 172.6923
11:31:00 546.0 36392.0 173.23 172.65 172.675 172.54 172.65 2088.0 172.66 100.0 36392.0 17213.0 19179.0 0.0 172.6134
11:32:00 644.0 38525.0 173.23 172.6 172.665 172.55 172.6 752.0 172.61 300.0 38525.0 15222.0 23303.0 0.0 172.6108
11:33:00 924.0 70595.0 173.23 172.44 172.68 172.43 172.43 304.0 172.44 1000.0 70595.0 22126.0 48469.0 0.0 172.5569
11:34:00 579.0 40976.0 173.23 172.465 172.52 172.405 172.46 400.0 172.47 2096.0 40976.0 15451.0 25525.0 0.0 172.4477
11:35:00 1114.0 50573.0 173.23 172.54 172.545 172.37 172.53 2283.0 172.54 327.0 50573.0 19986.0 30587.0 0.0 172.4437
11:36:00 797.0 53236.0 173.23 172.51 172.55 172.45 172.5 2769.0 172.52 2404.0 53236.0 25217.0 28019.0 0.0 172.5012
11:37:00 493.0 31004.0 173.23 172.45 172.5 172.43 172.45 333.0 172.46 1925.0 31004.0 10050.0 20954.0 0.0 172.4592
11:38:00 486.0 27872.0 173.23 172.49 172.52 172.45 172.48 917.0 172.49 1453.0 27872.0 12034.0 15838.0 0.0 172.4815
11:39:00 2177.0 145969.0 173.23 172.21 172.49 172.08 172.21 1603.0 172.22 100.0 145969.0 45809.0 100160.0 0.0 172.2593
11:40:00 889.0 64876.0 173.23 172.15 172.26 172.07 172.15 1111.0 172.16 100.0 64876.0 33540.0 31336.0 0.0 172.1642
11:41:00 813.0 53193.0 173.23 172.07 172.18 172.05 172.06 2157.0 172.08 770.0 53193.0 22041.0 31152.0 0.0 172.0879
11:42:00 870.0 60734.0 173.23 172.21 172.22 172.07 172.2 125.0 172.21 2705.0 60734.0 29871.0 30863.0 0.0 172.1511
11:43:00 640.0 37557.0 173.23 172.2 172.255 172.16 172.2 1125.0 172.21 100.0 37557.0 14257.0 23300.0 0.0 172.2156
11:44:00 2818.0 159837.0 173.23 171.93 172.25 171.87 171.94 900.0 171.95 100.0 159837.0 37593.0 122244.0 0.0 172.0203
11:45:00 709.0 51198.0 173.23 171.88 171.95 171.82 171.87 1861.0 171.89 4025.0 51198.0 19884.0 31314.0 0.0 171.8709
11:46:00 894.0 63697.0 173.23 172.02 172.04 171.86 172.01 735.0 172.02 505.0 63697.0 37660.0 26037.0 0.0 171.9614
11:47:00 732.0 53804.0 173.23 172.06 172.08 171.93 172.05 524.0 172.06 850.0 53804.0 25027.0 28777.0 0.0 172.0252
11:48:00 574.0 35295.0 173.23 171.98 172.08 171.92 171.98 454.0 171.99 966.0 35295.0 13319.0 21976.0 0.0 171.9918
11:49:00 767.0 60355.0 173.23 171.97 172.0 171.88 171.97 200.0 171.98 1500.0 60355.0 28278.0 32077.0 0.0 171.9463
11:50:00 715.0 63269.0 173.23 172.03 172.06 171.96 172.03 1229.0 172.04 100.0 63269.0 30384.0 32885.0 0.0 172.0172
11:51:00 624.0 41597.0 173.23 172.09 172.12 172.03 172.08 2565.0 172.1 2737.0 41597.0 19160.0 22437.0 0.0 172.0824
11:52:00 640.0 42309.0 173.23 172.07 172.11 172.01 172.06 1005.0 172.07 690.0 42309.0 18412.0 23897.0 0.0 172.0625
11:53:00 796.0 59273.0 173.23 171.89 172.09 171.84 171.88 2808.0 171.9 2212.0 59273.0 23925.0 35348.0 0.0 171.9511
11:54:00 990.0 80055.0 173.23 171.79 171.94 171.78 171.79 100.0 171.8 2965.0 80055.0 36358.0 43697.0 0.0 171.8168
11:55:00 1160.0 94005.0 173.23 171.83 171.87 171.76 171.82 2291.0 171.84 1613.0 94005.0 54040.0 39965.0 0.0 171.8134
11:56:00 1069.0 82885.0 173.23 171.88 171.89 171.73 171.88 900.0 171.89 300.0 82885.0 36014.0 46871.0 0.0 171.7984
11:57:00 894.0 74170.0 173.23 171.95 171.99 171.89 171.94 1202.0 171.96 1958.0 74170.0 30526.0 43644.0 0.0 171.9362
11:58:00 698.0 47816.0 173.23 172.04 172.06 171.95 172.04 100.0 172.05 1311.0 47816.0 22376.0 25440.0 0.0 172.0062
11:59:00 533.0 34111.0 173.23 172.06 172.11 172.01 172.05 1505.0 172.07 3000.0 34111.0 14604.0 19507.0 0.0 172.0604
12:00:00 610.0 46783.0 173.23 172.07 172.16 172.04 172.06 205.0 172.07 1257.0 46783.0 16660.0 30123.0 0.0 172.1205
12:01:00 565.0 46267.0 173.23 171.98 172.11 171.95 171.97 1425.0 171.99 2535.0 46267.0 15261.0 31006.0 0.0 172.0217
12:02:00 593.0 41436.0 173.23 171.92 171.99 171.87 171.92 1232.0 171.93 5421.0 41436.0 15993.0 25443.0 0.0 171.924
12:03:00 487.0 38943.0 173.23 171.97 172.04 171.92 171.97 450.0 171.98 2486.0 38943.0 20328.0 18615.0 0.0 171.974
12:04:00 626.0 44880.0 173.23 172.15 172.16 171.93 172.13 833.0 172.15 4523.0 44880.0 22235.0 22645.0 0.0 172.0797
12:05:00 856.0 63289.0 173.23 172.23 172.27 172.14 172.23 1400.0 172.24 650.0 63289.0 36050.0 27239.0 0.0 172.2075
12:06:00 393.0 31057.0 173.23 172.24 172.24 172.14 172.23 2112.0 172.24 191.0 31057.0 13267.0 17790.0 0.0 172.1838
12:07:00 473.0 34015.0 173.23 172.27 172.32 172.22 172.26 1354.0 172.27 301.0 34015.0 14030.0 19985.0 0.0 172.2701
12:08:00 548.0 36952.0 173.23 172.27 172.28 172.14 172.27 1385.0 172.28 541.0 36952.0 16772.0 20180.0 0.0 172.2275
12:09:00 460.0 31599.0 173.23 172.23 172.3 172.17 172.22 1210.0 172.24 2604.0 31599.0 11237.0 20362.0 0.0 172.2244
12:10:00 848.0 64729.0 173.23 172.05 172.32 172.01 172.06 1704.0 172.07 136.0 64729.0 25771.0 38958.0 0.0 172.1911
12:11:00 471.0 32661.0 173.23 172.08 172.21 172.04 172.08 700.0 172.09 687.0 32661.0 11834.0 20827.0 0.0 172.1233
12:12:00 548.0 45371.0 173.23 172.2 172.23 172.09 172.18 501.0 172.19 551.0 45371.0 25169.0 20202.0 0.0 172.1757
12:13:00 454.0 30306.0 173.23 172.15 172.2 172.06 172.16 200.0 172.17 1008.0 30306.0 11826.0 18480.0 0.0 172.1418
12:14:00 452.0 31868.0 173.23 172.27 172.3 172.16 172.26 808.0 172.27 367.0 31868.0 14810.0 17058.0 0.0 172.249
12:15:00 388.0 27703.0 173.23 172.18 172.29 172.15 172.17 2622.0 172.19 2342.0 27703.0 11796.0 15907.0 0.0 172.2362
12:16:00 516.0 40159.0 173.23 172.28 172.3 172.09 172.27 979.0 172.28 404.0 40159.0 20159.0 20000.0 0.0 172.2039
12:17:00 484.0 40082.0 173.23 172.25 172.38 172.22 172.25 1307.0 172.26 211.0 40082.0 21408.0 18674.0 0.0 172.3103
12:18:00 594.0 49191.0 173.23 172.24 172.38 172.18 172.23 700.0 172.24 3410.0 49191.0 23259.0 25932.0 0.0 172.2879
12:19:00 682.0 51957.0 173.23 172.16 172.23 172.12 172.16 700.0 172.17 800.0 51957.0 18549.0 33408.0 0.0 172.1779
12:20:00 348.0 23177.0 173.23 172.225 172.24 172.15 172.22 403.0 172.23 1535.0 23177.0 12389.0 10788.0 0.0 172.189
12:21:00 814.0 56060.0 173.23 172.38 172.43 172.18 172.38 515.0 172.39 1313.0 56060.0 32054.0 24006.0 0.0 172.3487
12:22:00 437.0 36576.0 173.23 172.27 172.385 172.25 172.27 100.0 172.28 2466.0 36576.0 16570.0 20006.0 0.0 172.2969
12:23:00 580.0 42349.0 173.23 172.23 172.315 172.22 172.22 600.0 172.23 517.0 42349.0 20260.0 22089.0 0.0 172.2792
12:24:00 425.0 32312.0 173.23 172.19 172.24 172.11 172.19 1600.0 172.2 311.0 32312.0 15989.0 16323.0 0.0 172.1707
12:25:00 444.0 35033.0 173.23 172.2 172.32 172.2 172.2 2882.0 172.22 2444.0 35033.0 14269.0 20764.0 0.0 172.2654
12:26:00 362.0 22145.0 173.23 172.12 172.27 172.11 172.12 100.0 172.13 647.0 22145.0 9226.0 12919.0 0.0 172.182
12:27:00 307.0 22052.0 173.23 172.09 172.17 172.06 172.08 800.0 172.09 777.0 22052.0 8688.0 13364.0 0.0 172.1068
12:28:00 710.0 49253.0 173.23 172.06 172.1 171.96 172.04 1129.0 172.05 5.0 49253.0 15510.0 33743.0 0.0 172.0236
12:29:00 568.0 59081.0 173.23 171.91 172.05 171.88 171.9 2290.0 171.92 1507.0 59081.0 9209.0 49872.0 0.0 171.958
12:30:00 541.0 37439.0 173.23 171.84 171.96 171.8 171.83 468.0 171.84 1386.0 37439.0 12576.0 24863.0 0.0 171.8742
12:31:00 1214.0 89617.0 173.23 171.77 171.85 171.65 171.78 600.0 171.79 1600.0 89617.0 44163.0 45454.0 0.0 171.752
12:32:00 710.0 55960.0 173.23 171.92 171.96 171.79 171.91 1100.0 171.92 210.0 55960.0 28855.0 27105.0 0.0 171.9012
12:33:00 522.0 38547.0 173.23 171.98 172.01 171.92 171.98 402.0 171.99 1404.0 38547.0 21485.0 17062.0 0.0 171.9644
12:34:00 368.0 22328.0 173.23 171.92 171.99 171.9 171.92 449.0 171.93 1330.0 22328.0 8802.0 13526.0 0.0 171.9398
12:35:00 442.0 34039.0 173.23 171.9 172.0 171.9 171.9 2253.0 171.91 300.0 34039.0 11890.0 22149.0 0.0 171.9449
12:36:00 784.0 53443.0 173.23 171.89 172.05 171.845 171.89 300.0 171.9 1836.0 53443.0 25931.0 27512.0 0.0 171.9431
12:37:00 383.0 27007.0 173.23 171.94 172.03 171.88 171.94 300.0 171.95 1039.0 27007.0 12996.0 14011.0 0.0 171.9513
12:38:00 383.0 26956.0 173.23 171.88 171.96 171.84 171.88 1100.0 171.89 1069.0 26956.0 11232.0 15724.0 0.0 171.8982
12:39:00 602.0 43970.0 173.23 171.68 171.88 171.68 171.68 100.0 171.69 2238.0 43970.0 14378.0 29592.0 0.0 171.7789
12:40:00 935.0 55432.0 173.23 171.68 171.7 171.53 171.67 1824.0 171.68 200.0 55432.0 22984.0 32448.0 0.0 171.6114
12:41:00 981.0 73321.0 173.23 171.87 171.88 171.68 171.87 300.0 171.88 1422.0 73321.0 38778.0 34543.0 0.0 171.793
12:42:00 858.0 57014.0 173.23 171.92 171.98 171.8 171.91 700.0 171.92 1500.0 57014.0 28011.0 29003.0 0.0 171.8889
12:43:00 569.0 46892.0 173.23 171.94 172.02 171.9 171.94 1095.0 171.96 2957.0 46892.0 23741.0 23151.0 0.0 171.9526
12:44:00 444.0 29174.0 173.23 171.92 171.98 171.92 171.93 1100.0 171.94 300.0 29174.0 12741.0 16433.0 0.0 171.9563
12:45:00 269.0 19632.0 173.23 171.9 171.95 171.88 171.89 500.0 171.9 1418.0 19632.0 7123.0 12509.0 0.0 171.9172
12:46:00 473.0 30928.0 173.23 171.9 171.98 171.79 171.88 1880.0 171.9 1747.0 30928.0 11325.0 19603.0 0.0 171.8845
12:47:00 547.0 43922.0 173.23 171.965 171.97 171.825 171.96 100.0 171.97 1520.0 43922.0 29296.0 14626.0 0.0 171.91
12:48:00 617.0 53364.0 173.23 171.95 172.04 171.9 171.94 1508.0 171.95 211.0 53364.0 30775.0 22589.0 0.0 171.9715
12:49:00 328.0 24508.0 173.23 171.91 171.95 171.85 171.91 1366.0 171.92 1408.0 24508.0 8979.0 15529.0 0.0 171.9034
12:50:00 326.0 21811.0 173.23 171.94 171.98 171.91 171.92 1001.0 171.93 706.0 21811.0 10298.0 11513.0 0.0 171.937
12:51:00 419.0 34063.0 173.23 171.99 172.02 171.9 171.99 210.0 172.0 2617.0 34063.0 19362.0 14701.0 0.0 171.9748
12:52:00 552.0 38519.0 173.23 171.93 171.99 171.84 171.93 578.0 171.94 700.0 38519.0 11964.0 26555.0 0.0 171.8985
12:53:00 494.0 34257.0 173.23 171.94 172.02 171.91 171.94 1948.0 171.96 2829.0 34257.0 18466.0 15791.0 0.0 171.9695
12:54:00 567.0 39837.0 173.23 171.94 171.99 171.9 171.94 1314.0 171.95 108.0 39837.0 20939.0 18898.0 0.0 171.9523
12:55:00 295.0 22919.0 173.23 171.871 171.96 171.86 171.87 1632.0 171.89 2372.0 22919.0 7965.0 14954.0 0.0 171.9123
12:56:00 501.0 44624.0 173.23 171.91 171.96 171.85 171.9 2301.0 171.92 2260.0 44624.0 20480.0 24144.0 0.0 171.91
12:57:00 499.0 36443.0 173.23 171.92 171.99 171.88 171.92 2301.0 171.93 100.0 36443.0 16561.0 19882.0 0.0 171.9415
12:58:00 624.0 55090.0 173.23 171.83 171.92 171.8 171.82 1000.0 171.83 1445.0 55090.0 16115.0 38975.0 0.0 171.8535
12:59:00 661.0 52238.0 173.23 171.87 171.9 171.75 171.87 1641.0 171.88 470.0 52238.0 24346.0 27892.0 0.0 171.8085
13:00:00 411.0 36284.0 173.23 171.86 171.92 171.83 171.86 201.0 171.87 2408.0 36284.0 15962.0 20322.0 0.0 171.8804
13:01:00 515.0 42408.0 173.23 171.82 171.91 171.74 171.81 1205.0 171.82 300.0 42408.0 20226.0 22182.0 0.0 171.8276
13:02:00 553.0 41813.0 173.23 171.98 171.99 171.82 171.98 962.0 171.99 2662.0 41813.0 22426.0 19387.0 0.0 171.9006
13:03:00 966.0 87621.0 173.23 171.94 172.07 171.94 171.94 1300.0 171.96 3222.0 87621.0 50990.0 36631.0 0.0 172.0189
13:04:00 1048.0 71998.0 173.23 171.99 172.16 171.93 171.99 1367.0 172.0 200.0 71998.0 37448.0 34550.0 0.0 172.0666
13:05:00 426.0 31904.0 173.23 172.0 172.08 171.97 171.99 1208.0 172.0 200.0 31904.0 13477.0 18427.0 0.0 172.0238
13:06:00 416.0 29667.0 173.23 172.0 172.01 171.94 171.99 1100.0 172.0 261.0 29667.0 11050.0 18617.0 0.0 171.9673
13:07:00 437.0 30426.0 173.23 171.97 171.99 171.86 171.97 605.0 171.98 1835.0 30426.0 12020.0 18406.0 0.0 171.9301
13:08:00 424.0 30815.0 173.23 172.1 172.11 171.98 172.09 1000.0 172.1 500.0 30815.0 16839.0 13976.0 0.0 172.0614
13:09:00 448.0 32722.0 173.23 172.15 172.16 172.03 172.14 1943.0 172.15 163.0 32722.0 16860.0 15862.0 0.0 172.0849
13:10:00 444.0 30812.0 173.23 172.09 172.14 172.05 172.09 420.0 172.1 1999.0 30812.0 13898.0 16914.0 0.0 172.0899
13:11:00 773.0 48977.0 173.23 172.1 172.12 171.97 172.09 1004.0 172.1 275.0 48977.0 20560.0 28417.0 0.0 172.0407
13:12:00 787.0 68970.0 173.23 172.23 172.26 172.1 172.23 2516.0 172.24 224.0 68970.0 42897.0 26073.0 0.0 172.2008
13:13:00 465.0 42529.0 173.23 172.275 172.3 172.24 172.27 1891.0 172.28 215.0 42529.0 26249.0 16280.0 0.0 172.2741
13:14:00 636.0 49030.0 173.23 172.28 172.41 172.26 172.28 600.0 172.29 600.0 49030.0 26235.0 22795.0 0.0 172.3197
13:15:00 312.0 23848.0 173.23 172.28 172.34 172.25 172.28 582.0 172.29 1108.0 23848.0 10142.0 13706.0 0.0 172.2963
13:16:00 453.0 34749.0 173.23 172.23 172.28 172.21 172.23 109.0 172.24 1471.0 34749.0 19052.0 15697.0 0.0 172.2413
13:17:00 440.0 30921.0 173.23 172.17 172.28 172.17 172.16 102.0 172.17 1357.0 30921.0 11760.0 19161.0 0.0 172.2279
13:18:00 620.0 42961.0 173.23 172.15 172.18 172.08 172.14 3378.0 172.15 100.0 42961.0 17633.0 25328.0 0.0 172.1279
13:19:00 418.0 34234.0 173.23 172.19 172.22 172.15 172.18 1331.0 172.19 1466.0 34234.0 18959.0 15275.0 0.0 172.1882
13:20:00 313.0 21951.0 173.23 172.155 172.2 172.15 172.15 1644.0 172.16 501.0 21951.0 8120.0 13831.0 0.0 172.1672
13:21:00 444.0 31302.0 173.23 172.12 172.23 172.11 172.13 100.0 172.14 2977.0 31302.0 13798.0 17504.0 0.0 172.1621
13:22:00 233.0 16670.0 173.23 172.12 172.18 172.11 172.11 1206.0 172.12 203.0 16670.0 7938.0 8732.0 0.0 172.1317
13:23:00 354.0 28920.0 173.23 172.17 172.22 172.105 172.17 701.0 172.18 1312.0 28920.0 13995.0 14925.0 0.0 172.1807
13:24:00 563.0 41478.0 173.23 172.19 172.33 172.16 172.19 2517.0 172.2 701.0 41478.0 24134.0 17344.0 0.0 172.2331
13:25:00 445.0 28516.0 173.23 172.2 172.21 172.071 172.2 321.0 172.21 900.0 28516.0 15466.0 13050.0 0.0 172.1258
13:26:00 330.0 22655.0 173.23 172.32 172.33 172.19 172.32 2369.0 172.33 149.0 22655.0 11379.0 11276.0 0.0 172.2446
13:27:00 696.0 53273.0 173.23 172.32 172.375 172.29 172.32 1400.0 172.33 374.0 53273.0 24830.0 28443.0 0.0 172.3368
13:28:00 481.0 38229.0 173.23 172.44 172.45 172.33 172.44 1856.0 172.45 334.0 38229.0 20974.0 17255.0 0.0 172.3868
13:29:00 744.0 57025.0 173.23 172.59 172.6 172.44 172.58 2567.0 172.6 1980.0 57025.0 35780.0 21245.0 0.0 172.5383
13:30:00 422.0 31377.0 173.23 172.56 172.63 172.55 172.55 2121.0 172.56 103.0 31377.0 13474.0 17903.0 0.0 172.5787
13:31:00 638.0 51675.0 173.23 172.64 172.68 172.55 172.64 620.0 172.65 923.0 51675.0 28853.0 22822.0 0.0 172.6248
13:32:00 572.0 50991.0 173.23 172.59 172.72 172.585 172.59 59.0 172.6 2214.0 50991.0 29866.0 21125.0 0.0 172.6754
13:33:00 555.0 40551.0 173.23 172.68 172.71 172.56 172.68 711.0 172.69 1250.0 40551.0 20853.0 19698.0 0.0 172.6436
13:34:00 297.0 22163.0 173.23 172.61 172.7 172.6 172.59 2117.0 172.61 3110.0 22163.0 6405.0 15758.0 0.0 172.6401
13:35:00 325.0 25895.0 173.23 172.56 172.61 172.5 172.56 900.0 172.57 608.0 25895.0 9115.0 16780.0 0.0 172.5521
13:36:00 289.0 20723.0 173.23 172.52 172.57 172.49 172.52 307.0 172.53 2405.0 20723.0 8988.0 11735.0 0.0 172.5204
13:37:00 320.0 23687.0 173.23 172.55 172.57 172.52 172.55 1224.0 172.56 2001.0 23687.0 14028.0 9659.0 0.0 172.5493
13:38:00 297.0 21888.0 173.23 172.59 172.61 172.53 172.59 5.0 172.6 3569.0 21888.0 9483.0 12405.0 0.0 172.5616
13:39:00 394.0 27631.0 173.23 172.68 172.69 172.59 172.67 800.0 172.68 608.0 27631.0 16363.0 11268.0 0.0 172.6511
13:40:00 350.0 28456.0 173.23 172.64 172.72 172.62 172.63 466.0 172.64 1567.0 28456.0 9232.0 19224.0 0.0 172.672
13:41:00 528.0 36415.0 173.23 172.65 172.68 172.57 172.65 1515.0 172.66 300.0 36415.0 15488.0 20927.0 0.0 172.6305
13:42:00 314.0 19139.0 173.23 172.63 172.68 172.61 172.62 3109.0 172.63 5.0 19139.0 8688.0 10451.0 0.0 172.6483
13:43:00 338.0 24995.0 173.23 172.56 172.64 172.54 172.56 2650.0 172.57 100.0 24995.0 6834.0 18161.0 0.0 172.5777
13:44:00 350.0 29126.0 173.23 172.6 172.61 172.56 172.59 3200.0 172.6 693.0 29126.0 12470.0 16656.0 0.0 172.5834
13:45:00 523.0 38797.0 173.23 172.52 172.645 172.49 172.51 1729.0 172.52 480.0 38797.0 18548.0 20249.0 0.0 172.5758
13:46:00 445.0 34796.0 173.23 172.52 172.54 172.45 172.51 1303.0 172.52 862.0 34796.0 15095.0 19701.0 0.0 172.4914
13:47:00 346.0 23647.0 173.23 172.52 172.58 172.48 172.52 1423.0 172.53 588.0 23647.0 12921.0 10726.0 0.0 172.5237
13:48:00 337.0 34512.0 173.23 172.49 172.55 172.46 172.48 2553.0 172.5 2800.0 34512.0 7865.0 26647.0 0.0 172.4903
13:49:00 611.0 41970.0 173.23 172.39 172.5 172.37 172.38 1869.0 172.39 200.0 41970.0 15034.0 26936.0 0.0 172.4271
13:50:00 821.0 63070.0 173.23 172.26 172.4 172.15 172.26 2686.0 172.28 2674.0 63070.0 27883.0 35187.0 0.0 172.271
13:51:00 556.0 42758.0 173.23 172.28 172.3 172.18 172.28 756.0 172.29 902.0 42758.0 20445.0 22313.0 0.0 172.2606
13:52:00 478.0 33843.0 173.23 172.35 172.35 172.2 172.34 1239.0 172.35 550.0 33843.0 19803.0 14040.0 0.0 172.2878
13:53:00 361.0 25910.0 173.23 172.35 172.4 172.33 172.35 1094.0 172.36 805.0 25910.0 15884.0 10026.0 0.0 172.3728
13:54:00 339.0 20543.0 173.23 172.34 172.365 172.28 172.33 1134.0 172.34 582.0 20543.0 10031.0 10512.0 0.0 172.3199
13:55:00 234.0 14513.0 173.23 172.34 172.375 172.32 172.33 1072.0 172.34 921.0 14513.0 5178.0 9335.0 0.0 172.3446
13:56:00 410.0 31079.0 173.23 172.44 172.48 172.33 172.43 1376.0 172.44 500.0 31079.0 20702.0 10377.0 0.0 172.3986
13:57:00 425.0 28664.0 173.23 172.4 172.48 172.38 172.39 1836.0 172.41 2929.0 28664.0 14360.0 14304.0 0.0 172.4285
13:58:00 264.0 15742.0 173.23 172.42 172.44 172.36 172.41 540.0 172.42 1608.0 15742.0 6696.0 9046.0 0.0 172.4078
13:59:00 487.0 36306.0 173.23 172.57 172.57 172.41 172.56 2115.0 172.58 3073.0 36306.0 23913.0 12393.0 0.0 172.5078
14:00:00 789.0 58741.0 173.23 172.61 172.7 172.56 172.61 1000.0 172.62 1331.0 58741.0 34242.0 24499.0 0.0 172.6459
14:01:00 497.0 36138.0 173.23 172.535 172.62 172.51 172.53 1833.0 172.54 100.0 36138.0 13693.0 22445.0 0.0 172.5457
14:02:00 759.0 59162.0 173.23 172.51 172.62 172.5 172.5 2669.0 172.52 3158.0 59162.0 27750.0 31412.0 0.0 172.5676
14:03:00 454.0 35705.0 173.23 172.44 172.53 172.4 172.44 600.0 172.45 2183.0 35705.0 11965.0 23740.0 0.0 172.4461
14:04:00 342.0 36236.0 173.23 172.47 172.51 172.43 172.47 102.0 172.48 2312.0 36236.0 17900.0 18336.0 0.0 172.4562
14:05:00 567.0 45000.0 173.23 172.44 172.54 172.425 172.44 100.0 172.45 1112.0 45000.0 17571.0 27429.0 0.0 172.4795
14:06:00 377.0 31074.0 173.23 172.43 172.46 172.39 172.43 500.0 172.44 513.0 31074.0 12102.0 18972.0 0.0 172.4234
14:07:00 304.0 19844.0 173.23 172.39 172.44 172.36 172.39 801.0 172.4 2470.0 19844.0 7761.0 12083.0 0.0 172.4023
14:08:00 447.0 30727.0 173.23 172.3 172.42 172.3 172.3 616.0 172.31 1158.0 30727.0 10448.0 20279.0 0.0 172.3609
14:09:00 781.0 57615.0 173.23 172.21 172.31 172.15 172.21 200.0 172.22 2228.0 57615.0 18032.0 39583.0 0.0 172.2009
14:10:00 532.0 41776.0 173.23 172.17 172.27 172.14 172.17 704.0 172.18 204.0 41776.0 21681.0 20095.0 0.0 172.2186
14:11:00 417.0 30326.0 173.23 172.21 172.24 172.17 172.2 7529.0 172.21 315.0 30326.0 14553.0 15773.0 0.0 172.2151
14:12:00 306.0 24884.0 173.23 172.24 172.25 172.17 172.23 500.0 172.24 1124.0 24884.0 11903.0 12981.0 0.0 172.2161
14:13:00 642.0 50106.0 173.23 172.22 172.26 172.18 172.21 3019.0 172.22 105.0 50106.0 19798.0 30308.0 0.0 172.217
14:14:00 329.0 24958.0 173.23 172.25 172.28 172.2 172.24 1595.0 172.25 2424.0 24958.0 12095.0 12863.0 0.0 172.2233
14:15:00 632.0 46071.0 173.23 172.105 172.24 172.09 172.1 910.0 172.11 747.0 46071.0 16002.0 30069.0 0.0 172.1712
14:16:00 764.0 49982.0 173.23 172.06 172.13 171.97 172.06 1871.0 172.07 204.0 49982.0 18908.0 31074.0 0.0 172.0407
14:17:00 711.0 54725.0 173.23 172.25 172.26 172.07 172.24 1645.0 172.25 200.0 54725.0 34101.0 20624.0 0.0 172.1716
14:18:00 498.0 33800.0 173.23 172.2 172.37 172.2 172.2 2095.0 172.21 100.0 33800.0 15236.0 18564.0 0.0 172.2932
14:19:00 219.0 11986.0 173.23 172.21 172.24 172.19 172.21 205.0 172.22 3540.0 11986.0 5184.0 6802.0 0.0 172.2073
14:20:00 354.0 23138.0 173.23 172.18 172.27 172.16 172.17 582.0 172.18 1808.0 23138.0 9962.0 13176.0 0.0 172.2073
14:21:00 410.0 28877.0 173.23 172.26 172.29 172.14 172.25 400.0 172.26 2322.0 28877.0 16806.0 12071.0 0.0 172.2159
14:22:00 366.0 24990.0 173.23 172.23 172.25 172.18 172.23 3561.0 172.24 100.0 24990.0 8860.0 16130.0 0.0 172.2161
14:23:00 436.0 34257.0 173.23 172.15 172.28 172.14 172.14 2614.0 172.16 2856.0 34257.0 10715.0 23542.0 0.0 172.1979
14:24:00 533.0 33905.0 173.23 172.15 172.185 172.05 172.14 2209.0 172.15 414.0 33905.0 12035.0 21870.0 0.0 172.1066
14:25:00 316.0 16683.0 173.23 172.15 172.21 172.135 172.15 808.0 172.16 800.0 16683.0 8151.0 8532.0 0.0 172.1708
14:26:00 355.0 23038.0 173.23 172.14 172.18 172.11 172.14 1069.0 172.15 1403.0 23038.0 13309.0 9729.0 0.0 172.1524
14:27:00 558.0 42295.0 173.23 172.27 172.31 172.09 172.26 300.0 172.27 2249.0 42295.0 25855.0 16440.0 0.0 172.2008
14:28:00 347.0 20273.0 173.23 172.25 172.32 172.22 172.25 1842.0 172.26 300.0 20273.0 8898.0 11375.0 0.0 172.2693
14:29:00 504.0 34827.0 173.23 172.4 172.41 172.25 172.39 916.0 172.4 2600.0 34827.0 20859.0 13968.0 0.0 172.3535
14:30:00 791.0 69479.0 173.23 172.61 172.61 172.36 172.61 1210.0 172.62 1168.0 69479.0 49827.0 19652.0 0.0 172.4766
14:31:00 863.0 56847.0 173.23 172.71 172.74 172.61 172.7 2491.0 172.71 13.0 56847.0 30780.0 26067.0 0.0 172.6853
14:32:00 407.0 32571.0 173.23 172.66 172.71 172.62 172.65 2361.0 172.67 2663.0 32571.0 14344.0 18227.0 0.0 172.6694
14:33:00 314.0 22622.0 173.23 172.63 172.67 172.6 172.62 501.0 172.63 900.0 22622.0 8041.0 14581.0 0.0 172.6334
14:34:00 493.0 39143.0 173.23 172.62 172.64 172.56 172.61 100.0 172.62 1014.0 39143.0 22799.0 16344.0 0.0 172.5959
14:35:00 352.0 22411.0 173.23 172.65 172.68 172.59 172.64 1516.0 172.65 200.0 22411.0 11322.0 11089.0 0.0 172.6452
14:36:00 657.0 62879.0 173.23 172.74 172.79 172.63 172.74 984.0 172.75 1408.0 62879.0 43550.0 19329.0 0.0 172.7337
14:37:00 381.0 28217.0 173.23 172.77 172.79 172.73 172.77 874.0 172.78 826.0 28217.0 12638.0 15579.0 0.0 172.7539
14:38:00 514.0 49002.0 173.23 172.75 172.815 172.74 172.75 450.0 172.76 2915.0 49002.0 32210.0 16792.0 0.0 172.7887
14:39:00 846.0 64953.0 173.23 172.55 172.76 172.48 172.54 2423.0 172.55 100.0 64953.0 25289.0 39664.0 0.0 172.5909
14:40:00 336.0 24093.0 173.23 172.56 172.61 172.545 172.56 200.0 172.57 2912.0 24093.0 9919.0 14174.0 0.0 172.5766
14:41:00 393.0 24526.0 173.23 172.59 172.61 172.495 172.59 1000.0 172.6 2208.0 24526.0 12853.0 11673.0 0.0 172.5543
14:42:00 312.0 25200.0 173.23 172.6 172.64 172.55 172.59 1203.0 172.6 916.0 25200.0 10326.0 14874.0 0.0 172.5999
14:43:00 549.0 43288.0 173.23 172.73 172.73 172.59 172.72 3140.0 172.73 932.0 43288.0 26247.0 17041.0 0.0 172.6686
14:44:00 749.0 55523.0 173.23 172.74 172.8 172.7 172.73 2308.0 172.75 1950.0 55523.0 24345.0 31178.0 0.0 172.7479
14:45:00 516.0 36344.0 173.23 172.795 172.83 172.73 172.79 783.0 172.8 987.0 36344.0 17367.0 18977.0 0.0 172.7848
14:46:00 1177.0 98761.0 173.23 172.7 172.83 172.65 172.7 304.0 172.71 2801.0 98761.0 38052.0 60709.0 0.0 172.7263
14:47:00 400.0 27703.0 173.23 172.65 172.71 172.64 172.64 2107.0 172.66 2863.0 27703.0 10489.0 17214.0 0.0 172.6869
14:48:00 270.0 22896.0 173.23 172.65 172.68 172.63 172.66 100.0 172.67 3177.0 22896.0 6698.0 16198.0 0.0 172.6616
14:49:00 347.0 22145.0 173.23 172.7 172.765 172.65 172.7 184.0 172.71 2890.0 22145.0 11102.0 11043.0 0.0 172.7155
14:50:00 741.0 49279.0 173.23 172.55 172.7 172.49 172.55 1316.0 172.56 2993.0 49279.0 13342.0 35937.0 0.0 172.5652
14:51:00 860.0 62400.0 173.23 172.555 172.6 172.36 172.54 2638.0 172.56 1900.0 62400.0 27102.0 35298.0 0.0 172.4666
14:52:00 389.0 34729.0 173.23 172.57 172.64 172.51 172.56 3063.0 172.58 2750.0 34729.0 19406.0 15323.0 0.0 172.5866
14:53:00 371.0 25717.0 173.23 172.65 172.67 172.56 172.65 2198.0 172.66 400.0 25717.0 13176.0 12541.0 0.0 172.6151
14:54:00 287.0 18079.0 173.23 172.63 172.665 172.59 172.61 2715.0 172.63 2494.0 18079.0 7009.0 11070.0 0.0 172.6175
14:55:00 442.0 28347.0 173.23 172.63 172.7 172.61 172.62 3189.0 172.63 113.0 28347.0 15545.0 12802.0 0.0 172.6455
14:56:00 597.0 39605.0 173.23 172.67 172.7 172.54 172.67 1652.0 172.68 200.0 39605.0 19755.0 19850.0 0.0 172.6179
14:57:00 394.0 26331.0 173.23 172.69 172.7 172.6 172.68 3097.0 172.7 3004.0 26331.0 13038.0 13293.0 0.0 172.6448
14:58:00 337.0 24107.0 173.23 172.655 172.73 172.64 172.65 2105.0 172.66 154.0 24107.0 11323.0 12784.0 0.0 172.6884
14:59:00 400.0 25577.0 173.23 172.64 172.66 172.55 172.63 633.0 172.64 988.0 25577.0 10537.0 15040.0 0.0 172.6013
15:00:00 297.0 18865.0 173.23 172.61 172.63 172.58 172.6 1200.0 172.61 1261.0 18865.0 6028.0 12837.0 0.0 172.603
15:01:00 779.0 50765.0 173.23 172.43 172.61 172.39 172.42 300.0 172.43 751.0 50765.0 17440.0 33325.0 0.0 172.4978
15:02:00 610.0 40870.0 173.23 172.51 172.56 172.41 172.5 1157.0 172.51 514.0 40870.0 19927.0 20943.0 0.0 172.4782
15:03:00 794.0 54881.0 173.23 172.75 172.77 172.51 172.74 876.0 172.75 1228.0 54881.0 36123.0 18758.0 0.0 172.6688
15:04:00 400.0 22578.0 173.23 172.72 172.75 172.68 172.72 1668.0 172.73 700.0 22578.0 9210.0 13368.0 0.0 172.7114
15:05:00 535.0 46888.0 173.23 172.81 172.81 172.7 172.8 1705.0 172.81 372.0 46888.0 33974.0 12914.0 0.0 172.755
15:06:00 512.0 41724.0 173.23 172.8 172.855 172.75 172.8 800.0 172.81 702.0 41724.0 17484.0 24240.0 0.0 172.8157
15:07:00 394.0 28994.0 173.23 172.77 172.8 172.71 172.77 145.0 172.78 2814.0 28994.0 12682.0 16312.0 0.0 172.741
15:08:00 500.0 35897.0 173.23 172.68 172.775 172.66 172.68 3317.0 172.69 300.0 35897.0 12077.0 23820.0 0.0 172.6948
15:09:00 598.0 42939.0 173.23 172.71 172.72 172.57 172.71 908.0 172.72 1058.0 42939.0 19564.0 23375.0 0.0 172.6579
15:10:00 519.0 39816.0 173.23 172.76 172.82 172.72 172.75 200.0 172.76 2004.0 39816.0 23520.0 16296.0 0.0 172.7694
15:11:00 648.0 44274.0 173.23 172.85 172.87 172.66 172.85 200.0 172.86 2608.0 44274.0 23710.0 20564.0 0.0 172.7655
15:12:00 1328.0 110372.0 173.23 172.96 173.04 172.785 172.95 2820.0 172.97 3191.0 110372.0 77135.0 33237.0 0.0 172.957
15:13:00 903.0 63314.0 173.23 172.94 173.04 172.94 172.94 1144.0 172.95 651.0 63314.0 36522.0 26792.0 0.0 172.9946
15:14:00 742.0 52295.0 173.23 172.93 172.95 172.83 172.92 1608.0 172.93 405.0 52295.0 23071.0 29224.0 0.0 172.8805
15:15:00 607.0 40372.0 173.23 173.02 173.04 172.91 173.01 2955.0 173.03 2809.0 40372.0 22469.0 17903.0 0.0 172.9763
15:16:00 545.0 34205.0 173.23 172.91 173.04 172.87 172.9 900.0 172.91 700.0 34205.0 13854.0 20351.0 0.0 172.944
15:17:00 475.0 30354.0 173.23 172.9 172.96 172.85 172.89 400.0 172.9 1990.0 30354.0 9883.0 20471.0 0.0 172.8995
15:18:00 446.0 33036.0 173.23 172.92 172.98 172.88 172.91 700.0 172.92 1526.0 33036.0 14721.0 18315.0 0.0 172.9299
15:19:00 462.0 30364.0 173.23 172.84 172.915 172.81 172.83 2201.0 172.84 300.0 30364.0 14192.0 16172.0 0.0 172.8519
15:20:00 489.0 32728.0 173.23 172.78 172.88 172.77 172.77 1376.0 172.78 2016.0 32728.0 14540.0 18188.0 0.0 172.8354
15:21:00 730.0 54828.0 173.23 172.75 172.82 172.69 172.75 832.0 172.76 1000.0 54828.0 24516.0 30312.0 0.0 172.7487
15:22:00 499.0 41096.0 173.23 172.73 172.83 172.7 172.73 900.0 172.74 1031.0 41096.0 19250.0 21846.0 0.0 172.7688
15:23:00 790.0 56999.0 173.23 172.7 172.74 172.57 172.69 2200.0 172.7 100.0 56999.0 20819.0 36180.0 0.0 172.6656
15:24:00 479.0 33440.0 173.23 172.7 172.73 172.66 172.69 2572.0 172.7 500.0 33440.0 15647.0 17793.0 0.0 172.6937
15:25:00 794.0 48566.0 173.23 172.6 172.72 172.53 172.59 1141.0 172.6 600.0 48566.0 21638.0 26928.0 0.0 172.6249
15:26:00 851.0 60247.0 173.23 172.53 172.68 172.48 172.52 1697.0 172.53 1225.0 60247.0 23369.0 36878.0 0.0 172.5657
15:27:00 806.0 55612.0 173.23 172.5 172.59 172.43 172.5 575.0 172.51 1072.0 55612.0 21914.0 33698.0 0.0 172.5167
15:28:00 945.0 65516.0 173.23 172.32 172.5 172.3 172.31 1654.0 172.33 1974.0 65516.0 21728.0 43788.0 0.0 172.4049
15:29:00 1049.0 74709.0 173.23 172.25 172.38 172.21 172.24 2189.0 172.25 58.0 74709.0 31349.0 43360.0 0.0 172.298
15:30:00 927.0 66264.0 173.23 172.26 172.325 172.2 172.25 1804.0 172.27 3051.0 66264.0 26362.0 39902.0 0.0 172.2674
15:31:00 1104.0 75788.0 173.23 172.435 172.445 172.2 172.43 597.0 172.44 1845.0 75788.0 38310.0 37478.0 0.0 172.3371
15:32:00 848.0 54626.0 173.23 172.415 172.45 172.35 172.41 1100.0 172.42 769.0 54626.0 26813.0 27813.0 0.0 172.4033
15:33:00 857.0 62717.0 173.23 172.425 172.43 172.28 172.42 511.0 172.43 1240.0 62717.0 30672.0 32045.0 0.0 172.3725
15:34:00 809.0 53044.0 173.23 172.39 172.44 172.26 172.38 2139.0 172.39 200.0 53044.0 23801.0 29243.0 0.0 172.3717
15:35:00 988.0 64615.0 173.23 172.37 172.405 172.24 172.37 1014.0 172.38 1411.0 64615.0 27333.0 37282.0 0.0 172.3148
15:36:00 816.0 64315.0 173.23 172.33 172.395 172.23 172.33 300.0 172.34 2833.0 64315.0 19752.0 44563.0 0.0 172.3091
15:37:00 854.0 59766.0 173.23 172.49 172.5 172.28 172.48 828.0 172.49 812.0 59766.0 33723.0 26043.0 0.0 172.3894
15:38:00 1269.0 99177.0 173.23 172.24 172.515 172.19 172.24 1298.0 172.25 1523.0 99177.0 39346.0 59831.0 0.0 172.3738
15:39:00 1631.0 114237.0 173.23 172.01 172.25 171.91 172.01 1400.0 172.02 500.0 114237.0 34278.0 79959.0 0.0 172.0426
15:40:00 1313.0 87864.0 173.23 171.87 172.02 171.815 171.88 760.0 171.89 500.0 87864.0 32212.0 55652.0 0.0 171.8813
15:41:00 1261.0 80738.0 173.23 171.84 171.91 171.79 171.83 3248.0 171.85 1730.0 80738.0 35104.0 45634.0 0.0 171.8576
15:42:00 1162.0 89832.0 173.23 171.81 171.86 171.73 171.8 100.0 171.81 3098.0 89832.0 36928.0 52904.0 0.0 171.8088
15:43:00 862.0 68168.0 173.23 171.81 171.865 171.7 171.81 1900.0 171.82 100.0 68168.0 24215.0 43953.0 0.0 171.7896
15:44:00 855.0 64953.0 173.23 171.88 171.94 171.745 171.88 590.0 171.89 2209.0 64953.0 31950.0 33003.0 0.0 171.8524
15:45:00 1023.0 73885.0 173.23 171.7 171.89 171.66 171.69 1063.0 171.7 804.0 73885.0 22047.0 51838.0 0.0 171.74
15:46:00 2535.0 163002.0 173.23 171.53 171.69 171.48 171.53 901.0 171.55 2165.0 163002.0 61551.0 101451.0 0.0 171.5853
15:47:00 1135.0 88736.0 173.23 171.61 171.71 171.51 171.61 100.0 171.62 408.0 88736.0 31938.0 56798.0 0.0 171.632
15:48:00 1283.0 109556.0 173.23 171.7 171.7 171.5 171.69 200.0 171.7 3212.0 109556.0 47347.0 62209.0 0.0 171.5956
15:49:00 886.0 63763.0 173.23 171.67 171.745 171.62 171.67 82.0 171.67 200.0 63763.0 25800.0 37963.0 0.0 171.6804
15:50:00 1866.0 152801.0 173.23 171.48 171.69 171.39 171.47 400.0 171.48 1300.0 152801.0 49394.0 103407.0 0.0 171.5098
15:51:00 3835.0 280823.0 173.23 171.72 171.85 171.475 171.72 310.0 171.73 1598.0 280823.0 146086.0 134737.0 0.0 171.6869
15:52:00 1101.0 71721.0 173.23 171.56 171.79 171.52 171.56 122.0 171.57 2216.0 71721.0 35322.0 36399.0 0.0 171.6567
15:53:00 3518.0 266655.0 173.23 171.29 171.59 171.14 171.29 2232.0 171.3 601.0 266655.0 112709.0 153946.0 0.0 171.3481
15:54:00 1772.0 136451.0 173.23 171.4 171.42 171.16 171.39 719.0 171.4 854.0 136451.0 67212.0 69239.0 0.0 171.2779
15:55:00 5312.0 363262.0 173.23 171.13 171.49 170.96 171.12 243.0 171.13 100.0 363262.0 156324.0 206938.0 0.0 171.1654
15:56:00 2446.0 215471.0 173.23 171.01 171.29 171.01 171.01 3500.0 171.03 2490.0 215471.0 88308.0 127163.0 0.0 171.1509
15:57:00 1918.0 157845.0 173.23 171.12 171.2 170.95 171.12 409.0 171.13 1243.0 157845.0 83152.0 74693.0 0.0 171.0822
15:58:00 2251.0 156353.0 173.23 171.28 171.38 171.11 171.27 1100.0 171.28 571.0 156353.0 88869.0 67484.0 0.0 171.2628
15:59:00 2295.0 197458.0 173.23 171.41 171.45 171.27 171.4 1874.0 171.41 57.0 197458.0 116357.0 81101.0 0.0 171.3487
16:00:00 5061.0 488491.0 173.23 171.71 171.78 171.4 171.67 204.0 171.72 58100.0 488491.0 350441.0 138050.0 0.0 171.601
16:01:00 134.0 11705.0 173.23 171.79 171.84 171.66 171.78 1.0 171.79 95.0 11705.0 5035.0 6670.0 0.0 171.7549
16:02:00 55.0 2420.0 173.23 171.75 171.8 171.67 171.71 601.0 171.75 152.0 2420.0 1777.0 643.0 0.0 171.7542
16:03:00 25.0 1718.0 173.23 171.72 171.79 171.71 171.71 99.0 171.78 25.0 1718.0 153.0 1565.0 0.0 171.7474
16:04:00 34.0 4418.0 173.23 171.75 171.82 171.73 171.74 1.0 171.8 27.0 4418.0 3942.0 476.0 0.0 171.7862
16:05:00 143.0 9743.0 173.23 172.05 172.16 171.79 172.0 1162.0 171.8 17.0 9743.0 6443.0 3300.0 0.0 171.9728
16:06:00 53.0 6540.0 173.23 172.0 172.1 171.94 171.97 2.0 171.8 17.0 6540.0 5575.0 965.0 0.0 172.0436
16:07:00 39.0 731.0 173.23 171.97 172.06 171.93 171.92 210.0 171.8 17.0 731.0 237.0 494.0 0.0 171.9866
16:08:00 52.0 3864.0 173.23 172.07 172.07 171.88 172.06 670.0 171.8 17.0 3864.0 3469.0 395.0 0.0 171.9975
16:09:00 36.0 1747.0 173.23 172.05 172.08 171.96 171.97 1.0 171.8 17.0 1747.0 856.0 891.0 0.0 172.0562
16:10:00 39.0 2355.0 173.23 172.05 172.1 172.0 172.05 166.0 171.8 17.0 2355.0 1627.0 728.0 0.0 172.0626
16:11:00 21.0 736.0 173.23 172.02 172.09 172.01 172.0 108.0 171.8 17.0 736.0 552.0 184.0 0.0 172.0398
16:12:00 26.0 1107.0 173.23 172.0 172.04 172.0 172.0 445.0 171.8 17.0 1107.0 667.0 440.0 0.0 172.0172
16:13:00 46.0 3803.0 173.23 171.97 172.05 171.97 171.97 2.0 171.8 17.0 3803.0 455.0 3348.0 0.0 172.0353
16:14:00 67.0 3208.0 173.23 172.1 172.1 171.95 172.1 1615.0 171.8 17.0 3208.0 1607.0 1601.0 0.0 172.0658
16:15:00 91.0 10068.0 173.23 171.69 172.2 171.69 171.69 5.0 171.8 17.0 10068.0 627.0 9441.0 0.0 171.9602
16:16:00 41.0 573.0 173.23 171.97 172.2 171.83 171.92 22.0 171.8 17.0 573.0 209.0 364.0 0.0 171.9072
16:17:00 14.0 188.0 173.23 171.95 171.99 171.92 171.95 86.0 171.8 17.0 188.0 54.0 134.0 0.0 171.942
16:18:00 18.0 351.0 173.23 171.85 171.95 171.85 171.83 287.0 171.8 17.0 351.0 5.0 346.0 0.0 171.9124
16:19:00 16.0 717.0 173.23 171.85 171.9 171.83 171.8 2.0 171.8 17.0 717.0 250.0 467.0 0.0 171.8629
16:20:00 13.0 34.0 173.23 171.87 171.9 171.8 171.82 187.0 171.8 17.0 34.0 32.0 2.0 0.0 171.8676
16:21:00 20.0 1678.0 173.23 171.9 171.9 171.82 171.87 84.0 171.8 17.0 1678.0 1629.0 49.0 0.0 171.8953
16:22:00 9.0 1115.0 173.23 171.91 171.92 171.87 171.94 87.0 171.8 17.0 1115.0 1097.0 18.0 0.0 171.9018
16:23:00 31.0 3196.0 173.23 172.0 172.05 171.94 172.0 27.0 171.8 17.0 3196.0 2839.0 357.0 0.0 171.9797
16:24:00 10.0 132.0 173.23 171.95 172.0 171.95 171.98 187.0 171.8 17.0 132.0 10.0 122.0 0.0 171.9557
16:25:00 31.0 1085.0 173.23 171.9 172.0 171.83 171.9 41.0 171.8 17.0 1085.0 13.0 1072.0 0.0 171.9195
16:26:00 10.0 232.0 173.23 171.86 171.98 171.86 171.86 641.0 171.8 17.0 232.0 0.0 232.0 0.0 171.8716
16:27:00 5.0 81.0 173.23 171.94 171.96 171.9 171.9 189.0 171.8 17.0 81.0 81.0 0.0 0.0 171.9119
16:28:00 6.0 66.0 173.23 171.94 171.94 171.9 171.93 9.0 171.8 17.0 66.0 17.0 49.0 0.0 171.9103
16:29:00 39.0 1882.0 173.23 171.9 171.93 171.77 171.77 3.0 171.8 17.0 1882.0 1.0 1881.0 0.0 171.8552
16:30:00 3.0 51.0 173.23 171.9 171.9 171.85 171.85 67.0 171.8 17.0 51.0 1.0 50.0 0.0 171.851
16:31:00 10.0 27.0 173.23 171.89 171.93 171.89 171.89 86.0 171.8 17.0 27.0 24.0 3.0 0.0 171.8989
16:32:00 13.0 57.0 173.23 171.9 171.92 171.89 171.9 94.0 171.8 17.0 57.0 0.0 57.0 0.0 171.8905
16:33:00 33.0 3520.0 173.23 171.87 171.91 171.82 171.85 5.0 171.8 17.0 3520.0 224.0 3296.0 0.0 171.8408
16:34:00 16.0 409.0 173.23 171.88 171.88 171.82 171.88 1377.0 171.8 17.0 409.0 404.0 5.0 0.0 171.8772
16:35:00 8.0 80.0 173.23 171.89 171.95 171.89 171.88 97.0 171.8 17.0 80.0 80.0 0.0 0.0 171.95
16:36:00 24.0 528.0 173.23 171.95 171.97 171.91 171.9 4.0 171.8 17.0 528.0 495.0 33.0 0.0 171.9492
16:37:00 12.0 823.0 173.23 171.95 171.99 171.95 171.95 71.0 171.8 17.0 823.0 603.0 220.0 0.0 171.9722
16:38:00 21.0 1299.0 173.23 172.06 172.06 171.95 172.0 87.0 171.8 17.0 1299.0 1259.0 40.0 0.0 172.0152
16:39:00 4.0 201.0 173.23 172.05 172.07 172.05 172.0 87.0 171.8 17.0 201.0 201.0 0.0 0.0 172.07
16:40:00 6.0 87.0 173.23 172.06 172.06 172.0 172.0 19.0 171.8 17.0 87.0 1.0 86.0 0.0 172.0007
16:41:00 8.0 71.0 173.23 171.99 172.02 171.98 172.0 103.0 171.8 17.0 71.0 2.0 69.0 0.0 171.9935
16:42:00 13.0 187.0 173.23 172.0 172.06 171.98 171.98 38.0 171.8 17.0 187.0 1.0 186.0 0.0 171.9929
16:43:00 38.0 871.0 173.23 171.96 172.04 171.89 171.88 431.0 171.8 17.0 871.0 2.0 869.0 0.0 171.9403
16:44:00 6.0 17.0 173.23 171.89 172.0 171.87 171.89 385.0 171.8 17.0 17.0 10.0 7.0 0.0 171.9488
16:45:00 19.0 657.0 173.23 172.04 172.05 171.89 171.9 137.0 171.8 17.0 657.0 178.0 479.0 0.0 172.0013
16:46:00 14.0 499.0 173.23 171.96 171.96 171.89 171.89 1.0 171.8 17.0 499.0 0.0 499.0 0.0 171.8927
16:47:00 8.0 43.0 173.23 171.9 171.9 171.87 171.9 63.0 171.8 17.0 43.0 0.0 43.0 0.0 171.8947
16:48:00 30.0 266.0 173.23 172.02 172.02 171.9 172.0 343.0 171.8 17.0 266.0 229.0 37.0 0.0 171.986
16:49:00 18.0 411.0 173.23 172.0 172.02 172.0 172.0 52.0 171.8 17.0 411.0 28.0 383.0 0.0 172.0014
16:50:00 15.0 176.0 173.23 172.02 172.02 171.99 171.99 210.0 171.8 17.0 176.0 11.0 165.0 0.0 171.9956
16:51:00 14.0 601.0 173.23 171.97 172.0 171.93 171.9 489.0 171.8 17.0 601.0 302.0 299.0 0.0 171.9713
16:52:00 15.0 815.0 173.23 171.92 171.97 171.91 171.9 490.0 171.8 17.0 815.0 814.0 1.0 0.0 171.9353
16:53:00 13.0 1247.0 173.23 171.98 171.98 171.87 171.92 782.0 171.8 17.0 1247.0 1238.0 9.0 0.0 171.9497
16:54:00 25.0 1126.0 173.23 171.98 172.06 171.85 171.95 192.0 171.8 17.0 1126.0 1032.0 94.0 0.0 172.0225
16:55:00 28.0 939.0 173.23 172.02 172.04 171.95 171.95 284.0 171.8 17.0 939.0 5.0 934.0 0.0 171.9622
16:56:00 7.0 92.0 173.23 172.0 172.02 172.0 171.96 387.0 171.8 17.0 92.0 3.0 89.0 0.0 172.0
16:57:00 28.0 913.0 173.23 172.05 172.06 171.96 172.0 143.0 171.8 17.0 913.0 768.0 145.0 0.0 172.0323
16:58:00 3.0 151.0 173.23 172.05 172.05 172.01 172.01 291.0 171.8 17.0 151.0 1.0 150.0 0.0 172.0103
16:59:00 8.0 205.0 173.23 172.01 172.02 172.01 172.01 583.0 171.8 17.0 205.0 3.0 202.0 0.0 172.0101
17:00:00 35.0 2504.0 173.23 172.01 172.05 172.0 172.01 2.0 171.8 17.0 2504.0 1.0 2503.0 0.0 172.0093
