time trade_count trade_volume trade_first trade_last trade_high trade_low bid_price bid_size ask_price ask_size hid_vol buy_vol sell_vol unsided_vol vwap
09:00:00 nan 5922.0 164.89 164.89 164.89 164.8 164.89 381.0 164.92 315.0 5922.0 2637.0 3285.0 0.0 164.8535
09:01:00 34.0 581.0 164.89 164.88 164.9 164.87 164.86 400.0 164.89 6.0 581.0 302.0 279.0 0.0 164.8916
09:02:00 130.0 5974.0 164.89 164.88 164.94 164.82 164.86 280.0 164.89 487.0 5974.0 3580.0 2394.0 0.0 164.8737
09:03:00 64.0 3406.0 164.89 164.84 164.9 164.84 164.84 601.0 164.85 190.0 3406.0 1155.0 2251.0 0.0 164.8531
09:04:00 63.0 1823.0 164.89 164.84 164.85 164.81 164.83 2.0 164.85 98.0 1823.0 966.0 857.0 0.0 164.8389
09:05:00 77.0 6390.0 164.89 164.83 164.92 164.81 164.81 300.0 164.83 200.0 6390.0 5607.0 783.0 0.0 164.8648
09:06:00 73.0 1595.0 164.89 164.78 164.86 164.78 164.78 5.0 164.79 705.0 1595.0 786.0 809.0 0.0 164.8196
09:07:00 181.0 4851.0 164.89 164.65 164.83 164.65 164.63 12.0 164.67 9437.0 4851.0 1233.0 3618.0 0.0 164.7404
09:08:00 96.0 12022.0 164.89 164.71 164.79 164.64 164.64 1748.0 164.73 145.0 12022.0 9674.0 2348.0 0.0 164.6759
09:09:00 170.0 8435.0 164.89 164.61 164.66 164.57 164.62 50.0 164.63 91.0 8435.0 3811.0 4624.0 0.0 164.6288
09:10:00 123.0 6023.0 164.89 164.6 164.65 164.6 164.58 200.0 164.63 600.0 6023.0 4239.0 1784.0 0.0 164.6343
09:11:00 73.0 5263.0 164.89 164.62 164.64 164.56 164.62 272.0 164.63 3.0 5263.0 1614.0 3649.0 0.0 164.5965
09:12:00 161.0 13438.0 164.89 164.59 164.65 164.59 164.58 105.0 164.62 1200.0 13438.0 9416.0 4022.0 0.0 164.6407
09:13:00 94.0 5625.0 164.89 164.65 164.65 164.59 164.63 1382.0 164.65 400.0 5625.0 3709.0 1916.0 0.0 164.6336
09:14:00 195.0 13282.0 164.89 164.64 164.7 164.64 164.64 11.0 164.65 1190.0 13282.0 12594.0 688.0 0.0 164.6498
09:15:00 270.0 13104.0 164.89 164.41 164.64 164.41 164.43 1.0 164.44 37.0 13104.0 437.0 12667.0 0.0 164.526
09:16:00 143.0 3575.0 164.89 164.58 164.6 164.43 164.53 382.0 164.57 91.0 3575.0 2705.0 870.0 0.0 164.5217
09:17:00 239.0 10108.0 164.89 164.32 164.56 164.29 164.27 100.0 164.32 90.0 10108.0 1158.0 8950.0 0.0 164.4452
09:18:00 163.0 4692.0 164.89 164.34 164.44 164.25 164.34 1092.0 164.4 741.0 4692.0 3021.0 1671.0 0.0 164.3284
09:19:00 137.0 7776.0 164.89 164.44 164.45 164.37 164.4 890.0 164.44 376.0 7776.0 5546.0 2230.0 0.0 164.4207
09:20:00 131.0 5748.0 164.89 164.47 164.52 164.4 164.46 141.0 164.49 605.0 5748.0 2641.0 3107.0 0.0 164.4339
09:21:00 316.0 20459.0 164.89 164.63 164.65 164.47 164.58 500.0 164.63 25.0 20459.0 15583.0 4876.0 0.0 164.6028
09:22:00 144.0 6665.0 164.89 164.65 164.65 164.57 164.62 500.0 164.65 586.0 6665.0 5274.0 1391.0 0.0 164.6394
09:23:00 127.0 5639.0 164.89 164.63 164.63 164.55 164.6 51.0 164.63 889.0 5639.0 4975.0 664.0 0.0 164.6051
09:24:00 147.0 4737.0 164.89 164.53 164.64 164.5 164.51 200.0 164.54 200.0 4737.0 2462.0 2275.0 0.0 164.587
09:25:00 214.0 8580.0 164.89 164.39 164.58 164.39 164.38 384.0 164.48 400.0 8580.0 3815.0 4765.0 0.0 164.5111
09:26:00 962.0 50079.0 164.89 164.02 164.45 163.88 164.02 900.0 164.1 4.0 50079.0 16114.0 33965.0 0.0 164.0811
09:27:00 62.0 5224.0 164.89 164.1 164.19 164.02 164.15 730.0 164.25 201.0 5224.0 428.0 4796.0 0.0 164.0528
09:28:00 226.0 18975.0 164.89 164.48 164.6 164.14 164.37 551.0 164.49 570.0 18975.0 13571.0 5404.0 0.0 164.4542
09:29:00 242.0 14248.0 164.89 164.39 164.49 164.13 164.39 152.0 164.4 2168.0 14248.0 7252.0 6996.0 0.0 164.3656
09:30:00 86.0 8860.0 164.89 164.49 164.49 164.33 164.49 4067.0 164.5 5601.0 8860.0 7390.0 1470.0 0.0 164.4279
09:31:00 4594.0 265245.0 164.89 164.96 165.03 164.16 164.93 350.0 164.96 800.0 265245.0 133417.0 131828.0 0.0 164.7535
09:32:00 2525.0 187441.0 164.89 165.0 165.17 164.74 164.99 250.0 165.02 2100.0 187441.0 71509.0 115932.0 0.0 165.0029
09:33:00 1919.0 143731.0 164.89 165.22 165.32 164.99 165.22 1354.0 165.24 436.0 143731.0 66079.0 77652.0 0.0 165.1878
09:34:00 2339.0 180969.0 164.89 165.32 165.32 164.95 165.3 970.0 165.32 889.0 180969.0 75243.0 105726.0 0.0 165.1204
09:35:00 1784.0 140438.0 164.89 165.29 165.4 165.03 165.28 186.0 165.29 297.0 140438.0 62524.0 77914.0 0.0 165.2253
09:36:00 1792.0 141995.0 164.89 165.42 165.48 165.19 165.41 100.0 165.42 120.0 141995.0 72691.0 69304.0 0.0 165.3381
09:37:00 2023.0 159242.0 164.89 165.46 165.55 165.29 165.44 602.0 165.46 300.0 159242.0 67314.0 91928.0 0.0 165.4286
09:38:00 1668.0 127522.0 164.89 165.27 165.53 165.25 165.26 1476.0 165.28 700.0 127522.0 57024.0 70498.0 0.0 165.4338
09:39:00 1997.0 174575.0 164.89 165.18 165.41 165.11 165.18 700.0 165.19 100.0 174575.0 89122.0 85453.0 0.0 165.2458
09:40:00 2045.0 153457.0 164.89 165.13 165.2 164.96 165.13 1200.0 165.14 235.0 153457.0 77118.0 76339.0 0.0 165.0932
09:41:00 2448.0 172907.0 164.89 164.98 165.21 164.92 164.98 37.0 164.99 1300.0 172907.0 81257.0 91650.0 0.0 165.0594
09:42:00 1879.0 159798.0 164.89 164.92 164.99 164.77 164.91 500.0 164.92 1100.0 159798.0 73983.0 85815.0 0.0 164.896
09:43:00 1737.0 153450.0 164.89 164.71 165.09 164.62 164.7 1215.0 164.71 1500.0 153450.0 78463.0 74987.0 0.0 164.8606
09:44:00 1352.0 102990.0 164.89 164.96 165.0 164.71 164.96 1776.0 164.98 1300.0 102990.0 59046.0 43944.0 0.0 164.8749
09:45:00 1681.0 129614.0 164.89 164.86 165.09 164.7 164.86 310.0 164.87 300.0 129614.0 66222.0 63392.0 0.0 164.8775
09:46:00 2097.0 154383.0 164.89 164.53 164.95 164.48 164.51 1021.0 164.53 2510.0 154383.0 66374.0 88009.0 0.0 164.6832
09:47:00 2230.0 179947.0 164.89 164.33 164.52 164.2 164.31 1000.0 164.32 49.0 179947.0 89449.0 90498.0 0.0 164.3598
09:48:00 1312.0 111650.0 164.89 164.31 164.38 164.23 164.3 500.0 164.32 1757.0 111650.0 59290.0 52360.0 0.0 164.2988
09:49:00 1530.0 124956.0 164.89 164.34 164.46 164.23 164.35 300.0 164.36 185.0 124956.0 57803.0 67153.0 0.0 164.3231
09:50:00 971.0 71942.0 164.89 164.32 164.46 164.23 164.31 1185.0 164.32 500.0 71942.0 30355.0 41587.0 0.0 164.3565
09:51:00 2142.0 151357.0 164.89 164.25 164.47 164.19 164.25 2308.0 164.27 470.0 151357.0 68910.0 82447.0 0.0 164.3214
09:52:00 1716.0 142885.0 164.89 164.17 164.34 164.075 164.16 1362.0 164.18 1075.0 142885.0 63385.0 79500.0 0.0 164.1898
09:53:00 1209.0 88092.0 164.89 164.45 164.45 164.18 164.43 1111.0 164.44 430.0 88092.0 47083.0 41009.0 0.0 164.3421
09:54:00 1138.0 72917.0 164.89 164.53 164.53 164.32 164.53 1100.0 164.54 1700.0 72917.0 25433.0 47484.0 0.0 164.4104
09:55:00 1125.0 80889.0 164.89 164.52 164.58 164.31 164.51 800.0 164.53 1890.0 80889.0 32189.0 48700.0 0.0 164.4627
09:56:00 1047.0 78144.0 164.89 164.42 164.54 164.351 164.42 338.0 164.43 100.0 78144.0 28695.0 49449.0 0.0 164.4365
09:57:00 922.0 63922.0 164.89 164.49 164.63 164.33 164.49 1025.0 164.5 1000.0 63922.0 28850.0 35072.0 0.0 164.5031
09:58:00 924.0 69601.0 164.89 164.62 164.66 164.48 164.61 800.0 164.62 100.0 69601.0 31423.0 38178.0 0.0 164.5921
09:59:00 1499.0 127667.0 164.89 164.88 164.97 164.62 164.87 201.0 164.88 576.0 127667.0 75213.0 52454.0 0.0 164.8371
10:00:00 1759.0 143757.0 164.89 165.04 165.18 164.88 165.02 1705.0 165.04 976.0 143757.0 72306.0 71451.0 0.0 165.0673
10:01:00 1668.0 122658.0 164.89 165.15 165.16 164.94 165.15 100.0 165.16 1296.0 122658.0 63575.0 59083.0 0.0 165.0662
10:02:00 1300.0 109555.0 164.89 165.11 165.31 165.08 165.11 102.0 165.12 972.0 109555.0 63315.0 46240.0 0.0 165.2
10:03:00 1476.0 91824.0 164.89 165.02 165.11 164.955 165.02 889.0 165.03 100.0 91824.0 36244.0 55580.0 0.0 165.0224
10:04:00 1326.0 91601.0 164.89 164.91 165.09 164.89 164.92 100.0 164.93 874.0 91601.0 45319.0 46282.0 0.0 164.9837
10:05:00 1122.0 79704.0 164.89 165.02 165.125 164.88 165.01 777.0 165.02 400.0 79704.0 42091.0 37613.0 0.0 165.0258
10:06:00 1325.0 91198.0 164.89 165.0 165.06 164.87 165.0 1482.0 165.01 300.0 91198.0 36860.0 54338.0 0.0 164.9858
10:07:00 1238.0 76816.0 164.89 164.85 165.06 164.82 164.85 176.0 164.86 1788.0 76816.0 30243.0 46573.0 0.0 164.9458
10:08:00 1185.0 79103.0 164.89 164.61 164.87 164.61 164.6 697.0 164.62 1673.0 79103.0 20521.0 58582.0 0.0 164.738
10:09:00 1224.0 79482.0 164.89 164.59 164.68 164.55 164.59 1384.0 164.6 600.0 79482.0 38974.0 40508.0 0.0 164.6068
10:10:00 1267.0 86310.0 164.89 164.69 164.74 164.545 164.68 2977.0 164.7 3811.0 86310.0 43007.0 43303.0 0.0 164.6607
10:11:00 1404.0 99976.0 164.89 164.65 164.83 164.58 164.64 394.0 164.65 800.0 99976.0 51177.0 48799.0 0.0 164.7164
10:12:00 1892.0 130366.0 164.89 164.4 164.65 164.33 164.39 1634.0 164.4 1100.0 130366.0 49038.0 81328.0 0.0 164.4464
10:13:00 1736.0 138703.0 164.89 164.33 164.44 164.29 164.33 2.0 164.34 2006.0 138703.0 74415.0 64288.0 0.0 164.3581
10:14:00 1306.0 90689.0 164.89 164.26 164.4 164.25 164.25 1039.0 164.26 301.0 90689.0 45489.0 45200.0 0.0 164.3174
10:15:00 5241.0 361596.0 164.89 163.76 164.37 163.71 163.73 1622.0 163.75 266.0 361596.0 120363.0 241233.0 0.0 164.0726
10:16:00 3640.0 243828.0 164.89 163.43 163.78 163.41 163.43 884.0 163.44 915.0 243828.0 144891.0 98937.0 0.0 163.596
10:17:00 2964.0 225907.0 164.89 163.25 163.61 163.21 163.24 1056.0 163.26 1300.0 225907.0 135932.0 89975.0 0.0 163.4121
10:18:00 1543.0 103029.0 164.89 163.23 163.3 163.1 163.22 3095.0 163.23 400.0 103029.0 51183.0 51846.0 0.0 163.1776
10:19:00 1606.0 107545.0 164.89 163.27 163.36 163.09 163.26 51.0 163.27 1442.0 107545.0 62942.0 44603.0 0.0 163.2318
10:20:00 3448.0 189636.0 164.89 163.15 163.27 162.95 163.14 823.0 163.15 300.0 189636.0 57523.0 132113.0 0.0 163.0665
10:21:00 980.0 75098.0 164.89 163.18 163.2 162.99 163.17 200.0 163.18 3333.0 75098.0 39629.0 35469.0 0.0 163.0609
10:22:00 1871.0 146921.0 164.89 163.41 163.42 163.16 163.41 300.0 163.42 1931.0 146921.0 84380.0 62541.0 0.0 163.2807
10:23:00 1456.0 110195.0 164.89 163.65 163.69 163.33 163.61 100.0 163.62 148.0 110195.0 60640.0 49555.0 0.0 163.572
10:24:00 892.0 90953.0 164.89 163.61 163.72 163.56 163.6 450.0 163.61 1.0 90953.0 34783.0 56170.0 0.0 163.6346
10:25:00 924.0 66220.0 164.89 163.55 163.65 163.53 163.54 1967.0 163.56 1276.0 66220.0 32575.0 33645.0 0.0 163.603
10:26:00 1502.0 133741.0 164.89 163.62 163.76 163.49 163.62 200.0 163.63 676.0 133741.0 75334.0 58407.0 0.0 163.6421
10:27:00 1249.0 93594.0 164.89 163.49 163.66 163.47 163.48 2802.0 163.49 100.0 93594.0 39787.0 53807.0 0.0 163.5681
10:28:00 1341.0 86737.0 164.89 163.43 163.55 163.34 163.43 1561.0 163.44 500.0 86737.0 48246.0 38491.0 0.0 163.432
10:29:00 1542.0 102228.0 164.89 163.23 163.44 163.14 163.23 503.0 163.24 2405.0 102228.0 45709.0 56519.0 0.0 163.2504
10:30:00 1391.0 106159.0 164.89 163.31 163.38 163.17 163.31 1354.0 163.33 2469.0 106159.0 68798.0 37361.0 0.0 163.2721
10:31:00 1437.0 102871.0 164.89 163.18 163.36 163.16 163.18 500.0 163.19 514.0 102871.0 51005.0 51866.0 0.0 163.2452
10:32:00 2191.0 135933.0 164.89 162.98 163.23 162.84 162.98 68.0 162.99 995.0 135933.0 51685.0 84248.0 0.0 162.9929
10:33:00 1733.0 120417.0 164.89 162.85 163.04 162.76 162.84 2050.0 162.86 1935.0 120417.0 60483.0 59934.0 0.0 162.8961
10:34:00 2452.0 184290.0 164.89 162.99 163.06 162.72 162.98 612.0 162.99 668.0 184290.0 95642.0 88648.0 0.0 162.8525
10:35:00 1324.0 85304.0 164.89 162.93 163.08 162.85 162.91 2483.0 162.93 1219.0 85304.0 42326.0 42978.0 0.0 162.9362
10:36:00 1007.0 65439.0 164.89 163.02 163.08 162.91 163.01 893.0 163.02 800.0 65439.0 32878.0 32561.0 0.0 162.9959
10:37:00 1788.0 124001.0 164.89 163.25 163.3 163.01 163.24 852.0 163.25 300.0 124001.0 69988.0 54013.0 0.0 163.1462
10:38:00 1477.0 112663.0 164.89 163.43 163.44 163.23 163.42 1510.0 163.44 1077.0 112663.0 57086.0 55577.0 0.0 163.3255
10:39:00 1582.0 126050.0 164.89 163.14 163.53 163.12 163.13 1197.0 163.14 200.0 126050.0 60095.0 65955.0 0.0 163.2778
10:40:00 1347.0 101540.0 164.89 162.9 163.16 162.88 162.9 1067.0 162.91 400.0 101540.0 53352.0 48188.0 0.0 163.0245
10:41:00 1954.0 143799.0 164.89 162.7 163.02 162.65 162.7 348.0 162.71 320.0 143799.0 71490.0 72309.0 0.0 162.8293
10:42:00 1391.0 96892.0 164.89 162.68 162.82 162.62 162.67 1959.0 162.68 200.0 96892.0 53952.0 42940.0 0.0 162.7187
10:43:00 985.0 69019.0 164.89 162.68 162.81 162.66 162.68 100.0 162.69 1377.0 69019.0 31216.0 37803.0 0.0 162.7392
10:44:00 1352.0 87616.0 164.89 162.8 162.95 162.62 162.8 214.0 162.81 480.0 87616.0 50578.0 37038.0 0.0 162.7484
10:45:00 855.0 56406.0 164.89 162.78 162.89 162.73 162.78 170.0 162.79 1158.0 56406.0 25272.0 31134.0 0.0 162.8207
10:46:00 2503.0 147791.0 164.89 162.53 162.79 162.42 162.52 400.0 162.53 800.0 147791.0 48685.0 99106.0 0.0 162.5498
10:47:00 1544.0 133147.0 164.89 162.589 162.65 162.49 162.58 20.0 162.59 799.0 133147.0 80428.0 52719.0 0.0 162.5617
10:48:00 2615.0 163479.0 164.89 162.37 162.63 162.22 162.37 1200.0 162.38 1185.0 163479.0 98625.0 64854.0 0.0 162.3714
10:49:00 1857.0 147010.0 164.89 162.71 162.8 162.38 162.71 300.0 162.72 201.0 147010.0 88166.0 58844.0 0.0 162.5586
10:50:00 1376.0 103289.0 164.89 162.58 162.8 162.51 162.57 807.0 162.58 422.0 103289.0 43067.0 60222.0 0.0 162.6187
10:51:00 1694.0 116587.0 164.89 162.45 162.56 162.37 162.45 479.0 162.47 3285.0 116587.0 48157.0 68430.0 0.0 162.4591
10:52:00 661.0 42865.0 164.89 162.59 162.59 162.43 162.58 1600.0 162.6 3106.0 42865.0 23783.0 19082.0 0.0 162.5118
10:53:00 886.0 49495.0 164.89 162.54 162.65 162.5 162.52 2393.0 162.53 10.0 49495.0 23306.0 26189.0 0.0 162.581
10:54:00 1109.0 66099.0 164.89 162.66 162.68 162.53 162.66 1176.0 162.67 786.0 66099.0 40633.0 25466.0 0.0 162.5972
10:55:00 1013.0 81523.0 164.89 162.61 162.73 162.57 162.6 1937.0 162.61 201.0 81523.0 41606.0 39917.0 0.0 162.6652
10:56:00 1214.0 89595.0 164.89 162.64 162.69 162.49 162.63 716.0 162.64 500.0 89595.0 37433.0 52162.0 0.0 162.5767
10:57:00 767.0 47021.0 164.89 162.65 162.689 162.54 162.65 369.0 162.66 2304.0 47021.0 22080.0 24941.0 0.0 162.6127
10:58:00 1041.0 70798.0 164.89 162.45 162.65 162.44 162.45 371.0 162.46 2132.0 70798.0 27793.0 43005.0 0.0 162.5102
10:59:00 909.0 68484.0 164.89 162.44 162.58 162.395 162.44 1006.0 162.45 39.0 68484.0 25589.0 42895.0 0.0 162.4548
11:00:00 814.0 49871.0 164.89 162.59 162.6 162.44 162.58 1202.0 162.59 837.0 49871.0 24548.0 25323.0 0.0 162.5283
11:01:00 1260.0 107557.0 164.89 162.71 162.71 162.47 162.7 2.0 162.71 3570.0 107557.0 52719.0 54838.0 0.0 162.5839
11:02:00 886.0 65549.0 164.89 162.69 162.78 162.62 162.68 2852.0 162.69 99.0 65549.0 33582.0 31967.0 0.0 162.7015
11:03:00 782.0 59564.0 164.89 162.53 162.74 162.53 162.53 2901.0 162.55 2840.0 59564.0 30010.0 29554.0 0.0 162.6215
11:04:00 826.0 63537.0 164.89 162.6 162.6 162.441 162.59 1318.0 162.6 1523.0 63537.0 30157.0 33380.0 0.0 162.5242
11:05:00 1073.0 76014.0 164.89 162.53 162.66 162.48 162.53 1600.0 162.54 207.0 76014.0 30922.0 45092.0 0.0 162.5717
11:06:00 622.0 43783.0 164.89 162.6 162.6 162.45 162.59 200.0 162.6 2202.0 43783.0 23608.0 20175.0 0.0 162.528
11:07:00 695.0 49326.0 164.89 162.59 162.67 162.52 162.59 236.0 162.6 1063.0 49326.0 17727.0 31599.0 0.0 162.6003
11:08:00 816.0 59448.0 164.89 162.555 162.65 162.51 162.55 734.0 162.56 1200.0 59448.0 27373.0 32075.0 0.0 162.5796
11:09:00 910.0 68067.0 164.89 162.69 162.785 162.45 162.69 38.0 162.7 2254.0 68067.0 31621.0 36446.0 0.0 162.6654
11:10:00 769.0 58651.0 164.89 162.5 162.74 162.5 162.5 7903.0 162.52 2241.0 58651.0 29285.0 29366.0 0.0 162.6219
11:11:00 1094.0 72995.0 164.89 162.36 162.52 162.35 162.35 1505.0 162.36 501.0 72995.0 34580.0 38415.0 0.0 162.4302
11:12:00 1609.0 110101.0 164.89 162.21 162.41 162.14 162.2 1697.0 162.21 400.0 110101.0 40453.0 69648.0 0.0 162.2518
11:13:00 867.0 58140.0 164.89 162.24 162.29 162.21 162.24 478.0 162.25 1830.0 58140.0 26724.0 31416.0 0.0 162.2499
11:14:00 936.0 72130.0 164.89 162.24 162.38 162.22 162.23 2660.0 162.24 600.0 72130.0 40459.0 31671.0 0.0 162.2861
11:15:00 1316.0 107713.0 164.89 162.4 162.42 162.24 162.4 1175.0 162.41 1223.0 107713.0 61038.0 46675.0 0.0 162.3453
11:16:00 1331.0 96851.0 164.89 162.4 162.44 162.26 162.39 220.0 162.4 1301.0 96851.0 49119.0 47732.0 0.0 162.3661
11:17:00 2166.0 172537.0 164.89 162.61 162.61 162.3 162.6 1177.0 162.61 1206.0 172537.0 76524.0 96013.0 0.0 162.4484
11:18:00 1204.0 88523.0 164.89 162.63 162.68 162.495 162.62 1517.0 162.63 1004.0 88523.0 40375.0 48148.0 0.0 162.5812
11:19:00 838.0 59804.0 164.89 162.74 162.755 162.59 162.74 200.0 162.75 1892.0 59804.0 33819.0 25985.0 0.0 162.6845
11:20:00 842.0 68556.0 164.89 162.58 162.79 162.58 162.58 186.0 162.59 1961.0 68556.0 29000.0 39556.0 0.0 162.7146
11:21:00 2233.0 166590.0 164.89 162.15 162.58 162.14 162.13 1404.0 162.15 878.0 166590.0 62244.0 104346.0 0.0 162.3202
11:22:00 1011.0 90960.0 164.89 162.16 162.2 162.1 162.15 1203.0 162.16 396.0 90960.0 43153.0 47807.0 0.0 162.1447
11:23:00 846.0 53210.0 164.89 162.31 162.31 162.15 162.31 277.0 162.32 2702.0 53210.0 26975.0 26235.0 0.0 162.2333
11:24:00 1110.0 84262.0 164.89 162.6 162.61 162.29 162.6 470.0 162.61 901.0 84262.0 47549.0 36713.0 0.0 162.475
11:25:00 908.0 65538.0 164.89 162.53 162.6 162.45 162.52 156.0 162.53 1289.0 65538.0 26214.0 39324.0 0.0 162.5244
11:26:00 883.0 64351.0 164.89 162.38 162.52 162.32 162.38 450.0 162.39 1508.0 64351.0 24421.0 39930.0 0.0 162.4044
11:27:00 986.0 73963.0 164.89 162.52 162.56 162.38 162.51 450.0 162.52 1604.0 73963.0 35014.0 38949.0 0.0 162.4759
11:28:00 1014.0 79071.0 164.89 162.53 162.65 162.51 162.51 2924.0 162.53 1007.0 79071.0 38841.0 40230.0 0.0 162.5934
11:29:00 592.0 40241.0 164.89 162.64 162.72 162.49 162.63 1807.0 162.65 2193.0 40241.0 19806.0 20435.0 0.0 162.6128
11:30:00 1148.0 76067.0 164.89 162.55 162.68 162.54 162.54 1686.0 162.55 1.0 76067.0 35307.0 40760.0 0.0 162.5958
11:31:00 1024.0 77107.0 164.89 162.48 162.66 162.47 162.48 300.0 162.49 3116.0 77107.0 30062.0 47045.0 0.0 162.5473
11:32:00 930.0 63297.0 164.89 162.37 162.5 162.26 162.36 1476.0 162.37 1221.0 63297.0 29434.0 33863.0 0.0 162.3882
11:33:00 634.0 47978.0 164.89 162.33 162.4 162.26 162.33 200.0 162.34 2798.0 47978.0 18692.0 29286.0 0.0 162.3069
11:34:00 684.0 48030.0 164.89 162.45 162.5 162.32 162.45 110.0 162.46 2500.0 48030.0 27147.0 20883.0 0.0 162.4253
11:35:00 836.0 65340.0 164.89 162.54 162.62 162.44 162.54 800.0 162.55 402.0 65340.0 33943.0 31397.0 0.0 162.5445
11:36:00 926.0 60896.0 164.89 162.3 162.64 162.3 162.3 200.0 162.31 1321.0 60896.0 22112.0 38784.0 0.0 162.4721
11:37:00 548.0 43184.0 164.89 162.44 162.5 162.3 162.43 689.0 162.44 1000.0 43184.0 19606.0 23578.0 0.0 162.404
11:38:00 667.0 45784.0 164.89 162.41 162.52 162.31 162.41 600.0 162.42 2030.0 45784.0 20919.0 24865.0 0.0 162.4162
11:39:00 1140.0 86012.0 164.89 162.64 162.68 162.405 162.64 479.0 162.65 2955.0 86012.0 45563.0 40449.0 0.0 162.5591
11:40:00 1764.0 143393.0 164.89 162.9 162.99 162.59 162.88 800.0 162.89 1276.0 143393.0 72886.0 70507.0 0.0 162.8318
11:41:00 857.0 72944.0 164.89 162.7 162.9 162.68 162.69 300.0 162.7 2300.0 72944.0 27196.0 45748.0 0.0 162.799
11:42:00 1234.0 99126.0 164.89 162.84 163.0 162.67 162.84 700.0 162.85 376.0 99126.0 56106.0 43020.0 0.0 162.8252
11:43:00 746.0 61596.0 164.89 162.7 162.9 162.69 162.7 1060.0 162.71 660.0 61596.0 18576.0 43020.0 0.0 162.79
11:44:00 652.0 50449.0 164.89 162.74 162.85 162.69 162.73 914.0 162.74 700.0 50449.0 25670.0 24779.0 0.0 162.7685
11:45:00 682.0 48079.0 164.89 162.825 162.825 162.62 162.82 1608.0 162.83 1106.0 48079.0 22138.0 25941.0 0.0 162.6793
11:46:00 795.0 71437.0 164.89 162.9 162.975 162.74 162.89 2863.0 162.91 2400.0 71437.0 36607.0 34830.0 0.0 162.8884
11:47:00 713.0 51998.0 164.89 162.86 162.91 162.8 162.85 914.0 162.86 1100.0 51998.0 19403.0 32595.0 0.0 162.8447
11:48:00 679.0 56095.0 164.89 162.86 162.93 162.74 162.86 900.0 162.87 882.0 56095.0 24376.0 31719.0 0.0 162.8401
11:49:00 1175.0 106299.0 164.89 163.08 163.13 162.84 163.07 1000.0 163.08 876.0 106299.0 64333.0 41966.0 0.0 163.0204
11:50:00 823.0 78721.0 164.89 163.11 163.13 162.97 163.11 100.0 163.12 5803.0 78721.0 28497.0 50224.0 0.0 163.039
11:51:00 764.0 62808.0 164.89 163.06 163.16 163.03 163.05 107.0 163.06 1599.0 62808.0 25187.0 37621.0 0.0 163.0872
11:52:00 834.0 62635.0 164.89 163.05 163.11 162.99 163.05 400.0 163.06 4281.0 62635.0 22377.0 40258.0 0.0 163.0407
11:53:00 666.0 57091.0 164.89 162.99 163.05 162.85 162.98 1267.0 162.99 2256.0 57091.0 19374.0 37717.0 0.0 162.938
11:54:00 1178.0 97248.0 164.89 162.855 163.04 162.855 162.85 2823.0 162.86 300.0 97248.0 37567.0 59681.0 0.0 162.9716
11:55:00 931.0 47287.0 164.89 162.83 162.855 162.78 162.81 1983.0 162.83 1336.0 47287.0 16490.0 30797.0 0.0 162.821
11:56:00 864.0 73680.0 164.89 162.74 162.92 162.72 162.74 100.0 162.75 3702.0 73680.0 31531.0 42149.0 0.0 162.802
11:57:00 437.0 34953.0 164.89 162.79 162.81 162.74 162.78 1277.0 162.79 903.0 34953.0 16797.0 18156.0 0.0 162.7723
11:58:00 821.0 70585.0 164.89 162.7 162.88 162.68 162.7 1324.0 162.71 110.0 70585.0 30436.0 40149.0 0.0 162.7591
11:59:00 690.0 40971.0 164.89 162.695 162.76 162.64 162.71 200.0 162.72 1241.0 40971.0 17182.0 23789.0 0.0 162.7027
12:00:00 583.0 48196.0 164.89 162.76 162.81 162.69 162.76 2276.0 162.77 500.0 48196.0 23611.0 24585.0 0.0 162.7614
12:01:00 849.0 62753.0 164.89 162.62 162.85 162.57 162.61 500.0 162.62 1026.0 62753.0 21841.0 40912.0 0.0 162.6719
12:02:00 540.0 35591.0 164.89 162.64 162.65 162.57 162.64 403.0 162.65 1122.0 35591.0 17484.0 18107.0 0.0 162.6043
12:03:00 522.0 38981.0 164.89 162.7 162.78 162.64 162.69 1014.0 162.7 500.0 38981.0 18691.0 20290.0 0.0 162.7048
12:04:00 663.0 48096.0 164.89 162.65 162.71 162.59 162.65 100.0 162.66 3054.0 48096.0 22013.0 26083.0 0.0 162.6553
12:05:00 482.0 34785.0 164.89 162.69 162.73 162.555 162.69 200.0 162.7 1580.0 34785.0 17137.0 17648.0 0.0 162.6572
12:06:00 624.0 44824.0 164.89 162.6 162.77 162.56 162.59 1883.0 162.6 500.0 44824.0 19248.0 25576.0 0.0 162.6535
12:07:00 766.0 57535.0 164.89 162.65 162.73 162.57 162.64 1708.0 162.65 300.0 57535.0 23520.0 34015.0 0.0 162.6554
12:08:00 1146.0 72324.0 164.89 162.56 162.66 162.49 162.56 1205.0 162.57 307.0 72324.0 22769.0 49555.0 0.0 162.5575
12:09:00 917.0 70109.0 164.89 162.675 162.73 162.56 162.67 900.0 162.68 2214.0 70109.0 37180.0 32929.0 0.0 162.6316
12:10:00 1486.0 137117.0 164.89 162.87 163.01 162.66 162.85 605.0 162.86 645.0 137117.0 83421.0 53696.0 0.0 162.865
12:11:00 1510.0 109264.0 164.89 163.04 163.08 162.81 163.04 1231.0 163.06 1811.0 109264.0 49745.0 59519.0 0.0 162.9625
12:12:00 1485.0 114910.0 164.89 163.36 163.38 163.02 163.35 1599.0 163.37 2978.0 114910.0 65296.0 49614.0 0.0 163.2419
12:13:00 1959.0 156703.0 164.89 163.35 163.59 163.33 163.34 776.0 163.35 300.0 156703.0 83140.0 73563.0 0.0 163.471
12:14:00 1120.0 97134.0 164.89 163.4 163.45 163.32 163.4 1976.0 163.41 354.0 97134.0 48485.0 48649.0 0.0 163.3911
12:15:00 995.0 76064.0 164.89 163.54 163.62 163.4 163.54 106.0 163.55 2112.0 76064.0 31616.0 44448.0 0.0 163.535
12:16:00 757.0 54261.0 164.89 163.505 163.58 163.44 163.5 601.0 163.51 900.0 54261.0 21564.0 32697.0 0.0 163.5042
12:17:00 1275.0 104761.0 164.89 163.63 163.7 163.49 163.62 1086.0 163.64 1903.0 104761.0 50581.0 54180.0 0.0 163.631
12:18:00 1574.0 116129.0 164.89 163.705 163.8 163.63 163.7 301.0 163.71 1864.0 116129.0 56285.0 59844.0 0.0 163.7104
12:19:00 1311.0 99843.0 164.89 163.58 163.81 163.58 163.58 1057.0 163.59 1400.0 99843.0 41603.0 58240.0 0.0 163.7061
12:20:00 1069.0 84215.0 164.89 163.4 163.62 163.4 163.4 200.0 163.41 700.0 84215.0 37641.0 46574.0 0.0 163.5203
12:21:00 1313.0 94794.0 164.89 163.32 163.52 163.28 163.31 897.0 163.33 1676.0 94794.0 46546.0 48248.0 0.0 163.3851
12:22:00 1030.0 82795.0 164.89 163.21 163.31 163.12 163.21 900.0 163.22 816.0 82795.0 34143.0 48652.0 0.0 163.1931
12:23:00 630.0 49341.0 164.89 163.28 163.33 163.17 163.26 1350.0 163.28 1875.0 49341.0 19717.0 29624.0 0.0 163.2592
12:24:00 515.0 35483.0 164.89 163.32 163.38 163.26 163.32 2134.0 163.34 2719.0 35483.0 15356.0 20127.0 0.0 163.3198
12:25:00 927.0 76240.0 164.89 163.32 163.45 163.29 163.31 200.0 163.32 3675.0 76240.0 31894.0 44346.0 0.0 163.3843
12:26:00 790.0 70627.0 164.89 163.28 163.31 163.16 163.28 300.0 163.29 3069.0 70627.0 23311.0 47316.0 0.0 163.2229
12:27:00 1004.0 68162.0 164.89 163.55 163.58 163.24 163.54 1800.0 163.55 100.0 68162.0 38569.0 29593.0 0.0 163.4206
12:28:00 822.0 66525.0 164.89 163.55 163.72 163.51 163.54 1729.0 163.56 2096.0 66525.0 29319.0 37206.0 0.0 163.6117
12:29:00 614.0 42108.0 164.89 163.67 163.68 163.44 163.66 703.0 163.67 1388.0 42108.0 18367.0 23741.0 0.0 163.5724
12:30:00 937.0 70717.0 164.89 163.71 163.805 163.62 163.7 451.0 163.71 1428.0 70717.0 32203.0 38514.0 0.0 163.7253
12:31:00 938.0 79373.0 164.89 163.78 163.82 163.62 163.76 1292.0 163.78 1500.0 79373.0 40872.0 38501.0 0.0 163.7165
12:32:00 682.0 55384.0 164.89 163.85 163.86 163.75 163.83 1276.0 163.84 1030.0 55384.0 24038.0 31346.0 0.0 163.8018
12:33:00 958.0 80160.0 164.89 163.73 163.9 163.71 163.72 1500.0 163.73 524.0 80160.0 39480.0 40680.0 0.0 163.8153
12:34:00 666.0 55845.0 164.89 163.6 163.75 163.53 163.6 5.0 163.61 2078.0 55845.0 20890.0 34955.0 0.0 163.6258
12:35:00 711.0 57078.0 164.89 163.53 163.63 163.5 163.51 300.0 163.52 2020.0 57078.0 18002.0 39076.0 0.0 163.57
12:36:00 698.0 47260.0 164.89 163.64 163.7 163.49 163.62 2254.0 163.64 2254.0 47260.0 22867.0 24393.0 0.0 163.6376
12:37:00 529.0 39948.0 164.89 163.54 163.74 163.51 163.54 203.0 163.55 3327.0 39948.0 15976.0 23972.0 0.0 163.6151
12:38:00 615.0 38262.0 164.89 163.425 163.54 163.41 163.42 604.0 163.43 1744.0 38262.0 13904.0 24358.0 0.0 163.4815
12:39:00 598.0 39570.0 164.89 163.39 163.53 163.39 163.39 705.0 163.4 1010.0 39570.0 17564.0 22006.0 0.0 163.4602
12:40:00 1293.0 100134.0 164.89 163.53 163.59 163.4 163.52 1405.0 163.54 3303.0 100134.0 38651.0 61483.0 0.0 163.4899
12:41:00 956.0 75068.0 164.89 163.33 163.61 163.29 163.34 1867.0 163.36 3464.0 75068.0 32076.0 42992.0 0.0 163.4086
12:42:00 744.0 59654.0 164.89 163.44 163.48 163.3 163.44 1573.0 163.45 600.0 59654.0 34246.0 25408.0 0.0 163.3915
12:43:00 356.0 25644.0 164.89 163.48 163.55 163.42 163.48 205.0 163.49 3702.0 25644.0 11390.0 14254.0 0.0 163.463
12:44:00 451.0 33158.0 164.89 163.35 163.48 163.33 163.35 1240.0 163.36 1200.0 33158.0 13415.0 19743.0 0.0 163.4021
12:45:00 969.0 70984.0 164.89 163.27 163.42 163.23 163.26 903.0 163.27 1929.0 70984.0 30709.0 40275.0 0.0 163.3214
12:46:00 672.0 52329.0 164.89 163.26 163.33 163.18 163.26 310.0 163.27 1900.0 52329.0 21164.0 31165.0 0.0 163.2582
12:47:00 681.0 57912.0 164.89 163.22 163.3 163.12 163.2 1977.0 163.21 600.0 57912.0 25215.0 32697.0 0.0 163.216
12:48:00 789.0 62933.0 164.89 163.31 163.4 163.185 163.31 261.0 163.32 3370.0 62933.0 32860.0 30073.0 0.0 163.3165
12:49:00 1028.0 60192.0 164.89 163.26 163.43 163.17 163.25 200.0 163.26 2128.0 60192.0 29292.0 30900.0 0.0 163.3027
12:50:00 830.0 61390.0 164.89 163.41 163.44 163.26 163.4 800.0 163.41 2592.0 61390.0 27945.0 33445.0 0.0 163.3587
12:51:00 735.0 56102.0 164.89 163.4 163.52 163.33 163.39 2413.0 163.41 2456.0 56102.0 24443.0 31659.0 0.0 163.4211
12:52:00 544.0 40742.0 164.89 163.38 163.43 163.29 163.37 200.0 163.38 866.0 40742.0 17427.0 23315.0 0.0 163.3798
12:53:00 389.0 35958.0 164.89 163.46 163.46 163.33 163.46 1435.0 163.47 326.0 35958.0 15204.0 20754.0 0.0 163.3998
12:54:00 668.0 56273.0 164.89 163.6 163.61 163.4 163.6 300.0 163.61 2537.0 56273.0 30223.0 26050.0 0.0 163.5395
12:55:00 1073.0 74610.0 164.89 163.5 163.73 163.5 163.49 2376.0 163.51 1843.0 74610.0 34364.0 40246.0 0.0 163.6216
12:56:00 614.0 44763.0 164.89 163.66 163.7 163.49 163.66 400.0 163.67 1227.0 44763.0 23163.0 21600.0 0.0 163.6196
12:57:00 829.0 67485.0 164.89 163.7 163.82 163.63 163.69 28.0 163.7 1066.0 67485.0 37471.0 30014.0 0.0 163.7409
12:58:00 1145.0 92311.0 164.89 163.89 163.95 163.65 163.88 3254.0 163.9 1800.0 92311.0 48753.0 43558.0 0.0 163.8215
12:59:00 478.0 38590.0 164.89 163.79 163.925 163.76 163.79 1039.0 163.8 718.0 38590.0 14884.0 23706.0 0.0 163.8214
13:00:00 658.0 55150.0 164.89 163.68 163.805 163.65 163.68 1953.0 163.7 1891.0 55150.0 22458.0 32692.0 0.0 163.7091
13:01:00 1337.0 103954.0 164.89 163.94 164.06 163.69 163.93 300.0 163.94 1201.0 103954.0 62498.0 41456.0 0.0 163.9214
13:02:00 1105.0 86716.0 164.89 164.09 164.13 163.91 164.09 210.0 164.1 1950.0 86716.0 48807.0 37909.0 0.0 164.033
13:03:00 1008.0 75791.0 164.89 164.08 164.18 164.01 164.06 3104.0 164.08 1912.0 75791.0 35434.0 40357.0 0.0 164.093
13:04:00 735.0 61343.0 164.89 164.1 164.16 164.02 164.09 300.0 164.1 1625.0 61343.0 34061.0 27282.0 0.0 164.0718
13:05:00 791.0 65756.0 164.89 164.23 164.25 164.08 164.22 2187.0 164.24 1872.0 65756.0 38655.0 27101.0 0.0 164.1809
13:06:00 794.0 70228.0 164.89 164.17 164.28 164.09 164.17 202.0 164.18 2189.0 70228.0 31251.0 38977.0 0.0 164.1704
13:07:00 860.0 73426.0 164.89 164.24 164.32 164.18 164.24 600.0 164.25 1403.0 73426.0 39783.0 33643.0 0.0 164.2436
13:08:00 1265.0 100601.0 164.89 164.41 164.43 164.25 164.4 879.0 164.41 1788.0 100601.0 51150.0 49451.0 0.0 164.3501
13:09:00 703.0 66496.0 164.89 164.41 164.45 164.34 164.4 936.0 164.41 6242.0 66496.0 38718.0 27778.0 0.0 164.4055
13:10:00 572.0 41767.0 164.89 164.37 164.461 164.32 164.36 100.0 164.37 2919.0 41767.0 21828.0 19939.0 0.0 164.3946
13:11:00 1032.0 87718.0 164.89 164.145 164.39 164.14 164.14 821.0 164.15 537.0 87718.0 32686.0 55032.0 0.0 164.2439
13:12:00 751.0 61390.0 164.89 164.25 164.29 164.145 164.25 300.0 164.27 3535.0 61390.0 37640.0 23750.0 0.0 164.2149
13:13:00 587.0 41746.0 164.89 164.2 164.28 164.14 164.18 2101.0 164.2 2498.0 41746.0 15615.0 26131.0 0.0 164.1994
13:14:00 579.0 42776.0 164.89 164.2 164.3 164.16 164.2 2493.0 164.21 705.0 42776.0 23089.0 19687.0 0.0 164.2383
13:15:00 585.0 48038.0 164.89 164.16 164.34 164.15 164.16 2850.0 164.18 2424.0 48038.0 19137.0 28901.0 0.0 164.2652
13:16:00 713.0 60382.0 164.89 164.2 164.27 164.12 164.2 400.0 164.21 1863.0 60382.0 24093.0 36289.0 0.0 164.1914
13:17:00 648.0 43774.0 164.89 164.02 164.28 164.02 164.02 2631.0 164.03 3123.0 43774.0 19104.0 24670.0 0.0 164.1585
13:18:00 1778.0 146502.0 164.89 163.98 164.03 163.81 163.98 300.0 163.99 2994.0 146502.0 63908.0 82594.0 0.0 163.9215
13:19:00 630.0 48122.0 164.89 163.92 164.01 163.84 163.92 305.0 163.93 2900.0 48122.0 16560.0 31562.0 0.0 163.9042
13:20:00 331.0 18757.0 164.89 164.04 164.04 163.94 164.02 2421.0 164.04 3160.0 18757.0 9210.0 9547.0 0.0 163.9785
13:21:00 714.0 67083.0 164.89 164.19 164.21 164.04 164.19 100.0 164.2 2979.0 67083.0 38825.0 28258.0 0.0 164.118
13:22:00 971.0 80313.0 164.89 164.19 164.23 164.06 164.17 1240.0 164.19 1735.0 80313.0 31856.0 48457.0 0.0 164.1493
13:23:00 1042.0 83084.0 164.89 164.16 164.28 164.14 164.15 304.0 164.16 2636.0 83084.0 35652.0 47432.0 0.0 164.2109
13:24:00 569.0 50190.0 164.89 163.92 164.16 163.92 163.91 300.0 163.92 1215.0 50190.0 20014.0 30176.0 0.0 164.0591
13:25:00 392.0 29924.0 164.89 163.92 164.02 163.86 163.9 1583.0 163.92 2701.0 29924.0 15072.0 14852.0 0.0 163.9419
13:26:00 340.0 23018.0 164.89 163.96 163.99 163.89 163.96 2016.0 163.97 201.0 23018.0 12066.0 10952.0 0.0 163.9527
13:27:00 521.0 38022.0 164.89 163.96 164.05 163.92 163.95 2205.0 163.97 2159.0 38022.0 18114.0 19908.0 0.0 163.9801
13:28:00 610.0 46367.0 164.89 163.82 163.99 163.78 163.81 1616.0 163.83 2721.0 46367.0 19741.0 26626.0 0.0 163.8437
13:29:00 924.0 61990.0 164.89 163.59 163.83 163.59 163.59 341.0 163.6 2251.0 61990.0 22262.0 39728.0 0.0 163.7041
13:30:00 926.0 65104.0 164.89 163.48 163.64 163.46 163.47 300.0 163.48 1700.0 65104.0 29377.0 35727.0 0.0 163.5241
13:31:00 606.0 50305.0 164.89 163.68 163.73 163.46 163.67 1114.0 163.69 3600.0 50305.0 37071.0 13234.0 0.0 163.6088
13:32:00 575.0 47718.0 164.89 163.88 163.94 163.65 163.88 600.0 163.89 100.0 47718.0 23725.0 23993.0 0.0 163.7762
13:33:00 470.0 46510.0 164.89 163.88 163.94 163.85 163.88 300.0 163.89 300.0 46510.0 27527.0 18983.0 0.0 163.9001
13:34:00 385.0 36762.0 164.89 164.0 164.02 163.84 163.99 3700.0 164.0 1.0 36762.0 17963.0 18799.0 0.0 163.9119
13:35:00 304.0 27960.0 164.89 163.87 164.02 163.86 163.87 794.0 163.88 610.0 27960.0 8453.0 19507.0 0.0 163.9318
13:36:00 348.0 30461.0 164.89 163.98 164.06 163.87 163.97 2387.0 163.99 1527.0 30461.0 20005.0 10456.0 0.0 163.9723
13:37:00 309.0 20168.0 164.89 163.93 163.99 163.89 163.93 100.0 163.94 1728.0 20168.0 7680.0 12488.0 0.0 163.9374
13:38:00 463.0 45727.0 164.89 163.95 163.99 163.88 163.95 912.0 163.96 200.0 45727.0 19965.0 25762.0 0.0 163.945
13:39:00 622.0 56879.0 164.89 164.17 164.23 163.94 164.15 2628.0 164.17 2852.0 56879.0 42947.0 13932.0 0.0 164.1219
13:40:00 647.0 66974.0 164.89 164.35 164.35 164.17 164.34 778.0 164.35 1119.0 66974.0 46333.0 20641.0 0.0 164.2703
13:41:00 838.0 64649.0 164.89 164.25 164.34 164.17 164.24 100.0 164.25 1276.0 64649.0 22366.0 42283.0 0.0 164.2407
13:42:00 1035.0 82503.0 164.89 163.84 164.27 163.84 163.84 86.0 163.84 100.0 82503.0 31474.0 51029.0 0.0 164.0455
13:43:00 1044.0 75514.0 164.89 163.67 163.86 163.66 163.66 668.0 163.68 2089.0 75514.0 35859.0 39655.0 0.0 163.7659
13:44:00 447.0 38425.0 164.89 163.58 163.71 163.58 163.58 25.0 163.59 2507.0 38425.0 22099.0 16326.0 0.0 163.6218
13:45:00 560.0 41860.0 164.89 163.57 163.71 163.57 163.57 120.0 163.58 1476.0 41860.0 12313.0 29547.0 0.0 163.6489
13:46:00 686.0 63691.0 164.89 163.54 163.58 163.42 163.53 1021.0 163.54 188.0 63691.0 22138.0 41553.0 0.0 163.502
13:47:00 342.0 30466.0 164.89 163.52 163.59 163.46 163.51 1331.0 163.53 3773.0 30466.0 11351.0 19115.0 0.0 163.5147
13:48:00 443.0 36097.0 164.89 163.49 163.53 163.45 163.47 1834.0 163.49 3442.0 36097.0 20244.0 15853.0 0.0 163.4961
13:49:00 469.0 37265.0 164.89 163.55 163.63 163.46 163.55 2536.0 163.57 2128.0 37265.0 18700.0 18565.0 0.0 163.5486
13:50:00 671.0 54369.0 164.89 163.65 163.65 163.55 163.64 1398.0 163.65 506.0 54369.0 25626.0 28743.0 0.0 163.6075
13:51:00 573.0 42239.0 164.89 163.68 163.72 163.64 163.68 281.0 163.69 2429.0 42239.0 20160.0 22079.0 0.0 163.6788
13:52:00 462.0 33297.0 164.89 163.78 163.83 163.67 163.77 2569.0 163.79 2690.0 33297.0 19595.0 13702.0 0.0 163.7672
13:53:00 442.0 29731.0 164.89 163.7 163.79 163.68 163.7 1864.0 163.71 110.0 29731.0 10034.0 19697.0 0.0 163.7341
13:54:00 173.0 12705.0 164.89 163.71 163.75 163.7 163.7 728.0 163.71 2238.0 12705.0 6311.0 6394.0 0.0 163.7231
13:55:00 347.0 23370.0 164.89 163.76 163.79 163.66 163.76 2601.0 163.77 400.0 23370.0 9515.0 13855.0 0.0 163.735
13:56:00 627.0 50393.0 164.89 163.73 163.84 163.69 163.73 1100.0 163.74 1386.0 50393.0 27241.0 23152.0 0.0 163.7688
13:57:00 671.0 42811.0 164.89 163.5 163.74 163.5 163.5 3367.0 163.51 100.0 42811.0 13847.0 28964.0 0.0 163.6185
13:58:00 1159.0 104078.0 164.89 163.25 163.51 163.235 163.25 664.0 163.26 725.0 104078.0 31032.0 73046.0 0.0 163.3952
13:59:00 503.0 35447.0 164.89 163.3 163.39 163.22 163.3 1111.0 163.31 806.0 35447.0 15115.0 20332.0 0.0 163.304
14:00:00 995.0 64300.0 164.89 163.12 163.31 163.04 163.11 563.0 163.12 700.0 64300.0 24091.0 40209.0 0.0 163.1412
14:01:00 829.0 54027.0 164.89 163.11 163.26 163.1 163.1 1556.0 163.12 1354.0 54027.0 28078.0 25949.0 0.0 163.1677
14:02:00 2045.0 138919.0 164.89 162.99 163.12 162.93 162.98 2442.0 162.99 200.0 138919.0 59698.0 79221.0 0.0 163.0037
14:03:00 1200.0 112597.0 164.89 162.95 163.02 162.82 162.95 475.0 162.96 500.0 112597.0 40764.0 71833.0 0.0 162.9103
14:04:00 775.0 52962.0 164.89 162.91 162.97 162.79 162.9 110.0 162.91 2368.0 52962.0 28787.0 24175.0 0.0 162.8659
14:05:00 771.0 54119.0 164.89 163.05 163.11 162.89 163.05 1200.0 163.06 386.0 54119.0 29145.0 24974.0 0.0 163.0224
14:06:00 519.0 43534.0 164.89 163.1 163.16 163.04 163.11 2621.0 163.13 2332.0 43534.0 19933.0 23601.0 0.0 163.1216
14:07:00 621.0 47019.0 164.89 163.15 163.17 163.04 163.15 1877.0 163.16 200.0 47019.0 20876.0 26143.0 0.0 163.1153
14:08:00 640.0 42280.0 164.89 163.02 163.17 163.0 163.01 1015.0 163.02 200.0 42280.0 17531.0 24749.0 0.0 163.1122
14:09:00 851.0 73381.0 164.89 163.01 163.09 162.94 163.01 2400.0 163.03 1800.0 73381.0 42789.0 30592.0 0.0 163.017
14:10:00 2029.0 166844.0 164.89 163.1 163.28 162.98 163.1 200.0 163.11 1300.0 166844.0 83603.0 83241.0 0.0 163.1334
14:11:00 996.0 84933.0 164.89 162.93 163.14 162.91 162.93 1117.0 162.94 200.0 84933.0 28964.0 55969.0 0.0 163.0088
14:12:00 925.0 64401.0 164.89 162.91 163.05 162.89 162.91 801.0 162.92 2063.0 64401.0 30620.0 33781.0 0.0 162.961
14:13:00 554.0 38996.0 164.89 163.02 163.08 162.92 163.01 200.0 163.02 2075.0 38996.0 19790.0 19206.0 0.0 163.0183
14:14:00 490.0 30786.0 164.89 162.98 163.03 162.93 162.97 2788.0 162.99 1946.0 30786.0 14239.0 16547.0 0.0 162.9752
14:15:00 543.0 39718.0 164.89 162.97 163.0 162.93 162.96 1600.0 162.97 600.0 39718.0 16325.0 23393.0 0.0 162.9557
14:16:00 1007.0 77751.0 164.89 162.87 163.08 162.84 162.86 2282.0 162.87 300.0 77751.0 33872.0 43879.0 0.0 162.9567
14:17:00 499.0 60541.0 164.89 162.98 162.99 162.86 162.98 1980.0 163.0 2732.0 60541.0 19128.0 41413.0 0.0 162.9082
14:18:00 835.0 63269.0 164.89 162.93 163.04 162.9 162.93 1621.0 162.94 357.0 63269.0 28079.0 35190.0 0.0 162.9604
14:19:00 663.0 55900.0 164.89 163.13 163.15 162.94 163.11 2305.0 163.13 2575.0 55900.0 33989.0 21911.0 0.0 163.0535
14:20:00 854.0 65488.0 164.89 163.11 163.18 163.05 163.11 600.0 163.12 1328.0 65488.0 37456.0 28032.0 0.0 163.1047
14:21:00 834.0 65274.0 164.89 163.23 163.27 163.05 163.22 1600.0 163.23 1372.0 65274.0 29078.0 36196.0 0.0 163.1628
14:22:00 954.0 80589.0 164.89 163.27 163.42 163.14 163.26 1300.0 163.27 2074.0 80589.0 33854.0 46735.0 0.0 163.3009
14:23:00 966.0 76128.0 164.89 163.165 163.34 163.165 163.16 2.0 163.17 2246.0 76128.0 37849.0 38279.0 0.0 163.2791
14:24:00 1962.0 164396.0 164.89 163.45 163.54 163.12 163.45 596.0 163.46 1700.0 164396.0 90400.0 73996.0 0.0 163.3461
14:25:00 777.0 68819.0 164.89 163.45 163.53 163.39 163.44 129.0 163.45 1600.0 68819.0 23714.0 45105.0 0.0 163.4579
14:26:00 1664.0 147735.0 164.89 163.63 163.73 163.43 163.62 1157.0 163.64 1009.0 147735.0 94527.0 53208.0 0.0 163.573
14:27:00 553.0 42363.0 164.89 163.43 163.65 163.43 163.42 1600.0 163.43 100.0 42363.0 12258.0 30105.0 0.0 163.5567
14:28:00 839.0 57504.0 164.89 163.37 163.43 163.28 163.35 2500.0 163.36 100.0 57504.0 27985.0 29519.0 0.0 163.3549
14:29:00 463.0 40426.0 164.89 163.27 163.43 163.22 163.27 1180.0 163.29 2253.0 40426.0 22210.0 18216.0 0.0 163.334
14:30:00 488.0 37868.0 164.89 163.33 163.36 163.17 163.32 677.0 163.33 156.0 37868.0 17483.0 20385.0 0.0 163.2585
14:31:00 1736.0 135714.0 164.89 163.32 163.5 163.18 163.32 100.0 163.33 1100.0 135714.0 81113.0 54601.0 0.0 163.3636
14:32:00 588.0 49952.0 164.89 163.57 163.61 163.31 163.56 702.0 163.57 400.0 49952.0 19087.0 30865.0 0.0 163.5295
14:33:00 430.0 34055.0 164.89 163.56 163.58 163.44 163.55 300.0 163.56 1001.0 34055.0 10655.0 23400.0 0.0 163.5148
14:34:00 462.0 37066.0 164.89 163.6 163.61 163.5 163.59 673.0 163.6 351.0 37066.0 16526.0 20540.0 0.0 163.5514
14:35:00 463.0 36685.0 164.89 163.57 163.66 163.55 163.57 576.0 163.58 876.0 36685.0 20530.0 16155.0 0.0 163.6068
14:36:00 576.0 41926.0 164.89 163.39 163.66 163.37 163.38 1904.0 163.4 2507.0 41926.0 16216.0 25710.0 0.0 163.5349
14:37:00 650.0 48060.0 164.89 163.34 163.43 163.29 163.34 1100.0 163.35 120.0 48060.0 23648.0 24412.0 0.0 163.3506
14:38:00 472.0 31513.0 164.89 163.36 163.45 163.31 163.36 1210.0 163.37 200.0 31513.0 14076.0 17437.0 0.0 163.3734
14:39:00 492.0 39689.0 164.89 163.39 163.45 163.35 163.39 1150.0 163.4 300.0 39689.0 18791.0 20898.0 0.0 163.3982
14:40:00 418.0 34106.0 164.89 163.46 163.49 163.36 163.45 2466.0 163.46 100.0 34106.0 17662.0 16444.0 0.0 163.4162
14:41:00 642.0 48972.0 164.89 163.29 163.48 163.27 163.28 482.0 163.29 2466.0 48972.0 22061.0 26911.0 0.0 163.3658
14:42:00 913.0 76934.0 164.89 163.42 163.49 163.255 163.42 2382.0 163.43 800.0 76934.0 51301.0 25633.0 0.0 163.3606
14:43:00 878.0 64612.0 164.89 163.12 163.46 163.1 163.11 2430.0 163.13 830.0 64612.0 22546.0 42066.0 0.0 163.2783
14:44:00 556.0 43229.0 164.89 163.19 163.21 163.04 163.19 535.0 163.2 876.0 43229.0 15166.0 28063.0 0.0 163.1275
14:45:00 419.0 31557.0 164.89 163.17 163.2 163.09 163.15 2708.0 163.17 1276.0 31557.0 15091.0 16466.0 0.0 163.1435
14:46:00 775.0 64525.0 164.89 163.14 163.18 163.01 163.13 900.0 163.14 2244.0 64525.0 23558.0 40967.0 0.0 163.092
14:47:00 409.0 35185.0 164.89 163.05 163.15 163.03 163.05 1300.0 163.07 700.0 35185.0 10874.0 24311.0 0.0 163.0756
14:48:00 751.0 48367.0 164.89 163.03 163.08 162.99 163.02 1280.0 163.03 1.0 48367.0 15920.0 32447.0 0.0 163.0297
14:49:00 476.0 37650.0 164.89 162.97 163.04 162.94 162.96 1764.0 162.97 600.0 37650.0 15655.0 21995.0 0.0 162.9877
14:50:00 526.0 43973.0 164.89 162.99 163.02 162.93 163.0 1.0 163.01 3171.0 43973.0 24580.0 19393.0 0.0 162.9721
14:51:00 1256.0 96105.0 164.89 163.16 163.19 162.92 163.16 1987.0 163.17 201.0 96105.0 50449.0 45656.0 0.0 163.055
14:52:00 910.0 83193.0 164.89 163.18 163.25 163.11 163.17 600.0 163.18 1394.0 83193.0 43859.0 39334.0 0.0 163.1711
14:53:00 675.0 46397.0 164.89 162.97 163.17 162.92 162.96 1700.0 162.98 1874.0 46397.0 13776.0 32621.0 0.0 163.0488
14:54:00 969.0 79098.0 164.89 162.97 163.01 162.89 162.97 1988.0 162.98 200.0 79098.0 30664.0 48434.0 0.0 162.9476
14:55:00 528.0 43483.0 164.89 163.025 163.12 162.97 163.02 2101.0 163.03 1200.0 43483.0 24459.0 19024.0 0.0 163.0419
14:56:00 620.0 43351.0 164.89 162.97 163.06 162.88 162.98 483.0 162.99 1700.0 43351.0 17191.0 26160.0 0.0 162.9696
14:57:00 568.0 45400.0 164.89 162.96 163.08 162.96 162.96 104.0 162.97 2283.0 45400.0 19645.0 25755.0 0.0 163.028
14:58:00 383.0 36009.0 164.89 162.92 163.01 162.92 162.91 111.0 162.92 1660.0 36009.0 11601.0 24408.0 0.0 162.958
14:59:00 1401.0 107998.0 164.89 162.65 162.91 162.65 162.64 1349.0 162.65 540.0 107998.0 26828.0 81170.0 0.0 162.7702
15:00:00 1222.0 103839.0 164.89 162.62 162.65 162.52 162.61 2000.0 162.63 2453.0 103839.0 39940.0 63899.0 0.0 162.5822
15:01:00 583.0 42371.0 164.89 162.67 162.69 162.58 162.66 2182.0 162.67 100.0 42371.0 20245.0 22126.0 0.0 162.6403
15:02:00 691.0 56159.0 164.89 162.72 162.73 162.62 162.72 321.0 162.73 3300.0 56159.0 26107.0 30052.0 0.0 162.6764
15:03:00 1746.0 126202.0 164.89 163.0 163.04 162.71 162.99 2084.0 163.01 1000.0 126202.0 76098.0 50104.0 0.0 162.896
15:04:00 974.0 86084.0 164.89 163.03 163.08 162.92 163.03 1555.0 163.04 300.0 86084.0 43914.0 42170.0 0.0 163.0038
15:05:00 887.0 65580.0 164.89 162.96 163.16 162.88 162.96 1700.0 162.98 2695.0 65580.0 30898.0 34682.0 0.0 162.9858
15:06:00 692.0 51733.0 164.89 163.12 163.15 162.93 163.11 302.0 163.12 1814.0 51733.0 28533.0 23200.0 0.0 163.0484
15:07:00 1464.0 134534.0 164.89 162.96 163.3 162.94 162.95 2560.0 162.97 1766.0 134534.0 78232.0 56302.0 0.0 163.1088
15:08:00 1030.0 82550.0 164.89 162.92 163.01 162.84 162.9 2582.0 162.92 2614.0 82550.0 29070.0 53480.0 0.0 162.9243
15:09:00 612.0 48932.0 164.89 162.94 162.99 162.86 162.94 400.0 162.95 2481.0 48932.0 24454.0 24478.0 0.0 162.9472
15:10:00 602.0 46274.0 164.89 162.94 163.03 162.9 162.93 1.0 162.94 3206.0 46274.0 18918.0 27356.0 0.0 162.9638
15:11:00 976.0 79979.0 164.89 163.06 163.09 162.88 163.07 1300.0 163.08 700.0 79979.0 45747.0 34232.0 0.0 162.9931
15:12:00 790.0 56172.0 164.89 163.08 163.19 163.06 163.05 2422.0 163.07 3251.0 56172.0 27735.0 28437.0 0.0 163.1181
15:13:00 1042.0 83437.0 164.89 162.86 163.08 162.855 162.87 200.0 162.88 2790.0 83437.0 32415.0 51022.0 0.0 162.9405
15:14:00 1173.0 92137.0 164.89 162.98 163.17 162.87 162.98 208.0 162.99 1532.0 92137.0 51711.0 40426.0 0.0 163.0316
15:15:00 1127.0 82859.0 164.89 162.76 162.99 162.73 162.77 200.0 162.78 2912.0 82859.0 32602.0 50257.0 0.0 162.8293
15:16:00 1885.0 151530.0 164.89 162.94 163.03 162.73 162.91 2484.0 162.93 2305.0 151530.0 88364.0 63166.0 0.0 162.894
15:17:00 1267.0 100450.0 164.89 162.81 163.02 162.8 162.81 2008.0 162.82 300.0 100450.0 49073.0 51377.0 0.0 162.8982
15:18:00 1377.0 118636.0 164.89 162.96 162.96 162.81 162.96 441.0 162.97 2587.0 118636.0 52277.0 66359.0 0.0 162.8941
15:19:00 1667.0 143249.0 164.89 162.64 163.0 162.625 162.63 2946.0 162.64 1169.0 143249.0 59816.0 83433.0 0.0 162.813
15:20:00 908.0 74365.0 164.89 162.65 162.72 162.62 162.64 3005.0 162.65 1300.0 74365.0 40702.0 33663.0 0.0 162.671
15:21:00 2210.0 169535.0 164.89 162.51 162.67 162.44 162.49 3566.0 162.5 700.0 169535.0 65836.0 103699.0 0.0 162.548
15:22:00 1282.0 112005.0 164.89 162.52 162.54 162.385 162.51 2686.0 162.52 100.0 112005.0 59111.0 52894.0 0.0 162.4653
15:23:00 1304.0 123592.0 164.89 162.45 162.58 162.425 162.44 2752.0 162.45 100.0 123592.0 53173.0 70419.0 0.0 162.5169
15:24:00 854.0 74769.0 164.89 162.64 162.67 162.41 162.64 1200.0 162.65 2054.0 74769.0 41764.0 33005.0 0.0 162.5543
15:25:00 1576.0 126585.0 164.89 162.72 162.8 162.58 162.72 3057.0 162.73 510.0 126585.0 72083.0 54502.0 0.0 162.705
15:26:00 1439.0 117884.0 164.89 162.83 162.945 162.66 162.82 400.0 162.83 2098.0 117884.0 48604.0 69280.0 0.0 162.8017
15:27:00 931.0 76500.0 164.89 162.74 162.9 162.73 162.73 123.0 162.74 2501.0 76500.0 33350.0 43150.0 0.0 162.7983
15:28:00 1495.0 109971.0 164.89 162.94 163.01 162.72 162.94 2427.0 162.96 3291.0 109971.0 61187.0 48784.0 0.0 162.8841
15:29:00 1656.0 134047.0 164.89 163.12 163.28 162.945 163.11 40.0 163.12 738.0 134047.0 72796.0 61251.0 0.0 163.146
15:30:00 1734.0 132630.0 164.89 162.72 163.11 162.61 162.7 608.0 162.72 2349.0 132630.0 55954.0 76676.0 0.0 162.7944
15:31:00 1454.0 112936.0 164.89 162.57 162.81 162.57 162.57 976.0 162.58 300.0 112936.0 57503.0 55433.0 0.0 162.6863
15:32:00 1229.0 85759.0 164.89 162.51 162.6 162.43 162.49 676.0 162.5 1318.0 85759.0 40257.0 45502.0 0.0 162.5106
15:33:00 1422.0 105921.0 164.89 162.45 162.56 162.35 162.44 1864.0 162.45 1200.0 105921.0 54243.0 51678.0 0.0 162.4364
15:34:00 1069.0 98484.0 164.89 162.56 162.57 162.41 162.56 1800.0 162.57 34.0 98484.0 57064.0 41420.0 0.0 162.4868
15:35:00 870.0 76154.0 164.89 162.55 162.59 162.45 162.54 400.0 162.55 2114.0 76154.0 30053.0 46101.0 0.0 162.5331
15:36:00 1318.0 116262.0 164.89 162.53 162.73 162.49 162.52 1000.0 162.53 200.0 116262.0 52812.0 63450.0 0.0 162.6187
15:37:00 1857.0 147773.0 164.89 162.33 162.55 162.26 162.32 1196.0 162.34 2400.0 147773.0 56108.0 91665.0 0.0 162.413
15:38:00 946.0 77844.0 164.89 162.26 162.36 162.23 162.26 1.0 162.27 3109.0 77844.0 35952.0 41892.0 0.0 162.2946
15:39:00 1779.0 153699.0 164.89 162.39 162.43 162.12 162.38 1606.0 162.39 70.0 153699.0 64578.0 89121.0 0.0 162.2679
15:40:00 956.0 81461.0 164.89 162.37 162.46 162.32 162.37 961.0 162.38 3162.0 81461.0 43009.0 38452.0 0.0 162.3837
15:41:00 970.0 79241.0 164.89 162.45 162.47 162.33 162.44 1476.0 162.45 100.0 79241.0 42110.0 37131.0 0.0 162.4039
15:42:00 2790.0 246135.0 164.89 162.72 162.8 162.38 162.72 2913.0 162.73 400.0 246135.0 140855.0 105280.0 0.0 162.6036
15:43:00 870.0 68410.0 164.89 162.67 162.74 162.55 162.66 900.0 162.67 218.0 68410.0 33336.0 35074.0 0.0 162.6559
15:44:00 850.0 75747.0 164.89 162.64 162.76 162.62 162.63 1600.0 162.64 300.0 75747.0 40761.0 34986.0 0.0 162.6775
15:45:00 742.0 66717.0 164.89 162.68 162.72 162.57 162.67 2201.0 162.68 585.0 66717.0 24366.0 42351.0 0.0 162.6486
15:46:00 1954.0 160321.0 164.89 162.69 162.76 162.56 162.68 500.0 162.69 1300.0 160321.0 85010.0 75311.0 0.0 162.679
15:47:00 1200.0 109776.0 164.89 162.76 162.8 162.61 162.75 1611.0 162.76 400.0 109776.0 64624.0 45152.0 0.0 162.6745
15:48:00 2897.0 252189.0 164.89 162.55 162.9 162.45 162.54 200.0 162.56 3715.0 252189.0 93402.0 158787.0 0.0 162.7074
15:49:00 1250.0 90489.0 164.89 162.54 162.57 162.415 162.53 100.0 162.54 1200.0 90489.0 42775.0 47714.0 0.0 162.5022
15:50:00 1537.0 122758.0 164.89 162.44 162.6 162.38 162.43 1203.0 162.45 700.0 122758.0 48875.0 73883.0 0.0 162.4695
15:51:00 3611.0 285505.0 164.89 162.71 162.78 162.26 162.71 840.0 162.73 905.0 285505.0 158905.0 126600.0 0.0 162.5107
15:52:00 1246.0 84151.0 164.89 162.7 162.73 162.495 162.69 1000.0 162.7 2.0 84151.0 39651.0 44500.0 0.0 162.619
15:53:00 1877.0 150829.0 164.89 162.72 162.95 162.69 162.72 1200.0 162.73 200.0 150829.0 90119.0 60710.0 0.0 162.7964
15:54:00 1525.0 138314.0 164.89 162.88 162.9 162.71 162.87 2600.0 162.89 1054.0 138314.0 74024.0 64290.0 0.0 162.8068
15:55:00 3707.0 294556.0 164.89 163.12 163.21 162.87 163.1 2.0 163.12 1100.0 294556.0 157877.0 136679.0 0.0 163.0277
15:56:00 3277.0 349564.0 164.89 163.13 163.5 163.08 163.13 100.0 163.14 1600.0 349564.0 224436.0 125128.0 0.0 163.2097
15:57:00 1563.0 124043.0 164.89 163.16 163.19 163.04 163.15 710.0 163.16 1465.0 124043.0 66166.0 57877.0 0.0 163.1265
15:58:00 1722.0 143555.0 164.89 163.26 163.3 163.075 163.25 1650.0 163.26 118.0 143555.0 87053.0 56502.0 0.0 163.1825
15:59:00 2000.0 176344.0 164.89 163.38 163.39 163.2 163.37 500.0 163.38 2164.0 176344.0 95571.0 80773.0 0.0 163.3198
16:00:00 4585.0 468609.0 164.89 163.22 163.53 163.14 163.17 24100.0 163.22 2728.0 468609.0 241314.0 227295.0 0.0 163.3836
16:01:00 369.0 33213.0 164.89 163.48 164.07 163.17 163.42 10.0 163.33 20.0 33213.0 13774.0 19439.0 0.0 163.724
16:02:00 156.0 7427.0 164.89 163.37 163.46 163.34 163.35 1588.0 163.33 20.0 7427.0 2182.0 5245.0 0.0 163.3719
16:03:00 77.0 6904.0 164.89 163.29 163.37 163.26 163.26 600.0 163.29 99.0 6904.0 2196.0 4708.0 0.0 163.3221
16:04:00 59.0 3830.0 164.89 163.27 163.32 163.25 163.26 25.0 163.3 1421.0 3830.0 1718.0 2112.0 0.0 163.2707
16:05:00 35.0 3832.0 164.89 163.25 163.3 163.25 163.26 1.0 163.28 391.0 3832.0 26.0 3806.0 0.0 163.255
16:06:00 64.0 5296.0 164.89 163.17 163.26 163.17 163.18 127.0 163.21 191.0 5296.0 477.0 4819.0 0.0 163.221
16:07:00 186.0 6926.0 164.89 163.09 163.2 163.0 163.06 20.0 163.13 93.0 6926.0 2036.0 4890.0 0.0 163.0783
16:08:00 53.0 2951.0 164.89 163.14 163.14 163.05 163.06 20.0 163.14 127.0 2951.0 2949.0 2.0 0.0 163.1112
16:09:00 63.0 2422.0 164.89 163.25 163.25 163.13 163.25 48.0 163.27 1091.0 2422.0 2153.0 269.0 0.0 163.1804
16:10:00 72.0 9059.0 164.89 163.26 163.3 163.2 163.24 10.0 163.27 205.0 9059.0 3285.0 5774.0 0.0 163.2658
16:11:00 49.0 3497.0 164.89 163.2 163.27 163.18 163.17 10.0 163.23 106.0 3497.0 1918.0 1579.0 0.0 163.2337
16:12:00 66.0 529.0 164.89 163.11 163.22 163.08 163.11 25.0 163.17 94.0 529.0 15.0 514.0 0.0 163.1615
16:13:00 19.0 264.0 164.89 163.14 163.17 163.11 163.12 45.0 163.14 90.0 264.0 121.0 143.0 0.0 163.1403
16:14:00 61.0 3147.0 164.89 163.18 163.25 163.14 163.15 8.0 163.2 491.0 3147.0 1883.0 1264.0 0.0 163.172
16:15:00 86.0 1654.0 164.89 163.03 163.19 163.02 163.08 45.0 163.13 256.0 1654.0 44.0 1610.0 0.0 163.0701
16:16:00 47.0 6338.0 164.89 163.05 163.12 163.02 163.06 20.0 163.08 141.0 6338.0 5830.0 508.0 0.0 163.0209
16:17:00 35.0 1102.0 164.89 163.03 163.07 163.01 163.06 20.0 163.06 616.0 1102.0 0.0 1102.0 0.0 163.0367
16:18:00 57.0 1897.0 164.89 163.06 163.06 163.0 163.06 20.0 163.06 65.0 1897.0 1287.0 610.0 0.0 163.0422
16:19:00 13.0 816.0 164.89 163.1 163.1 163.05 163.1 25.0 163.12 291.0 816.0 713.0 103.0 0.0 163.061
16:20:00 19.0 760.0 164.89 163.07 163.11 163.07 163.07 3.0 163.07 81.0 760.0 301.0 459.0 0.0 163.076
16:21:00 15.0 104.0 164.89 163.07 163.1 163.07 163.08 3.0 163.09 88.0 104.0 104.0 0.0 0.0 163.0706
16:22:00 13.0 10.0 164.89 163.09 163.09 163.08 163.07 302.0 163.09 295.0 10.0 7.0 3.0 0.0 163.087
16:23:00 12.0 396.0 164.89 163.1 163.1 163.08 163.08 1036.0 163.09 64.0 396.0 394.0 2.0 0.0 163.099
16:24:00 13.0 350.0 164.89 163.09 163.1 163.09 163.09 7.0 163.09 17.0 350.0 349.0 1.0 0.0 163.0986
16:25:00 40.0 4808.0 164.89 163.14 163.16 163.09 163.14 47.0 163.15 92.0 4808.0 4784.0 24.0 0.0 163.1023
16:26:00 16.0 99.0 164.89 163.15 163.15 163.1 163.13 1.0 163.15 42.0 99.0 52.0 47.0 0.0 163.1451
16:27:00 16.0 554.0 164.89 163.16 163.16 163.13 163.16 304.0 163.17 756.0 554.0 229.0 325.0 0.0 163.1591
16:28:00 19.0 449.0 164.89 163.16 163.17 163.13 163.13 60.0 163.16 211.0 449.0 131.0 318.0 0.0 163.1579
16:29:00 19.0 148.0 164.89 163.15 163.16 163.11 163.13 19.0 163.15 141.0 148.0 105.0 43.0 0.0 163.1374
16:30:00 22.0 989.0 164.89 163.16 163.17 163.13 163.15 97.0 163.16 3.0 989.0 988.0 1.0 0.0 163.1666
16:31:00 32.0 1253.0 164.89 163.14 163.17 163.14 163.14 94.0 163.15 60.0 1253.0 432.0 821.0 0.0 163.1464
16:32:00 68.0 7579.0 164.89 163.17 163.3 163.14 163.15 405.0 163.17 264.0 7579.0 7579.0 0.0 0.0 163.2806
16:33:00 62.0 2241.0 164.89 163.18 163.25 163.15 163.18 100.0 163.2 173.0 2241.0 1958.0 283.0 0.0 163.1741
16:34:00 19.0 263.0 164.89 163.18 163.2 163.15 163.17 6.0 163.2 388.0 263.0 6.0 257.0 0.0 163.1754
16:35:00 39.0 689.0 164.89 163.2 163.28 163.15 163.2 58.0 163.27 288.0 689.0 662.0 27.0 0.0 163.2137
16:36:00 2.0 0.0 164.89 163.22 163.22 163.22 163.2 6.0 163.23 281.0 nan 0.0 0.0 0.0 nan
16:37:00 35.0 341.0 164.89 163.22 163.22 163.15 163.19 17.0 163.22 92.0 341.0 0.0 341.0 0.0 163.174
16:38:00 27.0 1016.0 164.89 163.25 163.27 163.22 163.23 95.0 163.26 1.0 1016.0 471.0 545.0 0.0 163.2398
16:39:00 41.0 1912.0 164.89 163.15 163.27 163.15 163.17 2.0 163.23 5.0 1912.0 2.0 1910.0 0.0 163.1654
16:40:00 3.0 0.0 164.89 163.23 163.23 163.2 163.19 2.0 163.23 5.0 nan 0.0 0.0 0.0 nan
16:41:00 8.0 9.0 164.89 163.19 163.21 163.19 163.17 61.0 163.2 230.0 9.0 0.0 9.0 0.0 163.2044
16:42:00 13.0 72.0 164.89 163.16 163.19 163.16 163.15 116.0 163.17 343.0 72.0 10.0 62.0 0.0 163.1712
16:43:00 12.0 46.0 164.89 163.16 163.16 163.16 163.15 134.0 163.16 168.0 46.0 46.0 0.0 0.0 163.16
16:44:00 35.0 324.0 164.89 163.15 163.16 163.14 163.13 58.0 163.15 123.0 324.0 88.0 236.0 0.0 163.1493
16:45:00 25.0 139.0 164.89 163.12 163.15 163.11 163.1 463.0 163.12 948.0 139.0 73.0 66.0 0.0 163.1232
16:46:00 96.0 2144.0 164.89 163.06 163.11 163.01 163.06 20.0 163.06 85.0 2144.0 30.0 2114.0 0.0 163.056
16:47:00 95.0 2863.0 164.89 162.98 163.04 162.98 163.06 20.0 163.0 192.0 2863.0 1757.0 1106.0 0.0 162.9982
16:48:00 19.0 902.0 164.89 163.01 163.01 162.97 163.06 20.0 163.0 192.0 902.0 772.0 130.0 0.0 162.979
16:49:00 55.0 1900.0 164.89 163.0 163.03 162.95 163.06 20.0 163.01 276.0 1900.0 1601.0 299.0 0.0 162.973
16:50:00 40.0 2859.0 164.89 163.0 163.06 162.9 163.06 20.0 163.01 200.0 2859.0 1477.0 1382.0 0.0 163.0133
16:51:00 20.0 2054.0 164.89 163.0 163.04 163.0 163.06 20.0 163.01 188.0 2054.0 12.0 2042.0 0.0 163.0
16:52:00 82.0 1773.0 164.89 162.97 163.0 162.89 163.06 20.0 162.93 20.0 1773.0 15.0 1758.0 0.0 162.9443
16:53:00 23.0 728.0 164.89 162.87 162.93 162.87 163.06 20.0 162.93 92.0 728.0 2.0 726.0 0.0 162.8798
16:54:00 9.0 56.0 164.89 162.92 162.93 162.84 163.06 20.0 162.9 488.0 56.0 52.0 4.0 0.0 162.923
16:55:00 16.0 520.0 164.89 162.9 162.93 162.9 163.06 20.0 162.93 41.0 520.0 520.0 0.0 0.0 162.9002
16:56:00 17.0 245.0 164.89 162.92 162.94 162.91 163.06 20.0 162.93 40.0 245.0 245.0 0.0 0.0 162.9182
16:57:00 20.0 1493.0 164.89 163.0 163.0 162.91 163.06 20.0 163.0 728.0 1493.0 992.0 501.0 0.0 162.9649
16:58:00 9.0 893.0 164.89 162.99 163.01 162.97 163.06 20.0 163.0 911.0 893.0 27.0 866.0 0.0 162.9708
16:59:00 28.0 780.0 164.89 163.06 163.1 162.99 163.06 20.0 163.06 24.0 780.0 771.0 9.0 0.0 163.0021
17:00:00 44.0 694.0 164.89 162.98 163.08 162.98 163.06 20.0 163.04 2.0 694.0 41.0 653.0 0.0 163.0033
