time trade_count trade_volume trade_first trade_last trade_high trade_low bid_price bid_size ask_price ask_size hid_vol buy_vol sell_vol unsided_vol vwap
09:00:00 nan 932.0 171.12 171.11 171.12 171.07 171.07 284.0 171.12 34.0 932.0 154.0 778.0 0.0 171.1087
09:01:00 211.0 13774.0 171.12 171.27 171.27 171.03 171.27 610.0 171.28 7.0 13774.0 11158.0 2616.0 0.0 171.1784
09:02:00 97.0 4150.0 171.12 171.22 171.3 171.16 171.2 93.0 171.23 1.0 4150.0 686.0 3464.0 0.0 171.2749
09:03:00 50.0 1831.0 171.12 171.16 171.28 171.16 171.16 88.0 171.21 307.0 1831.0 467.0 1364.0 0.0 171.2396
09:04:00 43.0 857.0 171.12 171.26 171.3 171.17 171.24 241.0 171.28 204.0 857.0 857.0 0.0 0.0 171.2562
09:05:00 87.0 2512.0 171.12 171.23 171.36 171.21 171.21 337.0 171.26 300.0 2512.0 1641.0 871.0 0.0 171.2711
09:06:00 184.0 4758.0 171.12 171.23 171.3 171.2 171.2 515.0 171.24 298.0 4758.0 2403.0 2355.0 0.0 171.2385
09:07:00 86.0 3456.0 171.12 171.2 171.25 171.09 171.18 240.0 171.24 200.0 3456.0 1556.0 1900.0 0.0 171.1642
09:08:00 19.0 372.0 171.12 171.2 171.23 171.19 171.19 1.0 171.2 83.0 372.0 6.0 366.0 0.0 171.1962
09:09:00 29.0 528.0 171.12 171.18 171.23 171.13 171.12 318.0 171.19 407.0 528.0 180.0 348.0 0.0 171.1651
09:10:00 35.0 130.0 171.12 171.18 171.22 171.14 171.18 200.0 171.21 199.0 130.0 129.0 1.0 0.0 171.1878
09:11:00 15.0 403.0 171.12 171.23 171.25 171.19 171.21 18.0 171.24 300.0 403.0 403.0 0.0 0.0 171.2267
09:12:00 98.0 3752.0 171.12 171.34 171.34 171.21 171.35 345.0 171.37 3.0 3752.0 2607.0 1145.0 0.0 171.2777
09:13:00 91.0 7403.0 171.12 171.31 171.39 171.26 171.3 14.0 171.31 600.0 7403.0 1260.0 6143.0 0.0 171.333
09:14:00 42.0 1434.0 171.12 171.28 171.34 171.25 171.24 304.0 171.31 1912.0 1434.0 1217.0 217.0 0.0 171.2932
09:15:00 116.0 5241.0 171.12 171.28 171.33 171.23 171.27 100.0 171.31 100.0 5241.0 2817.0 2424.0 0.0 171.2942
09:16:00 40.0 757.0 171.12 171.36 171.36 171.23 171.33 30.0 171.39 167.0 757.0 540.0 217.0 0.0 171.3066
09:17:00 28.0 1046.0 171.12 171.33 171.36 171.3 171.31 77.0 171.34 311.0 1046.0 0.0 1046.0 0.0 171.3244
09:18:00 34.0 643.0 171.12 171.29 171.31 171.25 171.27 9.0 171.31 12.0 643.0 392.0 251.0 0.0 171.2829
09:19:00 25.0 71.0 171.12 171.24 171.31 171.24 171.23 624.0 171.28 300.0 71.0 12.0 59.0 0.0 171.2687
09:20:00 52.0 884.0 171.12 171.22 171.27 171.2 171.2 623.0 171.23 200.0 884.0 63.0 821.0 0.0 171.2221
09:21:00 85.0 3166.0 171.12 171.25 171.3 171.19 171.27 302.0 171.3 302.0 3166.0 1204.0 1962.0 0.0 171.2236
09:22:00 52.0 3593.0 171.12 171.22 171.32 171.22 171.22 115.0 171.23 100.0 3593.0 1955.0 1638.0 0.0 171.2734
09:23:00 36.0 2519.0 171.12 171.37 171.37 171.22 171.33 13.0 171.37 91.0 2519.0 2432.0 87.0 0.0 171.3197
09:24:00 49.0 3054.0 171.12 171.37 171.4 171.34 171.38 151.0 171.4 1400.0 3054.0 940.0 2114.0 0.0 171.3774
09:25:00 97.0 4745.0 171.12 171.32 171.4 171.3 171.33 144.0 171.35 1012.0 4745.0 930.0 3815.0 0.0 171.3687
09:26:00 389.0 20852.0 171.12 171.14 171.33 170.91 171.1 30.0 171.15 80.0 20852.0 3613.0 17239.0 0.0 171.1236
09:27:00 60.0 2620.0 171.12 171.24 171.24 171.01 171.15 1396.0 171.21 20.0 2620.0 476.0 2144.0 0.0 171.101
09:28:00 282.0 28671.0 171.12 170.96 171.3 170.84 170.96 872.0 171.15 200.0 28671.0 6793.0 21878.0 0.0 171.0702
09:29:00 72.0 1567.0 171.12 170.97 171.14 170.96 170.98 1.0 171.02 200.0 1567.0 10.0 1557.0 0.0 170.9844
09:30:00 73.0 2029.0 171.12 171.12 171.12 170.96 171.1 3136.0 171.16 700.0 2029.0 803.0 1226.0 0.0 171.0135
09:31:00 4102.0 310384.0 171.12 170.88 171.15 170.74 170.88 252.0 170.9 200.0 310384.0 159839.0 150545.0 0.0 170.9301
09:32:00 2404.0 173226.0 171.12 171.38 171.41 170.81 171.38 566.0 171.4 72.0 173226.0 82334.0 90892.0 0.0 171.0868
09:33:00 1643.0 111131.0 171.12 171.34 171.48 171.11 171.31 533.0 171.34 213.0 111131.0 35179.0 75952.0 0.0 171.3639
09:34:00 1472.0 108022.0 171.12 171.45 171.47 171.2 171.45 1199.0 171.47 504.0 108022.0 48700.0 59322.0 0.0 171.3319
09:35:00 1177.0 68417.0 171.12 171.45 171.48 171.1 171.44 190.0 171.46 502.0 68417.0 28240.0 40177.0 0.0 171.318
09:36:00 1828.0 125292.0 171.12 171.52 171.55 171.28 171.52 550.0 171.54 1042.0 125292.0 44336.0 80956.0 0.0 171.422
09:37:00 1675.0 112675.0 171.12 171.44 171.63 171.34 171.42 703.0 171.44 595.0 112675.0 49483.0 63192.0 0.0 171.4819
09:38:00 1060.0 65807.0 171.12 171.46 171.61 171.37 171.45 900.0 171.47 1101.0 65807.0 28514.0 37293.0 0.0 171.4699
09:39:00 991.0 61920.0 171.12 171.39 171.5 171.34 171.37 319.0 171.38 1.0 61920.0 29230.0 32690.0 0.0 171.4082
09:40:00 1213.0 91894.0 171.12 171.65 171.72 171.35 171.64 800.0 171.66 596.0 91894.0 58009.0 33885.0 0.0 171.5988
09:41:00 1605.0 115858.0 171.12 171.62 171.72 171.49 171.6 800.0 171.62 244.0 115858.0 53516.0 62342.0 0.0 171.5999
09:42:00 962.0 58815.0 171.12 171.55 171.66 171.52 171.53 1000.0 171.55 1086.0 58815.0 22788.0 36027.0 0.0 171.5864
09:43:00 1396.0 95195.0 171.12 171.51 171.64 171.45 171.5 1502.0 171.51 72.0 95195.0 37762.0 57433.0 0.0 171.5294
09:44:00 1194.0 92595.0 171.12 171.52 171.62 171.36 171.51 5401.0 171.52 200.0 92595.0 44992.0 47603.0 0.0 171.4739
09:45:00 1324.0 103401.0 171.12 171.51 171.62 171.47 171.5 902.0 171.51 602.0 103401.0 51355.0 52046.0 0.0 171.5373
09:46:00 1451.0 106551.0 171.12 171.43 171.56 171.35 171.42 842.0 171.44 2028.0 106551.0 44401.0 62150.0 0.0 171.4632
09:47:00 1832.0 138605.0 171.12 171.26 171.44 171.0 171.25 804.0 171.26 200.0 138605.0 48874.0 89731.0 0.0 171.3131
09:48:00 1551.0 119735.0 171.12 171.44 171.51 171.24 171.43 1391.0 171.45 2310.0 119735.0 74141.0 45594.0 0.0 171.4143
09:49:00 1836.0 133863.0 171.12 171.28 171.6 171.18 171.27 1174.0 171.28 1.0 133863.0 57994.0 75869.0 0.0 171.3691
09:50:00 1017.0 71091.0 171.12 171.32 171.39 171.27 171.31 1202.0 171.32 100.0 71091.0 42045.0 29046.0 0.0 171.345
09:51:00 1111.0 78012.0 171.12 171.371 171.48 171.24 171.37 1426.0 171.38 1487.0 78012.0 35950.0 42062.0 0.0 171.3726
09:52:00 1324.0 88330.0 171.12 171.19 171.42 171.18 171.18 500.0 171.19 888.0 88330.0 27842.0 60488.0 0.0 171.263
09:53:00 1311.0 105252.0 171.12 171.29 171.3 171.17 171.28 121.0 171.29 1056.0 105252.0 51065.0 54187.0 0.0 171.2195
09:54:00 940.0 78767.0 171.12 171.2 171.31 171.16 171.2 1117.0 171.21 991.0 78767.0 29039.0 49728.0 0.0 171.2067
09:55:00 1641.0 119311.0 171.12 171.13 171.24 170.88 171.12 1308.0 171.13 438.0 119311.0 49778.0 69533.0 0.0 171.113
09:56:00 923.0 70699.0 171.12 171.13 171.22 171.1 171.12 1263.0 171.14 1658.0 70699.0 29898.0 40801.0 0.0 171.1675
09:57:00 1585.0 135681.0 171.12 171.26 171.27 171.01 171.25 817.0 171.26 3.0 135681.0 64245.0 71436.0 0.0 171.1105
09:58:00 944.0 76785.0 171.12 171.28 171.31 171.11 171.27 910.0 171.28 600.0 76785.0 26348.0 50437.0 0.0 171.2258
09:59:00 1104.0 82049.0 171.12 171.2 171.31 171.19 171.2 750.0 171.21 116.0 82049.0 31978.0 50071.0 0.0 171.255
10:00:00 1098.0 76165.0 171.12 171.2 171.36 171.155 171.19 1503.0 171.2 58.0 76165.0 35017.0 41148.0 0.0 171.2642
10:01:00 1523.0 118186.0 171.12 171.13 171.23 171.05 171.12 25.0 171.13 2445.0 118186.0 44446.0 73740.0 0.0 171.1221
10:02:00 951.0 59029.0 171.12 171.17 171.26 171.05 171.16 1183.0 171.18 1419.0 59029.0 26926.0 32103.0 0.0 171.1646
10:03:00 901.0 69258.0 171.12 171.23 171.33 171.17 171.21 2770.0 171.23 1400.0 69258.0 36546.0 32712.0 0.0 171.2568
10:04:00 1342.0 115132.0 171.12 171.41 171.48 171.23 171.39 1701.0 171.4 400.0 115132.0 70811.0 44321.0 0.0 171.3804
10:05:00 1075.0 81780.0 171.12 171.34 171.46 171.33 171.34 100.0 171.35 1202.0 81780.0 32876.0 48904.0 0.0 171.4074
10:06:00 762.0 44896.0 171.12 171.44 171.45 171.29 171.43 1522.0 171.44 207.0 44896.0 23986.0 20910.0 0.0 171.3572
10:07:00 1294.0 105314.0 171.12 171.48 171.53 171.38 171.48 550.0 171.49 734.0 105314.0 61762.0 43552.0 0.0 171.4627
10:08:00 1100.0 81739.0 171.12 171.53 171.58 171.43 171.52 2599.0 171.54 1228.0 81739.0 44491.0 37248.0 0.0 171.5025
10:09:00 1215.0 98411.0 171.12 171.56 171.63 171.5 171.56 1322.0 171.58 1303.0 98411.0 57747.0 40664.0 0.0 171.5575
10:10:00 3255.0 265064.0 171.12 171.69 171.81 171.53 171.68 1874.0 171.7 514.0 265064.0 135417.0 129647.0 0.0 171.6818
10:11:00 1574.0 115608.0 171.12 171.77 171.91 171.64 171.76 110.0 171.77 1793.0 115608.0 57239.0 58369.0 0.0 171.7871
10:12:00 973.0 71773.0 171.12 171.54 171.77 171.54 171.54 1412.0 171.55 1300.0 71773.0 30272.0 41501.0 0.0 171.6479
10:13:00 857.0 55174.0 171.12 171.53 171.66 171.5 171.52 1810.0 171.53 858.0 55174.0 31442.0 23732.0 0.0 171.5699
10:14:00 971.0 52546.0 171.12 171.52 171.54 171.42 171.51 2439.0 171.52 665.0 52546.0 30871.0 21675.0 0.0 171.4851
10:15:00 1545.0 75960.0 171.12 171.57 171.61 171.48 171.57 315.0 171.58 1686.0 75960.0 44324.0 31636.0 0.0 171.5556
10:16:00 1526.0 81853.0 171.12 171.37 171.61 171.37 171.36 2454.0 171.38 2005.0 81853.0 34570.0 47283.0 0.0 171.4893
10:17:00 1882.0 92883.0 171.12 171.18 171.37 171.0 171.17 913.0 171.18 1270.0 92883.0 31255.0 61628.0 0.0 171.2377
10:18:00 1036.0 40478.0 171.12 171.19 171.23 171.09 171.19 2113.0 171.2 400.0 40478.0 19273.0 21205.0 0.0 171.1624
10:19:00 848.0 54820.0 171.12 171.19 171.26 171.13 171.19 329.0 171.2 604.0 54820.0 24263.0 30557.0 0.0 171.1796
10:20:00 1101.0 82270.0 171.12 171.07 171.24 171.01 171.07 918.0 171.08 700.0 82270.0 36975.0 45295.0 0.0 171.1095
10:21:00 1434.0 120752.0 171.12 171.0 171.15 170.985 171.01 100.0 171.02 2006.0 120752.0 38676.0 82076.0 0.0 171.0376
10:22:00 1441.0 114255.0 171.12 170.95 171.02 170.9 170.94 318.0 170.95 925.0 114255.0 55761.0 58494.0 0.0 170.9545
10:23:00 1153.0 89117.0 171.12 171.05 171.15 170.95 171.05 1431.0 171.07 3294.0 89117.0 45370.0 43747.0 0.0 171.0516
10:24:00 560.0 36107.0 171.12 171.13 171.18 171.07 171.14 1183.0 171.15 100.0 36107.0 17064.0 19043.0 0.0 171.1317
10:25:00 830.0 57302.0 171.12 171.11 171.15 171.02 171.1 303.0 171.11 1302.0 57302.0 24543.0 32759.0 0.0 171.0885
10:26:00 997.0 80126.0 171.12 170.99 171.1 170.95 170.99 1.0 170.99 100.0 80126.0 29248.0 50878.0 0.0 171.0018
10:27:00 1046.0 88420.0 171.12 171.06 171.07 170.95 171.05 210.0 171.06 1688.0 88420.0 53645.0 34775.0 0.0 171.0098
10:28:00 608.0 42397.0 171.12 171.02 171.11 171.01 171.02 1811.0 171.03 403.0 42397.0 17860.0 24537.0 0.0 171.0608
10:29:00 982.0 69502.0 171.12 170.89 171.05 170.89 170.88 2105.0 170.89 517.0 69502.0 24963.0 44539.0 0.0 170.9719
10:30:00 804.0 59110.0 171.12 170.92 170.93 170.86 170.91 1978.0 170.92 82.0 59110.0 25680.0 33430.0 0.0 170.8899
10:31:00 1233.0 82196.0 171.12 171.1 171.175 170.83 171.1 412.0 171.11 1531.0 82196.0 42330.0 39866.0 0.0 171.0038
10:32:00 763.0 53786.0 171.12 171.07 171.12 171.03 171.07 300.0 171.08 1585.0 53786.0 24106.0 29680.0 0.0 171.0801
10:33:00 938.0 59358.0 171.12 171.0 171.13 171.0 171.0 1518.0 171.01 1057.0 59358.0 22765.0 36593.0 0.0 171.0671
10:34:00 721.0 54070.0 171.12 171.01 171.08 170.96 171.0 1131.0 171.01 400.0 54070.0 21120.0 32950.0 0.0 171.0067
10:35:00 822.0 55685.0 171.12 171.02 171.12 170.99 171.01 1607.0 171.02 864.0 55685.0 24041.0 31644.0 0.0 171.0728
10:36:00 755.0 48006.0 171.12 171.02 171.09 170.99 171.01 402.0 171.02 1590.0 48006.0 21711.0 26295.0 0.0 171.0307
10:37:00 675.0 39938.0 171.12 170.99 171.1 170.98 170.98 2671.0 170.99 600.0 39938.0 15734.0 24204.0 0.0 171.0377
10:38:00 842.0 52939.0 171.12 171.06 171.06 170.91 171.05 500.0 171.06 745.0 52939.0 26187.0 26752.0 0.0 170.9796
10:39:00 1018.0 83962.0 171.12 171.22 171.23 171.05 171.22 2606.0 171.23 985.0 83962.0 44303.0 39659.0 0.0 171.1613
10:40:00 918.0 73555.0 171.12 171.24 171.33 171.22 171.23 990.0 171.24 312.0 73555.0 32265.0 41290.0 0.0 171.2625
10:41:00 1055.0 74955.0 171.12 171.235 171.25 171.17 171.23 2734.0 171.24 1689.0 74955.0 32158.0 42797.0 0.0 171.2095
10:42:00 1111.0 90909.0 171.12 171.355 171.43 171.23 171.35 2436.0 171.36 880.0 90909.0 50008.0 40901.0 0.0 171.3511
10:43:00 624.0 47316.0 171.12 171.405 171.42 171.32 171.4 1500.0 171.41 2055.0 47316.0 26821.0 20495.0 0.0 171.3657
10:44:00 671.0 51316.0 171.12 171.395 171.46 171.39 171.4 200.0 171.41 1206.0 51316.0 26573.0 24743.0 0.0 171.4256
10:45:00 578.0 33524.0 171.12 171.41 171.425 171.35 171.41 100.0 171.42 2516.0 33524.0 16494.0 17030.0 0.0 171.3906
10:46:00 852.0 51628.0 171.12 171.22 171.4 171.2 171.21 2095.0 171.22 1114.0 51628.0 20914.0 30714.0 0.0 171.2991
10:47:00 3131.0 228027.0 171.12 171.29 171.59 171.1 171.28 1274.0 171.3 1894.0 228027.0 128151.0 99876.0 0.0 171.3399
10:48:00 1744.0 105851.0 171.12 171.38 171.46 171.06 171.37 2742.0 171.39 1521.0 105851.0 51618.0 54233.0 0.0 171.2843
10:49:00 624.0 42167.0 171.12 171.32 171.41 171.22 171.31 2314.0 171.32 2016.0 42167.0 18888.0 23279.0 0.0 171.3056
10:50:00 1020.0 89781.0 171.12 171.52 171.55 171.3 171.51 2000.0 171.52 100.0 89781.0 54888.0 34893.0 0.0 171.435
10:51:00 1024.0 59959.0 171.12 171.55 171.61 171.47 171.54 30.0 171.55 2242.0 59959.0 28704.0 31255.0 0.0 171.54
10:52:00 1065.0 93874.0 171.12 171.38 171.54 171.38 171.38 2704.0 171.39 404.0 93874.0 29204.0 64670.0 0.0 171.4724
10:53:00 899.0 58611.0 171.12 171.53 171.55 171.385 171.52 1769.0 171.53 405.0 58611.0 35005.0 23606.0 0.0 171.4868
10:54:00 1045.0 74525.0 171.12 171.56 171.62 171.47 171.56 50.0 171.57 2135.0 74525.0 41850.0 32675.0 0.0 171.5452
10:55:00 780.0 53837.0 171.12 171.5 171.56 171.47 171.49 750.0 171.5 504.0 53837.0 19832.0 34005.0 0.0 171.5072
10:56:00 625.0 42993.0 171.12 171.61 171.61 171.48 171.6 2853.0 171.61 166.0 42993.0 27284.0 15709.0 0.0 171.5586
10:57:00 936.0 55931.0 171.12 171.45 171.61 171.45 171.45 300.0 171.46 1713.0 55931.0 22308.0 33623.0 0.0 171.5116
10:58:00 674.0 47079.0 171.12 171.405 171.54 171.39 171.4 530.0 171.41 2262.0 47079.0 21070.0 26009.0 0.0 171.4503
10:59:00 650.0 43074.0 171.12 171.365 171.44 171.32 171.36 498.0 171.37 1600.0 43074.0 19098.0 23976.0 0.0 171.3797
11:00:00 953.0 58836.0 171.12 171.34 171.39 171.3 171.34 880.0 171.35 2002.0 58836.0 29758.0 29078.0 0.0 171.3466
11:01:00 909.0 57441.0 171.12 171.34 171.37 171.23 171.34 702.0 171.35 800.0 57441.0 31347.0 26094.0 0.0 171.3018
11:02:00 663.0 45077.0 171.12 171.35 171.46 171.33 171.34 4.0 171.35 3729.0 45077.0 24742.0 20335.0 0.0 171.4005
11:03:00 577.0 33379.0 171.12 171.33 171.39 171.31 171.32 3977.0 171.34 3361.0 33379.0 17805.0 15574.0 0.0 171.3475
11:04:00 743.0 47826.0 171.12 171.27 171.33 171.22 171.26 2786.0 171.27 100.0 47826.0 22101.0 25725.0 0.0 171.2663
11:05:00 506.0 37812.0 171.12 171.26 171.31 171.25 171.26 412.0 171.27 2000.0 37812.0 18032.0 19780.0 0.0 171.2813
11:06:00 829.0 57656.0 171.12 171.34 171.4 171.27 171.34 252.0 171.35 2617.0 57656.0 24473.0 33183.0 0.0 171.3393
11:07:00 825.0 55997.0 171.12 171.38 171.405 171.32 171.38 1915.0 171.39 712.0 55997.0 31220.0 24777.0 0.0 171.3635
11:08:00 678.0 41625.0 171.12 171.42 171.48 171.37 171.41 2621.0 171.42 800.0 41625.0 21385.0 20240.0 0.0 171.4389
11:09:00 716.0 57401.0 171.12 171.29 171.45 171.26 171.28 200.0 171.29 2650.0 57401.0 23186.0 34215.0 0.0 171.328
11:10:00 576.0 39053.0 171.12 171.23 171.29 171.2 171.22 1702.0 171.23 800.0 39053.0 14832.0 24221.0 0.0 171.244
11:11:00 481.0 31425.0 171.12 171.29 171.3 171.21 171.29 669.0 171.3 2258.0 31425.0 16384.0 15041.0 0.0 171.2478
11:12:00 571.0 41552.0 171.12 171.275 171.33 171.22 171.27 3678.0 171.28 703.0 41552.0 20795.0 20757.0 0.0 171.2774
11:13:00 627.0 50109.0 171.12 171.3 171.3 171.2 171.29 1800.0 171.3 950.0 50109.0 19740.0 30369.0 0.0 171.2589
11:14:00 593.0 39157.0 171.12 171.45 171.46 171.3 171.45 1555.0 171.46 800.0 39157.0 22723.0 16434.0 0.0 171.3798
11:15:00 702.0 49305.0 171.12 171.38 171.47 171.36 171.37 3101.0 171.38 100.0 49305.0 22613.0 26692.0 0.0 171.4116
11:16:00 599.0 45884.0 171.12 171.36 171.39 171.31 171.36 405.0 171.37 1400.0 45884.0 26736.0 19148.0 0.0 171.3536
11:17:00 442.0 28124.0 171.12 171.34 171.36 171.27 171.34 2983.0 171.35 221.0 28124.0 12167.0 15957.0 0.0 171.3172
11:18:00 575.0 40126.0 171.12 171.42 171.46 171.34 171.42 1302.0 171.43 1387.0 40126.0 22355.0 17771.0 0.0 171.4053
11:19:00 970.0 73287.0 171.12 171.39 171.5 171.39 171.39 422.0 171.4 2582.0 73287.0 37533.0 35754.0 0.0 171.4537
11:20:00 721.0 58243.0 171.12 171.435 171.47 171.37 171.43 300.0 171.44 1503.0 58243.0 26149.0 32094.0 0.0 171.416
11:21:00 626.0 47580.0 171.12 171.37 171.44 171.32 171.36 1000.0 171.37 1979.0 47580.0 23037.0 24543.0 0.0 171.3803
11:22:00 388.0 24156.0 171.12 171.291 171.43 171.275 171.29 2820.0 171.3 1098.0 24156.0 10501.0 13655.0 0.0 171.35
11:23:00 521.0 43865.0 171.12 171.3 171.4 171.29 171.3 1422.0 171.31 858.0 43865.0 25013.0 18852.0 0.0 171.3302
11:24:00 444.0 31203.0 171.12 171.28 171.34 171.25 171.27 3177.0 171.28 202.0 31203.0 11000.0 20203.0 0.0 171.2908
11:25:00 777.0 57130.0 171.12 171.19 171.28 171.17 171.19 3807.0 171.2 432.0 57130.0 16120.0 41010.0 0.0 171.2225
11:26:00 524.0 34061.0 171.12 171.25 171.26 171.18 171.24 1000.0 171.25 2311.0 34061.0 16701.0 17360.0 0.0 171.2124
11:27:00 618.0 44446.0 171.12 171.28 171.34 171.24 171.28 480.0 171.29 2737.0 44446.0 26537.0 17909.0 0.0 171.2923
11:28:00 638.0 40697.0 171.12 171.295 171.35 171.29 171.29 353.0 171.3 3584.0 40697.0 18477.0 22220.0 0.0 171.3264
11:29:00 446.0 26981.0 171.12 171.35 171.35 171.28 171.35 800.0 171.36 4087.0 26981.0 10073.0 16908.0 0.0 171.3077
11:30:00 728.0 61162.0 171.12 171.3 171.405 171.27 171.3 516.0 171.31 2872.0 61162.0 29199.0 31963.0 0.0 171.3519
11:31:00 860.0 57337.0 171.12 171.2 171.32 171.2 171.2 2644.0 171.21 946.0 57337.0 20474.0 36863.0 0.0 171.2581
11:32:00 562.0 46631.0 171.12 171.26 171.29 171.21 171.26 614.0 171.27 2771.0 46631.0 22518.0 24113.0 0.0 171.2452
11:33:00 691.0 44789.0 171.12 171.305 171.37 171.26 171.3 600.0 171.31 2135.0 44789.0 21891.0 22898.0 0.0 171.3255
11:34:00 654.0 45722.0 171.12 171.27 171.3 171.22 171.26 2202.0 171.27 642.0 45722.0 19101.0 26621.0 0.0 171.2527
11:35:00 301.0 21079.0 171.12 171.315 171.33 171.24 171.31 3276.0 171.32 2903.0 21079.0 9310.0 11769.0 0.0 171.2898
11:36:00 488.0 30170.0 171.12 171.23 171.38 171.23 171.22 1653.0 171.23 1134.0 30170.0 12168.0 18002.0 0.0 171.3096
11:37:00 752.0 60730.0 171.12 171.13 171.265 171.1 171.12 4084.0 171.13 200.0 60730.0 20907.0 39823.0 0.0 171.1803
11:38:00 428.0 31724.0 171.12 171.13 171.16 171.08 171.13 940.0 171.14 1557.0 31724.0 14455.0 17269.0 0.0 171.1253
11:39:00 597.0 38690.0 171.12 171.12 171.18 171.11 171.12 700.0 171.13 1911.0 38690.0 14632.0 24058.0 0.0 171.1417
11:40:00 680.0 48701.0 171.12 171.085 171.13 171.02 171.08 2760.0 171.09 610.0 48701.0 21927.0 26774.0 0.0 171.0647
11:41:00 413.0 23906.0 171.12 171.085 171.13 171.07 171.07 811.0 171.08 1198.0 23906.0 11307.0 12599.0 0.0 171.1001
11:42:00 549.0 35205.0 171.12 171.06 171.115 171.02 171.06 100.0 171.06 6.0 35205.0 17658.0 17547.0 0.0 171.0672
11:43:00 790.0 48288.0 171.12 171.06 171.08 171.0 171.05 2708.0 171.06 828.0 48288.0 17471.0 30817.0 0.0 171.0257
11:44:00 380.0 23290.0 171.12 171.1 171.12 171.04 171.1 2229.0 171.11 1202.0 23290.0 11693.0 11597.0 0.0 171.0893
11:45:00 507.0 32209.0 171.12 171.11 171.15 171.09 171.1 6331.0 171.12 3311.0 32209.0 14590.0 17619.0 0.0 171.1192
11:46:00 473.0 31569.0 171.12 171.12 171.145 171.06 171.11 1314.0 171.12 2236.0 31569.0 13932.0 17637.0 0.0 171.1072
11:47:00 467.0 34997.0 171.12 171.2 171.23 171.1 171.2 1004.0 171.21 3400.0 34997.0 22957.0 12040.0 0.0 171.1792
11:48:00 445.0 32174.0 171.12 171.24 171.24 171.17 171.23 5628.0 171.24 196.0 32174.0 17173.0 15001.0 0.0 171.2095
11:49:00 504.0 38621.0 171.12 171.28 171.31 171.2 171.28 1314.0 171.29 1400.0 38621.0 24148.0 14473.0 0.0 171.2653
11:50:00 756.0 68239.0 171.12 171.48 171.5 171.27 171.47 2330.0 171.48 1402.0 68239.0 48546.0 19693.0 0.0 171.4026
11:51:00 611.0 48444.0 171.12 171.49 171.51 171.43 171.49 2220.0 171.5 1269.0 48444.0 25892.0 22552.0 0.0 171.4808
11:52:00 554.0 27324.0 171.12 171.5 171.51 171.45 171.5 315.0 171.51 2014.0 27324.0 9092.0 18232.0 0.0 171.4893
11:53:00 615.0 36351.0 171.12 171.49 171.54 171.47 171.49 659.0 171.5 2578.0 36351.0 18110.0 18241.0 0.0 171.5056
11:54:00 588.0 58892.0 171.12 171.55 171.59 171.49 171.55 3133.0 171.56 786.0 58892.0 40546.0 18346.0 0.0 171.5547
11:55:00 586.0 40948.0 171.12 171.51 171.6 171.49 171.5 1277.0 171.51 1402.0 40948.0 17342.0 23606.0 0.0 171.5433
11:56:00 546.0 41564.0 171.12 171.52 171.55 171.5 171.51 2116.0 171.52 905.0 41564.0 26278.0 15286.0 0.0 171.5241
11:57:00 621.0 52582.0 171.12 171.48 171.55 171.47 171.48 1701.0 171.49 2637.0 52582.0 18492.0 34090.0 0.0 171.5064
11:58:00 918.0 62183.0 171.12 171.45 171.49 171.38 171.44 864.0 171.45 3502.0 62183.0 24443.0 37740.0 0.0 171.4339
11:59:00 656.0 49579.0 171.12 171.38 171.45 171.31 171.37 2208.0 171.38 300.0 49579.0 23875.0 25704.0 0.0 171.3673
12:00:00 860.0 64406.0 171.12 171.2 171.435 171.195 171.2 2902.0 171.21 100.0 64406.0 24304.0 40102.0 0.0 171.3122
12:01:00 539.0 39949.0 171.12 171.11 171.26 171.07 171.1 100.0 171.1 29.0 39949.0 13459.0 26490.0 0.0 171.1578
12:02:00 548.0 43727.0 171.12 171.11 171.155 171.09 171.11 697.0 171.12 2375.0 43727.0 17118.0 26609.0 0.0 171.1184
12:03:00 809.0 68317.0 171.12 171.145 171.19 171.08 171.14 1800.0 171.15 600.0 68317.0 36081.0 32236.0 0.0 171.1356
12:04:00 429.0 29030.0 171.12 171.12 171.175 171.11 171.11 2040.0 171.12 502.0 29030.0 16933.0 12097.0 0.0 171.1413
12:05:00 526.0 35162.0 171.12 171.15 171.2 171.11 171.14 1458.0 171.15 1106.0 35162.0 19813.0 15349.0 0.0 171.1547
12:06:00 348.0 19091.0 171.12 171.18 171.21 171.15 171.17 3948.0 171.18 100.0 19091.0 11224.0 7867.0 0.0 171.176
12:07:00 628.0 52724.0 171.12 171.07 171.19 171.05 171.06 3656.0 171.08 4100.0 52724.0 16211.0 36513.0 0.0 171.1168
12:08:00 970.0 76019.0 171.12 171.02 171.07 170.99 171.01 3856.0 171.02 300.0 76019.0 24761.0 51258.0 0.0 171.0228
12:09:00 982.0 83580.0 171.12 170.91 171.02 170.86 170.9 941.0 170.91 3941.0 83580.0 28237.0 55343.0 0.0 170.9178
12:10:00 592.0 38475.0 171.12 170.945 170.97 170.88 170.93 2166.0 170.95 5180.0 38475.0 18700.0 19775.0 0.0 170.9303
12:11:00 597.0 51034.0 171.12 170.94 170.96 170.84 170.94 125.0 170.95 4059.0 51034.0 15724.0 35310.0 0.0 170.9034
12:12:00 785.0 56095.0 171.12 170.85 170.97 170.79 170.84 4522.0 170.85 100.0 56095.0 19768.0 36327.0 0.0 170.8792
12:13:00 684.0 57401.0 171.12 170.87 170.87 170.76 170.86 1610.0 170.87 1102.0 57401.0 24400.0 33001.0 0.0 170.7982
12:14:00 553.0 38833.0 171.12 170.935 170.94 170.86 170.92 3462.0 170.94 3879.0 38833.0 23591.0 15242.0 0.0 170.901
12:15:00 317.0 25365.0 171.12 170.94 170.96 170.91 170.93 2529.0 170.94 487.0 25365.0 15009.0 10356.0 0.0 170.9347
12:16:00 622.0 45564.0 171.12 170.995 171.0 170.89 170.99 1396.0 171.0 802.0 45564.0 19516.0 26048.0 0.0 170.9414
12:17:00 549.0 35315.0 171.12 170.99 171.02 170.96 170.99 200.0 170.99 20.0 35315.0 18016.0 17299.0 0.0 170.9878
12:18:00 551.0 41784.0 171.12 171.01 171.03 170.98 171.0 761.0 171.01 4502.0 41784.0 21029.0 20755.0 0.0 171.0071
12:19:00 589.0 33396.0 171.12 171.0 171.02 170.96 170.99 3227.0 171.0 902.0 33396.0 17118.0 16278.0 0.0 170.9932
12:20:00 277.0 14486.0 171.12 170.96 171.0 170.93 170.96 2000.0 170.97 3598.0 14486.0 6018.0 8468.0 0.0 170.9554
12:21:00 385.0 20352.0 171.12 170.93 170.99 170.91 170.92 910.0 170.93 2534.0 20352.0 6166.0 14186.0 0.0 170.957
12:22:00 476.0 41926.0 171.12 171.035 171.035 170.93 171.03 913.0 171.04 3794.0 41926.0 31482.0 10444.0 0.0 170.9901
12:23:00 419.0 31219.0 171.12 171.06 171.075 170.98 171.05 4747.0 171.06 300.0 31219.0 16532.0 14687.0 0.0 171.0243
12:24:00 376.0 26914.0 171.12 171.045 171.07 171.01 171.04 274.0 171.05 3802.0 26914.0 11763.0 15151.0 0.0 171.034
12:25:00 380.0 27191.0 171.12 171.08 171.14 171.03 171.08 2841.0 171.09 801.0 27191.0 15327.0 11864.0 0.0 171.0865
12:26:00 404.0 24934.0 171.12 171.07 171.14 171.06 171.06 1417.0 171.07 1967.0 24934.0 12786.0 12148.0 0.0 171.0951
12:27:00 405.0 24693.0 171.12 171.03 171.11 171.03 171.03 438.0 171.04 4186.0 24693.0 10077.0 14616.0 0.0 171.0782
12:28:00 442.0 21926.0 171.12 171.09 171.1 171.035 171.09 2016.0 171.1 3076.0 21926.0 10735.0 11191.0 0.0 171.0728
12:29:00 453.0 25884.0 171.12 171.05 171.11 171.03 171.04 3650.0 171.05 400.0 25884.0 10842.0 15042.0 0.0 171.0809
12:30:00 406.0 30009.0 171.12 171.05 171.11 171.035 171.05 810.0 171.06 2502.0 30009.0 13155.0 16854.0 0.0 171.0584
12:31:00 555.0 36524.0 171.12 171.005 171.05 170.99 171.0 426.0 171.01 4287.0 36524.0 10952.0 25572.0 0.0 171.0227
12:32:00 645.0 46912.0 171.12 171.11 171.11 170.92 171.1 3004.0 171.11 302.0 46912.0 24566.0 22346.0 0.0 170.9922
12:33:00 588.0 40987.0 171.12 171.105 171.19 171.08 171.1 2652.0 171.11 600.0 40987.0 20572.0 20415.0 0.0 171.1289
12:34:00 456.0 30252.0 171.12 171.07 171.11 171.04 171.07 5907.0 171.08 267.0 30252.0 15527.0 14725.0 0.0 171.0768
12:35:00 301.0 19717.0 171.12 171.03 171.08 171.02 171.02 4279.0 171.03 489.0 19717.0 8222.0 11495.0 0.0 171.0423
12:36:00 394.0 33544.0 171.12 170.985 171.06 170.985 170.98 338.0 170.99 3774.0 33544.0 19906.0 13638.0 0.0 171.0337
12:37:00 656.0 50268.0 171.12 170.86 170.98 170.85 170.86 2214.0 170.87 900.0 50268.0 17862.0 32406.0 0.0 170.9212
12:38:00 362.0 23377.0 171.12 170.92 170.93 170.84 170.91 3674.0 170.92 337.0 23377.0 12858.0 10519.0 0.0 170.8777
12:39:00 339.0 21635.0 171.12 170.92 170.93 170.85 170.91 1704.0 170.92 1100.0 21635.0 7879.0 13756.0 0.0 170.8954
12:40:00 349.0 19651.0 171.12 170.9 170.92 170.86 170.89 824.0 170.9 4039.0 19651.0 10234.0 9417.0 0.0 170.8892
12:41:00 533.0 34786.0 171.12 170.81 170.89 170.78 170.8 2673.0 170.81 427.0 34786.0 13444.0 21342.0 0.0 170.8222
12:42:00 310.0 24530.0 171.12 170.84 170.85 170.81 170.84 1909.0 170.85 2719.0 24530.0 12805.0 11725.0 0.0 170.8365
12:43:00 550.0 40435.0 171.12 170.95 170.965 170.85 170.94 1243.0 170.95 1120.0 40435.0 26451.0 13984.0 0.0 170.9077
12:44:00 386.0 29287.0 171.12 170.95 171.0 170.95 170.94 382.0 170.95 2287.0 29287.0 15476.0 13811.0 0.0 170.9744
12:45:00 457.0 30570.0 171.12 171.03 171.055 170.95 171.03 1765.0 171.04 1793.0 30570.0 18742.0 11828.0 0.0 170.9962
12:46:00 453.0 26484.0 171.12 171.0 171.05 170.98 171.0 933.0 171.01 2643.0 26484.0 11834.0 14650.0 0.0 171.0124
12:47:00 488.0 29234.0 171.12 171.005 171.015 170.92 171.0 700.0 171.01 3167.0 29234.0 12830.0 16404.0 0.0 170.9655
12:48:00 510.0 34909.0 171.12 170.99 171.035 170.98 170.99 602.0 171.0 2810.0 34909.0 13754.0 21155.0 0.0 171.0022
12:49:00 465.0 28795.0 171.12 170.97 171.005 170.88 170.97 2039.0 170.98 3540.0 28795.0 9747.0 19048.0 0.0 170.9448
12:50:00 463.0 27289.0 171.12 170.97 171.02 170.96 170.97 646.0 170.98 1437.0 27289.0 13978.0 13311.0 0.0 170.9923
12:51:00 548.0 38442.0 171.12 170.96 170.99 170.93 170.95 3644.0 170.96 201.0 38442.0 16482.0 21960.0 0.0 170.9568
12:52:00 376.0 23551.0 171.12 170.91 170.96 170.89 170.9 1829.0 170.91 2006.0 23551.0 7121.0 16430.0 0.0 170.9352
12:53:00 277.0 19330.0 171.12 170.96 170.98 170.9 170.95 1240.0 170.96 3122.0 19330.0 9621.0 9709.0 0.0 170.9504
12:54:00 409.0 25723.0 171.12 170.95 170.97 170.9 170.95 1727.0 170.96 1228.0 25723.0 10792.0 14931.0 0.0 170.931
12:55:00 389.0 24303.0 171.12 170.98 171.0 170.95 170.98 2941.0 170.99 1300.0 24303.0 10660.0 13643.0 0.0 170.9765
12:56:00 395.0 28084.0 171.12 170.98 171.01 170.965 170.97 3871.0 170.98 764.0 28084.0 12027.0 16057.0 0.0 170.9874
12:57:00 373.0 24210.0 171.12 171.03 171.04 170.95 171.02 4211.0 171.03 200.0 24210.0 15070.0 9140.0 0.0 171.0007
12:58:00 739.0 50225.0 171.12 171.0 171.05 170.98 170.99 1353.0 171.0 2500.0 50225.0 15869.0 34356.0 0.0 171.0163
12:59:00 438.0 32313.0 171.12 171.0 171.05 170.99 170.99 3338.0 171.0 600.0 32313.0 15093.0 17220.0 0.0 171.0129
13:00:00 469.0 32772.0 171.12 170.99 171.01 170.97 170.99 2303.0 171.0 2758.0 32772.0 14056.0 18716.0 0.0 170.9879
13:01:00 493.0 31586.0 171.12 170.96 171.02 170.96 170.96 10.0 170.97 5654.0 31586.0 15434.0 16152.0 0.0 170.9835
13:02:00 415.0 29457.0 171.12 171.03 171.04 170.95 171.02 3215.0 171.03 600.0 29457.0 16730.0 12727.0 0.0 170.9896
13:03:00 480.0 35653.0 171.12 170.9 171.05 170.9 170.89 3117.0 170.91 4182.0 35653.0 15689.0 19964.0 0.0 170.9817
13:04:00 571.0 41388.0 171.12 170.89 170.94 170.86 170.89 1615.0 170.9 1100.0 41388.0 19586.0 21802.0 0.0 170.8994
13:05:00 851.0 59355.0 171.12 170.78 170.915 170.77 170.77 3809.0 170.78 700.0 59355.0 25756.0 33599.0 0.0 170.828
13:06:00 717.0 47881.0 171.12 170.805 170.825 170.74 170.8 5520.0 170.81 403.0 47881.0 19837.0 28044.0 0.0 170.7801
13:07:00 401.0 27482.0 171.12 170.83 170.87 170.78 170.83 307.0 170.84 3422.0 27482.0 13889.0 13593.0 0.0 170.8331
13:08:00 250.0 18375.0 171.12 170.86 170.9 170.82 170.85 4433.0 170.86 600.0 18375.0 8145.0 10230.0 0.0 170.8578
13:09:00 498.0 34907.0 171.12 170.785 170.86 170.74 170.78 5.0 170.79 3627.0 34907.0 10720.0 24187.0 0.0 170.7938
13:10:00 442.0 29584.0 171.12 170.75 170.79 170.72 170.75 1280.0 170.76 2564.0 29584.0 11431.0 18153.0 0.0 170.7446
13:11:00 1227.0 104979.0 171.12 170.62 170.755 170.61 170.61 2482.0 170.62 602.0 104979.0 35024.0 69955.0 0.0 170.6961
13:12:00 815.0 63168.0 171.12 170.57 170.63 170.55 170.56 4184.0 170.57 500.0 63168.0 24533.0 38635.0 0.0 170.5849
13:13:00 516.0 34386.0 171.12 170.65 170.66 170.56 170.64 200.0 170.65 3550.0 34386.0 18106.0 16280.0 0.0 170.611
13:14:00 764.0 43161.0 171.12 170.585 170.67 170.58 170.58 3600.0 170.59 314.0 43161.0 21724.0 21437.0 0.0 170.6264
13:15:00 1104.0 70746.0 171.12 170.56 170.6 170.47 170.55 3325.0 170.56 518.0 70746.0 20336.0 50410.0 0.0 170.5231
13:16:00 678.0 54489.0 171.12 170.65 170.65 170.54 170.64 2020.0 170.65 1600.0 54489.0 34351.0 20138.0 0.0 170.6
13:17:00 521.0 35761.0 171.12 170.68 170.7 170.6 170.68 3102.0 170.69 1237.0 35761.0 17300.0 18461.0 0.0 170.6497
13:18:00 608.0 37380.0 171.12 170.6 170.69 170.6 170.6 576.0 170.61 3410.0 37380.0 15706.0 21674.0 0.0 170.6319
13:19:00 426.0 24404.0 171.12 170.61 170.62 170.555 170.61 649.0 170.62 4913.0 24404.0 13903.0 10501.0 0.0 170.5832
13:20:00 642.0 44811.0 171.12 170.61 170.64 170.53 170.6 4718.0 170.61 6.0 44811.0 22920.0 21891.0 0.0 170.5775
13:21:00 344.0 23293.0 171.12 170.62 170.64 170.58 170.61 516.0 170.62 2678.0 23293.0 6032.0 17261.0 0.0 170.6167
13:22:00 600.0 46918.0 171.12 170.5 170.66 170.49 170.5 168.0 170.51 2698.0 46918.0 16781.0 30137.0 0.0 170.5571
13:23:00 491.0 35233.0 171.12 170.525 170.525 170.45 170.52 480.0 170.53 2928.0 35233.0 13273.0 21960.0 0.0 170.4932
13:24:00 551.0 37159.0 171.12 170.45 170.56 170.44 170.44 100.0 170.45 3415.0 37159.0 13902.0 23257.0 0.0 170.5118
13:25:00 426.0 36693.0 171.12 170.49 170.5 170.41 170.48 820.0 170.49 2583.0 36693.0 12865.0 23828.0 0.0 170.4518
13:26:00 397.0 28134.0 171.12 170.47 170.49 170.41 170.46 599.0 170.47 3551.0 28134.0 10465.0 17669.0 0.0 170.4509
13:27:00 535.0 35819.0 171.12 170.48 170.54 170.44 170.48 200.0 170.49 3661.0 35819.0 19554.0 16265.0 0.0 170.4851
13:28:00 596.0 40990.0 171.12 170.565 170.58 170.48 170.56 254.0 170.57 2000.0 40990.0 21154.0 19836.0 0.0 170.5344
13:29:00 373.0 23311.0 171.12 170.59 170.6 170.5 170.59 2211.0 170.6 1700.0 23311.0 10733.0 12578.0 0.0 170.5477
13:30:00 498.0 31416.0 171.12 170.65 170.66 170.59 170.64 1409.0 170.65 2166.0 31416.0 14283.0 17133.0 0.0 170.6193
13:31:00 373.0 25585.0 171.12 170.56 170.66 170.56 170.57 2402.0 170.58 1000.0 25585.0 11619.0 13966.0 0.0 170.6071
13:32:00 422.0 34601.0 171.12 170.67 170.69 170.55 170.67 1602.0 170.68 2556.0 34601.0 15957.0 18644.0 0.0 170.6171
13:33:00 512.0 45301.0 171.12 170.61 170.7 170.6 170.61 200.0 170.62 3913.0 45301.0 18312.0 26989.0 0.0 170.6482
13:34:00 464.0 38090.0 171.12 170.69 170.73 170.605 170.68 630.0 170.69 3525.0 38090.0 25531.0 12559.0 0.0 170.6718
13:35:00 488.0 34120.0 171.12 170.59 170.68 170.58 170.58 3767.0 170.59 198.0 34120.0 12429.0 21691.0 0.0 170.6402
13:36:00 534.0 40940.0 171.12 170.58 170.66 170.565 170.57 3611.0 170.58 150.0 40940.0 21838.0 19102.0 0.0 170.6144
13:37:00 502.0 31978.0 171.12 170.575 170.6 170.53 170.57 1906.0 170.58 1800.0 31978.0 17671.0 14307.0 0.0 170.5689
13:38:00 428.0 30283.0 171.12 170.56 170.58 170.535 170.55 1412.0 170.56 2858.0 30283.0 14511.0 15772.0 0.0 170.5562
13:39:00 459.0 33912.0 171.12 170.515 170.56 170.51 170.51 356.0 170.52 4651.0 33912.0 18185.0 15727.0 0.0 170.5318
13:40:00 641.0 41252.0 171.12 170.44 170.51 170.435 170.43 3383.0 170.44 1464.0 41252.0 14225.0 27027.0 0.0 170.474
13:41:00 1018.0 81435.0 171.12 170.38 170.435 170.35 170.38 602.0 170.39 4396.0 81435.0 30486.0 50949.0 0.0 170.3827
13:42:00 564.0 36518.0 171.12 170.32 170.405 170.305 170.31 5077.0 170.32 300.0 36518.0 17564.0 18954.0 0.0 170.3453
13:43:00 503.0 39280.0 171.12 170.35 170.37 170.3 170.34 405.0 170.35 6048.0 39280.0 14419.0 24861.0 0.0 170.3269
13:44:00 325.0 23029.0 171.12 170.37 170.4 170.34 170.36 1891.0 170.37 1802.0 23029.0 10469.0 12560.0 0.0 170.3712
13:45:00 534.0 38711.0 171.12 170.46 170.475 170.365 170.45 1007.0 170.46 4040.0 38711.0 24776.0 13935.0 0.0 170.4277
13:46:00 433.0 27829.0 171.12 170.35 170.46 170.345 170.35 1258.0 170.36 2694.0 27829.0 10419.0 17410.0 0.0 170.3838
13:47:00 437.0 34152.0 171.12 170.35 170.36 170.29 170.35 1405.0 170.36 2152.0 34152.0 17322.0 16830.0 0.0 170.3277
13:48:00 453.0 43550.0 171.12 170.32 170.4 170.295 170.31 3822.0 170.32 37.0 43550.0 16100.0 27450.0 0.0 170.3579
13:49:00 460.0 31811.0 171.12 170.27 170.36 170.27 170.27 312.0 170.28 5413.0 31811.0 8210.0 23601.0 0.0 170.3082
13:50:00 638.0 47350.0 171.12 170.23 170.29 170.21 170.22 123.0 170.23 4743.0 47350.0 15634.0 31716.0 0.0 170.252
13:51:00 559.0 33348.0 171.12 170.285 170.29 170.19 170.28 2386.0 170.29 1855.0 33348.0 18388.0 14960.0 0.0 170.234
13:52:00 440.0 28611.0 171.12 170.34 170.37 170.26 170.33 3983.0 170.34 706.0 28611.0 17217.0 11394.0 0.0 170.3218
13:53:00 354.0 24349.0 171.12 170.34 170.35 170.29 170.33 2289.0 170.34 1130.0 24349.0 12181.0 12168.0 0.0 170.319
13:54:00 372.0 23354.0 171.12 170.43 170.43 170.33 170.43 3062.0 170.44 1102.0 23354.0 11890.0 11464.0 0.0 170.3716
13:55:00 403.0 19125.0 171.12 170.42 170.44 170.39 170.42 4243.0 170.43 1100.0 19125.0 7660.0 11465.0 0.0 170.4189
13:56:00 374.0 26223.0 171.12 170.37 170.42 170.36 170.36 2225.0 170.37 717.0 26223.0 10473.0 15750.0 0.0 170.3766
13:57:00 351.0 24219.0 171.12 170.345 170.37 170.315 170.34 3694.0 170.35 1310.0 24219.0 11065.0 13154.0 0.0 170.343
13:58:00 422.0 26351.0 171.12 170.41 170.41 170.325 170.4 4122.0 170.41 100.0 26351.0 11434.0 14917.0 0.0 170.3587
13:59:00 564.0 39484.0 171.12 170.41 170.44 170.36 170.4 1936.0 170.41 2458.0 39484.0 18675.0 20809.0 0.0 170.4058
14:00:00 281.0 19960.0 171.12 170.43 170.43 170.38 170.42 4200.0 170.43 396.0 19960.0 10282.0 9678.0 0.0 170.4047
14:01:00 783.0 52852.0 171.12 170.24 170.43 170.24 170.24 1060.0 170.25 2393.0 52852.0 11592.0 41260.0 0.0 170.3438
14:02:00 578.0 41436.0 171.12 170.19 170.26 170.17 170.19 947.0 170.2 3459.0 41436.0 11827.0 29609.0 0.0 170.2217
14:03:00 597.0 44656.0 171.12 170.2 170.2 170.12 170.2 600.0 170.21 3278.0 44656.0 22898.0 21758.0 0.0 170.1559
14:04:00 483.0 42720.0 171.12 170.16 170.27 170.15 170.16 3828.0 170.17 500.0 42720.0 15330.0 27390.0 0.0 170.2237
14:05:00 727.0 48141.0 171.12 170.18 170.18 170.09 170.17 1845.0 170.18 2146.0 48141.0 21459.0 26682.0 0.0 170.135
14:06:00 563.0 40844.0 171.12 170.1 170.22 170.095 170.1 185.0 170.11 3629.0 40844.0 18483.0 22361.0 0.0 170.1688
14:07:00 400.0 29730.0 171.12 170.12 170.13 170.08 170.11 2628.0 170.12 1300.0 29730.0 17292.0 12438.0 0.0 170.1042
14:08:00 508.0 48533.0 171.12 170.23 170.24 170.12 170.22 801.0 170.23 2206.0 48533.0 28958.0 19575.0 0.0 170.1878
14:09:00 387.0 37760.0 171.12 170.23 170.27 170.21 170.22 4078.0 170.23 280.0 37760.0 20345.0 17415.0 0.0 170.2416
14:10:00 853.0 64234.0 171.12 170.195 170.22 170.13 170.19 3400.0 170.2 843.0 64234.0 30313.0 33921.0 0.0 170.1823
14:11:00 507.0 38786.0 171.12 170.16 170.195 170.13 170.16 500.0 170.17 4702.0 38786.0 16218.0 22568.0 0.0 170.1716
14:12:00 435.0 33395.0 171.12 170.175 170.19 170.12 170.17 3699.0 170.18 844.0 33395.0 12245.0 21150.0 0.0 170.1536
14:13:00 369.0 25830.0 171.12 170.1 170.18 170.1 170.1 2798.0 170.11 710.0 25830.0 6844.0 18986.0 0.0 170.1383
14:14:00 478.0 34734.0 171.12 170.13 170.17 170.09 170.12 3702.0 170.13 2236.0 34734.0 18168.0 16566.0 0.0 170.1355
14:15:00 580.0 38615.0 171.12 170.155 170.17 170.1 170.15 4052.0 170.16 400.0 38615.0 22288.0 16327.0 0.0 170.136
14:16:00 640.0 57399.0 171.12 170.12 170.19 170.08 170.12 702.0 170.13 2731.0 57399.0 19700.0 37699.0 0.0 170.121
14:17:00 427.0 30449.0 171.12 170.1 170.15 170.08 170.1 2200.0 170.11 1112.0 30449.0 14711.0 15738.0 0.0 170.1258
14:18:00 649.0 37189.0 171.12 170.19 170.26 170.1 170.18 1137.0 170.19 2990.0 37189.0 18531.0 18658.0 0.0 170.1943
14:19:00 363.0 28719.0 171.12 170.17 170.185 170.14 170.17 1700.0 170.18 2100.0 28719.0 14504.0 14215.0 0.0 170.1672
14:20:00 428.0 26564.0 171.12 170.15 170.21 170.14 170.14 4262.0 170.15 500.0 26564.0 14352.0 12212.0 0.0 170.1721
14:21:00 447.0 23546.0 171.12 170.12 170.17 170.105 170.12 2800.0 170.13 1360.0 23546.0 11963.0 11583.0 0.0 170.1466
14:22:00 636.0 52645.0 171.12 170.07 170.145 170.05 170.06 4013.0 170.07 558.0 52645.0 21007.0 31638.0 0.0 170.0811
14:23:00 4306.0 197200.0 171.12 169.98 170.06 169.91 169.98 434.0 169.99 2995.0 197200.0 34953.0 162247.0 0.0 169.9892
14:24:00 1030.0 68148.0 171.12 169.84 170.0 169.81 169.83 2269.0 169.84 900.0 68148.0 28142.0 40006.0 0.0 169.9
14:25:00 827.0 68829.0 171.12 169.8 169.87 169.75 169.8 1126.0 169.81 4276.0 68829.0 28760.0 40069.0 0.0 169.8152
14:26:00 827.0 62247.0 171.12 169.86 169.885 169.77 169.85 2029.0 169.86 100.0 62247.0 30750.0 31497.0 0.0 169.8249
14:27:00 852.0 66568.0 171.12 169.84 169.89 169.83 169.83 934.0 169.84 3663.0 66568.0 33841.0 32727.0 0.0 169.8689
14:28:00 572.0 47074.0 171.12 169.8 169.88 169.8 169.8 1200.0 169.81 5147.0 47074.0 19718.0 27356.0 0.0 169.8419
14:29:00 347.0 25816.0 171.12 169.805 169.84 169.79 169.8 385.0 169.81 4123.0 25816.0 12830.0 12986.0 0.0 169.8124
14:30:00 358.0 28188.0 171.12 169.8 169.85 169.795 169.8 8929.0 169.81 962.0 28188.0 13009.0 15179.0 0.0 169.8256
14:31:00 666.0 57762.0 171.12 169.79 169.87 169.78 169.79 3502.0 169.8 100.0 57762.0 25762.0 32000.0 0.0 169.8249
14:32:00 634.0 43828.0 171.12 169.73 169.84 169.715 169.72 1390.0 169.73 2509.0 43828.0 15774.0 28054.0 0.0 169.7768
14:33:00 1022.0 78917.0 171.12 169.63 169.73 169.59 169.63 2917.0 169.64 2100.0 78917.0 34937.0 43980.0 0.0 169.6429
14:34:00 566.0 43703.0 171.12 169.59 169.675 169.59 169.58 3093.0 169.6 3124.0 43703.0 17238.0 26465.0 0.0 169.6304
14:35:00 512.0 40344.0 171.12 169.62 169.63 169.57 169.61 3430.0 169.62 802.0 40344.0 19502.0 20842.0 0.0 169.608
14:36:00 1017.0 58719.0 171.12 169.5 169.635 169.48 169.5 3273.0 169.51 500.0 58719.0 18652.0 40067.0 0.0 169.5498
14:37:00 1108.0 98240.0 171.12 169.34 169.53 169.31 169.32 1710.0 169.34 4717.0 98240.0 54682.0 43558.0 0.0 169.3897
14:38:00 640.0 59321.0 171.12 169.55 169.555 169.32 169.55 211.0 169.56 2190.0 59321.0 43453.0 15868.0 0.0 169.4155
14:39:00 492.0 35732.0 171.12 169.46 169.56 169.45 169.45 850.0 169.46 1200.0 35732.0 11520.0 24212.0 0.0 169.5021
14:40:00 648.0 46019.0 171.12 169.45 169.475 169.39 169.45 2714.0 169.46 1400.0 46019.0 15484.0 30535.0 0.0 169.4268
14:41:00 625.0 44427.0 171.12 169.48 169.5 169.38 169.48 2211.0 169.49 1332.0 44427.0 20784.0 23643.0 0.0 169.4372
14:42:00 608.0 48179.0 171.12 169.475 169.515 169.41 169.46 3049.0 169.48 3946.0 48179.0 26645.0 21534.0 0.0 169.4601
14:43:00 748.0 59485.0 171.12 169.4 169.475 169.35 169.39 1575.0 169.4 903.0 59485.0 28556.0 30929.0 0.0 169.4158
14:44:00 577.0 38356.0 171.12 169.36 169.41 169.35 169.36 1795.0 169.37 4153.0 38356.0 12294.0 26062.0 0.0 169.3712
14:45:00 513.0 41981.0 171.12 169.36 169.41 169.33 169.35 3654.0 169.36 210.0 41981.0 15637.0 26344.0 0.0 169.3658
14:46:00 562.0 39246.0 171.12 169.43 169.47 169.34 169.42 3926.0 169.43 100.0 39246.0 23000.0 16246.0 0.0 169.3827
14:47:00 421.0 28940.0 171.12 169.36 169.445 169.36 169.36 1401.0 169.37 1800.0 28940.0 10296.0 18644.0 0.0 169.3892
14:48:00 504.0 40749.0 171.12 169.35 169.42 169.34 169.35 300.0 169.36 3975.0 40749.0 15130.0 25619.0 0.0 169.3657
14:49:00 750.0 62512.0 171.12 169.59 169.59 169.35 169.58 2021.0 169.59 300.0 62512.0 40682.0 21830.0 0.0 169.4723
14:50:00 1182.0 106077.0 171.12 169.57 169.69 169.53 169.57 300.0 169.58 2426.0 106077.0 54489.0 51588.0 0.0 169.6064
14:51:00 713.0 48773.0 171.12 169.44 169.57 169.42 169.43 2407.0 169.44 200.0 48773.0 19658.0 29115.0 0.0 169.4962
14:52:00 633.0 51913.0 171.12 169.405 169.54 169.4 169.4 5616.0 169.41 280.0 51913.0 28571.0 23342.0 0.0 169.4707
14:53:00 451.0 31203.0 171.12 169.44 169.475 169.39 169.44 3020.0 169.45 1580.0 31203.0 15995.0 15208.0 0.0 169.4337
14:54:00 474.0 35192.0 171.12 169.5 169.5 169.405 169.49 3730.0 169.5 948.0 35192.0 18657.0 16535.0 0.0 169.4499
14:55:00 550.0 28775.0 171.12 169.55 169.565 169.48 169.55 600.0 169.56 3262.0 28775.0 14940.0 13835.0 0.0 169.5204
14:56:00 757.0 54960.0 171.12 169.64 169.705 169.54 169.63 4020.0 169.64 598.0 54960.0 36096.0 18864.0 0.0 169.6475
14:57:00 983.0 77256.0 171.12 169.57 169.63 169.49 169.56 3059.0 169.57 100.0 77256.0 28312.0 48944.0 0.0 169.5672
14:58:00 761.0 69816.0 171.12 169.61 169.645 169.47 169.61 476.0 169.62 1600.0 69816.0 32762.0 37054.0 0.0 169.5639
14:59:00 645.0 53892.0 171.12 169.48 169.64 169.45 169.48 201.0 169.49 3743.0 53892.0 19698.0 34194.0 0.0 169.5301
15:00:00 569.0 48369.0 171.12 169.52 169.59 169.485 169.51 500.0 169.52 3760.0 48369.0 31572.0 16797.0 0.0 169.5318
15:01:00 972.0 73820.0 171.12 169.41 169.53 169.37 169.41 600.0 169.42 3622.0 73820.0 31856.0 41964.0 0.0 169.4516
15:02:00 1084.0 73002.0 171.12 169.43 169.44 169.35 169.42 700.0 169.43 2002.0 73002.0 39228.0 33774.0 0.0 169.3847
15:03:00 826.0 62412.0 171.12 169.49 169.53 169.41 169.48 2780.0 169.49 439.0 62412.0 35255.0 27157.0 0.0 169.4755
15:04:00 1016.0 74250.0 171.12 169.34 169.485 169.33 169.34 400.0 169.35 4014.0 74250.0 26236.0 48014.0 0.0 169.3977
15:05:00 1286.0 94831.0 171.12 169.3 169.35 169.18 169.3 660.0 169.31 1809.0 94831.0 47763.0 47068.0 0.0 169.2581
15:06:00 648.0 43896.0 171.12 169.28 169.32 169.265 169.28 801.0 169.29 3957.0 43896.0 23985.0 19911.0 0.0 169.3028
15:07:00 707.0 55028.0 171.12 169.32 169.36 169.22 169.32 1583.0 169.33 898.0 55028.0 33911.0 21117.0 0.0 169.2961
15:08:00 813.0 58729.0 171.12 169.18 169.375 169.17 169.18 2694.0 169.19 605.0 58729.0 21362.0 37367.0 0.0 169.2791
15:09:00 831.0 56040.0 171.12 169.19 169.22 169.14 169.19 3303.0 169.2 500.0 56040.0 36594.0 19446.0 0.0 169.1718
15:10:00 1061.0 97346.0 171.12 169.09 169.22 169.08 169.08 1841.0 169.09 1300.0 97346.0 31603.0 65743.0 0.0 169.1485
15:11:00 3514.0 206014.0 171.12 169.07 169.12 168.97 169.06 2432.0 169.07 2437.0 206014.0 68091.0 137923.0 0.0 169.0233
15:12:00 1061.0 89548.0 171.12 169.15 169.19 169.06 169.15 3326.0 169.16 410.0 89548.0 50864.0 38684.0 0.0 169.1345
15:13:00 1145.0 93924.0 171.12 169.12 169.17 169.04 169.12 412.0 169.13 1600.0 93924.0 47306.0 46618.0 0.0 169.1045
15:14:00 944.0 77851.0 171.12 169.15 169.15 169.06 169.14 3247.0 169.16 3451.0 77851.0 35469.0 42382.0 0.0 169.1053
15:15:00 1127.0 89032.0 171.12 169.12 169.15 168.99 169.11 2506.0 169.12 310.0 89032.0 31414.0 57618.0 0.0 169.0613
15:16:00 746.0 53119.0 171.12 169.1 169.16 169.06 169.09 3413.0 169.1 100.0 53119.0 24859.0 28260.0 0.0 169.1056
15:17:00 1499.0 119142.0 171.12 168.94 169.09 168.9 168.94 700.0 168.95 2268.0 119142.0 44169.0 74973.0 0.0 168.9677
15:18:00 831.0 68122.0 171.12 168.98 169.06 168.93 168.98 1101.0 168.99 2425.0 68122.0 29472.0 38650.0 0.0 168.9918
15:19:00 775.0 61223.0 171.12 168.99 169.03 168.92 168.99 1200.0 169.0 2245.0 61223.0 30150.0 31073.0 0.0 168.9729
15:20:00 1009.0 78073.0 171.12 169.19 169.19 168.95 169.18 300.0 169.19 1900.0 78073.0 42708.0 35365.0 0.0 169.0972
15:21:00 1129.0 88564.0 171.12 169.23 169.27 169.16 169.23 49.0 169.24 3229.0 88564.0 46227.0 42337.0 0.0 169.2146
15:22:00 867.0 70125.0 171.12 169.26 169.3 169.2 169.26 3731.0 169.27 600.0 70125.0 39604.0 30521.0 0.0 169.2556
15:23:00 1041.0 78127.0 171.12 169.19 169.27 169.18 169.18 1602.0 169.19 901.0 78127.0 29554.0 48573.0 0.0 169.2229
15:24:00 849.0 65634.0 171.12 169.16 169.19 169.13 169.16 600.0 169.17 3857.0 65634.0 33366.0 32268.0 0.0 169.1659
15:25:00 613.0 49744.0 171.12 169.26 169.27 169.15 169.25 3984.0 169.26 300.0 49744.0 25208.0 24536.0 0.0 169.2072
15:26:00 708.0 47081.0 171.12 169.28 169.33 169.26 169.27 2755.0 169.28 400.0 47081.0 24352.0 22729.0 0.0 169.3011
15:27:00 778.0 55351.0 171.12 169.22 169.29 169.21 169.22 93.0 169.22 200.0 55351.0 26891.0 28460.0 0.0 169.2534
15:28:00 742.0 49137.0 171.12 169.18 169.27 169.16 169.17 1183.0 169.18 5951.0 49137.0 20196.0 28941.0 0.0 169.2143
15:29:00 872.0 63490.0 171.12 169.09 169.19 169.05 169.08 4351.0 169.09 1992.0 63490.0 29920.0 33570.0 0.0 169.1204
15:30:00 843.0 62991.0 171.12 169.21 169.22 169.07 169.21 400.0 169.22 4320.0 62991.0 32734.0 30257.0 0.0 169.1361
15:31:00 1126.0 103657.0 171.12 169.43 169.44 169.18 169.42 3999.0 169.43 200.0 103657.0 64300.0 39357.0 0.0 169.326
15:32:00 1245.0 106141.0 171.12 169.34 169.43 169.315 169.33 5073.0 169.34 200.0 106141.0 43820.0 62321.0 0.0 169.3752
15:33:00 945.0 77476.0 171.12 169.19 169.345 169.13 169.19 800.0 169.2 2991.0 77476.0 23178.0 54298.0 0.0 169.2603
15:34:00 1859.0 133937.0 171.12 169.0 169.21 168.95 169.0 310.0 169.01 3516.0 133937.0 54225.0 79712.0 0.0 169.0705
15:35:00 1213.0 107777.0 171.12 169.1 169.1 169.0 169.09 600.0 169.1 3784.0 107777.0 54011.0 53766.0 0.0 169.0543
15:36:00 1330.0 109602.0 171.12 169.19 169.23 169.08 169.19 510.0 169.2 2480.0 109602.0 50283.0 59319.0 0.0 169.1574
15:37:00 1238.0 104706.0 171.12 169.22 169.26 169.16 169.22 500.0 169.23 2584.0 104706.0 57662.0 47044.0 0.0 169.2187
15:38:00 844.0 68738.0 171.12 169.11 169.25 169.1 169.1 2538.0 169.11 1010.0 68738.0 24544.0 44194.0 0.0 169.1495
15:39:00 1175.0 91481.0 171.12 169.27 169.285 169.1 169.27 1318.0 169.28 3169.0 91481.0 57099.0 34382.0 0.0 169.2195
15:40:00 1047.0 90678.0 171.12 169.33 169.38 169.26 169.32 3355.0 169.34 3800.0 90678.0 47989.0 42689.0 0.0 169.3271
15:41:00 1431.0 114960.0 171.12 169.11 169.32 169.09 169.11 400.0 169.12 2598.0 114960.0 50038.0 64922.0 0.0 169.1898
15:42:00 937.0 85418.0 171.12 169.19 169.25 169.105 169.18 3448.0 169.19 998.0 85418.0 36350.0 49068.0 0.0 169.1794
15:43:00 1199.0 98851.0 171.12 169.13 169.23 169.09 169.13 802.0 169.14 5903.0 98851.0 42521.0 56330.0 0.0 169.1519
15:44:00 1036.0 105004.0 171.12 169.19 169.22 169.07 169.19 3507.0 169.2 984.0 105004.0 56710.0 48294.0 0.0 169.1385
15:45:00 959.0 80425.0 171.12 169.3 169.3 169.19 169.3 400.0 169.31 2671.0 80425.0 40827.0 39598.0 0.0 169.2534
15:46:00 1596.0 138314.0 171.12 169.53 169.54 169.305 169.52 4500.0 169.53 100.0 138314.0 70665.0 67649.0 0.0 169.4245
15:47:00 1526.0 130736.0 171.12 169.34 169.52 169.28 169.33 3822.0 169.34 700.0 130736.0 56124.0 74612.0 0.0 169.3829
15:48:00 1369.0 111880.0 171.12 169.395 169.46 169.29 169.39 4332.0 169.4 121.0 111880.0 46407.0 65473.0 0.0 169.391
15:49:00 1078.0 95206.0 171.12 169.36 169.47 169.34 169.35 6059.0 169.36 100.0 95206.0 39625.0 55581.0 0.0 169.4103
15:50:00 1398.0 106079.0 171.12 169.29 169.4 169.24 169.28 800.0 169.29 402.0 106079.0 38674.0 67405.0 0.0 169.334
15:51:00 9261.0 704069.0 171.12 168.93 169.34 168.63 168.92 8772.0 168.93 100.0 704069.0 335534.0 368535.0 0.0 168.9568
15:52:00 2354.0 170333.0 171.12 168.64 168.92 168.61 168.64 1700.0 168.65 100.0 170333.0 68379.0 101954.0 0.0 168.7758
15:53:00 2454.0 175006.0 171.12 168.54 168.77 168.5 168.53 900.0 168.54 400.0 175006.0 72338.0 102668.0 0.0 168.6215
15:54:00 2483.0 194556.0 171.12 168.56 168.63 168.48 168.56 600.0 168.57 611.0 194556.0 71952.0 122604.0 0.0 168.5377
15:55:00 4705.0 403785.0 171.12 168.67 168.75 168.47 168.67 3860.0 168.69 650.0 403785.0 179517.0 224268.0 0.0 168.6157
15:56:00 3913.0 345231.0 171.12 168.98 169.04 168.67 168.97 3314.0 168.98 828.0 345231.0 180073.0 165158.0 0.0 168.9238
15:57:00 2103.0 158522.0 171.12 168.62 169.07 168.6 168.62 1936.0 168.63 2002.0 158522.0 63217.0 95305.0 0.0 168.8356
15:58:00 2407.0 192957.0 171.12 168.71 168.8 168.595 168.7 700.0 168.71 831.0 192957.0 109291.0 83666.0 0.0 168.7146
15:59:00 3407.0 294089.0 171.12 168.81 168.94 168.695 168.8 1617.0 168.81 558.0 294089.0 164474.0 129615.0 0.0 168.8241
16:00:00 5931.0 601584.0 171.12 168.92 169.01 168.68 168.91 12000.0 168.96 74602.0 601584.0 304382.0 297202.0 0.0 168.7866
16:01:00 184.0 15492.0 171.12 169.05 169.2 168.8 169.05 199.0 169.05 18.0 15492.0 8197.0 7295.0 0.0 169.0101
16:02:00 129.0 4959.0 171.12 169.01 169.13 169.01 169.01 100.0 169.05 18.0 4959.0 1830.0 3129.0 0.0 169.0688
16:03:00 79.0 1852.0 171.12 169.0 169.05 168.93 169.0 142.0 169.02 680.0 1852.0 319.0 1533.0 0.0 169.0039
16:04:00 73.0 12895.0 171.12 169.09 169.09 169.0 169.03 5.0 169.05 18.0 12895.0 11680.0 1215.0 0.0 169.0118
16:05:00 58.0 8955.0 171.12 169.07 169.1 169.0 169.01 300.0 169.05 18.0 8955.0 6910.0 2045.0 0.0 169.0817
16:06:00 42.0 1299.0 171.12 169.01 169.05 169.0 169.01 1.0 169.05 86.0 1299.0 1032.0 267.0 0.0 169.0384
16:07:00 66.0 1133.0 171.12 169.0 169.08 168.99 169.0 103.0 169.05 218.0 1133.0 196.0 937.0 0.0 169.0123
16:08:00 55.0 1210.0 171.12 168.99 169.05 168.96 168.94 8.0 169.0 40.0 1210.0 3.0 1207.0 0.0 168.9992
16:09:00 171.0 6819.0 171.12 168.91 168.99 168.9 168.9 102.0 168.95 78.0 6819.0 2343.0 4476.0 0.0 168.9546
16:10:00 127.0 5369.0 171.12 168.86 168.96 168.83 168.85 131.0 168.99 688.0 5369.0 3725.0 1644.0 0.0 168.8982
16:11:00 47.0 1380.0 171.12 168.89 168.93 168.83 168.81 4.0 168.9 148.0 1380.0 0.0 1380.0 0.0 168.8862
16:12:00 75.0 2257.0 171.12 168.81 168.87 168.8 168.8 350.0 168.84 147.0 2257.0 99.0 2158.0 0.0 168.8014
16:13:00 75.0 1933.0 171.12 168.9 168.9 168.8 168.85 200.0 168.89 1.0 1933.0 856.0 1077.0 0.0 168.8234
16:14:00 78.0 2310.0 171.12 168.86 168.92 168.8 168.88 6.0 168.93 40.0 2310.0 564.0 1746.0 0.0 168.8386
16:15:00 50.0 968.0 171.12 168.91 168.96 168.86 168.91 2.0 168.99 440.0 968.0 641.0 327.0 0.0 168.9149
16:16:00 34.0 363.0 171.12 168.99 169.0 168.94 168.96 36.0 168.99 485.0 363.0 166.0 197.0 0.0 168.9666
16:17:00 55.0 1105.0 171.12 168.93 168.99 168.91 168.92 851.0 168.94 60.0 1105.0 421.0 684.0 0.0 168.9362
16:18:00 43.0 1015.0 171.12 168.95 168.96 168.9 168.9 5.0 168.92 7.0 1015.0 92.0 923.0 0.0 168.9212
16:19:00 28.0 151.0 171.12 168.92 168.95 168.9 168.9 74.0 168.92 98.0 151.0 24.0 127.0 0.0 168.9075
16:20:00 97.0 5607.0 171.12 168.9 168.96 168.9 168.9 443.0 168.95 109.0 5607.0 2938.0 2669.0 0.0 168.9478
16:21:00 21.0 135.0 171.12 168.96 168.96 168.9 168.92 8.0 168.96 395.0 135.0 130.0 5.0 0.0 168.9492
16:22:00 38.0 758.0 171.12 168.96 168.98 168.9 168.92 5.0 168.96 98.0 758.0 409.0 349.0 0.0 168.9419
16:23:00 21.0 114.0 171.12 168.98 168.98 168.92 168.97 49.0 168.97 4.0 114.0 105.0 9.0 0.0 168.9592
16:24:00 42.0 2450.0 171.12 168.97 169.0 168.96 168.97 149.0 168.98 94.0 2450.0 1766.0 684.0 0.0 168.983
16:25:00 23.0 190.0 171.12 168.98 169.0 168.97 168.97 155.0 168.98 186.0 190.0 40.0 150.0 0.0 168.974
16:26:00 36.0 761.0 171.12 168.98 168.99 168.97 168.98 465.0 168.99 1564.0 761.0 444.0 317.0 0.0 168.9764
16:27:00 60.0 1043.0 171.12 168.98 168.98 168.93 168.95 188.0 168.97 914.0 1043.0 174.0 869.0 0.0 168.9699
16:28:00 19.0 128.0 171.12 168.94 168.97 168.94 168.94 199.0 168.95 554.0 128.0 9.0 119.0 0.0 168.9492
16:29:00 24.0 382.0 171.12 168.95 168.96 168.93 168.92 5.0 168.94 108.0 382.0 173.0 209.0 0.0 168.9443
16:30:00 23.0 2159.0 171.12 168.95 168.97 168.91 168.93 100.0 168.96 83.0 2159.0 2152.0 7.0 0.0 168.9459
16:31:00 22.0 80.0 171.12 168.96 168.97 168.93 168.95 6.0 168.96 186.0 80.0 74.0 6.0 0.0 168.9585
16:32:00 25.0 68.0 171.12 168.95 168.96 168.93 168.93 428.0 168.95 190.0 68.0 27.0 41.0 0.0 168.9462
16:33:00 26.0 562.0 171.12 168.98 168.98 168.94 168.97 2.0 168.99 1100.0 562.0 559.0 3.0 0.0 168.9617
16:34:00 56.0 13306.0 171.12 169.09 169.09 168.96 169.05 5.0 169.05 18.0 13306.0 13302.0 4.0 0.0 169.006
16:35:00 26.0 56.0 171.12 169.09 169.09 169.04 169.05 114.0 169.05 18.0 56.0 55.0 1.0 0.0 169.0841
16:36:00 35.0 293.0 171.12 169.09 169.1 169.05 169.08 67.0 169.05 18.0 293.0 245.0 48.0 0.0 169.0883
16:37:00 56.0 1450.0 171.12 169.02 169.1 169.01 169.02 14.0 169.04 2744.0 1450.0 704.0 746.0 0.0 169.0413
16:38:00 38.0 8302.0 171.12 169.14 169.15 169.01 169.1 1.0 169.05 18.0 8302.0 8282.0 20.0 0.0 169.0816
16:39:00 36.0 202.0 171.12 169.05 169.14 169.05 169.05 35.0 169.05 18.0 202.0 13.0 189.0 0.0 169.0569
16:40:00 42.0 353.0 171.12 169.07 169.09 169.05 169.05 900.0 169.05 18.0 353.0 74.0 279.0 0.0 169.0564
16:41:00 29.0 1014.0 171.12 169.05 169.07 169.05 169.05 20.0 169.05 18.0 1014.0 2.0 1012.0 0.0 169.0589
16:42:00 31.0 461.0 171.12 169.06 169.08 169.05 169.05 194.0 169.05 18.0 461.0 420.0 41.0 0.0 169.0601
16:43:00 35.0 3055.0 171.12 169.06 169.06 169.05 169.05 485.0 169.05 18.0 3055.0 2954.0 101.0 0.0 169.0597
16:44:00 37.0 10386.0 171.12 169.13 169.13 169.06 169.11 69.0 169.05 18.0 10386.0 10215.0 171.0 0.0 169.0635
16:45:00 64.0 2735.0 171.12 169.1 169.12 169.04 169.05 257.0 169.05 18.0 2735.0 101.0 2634.0 0.0 169.0474
16:46:00 14.0 144.0 171.12 169.1 169.1 169.06 169.09 3.0 169.05 18.0 144.0 36.0 108.0 0.0 169.0985
16:47:00 14.0 212.0 171.12 169.09 169.11 169.09 169.08 86.0 169.05 18.0 212.0 189.0 23.0 0.0 169.1088
16:48:00 25.0 566.0 171.12 169.12 169.12 169.08 169.1 3.0 169.05 18.0 566.0 527.0 39.0 0.0 169.1092
16:49:00 24.0 117.0 171.12 169.11 169.12 169.09 169.09 5.0 169.05 18.0 117.0 14.0 103.0 0.0 169.0939
16:50:00 30.0 424.0 171.12 169.11 169.11 169.06 169.09 25.0 169.05 18.0 424.0 390.0 34.0 0.0 169.092
16:51:00 34.0 58.0 171.12 169.1 169.16 169.09 169.1 26.0 169.05 18.0 58.0 10.0 48.0 0.0 169.1017
16:52:00 31.0 134.0 171.12 169.1 169.12 169.1 169.1 1.0 169.05 18.0 134.0 106.0 28.0 0.0 169.1082
16:53:00 49.0 436.0 171.12 169.1 169.12 169.08 169.08 58.0 169.05 18.0 436.0 39.0 397.0 0.0 169.0846
16:54:00 35.0 838.0 171.12 169.1 169.11 169.08 169.08 17.0 169.05 18.0 838.0 599.0 239.0 0.0 169.102
16:55:00 13.0 367.0 171.12 169.1 169.12 169.1 169.1 50.0 169.05 18.0 367.0 247.0 120.0 0.0 169.1001
16:56:00 48.0 1653.0 171.12 169.15 169.15 169.1 169.1 56.0 169.05 18.0 1653.0 1588.0 65.0 0.0 169.1394
16:57:00 18.0 23.0 171.12 169.11 169.16 169.11 169.1 96.0 169.05 18.0 23.0 22.0 1.0 0.0 169.1478
16:58:00 99.0 1594.0 171.12 169.14 169.16 169.07 169.08 6.0 169.05 18.0 1594.0 978.0 616.0 0.0 169.0946
16:59:00 18.0 326.0 171.12 169.09 169.14 169.09 169.1 8.0 169.05 18.0 326.0 325.0 1.0 0.0 169.1
17:00:00 110.0 1907.0 171.12 169.03 169.14 169.02 169.03 300.0 169.05 18.0 1907.0 1649.0 258.0 0.0 169.051
