time trade_count trade_volume trade_first trade_last trade_high trade_low bid_price bid_size ask_price ask_size hid_vol buy_vol sell_vol unsided_vol vwap
09:00:00 nan 5255.0 172.65 172.48 172.65 172.4 172.46 2.0 172.52 100.0 5255.0 988.0 4267.0 0.0 172.465
09:01:00 179.0 5412.0 172.65 172.38 172.5 172.28 172.36 54.0 172.43 99.0 5412.0 1428.0 3984.0 0.0 172.3663
09:02:00 54.0 1670.0 172.65 172.34 172.4 172.31 172.31 627.0 172.34 137.0 1670.0 643.0 1027.0 0.0 172.3438
09:03:00 70.0 2061.0 172.65 172.28 172.37 172.28 172.28 455.0 172.31 19.0 2061.0 23.0 2038.0 0.0 172.3098
09:04:00 273.0 9599.0 172.65 172.23 172.31 172.1 172.21 1.0 172.23 49.0 9599.0 1218.0 8381.0 0.0 172.1949
09:05:00 144.0 4641.0 172.65 172.21 172.33 172.17 172.25 100.0 172.29 102.0 4641.0 2660.0 1981.0 0.0 172.2004
09:06:00 113.0 6006.0 172.65 172.28 172.45 172.2 172.24 646.0 172.35 687.0 6006.0 1066.0 4940.0 0.0 172.3182
09:07:00 57.0 1516.0 172.65 172.27 172.3 172.224 172.22 127.0 172.27 32.0 1516.0 438.0 1078.0 0.0 172.2532
09:08:00 80.0 688.0 172.65 172.18 172.28 172.18 172.17 23.0 172.21 104.0 688.0 382.0 306.0 0.0 172.2446
09:09:00 144.0 1815.0 172.65 172.29 172.29 172.11 172.24 418.0 172.3 108.0 1815.0 1142.0 673.0 0.0 172.1761
09:10:00 91.0 6328.0 172.65 172.34 172.38 172.27 172.33 228.0 172.39 108.0 6328.0 3123.0 3205.0 0.0 172.3379
09:11:00 21.0 678.0 172.65 172.31 172.36 172.26 172.26 95.0 172.31 5.0 678.0 113.0 565.0 0.0 172.3039
09:12:00 61.0 416.0 172.65 172.2 172.31 172.2 172.22 1.0 172.28 36.0 416.0 11.0 405.0 0.0 172.2513
09:13:00 119.0 3162.0 172.65 172.22 172.3 172.17 172.2 215.0 172.26 200.0 3162.0 482.0 2680.0 0.0 172.2304
09:14:00 66.0 1376.0 172.65 172.15 172.25 172.15 172.15 215.0 172.19 30.0 1376.0 211.0 1165.0 0.0 172.1774
09:15:00 74.0 1401.0 172.65 172.32 172.32 172.17 172.24 221.0 172.38 2.0 1401.0 1080.0 321.0 0.0 172.243
09:16:00 589.0 14789.0 172.65 172.08 172.41 171.9 172.03 133.0 172.18 300.0 14789.0 5167.0 9622.0 0.0 172.0207
09:17:00 164.0 4174.0 172.65 172.1 172.18 172.0 172.05 618.0 172.1 412.0 4174.0 999.0 3175.0 0.0 172.0732
09:18:00 164.0 6630.0 172.65 171.97 172.12 171.95 171.97 710.0 172.05 100.0 6630.0 2588.0 4042.0 0.0 172.0234
09:19:00 174.0 8037.0 172.65 171.85 171.99 171.85 171.85 531.0 171.88 387.0 8037.0 800.0 7237.0 0.0 171.9186
09:20:00 133.0 7282.0 172.65 171.94 171.99 171.8 171.94 100.0 171.97 387.0 7282.0 2080.0 5202.0 0.0 171.8973
09:21:00 61.0 1830.0 172.65 172.13 172.13 171.94 172.11 317.0 172.13 38.0 1830.0 1619.0 211.0 0.0 172.0125
09:22:00 142.0 6800.0 172.65 172.0 172.15 171.96 172.01 451.0 172.06 1.0 6800.0 4885.0 1915.0 0.0 172.0173
09:23:00 79.0 3328.0 172.65 172.1 172.24 172.01 172.05 150.0 172.11 303.0 3328.0 865.0 2463.0 0.0 172.1533
09:24:00 51.0 734.0 172.65 172.14 172.14 172.07 172.13 1.0 172.14 231.0 734.0 447.0 287.0 0.0 172.1165
09:25:00 114.0 8482.0 172.65 172.38 172.38 172.14 172.3 1.0 172.38 22.0 8482.0 7000.0 1482.0 0.0 172.2246
09:26:00 147.0 5497.0 172.65 172.39 172.48 172.21 172.3 1.0 172.39 100.0 5497.0 1868.0 3629.0 0.0 172.4054
09:27:00 52.0 1606.0 172.65 172.36 172.45 172.26 172.36 457.0 172.47 164.0 1606.0 940.0 666.0 0.0 172.3868
09:28:00 193.0 6452.0 172.65 172.3 172.49 172.2 172.22 5.0 172.39 30.0 6452.0 1484.0 4968.0 0.0 172.36
09:29:00 130.0 4240.0 172.65 172.14 172.22 172.05 172.1 24.0 172.2 20.0 4240.0 2190.0 2050.0 0.0 172.1385
09:30:00 148.0 3440.0 172.65 172.33 172.33 172.1 172.31 5602.0 172.39 1050.0 3440.0 3244.0 196.0 0.0 172.1908
09:31:00 5136.0 239052.0 172.65 172.51 172.7 172.05 172.51 9.0 172.54 325.0 239052.0 106588.0 132464.0 0.0 172.3363
09:32:00 2725.0 167567.0 172.65 171.64 172.54 171.57 171.63 130.0 171.65 300.0 167567.0 50405.0 117162.0 0.0 171.9085
09:33:00 1790.0 116744.0 172.65 171.84 171.88 171.53 171.82 1200.0 171.86 350.0 116744.0 61303.0 55441.0 0.0 171.7126
09:34:00 2195.0 165812.0 172.65 171.41 171.88 171.36 171.39 749.0 171.43 126.0 165812.0 65771.0 100041.0 0.0 171.6477
09:35:00 1596.0 114595.0 172.65 171.69 171.9 171.41 171.67 1000.0 171.69 498.0 114595.0 53464.0 61131.0 0.0 171.7007
09:36:00 1843.0 157197.0 172.65 171.98 172.06 171.62 171.95 488.0 171.99 402.0 157197.0 92181.0 65016.0 0.0 171.7905
09:37:00 1925.0 136949.0 172.65 172.4 172.409 171.97 172.39 761.0 172.41 800.0 136949.0 75610.0 61339.0 0.0 172.2102
09:38:00 1911.0 141599.0 172.65 172.06 172.47 171.96 172.05 350.0 172.07 1.0 141599.0 50223.0 91376.0 0.0 172.2234
09:39:00 1484.0 102247.0 172.65 171.82 172.17 171.75 171.81 112.0 171.82 100.0 102247.0 44895.0 57352.0 0.0 171.9288
09:40:00 1108.0 76466.0 172.65 172.09 172.16 171.82 172.07 550.0 172.09 249.0 76466.0 43283.0 33183.0 0.0 171.9868
09:41:00 2324.0 191872.0 172.65 171.68 172.18 171.55 171.66 449.0 171.69 804.0 191872.0 64492.0 127380.0 0.0 171.8414
09:42:00 2073.0 169952.0 172.65 171.29 171.75 171.23 171.27 300.0 171.29 550.0 169952.0 57226.0 112726.0 0.0 171.5027
09:43:00 1379.0 84323.0 172.65 171.23 171.49 171.19 171.23 3750.0 171.25 250.0 84323.0 35352.0 48971.0 0.0 171.3603
09:44:00 1623.0 119933.0 172.65 171.23 171.45 171.08 171.22 500.0 171.24 100.0 119933.0 54729.0 65204.0 0.0 171.2761
09:45:00 2655.0 165709.0 172.65 171.03 171.29 170.89 171.0 954.0 171.03 1050.0 165709.0 75184.0 90525.0 0.0 171.065
09:46:00 1981.0 156081.0 172.65 171.27 171.28 170.91 171.26 400.0 171.28 145.0 156081.0 77331.0 78750.0 0.0 171.0787
09:47:00 1702.0 134803.0 172.65 171.51 171.62 171.25 171.5 500.0 171.51 100.0 134803.0 78588.0 56215.0 0.0 171.4589
09:48:00 1400.0 101534.0 172.65 171.54 171.64 171.43 171.52 204.0 171.54 935.0 101534.0 50200.0 51334.0 0.0 171.5411
09:49:00 1695.0 119558.0 172.65 171.16 171.55 171.07 171.15 1000.0 171.17 300.0 119558.0 42860.0 76698.0 0.0 171.2887
09:50:00 1368.0 97945.0 172.65 171.14 171.36 171.08 171.13 200.0 171.14 100.0 97945.0 49462.0 48483.0 0.0 171.1908
09:51:00 1475.0 116850.0 172.65 171.51 171.53 171.03 171.5 50.0 171.51 360.0 116850.0 57354.0 59496.0 0.0 171.2925
09:52:00 1735.0 130182.0 172.65 171.69 171.72 171.36 171.68 300.0 171.69 28.0 130182.0 61793.0 68389.0 0.0 171.5373
09:53:00 1614.0 131941.0 172.65 171.71 171.79 171.58 171.7 1659.0 171.73 700.0 131941.0 50940.0 81001.0 0.0 171.698
09:54:00 1681.0 140546.0 172.65 171.57 171.7 171.54 171.54 517.0 171.56 100.0 140546.0 58291.0 82255.0 0.0 171.6236
09:55:00 1932.0 143614.0 172.65 171.11 171.6 171.1 171.1 400.0 171.12 1340.0 143614.0 56112.0 87502.0 0.0 171.3575
09:56:00 2572.0 181322.0 172.65 171.15 171.16 170.83 171.14 100.0 171.15 242.0 181322.0 78804.0 102518.0 0.0 171.001
09:57:00 1298.0 98414.0 172.65 171.32 171.32 171.09 171.32 150.0 171.33 45.0 98414.0 44774.0 53640.0 0.0 171.194
09:58:00 1742.0 127478.0 172.65 171.23 171.55 171.16 171.21 1250.0 171.25 550.0 127478.0 63283.0 64195.0 0.0 171.3809
09:59:00 760.0 61851.0 172.65 171.56 171.58 171.18 171.56 100.0 171.57 355.0 61851.0 35836.0 26015.0 0.0 171.4384
10:00:00 1120.0 75993.0 172.65 171.57 171.7 171.42 171.56 350.0 171.59 357.0 75993.0 35266.0 40727.0 0.0 171.5741
10:01:00 1401.0 102569.0 172.65 171.84 171.86 171.31 171.83 850.0 171.86 600.0 102569.0 51894.0 50675.0 0.0 171.5898
10:02:00 914.0 64735.0 172.65 171.81 171.88 171.67 171.81 304.0 171.83 694.0 64735.0 33147.0 31588.0 0.0 171.7981
10:03:00 1351.0 84763.0 172.65 171.72 171.92 171.57 171.71 600.0 171.72 203.0 84763.0 40353.0 44410.0 0.0 171.7417
10:04:00 939.0 57812.0 172.65 171.89 171.95 171.6 171.88 104.0 171.9 550.0 57812.0 28945.0 28867.0 0.0 171.7936
10:05:00 1225.0 86844.0 172.65 172.01 172.08 171.89 172.0 400.0 172.02 68.0 86844.0 51594.0 35250.0 0.0 171.9985
10:06:00 1332.0 126371.0 172.65 172.19 172.21 171.91 172.18 938.0 172.21 1525.0 126371.0 76689.0 49682.0 0.0 172.0517
10:07:00 1363.0 112038.0 172.65 172.16 172.23 172.03 172.17 100.0 172.19 912.0 112038.0 39066.0 72972.0 0.0 172.1423
10:08:00 1593.0 120180.0 172.65 172.08 172.18 171.95 172.06 266.0 172.07 125.0 120180.0 52352.0 67828.0 0.0 172.0576
10:09:00 884.0 64526.0 172.65 171.91 172.07 171.84 171.9 206.0 171.91 300.0 64526.0 28276.0 36250.0 0.0 171.9415
10:10:00 1350.0 100205.0 172.65 171.82 172.07 171.76 171.81 1000.0 171.83 151.0 100205.0 42603.0 57602.0 0.0 171.8897
10:11:00 989.0 73819.0 172.65 171.88 171.91 171.69 171.88 1311.0 171.89 300.0 73819.0 32470.0 41349.0 0.0 171.8027
10:12:00 1634.0 144346.0 172.65 172.1 172.18 171.89 172.1 507.0 172.11 400.0 144346.0 81594.0 62752.0 0.0 172.0573
10:13:00 1342.0 107662.0 172.65 172.47 172.49 172.1 172.45 1900.0 172.47 141.0 107662.0 64330.0 43332.0 0.0 172.3453
10:14:00 1299.0 97677.0 172.65 172.21 172.55 172.2 172.2 1347.0 172.22 612.0 97677.0 40191.0 57486.0 0.0 172.4189
10:15:00 954.0 64546.0 172.65 172.13 172.28 172.06 172.13 200.0 172.15 1303.0 64546.0 27813.0 36733.0 0.0 172.1872
10:16:00 1748.0 120731.0 172.65 171.92 172.28 171.83 171.92 385.0 171.93 300.0 120731.0 48023.0 72708.0 0.0 171.9847
10:17:00 1246.0 83717.0 172.65 171.84 171.945 171.77 171.84 193.0 171.85 550.0 83717.0 33411.0 50306.0 0.0 171.8566
10:18:00 1267.0 118666.0 172.65 172.12 172.14 171.8 172.13 109.0 172.15 1040.0 118666.0 35179.0 83487.0 0.0 171.9434
10:19:00 1027.0 90158.0 172.65 172.03 172.23 172.0 172.02 706.0 172.04 500.0 90158.0 53450.0 36708.0 0.0 172.0928
10:20:00 915.0 66733.0 172.65 172.029 172.13 171.9 172.01 666.0 172.03 792.0 66733.0 27727.0 39006.0 0.0 172.0136
10:21:00 865.0 59548.0 172.65 172.01 172.2 171.97 172.0 325.0 172.02 973.0 59548.0 28707.0 30841.0 0.0 172.0582
10:22:00 922.0 64628.0 172.65 172.15 172.17 171.96 172.14 756.0 172.15 1200.0 64628.0 28702.0 35926.0 0.0 172.0885
10:23:00 1801.0 123786.0 172.65 172.3 172.37 172.12 172.3 1100.0 172.32 619.0 123786.0 53581.0 70205.0 0.0 172.2354
10:24:00 782.0 54656.0 172.65 172.33 172.35 172.13 172.32 300.0 172.34 1727.0 54656.0 24512.0 30144.0 0.0 172.2655
10:25:00 912.0 64746.0 172.65 172.13 172.34 172.07 172.11 300.0 172.13 1600.0 64746.0 19870.0 44876.0 0.0 172.2407
10:26:00 1351.0 95355.0 172.65 171.92 172.21 171.86 171.91 466.0 171.93 1266.0 95355.0 33681.0 61674.0 0.0 172.0258
10:27:00 1119.0 79477.0 172.65 172.04 172.12 171.86 172.03 842.0 172.04 100.0 79477.0 33814.0 45663.0 0.0 171.9703
10:28:00 822.0 49758.0 172.65 172.115 172.23 172.01 172.11 200.0 172.13 1073.0 49758.0 18520.0 31238.0 0.0 172.1578
10:29:00 885.0 58296.0 172.65 172.19 172.28 172.04 172.18 870.0 172.19 552.0 58296.0 25910.0 32386.0 0.0 172.1773
10:30:00 1300.0 90202.0 172.65 172.2 172.27 172.05 172.19 1201.0 172.2 300.0 90202.0 39588.0 50614.0 0.0 172.171
10:31:00 1532.0 121226.0 172.65 172.54 172.63 172.13 172.53 201.0 172.54 141.0 121226.0 78500.0 42726.0 0.0 172.4132
10:32:00 3127.0 217475.0 172.65 172.14 172.56 172.055 172.12 219.0 172.15 1050.0 217475.0 86505.0 130970.0 0.0 172.3141
10:33:00 1065.0 80137.0 172.65 172.03 172.21 171.94 172.02 216.0 172.03 215.0 80137.0 28339.0 51798.0 0.0 172.0566
10:34:00 828.0 58761.0 172.65 171.92 172.08 171.915 171.92 399.0 171.93 200.0 58761.0 29220.0 29541.0 0.0 172.0069
10:35:00 1601.0 113224.0 172.65 171.57 171.96 171.56 171.56 3469.0 171.58 500.0 113224.0 39661.0 73563.0 0.0 171.7838
10:36:00 1105.0 74517.0 172.65 171.58 171.68 171.53 171.58 100.0 171.59 255.0 74517.0 35541.0 38976.0 0.0 171.5943
10:37:00 780.0 56138.0 172.65 171.6 171.75 171.56 171.59 1996.0 171.61 200.0 56138.0 29637.0 26501.0 0.0 171.6423
10:38:00 1633.0 114336.0 172.65 171.44 171.67 171.37 171.43 100.0 171.44 803.0 114336.0 37246.0 77090.0 0.0 171.5022
10:39:00 1115.0 83440.0 172.65 171.59 171.63 171.4 171.58 1400.0 171.6 490.0 83440.0 43619.0 39821.0 0.0 171.5387
10:40:00 990.0 71453.0 172.65 171.57 171.66 171.5 171.57 1403.0 171.59 390.0 71453.0 31127.0 40326.0 0.0 171.5791
10:41:00 901.0 59803.0 172.65 171.49 171.639 171.44 171.48 1788.0 171.5 380.0 59803.0 26196.0 33607.0 0.0 171.5256
10:42:00 1418.0 101728.0 172.65 171.28 171.52 171.24 171.26 700.0 171.28 1315.0 101728.0 37613.0 64115.0 0.0 171.3534
10:43:00 1100.0 87016.0 172.65 171.11 171.26 171.07 171.1 60.0 171.11 900.0 87016.0 44983.0 42033.0 0.0 171.1519
10:44:00 1026.0 74228.0 172.65 171.07 171.15 171.0 171.06 2067.0 171.07 100.0 74228.0 35615.0 38613.0 0.0 171.0807
10:45:00 885.0 72692.0 172.65 171.07 171.19 171.03 171.07 102.0 171.08 989.0 72692.0 35486.0 37206.0 0.0 171.1261
10:46:00 2511.0 182886.0 172.65 171.36 171.44 170.97 171.36 200.0 171.37 673.0 182886.0 95239.0 87647.0 0.0 171.207
10:47:00 1376.0 117642.0 172.65 171.11 171.36 171.005 171.1 2755.0 171.12 100.0 117642.0 59915.0 57727.0 0.0 171.1807
10:48:00 1143.0 82852.0 172.65 171.22 171.335 171.05 171.22 100.0 171.23 400.0 82852.0 43331.0 39521.0 0.0 171.1866
10:49:00 1042.0 73791.0 172.65 171.3 171.35 171.2 171.29 600.0 171.3 201.0 73791.0 37715.0 36076.0 0.0 171.2837
10:50:00 867.0 61853.0 172.65 171.26 171.34 171.15 171.26 300.0 171.27 520.0 61853.0 26877.0 34976.0 0.0 171.2568
10:51:00 771.0 52534.0 172.65 171.17 171.29 171.1 171.16 1800.0 171.18 968.0 52534.0 27823.0 24711.0 0.0 171.1878
10:52:00 705.0 50927.0 172.65 171.27 171.3 171.06 171.27 13.0 171.28 676.0 50927.0 27178.0 23749.0 0.0 171.1789
10:53:00 810.0 54716.0 172.65 171.23 171.33 171.18 171.23 500.0 171.24 247.0 54716.0 28764.0 25952.0 0.0 171.271
10:54:00 774.0 45953.0 172.65 171.305 171.31 171.2 171.3 1409.0 171.31 100.0 45953.0 26597.0 19356.0 0.0 171.2668
10:55:00 822.0 66283.0 172.65 171.39 171.4 171.28 171.38 993.0 171.4 2425.0 66283.0 29592.0 36691.0 0.0 171.3555
10:56:00 803.0 63920.0 172.65 171.45 171.49 171.35 171.44 148.0 171.45 1203.0 63920.0 32871.0 31049.0 0.0 171.4334
10:57:00 1109.0 80365.0 172.65 171.38 171.44 171.28 171.37 1417.0 171.38 100.0 80365.0 36157.0 44208.0 0.0 171.3509
10:58:00 763.0 53615.0 172.65 171.38 171.43 171.28 171.36 2306.0 171.38 1771.0 53615.0 24438.0 29177.0 0.0 171.3492
10:59:00 1291.0 96573.0 172.65 171.52 171.67 171.33 171.51 905.0 171.53 1829.0 96573.0 59715.0 36858.0 0.0 171.5361
11:00:00 747.0 54695.0 172.65 171.54 171.62 171.46 171.54 1945.0 171.55 898.0 54695.0 27157.0 27538.0 0.0 171.5465
11:01:00 1082.0 86426.0 172.65 171.66 171.69 171.49 171.65 100.0 171.66 1700.0 86426.0 43075.0 43351.0 0.0 171.5794
11:02:00 666.0 48762.0 172.65 171.675 171.72 171.63 171.67 2374.0 171.68 400.0 48762.0 27216.0 21546.0 0.0 171.6668
11:03:00 1005.0 102047.0 172.65 171.85 171.88 171.67 171.84 1627.0 171.86 2961.0 102047.0 47228.0 54819.0 0.0 171.7725
11:04:00 1548.0 121930.0 172.65 172.16 172.17 171.82 172.16 25.0 172.17 1774.0 121930.0 76103.0 45827.0 0.0 171.9909
11:05:00 2172.0 182709.0 172.65 172.22 172.36 172.12 172.21 450.0 172.22 915.0 182709.0 92099.0 90610.0 0.0 172.2273
11:06:00 1247.0 95612.0 172.65 172.29 172.36 172.2 172.28 716.0 172.29 500.0 95612.0 55466.0 40146.0 0.0 172.2799
11:07:00 1204.0 101137.0 172.65 172.44 172.48 172.28 172.44 200.0 172.45 486.0 101137.0 62464.0 38673.0 0.0 172.3974
11:08:00 687.0 49006.0 172.65 172.31 172.48 172.29 172.3 300.0 172.31 200.0 49006.0 19899.0 29107.0 0.0 172.3679
11:09:00 753.0 67214.0 172.65 172.35 172.515 172.29 172.35 2102.0 172.37 1097.0 67214.0 41467.0 25747.0 0.0 172.4075
11:10:00 1272.0 95296.0 172.65 172.39 172.5 172.28 172.38 77.0 172.39 458.0 95296.0 43164.0 52132.0 0.0 172.3844
11:11:00 1092.0 86443.0 172.65 172.55 172.56 172.38 172.53 609.0 172.55 2686.0 86443.0 54536.0 31907.0 0.0 172.4976
11:12:00 1381.0 108776.0 172.65 172.55 172.62 172.44 172.54 2456.0 172.56 901.0 108776.0 66198.0 42578.0 0.0 172.5562
11:13:00 2108.0 148243.0 172.65 172.89 172.94 172.55 172.89 226.0 172.9 100.0 148243.0 89975.0 58268.0 0.0 172.8185
11:14:00 2625.0 196063.0 172.65 173.24 173.29 172.89 173.24 836.0 173.25 76.0 196063.0 116678.0 79385.0 0.0 173.1186
11:15:00 1796.0 136062.0 172.65 173.3 173.36 173.12 173.3 851.0 173.32 720.0 136062.0 78816.0 57246.0 0.0 173.2505
11:16:00 2066.0 153529.0 172.65 173.69 173.72 173.14 173.68 100.0 173.69 1007.0 153529.0 93647.0 59882.0 0.0 173.5081
11:17:00 2076.0 162399.0 172.65 173.6 173.8 173.46 173.59 1891.0 173.6 181.0 162399.0 81471.0 80928.0 0.0 173.6266
11:18:00 1170.0 101158.0 172.65 173.81 173.83 173.55 173.81 100.0 173.82 261.0 101158.0 59879.0 41279.0 0.0 173.7183
11:19:00 1814.0 154220.0 172.65 174.09 174.09 173.81 174.08 200.0 174.09 656.0 154220.0 101137.0 53083.0 0.0 173.9487
11:20:00 1171.0 92234.0 172.65 173.82 174.09 173.82 173.82 200.0 173.83 281.0 92234.0 42887.0 49347.0 0.0 173.964
11:21:00 1950.0 186403.0 172.65 173.55 173.9 173.41 173.54 201.0 173.55 300.0 186403.0 110739.0 75664.0 0.0 173.6018
11:22:00 1228.0 105849.0 172.65 173.69 173.74 173.47 173.67 250.0 173.68 1066.0 105849.0 60013.0 45836.0 0.0 173.6078
11:23:00 1065.0 72356.0 172.65 173.71 173.9 173.57 173.71 100.0 173.72 180.0 72356.0 42224.0 30132.0 0.0 173.7359
11:24:00 1016.0 74604.0 172.65 173.47 173.77 173.44 173.45 1000.0 173.47 2068.0 74604.0 35594.0 39010.0 0.0 173.574
11:25:00 1017.0 73567.0 172.65 173.52 173.55 173.35 173.51 5.0 173.52 200.0 73567.0 31335.0 42232.0 0.0 173.4497
11:26:00 747.0 56720.0 172.65 173.575 173.65 173.47 173.57 1200.0 173.59 2016.0 56720.0 30290.0 26430.0 0.0 173.5609
11:27:00 975.0 72563.0 172.65 173.8 173.82 173.47 173.79 1600.0 173.81 2477.0 72563.0 39616.0 32947.0 0.0 173.6375
11:28:00 763.0 58908.0 172.65 173.75 173.81 173.63 173.75 100.0 173.76 2112.0 58908.0 25305.0 33603.0 0.0 173.7289
11:29:00 1089.0 90782.0 172.65 173.88 173.89 173.71 173.88 100.0 173.89 23.0 90782.0 52085.0 38697.0 0.0 173.7949
11:30:00 1189.0 90253.0 172.65 174.07 174.12 173.86 174.06 500.0 174.07 1723.0 90253.0 57245.0 33008.0 0.0 174.0329
11:31:00 800.0 59131.0 172.65 173.88 174.12 173.79 173.86 2782.0 173.88 463.0 59131.0 26942.0 32189.0 0.0 173.9584
11:32:00 669.0 44634.0 172.65 173.91 173.93 173.795 173.9 201.0 173.91 111.0 44634.0 22349.0 22285.0 0.0 173.8421
11:33:00 562.0 41871.0 172.65 173.94 173.955 173.83 173.92 100.0 173.93 1757.0 41871.0 21840.0 20031.0 0.0 173.902
11:34:00 601.0 45511.0 172.65 173.95 174.01 173.89 173.95 1270.0 173.97 2053.0 45511.0 25366.0 20145.0 0.0 173.9536
11:35:00 488.0 32411.0 172.65 173.99 173.99 173.89 173.98 100.0 173.99 2212.0 32411.0 12623.0 19788.0 0.0 173.9403
11:36:00 991.0 74463.0 172.65 174.11 174.15 173.98 174.1 100.0 174.1 2.0 74463.0 39285.0 35178.0 0.0 174.0736
11:37:00 978.0 79494.0 172.65 174.26 174.3 174.04 174.26 2646.0 174.27 18.0 79494.0 49899.0 29595.0 0.0 174.1914
11:38:00 804.0 60655.0 172.65 174.25 174.26 174.08 174.23 1536.0 174.24 100.0 60655.0 25345.0 35310.0 0.0 174.1741
11:39:00 1165.0 74655.0 172.65 174.43 174.485 174.19 174.44 158.0 174.45 1271.0 74655.0 46595.0 28060.0 0.0 174.3684
11:40:00 1401.0 117869.0 172.65 174.48 174.57 174.37 174.47 800.0 174.48 209.0 117869.0 66044.0 51825.0 0.0 174.4886
11:41:00 1371.0 115166.0 172.65 174.71 174.76 174.44 174.71 1000.0 174.72 140.0 115166.0 77310.0 37856.0 0.0 174.5955
11:42:00 991.0 87244.0 172.65 174.81 174.84 174.7 174.81 1310.0 174.82 100.0 87244.0 43119.0 44125.0 0.0 174.7777
11:43:00 787.0 65051.0 172.65 174.85 174.86 174.75 174.84 460.0 174.85 910.0 65051.0 34862.0 30189.0 0.0 174.8098
11:44:00 1343.0 101279.0 172.65 174.96 174.97 174.75 174.95 132.0 174.96 800.0 101279.0 60506.0 40773.0 0.0 174.8512
11:45:00 1063.0 68868.0 172.65 174.7 174.98 174.64 174.7 105.0 174.71 900.0 68868.0 30078.0 38790.0 0.0 174.7779
11:46:00 1231.0 85453.0 172.65 174.62 174.81 174.61 174.62 259.0 174.63 1059.0 85453.0 49245.0 36208.0 0.0 174.7023
11:47:00 1075.0 76637.0 172.65 174.575 174.66 174.54 174.56 2473.0 174.58 1304.0 76637.0 38734.0 37903.0 0.0 174.6154
11:48:00 1567.0 110512.0 172.65 174.46 174.68 174.41 174.44 1300.0 174.45 228.0 110512.0 55786.0 54726.0 0.0 174.5795
11:49:00 782.0 62782.0 172.65 174.47 174.53 174.45 174.46 1083.0 174.48 2320.0 62782.0 37934.0 24848.0 0.0 174.4913
11:50:00 1058.0 85776.0 172.65 174.28 174.46 174.26 174.27 6875.0 174.28 471.0 85776.0 40253.0 45523.0 0.0 174.3402
11:51:00 1141.0 89958.0 172.65 174.54 174.55 174.27 174.53 386.0 174.54 501.0 89958.0 54879.0 35079.0 0.0 174.3857
11:52:00 943.0 63666.0 172.65 174.415 174.6 174.36 174.4 200.0 174.41 1620.0 63666.0 27611.0 36055.0 0.0 174.5076
11:53:00 682.0 43892.0 172.65 174.41 174.47 174.34 174.41 200.0 174.42 3059.0 43892.0 25212.0 18680.0 0.0 174.4057
11:54:00 947.0 77300.0 172.65 174.6 174.61 174.4 174.58 2750.0 174.6 840.0 77300.0 45147.0 32153.0 0.0 174.4977
11:55:00 1029.0 85510.0 172.65 174.51 174.65 174.48 174.51 500.0 174.52 1003.0 85510.0 43996.0 41514.0 0.0 174.5572
11:56:00 801.0 59773.0 172.65 174.43 174.52 174.41 174.43 19.0 174.44 2640.0 59773.0 31213.0 28560.0 0.0 174.4614
11:57:00 617.0 51685.0 172.65 174.39 174.5 174.37 174.38 2145.0 174.39 100.0 51685.0 29800.0 21885.0 0.0 174.4263
11:58:00 1428.0 111657.0 172.65 174.81 174.83 174.35 174.8 801.0 174.82 1745.0 111657.0 80466.0 31191.0 0.0 174.6087
11:59:00 776.0 65823.0 172.65 174.74 174.84 174.65 174.74 500.0 174.75 1035.0 65823.0 35811.0 30012.0 0.0 174.7366
12:00:00 931.0 97754.0 172.65 174.83 174.87 174.68 174.83 1276.0 174.84 600.0 97754.0 63767.0 33987.0 0.0 174.7922
12:01:00 1011.0 85750.0 172.65 174.86 174.93 174.76 174.85 3000.0 174.87 1844.0 85750.0 40058.0 45692.0 0.0 174.8572
12:02:00 2406.0 193744.0 172.65 174.95 175.035 174.87 174.94 2261.0 174.95 10.0 193744.0 149703.0 44041.0 0.0 174.9833
12:03:00 656.0 48997.0 172.65 174.89 175.02 174.85 174.89 1074.0 174.9 812.0 48997.0 25422.0 23575.0 0.0 174.9497
12:04:00 903.0 73893.0 172.65 174.76 174.985 174.74 174.75 1943.0 174.76 396.0 73893.0 37171.0 36722.0 0.0 174.8546
12:05:00 744.0 53659.0 172.65 174.8 174.87 174.75 174.79 1500.0 174.8 862.0 53659.0 31828.0 21831.0 0.0 174.8015
12:06:00 661.0 50232.0 172.65 174.87 174.91 174.795 174.87 201.0 174.88 553.0 50232.0 24251.0 25981.0 0.0 174.8583
12:07:00 603.0 47114.0 172.65 174.67 174.87 174.66 174.67 100.0 174.68 1660.0 47114.0 16301.0 30813.0 0.0 174.7318
12:08:00 619.0 42280.0 172.65 174.59 174.74 174.59 174.59 2570.0 174.61 1761.0 42280.0 18199.0 24081.0 0.0 174.6667
12:09:00 585.0 39864.0 172.65 174.55 174.62 174.49 174.55 1219.0 174.56 280.0 39864.0 17683.0 22181.0 0.0 174.5407
12:10:00 547.0 45898.0 172.65 174.75 174.75 174.51 174.75 864.0 174.76 565.0 45898.0 26256.0 19642.0 0.0 174.6253
12:11:00 680.0 47945.0 172.65 174.67 174.78 174.67 174.67 400.0 174.68 2708.0 47945.0 18729.0 29216.0 0.0 174.7359
12:12:00 614.0 42011.0 172.65 174.59 174.69 174.52 174.59 607.0 174.6 1420.0 42011.0 20023.0 21988.0 0.0 174.5981
12:13:00 514.0 35575.0 172.65 174.62 174.63 174.55 174.62 300.0 174.63 1842.0 35575.0 16570.0 19005.0 0.0 174.5899
12:14:00 332.0 15991.0 172.65 174.59 174.63 174.55 174.58 2225.0 174.59 1054.0 15991.0 7432.0 8559.0 0.0 174.5922
12:15:00 564.0 65408.0 172.65 174.63 174.65 174.52 174.62 2692.0 174.64 2664.0 65408.0 24994.0 40414.0 0.0 174.5656
12:16:00 600.0 58674.0 172.65 174.8 174.8 174.62 174.8 809.0 174.81 651.0 58674.0 37501.0 21173.0 0.0 174.7014
12:17:00 671.0 48574.0 172.65 174.67 174.88 174.67 174.67 2700.0 174.68 300.0 48574.0 20826.0 27748.0 0.0 174.8068
12:18:00 634.0 45315.0 172.65 174.625 174.69 174.5 174.62 346.0 174.63 1127.0 45315.0 24867.0 20448.0 0.0 174.5555
12:19:00 448.0 28299.0 172.65 174.61 174.645 174.54 174.6 1254.0 174.61 1029.0 28299.0 13616.0 14683.0 0.0 174.5916
12:20:00 429.0 30756.0 172.65 174.75 174.76 174.6 174.75 643.0 174.76 1909.0 30756.0 18334.0 12422.0 0.0 174.6929
12:21:00 437.0 26152.0 172.65 174.685 174.79 174.685 174.68 2091.0 174.69 746.0 26152.0 10307.0 15845.0 0.0 174.7519
12:22:00 451.0 30334.0 172.65 174.62 174.725 174.6 174.62 1893.0 174.63 100.0 30334.0 11983.0 18351.0 0.0 174.6589
12:23:00 357.0 27379.0 172.65 174.759 174.8 174.63 174.74 2746.0 174.76 721.0 27379.0 17268.0 10111.0 0.0 174.7326
12:24:00 521.0 37855.0 172.65 174.53 174.815 174.53 174.53 1512.0 174.54 897.0 37855.0 15293.0 22562.0 0.0 174.6858
12:25:00 797.0 56297.0 172.65 174.421 174.57 174.421 174.42 1278.0 174.43 1425.0 56297.0 27686.0 28611.0 0.0 174.505
12:26:00 1001.0 66274.0 172.65 174.26 174.46 174.211 174.25 1871.0 174.27 2199.0 66274.0 27984.0 38290.0 0.0 174.3168
12:27:00 825.0 59235.0 172.65 174.14 174.28 174.13 174.14 600.0 174.15 432.0 59235.0 23377.0 35858.0 0.0 174.1888
12:28:00 849.0 59768.0 172.65 174.17 174.21 174.09 174.16 2301.0 174.18 1466.0 59768.0 34688.0 25080.0 0.0 174.144
12:29:00 1123.0 106813.0 172.65 174.02 174.21 173.98 174.02 800.0 174.03 1138.0 106813.0 39812.0 67001.0 0.0 174.1094
12:30:00 841.0 69572.0 172.65 174.0 174.09 173.96 174.0 276.0 174.01 2777.0 69572.0 39125.0 30447.0 0.0 174.0238
12:31:00 629.0 49239.0 172.65 174.12 174.15 173.98 174.12 2046.0 174.14 1782.0 49239.0 34782.0 14457.0 0.0 174.0527
12:32:00 443.0 29106.0 172.65 174.22 174.23 174.11 174.21 2680.0 174.22 200.0 29106.0 19104.0 10002.0 0.0 174.1704
12:33:00 607.0 50340.0 172.65 174.22 174.29 174.12 174.22 330.0 174.23 1534.0 50340.0 24212.0 26128.0 0.0 174.2091
12:34:00 473.0 29009.0 172.65 174.12 174.27 174.105 174.11 408.0 174.12 1468.0 29009.0 14331.0 14678.0 0.0 174.1889
12:35:00 420.0 27528.0 172.65 174.09 174.24 174.08 174.08 888.0 174.09 926.0 27528.0 16522.0 11006.0 0.0 174.1633
12:36:00 397.0 27983.0 172.65 174.08 174.14 174.05 174.08 1111.0 174.09 1005.0 27983.0 12356.0 15627.0 0.0 174.0985
12:37:00 478.0 38177.0 172.65 174.22 174.265 174.085 174.21 2912.0 174.22 100.0 38177.0 25075.0 13102.0 0.0 174.1789
12:38:00 441.0 36005.0 172.65 174.25 174.25 174.12 174.24 526.0 174.25 1688.0 36005.0 20374.0 15631.0 0.0 174.19
12:39:00 673.0 40938.0 172.65 174.26 174.34 174.22 174.25 2479.0 174.26 542.0 40938.0 23421.0 17517.0 0.0 174.3016
12:40:00 592.0 39153.0 172.65 174.18 174.255 174.07 174.18 374.0 174.19 1040.0 39153.0 15832.0 23321.0 0.0 174.1447
12:41:00 564.0 40322.0 172.65 174.17 174.2 174.11 174.16 11.0 174.17 1222.0 40322.0 23681.0 16641.0 0.0 174.1525
12:42:00 687.0 55165.0 172.65 174.25 174.26 174.115 174.24 2400.0 174.25 200.0 55165.0 34099.0 21066.0 0.0 174.188
12:43:00 462.0 35340.0 172.65 174.32 174.32 174.22 174.31 1918.0 174.32 250.0 35340.0 22210.0 13130.0 0.0 174.2648
12:44:00 753.0 55313.0 172.65 174.14 174.31 174.12 174.13 140.0 174.14 2200.0 55313.0 25212.0 30101.0 0.0 174.2407
12:45:00 606.0 44705.0 172.65 174.28 174.29 174.08 174.28 704.0 174.29 800.0 44705.0 28049.0 16656.0 0.0 174.162
12:46:00 491.0 34031.0 172.65 174.38 174.38 174.205 174.37 400.0 174.38 1283.0 34031.0 18590.0 15441.0 0.0 174.3141
12:47:00 420.0 25856.0 172.65 174.335 174.39 174.29 174.33 1423.0 174.34 321.0 25856.0 11489.0 14367.0 0.0 174.3261
12:48:00 415.0 26325.0 172.65 174.35 174.44 174.3 174.35 2343.0 174.36 700.0 26325.0 11686.0 14639.0 0.0 174.3786
12:49:00 344.0 21702.0 172.65 174.29 174.38 174.28 174.3 1787.0 174.31 245.0 21702.0 9328.0 12374.0 0.0 174.3301
12:50:00 450.0 25355.0 172.65 174.2 174.31 174.195 174.2 439.0 174.21 400.0 25355.0 11090.0 14265.0 0.0 174.2496
12:51:00 575.0 34833.0 172.65 174.22 174.25 174.13 174.22 105.0 174.23 2275.0 34833.0 18322.0 16511.0 0.0 174.1953
12:52:00 469.0 32183.0 172.65 174.14 174.24 174.12 174.14 448.0 174.15 2457.0 32183.0 12471.0 19712.0 0.0 174.1884
12:53:00 459.0 30334.0 172.65 174.34 174.34 174.13 174.33 1914.0 174.35 2504.0 30334.0 19470.0 10864.0 0.0 174.2546
12:54:00 345.0 25894.0 172.65 174.35 174.35 174.25 174.34 629.0 174.35 4611.0 25894.0 13316.0 12578.0 0.0 174.2847
12:55:00 397.0 39371.0 172.65 174.4 174.4 174.34 174.39 991.0 174.4 1875.0 39371.0 20425.0 18946.0 0.0 174.3803
12:56:00 391.0 26849.0 172.65 174.33 174.42 174.23 174.34 1005.0 174.35 1150.0 26849.0 13213.0 13636.0 0.0 174.3248
12:57:00 280.0 21248.0 172.65 174.32 174.37 174.31 174.31 214.0 174.32 1288.0 21248.0 7362.0 13886.0 0.0 174.3415
12:58:00 253.0 18028.0 172.65 174.32 174.35 174.26 174.3 994.0 174.31 814.0 18028.0 9616.0 8412.0 0.0 174.3089
12:59:00 484.0 37150.0 172.65 174.22 174.335 174.15 174.22 2200.0 174.23 200.0 37150.0 14708.0 22442.0 0.0 174.2209
13:00:00 342.0 22291.0 172.65 174.25 174.35 174.22 174.25 2205.0 174.26 400.0 22291.0 10278.0 12013.0 0.0 174.2765
13:01:00 487.0 38414.0 172.65 174.22 174.3 174.11 174.22 957.0 174.23 300.0 38414.0 13595.0 24819.0 0.0 174.1911
13:02:00 796.0 56950.0 172.65 173.97 174.26 173.93 173.96 1548.0 173.98 1576.0 56950.0 18536.0 38414.0 0.0 174.0518
13:03:00 530.0 38849.0 172.65 174.09 174.145 173.97 174.09 15.0 174.1 2687.0 38849.0 21872.0 16977.0 0.0 174.0619
13:04:00 287.0 20882.0 172.65 174.11 174.14 174.045 174.1 1468.0 174.11 600.0 20882.0 13158.0 7724.0 0.0 174.0947
13:05:00 374.0 24998.0 172.65 174.11 174.15 174.05 174.1 2690.0 174.12 1908.0 24998.0 11662.0 13336.0 0.0 174.1071
13:06:00 933.0 65348.0 172.65 173.78 174.12 173.77 173.78 100.0 173.79 1490.0 65348.0 15672.0 49676.0 0.0 173.9127
13:07:00 824.0 63973.0 172.65 173.91 173.97 173.74 173.91 800.0 173.92 300.0 63973.0 31553.0 32420.0 0.0 173.8485
13:08:00 484.0 37496.0 172.65 173.9 174.01 173.84 173.9 100.0 173.91 200.0 37496.0 18172.0 19324.0 0.0 173.9164
13:09:00 396.0 30891.0 172.65 173.98 174.05 173.91 173.98 1121.0 173.99 102.0 30891.0 19416.0 11475.0 0.0 173.9801
13:10:00 329.0 17552.0 172.65 173.959 174.01 173.93 173.95 888.0 173.96 1305.0 17552.0 9965.0 7587.0 0.0 173.9628
13:11:00 534.0 30270.0 172.65 174.03 174.06 173.96 174.03 1174.0 174.04 402.0 30270.0 18660.0 11610.0 0.0 174.0059
13:12:00 459.0 33572.0 172.65 174.14 174.16 174.03 174.14 1385.0 174.15 689.0 33572.0 21682.0 11890.0 0.0 174.1118
13:13:00 502.0 35027.0 172.65 174.22 174.22 174.12 174.21 164.0 174.22 2817.0 35027.0 19834.0 15193.0 0.0 174.1655
13:14:00 523.0 41950.0 172.65 174.36 174.38 174.17 174.36 386.0 174.37 625.0 41950.0 27975.0 13975.0 0.0 174.2894
13:15:00 540.0 36920.0 172.65 174.29 174.41 174.29 174.28 737.0 174.29 700.0 36920.0 13283.0 23637.0 0.0 174.3536
13:16:00 360.0 23502.0 172.65 174.29 174.3 174.21 174.28 637.0 174.29 1038.0 23502.0 11014.0 12488.0 0.0 174.2608
13:17:00 367.0 21507.0 172.65 174.33 174.35 174.265 174.32 443.0 174.33 2246.0 21507.0 13767.0 7740.0 0.0 174.3184
13:18:00 520.0 44756.0 172.65 174.36 174.41 174.32 174.36 975.0 174.37 1429.0 44756.0 27039.0 17717.0 0.0 174.3672
13:19:00 288.0 20336.0 172.65 174.42 174.42 174.33 174.42 1256.0 174.43 1211.0 20336.0 12161.0 8175.0 0.0 174.3831
13:20:00 448.0 38411.0 172.65 174.43 174.435 174.33 174.42 3169.0 174.43 200.0 38411.0 17746.0 20665.0 0.0 174.3803
13:21:00 802.0 60056.0 172.65 174.66 174.66 174.41 174.66 62.0 174.67 1689.0 60056.0 43023.0 17033.0 0.0 174.5155
13:22:00 994.0 69750.0 172.65 174.65 174.77 174.63 174.65 2568.0 174.66 121.0 69750.0 30547.0 39203.0 0.0 174.7059
13:23:00 507.0 42416.0 172.65 174.615 174.68 174.585 174.6 2849.0 174.62 2165.0 42416.0 25463.0 16953.0 0.0 174.6299
13:24:00 358.0 26313.0 172.65 174.53 174.62 174.52 174.53 3100.0 174.54 354.0 26313.0 13754.0 12559.0 0.0 174.5578
13:25:00 323.0 26624.0 172.65 174.65 174.66 174.52 174.65 200.0 174.66 2594.0 26624.0 15898.0 10726.0 0.0 174.6159
13:26:00 387.0 31993.0 172.65 174.62 174.67 174.58 174.61 731.0 174.62 1721.0 31993.0 14382.0 17611.0 0.0 174.639
13:27:00 247.0 17081.0 172.65 174.555 174.63 174.55 174.55 1952.0 174.56 1082.0 17081.0 6839.0 10242.0 0.0 174.5893
13:28:00 448.0 35585.0 172.65 174.53 174.595 174.51 174.53 2692.0 174.54 328.0 35585.0 20635.0 14950.0 0.0 174.5489
13:29:00 361.0 23396.0 172.65 174.52 174.6 174.52 174.52 6.0 174.53 3100.0 23396.0 11453.0 11943.0 0.0 174.5658
13:30:00 453.0 36324.0 172.65 174.43 174.54 174.41 174.43 609.0 174.44 1400.0 36324.0 11795.0 24529.0 0.0 174.4554
13:31:00 339.0 23681.0 172.65 174.5 174.5 174.39 174.49 700.0 174.5 1620.0 23681.0 13150.0 10531.0 0.0 174.4378
13:32:00 275.0 17705.0 172.65 174.49 174.52 174.455 174.48 1200.0 174.49 1725.0 17705.0 7834.0 9871.0 0.0 174.4878
13:33:00 506.0 36405.0 172.65 174.38 174.5 174.34 174.37 600.0 174.38 1353.0 36405.0 13345.0 23060.0 0.0 174.4204
13:34:00 366.0 25414.0 172.65 174.37 174.44 174.365 174.36 1766.0 174.37 800.0 25414.0 10365.0 15049.0 0.0 174.3953
13:35:00 356.0 27598.0 172.65 174.4 174.45 174.35 174.4 2572.0 174.41 400.0 27598.0 12481.0 15117.0 0.0 174.3958
13:36:00 299.0 20108.0 172.65 174.46 174.465 174.35 174.46 500.0 174.47 2945.0 20108.0 10057.0 10051.0 0.0 174.406
13:37:00 392.0 26519.0 172.65 174.39 174.475 174.39 174.39 500.0 174.4 1601.0 26519.0 9198.0 17321.0 0.0 174.4274
13:38:00 504.0 41584.0 172.65 174.4 174.44 174.34 174.39 144.0 174.4 2775.0 41584.0 19052.0 22532.0 0.0 174.3959
13:39:00 297.0 18961.0 172.65 174.32 174.39 174.32 174.32 200.0 174.33 2596.0 18961.0 6773.0 12188.0 0.0 174.3618
13:40:00 356.0 23401.0 172.65 174.31 174.36 174.28 174.31 1300.0 174.32 1905.0 23401.0 11923.0 11478.0 0.0 174.3183
13:41:00 381.0 29033.0 172.65 174.34 174.34 174.23 174.33 486.0 174.34 1461.0 29033.0 10387.0 18646.0 0.0 174.2906
13:42:00 307.0 26356.0 172.65 174.39 174.39 174.295 174.39 100.0 174.4 4193.0 26356.0 15939.0 10417.0 0.0 174.3528
13:43:00 325.0 21904.0 172.65 174.35 174.41 174.325 174.34 1883.0 174.35 500.0 21904.0 8305.0 13599.0 0.0 174.3808
13:44:00 275.0 21567.0 172.65 174.355 174.38 174.31 174.35 816.0 174.36 1436.0 21567.0 9631.0 11936.0 0.0 174.3419
13:45:00 259.0 17590.0 172.65 174.32 174.38 174.3 174.31 600.0 174.32 2547.0 17590.0 8045.0 9545.0 0.0 174.3491
13:46:00 418.0 34076.0 172.65 174.405 174.41 174.315 174.4 1748.0 174.41 504.0 34076.0 21388.0 12688.0 0.0 174.3771
13:47:00 432.0 27007.0 172.65 174.46 174.5 174.37 174.46 1898.0 174.47 600.0 27007.0 17244.0 9763.0 0.0 174.4418
13:48:00 459.0 35415.0 172.65 174.51 174.53 174.46 174.51 810.0 174.52 500.0 35415.0 20232.0 15183.0 0.0 174.4928
13:49:00 477.0 36286.0 172.65 174.34 174.53 174.34 174.33 3226.0 174.34 100.0 36286.0 13071.0 23215.0 0.0 174.4569
13:50:00 579.0 44436.0 172.65 174.27 174.341 174.17 174.27 115.0 174.28 2018.0 44436.0 18306.0 26130.0 0.0 174.246
13:51:00 306.0 19416.0 172.65 174.3 174.3 174.255 174.3 400.0 174.31 1612.0 19416.0 11119.0 8297.0 0.0 174.2789
13:52:00 281.0 22233.0 172.65 174.29 174.3 174.21 174.28 716.0 174.29 552.0 22233.0 8147.0 14086.0 0.0 174.2606
13:53:00 400.0 34320.0 172.65 174.22 174.29 174.14 174.21 105.0 174.22 2614.0 34320.0 11307.0 23013.0 0.0 174.2013
13:54:00 230.0 21126.0 172.65 174.23 174.24 174.185 174.22 520.0 174.23 1242.0 21126.0 9881.0 11245.0 0.0 174.2135
13:55:00 321.0 22236.0 172.65 174.26 174.28 174.2 174.26 653.0 174.27 1510.0 22236.0 11469.0 10767.0 0.0 174.2378
13:56:00 312.0 20222.0 172.65 174.33 174.33 174.25 174.32 401.0 174.33 1430.0 20222.0 10390.0 9832.0 0.0 174.2826
13:57:00 304.0 17594.0 172.65 174.36 174.37 174.32 174.35 1076.0 174.36 1498.0 17594.0 8069.0 9525.0 0.0 174.3418
13:58:00 378.0 24152.0 172.65 174.48 174.5 174.34 174.47 838.0 174.48 1100.0 24152.0 14986.0 9166.0 0.0 174.4347
13:59:00 297.0 22700.0 172.65 174.43 174.47 174.38 174.42 3536.0 174.43 401.0 22700.0 4703.0 17997.0 0.0 174.4301
14:00:00 307.0 22059.0 172.65 174.49 174.49 174.37 174.48 653.0 174.49 1377.0 22059.0 10276.0 11783.0 0.0 174.4276
14:01:00 848.0 99123.0 172.65 174.38 174.56 174.38 174.37 899.0 174.38 900.0 99123.0 39647.0 59476.0 0.0 174.4676
14:02:00 409.0 29326.0 172.65 174.35 174.42 174.26 174.34 743.0 174.35 1300.0 29326.0 11447.0 17879.0 0.0 174.3499
14:03:00 471.0 34603.0 172.65 174.31 174.37 174.24 174.3 1957.0 174.31 1.0 34603.0 15542.0 19061.0 0.0 174.303
14:04:00 461.0 27021.0 172.65 174.29 174.37 174.29 174.28 1816.0 174.29 624.0 27021.0 14443.0 12578.0 0.0 174.3387
14:05:00 566.0 37066.0 172.65 174.19 174.285 174.17 174.18 2257.0 174.19 879.0 37066.0 16275.0 20791.0 0.0 174.2285
14:06:00 573.0 36894.0 172.65 174.23 174.27 174.19 174.23 200.0 174.24 3420.0 36894.0 14559.0 22335.0 0.0 174.2388
14:07:00 626.0 49315.0 172.65 174.2 174.23 174.12 174.18 2569.0 174.2 2539.0 49315.0 22045.0 27270.0 0.0 174.1698
14:08:00 442.0 31088.0 172.65 174.16 174.24 174.145 174.15 2754.0 174.16 153.0 31088.0 13722.0 17366.0 0.0 174.195
14:09:00 397.0 30335.0 172.65 174.15 174.275 174.13 174.14 24.0 174.15 2878.0 30335.0 14741.0 15594.0 0.0 174.1971
14:10:00 1601.0 120547.0 172.65 174.09 174.18 173.87 174.09 300.0 174.1 1137.0 120547.0 43243.0 77304.0 0.0 174.0267
14:11:00 530.0 32474.0 172.65 174.15 174.15 174.02 174.12 201.0 174.13 200.0 32474.0 20225.0 12249.0 0.0 174.0899
14:12:00 406.0 34314.0 172.65 174.115 174.14 174.05 174.11 200.0 174.12 2402.0 34314.0 17652.0 16662.0 0.0 174.0865
14:13:00 399.0 26446.0 172.65 174.055 174.22 174.04 174.05 869.0 174.06 1200.0 26446.0 13645.0 12801.0 0.0 174.1567
14:14:00 460.0 28575.0 172.65 174.21 174.25 174.03 174.2 315.0 174.21 562.0 28575.0 15396.0 13179.0 0.0 174.1383
14:15:00 301.0 21179.0 172.65 174.15 174.27 174.15 174.15 100.0 174.16 2870.0 21179.0 10025.0 11154.0 0.0 174.2202
14:16:00 377.0 25591.0 172.65 174.21 174.25 174.16 174.2 669.0 174.21 409.0 25591.0 13614.0 11977.0 0.0 174.2085
14:17:00 331.0 26565.0 172.65 174.25 174.26 174.195 174.25 507.0 174.26 908.0 26565.0 15942.0 10623.0 0.0 174.2347
14:18:00 387.0 27090.0 172.65 174.24 174.315 174.2 174.24 100.0 174.25 3390.0 27090.0 13715.0 13375.0 0.0 174.2545
14:19:00 318.0 16544.0 172.65 174.29 174.3 174.24 174.29 177.0 174.3 4048.0 16544.0 9090.0 7454.0 0.0 174.2662
14:20:00 426.0 39734.0 172.65 174.25 174.325 174.23 174.25 193.0 174.26 3753.0 39734.0 11265.0 28469.0 0.0 174.2781
14:21:00 384.0 29170.0 172.65 174.21 174.25 174.18 174.21 1314.0 174.22 800.0 29170.0 14737.0 14433.0 0.0 174.2198
14:22:00 556.0 40809.0 172.65 174.175 174.22 174.09 174.17 610.0 174.18 1356.0 40809.0 17682.0 23127.0 0.0 174.1544
14:23:00 340.0 21501.0 172.65 174.23 174.245 174.14 174.22 1096.0 174.23 2687.0 21501.0 8596.0 12905.0 0.0 174.1978
14:24:00 615.0 37550.0 172.65 174.3 174.33 174.2 174.3 627.0 174.31 1837.0 37550.0 20353.0 17197.0 0.0 174.2789
14:25:00 369.0 26103.0 172.65 174.355 174.4 174.29 174.35 541.0 174.36 3071.0 26103.0 15724.0 10379.0 0.0 174.3377
14:26:00 315.0 20746.0 172.65 174.35 174.38 174.33 174.34 1288.0 174.35 1228.0 20746.0 10766.0 9980.0 0.0 174.3552
14:27:00 420.0 31884.0 172.65 174.42 174.42 174.33 174.41 462.0 174.42 4126.0 31884.0 14802.0 17082.0 0.0 174.3751
14:28:00 442.0 41085.0 172.65 174.48 174.48 174.39 174.47 2674.0 174.48 234.0 41085.0 29760.0 11325.0 0.0 174.4289
14:29:00 390.0 28594.0 172.65 174.47 174.48 174.43 174.46 2978.0 174.47 721.0 28594.0 12191.0 16403.0 0.0 174.45
14:30:00 366.0 23666.0 172.65 174.46 174.48 174.42 174.46 1800.0 174.47 659.0 23666.0 10598.0 13068.0 0.0 174.4449
14:31:00 599.0 45420.0 172.65 174.39 174.48 174.36 174.39 1055.0 174.4 1730.0 45420.0 14763.0 30657.0 0.0 174.4066
14:32:00 760.0 64279.0 172.65 174.24 174.4 174.22 174.24 1500.0 174.25 1225.0 64279.0 19473.0 44806.0 0.0 174.2973
14:33:00 628.0 46150.0 172.65 174.31 174.32 174.23 174.3 941.0 174.31 2500.0 46150.0 23923.0 22227.0 0.0 174.2753
14:34:00 651.0 66214.0 172.65 174.29 174.33 174.21 174.28 800.0 174.29 2034.0 66214.0 23476.0 42738.0 0.0 174.2632
14:35:00 363.0 25713.0 172.65 174.3 174.32 174.25 174.29 2535.0 174.3 1089.0 25713.0 11063.0 14650.0 0.0 174.2895
14:36:00 586.0 63811.0 172.65 174.41 174.41 174.27 174.4 1791.0 174.41 300.0 63811.0 39037.0 24774.0 0.0 174.3476
14:37:00 551.0 52393.0 172.65 174.43 174.46 174.385 174.42 2977.0 174.44 3550.0 52393.0 30123.0 22270.0 0.0 174.4299
14:38:00 356.0 27016.0 172.65 174.485 174.485 174.395 174.48 2801.0 174.49 715.0 27016.0 13807.0 13209.0 0.0 174.4418
14:39:00 589.0 45832.0 172.65 174.53 174.54 174.42 174.53 2312.0 174.54 909.0 45832.0 23994.0 21838.0 0.0 174.492
14:40:00 744.0 65157.0 172.65 174.66 174.68 174.48 174.65 1402.0 174.66 1284.0 65157.0 39550.0 25607.0 0.0 174.5799
14:41:00 555.0 42631.0 172.65 174.63 174.7 174.59 174.63 2981.0 174.64 301.0 42631.0 19101.0 23530.0 0.0 174.6455
14:42:00 594.0 47624.0 172.65 174.71 174.75 174.63 174.7 3242.0 174.72 3555.0 47624.0 24119.0 23505.0 0.0 174.6851
14:43:00 353.0 34149.0 172.65 174.695 174.75 174.67 174.69 303.0 174.7 2696.0 34149.0 19392.0 14757.0 0.0 174.7106
14:44:00 359.0 29427.0 172.65 174.6 174.69 174.6 174.59 404.0 174.6 2714.0 29427.0 9336.0 20091.0 0.0 174.6441
14:45:00 528.0 38535.0 172.65 174.76 174.77 174.575 174.76 2734.0 174.77 296.0 38535.0 23177.0 15358.0 0.0 174.6921
14:46:00 542.0 55080.0 172.65 174.79 174.81 174.72 174.79 1595.0 174.8 1432.0 55080.0 32218.0 22862.0 0.0 174.7799
14:47:00 814.0 56360.0 172.65 174.86 174.92 174.79 174.86 1200.0 174.87 3348.0 56360.0 26424.0 29936.0 0.0 174.8646
14:48:00 388.0 29777.0 172.65 174.895 174.91 174.87 174.89 2961.0 174.9 339.0 29777.0 11805.0 17972.0 0.0 174.8861
14:49:00 555.0 50090.0 172.65 174.95 174.97 174.88 174.94 2051.0 174.95 1704.0 50090.0 28688.0 21402.0 0.0 174.9232
14:50:00 1404.0 135655.0 172.65 174.995 175.02 174.91 174.99 2206.0 175.0 596.0 135655.0 95998.0 39657.0 0.0 174.9837
14:51:00 725.0 55194.0 172.65 174.82 175.005 174.81 174.81 500.0 174.82 3092.0 55194.0 17672.0 37522.0 0.0 174.9307
14:52:00 679.0 55731.0 172.65 174.75 174.86 174.72 174.75 1514.0 174.76 781.0 55731.0 22964.0 32767.0 0.0 174.7988
14:53:00 477.0 34117.0 172.65 174.815 174.82 174.7 174.81 564.0 174.82 3100.0 34117.0 16819.0 17298.0 0.0 174.7628
14:54:00 453.0 37845.0 172.65 174.87 174.93 174.81 174.87 201.0 174.88 5082.0 37845.0 19350.0 18495.0 0.0 174.8744
14:55:00 1052.0 83533.0 172.65 174.92 174.97 174.76 174.91 900.0 174.92 2370.0 83533.0 39752.0 43781.0 0.0 174.8799
14:56:00 594.0 42571.0 172.65 174.99 175.0 174.885 174.99 145.0 175.0 2439.0 42571.0 31709.0 10862.0 0.0 174.964
14:57:00 779.0 58845.0 172.65 175.1 175.11 174.99 175.09 1593.0 175.1 378.0 58845.0 40971.0 17874.0 0.0 175.0458
14:58:00 639.0 49009.0 172.65 175.05 175.1 174.98 175.05 100.0 175.06 3169.0 49009.0 19953.0 29056.0 0.0 175.033
14:59:00 585.0 40958.0 172.65 174.98 175.05 174.94 174.97 2780.0 174.98 474.0 40958.0 15072.0 25886.0 0.0 174.9847
15:00:00 727.0 61361.0 172.65 174.84 174.97 174.82 174.83 500.0 174.84 2770.0 61361.0 22335.0 39026.0 0.0 174.896
15:01:00 641.0 49472.0 172.65 174.895 174.96 174.84 174.89 300.0 174.9 3573.0 49472.0 25646.0 23826.0 0.0 174.8987
15:02:00 874.0 65693.0 172.65 174.88 174.94 174.82 174.87 619.0 174.88 2816.0 65693.0 29267.0 36426.0 0.0 174.8658
15:03:00 480.0 29857.0 172.65 174.93 174.97 174.88 174.93 1116.0 174.94 6633.0 29857.0 14773.0 15084.0 0.0 174.9377
15:04:00 841.0 63171.0 172.65 174.97 174.97 174.79 174.97 276.0 174.97 76.0 63171.0 28365.0 34806.0 0.0 174.8626
15:05:00 518.0 36028.0 172.65 174.91 174.97 174.86 174.9 200.0 174.91 3154.0 36028.0 16526.0 19502.0 0.0 174.9225
15:06:00 752.0 55837.0 172.65 174.98 175.05 174.9 174.97 1799.0 174.98 345.0 55837.0 36261.0 19576.0 0.0 174.9661
15:07:00 695.0 50050.0 172.65 175.04 175.05 174.92 175.03 1600.0 175.04 1084.0 50050.0 26599.0 23451.0 0.0 174.9981
15:08:00 584.0 42593.0 172.65 175.025 175.04 174.98 175.02 3361.0 175.03 359.0 42593.0 19605.0 22988.0 0.0 175.0143
15:09:00 688.0 52219.0 172.65 175.11 175.11 175.01 175.1 2972.0 175.12 4178.0 52219.0 28397.0 23822.0 0.0 175.0661
15:10:00 588.0 44808.0 172.65 174.98 175.11 174.94 174.98 2110.0 174.99 911.0 44808.0 16938.0 27870.0 0.0 175.025
15:11:00 607.0 46105.0 172.65 174.95 175.02 174.91 174.94 301.0 174.95 2174.0 46105.0 16452.0 29653.0 0.0 174.9763
15:12:00 658.0 46431.0 172.65 174.845 174.94 174.795 174.84 3589.0 174.85 819.0 46431.0 20863.0 25568.0 0.0 174.8447
15:13:00 642.0 46076.0 172.65 174.82 174.87 174.76 174.82 2509.0 174.83 605.0 46076.0 17118.0 28958.0 0.0 174.8081
15:14:00 432.0 28681.0 172.65 174.89 174.9 174.83 174.88 3477.0 174.89 522.0 28681.0 13271.0 15410.0 0.0 174.87
15:15:00 517.0 42509.0 172.65 174.945 174.965 174.88 174.94 1485.0 174.95 1482.0 42509.0 22562.0 19947.0 0.0 174.9268
15:16:00 659.0 54717.0 172.65 174.98 175.03 174.94 174.97 2873.0 174.98 600.0 54717.0 30931.0 23786.0 0.0 174.9867
15:17:00 423.0 32301.0 172.65 174.94 175.03 174.94 174.94 4.0 174.94 1553.0 32301.0 12627.0 19674.0 0.0 174.9914
15:18:00 936.0 71948.0 172.65 174.745 174.955 174.72 174.74 1700.0 174.75 6107.0 71948.0 20292.0 51656.0 0.0 174.8202
15:19:00 745.0 58354.0 172.65 174.68 174.76 174.66 174.67 1402.0 174.68 1900.0 58354.0 24579.0 33775.0 0.0 174.7053
15:20:00 665.0 52837.0 172.65 174.69 174.72 174.66 174.68 1500.0 174.69 1587.0 52837.0 22163.0 30674.0 0.0 174.6929
15:21:00 546.0 40643.0 172.65 174.85 174.86 174.69 174.84 650.0 174.85 2550.0 40643.0 21977.0 18666.0 0.0 174.7792
15:22:00 562.0 44959.0 172.65 174.78 174.84 174.735 174.78 700.0 174.79 2634.0 44959.0 18823.0 26136.0 0.0 174.7879
15:23:00 488.0 30131.0 172.65 174.76 174.79 174.7 174.76 2000.0 174.77 1794.0 30131.0 12297.0 17834.0 0.0 174.7507
15:24:00 457.0 32347.0 172.65 174.74 174.84 174.73 174.74 1921.0 174.75 969.0 32347.0 10979.0 21368.0 0.0 174.7987
15:25:00 515.0 41791.0 172.65 174.745 174.805 174.71 174.74 2098.0 174.75 2511.0 41791.0 16780.0 25011.0 0.0 174.7635
15:26:00 837.0 63092.0 172.65 174.66 174.82 174.65 174.65 2251.0 174.66 100.0 63092.0 20572.0 42520.0 0.0 174.7344
15:27:00 550.0 40193.0 172.65 174.63 174.7 174.62 174.63 571.0 174.64 3061.0 40193.0 17900.0 22293.0 0.0 174.6589
15:28:00 594.0 42476.0 172.65 174.8 174.8 174.63 174.8 2137.0 174.81 362.0 42476.0 24941.0 17535.0 0.0 174.7073
15:29:00 657.0 45769.0 172.65 174.88 174.89 174.81 174.87 900.0 174.88 3213.0 45769.0 23576.0 22193.0 0.0 174.8532
15:30:00 682.0 61653.0 172.65 174.83 174.92 174.805 174.83 1654.0 174.84 1553.0 61653.0 30828.0 30825.0 0.0 174.8538
15:31:00 919.0 77669.0 172.65 174.98 175.0 174.81 174.98 3320.0 174.99 509.0 77669.0 40909.0 36760.0 0.0 174.925
15:32:00 1065.0 83871.0 172.65 175.03 175.03 174.92 175.02 2989.0 175.04 3837.0 83871.0 45797.0 38074.0 0.0 174.9712
15:33:00 788.0 64100.0 172.65 175.0 175.05 174.97 175.0 260.0 175.01 3646.0 64100.0 26370.0 37730.0 0.0 175.0157
15:34:00 819.0 57786.0 172.65 175.04 175.04 174.97 175.03 4821.0 175.04 793.0 57786.0 26383.0 31403.0 0.0 175.0055
15:35:00 757.0 54027.0 172.65 174.98 175.04 174.9 174.98 451.0 174.99 2933.0 54027.0 17681.0 36346.0 0.0 174.9654
15:36:00 709.0 55363.0 172.65 175.0 175.01 174.94 175.0 1470.0 175.01 3048.0 55363.0 26637.0 28726.0 0.0 174.9833
15:37:00 924.0 75607.0 172.65 175.12 175.13 174.97 175.11 1452.0 175.12 3101.0 75607.0 46048.0 29559.0 0.0 175.0679
15:38:00 956.0 85925.0 172.65 175.17 175.179 175.1 175.17 1200.0 175.18 2589.0 85925.0 45470.0 40455.0 0.0 175.1434
15:39:00 950.0 92410.0 172.65 175.15 175.175 175.09 175.14 2311.0 175.15 1118.0 92410.0 41602.0 50808.0 0.0 175.1329
15:40:00 770.0 71293.0 172.65 175.02 175.17 175.01 175.01 266.0 175.02 3477.0 71293.0 22131.0 49162.0 0.0 175.0784
15:41:00 897.0 75139.0 172.65 175.05 175.09 174.895 175.05 2782.0 175.06 2173.0 75139.0 37695.0 37444.0 0.0 174.9842
15:42:00 831.0 64602.0 172.65 174.915 175.055 174.87 174.9 3403.0 174.92 2900.0 64602.0 24086.0 40516.0 0.0 174.9445
15:43:00 700.0 59863.0 172.65 174.93 174.98 174.87 174.92 2077.0 174.93 2418.0 59863.0 27491.0 32372.0 0.0 174.9318
15:44:00 749.0 59836.0 172.65 174.89 174.96 174.85 174.88 2247.0 174.89 1888.0 59836.0 26657.0 33179.0 0.0 174.9035
15:45:00 965.0 82192.0 172.65 174.91 175.01 174.86 174.9 3610.0 174.91 1031.0 82192.0 46296.0 35896.0 0.0 174.9039
15:46:00 1039.0 84924.0 172.65 174.82 174.93 174.76 174.82 2011.0 174.83 800.0 84924.0 29469.0 55455.0 0.0 174.851
15:47:00 707.0 45338.0 172.65 174.79 174.83 174.77 174.79 4032.0 174.8 1002.0 45338.0 21555.0 23783.0 0.0 174.7985
15:48:00 798.0 60156.0 172.65 174.9 174.91 174.76 174.89 2701.0 174.9 2126.0 60156.0 33881.0 26275.0 0.0 174.8324
15:49:00 666.0 60682.0 172.65 174.82 174.9 174.81 174.82 400.0 174.83 3656.0 60682.0 18659.0 42023.0 0.0 174.8523
15:50:00 816.0 56938.0 172.65 174.73 174.83 174.71 174.73 1503.0 174.74 2297.0 56938.0 18940.0 37998.0 0.0 174.76
15:51:00 2820.0 245038.0 172.65 174.54 174.81 174.48 174.53 2200.0 174.55 1800.0 245038.0 92552.0 152486.0 0.0 174.5875
15:52:00 1059.0 87577.0 172.65 174.55 174.61 174.51 174.54 468.0 174.55 1800.0 87577.0 37542.0 50035.0 0.0 174.566
15:53:00 1161.0 87082.0 172.65 174.52 174.65 174.51 174.51 3370.0 174.52 993.0 87082.0 41686.0 45396.0 0.0 174.5729
15:54:00 1704.0 203049.0 172.65 174.5 174.51 174.4 174.49 1300.0 174.5 2438.0 203049.0 58856.0 144193.0 0.0 174.4569
15:55:00 2685.0 208496.0 172.65 174.58 174.7 174.47 174.58 416.0 174.59 1200.0 208496.0 106487.0 102009.0 0.0 174.5546
15:56:00 2226.0 206143.0 172.65 174.72 174.88 174.58 174.72 700.0 174.73 2735.0 206143.0 102613.0 103530.0 0.0 174.7597
15:57:00 1355.0 130655.0 172.65 174.71 174.73 174.59 174.71 260.0 174.72 2356.0 130655.0 54952.0 75703.0 0.0 174.663
15:58:00 1189.0 125778.0 172.65 174.79 174.79 174.705 174.78 8216.0 174.79 9063.0 125778.0 60167.0 65611.0 0.0 174.7558
15:59:00 2027.0 222591.0 172.65 174.94 174.95 174.79 174.93 2500.0 174.95 2666.0 222591.0 124875.0 97716.0 0.0 174.8585
16:00:00 4760.0 661918.0 172.65 175.09 175.17 174.9 175.08 45581.0 175.09 11162.0 661918.0 350311.0 311607.0 0.0 175.0227
16:01:00 68.0 4158.0 172.65 175.08 175.09 174.96 175.08 178.0 175.09 100.0 4158.0 3150.0 1008.0 0.0 175.0492
16:02:00 54.0 1221.0 172.65 175.1 175.13 175.08 175.09 169.0 175.1 150.0 1221.0 533.0 688.0 0.0 175.0932
16:03:00 72.0 4661.0 172.65 175.1 175.1 175.08 175.08 1186.0 175.1 223.0 4661.0 3360.0 1301.0 0.0 175.0923
16:04:00 58.0 2567.0 172.65 175.08 175.1 175.08 175.08 363.0 175.09 100.0 2567.0 840.0 1727.0 0.0 175.0865
16:05:00 51.0 1514.0 172.65 175.12 175.12 175.08 175.1 397.0 175.12 33.0 1514.0 994.0 520.0 0.0 175.1022
16:06:00 20.0 1269.0 172.65 175.1 175.12 175.09 175.09 1675.0 175.1 521.0 1269.0 541.0 728.0 0.0 175.091
16:07:00 18.0 1555.0 172.65 175.12 175.12 175.1 175.11 742.0 175.12 185.0 1555.0 1234.0 321.0 0.0 175.1112
16:08:00 37.0 2023.0 172.65 175.11 175.13 175.11 175.1 44.0 175.13 348.0 2023.0 1172.0 851.0 0.0 175.121
16:09:00 34.0 2009.0 172.65 175.08 175.13 175.08 175.1 172.0 175.11 56.0 2009.0 343.0 1666.0 0.0 175.0931
16:10:00 21.0 494.0 172.65 175.12 175.12 175.08 175.09 500.0 175.1 105.0 494.0 186.0 308.0 0.0 175.103
16:11:00 16.0 784.0 172.65 175.12 175.12 175.09 175.09 873.0 175.12 293.0 784.0 160.0 624.0 0.0 175.1002
16:12:00 15.0 521.0 172.65 175.09 175.12 175.09 175.09 1518.0 175.12 205.0 521.0 86.0 435.0 0.0 175.0942
16:13:00 22.0 910.0 172.65 175.11 175.13 175.1 175.11 146.0 175.12 110.0 910.0 633.0 277.0 0.0 175.119
16:14:00 22.0 767.0 172.65 175.09 175.11 175.09 175.09 1502.0 175.1 1016.0 767.0 0.0 767.0 0.0 175.1022
16:15:00 42.0 2725.0 172.65 175.08 175.1 175.08 175.08 140.0 175.09 223.0 2725.0 450.0 2275.0 0.0 175.0872
16:16:00 22.0 1572.0 172.65 175.1 175.12 175.08 175.1 55.0 175.12 80.0 1572.0 1404.0 168.0 0.0 175.0985
16:17:00 19.0 753.0 172.65 175.1 175.12 175.1 175.1 1723.0 175.12 39.0 753.0 182.0 571.0 0.0 175.1055
16:18:00 21.0 441.0 172.65 175.1 175.13 175.1 175.08 341.0 175.1 1862.0 441.0 66.0 375.0 0.0 175.1037
16:19:00 15.0 1073.0 172.65 175.1 175.1 175.08 175.09 2.0 175.1 927.0 1073.0 959.0 114.0 0.0 175.0979
16:20:00 35.0 2743.0 172.65 175.08 175.1 175.08 175.07 3.0 175.12 320.0 2743.0 213.0 2530.0 0.0 175.08
16:21:00 12.0 181.0 172.65 175.07 175.11 175.07 175.07 390.0 175.11 100.0 181.0 156.0 25.0 0.0 175.0988
16:22:00 25.0 501.0 172.65 175.03 175.1 175.02 175.03 16.0 175.08 20.0 501.0 15.0 486.0 0.0 175.0504
16:23:00 20.0 697.0 172.65 175.01 175.08 175.01 175.0 714.0 175.05 801.0 697.0 202.0 495.0 0.0 175.0373
16:24:00 8.0 46.0 172.65 175.01 175.04 175.01 175.01 1086.0 175.03 32.0 46.0 26.0 20.0 0.0 175.0204
16:25:00 17.0 1708.0 172.65 175.05 175.06 175.02 175.05 547.0 175.08 68.0 1708.0 990.0 718.0 0.0 175.0471
16:26:00 17.0 626.0 172.65 175.06 175.06 175.05 175.06 124.0 175.08 178.0 626.0 0.0 626.0 0.0 175.0512
16:27:00 31.0 2290.0 172.65 175.07 175.08 175.05 175.07 399.0 175.08 48.0 2290.0 196.0 2094.0 0.0 175.0531
16:28:00 10.0 512.0 172.65 175.07 175.08 175.07 175.07 378.0 175.08 456.0 512.0 1.0 511.0 0.0 175.07
16:29:00 22.0 2466.0 172.65 175.05 175.07 175.05 175.05 801.0 175.07 679.0 2466.0 7.0 2459.0 0.0 175.0532
16:30:00 10.0 886.0 172.65 175.07 175.07 175.05 175.05 1005.0 175.07 820.0 886.0 59.0 827.0 0.0 175.0513
16:31:00 16.0 997.0 172.65 175.08 175.09 175.06 175.08 621.0 175.09 214.0 997.0 991.0 6.0 0.0 175.072
16:32:00 12.0 214.0 172.65 175.08 175.11 175.08 175.08 26.0 175.11 10.0 214.0 207.0 7.0 0.0 175.0938
16:33:00 27.0 1472.0 172.65 175.05 175.1 175.05 175.08 2300.0 175.11 60.0 1472.0 211.0 1261.0 0.0 175.0508
16:34:00 8.0 281.0 172.65 175.09 175.09 175.08 175.09 59.0 175.1 37.0 281.0 20.0 261.0 0.0 175.0811
16:35:00 8.0 76.0 172.65 175.09 175.1 175.09 175.09 43.0 175.1 1678.0 76.0 60.0 16.0 0.0 175.0979
16:36:00 15.0 963.0 172.65 175.1 175.1 175.08 175.09 20.0 175.1 1139.0 963.0 639.0 324.0 0.0 175.0935
16:37:00 4.0 309.0 172.65 175.1 175.1 175.1 175.09 42.0 175.1 930.0 309.0 309.0 0.0 0.0 175.1
16:38:00 13.0 104.0 172.65 175.08 175.1 175.08 175.08 1727.0 175.1 966.0 104.0 14.0 90.0 0.0 175.0863
16:39:00 9.0 357.0 172.65 175.09 175.1 175.08 175.08 1480.0 175.09 103.0 357.0 107.0 250.0 0.0 175.0859
16:40:00 9.0 270.0 172.65 175.1 175.1 175.09 175.09 30.0 175.1 25.0 270.0 270.0 0.0 0.0 175.0962
16:41:00 8.0 130.0 172.65 175.08 175.1 175.08 175.09 9.0 175.1 25.0 130.0 5.0 125.0 0.0 175.0831
16:42:00 34.0 837.0 172.65 175.1 175.1 175.08 175.08 1045.0 175.1 5.0 837.0 136.0 701.0 0.0 175.0834
16:43:00 16.0 421.0 172.65 175.09 175.1 175.08 175.08 857.0 175.09 4.0 421.0 1.0 420.0 0.0 175.0802
16:44:00 8.0 245.0 172.65 175.08 175.1 175.08 175.08 921.0 175.09 5.0 245.0 218.0 27.0 0.0 175.0976
16:45:00 3.0 15.0 172.65 175.1 175.1 175.09 175.08 956.0 175.09 4.0 15.0 15.0 0.0 0.0 175.0993
16:46:00 16.0 198.0 172.65 175.09 175.1 175.08 175.09 719.0 175.1 15.0 198.0 198.0 0.0 0.0 175.0912
16:47:00 10.0 189.0 172.65 175.09 175.11 175.09 175.11 1.0 175.11 5.0 189.0 12.0 177.0 0.0 175.0912
16:48:00 32.0 1756.0 172.65 175.11 175.12 175.09 175.1 2.0 175.11 5.0 1756.0 117.0 1639.0 0.0 175.1012
16:49:00 5.0 35.0 172.65 175.09 175.1 175.09 175.09 1301.0 175.1 992.0 35.0 0.0 35.0 0.0 175.0906
16:50:00 7.0 151.0 172.65 175.09 175.1 175.09 175.09 672.0 175.1 1071.0 151.0 6.0 145.0 0.0 175.0904
16:51:00 22.0 1639.0 172.65 175.1 175.12 175.09 175.09 684.0 175.1 12.0 1639.0 1131.0 508.0 0.0 175.1001
16:52:00 12.0 203.0 172.65 175.09 175.11 175.09 175.09 544.0 175.11 5.0 203.0 13.0 190.0 0.0 175.0913
16:53:00 12.0 431.0 172.65 175.1 175.11 175.09 175.09 151.0 175.1 13.0 431.0 17.0 414.0 0.0 175.0909
16:54:00 26.0 308.0 172.65 175.09 175.12 175.09 175.09 75.0 175.11 50.0 308.0 28.0 280.0 0.0 175.1016
16:55:00 11.0 89.0 172.65 175.11 175.11 175.09 175.09 20.0 175.11 31.0 89.0 29.0 60.0 0.0 175.098
16:56:00 14.0 96.0 172.65 175.11 175.11 175.08 175.08 1076.0 175.11 18.0 96.0 13.0 83.0 0.0 175.0861
16:57:00 21.0 73.0 172.65 175.1 175.11 175.09 175.09 12.0 175.1 94.0 73.0 62.0 11.0 0.0 175.1049
16:58:00 16.0 126.0 172.65 175.09 175.1 175.09 175.09 57.0 175.1 5.0 126.0 94.0 32.0 0.0 175.0975
16:59:00 11.0 183.0 172.65 175.12 175.13 175.1 175.1 533.0 175.12 204.0 183.0 176.0 7.0 0.0 175.1261
17:00:00 7.0 147.0 172.65 175.11 175.12 175.11 175.1 537.0 175.12 65.0 147.0 143.0 4.0 0.0 175.1197
