time trade_count trade_volume trade_first trade_last trade_high trade_low bid_price bid_size ask_price ask_size hid_vol buy_vol sell_vol unsided_vol vwap
09:00:00 nan 5989.0 169.23 169.23 169.25 169.15 169.21 102.0 169.23 179.0 5989.0 1837.0 4152.0 0.0 169.1998
09:01:00 126.0 2139.0 169.23 169.29 169.32 169.2 169.28 27.0 169.3 2248.0 2139.0 1106.0 1033.0 0.0 169.2419
09:02:00 124.0 3714.0 169.23 169.3 169.32 169.25 169.3 39.0 169.31 497.0 3714.0 2031.0 1683.0 0.0 169.2942
09:03:00 226.0 6627.0 169.23 169.16 169.32 169.16 169.16 112.0 169.18 196.0 6627.0 525.0 6102.0 0.0 169.2475
09:04:00 230.0 10583.0 169.23 169.12 169.18 169.08 169.12 2041.0 169.14 119.0 10583.0 3665.0 6918.0 0.0 169.1162
09:05:00 266.0 9318.0 169.23 169.05 169.12 169.0 169.03 126.0 169.05 1072.0 9318.0 2243.0 7075.0 0.0 169.0788
09:06:00 245.0 8747.0 169.23 169.06 169.07 169.02 169.05 6058.0 169.06 149.0 8747.0 7154.0 1593.0 0.0 169.0425
09:07:00 708.0 20746.0 169.23 169.11 169.2 169.0 169.05 2010.0 169.07 5.0 20746.0 6079.0 14667.0 0.0 169.0473
09:08:00 206.0 12914.0 169.23 169.11 169.16 169.07 169.11 187.0 169.11 3.0 12914.0 12864.0 50.0 0.0 169.1096
09:09:00 204.0 6299.0 169.23 169.06 169.19 169.05 169.05 436.0 169.06 196.0 6299.0 2414.0 3885.0 0.0 169.1268
09:10:00 955.0 32301.0 169.23 168.95 169.06 168.95 168.94 202.0 168.95 1409.0 32301.0 4506.0 27795.0 0.0 169.0043
09:11:00 267.0 10471.0 169.23 169.0 169.02 168.87 168.98 177.0 169.0 100.0 10471.0 4150.0 6321.0 0.0 168.9399
09:12:00 154.0 3707.0 169.23 168.95 169.0 168.91 168.94 4810.0 168.95 199.0 3707.0 2124.0 1583.0 0.0 168.9404
09:13:00 154.0 7665.0 169.23 168.94 168.95 168.87 168.94 271.0 168.95 1375.0 7665.0 1276.0 6389.0 0.0 168.9301
09:14:00 292.0 7149.0 169.23 168.83 168.94 168.83 168.85 150.0 168.87 328.0 7149.0 1371.0 5778.0 0.0 168.8943
09:15:00 505.0 22834.0 169.23 168.95 169.05 168.8 168.93 477.0 168.95 200.0 22834.0 16222.0 6612.0 0.0 168.9642
09:16:00 175.0 3772.0 169.23 169.05 169.06 168.95 169.03 360.0 169.05 588.0 3772.0 2955.0 817.0 0.0 169.0306
09:17:00 291.0 9843.0 169.23 169.03 169.1 169.0 169.0 780.0 169.03 150.0 9843.0 5872.0 3971.0 0.0 169.0557
09:18:00 659.0 64259.0 169.23 168.73 169.05 168.66 168.7 277.0 168.73 8.0 64259.0 20896.0 43363.0 0.0 168.7354
09:19:00 157.0 4051.0 169.23 168.87 168.89 168.71 168.86 277.0 168.9 91.0 4051.0 2094.0 1957.0 0.0 168.8106
09:20:00 128.0 6934.0 169.23 168.94 168.95 168.85 168.94 957.0 168.95 280.0 6934.0 5677.0 1257.0 0.0 168.8928
09:21:00 274.0 15524.0 169.23 169.03 169.07 168.94 169.01 246.0 169.03 789.0 15524.0 11617.0 3907.0 0.0 169.0295
09:22:00 282.0 13880.0 169.23 169.0 169.07 168.97 168.98 278.0 169.0 321.0 13880.0 5736.0 8144.0 0.0 168.9943
09:23:00 256.0 9491.0 169.23 168.92 169.0 168.86 168.89 132.0 168.95 200.0 9491.0 1982.0 7509.0 0.0 168.9357
09:24:00 119.0 3661.0 169.23 169.0 169.0 168.9 168.99 677.0 169.0 123.0 3661.0 1983.0 1678.0 0.0 168.9752
09:25:00 230.0 9256.0 169.23 168.99 169.05 168.95 168.97 209.0 169.0 16681.0 9256.0 3150.0 6106.0 0.0 169.0017
09:26:00 591.0 60270.0 169.23 169.08 169.43 169.0 169.08 165.0 169.08 133.0 60270.0 43071.0 17199.0 0.0 169.1387
09:27:00 512.0 35561.0 169.23 169.14 169.21 168.99 169.14 85.0 169.15 1281.0 35561.0 23232.0 12329.0 0.0 169.1165
09:28:00 582.0 29959.0 169.23 169.09 169.32 168.8 169.0 7.0 169.17 102.0 29959.0 13480.0 16479.0 0.0 169.1086
09:29:00 276.0 9191.0 169.23 168.91 169.01 168.8 168.9 1210.0 168.91 488.0 9191.0 3526.0 5665.0 0.0 168.8875
09:30:00 313.0 9161.0 169.23 168.99 169.03 168.86 168.98 11837.0 169.1 20.0 9161.0 4377.0 4784.0 0.0 168.9427
09:31:00 12320.0 1056635.0 169.23 170.8 171.75 168.75 170.78 244.0 170.81 341.0 1056635.0 380451.0 676184.0 0.0 170.427
09:32:00 3755.0 247110.0 169.23 170.45 171.15 170.18 170.4 500.0 170.43 400.0 247110.0 153541.0 93569.0 0.0 170.5321
09:33:00 4242.0 263938.0 169.23 169.89 170.91 169.87 169.88 197.0 169.9 1085.0 263938.0 160780.0 103158.0 0.0 170.0795
09:34:00 3387.0 229398.0 169.23 170.28 170.4 169.84 170.28 2.0 170.3 400.0 229398.0 160521.0 68877.0 0.0 170.1007
09:35:00 4465.0 297608.0 169.23 169.96 170.78 169.84 169.94 449.0 169.98 1200.0 297608.0 165980.0 131628.0 0.0 170.2006
09:36:00 3133.0 210134.0 169.23 169.79 170.16 169.7 169.78 150.0 169.8 634.0 210134.0 130630.0 79504.0 0.0 169.9077
09:37:00 2685.0 189322.0 169.23 169.411 169.95 169.411 169.41 1317.0 169.45 1737.0 189322.0 107491.0 81831.0 0.0 169.6637
09:38:00 3732.0 253201.0 169.23 169.65 170.11 169.4 169.64 526.0 169.66 500.0 253201.0 181132.0 72069.0 0.0 169.8281
09:39:00 2931.0 208811.0 169.23 169.59 169.84 169.49 169.57 1.0 169.59 1283.0 208811.0 126517.0 82294.0 0.0 169.6043
09:40:00 2463.0 173193.0 169.23 169.86 169.87 169.48 169.82 104.0 169.85 1145.0 173193.0 115869.0 57324.0 0.0 169.6427
09:41:00 4570.0 379314.0 169.23 169.9 170.45 169.7 169.88 1400.0 169.91 200.0 379314.0 222740.0 156574.0 0.0 170.0416
09:42:00 2715.0 220447.0 169.23 169.68 170.07 169.63 169.68 245.0 169.7 300.0 220447.0 111939.0 108508.0 0.0 169.8341
09:43:00 2762.0 197067.0 169.23 169.79 169.94 169.67 169.79 100.0 169.81 300.0 197067.0 127418.0 69649.0 0.0 169.7726
09:44:00 2739.0 146870.0 169.23 169.96 170.24 169.8 169.94 200.0 169.96 1032.0 146870.0 97330.0 49540.0 0.0 170.016
09:45:00 2363.0 131351.0 169.23 170.33 170.55 169.92 170.32 583.0 170.34 300.0 131351.0 81271.0 50080.0 0.0 170.292
09:46:00 2635.0 178562.0 169.23 170.35 170.39 170.1 170.35 200.0 170.37 348.0 178562.0 96047.0 82515.0 0.0 170.2495
09:47:00 3055.0 218186.0 169.23 170.57 170.9 170.36 170.55 673.0 170.57 480.0 218186.0 123678.0 94508.0 0.0 170.6519
09:48:00 2285.0 174796.0 169.23 170.58 170.89 170.51 170.57 612.0 170.6 1614.0 174796.0 104589.0 70207.0 0.0 170.7331
09:49:00 2086.0 137474.0 169.23 170.6 170.69 170.4 170.59 460.0 170.61 50.0 137474.0 60184.0 77290.0 0.0 170.5535
09:50:00 2509.0 177198.0 169.23 170.83 170.84 170.45 170.81 1803.0 170.84 863.0 177198.0 121547.0 55651.0 0.0 170.6125
09:51:00 2577.0 184577.0 169.23 171.03 171.07 170.7 171.02 363.0 171.04 164.0 184577.0 113395.0 71182.0 0.0 170.9223
09:52:00 1837.0 120713.0 169.23 171.06 171.2 170.94 171.04 534.0 171.06 350.0 120713.0 63719.0 56994.0 0.0 171.0671
09:53:00 4127.0 330159.0 169.23 170.25 171.06 170.23 170.23 925.0 170.26 962.0 330159.0 155230.0 174929.0 0.0 170.6122
09:54:00 2399.0 153720.0 169.23 170.07 170.26 169.94 170.06 50.0 170.08 400.0 153720.0 82490.0 71230.0 0.0 170.1025
09:55:00 2455.0 179361.0 169.23 169.87 170.12 169.77 169.86 590.0 169.88 11.0 179361.0 77177.0 102184.0 0.0 169.9347
09:56:00 2375.0 161824.0 169.23 169.83 169.94 169.66 169.81 927.0 169.83 1330.0 161824.0 94364.0 67460.0 0.0 169.7734
09:57:00 2662.0 168216.0 169.23 169.49 169.855 169.48 169.47 528.0 169.49 1584.0 168216.0 84408.0 83808.0 0.0 169.6498
09:58:00 1841.0 121219.0 169.23 169.34 169.55 169.32 169.34 101.0 169.35 405.0 121219.0 56601.0 64618.0 0.0 169.4136
09:59:00 2245.0 148769.0 169.23 169.49 169.56 169.26 169.49 100.0 169.5 657.0 148769.0 92951.0 55818.0 0.0 169.4025
10:00:00 2152.0 147333.0 169.23 169.47 169.7 169.42 169.47 40.0 169.49 607.0 147333.0 78506.0 68827.0 0.0 169.5551
10:01:00 2129.0 122897.0 169.23 169.62 169.73 169.4 169.61 169.0 169.63 708.0 122897.0 72805.0 50092.0 0.0 169.6087
10:02:00 1799.0 96858.0 169.23 169.59 169.65 169.45 169.58 1388.0 169.6 600.0 96858.0 52922.0 43936.0 0.0 169.5663
10:03:00 2382.0 151784.0 169.23 169.15 169.71 169.13 169.13 701.0 169.15 500.0 151784.0 53006.0 98778.0 0.0 169.4049
10:04:00 4286.0 231391.0 169.23 169.06 169.31 168.93 169.05 604.0 169.07 132.0 231391.0 105573.0 125818.0 0.0 169.0638
10:05:00 2784.0 179368.0 169.23 168.85 169.17 168.81 168.85 100.0 168.86 278.0 179368.0 81745.0 97623.0 0.0 169.0047
10:06:00 2643.0 156953.0 169.23 169.03 169.04 168.78 169.02 125.0 169.04 1275.0 156953.0 85312.0 71641.0 0.0 168.8888
10:07:00 2086.0 146615.0 169.23 169.21 169.27 168.89 169.19 200.0 169.21 1298.0 146615.0 74573.0 72042.0 0.0 169.1317
10:08:00 2330.0 165891.0 169.23 169.42 169.44 169.02 169.41 900.0 169.43 305.0 165891.0 88410.0 77481.0 0.0 169.1847
10:09:00 1557.0 113607.0 169.23 169.51 169.57 169.38 169.5 1675.0 169.53 1800.0 113607.0 72340.0 41267.0 0.0 169.5084
10:10:00 1364.0 66399.0 169.23 169.44 169.6 169.41 169.45 155.0 169.47 998.0 66399.0 29057.0 37342.0 0.0 169.509
10:11:00 3733.0 250164.0 169.23 168.84 169.45 168.76 168.83 300.0 168.85 700.0 250164.0 82864.0 167300.0 0.0 169.03
10:12:00 2743.0 135577.0 169.23 168.64 168.9 168.64 168.63 173.0 168.64 2114.0 135577.0 62851.0 72726.0 0.0 168.7303
10:13:00 3601.0 225853.0 169.23 168.68 168.71 168.49 168.67 1025.0 168.69 734.0 225853.0 87025.0 138828.0 0.0 168.5947
10:14:00 1463.0 87803.0 169.23 168.88 168.9 168.63 168.87 200.0 168.88 702.0 87803.0 51525.0 36278.0 0.0 168.7497
10:15:00 1853.0 125362.0 169.23 168.68 168.89 168.66 168.67 101.0 168.68 1103.0 125362.0 51328.0 74034.0 0.0 168.7491
10:16:00 1846.0 111045.0 169.23 168.71 168.95 168.601 168.71 200.0 168.72 400.0 111045.0 56758.0 54287.0 0.0 168.8097
10:17:00 1897.0 134202.0 169.23 168.54 168.72 168.46 168.54 400.0 168.55 110.0 134202.0 59514.0 74688.0 0.0 168.5595
10:18:00 2051.0 140693.0 169.23 168.91 169.05 168.55 168.91 100.0 168.93 1216.0 140693.0 98338.0 42355.0 0.0 168.8531
10:19:00 1455.0 102733.0 169.23 168.9 168.99 168.79 168.9 6.0 168.91 603.0 102733.0 46223.0 56510.0 0.0 168.8765
10:20:00 1659.0 93610.0 169.23 168.75 168.95 168.71 168.73 701.0 168.75 1264.0 93610.0 40251.0 53359.0 0.0 168.8464
10:21:00 1997.0 135703.0 169.23 169.12 169.17 168.74 169.11 800.0 169.13 756.0 135703.0 85799.0 49904.0 0.0 168.9815
10:22:00 2943.0 227835.0 169.23 168.45 169.18 168.44 168.44 1223.0 168.46 300.0 227835.0 93991.0 133844.0 0.0 168.7085
10:23:00 1440.0 98235.0 169.23 168.48 168.61 168.44 168.48 883.0 168.5 758.0 98235.0 61898.0 36337.0 0.0 168.5318
10:24:00 1506.0 88590.0 169.23 168.38 168.53 168.37 168.37 1441.0 168.38 98.0 88590.0 42524.0 46066.0 0.0 168.4318
10:25:00 1290.0 81277.0 169.23 168.38 168.49 168.38 168.38 199.0 168.39 1529.0 81277.0 51762.0 29515.0 0.0 168.4254
10:26:00 1688.0 123087.0 169.23 168.69 168.77 168.37 168.68 301.0 168.69 400.0 123087.0 90565.0 32522.0 0.0 168.6107
10:27:00 1390.0 88188.0 169.23 168.53 168.75 168.52 168.53 107.0 168.54 22.0 88188.0 47198.0 40990.0 0.0 168.6251
10:28:00 1368.0 87624.0 169.23 168.48 168.53 168.38 168.47 101.0 168.48 500.0 87624.0 44317.0 43307.0 0.0 168.4611
10:29:00 949.0 47895.0 169.23 168.53 168.59 168.42 168.51 321.0 168.53 969.0 47895.0 27426.0 20469.0 0.0 168.5071
10:30:00 1025.0 60380.0 169.23 168.72 168.73 168.47 168.71 160.0 168.72 100.0 60380.0 35503.0 24877.0 0.0 168.6015
10:31:00 1651.0 85945.0 169.23 168.65 168.73 168.47 168.65 700.0 168.67 1806.0 85945.0 42878.0 43067.0 0.0 168.6
10:32:00 1515.0 114197.0 169.23 168.86 168.93 168.65 168.86 200.0 168.87 701.0 114197.0 72220.0 41977.0 0.0 168.8139
10:33:00 1228.0 84480.0 169.23 168.91 168.99 168.76 168.9 2357.0 168.91 228.0 84480.0 42993.0 41487.0 0.0 168.8872
10:34:00 1781.0 109735.0 169.23 168.78 168.96 168.72 168.77 1200.0 168.79 1051.0 109735.0 50558.0 59177.0 0.0 168.8488
10:35:00 1433.0 86541.0 169.23 168.57 168.82 168.56 168.57 1500.0 168.58 100.0 86541.0 38300.0 48241.0 0.0 168.6727
10:36:00 2269.0 153211.0 169.23 168.46 168.785 168.42 168.45 688.0 168.46 277.0 153211.0 61218.0 91993.0 0.0 168.5856
10:37:00 3692.0 211264.0 169.23 168.38 168.46 168.17 168.38 298.0 168.39 426.0 211264.0 84594.0 126670.0 0.0 168.3037
10:38:00 1079.0 84764.0 169.23 168.24 168.46 168.23 168.23 1221.0 168.24 100.0 84764.0 40337.0 44427.0 0.0 168.3795
10:39:00 1411.0 96156.0 169.23 168.58 168.65 168.22 168.58 253.0 168.59 985.0 96156.0 50931.0 45225.0 0.0 168.4855
10:40:00 1126.0 70293.0 169.23 168.54 168.75 168.42 168.54 522.0 168.55 40.0 70293.0 33805.0 36488.0 0.0 168.6049
10:41:00 1051.0 77325.0 169.23 168.72 168.74 168.53 168.71 783.0 168.73 2354.0 77325.0 35745.0 41580.0 0.0 168.6643
10:42:00 1272.0 114442.0 169.23 168.58 168.9 168.525 168.57 304.0 168.59 1524.0 114442.0 72288.0 42154.0 0.0 168.7197
10:43:00 1473.0 94101.0 169.23 168.46 168.6 168.4 168.46 100.0 168.47 131.0 94101.0 42943.0 51158.0 0.0 168.5073
10:44:00 1341.0 106965.0 169.23 168.46 168.54 168.34 168.45 677.0 168.47 3560.0 106965.0 59449.0 47516.0 0.0 168.4272
10:45:00 1145.0 68570.0 169.23 168.38 168.52 168.24 168.36 101.0 168.37 1660.0 68570.0 33575.0 34995.0 0.0 168.3601
10:46:00 936.0 62737.0 169.23 168.475 168.54 168.3 168.47 1811.0 168.49 1769.0 62737.0 28108.0 34629.0 0.0 168.4506
10:47:00 1010.0 59038.0 169.23 168.56 168.67 168.415 168.56 200.0 168.57 614.0 59038.0 33136.0 25902.0 0.0 168.5515
10:48:00 967.0 85707.0 169.23 168.71 168.81 168.56 168.7 1231.0 168.71 25.0 85707.0 64079.0 21628.0 0.0 168.7319
10:49:00 1153.0 55591.0 169.23 168.47 168.71 168.4 168.47 1941.0 168.48 253.0 55591.0 21478.0 34113.0 0.0 168.5693
10:50:00 1255.0 82326.0 169.23 168.585 168.67 168.35 168.58 605.0 168.59 730.0 82326.0 54106.0 28220.0 0.0 168.4955
10:51:00 1262.0 78938.0 169.23 168.5 168.61 168.32 168.49 225.0 168.5 200.0 78938.0 39527.0 39411.0 0.0 168.4573
10:52:00 1345.0 91776.0 169.23 168.68 168.81 168.41 168.68 207.0 168.69 418.0 91776.0 52444.0 39332.0 0.0 168.6564
10:53:00 1484.0 111525.0 169.23 168.86 168.99 168.61 168.84 1723.0 168.86 764.0 111525.0 67830.0 43695.0 0.0 168.7891
10:54:00 1007.0 57334.0 169.23 168.905 169.0 168.76 168.9 102.0 168.91 102.0 57334.0 29781.0 27553.0 0.0 168.884
10:55:00 1182.0 72130.0 169.23 168.82 168.98 168.72 168.8 405.0 168.81 100.0 72130.0 24837.0 47293.0 0.0 168.8313
10:56:00 1135.0 76053.0 169.23 168.67 168.84 168.66 168.66 1869.0 168.68 832.0 76053.0 30648.0 45405.0 0.0 168.7284
10:57:00 1181.0 69533.0 169.23 168.57 168.69 168.45 168.55 723.0 168.57 500.0 69533.0 25011.0 44522.0 0.0 168.5472
10:58:00 747.0 40959.0 169.23 168.545 168.62 168.465 168.54 570.0 168.55 103.0 40959.0 25798.0 15161.0 0.0 168.543
10:59:00 1125.0 74518.0 169.23 168.635 168.74 168.51 168.63 1211.0 168.64 100.0 74518.0 41299.0 33219.0 0.0 168.6282
11:00:00 912.0 62556.0 169.23 168.7 168.77 168.59 168.7 210.0 168.71 200.0 62556.0 26966.0 35590.0 0.0 168.6806
11:01:00 1193.0 77119.0 169.23 168.62 168.74 168.56 168.61 9.0 168.62 400.0 77119.0 35281.0 41838.0 0.0 168.6463
11:02:00 1523.0 87878.0 169.23 168.84 168.93 168.58 168.82 949.0 168.83 160.0 87878.0 52586.0 35292.0 0.0 168.7434
11:03:00 968.0 56281.0 169.23 168.64 168.82 168.62 168.63 40.0 168.64 734.0 56281.0 24008.0 32273.0 0.0 168.6986
11:04:00 1117.0 57765.0 169.23 168.52 168.71 168.49 168.51 333.0 168.52 1577.0 57765.0 25609.0 32156.0 0.0 168.5665
11:05:00 1124.0 67891.0 169.23 168.7 168.76 168.45 168.7 855.0 168.72 2514.0 67891.0 43194.0 24697.0 0.0 168.5685
11:06:00 1177.0 74183.0 169.23 168.8 168.8 168.59 168.78 401.0 168.79 868.0 74183.0 40000.0 34183.0 0.0 168.6909
11:07:00 1739.0 105963.0 169.23 169.0 169.01 168.73 168.98 1140.0 168.99 100.0 105963.0 64365.0 41598.0 0.0 168.9198
11:08:00 910.0 50438.0 169.23 168.95 168.985 168.855 168.94 619.0 168.95 573.0 50438.0 21654.0 28784.0 0.0 168.9172
11:09:00 1168.0 75040.0 169.23 169.13 169.15 168.88 169.13 245.0 169.14 434.0 75040.0 47918.0 27122.0 0.0 169.0268
11:10:00 1069.0 67820.0 169.23 169.13 169.18 169.02 169.12 1000.0 169.14 2093.0 67820.0 34871.0 32949.0 0.0 169.1099
11:11:00 1095.0 74596.0 169.23 169.12 169.19 168.98 169.12 1500.0 169.13 200.0 74596.0 33457.0 41139.0 0.0 169.0646
11:12:00 1019.0 65286.0 169.23 169.23 169.25 169.08 169.22 2058.0 169.23 100.0 65286.0 35203.0 30083.0 0.0 169.1405
11:13:00 1649.0 127636.0 169.23 169.45 169.46 169.22 169.44 702.0 169.45 206.0 127636.0 70570.0 57066.0 0.0 169.3429
11:14:00 1743.0 127392.0 169.23 169.28 169.5 169.27 169.27 1099.0 169.28 200.0 127392.0 42792.0 84600.0 0.0 169.3811
11:15:00 1355.0 100833.0 169.23 169.35 169.43 169.27 169.35 1049.0 169.37 2001.0 100833.0 36494.0 64339.0 0.0 169.369
11:16:00 1353.0 103899.0 169.23 169.22 169.46 169.2 169.2 3854.0 169.22 986.0 103899.0 39152.0 64747.0 0.0 169.3169
11:17:00 1019.0 68258.0 169.23 169.18 169.25 169.13 169.18 882.0 169.19 522.0 68258.0 34177.0 34081.0 0.0 169.1817
11:18:00 1631.0 132319.0 169.23 169.5 169.6 169.17 169.49 1160.0 169.51 1862.0 132319.0 85759.0 46560.0 0.0 169.4579
11:19:00 1947.0 286853.0 169.23 169.71 169.765 169.43 169.71 1577.0 169.72 100.0 286853.0 221207.0 65646.0 0.0 169.6124
11:20:00 1032.0 64785.0 169.23 169.7 169.82 169.7 169.7 310.0 169.71 1000.0 64785.0 27435.0 37350.0 0.0 169.7566
11:21:00 920.0 52011.0 169.23 169.53 169.7 169.47 169.52 710.0 169.53 400.0 52011.0 20069.0 31942.0 0.0 169.5635
11:22:00 717.0 41887.0 169.23 169.6 169.66 169.52 169.59 2020.0 169.6 100.0 41887.0 24059.0 17828.0 0.0 169.6064
11:23:00 845.0 47260.0 169.23 169.66 169.7 169.55 169.65 328.0 169.66 200.0 47260.0 23289.0 23971.0 0.0 169.6165
11:24:00 1019.0 58081.0 169.23 169.78 169.82 169.645 169.78 200.0 169.79 2015.0 58081.0 30092.0 27989.0 0.0 169.7666
11:25:00 884.0 61239.0 169.23 169.74 169.82 169.69 169.73 1818.0 169.75 1610.0 61239.0 17686.0 43553.0 0.0 169.744
11:26:00 986.0 54824.0 169.23 169.64 169.745 169.6 169.65 300.0 169.66 1022.0 54824.0 21886.0 32938.0 0.0 169.68
11:27:00 1166.0 73676.0 169.23 169.76 169.81 169.61 169.75 822.0 169.76 472.0 73676.0 43106.0 30570.0 0.0 169.7224
11:28:00 858.0 47023.0 169.23 169.65 169.74 169.59 169.64 532.0 169.65 947.0 47023.0 25075.0 21948.0 0.0 169.6503
11:29:00 2216.0 177530.0 169.23 169.96 170.02 169.64 169.96 525.0 169.97 1217.0 177530.0 118624.0 58906.0 0.0 169.8925
11:30:00 996.0 63182.0 169.23 169.93 170.02 169.92 169.92 205.0 169.93 1376.0 63182.0 26600.0 36582.0 0.0 169.9675
11:31:00 1225.0 68347.0 169.23 169.78 169.93 169.71 169.78 2902.0 169.79 470.0 68347.0 29269.0 39078.0 0.0 169.83
11:32:00 1188.0 101289.0 169.23 169.6 169.87 169.55 169.59 1822.0 169.6 189.0 101289.0 62094.0 39195.0 0.0 169.6604
11:33:00 1276.0 74544.0 169.23 169.475 169.605 169.44 169.46 2182.0 169.48 986.0 74544.0 30846.0 43698.0 0.0 169.5222
11:34:00 990.0 54926.0 169.23 169.385 169.51 169.3 169.38 604.0 169.39 1763.0 54926.0 29948.0 24978.0 0.0 169.3799
11:35:00 954.0 55699.0 169.23 169.45 169.56 169.38 169.44 773.0 169.45 400.0 55699.0 31579.0 24120.0 0.0 169.4783
11:36:00 1028.0 65323.0 169.23 169.33 169.49 169.315 169.32 2412.0 169.33 85.0 65323.0 33930.0 31393.0 0.0 169.4071
11:37:00 841.0 46705.0 169.23 169.22 169.37 169.21 169.21 614.0 169.22 1204.0 46705.0 20613.0 26092.0 0.0 169.2963
11:38:00 792.0 48717.0 169.23 169.12 169.3 169.11 169.11 1165.0 169.12 1133.0 48717.0 22117.0 26600.0 0.0 169.2019
11:39:00 971.0 67942.0 169.23 169.19 169.27 169.09 169.19 2307.0 169.2 129.0 67942.0 42523.0 25419.0 0.0 169.1886
11:40:00 794.0 51057.0 169.23 169.1 169.22 169.06 169.1 203.0 169.11 1416.0 51057.0 26557.0 24500.0 0.0 169.1201
11:41:00 1010.0 64146.0 169.23 169.06 169.13 169.02 169.07 110.0 169.08 1715.0 64146.0 38567.0 25579.0 0.0 169.0774
11:42:00 737.0 52004.0 169.23 169.105 169.12 169.01 169.09 2029.0 169.1 100.0 52004.0 32402.0 19602.0 0.0 169.0625
11:43:00 921.0 48939.0 169.23 169.19 169.28 169.06 169.18 447.0 169.19 2299.0 48939.0 30872.0 18067.0 0.0 169.2035
11:44:00 804.0 54513.0 169.23 169.155 169.19 169.06 169.15 2559.0 169.17 1249.0 54513.0 25264.0 29249.0 0.0 169.1078
11:45:00 737.0 40965.0 169.23 169.2 169.25 169.04 169.2 2686.0 169.21 100.0 40965.0 23480.0 17485.0 0.0 169.1423
11:46:00 665.0 37621.0 169.23 169.26 169.37 169.18 169.25 537.0 169.26 1012.0 37621.0 17935.0 19686.0 0.0 169.2737
11:47:00 758.0 49938.0 169.23 169.27 169.33 169.12 169.26 2144.0 169.28 1701.0 49938.0 21445.0 28493.0 0.0 169.2124
11:48:00 689.0 37135.0 169.23 169.13 169.27 169.11 169.14 214.0 169.15 1998.0 37135.0 12696.0 24439.0 0.0 169.1544
11:49:00 723.0 45166.0 169.23 169.11 169.225 169.11 169.11 2123.0 169.12 209.0 45166.0 17815.0 27351.0 0.0 169.1648
11:50:00 1346.0 86659.0 169.23 169.14 169.21 169.03 169.14 100.0 169.15 1476.0 86659.0 46763.0 39896.0 0.0 169.133
11:51:00 2007.0 99601.0 169.23 169.0 169.14 168.92 168.98 1010.0 169.0 2520.0 99601.0 27581.0 72020.0 0.0 169.0095
11:52:00 1030.0 56007.0 169.23 168.89 169.04 168.85 168.89 1719.0 168.9 200.0 56007.0 25215.0 30792.0 0.0 168.91
11:53:00 698.0 45500.0 169.23 169.05 169.05 168.89 169.04 1154.0 169.05 214.0 45500.0 25737.0 19763.0 0.0 168.9547
11:54:00 823.0 57221.0 169.23 169.02 169.18 168.98 169.01 297.0 169.02 1686.0 57221.0 32033.0 25188.0 0.0 169.0883
11:55:00 1110.0 62062.0 169.23 168.86 169.02 168.79 168.86 10.0 168.87 2546.0 62062.0 22599.0 39463.0 0.0 168.8863
11:56:00 622.0 38765.0 169.23 168.84 168.89 168.8 168.83 2062.0 168.85 3713.0 38765.0 20136.0 18629.0 0.0 168.8472
11:57:00 884.0 52815.0 169.23 168.875 168.98 168.75 168.87 1048.0 168.88 600.0 52815.0 30496.0 22319.0 0.0 168.8466
11:58:00 777.0 41739.0 169.23 168.9 169.015 168.875 168.9 891.0 168.92 2983.0 41739.0 18860.0 22879.0 0.0 168.9603
11:59:00 794.0 47545.0 169.23 169.06 169.09 168.89 169.05 2827.0 169.07 1764.0 47545.0 25181.0 22364.0 0.0 168.9855
12:00:00 835.0 52429.0 169.23 169.075 169.17 169.01 169.07 722.0 169.08 2734.0 52429.0 27493.0 24936.0 0.0 169.106
12:01:00 922.0 55129.0 169.23 168.97 169.105 168.95 168.97 1152.0 168.98 1100.0 55129.0 23433.0 31696.0 0.0 169.0174
12:02:00 913.0 51225.0 169.23 168.88 168.99 168.82 168.87 374.0 168.88 1250.0 51225.0 21066.0 30159.0 0.0 168.9089
12:03:00 1105.0 71161.0 169.23 168.76 168.89 168.69 168.75 425.0 168.76 2511.0 71161.0 22721.0 48440.0 0.0 168.7467
12:04:00 799.0 54498.0 169.23 168.68 168.81 168.67 168.67 1696.0 168.69 2221.0 54498.0 18544.0 35954.0 0.0 168.7258
12:05:00 924.0 59873.0 169.23 168.7 168.75 168.64 168.7 469.0 168.71 936.0 59873.0 28389.0 31484.0 0.0 168.6912
12:06:00 2014.0 143841.0 169.23 168.58 168.72 168.54 168.58 400.0 168.58 100.0 143841.0 66919.0 76922.0 0.0 168.6021
12:07:00 1886.0 110224.0 169.23 168.53 168.58 168.48 168.53 670.0 168.54 500.0 110224.0 40641.0 69583.0 0.0 168.5336
12:08:00 1068.0 71324.0 169.23 168.55 168.59 168.48 168.54 1742.0 168.55 217.0 71324.0 33937.0 37387.0 0.0 168.5247
12:09:00 1150.0 81793.0 169.23 168.49 168.7 168.49 168.49 357.0 168.5 2720.0 81793.0 31634.0 50159.0 0.0 168.5867
12:10:00 1827.0 120821.0 169.23 168.29 168.49 168.29 168.29 1694.0 168.3 300.0 120821.0 33343.0 87478.0 0.0 168.3906
12:11:00 1260.0 94387.0 169.23 168.51 168.51 168.29 168.5 2498.0 168.51 1289.0 94387.0 55128.0 39259.0 0.0 168.4262
12:12:00 981.0 71222.0 169.23 168.68 168.71 168.5 168.68 1306.0 168.69 1521.0 71222.0 37464.0 33758.0 0.0 168.5842
12:13:00 901.0 61236.0 169.23 168.82 168.86 168.57 168.81 667.0 168.82 260.0 61236.0 31231.0 30005.0 0.0 168.7277
12:14:00 661.0 38682.0 169.23 168.83 168.87 168.75 168.83 200.0 168.84 1360.0 38682.0 15469.0 23213.0 0.0 168.8071
12:15:00 861.0 58642.0 169.23 168.85 168.91 168.72 168.84 1797.0 168.86 939.0 58642.0 29575.0 29067.0 0.0 168.8333
12:16:00 565.0 33386.0 169.23 168.76 168.89 168.75 168.76 316.0 168.77 1295.0 33386.0 15661.0 17725.0 0.0 168.8197
12:17:00 650.0 50974.0 169.23 168.81 168.9 168.73 168.8 1391.0 168.81 626.0 50974.0 32989.0 17985.0 0.0 168.8319
12:18:00 738.0 47978.0 169.23 168.75 168.8 168.63 168.74 2799.0 168.75 200.0 47978.0 26311.0 21667.0 0.0 168.7162
12:19:00 677.0 37187.0 169.23 168.63 168.8 168.61 168.63 1273.0 168.64 300.0 37187.0 18277.0 18910.0 0.0 168.7089
12:20:00 727.0 52446.0 169.23 168.55 168.645 168.51 168.54 500.0 168.55 2095.0 52446.0 22639.0 29807.0 0.0 168.553
12:21:00 638.0 45664.0 169.23 168.59 168.61 168.515 168.58 150.0 168.59 1687.0 45664.0 20274.0 25390.0 0.0 168.5519
12:22:00 500.0 38529.0 169.23 168.55 168.61 168.52 168.55 3197.0 168.56 621.0 38529.0 21868.0 16661.0 0.0 168.5589
12:23:00 899.0 55250.0 169.23 168.62 168.71 168.54 168.61 1700.0 168.62 195.0 55250.0 27913.0 27337.0 0.0 168.6339
12:24:00 647.0 46318.0 169.23 168.68 168.74 168.59 168.68 300.0 168.68 6.0 46318.0 20027.0 26291.0 0.0 168.6748
12:25:00 848.0 49345.0 169.23 168.72 168.735 168.66 168.72 500.0 168.73 1732.0 49345.0 24375.0 24970.0 0.0 168.7044
12:26:00 709.0 45248.0 169.23 168.809 168.84 168.65 168.79 2401.0 168.81 2447.0 45248.0 24807.0 20441.0 0.0 168.7572
12:27:00 773.0 60550.0 169.23 168.84 168.905 168.76 168.83 2265.0 168.84 100.0 60550.0 35116.0 25434.0 0.0 168.8425
12:28:00 833.0 60022.0 169.23 169.04 169.06 168.85 169.03 2859.0 169.04 414.0 60022.0 40774.0 19248.0 0.0 168.9753
12:29:00 659.0 40626.0 169.23 168.95 169.04 168.95 168.96 1927.0 168.97 417.0 40626.0 16743.0 23883.0 0.0 168.9955
12:30:00 601.0 40837.0 169.23 168.91 168.97 168.84 168.91 10.0 168.92 2527.0 40837.0 17415.0 23422.0 0.0 168.9086
12:31:00 589.0 35776.0 169.23 168.86 168.98 168.86 168.85 1314.0 168.86 913.0 35776.0 16995.0 18781.0 0.0 168.9401
12:32:00 806.0 62463.0 169.23 168.92 168.93 168.75 168.91 2377.0 168.92 300.0 62463.0 40437.0 22026.0 0.0 168.8217
12:33:00 507.0 31328.0 169.23 168.86 168.99 168.86 168.86 1404.0 168.87 1408.0 31328.0 14583.0 16745.0 0.0 168.9407
12:34:00 575.0 36925.0 169.23 168.89 168.9 168.81 168.88 2722.0 168.89 200.0 36925.0 18730.0 18195.0 0.0 168.8576
12:35:00 1179.0 87323.0 169.23 169.07 169.135 168.89 169.06 1464.0 169.07 440.0 87323.0 50854.0 36469.0 0.0 169.0164
12:36:00 765.0 57224.0 169.23 169.02 169.14 168.98 169.01 326.0 169.02 3106.0 57224.0 31824.0 25400.0 0.0 169.0738
12:37:00 883.0 63451.0 169.23 169.26 169.27 168.98 169.26 1218.0 169.27 533.0 63451.0 40801.0 22650.0 0.0 169.0849
12:38:00 718.0 47784.0 169.23 169.24 169.31 169.135 169.23 2923.0 169.24 123.0 47784.0 24719.0 23065.0 0.0 169.2175
12:39:00 555.0 38385.0 169.23 169.23 169.245 169.15 169.22 300.0 169.23 1818.0 38385.0 15404.0 22981.0 0.0 169.2113
12:40:00 653.0 40193.0 169.23 169.24 169.255 169.15 169.24 100.0 169.25 3300.0 40193.0 16903.0 23290.0 0.0 169.2063
12:41:00 775.0 57215.0 169.23 169.23 169.25 169.1 169.22 1500.0 169.23 2888.0 57215.0 26855.0 30360.0 0.0 169.1595
12:42:00 1192.0 87811.0 169.23 169.52 169.53 169.205 169.52 1028.0 169.53 53.0 87811.0 54936.0 32875.0 0.0 169.3639
12:43:00 1200.0 83334.0 169.23 169.53 169.72 169.5 169.52 2343.0 169.53 300.0 83334.0 44398.0 38936.0 0.0 169.6034
12:44:00 604.0 38921.0 169.23 169.48 169.53 169.405 169.47 513.0 169.48 1616.0 38921.0 16081.0 22840.0 0.0 169.4651
12:45:00 651.0 42492.0 169.23 169.38 169.47 169.325 169.37 1358.0 169.38 100.0 42492.0 16354.0 26138.0 0.0 169.3784
12:46:00 1441.0 110025.0 169.23 169.48 169.53 169.32 169.48 1070.0 169.49 168.0 110025.0 65289.0 44736.0 0.0 169.4517
12:47:00 660.0 45286.0 169.23 169.42 169.57 169.41 169.41 1840.0 169.42 360.0 45286.0 13958.0 31328.0 0.0 169.5018
12:48:00 553.0 29726.0 169.23 169.45 169.5 169.36 169.44 2278.0 169.45 300.0 29726.0 15404.0 14322.0 0.0 169.4289
12:49:00 644.0 39045.0 169.23 169.42 169.48 169.36 169.41 1.0 169.42 2816.0 39045.0 19792.0 19253.0 0.0 169.4111
12:50:00 536.0 36617.0 169.23 169.375 169.45 169.33 169.37 3009.0 169.38 460.0 36617.0 18352.0 18265.0 0.0 169.3913
12:51:00 937.0 64333.0 169.23 169.3 169.42 169.16 169.29 600.0 169.3 1690.0 64333.0 26707.0 37626.0 0.0 169.2746
12:52:00 615.0 40495.0 169.23 169.41 169.42 169.29 169.41 1041.0 169.42 400.0 40495.0 24166.0 16329.0 0.0 169.3729
12:53:00 2407.0 169769.0 169.23 169.97 169.97 169.39 169.97 20.0 169.98 1453.0 169769.0 107648.0 62121.0 0.0 169.6812
12:54:00 1556.0 113962.0 169.23 170.075 170.14 169.97 170.07 100.0 170.08 214.0 113962.0 63021.0 50941.0 0.0 170.0457
12:55:00 824.0 50898.0 169.23 169.92 170.08 169.92 169.92 1667.0 169.94 2352.0 50898.0 20556.0 30342.0 0.0 169.9976
12:56:00 781.0 59713.0 169.23 169.68 169.965 169.65 169.67 1400.0 169.68 300.0 59713.0 28386.0 31327.0 0.0 169.8184
12:57:00 683.0 50486.0 169.23 169.67 169.82 169.66 169.67 2073.0 169.68 200.0 50486.0 31166.0 19320.0 0.0 169.7325
12:58:00 597.0 43340.0 169.23 169.74 169.78 169.61 169.73 1.0 169.74 1381.0 43340.0 27788.0 15552.0 0.0 169.6932
12:59:00 692.0 46788.0 169.23 169.64 169.72 169.59 169.64 801.0 169.65 100.0 46788.0 18882.0 27906.0 0.0 169.6535
13:00:00 395.0 21657.0 169.23 169.66 169.7 169.61 169.65 1091.0 169.66 350.0 21657.0 11559.0 10098.0 0.0 169.6501
13:01:00 3079.0 234151.0 169.23 169.79 169.91 169.53 169.78 1100.0 169.8 1400.0 234151.0 119463.0 114688.0 0.0 169.7438
13:02:00 1691.0 127718.0 169.23 169.77 170.03 169.73 169.77 7.0 169.78 601.0 127718.0 63874.0 63844.0 0.0 169.908
13:03:00 987.0 95557.0 169.23 169.96 169.99 169.73 169.95 1376.0 169.97 4420.0 95557.0 64126.0 31431.0 0.0 169.8298
13:04:00 760.0 58400.0 169.23 169.96 170.07 169.89 169.96 159.0 169.97 409.0 58400.0 28118.0 30282.0 0.0 169.972
13:05:00 767.0 64906.0 169.23 170.05 170.09 169.96 170.05 10.0 170.06 950.0 64906.0 26996.0 37910.0 0.0 170.023
13:06:00 1088.0 73506.0 169.23 170.16 170.21 169.95 170.16 10.0 170.18 2003.0 73506.0 42465.0 31041.0 0.0 170.1026
13:07:00 764.0 54874.0 169.23 169.9 170.16 169.88 169.89 1612.0 169.91 1818.0 54874.0 23245.0 31629.0 0.0 169.9686
13:08:00 670.0 65668.0 169.23 170.015 170.09 169.88 170.02 197.0 170.03 685.0 65668.0 45689.0 19979.0 0.0 170.0315
13:09:00 734.0 49816.0 169.23 170.02 170.04 169.91 170.0 1864.0 170.01 100.0 49816.0 17713.0 32103.0 0.0 169.9809
13:10:00 903.0 66804.0 169.23 170.01 170.09 169.95 170.0 1100.0 170.01 4.0 66804.0 31059.0 35745.0 0.0 170.0258
13:11:00 837.0 52366.0 169.23 170.02 170.14 169.98 170.02 200.0 170.03 1256.0 52366.0 26615.0 25751.0 0.0 170.0531
13:12:00 1768.0 121553.0 169.23 170.0 170.15 169.84 170.0 1773.0 170.01 342.0 121553.0 69148.0 52405.0 0.0 169.973
13:13:00 912.0 64908.0 169.23 170.04 170.15 169.96 170.04 1115.0 170.05 718.0 64908.0 41058.0 23850.0 0.0 170.0698
13:14:00 870.0 55893.0 169.23 170.03 170.19 170.01 170.02 2998.0 170.04 984.0 55893.0 30273.0 25620.0 0.0 170.0914
13:15:00 827.0 48916.0 169.23 170.15 170.16 170.01 170.14 1739.0 170.15 100.0 48916.0 29000.0 19916.0 0.0 170.0815
13:16:00 1216.0 95745.0 169.23 170.0 170.22 169.99 170.0 958.0 170.01 550.0 95745.0 47173.0 48572.0 0.0 170.0788
13:17:00 900.0 54039.0 169.23 170.01 170.09 169.99 170.01 270.0 170.02 1589.0 54039.0 26315.0 27724.0 0.0 170.0297
13:18:00 867.0 86215.0 169.23 170.17 170.23 170.01 170.17 1924.0 170.19 1247.0 86215.0 57626.0 28589.0 0.0 170.1687
13:19:00 1382.0 124373.0 169.23 170.45 170.46 170.17 170.44 1336.0 170.45 200.0 124373.0 59546.0 64827.0 0.0 170.368
13:20:00 1137.0 92901.0 169.23 170.54 170.57 170.41 170.53 1744.0 170.55 2054.0 92901.0 49787.0 43114.0 0.0 170.503
13:21:00 1191.0 94130.0 169.23 170.52 170.67 170.48 170.51 1032.0 170.53 2103.0 94130.0 38458.0 55672.0 0.0 170.5792
13:22:00 1228.0 140420.0 169.23 170.38 170.62 170.36 170.37 100.0 170.38 2118.0 140420.0 22619.0 117801.0 0.0 170.4635
13:23:00 652.0 45931.0 169.23 170.33 170.47 170.28 170.33 1218.0 170.34 799.0 45931.0 22229.0 23702.0 0.0 170.3813
13:24:00 978.0 66074.0 169.23 170.59 170.63 170.33 170.59 100.0 170.6 922.0 66074.0 45796.0 20278.0 0.0 170.473
13:25:00 677.0 46519.0 169.23 170.51 170.59 170.47 170.5 201.0 170.51 2132.0 46519.0 18554.0 27965.0 0.0 170.5292
13:26:00 531.0 32289.0 169.23 170.5 170.55 170.44 170.5 1.0 170.51 1529.0 32289.0 15594.0 16695.0 0.0 170.5008
13:27:00 561.0 39799.0 169.23 170.6 170.605 170.5 170.58 2479.0 170.6 6575.0 39799.0 23063.0 16736.0 0.0 170.5463
13:28:00 910.0 79309.0 169.23 170.72 170.75 170.57 170.71 2315.0 170.73 1781.0 79309.0 51769.0 27540.0 0.0 170.6542
13:29:00 988.0 65170.0 169.23 170.66 170.73 170.54 170.65 810.0 170.66 529.0 65170.0 26960.0 38210.0 0.0 170.6555
13:30:00 839.0 63838.0 169.23 170.62 170.75 170.56 170.61 873.0 170.62 600.0 63838.0 28946.0 34892.0 0.0 170.6719
13:31:00 831.0 59036.0 169.23 170.73 170.74 170.58 170.72 976.0 170.73 1547.0 59036.0 34273.0 24763.0 0.0 170.6521
13:32:00 997.0 80721.0 169.23 170.91 170.94 170.73 170.9 1153.0 170.91 200.0 80721.0 53998.0 26723.0 0.0 170.8253
13:33:00 806.0 57173.0 169.23 170.68 170.9 170.67 170.67 610.0 170.68 1442.0 57173.0 21544.0 35629.0 0.0 170.776
13:34:00 919.0 73709.0 169.23 170.62 170.72 170.59 170.61 202.0 170.62 1261.0 73709.0 34879.0 38830.0 0.0 170.6377
13:35:00 1298.0 93798.0 169.23 170.62 170.66 170.51 170.61 660.0 170.62 2000.0 93798.0 50655.0 43143.0 0.0 170.5911
13:36:00 840.0 59986.0 169.23 170.62 170.82 170.61 170.62 100.0 170.63 1677.0 59986.0 26081.0 33905.0 0.0 170.6968
13:37:00 847.0 60162.0 169.23 170.6 170.68 170.48 170.6 100.0 170.61 1100.0 60162.0 33596.0 26566.0 0.0 170.5672
13:38:00 665.0 46812.0 169.23 170.52 170.63 170.44 170.52 2.0 170.53 318.0 46812.0 21719.0 25093.0 0.0 170.5249
13:39:00 533.0 36969.0 169.23 170.58 170.58 170.51 170.58 1388.0 170.59 400.0 36969.0 21270.0 15699.0 0.0 170.5537
13:40:00 725.0 40212.0 169.23 170.65 170.68 170.57 170.63 1882.0 170.64 200.0 40212.0 20382.0 19830.0 0.0 170.6182
13:41:00 842.0 58217.0 169.23 170.86 170.89 170.56 170.86 1382.0 170.87 50.0 58217.0 31470.0 26747.0 0.0 170.6963
13:42:00 1062.0 75609.0 169.23 170.985 171.0 170.81 170.98 159.0 170.99 811.0 75609.0 38183.0 37426.0 0.0 170.8982
13:43:00 1126.0 95745.0 169.23 171.06 171.09 170.89 171.05 2728.0 171.07 1396.0 95745.0 62326.0 33419.0 0.0 170.9933
13:44:00 1017.0 109409.0 169.23 171.1 171.2 171.01 171.1 2081.0 171.11 300.0 109409.0 42687.0 66722.0 0.0 171.1085
13:45:00 717.0 56012.0 169.23 171.09 171.16 170.99 171.08 1124.0 171.09 100.0 56012.0 21936.0 34076.0 0.0 171.0751
13:46:00 912.0 62360.0 169.23 170.93 171.09 170.92 170.93 700.0 170.94 100.0 62360.0 19257.0 43103.0 0.0 170.9986
13:47:00 623.0 47829.0 169.23 170.94 170.98 170.86 170.93 1018.0 170.94 164.0 47829.0 17765.0 30064.0 0.0 170.9137
13:48:00 648.0 40581.0 169.23 171.1 171.12 170.905 171.09 3276.0 171.11 2026.0 40581.0 23161.0 17420.0 0.0 170.9896
13:49:00 633.0 47731.0 169.23 171.13 171.13 170.99 171.12 3404.0 171.13 836.0 47731.0 18449.0 29282.0 0.0 171.0749
13:50:00 883.0 80701.0 169.23 171.12 171.2 171.03 171.11 1976.0 171.13 2132.0 80701.0 27254.0 53447.0 0.0 171.1177
13:51:00 1281.0 96453.0 169.23 171.34 171.355 171.09 171.33 401.0 171.34 100.0 96453.0 48950.0 47503.0 0.0 171.2434
13:52:00 838.0 62919.0 169.23 171.37 171.43 171.27 171.37 12.0 171.38 1571.0 62919.0 29026.0 33893.0 0.0 171.3379
13:53:00 681.0 44659.0 169.23 171.4 171.435 171.34 171.39 314.0 171.4 900.0 44659.0 16229.0 28430.0 0.0 171.3948
13:54:00 802.0 53318.0 169.23 171.27 171.41 171.26 171.27 337.0 171.28 1547.0 53318.0 20731.0 32587.0 0.0 171.3506
13:55:00 630.0 41441.0 169.23 171.25 171.35 171.24 171.25 1406.0 171.26 2232.0 41441.0 14474.0 26967.0 0.0 171.2896
13:56:00 822.0 53011.0 169.23 171.435 171.44 171.2 171.43 1414.0 171.44 537.0 53011.0 25059.0 27952.0 0.0 171.3038
13:57:00 1163.0 79657.0 169.23 171.31 171.44 171.27 171.3 1504.0 171.31 200.0 79657.0 30957.0 48700.0 0.0 171.3584
13:58:00 1935.0 144746.0 169.23 171.16 171.34 171.1 171.16 294.0 171.17 1000.0 144746.0 58736.0 86010.0 0.0 171.2243
13:59:00 804.0 57075.0 169.23 171.24 171.28 171.12 171.23 914.0 171.25 1064.0 57075.0 30415.0 26660.0 0.0 171.2064
14:00:00 773.0 46453.0 169.23 171.16 171.27 171.1 171.16 500.0 171.17 400.0 46453.0 23435.0 23018.0 0.0 171.1724
14:01:00 1339.0 88833.0 169.23 171.29 171.35 171.1 171.29 300.0 171.3 300.0 88833.0 36988.0 51845.0 0.0 171.2032
14:02:00 846.0 68267.0 169.23 171.53 171.53 171.3 171.52 2217.0 171.54 2156.0 68267.0 47528.0 20739.0 0.0 171.4495
14:03:00 1012.0 74208.0 169.23 171.49 171.56 171.38 171.48 1056.0 171.49 68.0 74208.0 23891.0 50317.0 0.0 171.4662
14:04:00 673.0 41213.0 169.23 171.42 171.5 171.37 171.42 2310.0 171.44 1176.0 41213.0 12703.0 28510.0 0.0 171.4371
14:05:00 618.0 42354.0 169.23 171.51 171.54 171.41 171.5 520.0 171.51 556.0 42354.0 23010.0 19344.0 0.0 171.4808
14:06:00 718.0 55095.0 169.23 171.415 171.5 171.29 171.41 854.0 171.43 1285.0 55095.0 15017.0 40078.0 0.0 171.4067
14:07:00 629.0 43091.0 169.23 171.43 171.49 171.32 171.42 1619.0 171.44 902.0 43091.0 18657.0 24434.0 0.0 171.3966
14:08:00 1000.0 64790.0 169.23 171.5 171.66 171.42 171.49 1250.0 171.51 1584.0 64790.0 33995.0 30795.0 0.0 171.5637
14:09:00 484.0 32141.0 169.23 171.52 171.55 171.43 171.52 1507.0 171.53 216.0 32141.0 17929.0 14212.0 0.0 171.4852
14:10:00 548.0 33878.0 169.23 171.5 171.59 171.48 171.49 451.0 171.5 15.0 33878.0 14549.0 19329.0 0.0 171.5431
14:11:00 1651.0 115667.0 169.23 171.04 171.5 171.03 171.04 132.0 171.05 626.0 115667.0 48299.0 67368.0 0.0 171.2309
14:12:00 1006.0 65268.0 169.23 171.13 171.19 171.021 171.13 210.0 171.14 795.0 65268.0 32202.0 33066.0 0.0 171.1141
14:13:00 754.0 50793.0 169.23 171.11 171.29 171.07 171.11 1567.0 171.12 78.0 50793.0 29517.0 21276.0 0.0 171.1827
14:14:00 936.0 57395.0 169.23 171.01 171.19 170.96 171.0 1373.0 171.01 668.0 57395.0 24394.0 33001.0 0.0 171.0649
14:15:00 638.0 42609.0 169.23 171.05 171.13 170.99 171.04 1994.0 171.06 1834.0 42609.0 22159.0 20450.0 0.0 171.0522
14:16:00 821.0 67216.0 169.23 171.31 171.31 171.0 171.3 1111.0 171.31 500.0 67216.0 27813.0 39403.0 0.0 171.172
14:17:00 764.0 50103.0 169.23 171.38 171.42 171.28 171.37 1678.0 171.39 2697.0 50103.0 22698.0 27405.0 0.0 171.3711
14:18:00 913.0 74841.0 169.23 171.19 171.38 171.13 171.18 703.0 171.2 2359.0 74841.0 23673.0 51168.0 0.0 171.2369
14:19:00 982.0 91430.0 169.23 171.005 171.19 170.98 171.0 605.0 171.01 546.0 91430.0 22983.0 68447.0 0.0 171.0669
14:20:00 783.0 57807.0 169.23 171.05 171.14 171.0 171.04 101.0 171.05 1636.0 57807.0 28219.0 29588.0 0.0 171.0776
14:21:00 734.0 54271.0 169.23 171.12 171.12 170.9 171.12 1839.0 171.13 1400.0 54271.0 25851.0 28420.0 0.0 170.9962
14:22:00 928.0 83357.0 169.23 170.93 171.12 170.91 170.92 505.0 170.93 200.0 83357.0 39961.0 43396.0 0.0 171.0467
14:23:00 964.0 93390.0 169.23 170.86 171.03 170.85 170.85 500.0 170.87 2946.0 93390.0 44447.0 48943.0 0.0 170.9096
14:24:00 685.0 46663.0 169.23 170.91 170.965 170.85 170.91 100.0 170.92 2639.0 46663.0 23709.0 22954.0 0.0 170.915
14:25:00 802.0 58721.0 169.23 170.89 170.96 170.86 170.89 1189.0 170.91 2292.0 58721.0 21212.0 37509.0 0.0 170.9104
14:26:00 1017.0 82025.0 169.23 170.83 170.96 170.79 170.83 1604.0 170.85 2673.0 82025.0 36864.0 45161.0 0.0 170.8978
14:27:00 635.0 47594.0 169.23 170.89 170.92 170.795 170.89 300.0 170.9 3945.0 47594.0 25923.0 21671.0 0.0 170.8538
14:28:00 903.0 67808.0 169.23 170.9 170.975 170.86 170.89 2847.0 170.9 100.0 67808.0 31407.0 36401.0 0.0 170.9278
14:29:00 677.0 47617.0 169.23 170.77 170.9 170.72 170.77 400.0 170.78 400.0 47617.0 18434.0 29183.0 0.0 170.804
14:30:00 778.0 74249.0 169.23 170.8 170.93 170.755 170.79 2375.0 170.81 2547.0 74249.0 44784.0 29465.0 0.0 170.8339
14:31:00 873.0 63119.0 169.23 170.99 171.0 170.78 170.99 1007.0 171.0 700.0 63119.0 33008.0 30111.0 0.0 170.8914
14:32:00 887.0 66448.0 169.23 170.97 171.03 170.87 170.96 1183.0 170.98 2032.0 66448.0 25519.0 40929.0 0.0 170.9502
14:33:00 1159.0 82698.0 169.23 170.69 170.96 170.68 170.69 1101.0 170.71 2026.0 82698.0 30216.0 52482.0 0.0 170.7701
14:34:00 871.0 68107.0 169.23 170.86 170.9 170.68 170.85 2486.0 170.87 2518.0 68107.0 29146.0 38961.0 0.0 170.7439
14:35:00 1023.0 90312.0 169.23 171.1 171.1 170.825 171.1 400.0 171.11 2500.0 90312.0 35592.0 54720.0 0.0 170.99
14:36:00 955.0 62161.0 169.23 171.01 171.13 170.965 171.0 4282.0 171.02 1862.0 62161.0 23046.0 39115.0 0.0 171.0367
14:37:00 1021.0 72053.0 169.23 171.11 171.17 170.98 171.1 1051.0 171.11 200.0 72053.0 30737.0 41316.0 0.0 171.0915
14:38:00 1077.0 95743.0 169.23 170.94 171.11 170.89 170.94 112.0 170.95 2438.0 95743.0 28312.0 67431.0 0.0 171.0116
14:39:00 717.0 42099.0 169.23 170.89 170.98 170.87 170.88 500.0 170.89 2481.0 42099.0 18077.0 24022.0 0.0 170.9267
14:40:00 691.0 41994.0 169.23 170.87 170.94 170.83 170.87 300.0 170.88 732.0 41994.0 18138.0 23856.0 0.0 170.8774
14:41:00 802.0 55646.0 169.23 170.92 171.02 170.86 170.92 2414.0 170.93 490.0 55646.0 29325.0 26321.0 0.0 170.9358
14:42:00 718.0 51042.0 169.23 170.97 171.0 170.91 170.97 300.0 170.98 594.0 51042.0 20968.0 30074.0 0.0 170.9571
14:43:00 907.0 61317.0 169.23 170.92 171.105 170.86 170.9 3601.0 170.92 2032.0 61317.0 24496.0 36821.0 0.0 170.9955
14:44:00 1052.0 68831.0 169.23 170.65 170.93 170.65 170.64 1064.0 170.66 1568.0 68831.0 21768.0 47063.0 0.0 170.8025
14:45:00 1233.0 82003.0 169.23 170.6 170.78 170.57 170.6 400.0 170.61 1134.0 82003.0 37865.0 44138.0 0.0 170.698
14:46:00 804.0 55867.0 169.23 170.72 170.77 170.59 170.71 1864.0 170.72 277.0 55867.0 30585.0 25282.0 0.0 170.6733
14:47:00 712.0 48985.0 169.23 170.63 170.72 170.58 170.62 999.0 170.64 2871.0 48985.0 17841.0 31144.0 0.0 170.6391
14:48:00 659.0 41435.0 169.23 170.59 170.67 170.57 170.59 310.0 170.6 1753.0 41435.0 18349.0 23086.0 0.0 170.6115
14:49:00 673.0 42417.0 169.23 170.69 170.71 170.57 170.67 115.0 170.68 2100.0 42417.0 24442.0 17975.0 0.0 170.6528
14:50:00 670.0 45243.0 169.23 170.67 170.71 170.56 170.67 1409.0 170.68 622.0 45243.0 19211.0 26032.0 0.0 170.64
14:51:00 1077.0 63919.0 169.23 170.545 170.71 170.49 170.54 805.0 170.55 272.0 63919.0 23379.0 40540.0 0.0 170.5819
14:52:00 1214.0 88506.0 169.23 170.45 170.605 170.41 170.45 148.0 170.46 2100.0 88506.0 34382.0 54124.0 0.0 170.511
14:53:00 917.0 60007.0 169.23 170.46 170.54 170.43 170.46 1239.0 170.47 863.0 60007.0 29021.0 30986.0 0.0 170.4817
14:54:00 1015.0 66960.0 169.23 170.44 170.54 170.39 170.43 2764.0 170.44 300.0 66960.0 30517.0 36443.0 0.0 170.4842
14:55:00 854.0 56104.0 169.23 170.42 170.445 170.35 170.42 200.0 170.43 2381.0 56104.0 25257.0 30847.0 0.0 170.3945
14:56:00 784.0 52615.0 169.23 170.485 170.5 170.38 170.48 649.0 170.49 2754.0 52615.0 27705.0 24910.0 0.0 170.4466
14:57:00 818.0 59237.0 169.23 170.59 170.62 170.46 170.58 13254.0 170.59 400.0 59237.0 30494.0 28743.0 0.0 170.5559
14:58:00 837.0 56502.0 169.23 170.65 170.72 170.59 170.65 2340.0 170.66 396.0 56502.0 29124.0 27378.0 0.0 170.6496
14:59:00 706.0 51941.0 169.23 170.75 170.78 170.66 170.74 2118.0 170.75 305.0 51941.0 30099.0 21842.0 0.0 170.7343
15:00:00 915.0 70080.0 169.23 170.7 170.78 170.6 170.69 3999.0 170.7 804.0 70080.0 26624.0 43456.0 0.0 170.7038
15:01:00 1320.0 99553.0 169.23 170.87 170.93 170.7 170.86 337.0 170.87 1138.0 99553.0 49350.0 50203.0 0.0 170.8223
15:02:00 775.0 56124.0 169.23 170.82 170.93 170.8 170.81 832.0 170.82 800.0 56124.0 24245.0 31879.0 0.0 170.8621
15:03:00 1818.0 132427.0 169.23 170.71 170.82 170.63 170.71 6043.0 170.72 231.0 132427.0 59998.0 72429.0 0.0 170.7204
15:04:00 918.0 53168.0 169.23 170.745 170.86 170.7 170.74 346.0 170.75 1833.0 53168.0 21676.0 31492.0 0.0 170.7854
15:05:00 943.0 57889.0 169.23 170.565 170.81 170.51 170.56 1500.0 170.57 300.0 57889.0 24942.0 32947.0 0.0 170.6484
15:06:00 2457.0 174158.0 169.23 170.375 170.61 170.14 170.37 659.0 170.38 300.0 174158.0 64136.0 110022.0 0.0 170.3756
15:07:00 1423.0 85692.0 169.23 170.17 170.38 170.05 170.16 1610.0 170.18 1984.0 85692.0 33272.0 52420.0 0.0 170.163
15:08:00 976.0 57625.0 169.23 170.055 170.18 170.04 170.05 202.0 170.06 1129.0 57625.0 22396.0 35229.0 0.0 170.1009
15:09:00 2250.0 148362.0 169.23 170.04 170.16 169.98 170.05 100.0 170.06 552.0 148362.0 36011.0 112351.0 0.0 170.0339
15:10:00 929.0 58989.0 169.23 170.21 170.29 170.06 170.2 2191.0 170.21 400.0 58989.0 28685.0 30304.0 0.0 170.2024
15:11:00 838.0 49101.0 169.23 170.32 170.35 170.17 170.31 1925.0 170.33 865.0 49101.0 25845.0 23256.0 0.0 170.2553
15:12:00 1250.0 80153.0 169.23 170.44 170.47 170.29 170.43 2602.0 170.45 1395.0 80153.0 34362.0 45791.0 0.0 170.3927
15:13:00 850.0 56326.0 169.23 170.22 170.51 170.135 170.22 601.0 170.23 930.0 56326.0 25154.0 31172.0 0.0 170.3222
15:14:00 667.0 41001.0 169.23 170.13 170.29 170.13 170.12 2122.0 170.13 178.0 41001.0 17814.0 23187.0 0.0 170.2202
15:15:00 738.0 39771.0 169.23 170.1 170.21 170.04 170.1 1310.0 170.11 100.0 39771.0 13765.0 26006.0 0.0 170.1514
15:16:00 1296.0 81190.0 169.23 170.25 170.29 169.98 170.25 1310.0 170.27 1028.0 81190.0 41793.0 39397.0 0.0 170.1171
15:17:00 1255.0 89006.0 169.23 170.42 170.47 170.22 170.41 600.0 170.42 304.0 89006.0 45638.0 43368.0 0.0 170.3216
15:18:00 1162.0 72570.0 169.23 170.3 170.41 170.25 170.3 700.0 170.31 759.0 72570.0 29475.0 43095.0 0.0 170.3264
15:19:00 854.0 55389.0 169.23 170.3 170.36 170.24 170.3 798.0 170.31 501.0 55389.0 24232.0 31157.0 0.0 170.3059
15:20:00 1671.0 134648.0 169.23 170.47 170.6 170.3 170.46 178.0 170.47 1901.0 134648.0 67253.0 67395.0 0.0 170.4332
15:21:00 960.0 74620.0 169.23 170.5 170.53 170.32 170.49 1486.0 170.5 300.0 74620.0 27581.0 47039.0 0.0 170.4175
15:22:00 1357.0 88853.0 169.23 170.41 170.59 170.395 170.41 847.0 170.43 2158.0 88853.0 33531.0 55322.0 0.0 170.488
15:23:00 878.0 57685.0 169.23 170.37 170.53 170.37 170.38 2000.0 170.39 379.0 57685.0 29553.0 28132.0 0.0 170.4609
15:24:00 739.0 42931.0 169.23 170.475 170.54 170.37 170.47 1300.0 170.48 100.0 42931.0 24781.0 18150.0 0.0 170.462
15:25:00 646.0 49065.0 169.23 170.645 170.65 170.45 170.64 812.0 170.65 2465.0 49065.0 33141.0 15924.0 0.0 170.5561
15:26:00 931.0 63390.0 169.23 170.7 170.71 170.54 170.7 2004.0 170.71 1.0 63390.0 29091.0 34299.0 0.0 170.6213
15:27:00 778.0 46903.0 169.23 170.71 170.79 170.63 170.7 3100.0 170.72 1890.0 46903.0 20331.0 26572.0 0.0 170.7091
15:28:00 771.0 56303.0 169.23 170.62 170.72 170.56 170.62 638.0 170.63 1423.0 56303.0 23428.0 32875.0 0.0 170.6196
15:29:00 773.0 47470.0 169.23 170.59 170.64 170.5 170.58 1733.0 170.59 100.0 47470.0 20550.0 26920.0 0.0 170.5784
15:30:00 650.0 42930.0 169.23 170.6 170.67 170.52 170.59 171.0 170.6 2564.0 42930.0 19386.0 23544.0 0.0 170.5917
15:31:00 1307.0 85533.0 169.23 170.44 170.59 170.41 170.44 405.0 170.45 1847.0 85533.0 33312.0 52221.0 0.0 170.512
15:32:00 1119.0 77470.0 169.23 170.62 170.63 170.38 170.61 301.0 170.62 2090.0 77470.0 40013.0 37457.0 0.0 170.4809
15:33:00 1091.0 83234.0 169.23 170.93 170.96 170.59 170.92 2080.0 170.94 1500.0 83234.0 50195.0 33039.0 0.0 170.81
15:34:00 1044.0 74411.0 169.23 170.9 171.0 170.88 170.89 2201.0 170.9 300.0 74411.0 31444.0 42967.0 0.0 170.9529
15:35:00 1009.0 77471.0 169.23 171.02 171.03 170.89 171.02 400.0 171.03 1829.0 77471.0 49121.0 28350.0 0.0 170.9778
15:36:00 1608.0 130255.0 169.23 171.22 171.25 170.95 171.22 1492.0 171.24 2995.0 130255.0 66170.0 64085.0 0.0 171.0958
15:37:00 1571.0 114805.0 169.23 171.09 171.22 171.025 171.08 1464.0 171.09 240.0 114805.0 42228.0 72577.0 0.0 171.141
15:38:00 876.0 59716.0 169.23 171.13 171.14 171.01 171.13 1982.0 171.14 400.0 59716.0 29069.0 30647.0 0.0 171.0766
15:39:00 1128.0 78612.0 169.23 171.33 171.33 171.14 171.32 1132.0 171.33 440.0 78612.0 46993.0 31619.0 0.0 171.2487
15:40:00 1358.0 91176.0 169.23 171.22 171.4 171.195 171.22 500.0 171.23 1224.0 91176.0 36049.0 55127.0 0.0 171.3155
15:41:00 1493.0 102920.0 169.23 171.345 171.44 171.18 171.34 533.0 171.35 3055.0 102920.0 43816.0 59104.0 0.0 171.3716
15:42:00 3062.0 222908.0 169.23 171.22 171.54 171.2 171.22 900.0 171.24 1373.0 222908.0 121411.0 101497.0 0.0 171.3987
15:43:00 1740.0 112804.0 169.23 171.03 171.32 170.97 171.03 1419.0 171.05 1132.0 112804.0 47497.0 65307.0 0.0 171.1218
15:44:00 1168.0 83206.0 169.23 171.07 171.13 170.97 171.07 701.0 171.08 1418.0 83206.0 33815.0 49391.0 0.0 171.0581
15:45:00 1133.0 69251.0 169.23 171.15 171.25 171.01 171.15 1308.0 171.16 602.0 69251.0 33247.0 36004.0 0.0 171.1506
15:46:00 2194.0 167459.0 169.23 171.21 171.27 171.115 171.21 1800.0 171.22 200.0 167459.0 95141.0 72318.0 0.0 171.231
15:47:00 1611.0 119627.0 169.23 171.21 171.27 171.12 171.21 1065.0 171.22 150.0 119627.0 49379.0 70248.0 0.0 171.2165
15:48:00 1109.0 79430.0 169.23 171.22 171.26 171.12 171.22 247.0 171.23 1421.0 79430.0 45143.0 34287.0 0.0 171.2264
15:49:00 3492.0 213815.0 169.23 171.13 171.24 170.92 171.12 1018.0 171.13 102.0 213815.0 91941.0 121874.0 0.0 171.0551
15:50:00 1400.0 97373.0 169.23 171.19 171.23 171.015 171.19 387.0 171.2 500.0 97373.0 46248.0 51125.0 0.0 171.1439
15:51:00 4007.0 310941.0 169.23 171.44 171.54 171.17 171.43 958.0 171.45 1200.0 310941.0 173471.0 137470.0 0.0 171.3584
15:52:00 1776.0 154852.0 169.23 171.36 171.51 171.26 171.36 600.0 171.37 1832.0 154852.0 64043.0 90809.0 0.0 171.3836
15:53:00 1358.0 111115.0 169.23 171.49 171.5 171.31 171.48 858.0 171.49 600.0 111115.0 60281.0 50834.0 0.0 171.4072
15:54:00 1762.0 123750.0 169.23 171.54 171.59 171.44 171.53 1822.0 171.54 681.0 123750.0 53328.0 70422.0 0.0 171.5221
15:55:00 3315.0 265564.0 169.23 171.65 171.99 171.53 171.65 3.0 171.66 132.0 265564.0 148668.0 116896.0 0.0 171.6727
15:56:00 3768.0 321711.0 169.23 172.125 172.14 171.64 172.12 1128.0 172.13 500.0 321711.0 172007.0 149704.0 0.0 171.9578
15:57:00 2349.0 196847.0 169.23 171.96 172.13 171.95 171.96 464.0 171.97 8665.0 196847.0 60983.0 135864.0 0.0 172.0247
15:58:00 2116.0 191496.0 169.23 171.98 172.1 171.92 171.98 1470.0 171.99 970.0 191496.0 78657.0 112839.0 0.0 172.0072
15:59:00 3203.0 291468.0 169.23 172.35 172.35 171.98 172.34 101.0 172.35 3010.0 291468.0 148327.0 143141.0 0.0 172.2044
16:00:00 7065.0 873570.0 169.23 172.19 172.5 172.13 172.16 44397.0 172.21 100.0 873570.0 446458.0 427112.0 0.0 172.3645
16:01:00 189.0 28351.0 169.23 172.44 172.58 172.17 172.4 2630.0 172.36 200.0 28351.0 8314.0 20037.0 0.0 172.4521
16:02:00 261.0 13689.0 169.23 172.39 172.46 172.32 172.38 290.0 172.36 200.0 13689.0 3411.0 10278.0 0.0 172.3906
16:03:00 53.0 1755.0 169.23 172.37 172.39 172.31 172.37 45.0 172.36 200.0 1755.0 1051.0 704.0 0.0 172.3605
16:04:00 62.0 2766.0 169.23 172.34 172.38 172.32 172.33 4730.0 172.34 475.0 2766.0 1561.0 1205.0 0.0 172.3458
16:05:00 37.0 3163.0 169.23 172.34 172.39 172.33 172.34 2760.0 172.36 200.0 3163.0 1550.0 1613.0 0.0 172.3542
16:06:00 70.0 4348.0 169.23 172.39 172.39 172.34 172.35 503.0 172.36 200.0 4348.0 2796.0 1552.0 0.0 172.3662
16:07:00 111.0 3866.0 169.23 172.34 172.39 172.25 172.33 62.0 172.34 110.0 3866.0 570.0 3296.0 0.0 172.3342
16:08:00 80.0 1963.0 169.23 172.28 172.34 172.23 172.25 310.0 172.3 16.0 1963.0 1000.0 963.0 0.0 172.2552
16:09:00 20.0 860.0 169.23 172.29 172.32 172.28 172.29 261.0 172.3 160.0 860.0 713.0 147.0 0.0 172.2889
16:10:00 41.0 1348.0 169.23 172.3 172.34 172.29 172.29 246.0 172.3 60.0 1348.0 1182.0 166.0 0.0 172.3128
16:11:00 38.0 1261.0 169.23 172.32 172.34 172.28 172.28 3810.0 172.33 664.0 1261.0 465.0 796.0 0.0 172.3029
16:12:00 45.0 1880.0 169.23 172.29 172.33 172.28 172.28 3096.0 172.31 33.0 1880.0 531.0 1349.0 0.0 172.2924
16:13:00 36.0 738.0 169.23 172.28 172.31 172.28 172.28 2674.0 172.3 63.0 738.0 137.0 601.0 0.0 172.287
16:14:00 52.0 378.0 169.23 172.3 172.34 172.28 172.3 55.0 172.34 400.0 378.0 336.0 42.0 0.0 172.3224
16:15:00 51.0 1348.0 169.23 172.33 172.37 172.29 172.33 99.0 172.36 200.0 1348.0 1285.0 63.0 0.0 172.3422
16:16:00 43.0 1476.0 169.23 172.39 172.39 172.3 172.36 58.0 172.36 200.0 1476.0 1324.0 152.0 0.0 172.3668
16:17:00 39.0 1739.0 169.23 172.4 172.4 172.36 172.39 593.0 172.36 200.0 1739.0 1694.0 45.0 0.0 172.3869
16:18:00 27.0 1440.0 169.23 172.4 172.4 172.39 172.39 48.0 172.36 200.0 1440.0 822.0 618.0 0.0 172.3957
16:19:00 92.0 4215.0 169.23 172.36 172.44 172.33 172.36 6.0 172.36 200.0 4215.0 2707.0 1508.0 0.0 172.3699
16:20:00 34.0 5517.0 169.23 172.4 172.41 172.34 172.38 1.0 172.36 200.0 5517.0 4357.0 1160.0 0.0 172.3951
16:21:00 27.0 1834.0 169.23 172.4 172.4 172.34 172.35 387.0 172.36 200.0 1834.0 1803.0 31.0 0.0 172.3944
16:22:00 37.0 866.0 169.23 172.36 172.44 172.35 172.36 2.0 172.36 200.0 866.0 386.0 480.0 0.0 172.3842
16:23:00 31.0 8256.0 169.23 172.34 172.38 172.33 172.33 89.0 172.36 200.0 8256.0 7160.0 1096.0 0.0 172.3733
16:24:00 32.0 1026.0 169.23 172.4 172.41 172.35 172.4 4426.0 172.36 200.0 1026.0 800.0 226.0 0.0 172.3994
16:25:00 79.0 4379.0 169.23 172.44 172.49 172.37 172.45 108.0 172.36 200.0 4379.0 1552.0 2827.0 0.0 172.4154
16:26:00 30.0 897.0 169.23 172.45 172.48 172.44 172.44 156.0 172.36 200.0 897.0 158.0 739.0 0.0 172.4465
16:27:00 37.0 537.0 169.23 172.4 172.48 172.38 172.4 10.0 172.36 200.0 537.0 289.0 248.0 0.0 172.4375
16:28:00 15.0 38.0 169.23 172.44 172.48 172.41 172.42 250.0 172.36 200.0 38.0 38.0 0.0 0.0 172.4497
16:29:00 46.0 2092.0 169.23 172.38 172.48 172.38 172.38 92.0 172.36 200.0 2092.0 801.0 1291.0 0.0 172.4164
16:30:00 50.0 6202.0 169.23 172.33 172.4 172.33 172.32 10.0 172.34 100.0 6202.0 426.0 5776.0 0.0 172.3574
16:31:00 18.0 493.0 169.23 172.31 172.34 172.3 172.3 2188.0 172.31 50.0 493.0 37.0 456.0 0.0 172.3054
16:32:00 30.0 1481.0 169.23 172.34 172.34 172.33 172.33 1643.0 172.34 186.0 1481.0 1201.0 280.0 0.0 172.3381
16:33:00 23.0 1239.0 169.23 172.3 172.34 172.3 172.3 1772.0 172.33 3440.0 1239.0 362.0 877.0 0.0 172.3241
16:34:00 27.0 4846.0 169.23 172.39 172.4 172.31 172.4 100.0 172.36 200.0 4846.0 4671.0 175.0 0.0 172.3434
16:35:00 14.0 294.0 169.23 172.45 172.45 172.4 172.42 484.0 172.36 200.0 294.0 127.0 167.0 0.0 172.4199
16:36:00 26.0 1290.0 169.23 172.49 172.49 172.42 172.48 4.0 172.36 200.0 1290.0 878.0 412.0 0.0 172.4707
16:37:00 23.0 1137.0 169.23 172.49 172.49 172.46 172.46 494.0 172.36 200.0 1137.0 225.0 912.0 0.0 172.4706
16:38:00 48.0 5269.0 169.23 172.55 172.59 172.49 172.55 352.0 172.36 200.0 5269.0 4832.0 437.0 0.0 172.5649
16:39:00 21.0 499.0 169.23 172.5 172.56 172.5 172.49 1.0 172.36 200.0 499.0 1.0 498.0 0.0 172.5387
16:40:00 26.0 1040.0 169.23 172.5 172.51 172.46 172.5 51.0 172.36 200.0 1040.0 972.0 68.0 0.0 172.4808
16:41:00 21.0 311.0 169.23 172.48 172.51 172.48 172.47 1121.0 172.36 200.0 311.0 158.0 153.0 0.0 172.4961
16:42:00 30.0 1629.0 169.23 172.53 172.54 172.48 172.5 885.0 172.36 200.0 1629.0 1529.0 100.0 0.0 172.5002
16:43:00 17.0 292.0 169.23 172.53 172.54 172.5 172.51 2.0 172.36 200.0 292.0 63.0 229.0 0.0 172.5146
16:44:00 17.0 751.0 169.23 172.57 172.57 172.5 172.55 29.0 172.36 200.0 751.0 395.0 356.0 0.0 172.5272
16:45:00 43.0 2956.0 169.23 172.55 172.57 172.51 172.52 850.0 172.36 200.0 2956.0 1678.0 1278.0 0.0 172.5515
16:46:00 16.0 2063.0 169.23 172.55 172.57 172.54 172.54 15.0 172.36 200.0 2063.0 1932.0 131.0 0.0 172.5684
16:47:00 23.0 281.0 169.23 172.55 172.57 172.54 172.55 38.0 172.36 200.0 281.0 238.0 43.0 0.0 172.5587
16:48:00 21.0 3208.0 169.23 172.57 172.6 172.55 172.55 107.0 172.36 200.0 3208.0 2997.0 211.0 0.0 172.5689
16:49:00 71.0 3973.0 169.23 172.66 172.67 172.58 172.62 1.0 172.36 200.0 3973.0 2013.0 1960.0 0.0 172.6256
16:50:00 68.0 4780.0 169.23 172.48 172.66 172.48 172.47 7.0 172.36 200.0 4780.0 1606.0 3174.0 0.0 172.5409
16:51:00 18.0 1761.0 169.23 172.5 172.5 172.46 172.48 153.0 172.36 200.0 1761.0 842.0 919.0 0.0 172.4841
16:52:00 29.0 158.0 169.23 172.5 172.52 172.49 172.5 45.0 172.36 200.0 158.0 80.0 78.0 0.0 172.4986
16:53:00 16.0 84.0 169.23 172.53 172.54 172.5 172.49 49.0 172.36 200.0 84.0 79.0 5.0 0.0 172.5211
16:54:00 17.0 243.0 169.23 172.57 172.57 172.51 172.53 5.0 172.36 200.0 243.0 243.0 0.0 0.0 172.5685
16:55:00 18.0 13.0 169.23 172.56 172.57 172.53 172.54 8.0 172.36 200.0 13.0 8.0 5.0 0.0 172.5623
16:56:00 21.0 444.0 169.23 172.5 172.55 172.5 172.5 339.0 172.36 200.0 444.0 44.0 400.0 0.0 172.5165
16:57:00 57.0 3467.0 169.23 172.49 172.5 172.42 172.46 5.0 172.36 200.0 3467.0 178.0 3289.0 0.0 172.4538
16:58:00 11.0 27.0 169.23 172.49 172.49 172.46 172.46 783.0 172.36 200.0 27.0 0.0 27.0 0.0 172.4607
16:59:00 24.0 458.0 169.23 172.45 172.48 172.45 172.45 490.0 172.36 200.0 458.0 25.0 433.0 0.0 172.4611
17:00:00 19.0 566.0 169.23 172.47 172.47 172.45 172.47 250.0 172.36 200.0 566.0 240.0 326.0 0.0 172.4575
