time trade_count trade_volume trade_first trade_last trade_high trade_low bid_price bid_size ask_price ask_size hid_vol buy_vol sell_vol unsided_vol vwap
09:00:00 nan 1104.0 77.58 77.55 77.59 77.55 77.55 192.0 77.62 457.0 1104.0 0.0 1104.0 0.0 77.5807
09:01:00 18.0 1217.0 77.58 77.51 77.57 77.51 77.51 248.0 77.56 457.0 1217.0 523.0 694.0 0.0 77.5398
09:02:00 9.0 553.0 77.58 77.58 77.58 77.55 77.51 748.0 77.58 359.0 553.0 553.0 0.0 0.0 77.5635
09:03:00 5.0 20.0 77.58 77.58 77.58 77.53 77.53 1.0 77.58 339.0 20.0 20.0 0.0 0.0 77.58
09:04:00 26.0 909.0 77.58 77.55 77.6 77.54 77.53 201.0 77.69 200.0 909.0 808.0 101.0 0.0 77.5677
09:05:00 7.0 32.0 77.58 77.59 77.59 77.53 77.53 178.0 77.69 344.0 32.0 3.0 29.0 0.0 77.545
09:06:00 41.0 1486.0 77.58 77.5 77.56 77.5 77.48 40.0 77.52 244.0 1486.0 11.0 1475.0 0.0 77.5079
09:07:00 7.0 244.0 77.58 77.5 77.5 77.49 77.48 240.0 77.58 100.0 244.0 144.0 100.0 0.0 77.4959
09:08:00 1.0 2.0 77.58 77.52 77.52 77.52 77.52 23.0 77.58 100.0 2.0 0.0 2.0 0.0 77.52
09:09:00 3.0 28.0 77.58 77.58 77.58 77.5 77.48 240.0 77.58 74.0 28.0 28.0 0.0 0.0 77.5743
09:10:00 6.0 230.0 77.58 77.47 77.49 77.47 77.45 11.0 77.52 222.0 230.0 0.0 230.0 0.0 77.4799
09:11:00 3.0 11.0 77.58 77.45 77.45 77.45 77.43 1.0 77.48 172.0 11.0 0.0 11.0 0.0 77.45
09:12:00 13.0 1039.0 77.58 77.45 77.45 77.41 77.41 1.0 77.48 172.0 1039.0 0.0 1039.0 0.0 77.4489
09:13:00 15.0 818.0 77.58 77.45 77.47 77.44 77.43 66.0 77.47 734.0 818.0 319.0 499.0 0.0 77.4495
09:14:00 1.0 30.0 77.58 77.43 77.43 77.43 77.43 36.0 77.44 200.0 30.0 0.0 30.0 0.0 77.43
09:15:00 3.0 39.0 77.58 77.41 77.43 77.41 77.4 800.0 77.42 1287.0 39.0 0.0 39.0 0.0 77.4285
09:16:00 29.0 1511.0 77.58 77.38 77.4 77.37 77.36 246.0 77.41 1101.0 1511.0 501.0 1010.0 0.0 77.3933
09:17:00 25.0 3033.0 77.58 77.44 77.45 77.38 77.44 6.0 77.49 458.0 3033.0 3033.0 0.0 0.0 77.4282
09:18:00 4.0 8.0 77.58 77.425 77.44 77.425 77.41 2.0 77.46 458.0 8.0 0.0 8.0 0.0 77.4375
09:19:00 1.0 0.0 77.58 77.41 77.41 77.41 77.43 30.0 77.46 458.0 nan 0.0 0.0 0.0 nan
09:20:00 32.0 1760.0 77.58 77.33 77.43 77.33 77.33 100.0 77.35 464.0 1760.0 10.0 1750.0 0.0 77.3871
09:21:00 7.0 314.0 77.58 77.37 77.39 77.35 77.37 180.0 77.39 772.0 314.0 294.0 20.0 0.0 77.3538
09:22:00 1.0 45.0 77.58 77.38 77.38 77.38 77.38 455.0 77.39 775.0 45.0 0.0 45.0 0.0 77.38
09:23:00 21.0 738.0 77.58 77.4 77.41 77.39 77.4 153.0 77.47 458.0 738.0 691.0 47.0 0.0 77.3922
09:24:00 13.0 1009.0 77.58 77.47 77.47 77.43 77.42 371.0 77.46 1.0 1009.0 916.0 93.0 0.0 77.4518
09:25:00 11.0 529.0 77.58 77.45 77.46 77.42 77.38 50.0 77.49 258.0 529.0 259.0 270.0 0.0 77.4298
09:26:00 6.0 60.0 77.58 77.38 77.4 77.38 77.37 180.0 77.43 358.0 60.0 0.0 60.0 0.0 77.3833
09:27:00 2.0 0.0 77.58 77.42 77.42 77.42 77.4 10.0 77.43 358.0 nan 0.0 0.0 0.0 nan
09:28:00 6.0 332.0 77.58 77.37 77.41 77.37 77.37 169.0 77.4 409.0 332.0 0.0 332.0 0.0 77.398
09:29:00 10.0 703.0 77.58 77.33 77.37 77.33 77.33 100.0 77.34 319.0 703.0 0.0 703.0 0.0 77.3482
09:30:00 112.0 3893.0 77.58 77.12 77.33 77.06 77.11 2000.0 77.23 200.0 3893.0 260.0 3633.0 0.0 77.1519
09:31:00 1469.0 114655.0 77.58 77.37 77.42 76.99 77.37 657.0 77.38 804.0 114655.0 48077.0 66578.0 0.0 77.1832
09:32:00 1641.0 94358.0 77.58 77.35 77.48 77.06 77.35 601.0 77.36 19.0 94358.0 47841.0 46517.0 0.0 77.2608
09:33:00 978.0 55143.0 77.58 77.51 77.53 77.29 77.5 400.0 77.51 14.0 55143.0 28166.0 26977.0 0.0 77.4154
09:34:00 1077.0 55109.0 77.58 77.28 77.54 77.27 77.26 737.0 77.28 145.0 55109.0 27917.0 27192.0 0.0 77.4259
09:35:00 879.0 57446.0 77.58 77.17 77.45 77.16 77.17 70.0 77.18 996.0 57446.0 27099.0 30347.0 0.0 77.2914
09:36:00 1181.0 57861.0 77.58 77.13 77.28 77.07 77.12 740.0 77.13 380.0 57861.0 29673.0 28188.0 0.0 77.1611
09:37:00 871.0 47339.0 77.58 77.28 77.31 77.1 77.26 1579.0 77.28 1749.0 47339.0 19677.0 27662.0 0.0 77.1804
09:38:00 752.0 51604.0 77.58 77.41 77.47 77.22 77.4 679.0 77.41 4.0 51604.0 31670.0 19934.0 0.0 77.3583
09:39:00 807.0 54494.0 77.58 77.5 77.55 77.37 77.49 2327.0 77.5 461.0 54494.0 28530.0 25964.0 0.0 77.4722
09:40:00 702.0 54439.0 77.58 77.63 77.65 77.47 77.62 1880.0 77.64 416.0 54439.0 28015.0 26424.0 0.0 77.5408
09:41:00 696.0 49990.0 77.58 77.5 77.71 77.49 77.51 800.0 77.53 827.0 49990.0 22104.0 27886.0 0.0 77.5812
09:42:00 718.0 48840.0 77.58 77.35 77.62 77.35 77.36 1500.0 77.38 1900.0 48840.0 19228.0 29612.0 0.0 77.4984
09:43:00 756.0 63226.0 77.58 77.22 77.445 77.205 77.21 1500.0 77.23 1500.0 63226.0 29871.0 33355.0 0.0 77.3485
09:44:00 742.0 67159.0 77.58 77.18 77.265 77.18 77.17 1701.0 77.19 1400.0 67159.0 32535.0 34624.0 0.0 77.2228
09:45:00 518.0 55233.0 77.58 77.12 77.18 77.07 77.11 191.0 77.12 1000.0 55233.0 20389.0 34844.0 0.0 77.1174
09:46:00 1189.0 99697.0 77.58 77.11 77.17 76.98 77.11 1293.0 77.12 355.0 99697.0 40942.0 58755.0 0.0 77.0632
09:47:00 551.0 43524.0 77.58 77.25 77.27 77.12 77.25 1100.0 77.26 412.0 43524.0 25618.0 17906.0 0.0 77.2019
09:48:00 582.0 50574.0 77.58 77.48 77.53 77.255 77.47 200.0 77.48 1800.0 50574.0 22912.0 27662.0 0.0 77.414
09:49:00 805.0 65277.0 77.58 77.64 77.65 77.39 77.64 500.0 77.65 1001.0 65277.0 33738.0 31539.0 0.0 77.4948
09:50:00 627.0 45685.0 77.58 77.75 77.8 77.6 77.75 1848.0 77.77 1304.0 45685.0 24059.0 21626.0 0.0 77.7253
09:51:00 620.0 46846.0 77.58 77.83 77.83 77.73 77.82 800.0 77.83 468.0 46846.0 31056.0 15790.0 0.0 77.7789
09:52:00 552.0 37994.0 77.58 77.78 77.89 77.76 77.77 2300.0 77.78 281.0 37994.0 17494.0 20500.0 0.0 77.8255
09:53:00 527.0 36645.0 77.58 77.8 77.81 77.71 77.8 800.0 77.81 901.0 36645.0 19665.0 16980.0 0.0 77.7605
09:54:00 310.0 23115.0 77.58 77.82 77.83 77.76 77.81 600.0 77.82 1355.0 23115.0 11705.0 11410.0 0.0 77.7953
09:55:00 426.0 31413.0 77.58 77.73 77.81 77.67 77.73 800.0 77.74 603.0 31413.0 18950.0 12463.0 0.0 77.7334
09:56:00 431.0 30366.0 77.58 77.78 77.79 77.71 77.78 100.0 77.79 1701.0 30366.0 19031.0 11335.0 0.0 77.7545
09:57:00 385.0 26400.0 77.58 77.85 77.86 77.76 77.85 2025.0 77.87 3201.0 26400.0 18353.0 8047.0 0.0 77.8099
09:58:00 289.0 21883.0 77.58 77.83 77.88 77.79 77.82 900.0 77.83 500.0 21883.0 13581.0 8302.0 0.0 77.8424
09:59:00 338.0 27691.0 77.58 77.87 77.88 77.81 77.86 2400.0 77.88 3201.0 27691.0 15117.0 12574.0 0.0 77.8446
10:00:00 301.0 23193.0 77.58 77.86 77.95 77.83 77.84 1726.0 77.86 1499.0 23193.0 11329.0 11864.0 0.0 77.8903
10:01:00 641.0 46641.0 77.58 77.78 77.85 77.69 77.77 1900.0 77.79 2700.0 46641.0 21849.0 24792.0 0.0 77.7779
10:02:00 342.0 25006.0 77.58 77.79 77.84 77.73 77.78 1827.0 77.8 2504.0 25006.0 12064.0 12942.0 0.0 77.785
10:03:00 359.0 22038.0 77.58 77.71 77.785 77.65 77.7 350.0 77.71 2001.0 22038.0 10672.0 11366.0 0.0 77.7113
10:04:00 393.0 25666.0 77.58 77.76 77.81 77.69 77.76 2000.0 77.77 1700.0 25666.0 14201.0 11465.0 0.0 77.7561
10:05:00 238.0 16578.0 77.58 77.83 77.84 77.75 77.82 1480.0 77.83 10.0 16578.0 11096.0 5482.0 0.0 77.7843
10:06:00 286.0 18508.0 77.58 77.83 77.85 77.78 77.82 2310.0 77.83 929.0 18508.0 10191.0 8317.0 0.0 77.8144
10:07:00 996.0 89859.0 77.58 77.83 77.92 77.795 77.84 100.0 77.84 96.0 89859.0 42634.0 47225.0 0.0 77.8383
10:08:00 406.0 26254.0 77.58 77.8 77.84 77.73 77.83 928.0 77.84 1500.0 26254.0 11526.0 14728.0 0.0 77.7679
10:09:00 335.0 23547.0 77.58 77.89 77.89 77.77 77.89 1550.0 77.9 706.0 23547.0 13269.0 10278.0 0.0 77.8311
10:10:00 310.0 17647.0 77.58 77.855 77.9 77.82 77.85 1008.0 77.86 2602.0 17647.0 9797.0 7850.0 0.0 77.8654
10:11:00 677.0 58194.0 77.58 77.905 78.01 77.84 77.9 104.0 77.91 2300.0 58194.0 41549.0 16645.0 0.0 77.9614
10:12:00 484.0 30532.0 77.58 78.04 78.07 77.91 78.04 571.0 78.05 1100.0 30532.0 19200.0 11332.0 0.0 78.0091
10:13:00 377.0 24545.0 77.58 77.91 78.09 77.91 77.91 600.0 77.92 916.0 24545.0 10356.0 14189.0 0.0 78.0235
10:14:00 302.0 18065.0 77.58 77.96 77.98 77.88 77.95 2112.0 77.96 300.0 18065.0 10113.0 7952.0 0.0 77.9286
10:15:00 454.0 36274.0 77.58 78.1 78.135 77.95 78.09 155.0 78.1 1200.0 36274.0 18886.0 17388.0 0.0 78.061
10:16:00 689.0 50468.0 77.58 78.095 78.17 78.04 78.09 500.0 78.1 1305.0 50468.0 22431.0 28037.0 0.0 78.1203
10:17:00 421.0 30694.0 77.58 77.94 78.1 77.93 77.94 48.0 77.94 100.0 30694.0 12427.0 18267.0 0.0 78.0198
10:18:00 289.0 24056.0 77.58 78.03 78.03 77.91 78.02 2700.0 78.04 2001.0 24056.0 13175.0 10881.0 0.0 77.9652
10:19:00 291.0 20300.0 77.58 78.04 78.08 78.03 78.04 2800.0 78.06 1743.0 20300.0 11605.0 8695.0 0.0 78.0498
10:20:00 205.0 15273.0 77.58 78.06 78.07 78.0 78.06 800.0 78.07 1300.0 15273.0 7584.0 7689.0 0.0 78.0384
10:21:00 287.0 20114.0 77.58 78.03 78.08 77.99 78.03 1211.0 78.04 821.0 20114.0 12302.0 7812.0 0.0 78.0455
10:22:00 259.0 19886.0 77.58 77.99 78.04 77.96 78.0 100.0 78.01 1227.0 19886.0 6657.0 13229.0 0.0 78.001
10:23:00 223.0 13581.0 77.58 78.0 78.0 77.95 77.99 200.0 78.0 5137.0 13581.0 5659.0 7922.0 0.0 77.9749
10:24:00 350.0 27123.0 77.58 77.92 78.0 77.91 77.91 743.0 77.92 900.0 27123.0 10919.0 16204.0 0.0 77.9458
10:25:00 338.0 25003.0 77.58 77.88 77.925 77.87 77.87 3200.0 77.88 701.0 25003.0 8774.0 16229.0 0.0 77.8952
10:26:00 397.0 29651.0 77.58 77.99 78.01 77.84 77.98 2700.0 78.0 1800.0 29651.0 15723.0 13928.0 0.0 77.945
10:27:00 356.0 26094.0 77.58 78.0 78.02 77.94 77.98 1000.0 77.99 2900.0 26094.0 10901.0 15193.0 0.0 77.988
10:28:00 169.0 13344.0 77.58 78.04 78.04 77.99 78.04 1400.0 78.05 807.0 13344.0 6372.0 6972.0 0.0 78.0094
10:29:00 300.0 23959.0 77.58 77.96 78.07 77.94 77.96 100.0 77.97 2203.0 23959.0 11488.0 12471.0 0.0 78.0209
10:30:00 240.0 15496.0 77.58 77.94 77.96 77.87 77.94 514.0 77.95 3000.0 15496.0 7024.0 8472.0 0.0 77.9158
10:31:00 390.0 23817.0 77.58 77.87 77.98 77.87 77.87 2100.0 77.88 3103.0 23817.0 13039.0 10778.0 0.0 77.9246
10:32:00 332.0 20523.0 77.58 77.84 77.89 77.81 77.84 1025.0 77.85 2602.0 20523.0 9400.0 11123.0 0.0 77.8595
10:33:00 253.0 18369.0 77.58 77.9 77.92 77.83 77.89 3200.0 77.91 3201.0 18369.0 12027.0 6342.0 0.0 77.8794
10:34:00 298.0 19550.0 77.58 77.92 77.95 77.88 77.92 256.0 77.93 3398.0 19550.0 8998.0 10552.0 0.0 77.9159
10:35:00 294.0 21168.0 77.58 77.96 77.98 77.93 77.96 203.0 77.97 3501.0 21168.0 8529.0 12639.0 0.0 77.9461
10:36:00 243.0 15816.0 77.58 77.96 77.965 77.91 77.96 1642.0 77.97 1500.0 15816.0 7019.0 8797.0 0.0 77.938
10:37:00 283.0 38748.0 77.58 77.96 78.03 77.94 77.96 2800.0 77.97 1700.0 38748.0 30374.0 8374.0 0.0 77.9933
10:38:00 302.0 21993.0 77.58 77.96 78.04 77.96 77.96 92.0 77.96 767.0 21993.0 9580.0 12413.0 0.0 77.9941
10:39:00 262.0 14816.0 77.58 77.94 77.98 77.91 77.94 173.0 77.95 3900.0 14816.0 7397.0 7419.0 0.0 77.9394
10:40:00 195.0 10914.0 77.58 77.87 77.95 77.84 77.86 4400.0 77.87 300.0 10914.0 4347.0 6567.0 0.0 77.896
10:41:00 360.0 28798.0 77.58 77.78 77.88 77.77 77.78 700.0 77.79 1729.0 28798.0 13290.0 15508.0 0.0 77.798
10:42:00 269.0 17929.0 77.58 77.78 77.81 77.76 77.77 3100.0 77.78 301.0 17929.0 11633.0 6296.0 0.0 77.7826
10:43:00 205.0 14563.0 77.58 77.82 77.855 77.78 77.82 10.0 77.82 300.0 14563.0 6204.0 8359.0 0.0 77.8292
10:44:00 199.0 14183.0 77.58 77.83 77.83 77.795 77.82 3013.0 77.83 1200.0 14183.0 6719.0 7464.0 0.0 77.8085
10:45:00 246.0 17723.0 77.58 77.81 77.85 77.765 77.8 2833.0 77.81 300.0 17723.0 8291.0 9432.0 0.0 77.8059
10:46:00 171.0 11763.0 77.58 77.78 77.82 77.76 77.78 5200.0 77.79 200.0 11763.0 5923.0 5840.0 0.0 77.7986
10:47:00 290.0 24075.0 77.58 77.8 77.85 77.79 77.79 741.0 77.8 4615.0 24075.0 6410.0 17665.0 0.0 77.8205
10:48:00 208.0 11256.0 77.58 77.72 77.82 77.72 77.72 159.0 77.73 3620.0 11256.0 6092.0 5164.0 0.0 77.7662
10:49:00 225.0 13418.0 77.58 77.62 77.72 77.61 77.61 615.0 77.62 3300.0 13418.0 5489.0 7929.0 0.0 77.6639
10:50:00 356.0 23727.0 77.58 77.7 77.7 77.59 77.7 4300.0 77.71 100.0 23727.0 14645.0 9082.0 0.0 77.6354
10:51:00 416.0 27731.0 77.58 77.68 77.755 77.68 77.68 1322.0 77.69 2803.0 27731.0 14054.0 13677.0 0.0 77.7181
10:52:00 400.0 31687.0 77.58 77.72 77.75 77.675 77.72 1803.0 77.73 1500.0 31687.0 17082.0 14605.0 0.0 77.7198
10:53:00 249.0 14739.0 77.58 77.675 77.73 77.65 77.67 3724.0 77.68 201.0 14739.0 5236.0 9503.0 0.0 77.6874
10:54:00 219.0 13104.0 77.58 77.67 77.72 77.66 77.66 2601.0 77.67 2100.0 13104.0 7816.0 5288.0 0.0 77.6832
10:55:00 237.0 15697.0 77.58 77.665 77.665 77.6 77.66 1280.0 77.67 2341.0 15697.0 7619.0 8078.0 0.0 77.6372
10:56:00 229.0 17371.0 77.58 77.63 77.7 77.62 77.62 4180.0 77.63 100.0 17371.0 10101.0 7270.0 0.0 77.6582
10:57:00 176.0 16611.0 77.58 77.615 77.63 77.59 77.61 2803.0 77.62 1210.0 16611.0 8679.0 7932.0 0.0 77.605
10:58:00 220.0 13590.0 77.58 77.59 77.64 77.57 77.59 2000.0 77.6 3203.0 13590.0 5610.0 7980.0 0.0 77.6023
10:59:00 418.0 60783.0 77.58 77.49 77.595 77.485 77.48 2964.0 77.49 2600.0 60783.0 8052.0 52731.0 0.0 77.5109
11:00:00 393.0 25029.0 77.58 77.47 77.54 77.45 77.46 2300.0 77.47 900.0 25029.0 15796.0 9233.0 0.0 77.5009
11:01:00 427.0 31821.0 77.58 77.48 77.48 77.39 77.47 500.0 77.48 3606.0 31821.0 20478.0 11343.0 0.0 77.4317
11:02:00 672.0 52640.0 77.58 77.44 77.52 77.44 77.43 1900.0 77.44 1700.0 52640.0 35148.0 17492.0 0.0 77.5017
11:03:00 318.0 22962.0 77.58 77.47 77.48 77.42 77.46 3220.0 77.47 200.0 22962.0 8793.0 14169.0 0.0 77.4399
11:04:00 1000.0 82252.0 77.58 77.36 77.47 77.34 77.38 100.0 77.39 3875.0 82252.0 36603.0 45649.0 0.0 77.3984
11:05:00 937.0 72339.0 77.58 77.41 77.47 77.37 77.4 5100.0 77.41 285.0 72339.0 37331.0 35008.0 0.0 77.4173
11:06:00 1002.0 79008.0 77.58 77.46 77.48 77.39 77.45 400.0 77.46 4101.0 79008.0 40672.0 38336.0 0.0 77.4386
11:07:00 784.0 64017.0 77.58 77.43 77.5 77.4 77.43 1510.0 77.44 2403.0 64017.0 34872.0 29145.0 0.0 77.4525
11:08:00 719.0 65393.0 77.58 77.5 77.5 77.41 77.5 2400.0 77.51 2200.0 65393.0 36123.0 29270.0 0.0 77.4699
11:09:00 1020.0 91686.0 77.58 77.53 77.57 77.48 77.53 1100.0 77.54 3700.0 91686.0 44195.0 47491.0 0.0 77.5148
11:10:00 1172.0 103388.0 77.58 77.55 77.58 77.48 77.54 3587.0 77.55 600.0 103388.0 56922.0 46466.0 0.0 77.5278
11:11:00 643.0 56090.0 77.58 77.69 77.69 77.53 77.68 2818.0 77.69 1261.0 56090.0 32894.0 23196.0 0.0 77.612
11:12:00 487.0 38856.0 77.58 77.81 77.83 77.67 77.81 2221.0 77.82 1503.0 38856.0 24483.0 14373.0 0.0 77.7564
11:13:00 345.0 29588.0 77.58 77.735 77.84 77.735 77.73 208.0 77.74 4005.0 29588.0 11249.0 18339.0 0.0 77.7911
11:14:00 437.0 31760.0 77.58 77.735 77.77 77.69 77.73 200.0 77.74 4088.0 31760.0 15815.0 15945.0 0.0 77.7259
11:15:00 310.0 22542.0 77.58 77.67 77.75 77.66 77.67 210.0 77.68 3502.0 22542.0 13275.0 9267.0 0.0 77.7059
11:16:00 355.0 21372.0 77.58 77.6 77.68 77.56 77.59 3493.0 77.6 482.0 21372.0 10301.0 11071.0 0.0 77.6212
11:17:00 402.0 62504.0 77.58 77.62 77.65 77.535 77.61 3100.0 77.62 1463.0 62504.0 50026.0 12478.0 0.0 77.5931
11:18:00 468.0 37916.0 77.58 77.67 77.73 77.62 77.67 468.0 77.68 3304.0 37916.0 16757.0 21159.0 0.0 77.6796
11:19:00 313.0 25043.0 77.58 77.67 77.75 77.67 77.67 1000.0 77.68 2487.0 25043.0 13947.0 11096.0 0.0 77.7122
11:20:00 237.0 15655.0 77.58 77.685 77.72 77.67 77.68 500.0 77.69 3503.0 15655.0 7611.0 8044.0 0.0 77.7006
11:21:00 247.0 15159.0 77.58 77.67 77.745 77.66 77.66 400.0 77.67 3712.0 15159.0 7542.0 7617.0 0.0 77.7051
11:22:00 181.0 9293.0 77.58 77.68 77.69 77.62 77.67 4300.0 77.68 625.0 9293.0 5307.0 3986.0 0.0 77.6648
11:23:00 152.0 13064.0 77.58 77.72 77.725 77.675 77.71 3649.0 77.72 112.0 13064.0 7160.0 5904.0 0.0 77.6979
11:24:00 163.0 9311.0 77.58 77.76 77.765 77.7 77.76 100.0 77.77 5093.0 9311.0 5260.0 4051.0 0.0 77.7287
11:25:00 186.0 14414.0 77.58 77.785 77.83 77.76 77.78 3428.0 77.79 2002.0 14414.0 8489.0 5925.0 0.0 77.7948
11:26:00 356.0 39420.0 77.58 77.88 77.88 77.79 77.88 3000.0 77.89 456.0 39420.0 30484.0 8936.0 0.0 77.8459
11:27:00 190.0 15596.0 77.58 77.92 77.92 77.87 77.9 3900.0 77.91 900.0 15596.0 8892.0 6704.0 0.0 77.8868
11:28:00 237.0 13710.0 77.58 77.86 77.93 77.85 77.85 3940.0 77.86 1000.0 13710.0 6929.0 6781.0 0.0 77.9029
11:29:00 207.0 17828.0 77.58 77.81 77.85 77.77 77.81 100.0 77.82 3200.0 17828.0 4934.0 12894.0 0.0 77.7954
11:30:00 363.0 32907.0 77.58 77.72 77.835 77.69 77.71 403.0 77.72 4112.0 32907.0 10586.0 22321.0 0.0 77.753
11:31:00 560.0 46338.0 77.58 77.54 77.72 77.53 77.54 100.0 77.55 3600.0 46338.0 13157.0 33181.0 0.0 77.5894
11:32:00 371.0 31369.0 77.58 77.61 77.62 77.53 77.6 1000.0 77.61 3692.0 31369.0 18257.0 13112.0 0.0 77.5668
11:33:00 398.0 32055.0 77.58 77.49 77.635 77.465 77.49 1001.0 77.5 3915.0 32055.0 11239.0 20816.0 0.0 77.5498
11:34:00 247.0 18617.0 77.58 77.515 77.52 77.46 77.51 403.0 77.52 5007.0 18617.0 8896.0 9721.0 0.0 77.4997
11:35:00 239.0 15910.0 77.58 77.52 77.53 77.48 77.52 1201.0 77.53 3200.0 15910.0 6610.0 9300.0 0.0 77.5058
11:36:00 169.0 8712.0 77.58 77.51 77.54 77.48 77.51 4041.0 77.52 212.0 8712.0 4871.0 3841.0 0.0 77.5106
11:37:00 202.0 15579.0 77.58 77.53 77.585 77.515 77.52 5710.0 77.54 3406.0 15579.0 9391.0 6188.0 0.0 77.5551
11:38:00 72.0 4197.0 77.58 77.505 77.53 77.5 77.5 410.0 77.51 3939.0 4197.0 2048.0 2149.0 0.0 77.515
11:39:00 187.0 12603.0 77.58 77.55 77.55 77.485 77.55 1901.0 77.56 1800.0 12603.0 5910.0 6693.0 0.0 77.5198
11:40:00 212.0 15349.0 77.58 77.53 77.555 77.5 77.52 2500.0 77.53 2300.0 15349.0 5491.0 9858.0 0.0 77.5262
11:41:00 178.0 12957.0 77.58 77.48 77.52 77.48 77.47 4613.0 77.48 600.0 12957.0 6419.0 6538.0 0.0 77.4942
11:42:00 272.0 21002.0 77.58 77.47 77.49 77.45 77.46 824.0 77.47 4270.0 21002.0 10654.0 10348.0 0.0 77.4667
11:43:00 268.0 20743.0 77.58 77.375 77.46 77.375 77.37 2507.0 77.38 4192.0 20743.0 7267.0 13476.0 0.0 77.4175
11:44:00 274.0 24034.0 77.58 77.38 77.4 77.36 77.37 4400.0 77.38 1378.0 24034.0 12509.0 11525.0 0.0 77.3804
11:45:00 233.0 20346.0 77.58 77.39 77.415 77.38 77.38 2953.0 77.39 2705.0 20346.0 9939.0 10407.0 0.0 77.4032
11:46:00 142.0 9926.0 77.58 77.37 77.415 77.36 77.37 3000.0 77.38 3700.0 9926.0 4062.0 5864.0 0.0 77.3876
11:47:00 318.0 32292.0 77.58 77.38 77.42 77.35 77.38 100.0 77.39 4930.0 32292.0 11489.0 20803.0 0.0 77.3778
11:48:00 215.0 20431.0 77.58 77.4 77.4 77.35 77.4 655.0 77.41 4974.0 20431.0 14103.0 6328.0 0.0 77.3815
11:49:00 180.0 13244.0 77.58 77.31 77.4 77.3 77.3 2135.0 77.31 2660.0 13244.0 4613.0 8631.0 0.0 77.3659
11:50:00 171.0 13710.0 77.58 77.36 77.36 77.29 77.36 500.0 77.37 4308.0 13710.0 8955.0 4755.0 0.0 77.3338
11:51:00 213.0 15598.0 77.58 77.325 77.37 77.31 77.32 2073.0 77.33 4501.0 15598.0 6282.0 9316.0 0.0 77.3391
11:52:00 171.0 15281.0 77.58 77.29 77.32 77.275 77.29 400.0 77.3 4472.0 15281.0 6530.0 8751.0 0.0 77.2986
11:53:00 269.0 19161.0 77.58 77.285 77.32 77.255 77.28 2500.0 77.29 2900.0 19161.0 8324.0 10837.0 0.0 77.2791
11:54:00 318.0 30205.0 77.58 77.25 77.28 77.23 77.24 3335.0 77.25 2400.0 30205.0 11623.0 18582.0 0.0 77.2592
11:55:00 161.0 8050.0 77.58 77.25 77.26 77.22 77.24 3400.0 77.25 876.0 8050.0 4543.0 3507.0 0.0 77.2424
11:56:00 151.0 16495.0 77.58 77.21 77.24 77.19 77.2 2303.0 77.21 3600.0 16495.0 3517.0 12978.0 0.0 77.2146
11:57:00 293.0 19938.0 77.58 77.19 77.22 77.16 77.19 1371.0 77.2 3628.0 19938.0 10300.0 9638.0 0.0 77.1912
11:58:00 314.0 20997.0 77.58 77.11 77.19 77.06 77.1 3600.0 77.11 2000.0 20997.0 7922.0 13075.0 0.0 77.1121
11:59:00 306.0 24985.0 77.58 77.07 77.15 77.07 77.06 333.0 77.07 4900.0 24985.0 9749.0 15236.0 0.0 77.0983
12:00:00 189.0 15743.0 77.58 77.06 77.07 77.05 77.05 1113.0 77.06 4300.0 15743.0 9460.0 6283.0 0.0 77.0587
12:01:00 363.0 30912.0 77.58 77.09 77.105 77.06 77.09 2300.0 77.1 1600.0 30912.0 16115.0 14797.0 0.0 77.0828
12:02:00 183.0 11897.0 77.58 77.05 77.1 77.03 77.04 4114.0 77.06 5307.0 11897.0 5935.0 5962.0 0.0 77.0509
12:03:00 167.0 15972.0 77.58 77.02 77.05 77.02 77.01 4065.0 77.02 1460.0 15972.0 2599.0 13373.0 0.0 77.0298
12:04:00 515.0 44959.0 77.58 77.07 77.085 76.985 77.07 217.0 77.08 4360.0 44959.0 16130.0 28829.0 0.0 77.009
12:05:00 173.0 12239.0 77.58 77.04 77.09 77.02 77.04 3616.0 77.05 3200.0 12239.0 5061.0 7178.0 0.0 77.0545
12:06:00 161.0 11712.0 77.58 77.05 77.09 77.02 77.04 2600.0 77.05 1319.0 11712.0 7774.0 3938.0 0.0 77.0558
12:07:00 133.0 9680.0 77.58 77.02 77.045 77.0 77.01 2358.0 77.02 3600.0 9680.0 5090.0 4590.0 0.0 77.0201
12:08:00 236.0 17972.0 77.58 77.0 77.025 76.955 76.99 1927.0 77.0 3760.0 17972.0 6228.0 11744.0 0.0 76.9892
12:09:00 301.0 25322.0 77.58 76.96 77.0 76.935 76.95 4500.0 76.96 716.0 25322.0 10877.0 14445.0 0.0 76.9609
12:10:00 165.0 8211.0 77.58 76.97 76.97 76.94 76.96 4411.0 76.97 902.0 8211.0 4317.0 3894.0 0.0 76.9607
12:11:00 309.0 24640.0 77.58 76.97 76.99 76.925 76.97 1335.0 76.98 4302.0 24640.0 10520.0 14120.0 0.0 76.9635
12:12:00 168.0 11869.0 77.58 77.01 77.01 76.97 77.01 2024.0 77.02 4529.0 11869.0 5938.0 5931.0 0.0 76.9965
12:13:00 253.0 22496.0 77.58 76.92 77.02 76.92 76.92 1305.0 76.93 3500.0 22496.0 8857.0 13639.0 0.0 76.9955
12:14:00 229.0 16052.0 77.58 76.94 76.94 76.9 76.94 2900.0 76.95 3490.0 16052.0 8121.0 7931.0 0.0 76.9109
12:15:00 240.0 19813.0 77.58 76.94 76.955 76.895 76.93 4902.0 76.94 400.0 19813.0 12302.0 7511.0 0.0 76.929
12:16:00 236.0 17343.0 77.58 76.98 76.99 76.94 76.98 3606.0 76.99 3302.0 17343.0 8010.0 9333.0 0.0 76.9644
12:17:00 230.0 16300.0 77.58 77.01 77.01 76.96 77.0 5409.0 77.01 900.0 16300.0 10022.0 6278.0 0.0 76.9885
12:18:00 363.0 28619.0 77.58 77.18 77.195 77.005 77.18 3230.0 77.19 1729.0 28619.0 19851.0 8768.0 0.0 77.1037
12:19:00 458.0 29371.0 77.58 77.13 77.225 77.11 77.13 2540.0 77.14 1213.0 29371.0 12067.0 17304.0 0.0 77.1899
12:20:00 182.0 13745.0 77.58 77.18 77.19 77.14 77.17 4106.0 77.18 200.0 13745.0 5212.0 8533.0 0.0 77.1636
12:21:00 193.0 18049.0 77.58 77.24 77.24 77.16 77.24 3006.0 77.25 4080.0 18049.0 13026.0 5023.0 0.0 77.2081
12:22:00 293.0 24035.0 77.58 77.23 77.25 77.215 77.22 4660.0 77.23 100.0 24035.0 9369.0 14666.0 0.0 77.2337
12:23:00 268.0 16155.0 77.58 77.25 77.27 77.205 77.25 600.0 77.26 3402.0 16155.0 8624.0 7531.0 0.0 77.2382
12:24:00 148.0 11006.0 77.58 77.25 77.26 77.21 77.25 1585.0 77.26 5103.0 11006.0 6388.0 4618.0 0.0 77.2368
12:25:00 207.0 20206.0 77.58 77.24 77.31 77.24 77.23 3200.0 77.24 1406.0 20206.0 8755.0 11451.0 0.0 77.2763
12:26:00 100.0 6008.0 77.58 77.26 77.28 77.23 77.26 500.0 77.27 4302.0 6008.0 3179.0 2829.0 0.0 77.2553
12:27:00 178.0 14712.0 77.58 77.3 77.31 77.25 77.29 6011.0 77.3 210.0 14712.0 9347.0 5365.0 0.0 77.2873
12:28:00 172.0 12678.0 77.58 77.33 77.36 77.3 77.32 2900.0 77.33 2400.0 12678.0 7387.0 5291.0 0.0 77.3298
12:29:00 171.0 13311.0 77.58 77.25 77.35 77.25 77.24 4412.0 77.25 1400.0 13311.0 5751.0 7560.0 0.0 77.2991
12:30:00 173.0 14126.0 77.58 77.255 77.28 77.23 77.25 2091.0 77.26 4803.0 14126.0 8350.0 5776.0 0.0 77.2541
12:31:00 981.0 92537.0 77.58 77.25 77.25 77.14 77.24 3716.0 77.25 1957.0 92537.0 51076.0 41461.0 0.0 77.1957
12:32:00 503.0 37020.0 77.58 77.25 77.29 77.22 77.24 3773.0 77.25 100.0 37020.0 20531.0 16489.0 0.0 77.2617
12:33:00 245.0 14641.0 77.58 77.255 77.28 77.22 77.24 2664.0 77.25 2301.0 14641.0 8097.0 6544.0 0.0 77.2478
12:34:00 309.0 14547.0 77.58 77.28 77.28 77.21 77.28 2100.0 77.29 2310.0 14547.0 10255.0 4292.0 0.0 77.2433
12:35:00 301.0 21449.0 77.58 77.23 77.31 77.21 77.23 4906.0 77.24 1000.0 21449.0 10483.0 10966.0 0.0 77.2641
12:36:00 226.0 18674.0 77.58 77.25 77.28 77.22 77.24 4108.0 77.25 800.0 18674.0 11492.0 7182.0 0.0 77.2553
12:37:00 365.0 33462.0 77.58 77.23 77.265 77.21 77.22 5300.0 77.23 900.0 33462.0 16039.0 17423.0 0.0 77.239
12:38:00 447.0 36246.0 77.58 77.26 77.28 77.19 77.25 2200.0 77.26 1900.0 36246.0 18305.0 17941.0 0.0 77.2361
12:39:00 109.0 13922.0 77.58 77.24 77.26 77.215 77.23 400.0 77.24 4800.0 13922.0 9012.0 4910.0 0.0 77.2342
12:40:00 216.0 23441.0 77.58 77.19 77.24 77.19 77.19 4300.0 77.2 2000.0 23441.0 10772.0 12669.0 0.0 77.2172
12:41:00 234.0 29075.0 77.58 77.26 77.29 77.2 77.25 1635.0 77.26 3491.0 29075.0 16812.0 12263.0 0.0 77.2499
12:42:00 173.0 15333.0 77.58 77.25 77.3 77.245 77.24 101.0 77.25 4800.0 15333.0 7112.0 8221.0 0.0 77.2743
12:43:00 232.0 20310.0 77.58 77.29 77.31 77.225 77.28 7416.0 77.29 1000.0 20310.0 9679.0 10631.0 0.0 77.2757
12:44:00 228.0 14890.0 77.58 77.24 77.29 77.24 77.24 2008.0 77.25 3021.0 14890.0 5295.0 9595.0 0.0 77.2667
12:45:00 168.0 9020.0 77.58 77.22 77.26 77.215 77.21 3521.0 77.22 1471.0 9020.0 5150.0 3870.0 0.0 77.2422
12:46:00 238.0 17236.0 77.58 77.16 77.215 77.16 77.16 2800.0 77.17 2900.0 17236.0 8788.0 8448.0 0.0 77.1914
12:47:00 190.0 14032.0 77.58 77.19 77.21 77.17 77.19 5292.0 77.2 1200.0 14032.0 7531.0 6501.0 0.0 77.1911
12:48:00 317.0 27492.0 77.58 77.18 77.245 77.17 77.18 2231.0 77.19 2602.0 27492.0 11310.0 16182.0 0.0 77.2015
12:49:00 280.0 24334.0 77.58 77.16 77.2 77.135 77.15 3800.0 77.16 301.0 24334.0 10481.0 13853.0 0.0 77.1549
12:50:00 258.0 20955.0 77.58 77.13 77.18 77.12 77.13 4102.0 77.14 501.0 20955.0 6475.0 14480.0 0.0 77.1472
12:51:00 201.0 14749.0 77.58 77.205 77.205 77.12 77.2 3304.0 77.21 1507.0 14749.0 10091.0 4658.0 0.0 77.1653
12:52:00 100.0 7211.0 77.58 77.24 77.24 77.21 77.23 4304.0 77.24 489.0 7211.0 4620.0 2591.0 0.0 77.2226
12:53:00 120.0 7045.0 77.58 77.26 77.265 77.23 77.26 3000.0 77.27 1500.0 7045.0 2708.0 4337.0 0.0 77.2472
12:54:00 200.0 19400.0 77.58 77.22 77.27 77.22 77.21 3201.0 77.22 1900.0 19400.0 6334.0 13066.0 0.0 77.2488
12:55:00 223.0 18037.0 77.58 77.19 77.23 77.17 77.19 104.0 77.2 4639.0 18037.0 9691.0 8346.0 0.0 77.1986
12:56:00 87.0 5068.0 77.58 77.13 77.2 77.13 77.12 6641.0 77.13 500.0 5068.0 1537.0 3531.0 0.0 77.1734
12:57:00 152.0 12156.0 77.58 77.22 77.22 77.125 77.22 1700.0 77.23 2404.0 12156.0 7086.0 5070.0 0.0 77.1688
12:58:00 115.0 6743.0 77.58 77.2 77.24 77.19 77.19 208.0 77.2 3700.0 6743.0 4613.0 2130.0 0.0 77.2086
12:59:00 118.0 7035.0 77.58 77.14 77.2 77.135 77.14 116.0 77.15 3505.0 7035.0 2528.0 4507.0 0.0 77.161
13:00:00 226.0 15404.0 77.58 77.13 77.175 77.13 77.13 3111.0 77.14 2092.0 15404.0 7920.0 7484.0 0.0 77.1534
13:01:00 272.0 21412.0 77.58 77.14 77.17 77.1 77.13 4200.0 77.14 1416.0 21412.0 10351.0 11061.0 0.0 77.1328
13:02:00 451.0 40659.0 77.58 77.12 77.19 77.09 77.12 2628.0 77.13 2927.0 40659.0 21597.0 19062.0 0.0 77.1498
13:03:00 159.0 10055.0 77.58 77.15 77.16 77.13 77.14 3102.0 77.15 1200.0 10055.0 5554.0 4501.0 0.0 77.1441
13:04:00 119.0 11630.0 77.58 77.215 77.22 77.15 77.21 3114.0 77.22 2800.0 11630.0 9517.0 2113.0 0.0 77.1963
13:05:00 193.0 15676.0 77.58 77.2 77.24 77.19 77.19 3830.0 77.2 900.0 15676.0 6585.0 9091.0 0.0 77.2111
13:06:00 226.0 17288.0 77.58 77.14 77.19 77.12 77.14 2375.0 77.15 3400.0 17288.0 10236.0 7052.0 0.0 77.1528
13:07:00 177.0 11153.0 77.58 77.11 77.15 77.09 77.11 2135.0 77.12 2649.0 11153.0 6056.0 5097.0 0.0 77.1103
13:08:00 127.0 7289.0 77.58 77.15 77.16 77.115 77.14 6312.0 77.15 119.0 7289.0 4269.0 3020.0 0.0 77.1341
13:09:00 104.0 7339.0 77.58 77.185 77.185 77.145 77.18 4705.0 77.19 1601.0 7339.0 3485.0 3854.0 0.0 77.1695
13:10:00 177.0 15754.0 77.58 77.21 77.22 77.18 77.2 6455.0 77.22 2641.0 15754.0 8557.0 7197.0 0.0 77.2018
13:11:00 114.0 8426.0 77.58 77.19 77.22 77.18 77.19 1700.0 77.2 3402.0 8426.0 5521.0 2905.0 0.0 77.1981
13:12:00 99.0 6036.0 77.58 77.18 77.205 77.18 77.17 5200.0 77.18 725.0 6036.0 2231.0 3805.0 0.0 77.1881
13:13:00 168.0 16428.0 77.58 77.15 77.19 77.12 77.15 388.0 77.16 4903.0 16428.0 5647.0 10781.0 0.0 77.1559
13:14:00 181.0 14967.0 77.58 77.15 77.18 77.15 77.15 2510.0 77.16 4744.0 14967.0 6293.0 8674.0 0.0 77.1687
13:15:00 128.0 11637.0 77.58 77.14 77.16 77.11 77.13 3955.0 77.14 3727.0 11637.0 5134.0 6503.0 0.0 77.1394
13:16:00 274.0 23429.0 77.58 77.13 77.14 77.11 77.13 2653.0 77.14 5394.0 23429.0 12166.0 11263.0 0.0 77.1281
13:17:00 242.0 19718.0 77.58 77.05 77.13 77.04 77.04 804.0 77.05 4501.0 19718.0 6709.0 13009.0 0.0 77.0783
13:18:00 126.0 12629.0 77.58 77.01 77.06 77.01 77.0 7389.0 77.01 3501.0 12629.0 4966.0 7663.0 0.0 77.028
13:19:00 174.0 13132.0 77.58 77.0 77.01 76.98 77.0 3645.0 77.01 3400.0 13132.0 3736.0 9396.0 0.0 76.9934
13:20:00 128.0 7920.0 77.58 77.0 77.01 76.98 76.99 4136.0 77.0 2709.0 7920.0 4945.0 2975.0 0.0 76.9992
13:21:00 87.0 5122.0 77.58 77.035 77.035 77.0 77.03 1000.0 77.04 3401.0 5122.0 3360.0 1762.0 0.0 77.0206
13:22:00 150.0 12324.0 77.58 77.05 77.05 77.01 77.05 4100.0 77.06 2901.0 12324.0 7794.0 4530.0 0.0 77.0319
13:23:00 180.0 17199.0 77.58 77.07 77.1 77.05 77.06 1947.0 77.07 3115.0 17199.0 8256.0 8943.0 0.0 77.0762
13:24:00 136.0 10142.0 77.58 77.15 77.15 77.06 77.15 2000.0 77.16 3435.0 10142.0 8000.0 2142.0 0.0 77.1107
13:25:00 346.0 27483.0 77.58 77.23 77.26 77.14 77.22 5400.0 77.23 1000.0 27483.0 15630.0 11853.0 0.0 77.2285
13:26:00 165.0 16737.0 77.58 77.17 77.23 77.17 77.17 1829.0 77.18 4404.0 16737.0 4821.0 11916.0 0.0 77.1989
13:27:00 96.0 10852.0 77.58 77.14 77.17 77.14 77.13 2930.0 77.14 791.0 10852.0 5134.0 5718.0 0.0 77.1596
13:28:00 87.0 5276.0 77.58 77.14 77.155 77.13 77.14 700.0 77.15 4738.0 5276.0 3328.0 1948.0 0.0 77.1431
13:29:00 117.0 7011.0 77.58 77.18 77.2 77.15 77.17 6300.0 77.18 100.0 7011.0 4618.0 2393.0 0.0 77.1707
13:30:00 106.0 10656.0 77.58 77.16 77.19 77.155 77.15 2808.0 77.16 700.0 10656.0 4814.0 5842.0 0.0 77.1725
13:31:00 182.0 15540.0 77.58 77.15 77.16 77.12 77.15 400.0 77.16 4502.0 15540.0 8477.0 7063.0 0.0 77.1477
13:32:00 224.0 22679.0 77.58 77.17 77.2 77.14 77.17 2350.0 77.18 3100.0 22679.0 10909.0 11770.0 0.0 77.1669
13:33:00 215.0 19889.0 77.58 77.16 77.175 77.13 77.15 8613.0 77.16 200.0 19889.0 10137.0 9752.0 0.0 77.1522
13:34:00 153.0 15745.0 77.58 77.17 77.175 77.13 77.16 3800.0 77.17 1609.0 15745.0 7292.0 8453.0 0.0 77.1506
13:35:00 245.0 26476.0 77.58 77.17 77.2 77.155 77.16 7800.0 77.17 900.0 26476.0 10240.0 16236.0 0.0 77.1715
13:36:00 123.0 8066.0 77.58 77.15 77.17 77.15 77.15 4500.0 77.16 1504.0 8066.0 4938.0 3128.0 0.0 77.1651
13:37:00 108.0 9956.0 77.58 77.16 77.16 77.12 77.15 3810.0 77.16 2103.0 9956.0 5164.0 4792.0 0.0 77.1463
13:38:00 132.0 8718.0 77.58 77.15 77.16 77.14 77.15 2200.0 77.16 4201.0 8718.0 4625.0 4093.0 0.0 77.1527
13:39:00 91.0 6470.0 77.58 77.17 77.18 77.15 77.17 2221.0 77.18 3667.0 6470.0 4116.0 2354.0 0.0 77.1686
13:40:00 208.0 19725.0 77.58 77.13 77.19 77.13 77.13 2500.0 77.14 5305.0 19725.0 9787.0 9938.0 0.0 77.166
13:41:00 204.0 17313.0 77.58 77.17 77.18 77.13 77.16 7219.0 77.17 893.0 17313.0 12540.0 4773.0 0.0 77.1647
13:42:00 155.0 12045.0 77.58 77.1 77.17 77.1 77.1 1722.0 77.11 2866.0 12045.0 4408.0 7637.0 0.0 77.1321
13:43:00 168.0 11690.0 77.58 77.11 77.14 77.09 77.11 2026.0 77.12 4300.0 11690.0 6897.0 4793.0 0.0 77.1225
13:44:00 59.0 3993.0 77.58 77.13 77.135 77.11 77.13 1705.0 77.14 3102.0 3993.0 2664.0 1329.0 0.0 77.1212
13:45:00 67.0 4043.0 77.58 77.1 77.14 77.1 77.09 5022.0 77.1 220.0 4043.0 1862.0 2181.0 0.0 77.1186
13:46:00 146.0 11044.0 77.58 77.14 77.16 77.09 77.13 7801.0 77.14 100.0 11044.0 6242.0 4802.0 0.0 77.1363
13:47:00 260.0 27603.0 77.58 77.21 77.22 77.14 77.2 3720.0 77.21 1429.0 27603.0 21662.0 5941.0 0.0 77.1838
13:48:00 104.0 7997.0 77.58 77.21 77.23 77.19 77.2 6650.0 77.21 1099.0 7997.0 4018.0 3979.0 0.0 77.2108
13:49:00 82.0 8035.0 77.58 77.2 77.22 77.19 77.2 2500.0 77.21 3900.0 8035.0 2132.0 5903.0 0.0 77.2026
13:50:00 88.0 9007.0 77.58 77.19 77.2 77.18 77.19 3800.0 77.2 3417.0 9007.0 3168.0 5839.0 0.0 77.192
13:51:00 129.0 9102.0 77.58 77.21 77.22 77.19 77.21 2337.0 77.22 3200.0 9102.0 4488.0 4614.0 0.0 77.2069
13:52:00 83.0 5107.0 77.58 77.245 77.25 77.22 77.24 3950.0 77.25 2319.0 5107.0 2366.0 2741.0 0.0 77.2303
13:53:00 176.0 14313.0 77.58 77.215 77.265 77.21 77.21 3519.0 77.22 2301.0 14313.0 9358.0 4955.0 0.0 77.2415
13:54:00 139.0 12739.0 77.58 77.22 77.22 77.19 77.22 3029.0 77.23 3126.0 12739.0 5341.0 7398.0 0.0 77.2051
13:55:00 119.0 10158.0 77.58 77.25 77.255 77.22 77.25 5678.0 77.26 3044.0 10158.0 4598.0 5560.0 0.0 77.2365
13:56:00 230.0 20884.0 77.58 77.255 77.29 77.225 77.25 3800.0 77.26 1642.0 20884.0 7961.0 12923.0 0.0 77.261
13:57:00 207.0 22090.0 77.58 77.29 77.31 77.25 77.28 2720.0 77.29 2133.0 22090.0 13069.0 9021.0 0.0 77.286
13:58:00 83.0 5501.0 77.58 77.28 77.31 77.28 77.28 1764.0 77.29 3401.0 5501.0 1837.0 3664.0 0.0 77.2955
13:59:00 137.0 12082.0 77.58 77.27 77.28 77.23 77.27 3010.0 77.28 3135.0 12082.0 4499.0 7583.0 0.0 77.2524
14:00:00 114.0 9540.0 77.58 77.25 77.28 77.24 77.24 4602.0 77.25 1906.0 9540.0 3958.0 5582.0 0.0 77.262
14:01:00 217.0 15992.0 77.58 77.23 77.265 77.23 77.23 4823.0 77.24 2420.0 15992.0 7823.0 8169.0 0.0 77.2415
14:02:00 239.0 20067.0 77.58 77.24 77.29 77.21 77.24 1200.0 77.25 4222.0 20067.0 8743.0 11324.0 0.0 77.2454
14:03:00 414.0 31873.0 77.58 77.28 77.28 77.225 77.27 6140.0 77.28 500.0 31873.0 17984.0 13889.0 0.0 77.2455
14:04:00 164.0 22471.0 77.58 77.31 77.32 77.28 77.31 599.0 77.32 5061.0 22471.0 11923.0 10548.0 0.0 77.3034
14:05:00 176.0 15463.0 77.58 77.33 77.335 77.31 77.33 2900.0 77.34 7688.0 15463.0 10820.0 4643.0 0.0 77.3185
14:06:00 264.0 28115.0 77.58 77.35 77.37 77.335 77.35 1360.0 77.36 4437.0 28115.0 15488.0 12627.0 0.0 77.3553
14:07:00 298.0 24066.0 77.58 77.31 77.37 77.305 77.3 1692.0 77.31 4776.0 24066.0 9323.0 14743.0 0.0 77.3262
14:08:00 332.0 28593.0 77.58 77.25 77.305 77.23 77.24 8708.0 77.26 4365.0 28593.0 14686.0 13907.0 0.0 77.259
14:09:00 146.0 14898.0 77.58 77.315 77.32 77.25 77.31 4248.0 77.32 2112.0 14898.0 10505.0 4393.0 0.0 77.2869
14:10:00 189.0 16106.0 77.58 77.32 77.325 77.3 77.32 3700.0 77.33 2494.0 16106.0 5624.0 10482.0 0.0 77.3105
14:11:00 178.0 18019.0 77.58 77.35 77.365 77.31 77.35 3600.0 77.36 3447.0 18019.0 9723.0 8296.0 0.0 77.3468
14:12:00 213.0 18111.0 77.58 77.315 77.37 77.315 77.31 4004.0 77.32 2631.0 18111.0 4701.0 13410.0 0.0 77.3448
14:13:00 271.0 23299.0 77.58 77.345 77.35 77.31 77.34 400.0 77.35 5248.0 23299.0 11131.0 12168.0 0.0 77.3263
14:14:00 152.0 20326.0 77.58 77.33 77.355 77.33 77.33 939.0 77.34 4979.0 20326.0 10706.0 9620.0 0.0 77.3465
14:15:00 146.0 13848.0 77.58 77.37 77.37 77.33 77.36 5582.0 77.37 2303.0 13848.0 8228.0 5620.0 0.0 77.353
14:16:00 196.0 23084.0 77.58 77.385 77.395 77.36 77.38 7063.0 77.39 1755.0 23084.0 9157.0 13927.0 0.0 77.3754
14:17:00 246.0 23776.0 77.58 77.43 77.45 77.39 77.42 6075.0 77.43 200.0 23776.0 10698.0 13078.0 0.0 77.4093
14:18:00 135.0 10245.0 77.58 77.4 77.43 77.38 77.4 740.0 77.41 5101.0 10245.0 3330.0 6915.0 0.0 77.4065
14:19:00 169.0 13246.0 77.58 77.41 77.43 77.38 77.41 3510.0 77.42 1402.0 13246.0 6922.0 6324.0 0.0 77.4075
14:20:00 94.0 7080.0 77.58 77.43 77.435 77.41 77.43 2799.0 77.44 3121.0 7080.0 3792.0 3288.0 0.0 77.4264
14:21:00 123.0 9206.0 77.58 77.43 77.46 77.42 77.42 100.0 77.43 6151.0 9206.0 3264.0 5942.0 0.0 77.443
14:22:00 174.0 13659.0 77.58 77.47 77.485 77.4 77.47 1400.0 77.48 4021.0 13659.0 6606.0 7053.0 0.0 77.4483
14:23:00 116.0 7375.0 77.58 77.45 77.48 77.45 77.45 1232.0 77.46 4800.0 7375.0 2325.0 5050.0 0.0 77.4624
14:24:00 75.0 4736.0 77.58 77.46 77.46 77.43 77.46 1002.0 77.47 5066.0 4736.0 2924.0 1812.0 0.0 77.4421
14:25:00 224.0 14719.0 77.58 77.48 77.49 77.455 77.48 3934.0 77.49 1382.0 14719.0 8012.0 6707.0 0.0 77.4748
14:26:00 385.0 34974.0 77.58 77.46 77.52 77.445 77.45 1900.0 77.46 5296.0 34974.0 17661.0 17313.0 0.0 77.4859
14:27:00 179.0 14158.0 77.58 77.47 77.485 77.42 77.47 2642.0 77.48 4703.0 14158.0 7749.0 6409.0 0.0 77.4468
14:28:00 160.0 12534.0 77.58 77.5 77.505 77.475 77.5 3604.0 77.51 2701.0 12534.0 9508.0 3026.0 0.0 77.4919
14:29:00 162.0 11016.0 77.58 77.56 77.57 77.51 77.56 2110.0 77.57 3124.0 11016.0 7937.0 3079.0 0.0 77.5477
14:30:00 123.0 9118.0 77.58 77.585 77.6 77.57 77.58 3518.0 77.59 6000.0 9118.0 3300.0 5818.0 0.0 77.5774
14:31:00 121.0 8735.0 77.58 77.565 77.585 77.54 77.56 800.0 77.57 5301.0 8735.0 2861.0 5874.0 0.0 77.5656
14:32:00 224.0 20045.0 77.58 77.63 77.645 77.57 77.63 200.0 77.64 5301.0 20045.0 11495.0 8550.0 0.0 77.6095
14:33:00 211.0 22734.0 77.58 77.62 77.64 77.6 77.61 2600.0 77.62 2100.0 22734.0 5823.0 16911.0 0.0 77.6142
14:34:00 334.0 28986.0 77.58 77.6 77.655 77.59 77.59 5382.0 77.6 1004.0 28986.0 16420.0 12566.0 0.0 77.6184
14:35:00 214.0 18108.0 77.58 77.58 77.61 77.56 77.58 2200.0 77.59 2878.0 18108.0 6827.0 11281.0 0.0 77.5862
14:36:00 255.0 23544.0 77.58 77.58 77.59 77.545 77.57 908.0 77.58 5802.0 23544.0 9415.0 14129.0 0.0 77.562
14:37:00 179.0 13513.0 77.58 77.55 77.58 77.53 77.54 2318.0 77.55 3422.0 13513.0 5900.0 7613.0 0.0 77.5514
14:38:00 171.0 14532.0 77.58 77.5 77.55 77.49 77.5 400.0 77.5 100.0 14532.0 6166.0 8366.0 0.0 77.5171
14:39:00 216.0 19052.0 77.58 77.5 77.51 77.47 77.5 1382.0 77.51 5701.0 19052.0 11670.0 7382.0 0.0 77.4913
14:40:00 290.0 28324.0 77.58 77.46 77.505 77.45 77.45 3300.0 77.46 2400.0 28324.0 8990.0 19334.0 0.0 77.4716
14:41:00 296.0 24229.0 77.58 77.45 77.46 77.42 77.44 2200.0 77.45 2631.0 24229.0 14256.0 9973.0 0.0 77.4422
14:42:00 122.0 9336.0 77.58 77.41 77.45 77.4 77.4 700.0 77.41 4501.0 9336.0 3524.0 5812.0 0.0 77.4199
14:43:00 212.0 15482.0 77.58 77.44 77.44 77.4 77.44 5315.0 77.45 2520.0 15482.0 9268.0 6214.0 0.0 77.4193
14:44:00 238.0 19914.0 77.58 77.45 77.47 77.43 77.44 5900.0 77.45 120.0 19914.0 9419.0 10495.0 0.0 77.4548
14:45:00 69.0 3905.0 77.58 77.43 77.45 77.43 77.42 3400.0 77.43 2304.0 3905.0 1063.0 2842.0 0.0 77.4333
14:46:00 79.0 7248.0 77.58 77.44 77.455 77.43 77.43 3702.0 77.44 3100.0 7248.0 2745.0 4503.0 0.0 77.4419
14:47:00 135.0 12324.0 77.58 77.44 77.48 77.43 77.44 1542.0 77.45 5598.0 12324.0 4848.0 7476.0 0.0 77.4474
14:48:00 106.0 8905.0 77.58 77.4 77.45 77.39 77.39 2600.0 77.4 3524.0 8905.0 1890.0 7015.0 0.0 77.4063
14:49:00 159.0 11836.0 77.58 77.41 77.435 77.395 77.41 2060.0 77.42 4087.0 11836.0 8550.0 3286.0 0.0 77.4137
14:50:00 170.0 15339.0 77.58 77.4 77.42 77.4 77.39 1900.0 77.4 4601.0 15339.0 4293.0 11046.0 0.0 77.4085
14:51:00 230.0 17416.0 77.58 77.44 77.45 77.38 77.43 7300.0 77.44 10.0 17416.0 10834.0 6582.0 0.0 77.3983
14:52:00 371.0 28161.0 77.58 77.47 77.48 77.41 77.47 2543.0 77.48 2858.0 28161.0 16197.0 11964.0 0.0 77.4475
14:53:00 149.0 10981.0 77.58 77.48 77.49 77.455 77.47 4200.0 77.48 726.0 10981.0 4131.0 6850.0 0.0 77.4742
14:54:00 182.0 15760.0 77.58 77.46 77.495 77.46 77.46 119.0 77.47 5704.0 15760.0 7070.0 8690.0 0.0 77.4805
14:55:00 378.0 33714.0 77.58 77.58 77.58 77.45 77.57 3110.0 77.58 1990.0 33714.0 20044.0 13670.0 0.0 77.4965
14:56:00 206.0 27507.0 77.58 77.635 77.65 77.565 77.63 2900.0 77.64 3700.0 27507.0 19527.0 7980.0 0.0 77.6136
14:57:00 134.0 10502.0 77.58 77.65 77.665 77.63 77.64 2300.0 77.65 3300.0 10502.0 5246.0 5256.0 0.0 77.6464
14:58:00 177.0 18140.0 77.58 77.6 77.65 77.58 77.6 5900.0 77.61 400.0 18140.0 7666.0 10474.0 0.0 77.6189
14:59:00 225.0 18221.0 77.58 77.655 77.67 77.58 77.65 300.0 77.66 5175.0 18221.0 9852.0 8369.0 0.0 77.6161
15:00:00 166.0 11675.0 77.58 77.65 77.66 77.63 77.65 1500.0 77.66 4547.0 11675.0 7822.0 3853.0 0.0 77.649
15:01:00 195.0 14182.0 77.58 77.64 77.68 77.635 77.64 500.0 77.65 5447.0 14182.0 7503.0 6679.0 0.0 77.659
15:02:00 195.0 15301.0 77.58 77.68 77.7 77.64 77.67 4810.0 77.68 3019.0 15301.0 7209.0 8092.0 0.0 77.6761
15:03:00 280.0 24746.0 77.58 77.68 77.71 77.67 77.68 300.0 77.69 5451.0 24746.0 10667.0 14079.0 0.0 77.6896
15:04:00 210.0 17447.0 77.58 77.63 77.68 77.63 77.63 207.0 77.64 5612.0 17447.0 6482.0 10965.0 0.0 77.6584
15:05:00 314.0 28464.0 77.58 77.53 77.64 77.52 77.52 915.0 77.53 5605.0 28464.0 12348.0 16116.0 0.0 77.5708
15:06:00 269.0 27399.0 77.58 77.55 77.59 77.525 77.54 1600.0 77.55 4724.0 27399.0 12233.0 15166.0 0.0 77.5609
15:07:00 296.0 26008.0 77.58 77.52 77.56 77.485 77.51 2217.0 77.52 3400.0 26008.0 12814.0 13194.0 0.0 77.5178
15:08:00 206.0 15075.0 77.58 77.49 77.51 77.47 77.49 200.0 77.5 5180.0 15075.0 6644.0 8431.0 0.0 77.4959
15:09:00 343.0 28950.0 77.58 77.45 77.5 77.435 77.45 100.0 77.46 4801.0 28950.0 13429.0 15521.0 0.0 77.4617
15:10:00 209.0 20939.0 77.58 77.52 77.52 77.45 77.52 404.0 77.53 6230.0 20939.0 10777.0 10162.0 0.0 77.4728
15:11:00 302.0 27905.0 77.58 77.58 77.61 77.53 77.58 3800.0 77.59 2407.0 27905.0 16374.0 11531.0 0.0 77.5804
15:12:00 299.0 25707.0 77.58 77.51 77.58 77.5 77.51 300.0 77.52 5814.0 25707.0 7197.0 18510.0 0.0 77.5361
15:13:00 235.0 21030.0 77.58 77.48 77.54 77.46 77.47 4647.0 77.48 1202.0 21030.0 6963.0 14067.0 0.0 77.501
15:14:00 204.0 18010.0 77.58 77.48 77.5 77.46 77.48 3500.0 77.49 2800.0 18010.0 11597.0 6413.0 0.0 77.4812
15:15:00 169.0 14548.0 77.58 77.5 77.52 77.46 77.5 1310.0 77.51 4831.0 14548.0 4770.0 9778.0 0.0 77.4959
15:16:00 269.0 20722.0 77.58 77.48 77.5 77.46 77.48 1481.0 77.49 6301.0 20722.0 9850.0 10872.0 0.0 77.4839
15:17:00 196.0 15492.0 77.58 77.5 77.52 77.46 77.5 5395.0 77.51 601.0 15492.0 5290.0 10202.0 0.0 77.4901
15:18:00 283.0 24440.0 77.58 77.51 77.55 77.475 77.51 4791.0 77.52 4600.0 24440.0 12343.0 12097.0 0.0 77.5082
15:19:00 118.0 8095.0 77.58 77.575 77.575 77.51 77.57 610.0 77.58 5626.0 8095.0 4453.0 3642.0 0.0 77.5423
15:20:00 407.0 37175.0 77.58 77.5 77.57 77.495 77.5 4856.0 77.51 1450.0 37175.0 14587.0 22588.0 0.0 77.5282
15:21:00 229.0 17391.0 77.58 77.5 77.52 77.47 77.49 3400.0 77.5 3101.0 17391.0 7948.0 9443.0 0.0 77.494
15:22:00 253.0 19728.0 77.58 77.48 77.53 77.48 77.48 2100.0 77.49 6001.0 19728.0 8750.0 10978.0 0.0 77.505
15:23:00 216.0 19272.0 77.58 77.43 77.48 77.425 77.43 23.0 77.43 2000.0 19272.0 5640.0 13632.0 0.0 77.4484
15:24:00 191.0 15797.0 77.58 77.4 77.43 77.385 77.4 600.0 77.41 6201.0 15797.0 7055.0 8742.0 0.0 77.4084
15:25:00 253.0 25814.0 77.58 77.4 77.43 77.39 77.4 4508.0 77.41 3300.0 25814.0 8099.0 17715.0 0.0 77.4082
15:26:00 276.0 24504.0 77.58 77.38 77.41 77.37 77.37 7130.0 77.38 1200.0 24504.0 10734.0 13770.0 0.0 77.3873
15:27:00 228.0 17780.0 77.58 77.42 77.43 77.37 77.41 1824.0 77.42 5029.0 17780.0 10405.0 7375.0 0.0 77.4042
15:28:00 265.0 21435.0 77.58 77.43 77.44 77.39 77.43 2847.0 77.44 5200.0 21435.0 11294.0 10141.0 0.0 77.4211
15:29:00 262.0 23612.0 77.58 77.42 77.45 77.415 77.41 1765.0 77.42 7681.0 23612.0 7532.0 16080.0 0.0 77.4333
15:30:00 466.0 41631.0 77.58 77.34 77.425 77.32 77.33 3991.0 77.34 3301.0 41631.0 17433.0 24198.0 0.0 77.3756
15:31:00 335.0 30377.0 77.58 77.27 77.33 77.27 77.27 1688.0 77.28 5204.0 30377.0 14163.0 16214.0 0.0 77.3018
15:32:00 481.0 45544.0 77.58 77.27 77.305 77.24 77.26 3200.0 77.27 3891.0 45544.0 24667.0 20877.0 0.0 77.2665
15:33:00 434.0 36275.0 77.58 77.16 77.28 77.155 77.16 191.0 77.17 6543.0 36275.0 13432.0 22843.0 0.0 77.214
15:34:00 320.0 25191.0 77.58 77.18 77.19 77.15 77.18 2100.0 77.19 4017.0 25191.0 13866.0 11325.0 0.0 77.1671
15:35:00 351.0 26815.0 77.58 77.19 77.22 77.17 77.18 4423.0 77.19 1901.0 26815.0 14415.0 12400.0 0.0 77.1963
15:36:00 242.0 26808.0 77.58 77.25 77.28 77.185 77.24 5214.0 77.25 1600.0 26808.0 8722.0 18086.0 0.0 77.2418
15:37:00 255.0 19511.0 77.58 77.24 77.26 77.21 77.24 6704.0 77.25 100.0 19511.0 9169.0 10342.0 0.0 77.2269
15:38:00 189.0 15072.0 77.58 77.27 77.295 77.25 77.27 4703.0 77.28 1500.0 15072.0 5954.0 9118.0 0.0 77.2686
15:39:00 263.0 25770.0 77.58 77.33 77.35 77.26 77.33 4800.0 77.34 3301.0 25770.0 13268.0 12502.0 0.0 77.3221
15:40:00 267.0 25463.0 77.58 77.31 77.34 77.29 77.31 5701.0 77.32 3001.0 25463.0 10133.0 15330.0 0.0 77.3076
15:41:00 257.0 19125.0 77.58 77.35 77.36 77.3 77.35 1435.0 77.36 4201.0 19125.0 10319.0 8806.0 0.0 77.3306
15:42:00 300.0 23028.0 77.58 77.5 77.5 77.35 77.49 3644.0 77.5 2077.0 23028.0 9728.0 13300.0 0.0 77.4483
15:43:00 377.0 27346.0 77.58 77.48 77.53 77.47 77.47 5155.0 77.48 600.0 27346.0 9808.0 17538.0 0.0 77.4994
15:44:00 214.0 14428.0 77.58 77.5 77.53 77.46 77.5 1900.0 77.51 4500.0 14428.0 6822.0 7606.0 0.0 77.4901
15:45:00 311.0 27462.0 77.58 77.51 77.53 77.47 77.51 3836.0 77.52 2700.0 27462.0 14831.0 12631.0 0.0 77.4984
15:46:00 591.0 47684.0 77.58 77.54 77.61 77.515 77.53 6000.0 77.54 3900.0 47684.0 23553.0 24131.0 0.0 77.5616
15:47:00 650.0 62955.0 77.58 77.4 77.54 77.4 77.4 100.0 77.41 9434.0 62955.0 28721.0 34234.0 0.0 77.4569
15:48:00 586.0 55555.0 77.58 77.425 77.48 77.38 77.42 2030.0 77.43 5211.0 55555.0 22630.0 32925.0 0.0 77.4167
15:49:00 560.0 53050.0 77.58 77.44 77.49 77.395 77.44 7456.0 77.45 310.0 53050.0 28413.0 24637.0 0.0 77.4374
15:50:00 420.0 31429.0 77.58 77.52 77.535 77.44 77.51 1205.0 77.52 500.0 31429.0 18223.0 13206.0 0.0 77.4887
15:51:00 1291.0 126545.0 77.58 77.48 77.51 77.36 77.47 5427.0 77.48 1128.0 126545.0 59976.0 66569.0 0.0 77.4343
15:52:00 564.0 55319.0 77.58 77.42 77.48 77.39 77.41 3726.0 77.42 5018.0 55319.0 32497.0 22822.0 0.0 77.431
15:53:00 449.0 37512.0 77.58 77.39 77.42 77.33 77.39 1400.0 77.4 6130.0 37512.0 23748.0 13764.0 0.0 77.3695
15:54:00 593.0 46511.0 77.58 77.465 77.465 77.38 77.46 4946.0 77.47 4523.0 46511.0 29721.0 16790.0 0.0 77.4161
15:55:00 965.0 110935.0 77.58 77.49 77.53 77.43 77.48 3521.0 77.49 5405.0 110935.0 56103.0 54832.0 0.0 77.4823
15:56:00 640.0 68690.0 77.58 77.53 77.57 77.475 77.53 4266.0 77.54 7881.0 68690.0 34620.0 34070.0 0.0 77.5176
15:57:00 456.0 48662.0 77.58 77.51 77.54 77.48 77.51 1724.0 77.52 9590.0 48662.0 20139.0 28523.0 0.0 77.5129
15:58:00 512.0 60078.0 77.58 77.55 77.555 77.485 77.54 11867.0 77.55 7044.0 60078.0 27816.0 32262.0 0.0 77.5256
15:59:00 906.0 112889.0 77.58 77.505 77.56 77.48 77.5 2675.0 77.51 10174.0 112889.0 50825.0 62064.0 0.0 77.5105
16:00:00 2789.0 409495.0 77.58 77.41 77.52 77.38 77.41 115418.0 77.43 100497.0 409495.0 211118.0 198377.0 0.0 77.4191
16:01:00 8.0 3303.0 77.58 77.32 77.42 77.32 77.41 115418.0 77.42 100.0 3303.0 3301.0 2.0 0.0 77.3745
16:02:00 10.0 709.0 77.58 77.37 77.47 77.37 77.41 115418.0 77.37 2500.0 709.0 709.0 0.0 0.0 77.3868
16:03:00 2.0 50.0 77.58 77.35 77.36 77.35 77.35 17110.0 77.37 2500.0 50.0 0.0 50.0 0.0 77.35
16:04:00 2.0 62.0 77.58 77.36 77.36 77.35 77.35 20586.0 77.43 102897.0 62.0 37.0 25.0 0.0 77.356
16:05:00 5.0 604.0 77.58 77.4 77.43 77.4 77.35 20586.0 77.4 897.0 604.0 602.0 2.0 0.0 77.4298
16:06:00 2.0 897.0 77.58 77.4 77.4 77.36 77.38 579.0 77.43 102590.0 897.0 897.0 0.0 0.0 77.4
16:07:00 0.0 0.0 77.58 77.4 nan nan 77.4 25.0 77.43 102590.0 nan 0.0 0.0 0.0 nan
16:08:00 4.0 2093.0 77.58 77.43 77.43 77.43 77.4 325.0 77.43 100497.0 2093.0 2093.0 0.0 0.0 77.43
16:09:00 1.0 1.0 77.58 77.45 77.45 77.45 77.42 300.0 77.43 100497.0 1.0 1.0 0.0 0.0 77.45
16:10:00 2.0 49.0 77.58 77.46 77.46 77.45 77.44 300.0 77.43 100497.0 49.0 49.0 0.0 0.0 77.45
16:11:00 2.0 300.0 77.58 77.44 77.46 77.44 77.42 350.0 77.43 100497.0 300.0 0.0 300.0 0.0 77.44
16:12:00 1.0 20.0 77.58 77.44 77.44 77.44 77.42 350.0 77.43 100497.0 20.0 20.0 0.0 0.0 77.44
16:13:00 0.0 0.0 77.58 77.44 nan nan 77.42 350.0 77.43 100497.0 nan 0.0 0.0 0.0 nan
16:14:00 0.0 0.0 77.58 77.44 nan nan 77.42 350.0 77.43 100497.0 nan 0.0 0.0 0.0 nan
16:15:00 0.0 0.0 77.58 77.44 nan nan 77.42 350.0 77.43 100497.0 nan 0.0 0.0 0.0 nan
16:16:00 1.0 1.0 77.58 77.44 77.44 77.44 77.42 350.0 77.43 100497.0 1.0 1.0 0.0 0.0 77.44
16:17:00 0.0 0.0 77.58 77.44 nan nan 77.42 350.0 77.43 100497.0 nan 0.0 0.0 0.0 nan
16:18:00 0.0 0.0 77.58 77.44 nan nan 77.42 350.0 77.43 100497.0 nan 0.0 0.0 0.0 nan
16:19:00 2.0 120.0 77.58 77.44 77.44 77.44 77.42 414.0 77.43 100497.0 120.0 120.0 0.0 0.0 77.44
16:20:00 0.0 0.0 77.58 77.44 nan nan 77.42 414.0 77.43 100497.0 nan 0.0 0.0 0.0 nan
16:21:00 8.0 454.0 77.58 77.43 77.44 77.43 77.42 415.0 77.43 102487.0 454.0 454.0 0.0 0.0 77.43
16:22:00 8.0 1993.0 77.58 77.44 77.44 77.42 77.4 600.0 77.43 100497.0 1993.0 1578.0 415.0 0.0 77.42
16:23:00 2.0 8.0 77.58 77.44 77.44 77.44 77.44 293.0 77.43 100497.0 8.0 8.0 0.0 0.0 77.44
16:24:00 1.0 25.0 77.58 77.44 77.44 77.44 77.44 269.0 77.43 100497.0 25.0 0.0 25.0 0.0 77.44
16:25:00 1.0 0.0 77.58 77.45 77.45 77.45 77.44 289.0 77.43 100497.0 nan 0.0 0.0 0.0 nan
16:26:00 4.0 173.0 77.58 77.44 77.45 77.44 77.4 622.0 77.43 100497.0 173.0 0.0 173.0 0.0 77.44
16:27:00 2.0 1077.0 77.58 77.47 77.47 77.47 77.44 267.0 77.43 100497.0 1077.0 1077.0 0.0 0.0 77.47
16:28:00 1.0 10.0 77.58 77.4 77.4 77.4 77.4 617.0 77.43 100497.0 10.0 0.0 10.0 0.0 77.4
16:29:00 1.0 1.0 77.58 77.47 77.47 77.47 77.41 300.0 77.43 100497.0 1.0 1.0 0.0 0.0 77.47
16:30:00 0.0 0.0 77.58 77.47 nan nan 77.41 301.0 77.43 100497.0 nan 0.0 0.0 0.0 nan
16:31:00 1.0 0.0 77.58 77.39 77.39 77.39 77.41 301.0 77.43 100497.0 nan 0.0 0.0 0.0 nan
16:32:00 1.0 1.0 77.58 77.41 77.41 77.41 77.41 344.0 77.43 100497.0 1.0 0.0 1.0 0.0 77.41
16:33:00 0.0 0.0 77.58 77.41 nan nan 77.42 200.0 77.43 100497.0 nan 0.0 0.0 0.0 nan
16:34:00 0.0 0.0 77.58 77.41 nan nan 77.42 200.0 77.43 100497.0 nan 0.0 0.0 0.0 nan
16:35:00 0.0 0.0 77.58 77.41 nan nan 77.42 201.0 77.43 100497.0 nan 0.0 0.0 0.0 nan
16:36:00 0.0 0.0 77.58 77.41 nan nan 77.42 201.0 77.43 100497.0 nan 0.0 0.0 0.0 nan
16:37:00 0.0 0.0 77.58 77.41 nan nan 77.43 1.0 77.43 100497.0 nan 0.0 0.0 0.0 nan
16:38:00 0.0 0.0 77.58 77.41 nan nan 77.42 138.0 77.43 100497.0 nan 0.0 0.0 0.0 nan
16:39:00 4.0 94.0 77.58 77.47 77.47 77.45 77.42 101.0 77.43 100497.0 94.0 94.0 0.0 0.0 77.4698
16:40:00 0.0 0.0 77.58 77.47 nan nan 77.43 20.0 77.43 100497.0 nan 0.0 0.0 0.0 nan
16:41:00 0.0 0.0 77.58 77.47 nan nan 77.44 1.0 77.43 100497.0 nan 0.0 0.0 0.0 nan
16:42:00 2.0 200.0 77.58 77.42 77.43 77.42 77.43 20.0 77.43 100497.0 200.0 0.0 200.0 0.0 77.425
16:43:00 2.0 2220.0 77.58 77.48 77.48 77.47 77.48 200.0 77.43 100497.0 2220.0 2220.0 0.0 0.0 77.4705
16:44:00 0.0 0.0 77.58 77.48 nan nan 77.48 200.0 77.43 100497.0 nan 0.0 0.0 0.0 nan
16:45:00 0.0 0.0 77.58 77.48 nan nan 77.49 11.0 77.43 100497.0 nan 0.0 0.0 0.0 nan
16:46:00 1.0 10.0 77.58 77.5 77.5 77.5 77.5 10.0 77.43 100497.0 10.0 10.0 0.0 0.0 77.5
16:47:00 0.0 0.0 77.58 77.5 nan nan 77.5 10.0 77.43 100497.0 nan 0.0 0.0 0.0 nan
16:48:00 0.0 0.0 77.58 77.5 nan nan 77.5 10.0 77.43 100497.0 nan 0.0 0.0 0.0 nan
16:49:00 0.0 0.0 77.58 77.5 nan nan 77.5 10.0 77.43 100497.0 nan 0.0 0.0 0.0 nan
16:50:00 6.0 400.0 77.58 77.54 77.54 77.53 77.5 10.0 77.43 100497.0 400.0 0.0 400.0 0.0 77.54
16:51:00 1.0 1.0 77.58 77.5 77.5 77.5 77.5 10.0 77.43 100497.0 1.0 0.0 1.0 0.0 77.5
16:52:00 2.0 80.0 77.58 77.53 77.53 77.53 77.5 10.0 77.43 100497.0 80.0 80.0 0.0 0.0 77.53
16:53:00 0.0 0.0 77.58 77.53 nan nan 77.5 10.0 77.43 100497.0 nan 0.0 0.0 0.0 nan
16:54:00 3.0 100.0 77.58 77.53 77.53 77.5 77.5 1.0 77.43 100497.0 100.0 86.0 14.0 0.0 77.5
16:55:00 0.0 0.0 77.58 77.53 nan nan 77.5 1.0 77.43 100497.0 nan 0.0 0.0 0.0 nan
16:56:00 3.0 367.0 77.58 77.47 77.5 77.47 77.51 1.0 77.43 100497.0 367.0 0.0 367.0 0.0 77.4701
16:57:00 3.0 502.0 77.58 77.48 77.51 77.47 77.47 14.0 77.43 100497.0 502.0 0.0 502.0 0.0 77.4701
16:58:00 1.0 1.0 77.58 77.47 77.47 77.47 77.47 13.0 77.43 100497.0 1.0 0.0 1.0 0.0 77.47
16:59:00 5.0 41.0 77.58 77.41 77.49 77.41 77.42 1.0 77.43 100497.0 41.0 1.0 40.0 0.0 77.4456
17:00:00 2.0 91.0 77.58 77.42 77.48 77.42 77.42 1.0 77.43 100497.0 91.0 91.0 0.0 0.0 77.4207
