time trade_count trade_volume trade_first trade_last trade_high trade_low bid_price bid_size ask_price ask_size hid_vol buy_vol sell_vol unsided_vol vwap
09:00:00 nan 2113.0 85.05 85.05 85.07 85.01 85.01 209.0 85.07 100.0 2113.0 1222.0 891.0 0.0 85.0434
09:01:00 36.0 917.0 85.05 85.05 85.12 85.03 85.04 200.0 85.05 749.0 917.0 304.0 613.0 0.0 85.0713
09:02:00 32.0 1275.0 85.05 85.11 85.11 85.04 85.07 15.0 85.11 293.0 1275.0 1177.0 98.0 0.0 85.0578
09:03:00 27.0 498.0 85.05 85.06 85.11 85.03 85.03 38.0 85.06 9.0 498.0 219.0 279.0 0.0 85.0826
09:04:00 55.0 14329.0 85.05 84.95 85.04 84.94 84.95 1.0 85.02 685.0 14329.0 11.0 14318.0 0.0 85.0062
09:05:00 37.0 1215.0 85.05 84.9 84.98 84.86 84.89 209.0 84.9 570.0 1215.0 565.0 650.0 0.0 84.8942
09:06:00 73.0 3890.0 85.05 84.82 84.9 84.72 84.77 200.0 84.82 96.0 3890.0 1828.0 2062.0 0.0 84.7832
09:07:00 35.0 794.0 85.05 84.74 84.83 84.73 84.72 100.0 84.74 474.0 794.0 595.0 199.0 0.0 84.7729
09:08:00 63.0 3597.0 85.05 84.82 84.83 84.72 84.75 210.0 84.83 100.0 3597.0 3293.0 304.0 0.0 84.7323
09:09:00 35.0 1942.0 85.05 84.79 84.85 84.7 84.78 300.0 84.95 535.0 1942.0 1332.0 610.0 0.0 84.7657
09:10:00 31.0 754.0 85.05 84.85 84.88 84.8 84.85 199.0 84.89 517.0 754.0 715.0 39.0 0.0 84.8202
09:11:00 46.0 1678.0 85.05 84.91 84.95 84.87 84.88 200.0 84.93 200.0 1678.0 847.0 831.0 0.0 84.8955
09:12:00 39.0 725.0 85.05 84.81 84.95 84.8 84.8 1111.0 84.82 566.0 725.0 205.0 520.0 0.0 84.8704
09:13:00 45.0 2466.0 85.05 84.84 84.86 84.8 84.85 438.0 84.9 10.0 2466.0 624.0 1842.0 0.0 84.8106
09:14:00 16.0 614.0 85.05 84.84 84.9 84.83 84.87 1.0 84.87 2.0 614.0 68.0 546.0 0.0 84.8506
09:15:00 35.0 1212.0 85.05 84.84 84.88 84.8 84.81 313.0 84.84 235.0 1212.0 45.0 1167.0 0.0 84.8349
09:16:00 52.0 1840.0 85.05 84.98 85.01 84.84 84.9 6.0 84.99 3.0 1840.0 1550.0 290.0 0.0 84.9287
09:17:00 37.0 1251.0 85.05 84.99 85.03 84.93 84.98 183.0 85.0 135.0 1251.0 316.0 935.0 0.0 84.9863
09:18:00 35.0 967.0 85.05 84.88 85.0 84.88 84.86 7.0 84.89 579.0 967.0 34.0 933.0 0.0 84.9627
09:19:00 166.0 8361.0 85.05 84.81 84.89 84.78 84.8 1200.0 84.81 199.0 8361.0 4360.0 4001.0 0.0 84.8207
09:20:00 42.0 1545.0 85.05 84.82 84.83 84.8 84.82 400.0 84.83 132.0 1545.0 827.0 718.0 0.0 84.8208
09:21:00 158.0 10553.0 85.05 84.7 84.83 84.68 84.68 38.0 84.7 446.0 10553.0 2276.0 8277.0 0.0 84.7736
09:22:00 83.0 5039.0 85.05 84.82 84.83 84.65 84.77 222.0 84.82 100.0 5039.0 3944.0 1095.0 0.0 84.778
09:23:00 33.0 1350.0 85.05 84.83 84.83 84.78 84.82 374.0 84.83 198.0 1350.0 984.0 366.0 0.0 84.8271
09:24:00 67.0 4253.0 85.05 84.79 84.85 84.79 84.8 200.0 84.83 295.0 4253.0 1270.0 2983.0 0.0 84.8225
09:25:00 22.0 647.0 85.05 84.78 84.83 84.75 84.78 523.0 84.8 866.0 647.0 385.0 262.0 0.0 84.7877
09:26:00 22.0 1034.0 85.05 84.83 84.83 84.79 84.81 3.0 84.83 100.0 1034.0 931.0 103.0 0.0 84.8067
09:27:00 65.0 2493.0 85.05 84.97 84.97 84.83 84.92 2.0 84.93 2.0 2493.0 1600.0 893.0 0.0 84.8522
09:28:00 34.0 875.0 85.05 84.99 84.99 84.92 84.92 7.0 84.99 1711.0 875.0 318.0 557.0 0.0 84.9775
09:29:00 33.0 2217.0 85.05 84.94 84.99 84.88 84.93 318.0 84.99 174.0 2217.0 1915.0 302.0 0.0 84.9853
09:30:00 63.0 4496.0 85.05 85.0 85.0 84.87 84.88 400.0 85.0 292.0 4496.0 2644.0 1852.0 0.0 84.9835
09:31:00 1522.0 81182.0 85.05 84.93 85.16 84.87 84.93 200.0 84.99 226.0 81182.0 38128.0 43054.0 0.0 84.9939
09:32:00 1404.0 80483.0 85.05 84.92 85.01 84.78 84.9 500.0 84.99 701.0 80483.0 32381.0 48102.0 0.0 84.9149
09:33:00 4592.0 842047.0 85.05 85.2 85.22 84.87 85.2 36.0 85.21 100.0 842047.0 747848.0 94199.0 0.0 85.0237
09:34:00 2608.0 174426.0 85.05 85.23 85.35 85.02 85.22 300.0 85.23 31.0 174426.0 82829.0 91597.0 0.0 85.1908
09:35:00 2274.0 154330.0 85.05 84.99 85.24 84.98 84.98 1113.0 85.0 1185.0 154330.0 58313.0 96017.0 0.0 85.085
09:36:00 3177.0 251592.0 85.05 84.52 85.06 84.52 84.51 375.0 84.52 486.0 251592.0 84915.0 166677.0 0.0 84.8061
09:37:00 3065.0 173190.0 85.05 84.56 84.59 84.29 84.56 200.0 84.57 240.0 173190.0 76281.0 96909.0 0.0 84.4364
09:38:00 2318.0 110257.0 85.05 84.53 84.6 84.49 84.53 400.0 84.54 507.0 110257.0 52743.0 57514.0 0.0 84.5342
09:39:00 2394.0 123693.0 85.05 84.53 84.69 84.48 84.52 435.0 84.53 684.0 123693.0 54629.0 69064.0 0.0 84.566
09:40:00 2674.0 131139.0 85.05 84.53 84.62 84.485 84.53 743.0 84.55 1256.0 131139.0 68018.0 63121.0 0.0 84.5251
09:41:00 1923.0 136082.0 85.05 84.66 84.78 84.53 84.66 420.0 84.67 200.0 136082.0 81156.0 54926.0 0.0 84.6529
09:42:00 3802.0 237516.0 85.05 84.09 84.69 84.01 84.08 100.0 84.09 1000.0 237516.0 75928.0 161588.0 0.0 84.3415
09:43:00 1978.0 177562.0 85.05 84.04 84.1 83.92 84.03 851.0 84.04 320.0 177562.0 62753.0 114809.0 0.0 84.0119
09:44:00 1701.0 124735.0 85.05 84.09 84.135 83.95 84.08 763.0 84.09 300.0 124735.0 59851.0 64884.0 0.0 84.0429
09:45:00 2161.0 153711.0 85.05 84.19 84.295 83.9 84.18 700.0 84.19 458.0 153711.0 74986.0 78725.0 0.0 84.111
09:46:00 2131.0 141385.0 85.05 84.5 84.515 84.17 84.49 1645.0 84.5 100.0 141385.0 70919.0 70466.0 0.0 84.3506
09:47:00 1945.0 139860.0 85.05 84.76 84.79 84.44 84.76 101.0 84.77 864.0 139860.0 62023.0 77837.0 0.0 84.6055
09:48:00 2125.0 146353.0 85.05 84.59 84.88 84.59 84.6 500.0 84.61 131.0 146353.0 70835.0 75518.0 0.0 84.7487
09:49:00 1469.0 95824.0 85.05 84.44 84.61 84.4 84.44 500.0 84.45 1008.0 95824.0 38478.0 57346.0 0.0 84.5101
09:50:00 1126.0 87032.0 85.05 84.28 84.44 84.18 84.27 213.0 84.28 454.0 87032.0 31944.0 55088.0 0.0 84.2698
09:51:00 1133.0 76349.0 85.05 84.26 84.4 84.26 84.26 400.0 84.27 1943.0 76349.0 37983.0 38366.0 0.0 84.33
09:52:00 1225.0 102309.0 85.05 84.54 84.59 84.2 84.53 666.0 84.55 1181.0 102309.0 59102.0 43207.0 0.0 84.388
09:53:00 1147.0 76318.0 85.05 84.69 84.72 84.44 84.68 448.0 84.69 400.0 76318.0 34232.0 42086.0 0.0 84.5826
09:54:00 1730.0 134600.0 85.05 85.02 85.06 84.64 85.01 1185.0 85.02 306.0 134600.0 93494.0 41106.0 0.0 84.8753
09:55:00 2269.0 169371.0 85.05 85.23 85.25 84.85 85.22 1275.0 85.23 301.0 169371.0 94243.0 75128.0 0.0 85.0916
09:56:00 2194.0 161374.0 85.05 85.53 85.57 85.19 85.53 51.0 85.54 961.0 161374.0 96952.0 64422.0 0.0 85.3989
09:57:00 2211.0 127690.0 85.05 85.74 85.77 85.48 85.73 1681.0 85.75 768.0 127690.0 69782.0 57908.0 0.0 85.6128
09:58:00 1273.0 87321.0 85.05 85.69 85.79 85.56 85.69 235.0 85.7 3629.0 87321.0 41290.0 46031.0 0.0 85.6581
09:59:00 1401.0 100510.0 85.05 85.73 85.83 85.585 85.73 743.0 85.74 200.0 100510.0 59294.0 41216.0 0.0 85.7112
10:00:00 1049.0 81319.0 85.05 85.52 85.76 85.49 85.52 318.0 85.53 570.0 81319.0 32249.0 49070.0 0.0 85.6228
10:01:00 1088.0 79932.0 85.05 85.49 85.53 85.35 85.48 2650.0 85.49 100.0 79932.0 41449.0 38483.0 0.0 85.4417
10:02:00 846.0 73597.0 85.05 85.78 85.83 85.49 85.77 1400.0 85.78 200.0 73597.0 43519.0 30078.0 0.0 85.6517
10:03:00 1069.0 82787.0 85.05 85.95 85.97 85.71 85.95 1518.0 85.96 300.0 82787.0 50176.0 32611.0 0.0 85.85
10:04:00 805.0 68409.0 85.05 85.99 86.0 85.86 85.98 2766.0 85.99 352.0 68409.0 31544.0 36865.0 0.0 85.9242
10:05:00 1794.0 218646.0 85.05 86.04 86.05 85.905 86.04 1882.0 86.05 718.0 218646.0 185480.0 33166.0 0.0 85.9913
10:06:00 1374.0 84839.0 85.05 86.0 86.09 85.94 86.0 246.0 86.01 1910.0 84839.0 25857.0 58982.0 0.0 86.0153
10:07:00 982.0 81765.0 85.05 86.22 86.25 86.0 86.22 1000.0 86.23 300.0 81765.0 49789.0 31976.0 0.0 86.1483
10:08:00 1153.0 86369.0 85.05 86.26 86.29 86.11 86.25 1249.0 86.26 200.0 86369.0 49747.0 36622.0 0.0 86.2251
10:09:00 1004.0 81046.0 85.05 86.23 86.34 86.18 86.23 1300.0 86.24 1000.0 81046.0 43500.0 37546.0 0.0 86.2669
10:10:00 1249.0 92101.0 85.05 86.13 86.31 86.1 86.13 200.0 86.14 4146.0 92101.0 39384.0 52717.0 0.0 86.1967
10:11:00 847.0 60066.0 85.05 86.23 86.23 86.09 86.23 1519.0 86.24 201.0 60066.0 31180.0 28886.0 0.0 86.1331
10:12:00 1273.0 93187.0 85.05 86.11 86.23 86.09 86.11 408.0 86.12 1068.0 93187.0 46155.0 47032.0 0.0 86.1644
10:13:00 1033.0 71995.0 85.05 86.06 86.18 86.03 86.05 1201.0 86.06 700.0 71995.0 32401.0 39594.0 0.0 86.109
10:14:00 749.0 46470.0 85.05 86.19 86.225 86.05 86.18 1600.0 86.19 698.0 46470.0 24136.0 22334.0 0.0 86.137
10:15:00 1150.0 90272.0 85.05 86.14 86.21 86.04 86.14 1600.0 86.15 1200.0 90272.0 39474.0 50798.0 0.0 86.1238
10:16:00 1153.0 81068.0 85.05 86.395 86.42 86.12 86.39 1400.0 86.4 803.0 81068.0 44802.0 36266.0 0.0 86.2386
10:17:00 937.0 81809.0 85.05 86.29 86.4 86.215 86.29 1.0 86.3 1701.0 81809.0 28391.0 53418.0 0.0 86.2922
10:18:00 858.0 74451.0 85.05 86.22 86.31 86.21 86.23 100.0 86.24 1890.0 74451.0 27606.0 46845.0 0.0 86.2689
10:19:00 1043.0 93770.0 85.05 86.37 86.38 86.08 86.38 1000.0 86.39 1334.0 93770.0 41018.0 52752.0 0.0 86.2075
10:20:00 633.0 50633.0 85.05 86.25 86.38 86.22 86.25 103.0 86.26 1401.0 50633.0 22911.0 27722.0 0.0 86.2782
10:21:00 865.0 78821.0 85.05 86.395 86.395 86.19 86.39 1600.0 86.4 3076.0 78821.0 32551.0 46270.0 0.0 86.2756
10:22:00 1080.0 101374.0 85.05 86.49 86.52 86.35 86.49 200.0 86.5 2401.0 101374.0 68792.0 32582.0 0.0 86.4528
10:23:00 1162.0 90774.0 85.05 86.63 86.65 86.395 86.63 1576.0 86.64 100.0 90774.0 60198.0 30576.0 0.0 86.5253
10:24:00 1131.0 138806.0 85.05 86.6 86.73 86.49 86.59 1400.0 86.6 101.0 138806.0 60852.0 77954.0 0.0 86.6098
10:25:00 914.0 69973.0 85.05 86.67 86.67 86.5 86.66 1785.0 86.67 164.0 69973.0 31084.0 38889.0 0.0 86.5944
10:26:00 1086.0 83804.0 85.05 86.86 86.88 86.66 86.85 1702.0 86.87 1800.0 83804.0 48513.0 35291.0 0.0 86.7698
10:27:00 1200.0 98021.0 85.05 86.88 86.91 86.74 86.88 100.0 86.89 1815.0 98021.0 61897.0 36124.0 0.0 86.8552
10:28:00 1101.0 73814.0 85.05 86.75 86.89 86.74 86.75 8.0 86.76 1600.0 73814.0 32618.0 41196.0 0.0 86.7948
10:29:00 864.0 59888.0 85.05 86.645 86.78 86.645 86.64 420.0 86.65 1300.0 59888.0 19655.0 40233.0 0.0 86.725
10:30:00 628.0 43794.0 85.05 86.6 86.66 86.51 86.6 1100.0 86.61 200.0 43794.0 12273.0 31521.0 0.0 86.5939
10:31:00 965.0 67632.0 85.05 86.82 86.84 86.605 86.8 300.0 86.81 1476.0 67632.0 27959.0 39673.0 0.0 86.7395
10:32:00 630.0 48762.0 85.05 86.795 86.83 86.74 86.79 427.0 86.8 2102.0 48762.0 21271.0 27491.0 0.0 86.7826
10:33:00 797.0 57596.0 85.05 86.68 86.86 86.63 86.68 621.0 86.69 1605.0 57596.0 30221.0 27375.0 0.0 86.7534
10:34:00 856.0 70223.0 85.05 86.37 86.7 86.37 86.37 1431.0 86.38 200.0 70223.0 23143.0 47080.0 0.0 86.5434
10:35:00 902.0 61655.0 85.05 86.31 86.38 86.18 86.31 820.0 86.32 2600.0 61655.0 32644.0 29011.0 0.0 86.2643
10:36:00 1078.0 83339.0 85.05 86.35 86.36 86.215 86.34 2902.0 86.36 1119.0 83339.0 39330.0 44009.0 0.0 86.2803
10:37:00 793.0 67503.0 85.05 86.36 86.49 86.28 86.36 104.0 86.37 1900.0 67503.0 26203.0 41300.0 0.0 86.3815
10:38:00 784.0 68089.0 85.05 86.69 86.72 86.32 86.68 2206.0 86.69 1708.0 68089.0 31594.0 36495.0 0.0 86.6125
10:39:00 705.0 58356.0 85.05 86.78 86.84 86.66 86.77 200.0 86.78 2600.0 58356.0 22801.0 35555.0 0.0 86.7454
10:40:00 853.0 76375.0 85.05 86.89 86.93 86.78 86.88 2190.0 86.89 163.0 76375.0 36239.0 40136.0 0.0 86.8686
10:41:00 1738.0 235303.0 85.05 87.04 87.04 86.84 87.03 2103.0 87.05 1077.0 235303.0 201993.0 33310.0 0.0 86.9806
10:42:00 816.0 80074.0 85.05 86.88 87.1 86.88 86.87 2.0 86.88 3446.0 80074.0 32792.0 47282.0 0.0 86.9959
10:43:00 1094.0 89538.0 85.05 86.8 86.92 86.735 86.79 2570.0 86.8 242.0 89538.0 37884.0 51654.0 0.0 86.8406
10:44:00 578.0 51808.0 85.05 86.49 86.82 86.49 86.49 200.0 86.5 600.0 51808.0 13994.0 37814.0 0.0 86.6242
10:45:00 527.0 39232.0 85.05 86.64 86.65 86.46 86.63 601.0 86.64 200.0 39232.0 18894.0 20338.0 0.0 86.5378
10:46:00 700.0 52168.0 85.05 86.65 86.715 86.6 86.64 200.0 86.65 2861.0 52168.0 30372.0 21796.0 0.0 86.6446
10:47:00 689.0 47362.0 85.05 86.36 86.66 86.32 86.35 350.0 86.36 2412.0 47362.0 22978.0 24384.0 0.0 86.5019
10:48:00 610.0 44110.0 85.05 86.45 86.46 86.33 86.45 2699.0 86.46 619.0 44110.0 22624.0 21486.0 0.0 86.3953
10:49:00 676.0 53622.0 85.05 86.42 86.54 86.38 86.41 1921.0 86.43 3060.0 53622.0 24045.0 29577.0 0.0 86.4465
10:50:00 783.0 115794.0 85.05 86.28 86.43 86.22 86.27 1500.0 86.29 4129.0 115794.0 27251.0 88543.0 0.0 86.3115
10:51:00 679.0 45730.0 85.05 86.19 86.29 86.11 86.18 2200.0 86.2 1803.0 45730.0 21012.0 24718.0 0.0 86.1751
10:52:00 1060.0 81017.0 85.05 86.18 86.21 86.06 86.18 1500.0 86.19 428.0 81017.0 50675.0 30342.0 0.0 86.1463
10:53:00 572.0 52396.0 85.05 86.22 86.24 86.14 86.2 2700.0 86.22 800.0 52396.0 17786.0 34610.0 0.0 86.1951
10:54:00 587.0 38994.0 85.05 86.22 86.29 86.2 86.21 1621.0 86.23 1732.0 38994.0 21119.0 17875.0 0.0 86.2525
10:55:00 458.0 32164.0 85.05 86.25 86.29 86.2 86.25 1900.0 86.27 2074.0 32164.0 14198.0 17966.0 0.0 86.2414
10:56:00 821.0 64439.0 85.05 86.04 86.27 86.02 86.03 1500.0 86.04 600.0 64439.0 25114.0 39325.0 0.0 86.1273
10:57:00 931.0 65109.0 85.05 85.87 86.06 85.86 85.87 700.0 85.88 3100.0 65109.0 21956.0 43153.0 0.0 85.9601
10:58:00 601.0 51292.0 85.05 85.83 85.98 85.81 85.82 2201.0 85.83 53.0 51292.0 27916.0 23376.0 0.0 85.908
10:59:00 716.0 47340.0 85.05 85.93 86.0 85.83 85.91 2900.0 85.93 1589.0 47340.0 24073.0 23267.0 0.0 85.9297
11:00:00 551.0 35576.0 85.05 85.83 85.97 85.82 85.82 2151.0 85.84 2215.0 35576.0 15064.0 20512.0 0.0 85.897
11:01:00 658.0 54632.0 85.05 85.8 85.84 85.66 85.8 2200.0 85.82 2000.0 54632.0 28143.0 26489.0 0.0 85.7699
11:02:00 660.0 50984.0 85.05 85.8 85.83 85.68 85.8 1300.0 85.81 350.0 50984.0 23551.0 27433.0 0.0 85.7561
11:03:00 693.0 48663.0 85.05 85.94 85.96 85.8 85.94 200.0 85.95 1452.0 48663.0 23519.0 25144.0 0.0 85.8849
11:04:00 982.0 79854.0 85.05 85.83 85.95 85.77 85.83 2200.0 85.85 1900.0 79854.0 44410.0 35444.0 0.0 85.8319
11:05:00 712.0 51979.0 85.05 85.88 85.89 85.8 85.87 1426.0 85.88 442.0 51979.0 18490.0 33489.0 0.0 85.847
11:06:00 742.0 51348.0 85.05 85.85 85.91 85.81 85.85 603.0 85.86 2300.0 51348.0 19480.0 31868.0 0.0 85.8536
11:07:00 993.0 78842.0 85.05 85.77 85.87 85.71 85.77 208.0 85.78 1900.0 78842.0 28594.0 50248.0 0.0 85.7887
11:08:00 852.0 59814.0 85.05 85.75 85.78 85.5 85.74 3696.0 85.76 1410.0 59814.0 29805.0 30009.0 0.0 85.6385
11:09:00 723.0 48094.0 85.05 85.85 85.87 85.72 85.85 127.0 85.86 3100.0 48094.0 21193.0 26901.0 0.0 85.7879
11:10:00 559.0 34924.0 85.05 85.89 85.92 85.81 85.88 1713.0 85.89 401.0 34924.0 16431.0 18493.0 0.0 85.8508
11:11:00 497.0 39051.0 85.05 85.795 85.885 85.78 85.79 510.0 85.8 1401.0 39051.0 12205.0 26846.0 0.0 85.8386
11:12:00 741.0 51299.0 85.05 85.72 85.8 85.65 85.71 2200.0 85.72 400.0 51299.0 24762.0 26537.0 0.0 85.7273
11:13:00 562.0 43371.0 85.05 85.62 85.78 85.62 85.61 794.0 85.62 1600.0 43371.0 18591.0 24780.0 0.0 85.7134
11:14:00 798.0 65416.0 85.05 85.49 85.74 85.485 85.49 100.0 85.5 3368.0 65416.0 25254.0 40162.0 0.0 85.6088
11:15:00 662.0 55413.0 85.05 85.58 85.58 85.46 85.55 200.0 85.56 1500.0 55413.0 24457.0 30956.0 0.0 85.522
11:16:00 460.0 32934.0 85.05 85.64 85.69 85.54 85.63 100.0 85.64 2307.0 32934.0 17967.0 14967.0 0.0 85.6262
11:17:00 378.0 27061.0 85.05 85.715 85.74 85.64 85.71 100.0 85.72 2300.0 27061.0 14069.0 12992.0 0.0 85.6799
11:18:00 663.0 52432.0 85.05 85.66 85.78 85.64 85.65 105.0 85.66 2600.0 52432.0 28761.0 23671.0 0.0 85.7103
11:19:00 610.0 47388.0 85.05 85.63 85.65 85.54 85.62 2002.0 85.63 800.0 47388.0 20689.0 26699.0 0.0 85.5924
11:20:00 652.0 52558.0 85.05 85.43 85.63 85.39 85.43 1723.0 85.44 1853.0 52558.0 20039.0 32519.0 0.0 85.5177
11:21:00 641.0 51562.0 85.05 85.6 85.61 85.42 85.6 2072.0 85.61 504.0 51562.0 31281.0 20281.0 0.0 85.5193
11:22:00 658.0 57938.0 85.05 85.55 85.605 85.52 85.56 900.0 85.57 1229.0 57938.0 19373.0 38565.0 0.0 85.5558
11:23:00 635.0 57192.0 85.05 85.8 85.83 85.54 85.79 1000.0 85.8 1412.0 57192.0 23590.0 33602.0 0.0 85.7441
11:24:00 393.0 31210.0 85.05 85.74 85.79 85.69 85.74 400.0 85.75 1368.0 31210.0 10691.0 20519.0 0.0 85.7392
11:25:00 515.0 46372.0 85.05 85.64 85.75 85.64 85.63 1000.0 85.64 848.0 46372.0 21427.0 24945.0 0.0 85.7126
11:26:00 424.0 32288.0 85.05 85.76 85.78 85.63 85.76 1900.0 85.78 2959.0 32288.0 17082.0 15206.0 0.0 85.707
11:27:00 463.0 41550.0 85.05 85.87 85.91 85.74 85.87 1602.0 85.88 448.0 41550.0 16873.0 24677.0 0.0 85.8168
11:28:00 779.0 61294.0 85.05 85.9 85.92 85.84 85.89 829.0 85.9 1824.0 61294.0 25828.0 35466.0 0.0 85.8776
11:29:00 714.0 60840.0 85.05 85.96 85.98 85.87 85.95 471.0 85.96 2148.0 60840.0 24511.0 36329.0 0.0 85.9121
11:30:00 917.0 68586.0 85.05 86.02 86.03 85.94 86.02 2000.0 86.03 1501.0 68586.0 33012.0 35574.0 0.0 85.9733
11:31:00 1017.0 78929.0 85.05 86.08 86.13 85.99 86.07 200.0 86.08 4333.0 78929.0 29325.0 49604.0 0.0 86.0462
11:32:00 1298.0 97129.0 85.05 86.01 86.07 85.94 86.01 787.0 86.02 2418.0 97129.0 43573.0 53556.0 0.0 85.9882
11:33:00 896.0 57584.0 85.05 86.18 86.185 86.0 86.18 2032.0 86.19 1130.0 57584.0 19186.0 38398.0 0.0 86.0778
11:34:00 1060.0 79066.0 85.05 86.27 86.27 86.16 86.27 607.0 86.27 8.0 79066.0 36221.0 42845.0 0.0 86.2081
11:35:00 1089.0 78457.0 85.05 86.21 86.37 86.2 86.2 213.0 86.21 1814.0 78457.0 29973.0 48484.0 0.0 86.3037
11:36:00 465.0 32975.0 85.05 86.07 86.21 86.05 86.07 100.0 86.08 2063.0 32975.0 11113.0 21862.0 0.0 86.1385
11:37:00 511.0 43601.0 85.05 86.03 86.17 86.03 86.03 348.0 86.04 1600.0 43601.0 17980.0 25621.0 0.0 86.1052
11:38:00 928.0 92150.0 85.05 85.81 86.065 85.81 85.8 2544.0 85.81 500.0 92150.0 35984.0 56166.0 0.0 85.994
11:39:00 799.0 68921.0 85.05 85.97 85.97 85.79 85.96 2006.0 85.97 1232.0 68921.0 39613.0 29308.0 0.0 85.8848
11:40:00 444.0 41347.0 85.05 86.02 86.06 85.96 86.03 1440.0 86.04 1204.0 41347.0 18776.0 22571.0 0.0 86.0187
11:41:00 867.0 69075.0 85.05 86.05 86.12 85.9 86.03 2400.0 86.04 400.0 69075.0 36182.0 32893.0 0.0 86.0022
11:42:00 541.0 41668.0 85.05 86.17 86.19 86.03 86.16 2900.0 86.18 1437.0 41668.0 14650.0 27018.0 0.0 86.139
11:43:00 742.0 55670.0 85.05 86.035 86.18 85.94 86.03 1800.0 86.04 300.0 55670.0 18678.0 36992.0 0.0 86.0625
11:44:00 426.0 31441.0 85.05 86.08 86.14 86.005 86.07 1100.0 86.08 400.0 31441.0 8795.0 22646.0 0.0 86.0614
11:45:00 486.0 39845.0 85.05 85.89 86.12 85.88 85.88 1200.0 85.89 600.0 39845.0 11328.0 28517.0 0.0 86.0124
11:46:00 1160.0 92382.0 85.05 86.11 86.12 85.83 86.1 1173.0 86.12 1187.0 92382.0 46405.0 45977.0 0.0 85.9524
11:47:00 719.0 56057.0 85.05 86.06 86.1 86.02 86.07 500.0 86.08 2615.0 56057.0 20520.0 35537.0 0.0 86.0618
11:48:00 668.0 59480.0 85.05 86.015 86.08 85.96 86.01 1103.0 86.02 1600.0 59480.0 29213.0 30267.0 0.0 86.013
11:49:00 681.0 53959.0 85.05 86.11 86.135 85.96 86.11 609.0 86.12 1999.0 53959.0 32313.0 21646.0 0.0 86.0599
11:50:00 881.0 74330.0 85.05 86.15 86.245 86.1 86.15 703.0 86.16 2500.0 74330.0 30241.0 44089.0 0.0 86.1779
11:51:00 567.0 42058.0 85.05 86.07 86.15 86.0 86.07 2693.0 86.08 148.0 42058.0 14720.0 27338.0 0.0 86.068
11:52:00 774.0 60166.0 85.05 86.01 86.09 85.99 86.0 500.0 86.01 2631.0 60166.0 30472.0 29694.0 0.0 86.0266
11:53:00 884.0 72556.0 85.05 85.99 86.06 85.95 85.98 1107.0 85.99 1341.0 72556.0 26406.0 46150.0 0.0 85.9978
11:54:00 1125.0 88703.0 85.05 85.94 85.98 85.7 85.93 800.0 85.94 1552.0 88703.0 43071.0 45632.0 0.0 85.8302
11:55:00 612.0 49173.0 85.05 85.93 85.95 85.87 85.92 3105.0 85.93 100.0 49173.0 15936.0 33237.0 0.0 85.9145
11:56:00 622.0 55490.0 85.05 86.03 86.035 85.89 86.03 1881.0 86.04 551.0 55490.0 26021.0 29469.0 0.0 85.967
11:57:00 622.0 52245.0 85.05 86.09 86.145 86.01 86.08 1200.0 86.09 1600.0 52245.0 19515.0 32730.0 0.0 86.0707
11:58:00 545.0 42807.0 85.05 85.87 86.08 85.86 85.85 1549.0 85.86 900.0 42807.0 16294.0 26513.0 0.0 85.978
11:59:00 377.0 28420.0 85.05 85.9 85.925 85.82 85.9 800.0 85.91 1600.0 28420.0 15561.0 12859.0 0.0 85.8693
12:00:00 573.0 46157.0 85.05 86.1 86.105 85.9 86.09 100.0 86.1 1508.0 46157.0 24815.0 21342.0 0.0 86.0285
12:01:00 505.0 37879.0 85.05 86.08 86.09 86.0 86.08 900.0 86.09 2102.0 37879.0 18539.0 19340.0 0.0 86.0343
12:02:00 475.0 32824.0 85.05 86.12 86.12 86.01 86.11 400.0 86.12 2055.0 32824.0 15857.0 16967.0 0.0 86.0596
12:03:00 887.0 66821.0 85.05 86.03 86.24 86.01 86.03 800.0 86.04 372.0 66821.0 33771.0 33050.0 0.0 86.1469
12:04:00 617.0 46790.0 85.05 86.02 86.07 85.98 86.01 623.0 86.02 2274.0 46790.0 21183.0 25607.0 0.0 86.0248
12:05:00 623.0 46269.0 85.05 85.725 86.015 85.725 85.72 2784.0 85.73 1033.0 46269.0 18489.0 27780.0 0.0 85.8395
12:06:00 590.0 42728.0 85.05 85.74 85.79 85.71 85.74 2300.0 85.75 505.0 42728.0 23292.0 19436.0 0.0 85.7439
12:07:00 337.0 24642.0 85.05 85.83 85.84 85.74 85.82 1914.0 85.83 1100.0 24642.0 11960.0 12682.0 0.0 85.8095
12:08:00 847.0 63943.0 85.05 85.65 85.83 85.64 85.65 3699.0 85.66 1000.0 63943.0 22819.0 41124.0 0.0 85.6965
12:09:00 536.0 35035.0 85.05 85.88 85.88 85.65 85.87 755.0 85.88 1320.0 35035.0 15125.0 19910.0 0.0 85.7719
12:10:00 369.0 23657.0 85.05 85.84 85.9 85.781 85.83 203.0 85.84 800.0 23657.0 11945.0 11712.0 0.0 85.8461
12:11:00 407.0 30820.0 85.05 85.83 85.88 85.77 85.83 200.0 85.84 1700.0 30820.0 15264.0 15556.0 0.0 85.8255
12:12:00 464.0 40314.0 85.05 85.58 85.86 85.55 85.58 1731.0 85.59 400.0 40314.0 14244.0 26070.0 0.0 85.6633
12:13:00 802.0 65029.0 85.05 85.59 85.65 85.51 85.59 700.0 85.6 705.0 65029.0 28320.0 36709.0 0.0 85.5771
12:14:00 434.0 33303.0 85.05 85.74 85.76 85.56 85.73 2006.0 85.74 290.0 33303.0 19140.0 14163.0 0.0 85.672
12:15:00 805.0 72511.0 85.05 85.6 85.81 85.6 85.59 2460.0 85.6 500.0 72511.0 29759.0 42752.0 0.0 85.7007
12:16:00 345.0 24920.0 85.05 85.67 85.7 85.59 85.67 2801.0 85.68 1.0 24920.0 12423.0 12497.0 0.0 85.6576
12:17:00 417.0 33421.0 85.05 85.55 85.67 85.53 85.54 3000.0 85.55 71.0 33421.0 15706.0 17715.0 0.0 85.5748
12:18:00 455.0 35563.0 85.05 85.48 85.54 85.45 85.47 1632.0 85.48 900.0 35563.0 10437.0 25126.0 0.0 85.4917
12:19:00 526.0 41009.0 85.05 85.48 85.51 85.4 85.47 1100.0 85.48 300.0 41009.0 19154.0 21855.0 0.0 85.4605
12:20:00 789.0 71617.0 85.05 85.24 85.5 85.24 85.24 2100.0 85.25 800.0 71617.0 27731.0 43886.0 0.0 85.3695
12:21:00 782.0 63950.0 85.05 85.16 85.34 85.15 85.16 300.0 85.17 1700.0 63950.0 29642.0 34308.0 0.0 85.2742
12:22:00 894.0 89885.0 85.05 85.08 85.17 85.06 85.08 3200.0 85.09 182.0 89885.0 36275.0 53610.0 0.0 85.1092
12:23:00 1090.0 92460.0 85.05 85.05 85.12 84.99 85.04 2100.0 85.05 36.0 92460.0 40234.0 52226.0 0.0 85.0339
12:24:00 753.0 94210.0 85.05 85.11 85.12 85.01 85.1 1700.0 85.11 1538.0 94210.0 27129.0 67081.0 0.0 85.0454
12:25:00 602.0 48047.0 85.05 85.21 85.25 85.11 85.21 1700.0 85.23 2500.0 48047.0 20463.0 27584.0 0.0 85.191
12:26:00 427.0 32924.0 85.05 85.19 85.28 85.18 85.18 1805.0 85.2 3304.0 32924.0 14435.0 18489.0 0.0 85.2363
12:27:00 818.0 77978.0 85.05 85.16 85.26 85.06 85.16 200.0 85.17 1972.0 77978.0 36188.0 41790.0 0.0 85.1454
12:28:00 638.0 60850.0 85.05 85.3 85.34 85.06 85.29 2400.0 85.31 2104.0 60850.0 29246.0 31604.0 0.0 85.2427
12:29:00 439.0 38977.0 85.05 85.355 85.42 85.3 85.34 2100.0 85.35 237.0 38977.0 18553.0 20424.0 0.0 85.373
12:30:00 401.0 33160.0 85.05 85.39 85.4 85.3 85.39 1126.0 85.4 500.0 33160.0 17312.0 15848.0 0.0 85.3586
12:31:00 372.0 31319.0 85.05 85.49 85.51 85.35 85.48 2023.0 85.49 100.0 31319.0 13480.0 17839.0 0.0 85.4268
12:32:00 517.0 41728.0 85.05 85.53 85.58 85.45 85.52 288.0 85.53 2100.0 41728.0 14599.0 27129.0 0.0 85.5191
12:33:00 930.0 71218.0 85.05 85.34 85.57 85.3 85.33 2400.0 85.35 2000.0 71218.0 29249.0 41969.0 0.0 85.4184
12:34:00 396.0 24258.0 85.05 85.45 85.46 85.3 85.45 2900.0 85.46 100.0 24258.0 12152.0 12106.0 0.0 85.3503
12:35:00 476.0 42721.0 85.05 85.43 85.505 85.41 85.43 100.0 85.44 1800.0 42721.0 21789.0 20932.0 0.0 85.4676
12:36:00 231.0 21753.0 85.05 85.48 85.48 85.39 85.47 1900.0 85.48 804.0 21753.0 6594.0 15159.0 0.0 85.4254
12:37:00 270.0 21878.0 85.05 85.41 85.47 85.41 85.41 900.0 85.42 1200.0 21878.0 6891.0 14987.0 0.0 85.444
12:38:00 725.0 58913.0 85.05 85.5 85.5 85.4 85.49 1230.0 85.5 1059.0 58913.0 37572.0 21341.0 0.0 85.4615
12:39:00 773.0 62574.0 85.05 85.53 85.55 85.33 85.52 2500.0 85.53 227.0 62574.0 28214.0 34360.0 0.0 85.4643
12:40:00 378.0 21063.0 85.05 85.56 85.57 85.5 85.56 932.0 85.57 1904.0 21063.0 9475.0 11588.0 0.0 85.539
12:41:00 567.0 41157.0 85.05 85.325 85.57 85.325 85.32 1782.0 85.33 753.0 41157.0 15762.0 25395.0 0.0 85.483
12:42:00 514.0 42535.0 85.05 85.26 85.38 85.21 85.25 2161.0 85.26 222.0 42535.0 25070.0 17465.0 0.0 85.2806
12:43:00 469.0 32766.0 85.05 85.48 85.5 85.25 85.47 923.0 85.48 925.0 32766.0 11037.0 21729.0 0.0 85.4295
12:44:00 310.0 19893.0 85.05 85.41 85.49 85.38 85.41 200.0 85.42 2913.0 19893.0 8644.0 11249.0 0.0 85.4252
12:45:00 318.0 21129.0 85.05 85.46 85.48 85.41 85.46 27.0 85.46 1100.0 21129.0 9242.0 11887.0 0.0 85.4517
12:46:00 597.0 42090.0 85.05 85.46 85.55 85.43 85.45 1631.0 85.46 100.0 42090.0 19570.0 22520.0 0.0 85.4873
12:47:00 153.0 10859.0 85.05 85.51 85.54 85.41 85.51 276.0 85.52 3725.0 10859.0 6107.0 4752.0 0.0 85.4878
12:48:00 346.0 25827.0 85.05 85.45 85.55 85.45 85.44 800.0 85.45 1400.0 25827.0 9483.0 16344.0 0.0 85.4985
12:49:00 264.0 18767.0 85.05 85.4 85.47 85.35 85.39 802.0 85.4 2188.0 18767.0 7481.0 11286.0 0.0 85.4076
12:50:00 695.0 57068.0 85.05 85.5 85.55 85.4 85.5 100.0 85.51 2591.0 57068.0 34951.0 22117.0 0.0 85.5243
12:51:00 1237.0 102532.0 85.05 85.46 85.615 85.45 85.46 2300.0 85.47 432.0 102532.0 43619.0 58913.0 0.0 85.5411
12:52:00 443.0 40561.0 85.05 85.34 85.47 85.31 85.33 2013.0 85.34 300.0 40561.0 19552.0 21009.0 0.0 85.3696
12:53:00 362.0 22682.0 85.05 85.37 85.38 85.31 85.36 3120.0 85.37 300.0 22682.0 11707.0 10975.0 0.0 85.3442
12:54:00 300.0 21254.0 85.05 85.46 85.5 85.37 85.46 1100.0 85.47 1100.0 21254.0 11373.0 9881.0 0.0 85.429
12:55:00 744.0 68518.0 85.05 85.56 85.57 85.42 85.55 1885.0 85.56 477.0 68518.0 41742.0 26776.0 0.0 85.4741
12:56:00 519.0 39457.0 85.05 85.6 85.63 85.5 85.58 2088.0 85.59 200.0 39457.0 15437.0 24020.0 0.0 85.5552
12:57:00 401.0 27017.0 85.05 85.69 85.7 85.585 85.69 100.0 85.7 3004.0 27017.0 12392.0 14625.0 0.0 85.6287
12:58:00 483.0 37388.0 85.05 85.53 85.69 85.53 85.53 610.0 85.54 2400.0 37388.0 15363.0 22025.0 0.0 85.6042
12:59:00 550.0 41295.0 85.05 85.68 85.69 85.45 85.68 2513.0 85.69 260.0 41295.0 22184.0 19111.0 0.0 85.5762
13:00:00 808.0 53632.0 85.05 85.775 85.8 85.68 85.78 2208.0 85.79 200.0 53632.0 26148.0 27484.0 0.0 85.7269
13:01:00 509.0 40983.0 85.05 85.8 85.82 85.71 85.79 2306.0 85.8 1790.0 40983.0 18933.0 22050.0 0.0 85.7617
13:02:00 899.0 81841.0 85.05 86.005 86.03 85.78 86.0 2400.0 86.01 300.0 81841.0 50764.0 31077.0 0.0 85.9279
13:03:00 554.0 44055.0 85.05 86.15 86.18 86.01 86.14 2000.0 86.15 339.0 44055.0 25106.0 18949.0 0.0 86.1017
13:04:00 445.0 33264.0 85.05 86.18 86.2 86.09 86.18 300.0 86.19 2534.0 33264.0 15549.0 17715.0 0.0 86.1466
13:05:00 573.0 49449.0 85.05 86.2 86.22 86.08 86.19 1300.0 86.2 100.0 49449.0 26137.0 23312.0 0.0 86.1544
13:06:00 447.0 34833.0 85.05 86.23 86.28 86.18 86.22 1902.0 86.23 188.0 34833.0 16211.0 18622.0 0.0 86.2272
13:07:00 427.0 32992.0 85.05 86.29 86.3 86.18 86.28 1200.0 86.29 100.0 32992.0 17871.0 15121.0 0.0 86.25
13:08:00 417.0 41100.0 85.05 86.24 86.29 86.17 86.23 1600.0 86.24 500.0 41100.0 11880.0 29220.0 0.0 86.2354
13:09:00 244.0 18809.0 85.05 86.3 86.31 86.22 86.29 2730.0 86.3 100.0 18809.0 9018.0 9791.0 0.0 86.2525
13:10:00 363.0 29724.0 85.05 86.28 86.34 86.26 86.27 870.0 86.28 1500.0 29724.0 12041.0 17683.0 0.0 86.2973
13:11:00 605.0 46932.0 85.05 86.21 86.28 86.12 86.2 2400.0 86.22 1700.0 46932.0 24058.0 22874.0 0.0 86.1942
13:12:00 254.0 18334.0 85.05 86.23 86.26 86.17 86.22 1900.0 86.23 800.0 18334.0 8421.0 9913.0 0.0 86.2203
13:13:00 431.0 29751.0 85.05 86.13 86.29 86.12 86.13 100.0 86.14 2700.0 29751.0 13284.0 16467.0 0.0 86.2218
13:14:00 320.0 22976.0 85.05 86.17 86.18 86.08 86.17 200.0 86.17 100.0 22976.0 10357.0 12619.0 0.0 86.1326
13:15:00 318.0 20125.0 85.05 86.07 86.18 86.03 86.06 1000.0 86.07 511.0 20125.0 9472.0 10653.0 0.0 86.097
13:16:00 644.0 54762.0 85.05 86.12 86.12 86.02 86.12 822.0 86.13 2700.0 54762.0 29928.0 24834.0 0.0 86.0678
13:17:00 455.0 33297.0 85.05 86.13 86.23 86.08 86.12 2000.0 86.13 256.0 33297.0 14376.0 18921.0 0.0 86.1527
13:18:00 657.0 57164.0 85.05 85.97 86.12 85.94 85.96 2186.0 85.97 2400.0 57164.0 27954.0 29210.0 0.0 86.0067
13:19:00 361.0 23238.0 85.05 86.025 86.06 85.95 86.01 2705.0 86.02 300.0 23238.0 11257.0 11981.0 0.0 85.9974
13:20:00 337.0 20177.0 85.05 85.92 86.015 85.89 85.91 2880.0 85.92 200.0 20177.0 8109.0 12068.0 0.0 85.9381
13:21:00 575.0 52406.0 85.05 86.025 86.03 85.91 86.02 800.0 86.03 1684.0 52406.0 20533.0 31873.0 0.0 85.9803
13:22:00 365.0 30973.0 85.05 86.12 86.13 86.005 86.11 2402.0 86.13 3400.0 30973.0 17531.0 13442.0 0.0 86.0698
13:23:00 808.0 67983.0 85.05 86.18 86.24 86.1 86.17 1508.0 86.18 400.0 67983.0 39983.0 28000.0 0.0 86.2055
13:24:00 564.0 44617.0 85.05 86.265 86.29 86.09 86.26 1.0 86.27 1500.0 44617.0 22810.0 21807.0 0.0 86.1757
13:25:00 374.0 27278.0 85.05 86.33 86.33 86.235 86.33 1300.0 86.34 1151.0 27278.0 11964.0 15314.0 0.0 86.2747
13:26:00 953.0 86435.0 85.05 86.5 86.5 86.33 86.48 2153.0 86.5 2400.0 86435.0 56088.0 30347.0 0.0 86.4525
13:27:00 556.0 53821.0 85.05 86.6 86.61 86.41 86.58 2545.0 86.6 1800.0 53821.0 30964.0 22857.0 0.0 86.5077
13:28:00 554.0 48923.0 85.05 86.72 86.745 86.59 86.72 803.0 86.73 1366.0 48923.0 30734.0 18189.0 0.0 86.6605
13:29:00 549.0 38103.0 85.05 86.67 86.72 86.635 86.67 2300.0 86.68 767.0 38103.0 18044.0 20059.0 0.0 86.6783
13:30:00 361.0 27230.0 85.05 86.675 86.71 86.6 86.67 201.0 86.68 2680.0 27230.0 10496.0 16734.0 0.0 86.6572
13:31:00 504.0 38637.0 85.05 86.77 86.795 86.67 86.76 2308.0 86.77 253.0 38637.0 21676.0 16961.0 0.0 86.7486
13:32:00 373.0 25131.0 85.05 86.81 86.85 86.76 86.81 900.0 86.82 1704.0 25131.0 13762.0 11369.0 0.0 86.8103
13:33:00 608.0 49192.0 85.05 86.82 86.85 86.75 86.81 306.0 86.82 2000.0 49192.0 21033.0 28159.0 0.0 86.803
13:34:00 645.0 49701.0 85.05 86.73 86.83 86.67 86.72 1802.0 86.73 100.0 49701.0 28059.0 21642.0 0.0 86.7415
13:35:00 372.0 25426.0 85.05 86.79 86.8 86.68 86.79 600.0 86.8 1699.0 25426.0 11548.0 13878.0 0.0 86.7471
13:36:00 315.0 22231.0 85.05 86.725 86.81 86.72 86.72 1827.0 86.73 356.0 22231.0 8716.0 13515.0 0.0 86.7667
13:37:00 418.0 36137.0 85.05 86.855 86.86 86.72 86.85 106.0 86.86 2000.0 36137.0 22720.0 13417.0 0.0 86.7984
13:38:00 394.0 31617.0 85.05 86.79 86.87 86.765 86.78 2500.0 86.8 3400.0 31617.0 13570.0 18047.0 0.0 86.8136
13:39:00 518.0 43696.0 85.05 86.78 86.84 86.76 86.77 200.0 86.78 5047.0 43696.0 19012.0 24684.0 0.0 86.7967
13:40:00 897.0 81373.0 85.05 86.71 86.85 86.705 86.71 790.0 86.72 3100.0 81373.0 37937.0 43436.0 0.0 86.7804
13:41:00 498.0 36342.0 85.05 86.655 86.71 86.57 86.64 500.0 86.65 2206.0 36342.0 17623.0 18719.0 0.0 86.6325
13:42:00 396.0 59256.0 85.05 86.51 86.7 86.51 86.5 3599.0 86.51 58.0 59256.0 9801.0 49455.0 0.0 86.5789
13:43:00 502.0 43493.0 85.05 86.52 86.57 86.5 86.51 1800.0 86.53 5206.0 43493.0 17648.0 25845.0 0.0 86.5218
13:44:00 212.0 17082.0 85.05 86.51 86.56 86.49 86.5 2901.0 86.51 601.0 17082.0 8756.0 8326.0 0.0 86.5246
13:45:00 460.0 35867.0 85.05 86.41 86.52 86.41 86.4 2311.0 86.41 1800.0 35867.0 16927.0 18940.0 0.0 86.4563
13:46:00 619.0 49034.0 85.05 86.31 86.4 86.31 86.3 6152.0 86.31 500.0 49034.0 19412.0 29622.0 0.0 86.3428
13:47:00 652.0 61457.0 85.05 86.1 86.32 86.04 86.09 3034.0 86.11 2307.0 61457.0 24755.0 36702.0 0.0 86.1491
13:48:00 407.0 30248.0 85.05 86.18 86.2 86.07 86.17 818.0 86.18 1200.0 30248.0 10486.0 19762.0 0.0 86.1291
13:49:00 392.0 30644.0 85.05 86.32 86.35 86.18 86.3 1623.0 86.32 2600.0 30644.0 13842.0 16802.0 0.0 86.2899
13:50:00 252.0 19384.0 85.05 86.23 86.35 86.18 86.23 100.0 86.24 1400.0 19384.0 6231.0 13153.0 0.0 86.2513
13:51:00 317.0 19750.0 85.05 86.19 86.28 86.16 86.19 137.0 86.2 1510.0 19750.0 10086.0 9664.0 0.0 86.227
13:52:00 327.0 20490.0 85.05 86.34 86.34 86.19 86.33 2091.0 86.35 2436.0 20490.0 9196.0 11294.0 0.0 86.2571
13:53:00 622.0 49281.0 85.05 86.48 86.51 86.35 86.48 200.0 86.49 2311.0 49281.0 28009.0 21272.0 0.0 86.4429
13:54:00 457.0 37453.0 85.05 86.38 86.54 86.35 86.38 400.0 86.39 1700.0 37453.0 14370.0 23083.0 0.0 86.4511
13:55:00 233.0 16234.0 85.05 86.38 86.41 86.36 86.38 700.0 86.39 1400.0 16234.0 8820.0 7414.0 0.0 86.3803
13:56:00 356.0 22306.0 85.05 86.33 86.43 86.32 86.33 184.0 86.34 2413.0 22306.0 10001.0 12305.0 0.0 86.3749
13:57:00 479.0 32912.0 85.05 86.27 86.34 86.25 86.26 2844.0 86.27 704.0 32912.0 20640.0 12272.0 0.0 86.2876
13:58:00 463.0 32752.0 85.05 86.3 86.33 86.245 86.29 3207.0 86.3 100.0 32752.0 16861.0 15891.0 0.0 86.2688
13:59:00 282.0 18729.0 85.05 86.3 86.32 86.27 86.31 400.0 86.32 2400.0 18729.0 7769.0 10960.0 0.0 86.2945
14:00:00 346.0 23416.0 85.05 86.38 86.39 86.3 86.38 100.0 86.39 2946.0 23416.0 8469.0 14947.0 0.0 86.3336
14:01:00 376.0 28047.0 85.05 86.34 86.43 86.315 86.33 3020.0 86.34 1406.0 28047.0 11032.0 17015.0 0.0 86.3752
14:02:00 353.0 28638.0 85.05 86.3 86.38 86.28 86.29 2945.0 86.3 400.0 28638.0 10436.0 18202.0 0.0 86.3365
14:03:00 510.0 38748.0 85.05 86.26 86.29 86.25 86.25 3036.0 86.26 1200.0 38748.0 20849.0 17899.0 0.0 86.2648
14:04:00 607.0 47861.0 85.05 86.31 86.32 86.22 86.31 700.0 86.32 2941.0 47861.0 20665.0 27196.0 0.0 86.2612
14:05:00 426.0 30714.0 85.05 86.265 86.33 86.25 86.26 1300.0 86.27 2304.0 30714.0 10430.0 20284.0 0.0 86.2969
14:06:00 514.0 39530.0 85.05 86.32 86.33 86.25 86.32 337.0 86.33 3100.0 39530.0 22415.0 17115.0 0.0 86.2927
14:07:00 775.0 66387.0 85.05 86.36 86.4 86.28 86.35 1155.0 86.36 1602.0 66387.0 36008.0 30379.0 0.0 86.3421
14:08:00 365.0 27298.0 85.05 86.34 86.38 86.32 86.34 2600.0 86.35 1222.0 27298.0 11934.0 15364.0 0.0 86.3422
14:09:00 458.0 34798.0 85.05 86.42 86.44 86.34 86.41 4325.0 86.42 200.0 34798.0 24503.0 10295.0 0.0 86.3877
14:10:00 397.0 28124.0 85.05 86.405 86.46 86.365 86.4 1200.0 86.41 1451.0 28124.0 13608.0 14516.0 0.0 86.4016
14:11:00 556.0 42630.0 85.05 86.39 86.43 86.355 86.39 2128.0 86.4 900.0 42630.0 16813.0 25817.0 0.0 86.3991
14:12:00 507.0 34873.0 85.05 86.33 86.4 86.31 86.32 4833.0 86.33 500.0 34873.0 13004.0 21869.0 0.0 86.3514
14:13:00 389.0 32625.0 85.05 86.285 86.325 86.255 86.28 410.0 86.29 3200.0 32625.0 11591.0 21034.0 0.0 86.2874
14:14:00 333.0 21657.0 85.05 86.26 86.31 86.245 86.25 1601.0 86.26 1722.0 21657.0 9435.0 12222.0 0.0 86.2827
14:15:00 452.0 24640.0 85.05 86.22 86.261 86.16 86.21 3204.0 86.22 100.0 24640.0 11454.0 13186.0 0.0 86.2105
14:16:00 652.0 53633.0 85.05 86.24 86.26 86.18 86.23 3810.0 86.24 908.0 53633.0 21060.0 32573.0 0.0 86.2218
14:17:00 653.0 54493.0 85.05 86.35 86.36 86.22 86.34 1900.0 86.35 800.0 54493.0 26354.0 28139.0 0.0 86.2773
14:18:00 430.0 29851.0 85.05 86.355 86.4 86.34 86.35 1285.0 86.36 3037.0 29851.0 17407.0 12444.0 0.0 86.3674
14:19:00 469.0 32118.0 85.05 86.23 86.365 86.23 86.23 288.0 86.24 2612.0 32118.0 11191.0 20927.0 0.0 86.3262
14:20:00 437.0 32395.0 85.05 86.19 86.25 86.16 86.18 904.0 86.19 1400.0 32395.0 15268.0 17127.0 0.0 86.1986
14:21:00 422.0 25108.0 85.05 86.11 86.18 86.095 86.1 3042.0 86.11 100.0 25108.0 13321.0 11787.0 0.0 86.129
14:22:00 510.0 28103.0 85.05 86.17 86.18 86.04 86.17 1431.0 86.18 1947.0 28103.0 16691.0 11412.0 0.0 86.1054
14:23:00 408.0 22726.0 85.05 86.135 86.18 86.1 86.13 200.0 86.14 3088.0 22726.0 9007.0 13719.0 0.0 86.1223
14:24:00 658.0 51312.0 85.05 86.06 86.13 86.0 86.05 1659.0 86.06 1549.0 51312.0 21166.0 30146.0 0.0 86.0463
14:25:00 389.0 24969.0 85.05 86.03 86.085 86.01 86.02 300.0 86.03 2507.0 24969.0 13213.0 11756.0 0.0 86.0349
14:26:00 411.0 27342.0 85.05 85.92 86.03 85.915 85.91 367.0 85.92 2606.0 27342.0 15161.0 12181.0 0.0 85.9524
14:27:00 458.0 28674.0 85.05 85.91 85.96 85.89 85.9 3122.0 85.91 606.0 28674.0 15853.0 12821.0 0.0 85.9276
14:28:00 427.0 41042.0 85.05 86.04 86.04 85.9 86.03 2715.0 86.04 300.0 41042.0 30219.0 10823.0 0.0 85.9704
14:29:00 411.0 23151.0 85.05 86.07 86.08 86.01 86.06 2463.0 86.07 1610.0 23151.0 9511.0 13640.0 0.0 86.0489
14:30:00 351.0 25990.0 85.05 86.11 86.145 86.06 86.1 804.0 86.11 2229.0 25990.0 12410.0 13580.0 0.0 86.1026
14:31:00 595.0 42502.0 85.05 86.1 86.105 85.98 86.09 677.0 86.1 4035.0 42502.0 20155.0 22347.0 0.0 86.0281
14:32:00 589.0 44903.0 85.05 85.95 86.09 85.91 85.95 200.0 85.96 3601.0 44903.0 16983.0 27920.0 0.0 85.9994
14:33:00 329.0 26352.0 85.05 85.92 86.0 85.915 85.92 300.0 85.93 2131.0 26352.0 12927.0 13425.0 0.0 85.9731
14:34:00 353.0 24380.0 85.05 85.98 85.99 85.92 85.98 1184.0 85.99 1698.0 24380.0 14538.0 9842.0 0.0 85.9634
14:35:00 296.0 25655.0 85.05 85.96 86.0 85.935 85.95 1000.0 85.96 1400.0 25655.0 11088.0 14567.0 0.0 85.9666
14:36:00 289.0 21209.0 85.05 86.01 86.01 85.94 86.01 722.0 86.02 2430.0 21209.0 11844.0 9365.0 0.0 85.9645
14:37:00 289.0 18689.0 85.05 86.08 86.1 85.99 86.07 1623.0 86.08 2443.0 18689.0 7879.0 10810.0 0.0 86.0452
14:38:00 301.0 18313.0 85.05 86.03 86.075 85.995 86.02 2200.0 86.03 1537.0 18313.0 8346.0 9967.0 0.0 86.0343
14:39:00 282.0 19075.0 85.05 85.98 86.03 85.965 85.98 1100.0 85.99 1901.0 19075.0 9612.0 9463.0 0.0 85.9948
14:40:00 249.0 15317.0 85.05 86.1 86.11 85.99 86.09 2223.0 86.1 1200.0 15317.0 10647.0 4670.0 0.0 86.0562
14:41:00 540.0 45810.0 85.05 86.1 86.15 86.07 86.1 1700.0 86.11 1300.0 45810.0 24626.0 21184.0 0.0 86.1163
14:42:00 332.0 22388.0 85.05 86.075 86.12 86.05 86.07 3400.0 86.08 230.0 22388.0 12127.0 10261.0 0.0 86.0759
14:43:00 530.0 47481.0 85.05 86.01 86.105 85.98 86.01 1000.0 86.02 1600.0 47481.0 27400.0 20081.0 0.0 86.03
14:44:00 715.0 63129.0 85.05 86.01 86.05 85.97 86.0 300.0 86.01 1800.0 63129.0 24705.0 38424.0 0.0 86.0097
14:45:00 444.0 36433.0 85.05 86.12 86.16 86.0 86.12 1200.0 86.13 2025.0 36433.0 17820.0 18613.0 0.0 86.0773
14:46:00 683.0 64653.0 85.05 86.3 86.31 86.125 86.3 2520.0 86.31 1212.0 64653.0 37516.0 27137.0 0.0 86.215
14:47:00 484.0 37259.0 85.05 86.43 86.43 86.31 86.42 3379.0 86.43 200.0 37259.0 17332.0 19927.0 0.0 86.3902
14:48:00 583.0 46726.0 85.05 86.465 86.51 86.39 86.46 1471.0 86.47 601.0 46726.0 25856.0 20870.0 0.0 86.4714
14:49:00 420.0 31648.0 85.05 86.47 86.49 86.4 86.47 556.0 86.48 1801.0 31648.0 13378.0 18270.0 0.0 86.4557
14:50:00 364.0 21690.0 85.05 86.49 86.49 86.425 86.49 100.0 86.5 3364.0 21690.0 11918.0 9772.0 0.0 86.458
14:51:00 392.0 26832.0 85.05 86.49 86.5 86.44 86.48 800.0 86.49 1787.0 26832.0 14586.0 12246.0 0.0 86.4761
14:52:00 321.0 21745.0 85.05 86.33 86.48 86.325 86.33 201.0 86.34 3474.0 21745.0 8944.0 12801.0 0.0 86.4275
14:53:00 314.0 23576.0 85.05 86.27 86.37 86.27 86.27 600.0 86.28 1210.0 23576.0 12082.0 11494.0 0.0 86.3169
14:54:00 316.0 21975.0 85.05 86.19 86.3 86.18 86.19 1335.0 86.2 1904.0 21975.0 10793.0 11182.0 0.0 86.2425
14:55:00 328.0 20112.0 85.05 86.18 86.22 86.16 86.17 800.0 86.18 1100.0 20112.0 9967.0 10145.0 0.0 86.1904
14:56:00 517.0 41192.0 85.05 86.325 86.35 86.14 86.32 620.0 86.33 1710.0 41192.0 21495.0 19697.0 0.0 86.2129
14:57:00 284.0 22354.0 85.05 86.42 86.42 86.3 86.42 901.0 86.43 1711.0 22354.0 11668.0 10686.0 0.0 86.3733
14:58:00 509.0 32359.0 85.05 86.34 86.43 86.31 86.34 200.0 86.35 1143.0 32359.0 16086.0 16273.0 0.0 86.3837
14:59:00 604.0 38227.0 85.05 86.27 86.34 86.195 86.26 621.0 86.27 812.0 38227.0 17202.0 21025.0 0.0 86.2779
15:00:00 562.0 35356.0 85.05 86.24 86.3 86.19 86.24 100.0 86.25 2157.0 35356.0 15884.0 19472.0 0.0 86.2491
15:01:00 463.0 27800.0 85.05 86.31 86.33 86.23 86.3 1188.0 86.32 2594.0 27800.0 13497.0 14303.0 0.0 86.2718
15:02:00 522.0 31954.0 85.05 86.3 86.325 86.255 86.3 107.0 86.31 1452.0 31954.0 15038.0 16916.0 0.0 86.2891
15:03:00 376.0 22900.0 85.05 86.31 86.37 86.28 86.31 100.0 86.32 4201.0 22900.0 10608.0 12292.0 0.0 86.3284
15:04:00 508.0 35550.0 85.05 86.3 86.36 86.295 86.3 2841.0 86.31 813.0 35550.0 19088.0 16462.0 0.0 86.3329
15:05:00 396.0 25387.0 85.05 86.39 86.4 86.31 86.39 900.0 86.4 2300.0 25387.0 15224.0 10163.0 0.0 86.3612
15:06:00 417.0 22977.0 85.05 86.44 86.44 86.375 86.44 2584.0 86.45 1232.0 22977.0 11373.0 11604.0 0.0 86.4083
15:07:00 399.0 23936.0 85.05 86.41 86.45 86.35 86.41 2610.0 86.42 2200.0 23936.0 10707.0 13229.0 0.0 86.3906
15:08:00 387.0 24397.0 85.05 86.44 86.445 86.39 86.43 3154.0 86.44 417.0 24397.0 12397.0 12000.0 0.0 86.419
15:09:00 431.0 21877.0 85.05 86.46 86.475 86.42 86.45 2844.0 86.46 100.0 21877.0 11488.0 10389.0 0.0 86.4431
15:10:00 421.0 27088.0 85.05 86.48 86.5 86.435 86.47 4109.0 86.48 729.0 27088.0 16974.0 10114.0 0.0 86.4731
15:11:00 604.0 40770.0 85.05 86.42 86.5 86.38 86.42 900.0 86.43 3086.0 40770.0 15134.0 25636.0 0.0 86.437
15:12:00 384.0 22104.0 85.05 86.46 86.49 86.41 86.45 2300.0 86.47 4559.0 22104.0 9407.0 12697.0 0.0 86.4422
15:13:00 794.0 56094.0 85.05 86.37 86.46 86.335 86.36 1313.0 86.37 1000.0 56094.0 28331.0 27763.0 0.0 86.3818
15:14:00 583.0 40640.0 85.05 86.48 86.51 86.35 86.48 3396.0 86.49 200.0 40640.0 25553.0 15087.0 0.0 86.4411
15:15:00 550.0 85199.0 85.05 86.535 86.56 86.485 86.53 502.0 86.54 2400.0 85199.0 64209.0 20990.0 0.0 86.5165
15:16:00 496.0 30082.0 85.05 86.575 86.6 86.455 86.57 1400.0 86.58 1234.0 30082.0 17221.0 12861.0 0.0 86.5203
15:17:00 454.0 39202.0 85.05 86.545 86.61 86.52 86.54 2000.0 86.55 2000.0 39202.0 16594.0 22608.0 0.0 86.5804
15:18:00 463.0 26856.0 85.05 86.46 86.56 86.43 86.46 2800.0 86.47 3707.0 26856.0 14616.0 12240.0 0.0 86.4779
15:19:00 629.0 51931.0 85.05 86.525 86.53 86.45 86.52 900.0 86.53 1903.0 51931.0 28024.0 23907.0 0.0 86.4834
15:20:00 547.0 43055.0 85.05 86.56 86.58 86.52 86.56 2300.0 86.57 501.0 43055.0 18634.0 24421.0 0.0 86.5442
15:21:00 469.0 31849.0 85.05 86.64 86.65 86.55 86.64 1488.0 86.65 4368.0 31849.0 19605.0 12244.0 0.0 86.5998
15:22:00 505.0 33011.0 85.05 86.595 86.7 86.595 86.59 2992.0 86.6 402.0 33011.0 15392.0 17619.0 0.0 86.6513
15:23:00 478.0 30104.0 85.05 86.61 86.665 86.575 86.6 3110.0 86.61 300.0 30104.0 15097.0 15007.0 0.0 86.6077
15:24:00 423.0 25738.0 85.05 86.65 86.69 86.595 86.65 300.0 86.66 4204.0 25738.0 12525.0 13213.0 0.0 86.6576
15:25:00 532.0 34339.0 85.05 86.69 86.7 86.64 86.68 1600.0 86.69 2512.0 34339.0 19995.0 14344.0 0.0 86.6739
15:26:00 811.0 65504.0 85.05 86.715 86.76 86.68 86.71 1.0 86.71 500.0 65504.0 34513.0 30991.0 0.0 86.7275
15:27:00 630.0 55129.0 85.05 86.55 86.73 86.53 86.54 2810.0 86.55 301.0 55129.0 27416.0 27713.0 0.0 86.6155
15:28:00 631.0 50399.0 85.05 86.6 86.61 86.5 86.6 1400.0 86.61 1600.0 50399.0 32852.0 17547.0 0.0 86.5617
15:29:00 500.0 46515.0 85.05 86.545 86.6 86.495 86.54 2700.0 86.55 500.0 46515.0 15385.0 31130.0 0.0 86.5311
15:30:00 433.0 32587.0 85.05 86.49 86.6 86.465 86.49 200.0 86.5 3016.0 32587.0 12837.0 19750.0 0.0 86.538
15:31:00 619.0 46477.0 85.05 86.46 86.54 86.43 86.45 2725.0 86.46 300.0 46477.0 20339.0 26138.0 0.0 86.4911
15:32:00 486.0 33089.0 85.05 86.48 86.55 86.435 86.47 400.0 86.48 2200.0 33089.0 18374.0 14715.0 0.0 86.4828
15:33:00 556.0 44703.0 85.05 86.46 86.53 86.445 86.45 1300.0 86.46 1182.0 44703.0 19151.0 25552.0 0.0 86.4768
15:34:00 453.0 30489.0 85.05 86.58 86.58 86.455 86.58 2900.0 86.59 1200.0 30489.0 17634.0 12855.0 0.0 86.525
15:35:00 698.0 59011.0 85.05 86.65 86.66 86.57 86.65 4100.0 86.66 6.0 59011.0 32910.0 26101.0 0.0 86.6117
15:36:00 733.0 49916.0 85.05 86.67 86.69 86.625 86.66 2895.0 86.67 2045.0 49916.0 19857.0 30059.0 0.0 86.6614
15:37:00 449.0 30267.0 85.05 86.74 86.74 86.63 86.73 1892.0 86.74 3217.0 30267.0 17080.0 13187.0 0.0 86.7003
15:38:00 448.0 30995.0 85.05 86.7 86.74 86.675 86.69 2328.0 86.7 3200.0 30995.0 15474.0 15521.0 0.0 86.7102
15:39:00 491.0 31750.0 85.05 86.73 86.745 86.645 86.73 1109.0 86.74 3605.0 31750.0 16392.0 15358.0 0.0 86.6926
15:40:00 758.0 74540.0 85.05 86.74 86.795 86.725 86.73 2850.0 86.74 1450.0 74540.0 37946.0 36594.0 0.0 86.757
15:41:00 479.0 36591.0 85.05 86.815 86.82 86.73 86.81 3566.0 86.82 2417.0 36591.0 21741.0 14850.0 0.0 86.7855
15:42:00 1120.0 126968.0 85.05 86.89 86.91 86.755 86.88 2782.0 86.89 2352.0 126968.0 58663.0 68305.0 0.0 86.8295
15:43:00 651.0 53723.0 85.05 86.845 86.89 86.805 86.84 2586.0 86.85 1468.0 53723.0 21285.0 32438.0 0.0 86.8436
15:44:00 666.0 48602.0 85.05 86.92 86.92 86.84 86.92 1695.0 86.93 3336.0 48602.0 27757.0 20845.0 0.0 86.8824
15:45:00 864.0 64056.0 85.05 86.905 86.97 86.9 86.9 801.0 86.91 2908.0 64056.0 33753.0 30303.0 0.0 86.9404
15:46:00 1318.0 129015.0 85.05 86.75 86.92 86.585 86.75 6209.0 86.76 900.0 129015.0 69361.0 59654.0 0.0 86.7187
15:47:00 1005.0 94234.0 85.05 86.79 86.795 86.71 86.79 1000.0 86.8 4054.0 94234.0 47545.0 46689.0 0.0 86.75
15:48:00 1067.0 95284.0 85.05 86.8 86.865 86.77 86.8 1730.0 86.81 4553.0 95284.0 56194.0 39090.0 0.0 86.8078
15:49:00 814.0 78670.0 85.05 86.815 86.84 86.765 86.81 3783.0 86.82 699.0 78670.0 33376.0 45294.0 0.0 86.7938
15:50:00 1089.0 85611.0 85.05 86.73 86.84 86.715 86.73 400.0 86.74 2171.0 85611.0 30114.0 55497.0 0.0 86.7798
15:51:00 1668.0 173790.0 85.05 86.85 86.86 86.72 86.84 2300.0 86.85 3200.0 173790.0 88364.0 85426.0 0.0 86.8
15:52:00 1018.0 109236.0 85.05 86.91 86.96 86.85 86.9 3202.0 86.91 3750.0 109236.0 47015.0 62221.0 0.0 86.9152
15:53:00 967.0 103509.0 85.05 86.985 87.0 86.9 86.98 4726.0 86.99 1844.0 103509.0 49756.0 53753.0 0.0 86.9671
15:54:00 1858.0 211870.0 85.05 87.06 87.06 86.96 87.05 7447.0 87.06 721.0 211870.0 161364.0 50506.0 0.0 87.0052
15:55:00 1361.0 131099.0 85.05 86.955 87.07 86.915 86.95 607.0 86.96 4938.0 131099.0 54629.0 76470.0 0.0 87.0095
15:56:00 1269.0 109348.0 85.05 87.1 87.1 86.94 87.09 7730.0 87.1 20292.0 109348.0 70749.0 38599.0 0.0 87.033
15:57:00 1171.0 120059.0 85.05 87.14 87.15 87.05 87.14 7456.0 87.15 10178.0 120059.0 71719.0 48340.0 0.0 87.0946
15:58:00 1882.0 191293.0 85.05 87.16 87.23 87.13 87.15 4771.0 87.16 2714.0 191293.0 108607.0 82686.0 0.0 87.1838
15:59:00 2648.0 315240.0 85.05 87.05 87.17 87.03 87.04 3700.0 87.05 4925.0 315240.0 142299.0 172941.0 0.0 87.1002
16:00:00 3061.0 329918.0 85.05 87.12 87.19 87.05 87.1 3784.0 87.11 275475.0 329918.0 172271.0 157647.0 0.0 87.1339
16:01:00 13.0 91.0 85.05 87.09 87.19 86.88 87.1 3784.0 87.1 5095.0 91.0 1.0 90.0 0.0 87.0991
16:02:00 13.0 128.0 85.05 86.88 87.11 86.88 87.1 3784.0 87.0 64.0 128.0 52.0 76.0 0.0 86.9886
16:03:00 13.0 196.0 85.05 87.0 87.12 86.8 87.1 3784.0 87.09 1001.0 196.0 66.0 130.0 0.0 86.8914
16:04:00 17.0 368.0 85.05 87.1 87.1 86.71 87.1 3784.0 87.1 113.0 368.0 325.0 43.0 0.0 86.921
16:05:00 5.0 13.0 85.05 87.09 87.1 87.05 87.1 3784.0 87.1 115.0 13.0 5.0 8.0 0.0 87.0662
16:06:00 4.0 14.0 85.05 87.08 87.08 87.07 87.1 3784.0 87.08 1.0 14.0 0.0 14.0 0.0 87.07
16:07:00 10.0 549.0 85.05 87.0 87.09 87.0 87.1 3784.0 87.0 709.0 549.0 0.0 549.0 0.0 87.0686
16:08:00 13.0 985.0 85.05 87.0 87.0 86.8 87.1 3784.0 86.96 10.0 985.0 5.0 980.0 0.0 86.8629
16:09:00 1.0 15.0 85.05 86.85 86.85 86.85 87.1 3784.0 86.95 500.0 15.0 15.0 0.0 0.0 86.85
16:10:00 5.0 7.0 85.05 86.95 86.95 86.825 87.1 3784.0 86.95 496.0 7.0 7.0 0.0 0.0 86.9357
16:11:00 16.0 1310.0 85.05 87.0 87.0 86.9 87.1 3784.0 87.05 75.0 1310.0 1235.0 75.0 0.0 86.9752
16:12:00 10.0 860.0 85.05 86.85 87.03 86.85 87.1 3784.0 86.96 1.0 860.0 300.0 560.0 0.0 86.9367
16:13:00 10.0 1026.0 85.05 87.0 87.0 86.9 87.1 3784.0 87.0 45.0 1026.0 19.0 1007.0 0.0 86.9995
16:14:00 6.0 185.0 85.05 87.06 87.06 86.9 87.1 3784.0 87.07 50.0 185.0 140.0 45.0 0.0 87.0262
16:15:00 8.0 66.0 85.05 87.07 87.1 87.06 87.1 3784.0 87.03 2.0 66.0 66.0 0.0 0.0 87.0658
16:16:00 10.0 1102.0 85.05 87.1 87.1 87.03 87.1 3784.0 87.1 1667.0 1102.0 1102.0 0.0 0.0 87.0833
16:17:00 14.0 1205.0 85.05 87.09 87.1 87.0 87.1 3784.0 87.09 195.0 1205.0 1047.0 158.0 0.0 87.096
16:18:00 3.0 28.0 85.05 86.98 87.0 86.95 87.1 3784.0 86.98 14.0 28.0 28.0 0.0 0.0 86.9707
16:19:00 13.0 941.0 85.05 86.95 87.09 86.95 87.1 3784.0 87.0 799.0 941.0 441.0 500.0 0.0 86.9789
16:20:00 10.0 1012.0 85.05 87.0 87.09 86.97 87.1 3784.0 87.0 661.0 1012.0 1012.0 0.0 0.0 86.9997
16:21:00 12.0 497.0 85.05 86.96 86.98 86.96 87.1 3784.0 86.97 2.0 497.0 164.0 333.0 0.0 86.9657
16:22:00 4.0 219.0 85.05 86.95 86.98 86.95 87.1 3784.0 86.97 2.0 219.0 100.0 119.0 0.0 86.9774
16:23:00 32.0 894.0 85.05 86.95 87.1 86.95 87.1 3784.0 87.08 101.0 894.0 879.0 15.0 0.0 87.0428
16:24:00 3.0 91.0 85.05 86.95 86.95 86.95 87.1 3784.0 87.0 1100.0 91.0 24.0 67.0 0.0 86.95
16:25:00 11.0 1220.0 85.05 87.08 87.08 87.0 87.1 3784.0 87.02 8.0 1220.0 1220.0 0.0 0.0 87.0013
16:26:00 26.0 1174.0 85.05 87.0 87.08 86.67 87.1 3784.0 87.01 4.0 1174.0 34.0 1140.0 0.0 86.9936
16:27:00 4.0 36.0 85.05 87.0 87.01 87.0 87.1 3784.0 87.05 22.0 36.0 36.0 0.0 0.0 87.0011
16:28:00 1.0 10.0 85.05 87.02 87.02 87.02 87.1 3784.0 87.05 32.0 10.0 0.0 10.0 0.0 87.02
16:29:00 11.0 771.0 85.05 87.03 87.05 87.03 87.1 3784.0 87.08 40.0 771.0 22.0 749.0 0.0 87.0496
16:30:00 2.0 0.0 85.05 87.03 87.03 87.03 87.1 3784.0 87.05 2.0 nan 0.0 0.0 0.0 nan
16:31:00 1.0 1.0 85.05 87.01 87.01 87.01 87.1 3784.0 87.05 7.0 1.0 0.0 1.0 0.0 87.01
16:32:00 48.0 1849.0 85.05 87.12 87.12 86.95 87.1 3784.0 87.0 250.0 1849.0 1292.0 557.0 0.0 87.0723
16:33:00 4.0 55.0 85.05 87.0 87.0 87.0 87.1 3784.0 87.0 195.0 55.0 55.0 0.0 0.0 87.0
16:34:00 2.0 22.0 85.05 86.95 87.0 86.95 87.1 3784.0 87.0 11.0 22.0 22.0 0.0 0.0 87.0
16:35:00 4.0 25.0 85.05 86.97 87.0 86.97 87.1 3784.0 86.97 19.0 25.0 25.0 0.0 0.0 87.0
16:36:00 4.0 50.0 85.05 87.04 87.04 86.94 87.1 3784.0 86.95 60.0 50.0 50.0 0.0 0.0 87.0134
16:37:00 2.0 1.0 85.05 87.03 87.03 86.96 87.1 3784.0 87.04 172.0 1.0 1.0 0.0 0.0 86.96
16:38:00 6.0 207.0 85.05 87.09 87.1 87.03 87.1 3784.0 87.09 24.0 207.0 207.0 0.0 0.0 87.0704
16:39:00 14.0 638.0 85.05 87.02 87.1 87.02 87.1 3784.0 87.1 183.0 638.0 288.0 350.0 0.0 87.0369
16:40:00 9.0 381.0 85.05 87.1 87.1 87.05 87.1 3784.0 87.1 72.0 381.0 273.0 108.0 0.0 87.0932
16:41:00 9.0 61.0 85.05 87.1 87.1 87.08 87.1 3784.0 87.1 64.0 61.0 59.0 2.0 0.0 87.0993
16:42:00 11.0 147.0 85.05 87.15 87.15 87.1 87.14 1363.0 87.12 163358.0 147.0 97.0 50.0 0.0 87.1188
16:43:00 10.0 67.0 85.05 87.19 87.19 87.14 87.14 1403.0 87.12 163358.0 67.0 7.0 60.0 0.0 87.1433
16:44:00 21.0 21.0 85.05 87.19 87.19 87.14 87.17 1.0 87.12 163358.0 21.0 1.0 20.0 0.0 87.1495
16:45:00 8.0 1278.0 85.05 87.16 87.2 87.15 87.16 2.0 87.12 163358.0 1278.0 150.0 1128.0 0.0 87.1669
16:46:00 4.0 695.0 85.05 87.14 87.15 87.14 87.1 3885.0 87.12 163358.0 695.0 120.0 575.0 0.0 87.1468
16:47:00 6.0 480.0 85.05 87.14 87.14 87.1 87.1 3889.0 87.12 163358.0 480.0 475.0 5.0 0.0 87.1394
16:48:00 3.0 221.0 85.05 87.14 87.14 87.1 87.1 3784.0 87.12 163358.0 221.0 220.0 1.0 0.0 87.1398
16:49:00 4.0 11.0 85.05 87.07 87.14 87.07 87.1 3784.0 87.1 600.0 11.0 5.0 6.0 0.0 87.1018
16:50:00 5.0 108.0 85.05 87.08 87.1 87.08 87.1 3784.0 87.1 595.0 108.0 105.0 3.0 0.0 87.0809
16:51:00 9.0 212.0 85.05 87.1 87.2 86.97 87.1 3784.0 87.1 482.0 212.0 115.0 97.0 0.0 87.0918
16:52:00 7.0 283.0 85.05 87.1 87.1 87.05 87.1 3784.0 87.07 50.0 283.0 196.0 87.0 0.0 87.0881
16:53:00 3.0 7.0 85.05 87.1 87.13 87.1 87.1 3787.0 87.1 5.0 7.0 6.0 1.0 0.0 87.1043
16:54:00 9.0 20.0 85.05 87.09 87.1 86.94 87.1 3784.0 87.09 4.0 20.0 12.0 8.0 0.0 87.0835
16:55:00 9.0 256.0 85.05 87.14 87.14 87.05 87.1 3786.0 87.11 20.0 256.0 206.0 50.0 0.0 87.1125
16:56:00 3.0 23.0 85.05 87.14 87.14 87.11 87.11 4.0 87.12 163358.0 23.0 22.0 1.0 0.0 87.1126
16:57:00 2.0 4.0 85.05 87.11 87.11 87.06 87.1 3795.0 87.11 22.0 4.0 4.0 0.0 0.0 87.11
16:58:00 4.0 13.0 85.05 87.08 87.1 87.08 87.1 3784.0 87.08 1.0 13.0 2.0 11.0 0.0 87.0969
16:59:00 5.0 18.0 85.05 87.14 87.14 87.08 87.1 3784.0 87.11 95.0 18.0 18.0 0.0 0.0 87.1256
17:00:00 3.0 31.0 85.05 87.11 87.14 87.11 87.1 3872.0 87.11 79.0 31.0 31.0 0.0 0.0 87.1245
