time trade_count trade_volume trade_first trade_last trade_high trade_low bid_price bid_size ask_price ask_size hid_vol buy_vol sell_vol unsided_vol vwap
09:00:00 nan 2350.0 88.7 88.6 88.7 88.6 88.6 698.0 88.63 725.0 2350.0 398.0 1952.0 0.0 88.6447
09:01:00 51.0 4350.0 88.7 88.56 88.65 88.55 88.52 100.0 88.57 525.0 4350.0 1118.0 3232.0 0.0 88.6222
09:02:00 76.0 4789.0 88.7 88.36 88.57 88.35 88.36 66.0 88.38 1287.0 4789.0 1376.0 3413.0 0.0 88.4735
09:03:00 76.0 3429.0 88.7 88.27 88.36 88.25 88.26 66.0 88.27 134.0 3429.0 1834.0 1595.0 0.0 88.2927
09:04:00 24.0 612.0 88.7 88.27 88.48 88.25 88.27 100.0 88.3 100.0 612.0 135.0 477.0 0.0 88.2658
09:05:00 101.0 3077.0 88.7 88.23 88.36 88.23 88.24 100.0 88.27 300.0 3077.0 1134.0 1943.0 0.0 88.2636
09:06:00 28.0 2018.0 88.7 88.43 88.43 88.22 88.31 300.0 88.43 2.0 2018.0 1794.0 224.0 0.0 88.2847
09:07:00 47.0 2307.0 88.7 88.4 88.42 88.35 88.38 100.0 88.42 100.0 2307.0 690.0 1617.0 0.0 88.3901
09:08:00 55.0 4816.0 88.7 88.39 88.46 88.37 88.38 100.0 88.4 1047.0 4816.0 3806.0 1010.0 0.0 88.3973
09:09:00 69.0 4813.0 88.7 88.38 88.45 88.38 88.4 2.0 88.42 300.0 4813.0 1492.0 3321.0 0.0 88.4091
09:10:00 58.0 2893.0 88.7 88.44 88.49 88.39 88.44 800.0 88.45 1787.0 2893.0 1019.0 1874.0 0.0 88.441
09:11:00 43.0 2281.0 88.7 88.4 88.44 88.36 88.37 5.0 88.42 301.0 2281.0 337.0 1944.0 0.0 88.4127
09:12:00 29.0 340.0 88.7 88.42 88.44 88.4 88.4 896.0 88.44 12.0 340.0 319.0 21.0 0.0 88.4244
09:13:00 9.0 560.0 88.7 88.44 88.45 88.41 88.42 46.0 88.45 2962.0 560.0 560.0 0.0 0.0 88.4499
09:14:00 63.0 2999.0 88.7 88.48 88.5 88.4 88.43 1026.0 88.5 374.0 2999.0 2274.0 725.0 0.0 88.4399
09:15:00 66.0 2319.0 88.7 88.56 88.65 88.49 88.56 134.0 88.62 112.0 2319.0 1239.0 1080.0 0.0 88.5912
09:16:00 119.0 4989.0 88.7 88.62 88.7 88.53 88.61 322.0 88.67 100.0 4989.0 3498.0 1491.0 0.0 88.6161
09:17:00 32.0 881.0 88.7 88.58 88.69 88.56 88.54 12.0 88.6 334.0 881.0 149.0 732.0 0.0 88.6095
09:18:00 51.0 1529.0 88.7 88.5 88.63 88.49 88.47 100.0 88.5 60.0 1529.0 715.0 814.0 0.0 88.5617
09:19:00 85.0 2714.0 88.7 88.5 88.54 88.44 88.45 65.0 88.47 526.0 2714.0 2016.0 698.0 0.0 88.4938
09:20:00 63.0 2669.0 88.7 88.53 88.54 88.45 88.5 70.0 88.54 596.0 2669.0 1053.0 1616.0 0.0 88.4854
09:21:00 77.0 3265.0 88.7 88.62 88.65 88.47 88.62 2324.0 88.64 100.0 3265.0 2601.0 664.0 0.0 88.5446
09:22:00 71.0 4924.0 88.7 88.68 88.74 88.6 88.66 137.0 88.69 100.0 4924.0 530.0 4394.0 0.0 88.6478
09:23:00 41.0 2530.0 88.7 88.68 88.7 88.64 88.66 118.0 88.69 268.0 2530.0 268.0 2262.0 0.0 88.6685
09:24:00 102.0 4171.0 88.7 88.77 88.8 88.67 88.74 438.0 88.75 1000.0 4171.0 2613.0 1558.0 0.0 88.7479
09:25:00 74.0 3461.0 88.7 88.78 88.81 88.74 88.78 69.0 88.8 810.0 3461.0 1788.0 1673.0 0.0 88.7807
09:26:00 71.0 2347.0 88.7 88.72 88.8 88.7 88.71 200.0 88.8 2103.0 2347.0 956.0 1391.0 0.0 88.7629
09:27:00 71.0 4074.0 88.7 88.84 88.85 88.72 88.8 259.0 88.85 47.0 4074.0 3151.0 923.0 0.0 88.8054
09:28:00 122.0 4202.0 88.7 88.87 88.92 88.84 88.86 200.0 88.92 120.0 4202.0 3124.0 1078.0 0.0 88.8709
09:29:00 102.0 4555.0 88.7 88.92 88.95 88.84 88.91 562.0 88.95 405.0 4555.0 192.0 4363.0 0.0 88.8943
09:30:00 220.0 5881.0 88.7 88.96 89.09 88.9 88.88 219.0 89.02 8.0 5881.0 4078.0 1803.0 0.0 89.0012
09:31:00 1247.0 91639.0 88.7 88.99 89.12 88.9 88.99 1330.0 89.01 100.0 91639.0 38430.0 53209.0 0.0 88.995
09:32:00 3892.0 274834.0 88.7 89.13 89.54 88.98 89.14 88.0 89.18 616.0 274834.0 141046.0 133788.0 0.0 89.3385
09:33:00 2406.0 141023.0 88.7 88.81 89.16 88.72 88.81 1014.0 88.83 292.0 141023.0 54335.0 86688.0 0.0 88.9264
09:34:00 1700.0 97235.0 88.7 89.17 89.21 88.81 89.16 300.0 89.19 650.0 97235.0 47330.0 49905.0 0.0 89.0547
09:35:00 2375.0 137303.0 88.7 88.97 89.21 88.71 88.95 410.0 88.97 354.0 137303.0 65064.0 72239.0 0.0 88.9379
09:36:00 2579.0 119956.0 88.7 88.96 89.12 88.86 88.95 500.0 88.96 56.0 119956.0 51371.0 68585.0 0.0 88.9737
09:37:00 2610.0 167418.0 88.7 89.45 89.48 88.9 89.45 299.0 89.46 100.0 167418.0 85552.0 81866.0 0.0 89.1945
09:38:00 2790.0 167582.0 88.7 89.61 89.7 89.27 89.61 61.0 89.62 214.0 167582.0 93855.0 73727.0 0.0 89.5155
09:39:00 2062.0 135949.0 88.7 89.58 89.69 89.24 89.57 900.0 89.59 931.0 135949.0 76848.0 59101.0 0.0 89.4375
09:40:00 1944.0 130434.0 88.7 89.52 89.66 89.36 89.52 488.0 89.53 1102.0 130434.0 63936.0 66498.0 0.0 89.4964
09:41:00 1973.0 121377.0 88.7 89.63 89.64 89.43 89.63 364.0 89.64 606.0 121377.0 58027.0 63350.0 0.0 89.5423
09:42:00 2507.0 183345.0 88.7 89.11 89.64 89.09 89.12 100.0 89.12 32.0 183345.0 88309.0 95036.0 0.0 89.3712
09:43:00 2163.0 169296.0 88.7 89.15 89.31 88.9 89.14 105.0 89.15 1525.0 169296.0 85357.0 83939.0 0.0 89.1024
09:44:00 2369.0 159226.0 88.7 89.24 89.47 89.1 89.23 101.0 89.24 1300.0 159226.0 92572.0 66654.0 0.0 89.3065
09:45:00 1780.0 120740.0 88.7 89.38 89.43 89.0 89.38 410.0 89.39 300.0 120740.0 62559.0 58181.0 0.0 89.1826
09:46:00 1849.0 127086.0 88.7 89.56 89.62 89.34 89.56 421.0 89.57 659.0 127086.0 74555.0 52531.0 0.0 89.492
09:47:00 2699.0 200987.0 88.7 89.83 89.88 89.55 89.82 1521.0 89.84 1800.0 200987.0 124865.0 76122.0 0.0 89.749
09:48:00 2200.0 166998.0 88.7 89.78 89.91 89.74 89.78 1106.0 89.8 1721.0 166998.0 95040.0 71958.0 0.0 89.8467
09:49:00 1610.0 111462.0 88.7 89.89 89.94 89.75 89.87 834.0 89.88 100.0 111462.0 61761.0 49701.0 0.0 89.8599
09:50:00 2406.0 182177.0 88.7 89.98 90.0 89.855 89.97 684.0 89.98 897.0 182177.0 105128.0 77049.0 0.0 89.9445
09:51:00 6566.0 1081346.0 88.7 90.28 90.38 89.93 90.26 1426.0 90.28 900.0 1081346.0 946058.0 135288.0 0.0 90.0382
09:52:00 1947.0 144935.0 88.7 90.47 90.6 90.2 90.47 1000.0 90.48 66.0 144935.0 78128.0 66807.0 0.0 90.4408
09:53:00 1622.0 111969.0 88.7 90.52 90.56 90.365 90.5 1704.0 90.52 400.0 111969.0 59861.0 52108.0 0.0 90.4695
09:54:00 1991.0 175162.0 88.7 90.35 90.67 90.28 90.34 1371.0 90.36 700.0 175162.0 99362.0 75800.0 0.0 90.4802
09:55:00 1821.0 117845.0 88.7 90.74 90.74 90.36 90.73 2056.0 90.74 1111.0 117845.0 69164.0 48681.0 0.0 90.5586
09:56:00 1807.0 145327.0 88.7 90.94 90.95 90.73 90.93 298.0 90.94 1390.0 145327.0 88134.0 57193.0 0.0 90.8453
09:57:00 1524.0 114540.0 88.7 90.63 90.94 90.56 90.61 2692.0 90.63 900.0 114540.0 48105.0 66435.0 0.0 90.7676
09:58:00 1399.0 128312.0 88.7 90.62 90.7 90.45 90.62 300.0 90.63 500.0 128312.0 68894.0 59418.0 0.0 90.5961
09:59:00 1318.0 86607.0 88.7 90.5 90.64 90.425 90.49 1210.0 90.51 1224.0 86607.0 43790.0 42817.0 0.0 90.527
10:00:00 1026.0 69518.0 88.7 90.73 90.74 90.41 90.71 600.0 90.73 321.0 69518.0 42813.0 26705.0 0.0 90.5545
10:01:00 1844.0 122319.0 88.7 90.79 90.82 90.64 90.79 484.0 90.8 1289.0 122319.0 48176.0 74143.0 0.0 90.7486
10:02:00 2000.0 135642.0 88.7 90.42 90.82 90.37 90.4 462.0 90.42 1662.0 135642.0 51806.0 83836.0 0.0 90.702
10:03:00 2173.0 133269.0 88.7 90.28 90.42 90.11 90.26 1028.0 90.27 2.0 133269.0 70339.0 62930.0 0.0 90.2353
10:04:00 1595.0 94462.0 88.7 90.45 90.53 90.25 90.43 250.0 90.44 1111.0 94462.0 47029.0 47433.0 0.0 90.3899
10:05:00 1635.0 95778.0 88.7 90.25 90.505 90.14 90.24 903.0 90.25 10.0 95778.0 45203.0 50575.0 0.0 90.319
10:06:00 1295.0 67946.0 88.7 90.27 90.29 90.12 90.26 300.0 90.27 880.0 67946.0 35817.0 32129.0 0.0 90.206
10:07:00 1069.0 72942.0 88.7 90.3 90.42 90.17 90.3 8.0 90.3 65.0 72942.0 30903.0 42039.0 0.0 90.3133
10:08:00 1210.0 81859.0 88.7 90.46 90.53 90.29 90.44 565.0 90.45 263.0 81859.0 49766.0 32093.0 0.0 90.4343
10:09:00 1167.0 71099.0 88.7 90.63 90.64 90.41 90.61 1347.0 90.62 290.0 71099.0 42732.0 28367.0 0.0 90.5216
10:10:00 1663.0 106873.0 88.7 90.44 90.64 90.38 90.43 947.0 90.45 1371.0 106873.0 58900.0 47973.0 0.0 90.5623
10:11:00 1338.0 104404.0 88.7 90.15 90.46 90.13 90.15 166.0 90.16 1147.0 104404.0 30012.0 74392.0 0.0 90.2882
10:12:00 1919.0 128960.0 88.7 89.94 90.16 89.82 89.93 672.0 89.94 977.0 128960.0 53397.0 75563.0 0.0 89.9533
10:13:00 1164.0 61384.0 88.7 89.88 89.96 89.82 89.88 513.0 89.89 785.0 61384.0 31958.0 29426.0 0.0 89.9107
10:14:00 1073.0 82133.0 88.7 89.83 89.88 89.67 89.82 213.0 89.83 927.0 82133.0 35387.0 46746.0 0.0 89.7749
10:15:00 1418.0 104155.0 88.7 90.15 90.16 89.81 90.15 40.0 90.16 310.0 104155.0 61582.0 42573.0 0.0 89.9578
10:16:00 1522.0 109682.0 88.7 90.42 90.45 90.01 90.42 520.0 90.43 112.0 109682.0 55649.0 54033.0 0.0 90.2539
10:17:00 1137.0 90888.0 88.7 90.37 90.535 90.29 90.37 8.0 90.38 622.0 90888.0 44364.0 46524.0 0.0 90.4362
10:18:00 727.0 39799.0 88.7 90.14 90.38 90.1 90.13 506.0 90.14 209.0 39799.0 17113.0 22686.0 0.0 90.1921
10:19:00 1293.0 98214.0 88.7 90.28 90.31 90.04 90.26 462.0 90.27 114.0 98214.0 41338.0 56876.0 0.0 90.1271
10:20:00 818.0 44940.0 88.7 90.18 90.32 90.11 90.18 503.0 90.2 1953.0 44940.0 25697.0 19243.0 0.0 90.2253
10:21:00 1099.0 77164.0 88.7 90.08 90.2 89.96 90.07 702.0 90.08 612.0 77164.0 25904.0 51260.0 0.0 90.0596
10:22:00 826.0 40544.0 88.7 90.11 90.19 90.02 90.11 2776.0 90.12 100.0 40544.0 22572.0 17972.0 0.0 90.1217
10:23:00 747.0 49529.0 88.7 90.165 90.28 90.12 90.16 1508.0 90.17 316.0 49529.0 26856.0 22673.0 0.0 90.1875
10:24:00 1094.0 100449.0 88.7 90.11 90.16 89.93 90.09 1505.0 90.11 600.0 100449.0 40731.0 59718.0 0.0 90.0375
10:25:00 738.0 52131.0 88.7 89.87 90.12 89.86 89.87 300.0 89.88 400.0 52131.0 20097.0 32034.0 0.0 89.96
10:26:00 858.0 65080.0 88.7 90.04 90.07 89.85 90.03 1400.0 90.05 560.0 65080.0 38612.0 26468.0 0.0 89.952
10:27:00 975.0 76699.0 88.7 90.16 90.17 90.04 90.16 942.0 90.17 200.0 76699.0 43582.0 33117.0 0.0 90.1175
10:28:00 1075.0 74738.0 88.7 90.23 90.35 90.11 90.22 121.0 90.23 820.0 74738.0 47109.0 27629.0 0.0 90.2295
10:29:00 809.0 59701.0 88.7 90.34 90.37 90.16 90.34 178.0 90.35 514.0 59701.0 34474.0 25227.0 0.0 90.2725
10:30:00 903.0 56016.0 88.7 90.19 90.44 90.16 90.19 100.0 90.2 1185.0 56016.0 26355.0 29661.0 0.0 90.3351
10:31:00 1453.0 123607.0 88.7 90.57 90.59 90.18 90.57 1405.0 90.58 220.0 123607.0 78544.0 45063.0 0.0 90.4605
10:32:00 918.0 70784.0 88.7 90.61 90.69 90.571 90.61 100.0 90.62 600.0 70784.0 38818.0 31966.0 0.0 90.6389
10:33:00 998.0 77981.0 88.7 90.72 90.74 90.515 90.72 139.0 90.73 583.0 77981.0 40482.0 37499.0 0.0 90.6219
10:34:00 1423.0 106929.0 88.7 90.75 90.83 90.73 90.74 800.0 90.75 328.0 106929.0 57818.0 49111.0 0.0 90.7836
10:35:00 1234.0 104525.0 88.7 90.8 90.89 90.73 90.8 5386.0 90.81 500.0 104525.0 58091.0 46434.0 0.0 90.814
10:36:00 1161.0 96244.0 88.7 90.95 90.95 90.76 90.94 79.0 90.95 8145.0 96244.0 53273.0 42971.0 0.0 90.8675
10:37:00 1141.0 87949.0 88.7 90.62 90.99 90.6 90.62 680.0 90.64 1900.0 87949.0 39952.0 47997.0 0.0 90.8077
10:38:00 1291.0 82173.0 88.7 90.04 90.62 90.03 90.04 292.0 90.05 200.0 82173.0 31142.0 51031.0 0.0 90.293
10:39:00 1092.0 80861.0 88.7 90.23 90.25 89.94 90.21 1700.0 90.23 400.0 80861.0 41489.0 39372.0 0.0 90.0867
10:40:00 950.0 60469.0 88.7 90.2 90.32 90.15 90.2 244.0 90.21 1158.0 60469.0 25832.0 34637.0 0.0 90.214
10:41:00 840.0 50649.0 88.7 90.13 90.24 90.07 90.12 1900.0 90.13 500.0 50649.0 22207.0 28442.0 0.0 90.1431
10:42:00 594.0 38116.0 88.7 90.18 90.22 90.095 90.18 200.0 90.19 300.0 38116.0 18947.0 19169.0 0.0 90.1477
10:43:00 795.0 52888.0 88.7 90.41 90.41 90.17 90.41 658.0 90.42 400.0 52888.0 32783.0 20105.0 0.0 90.2937
10:44:00 910.0 62011.0 88.7 90.36 90.52 90.31 90.35 1328.0 90.37 1677.0 62011.0 29947.0 32064.0 0.0 90.4069
10:45:00 672.0 41241.0 88.7 90.14 90.41 90.09 90.13 1200.0 90.14 21.0 41241.0 21558.0 19683.0 0.0 90.2615
10:46:00 871.0 76279.0 88.7 89.975 90.17 89.955 89.97 632.0 89.98 700.0 76279.0 23181.0 53098.0 0.0 90.0586
10:47:00 752.0 51052.0 88.7 90.08 90.16 89.95 90.08 800.0 90.09 461.0 51052.0 23805.0 27247.0 0.0 90.0653
10:48:00 758.0 74579.0 88.7 89.93 90.1 89.92 89.93 506.0 89.94 100.0 74579.0 23637.0 50942.0 0.0 90.0113
10:49:00 891.0 65457.0 88.7 90.04 90.09 89.88 90.02 1802.0 90.04 965.0 65457.0 35134.0 30323.0 0.0 89.9687
10:50:00 1017.0 71211.0 88.7 90.06 90.11 90.01 90.05 2142.0 90.07 500.0 71211.0 40768.0 30443.0 0.0 90.0556
10:51:00 1201.0 80010.0 88.7 90.15 90.245 90.03 90.15 1272.0 90.16 200.0 80010.0 51597.0 28413.0 0.0 90.1134
10:52:00 1397.0 87545.0 88.7 90.0 90.16 90.0 90.0 6159.0 90.01 1055.0 87545.0 40012.0 47533.0 0.0 90.0413
10:53:00 1313.0 94816.0 88.7 90.25 90.28 89.97 90.26 10.0 90.27 1000.0 94816.0 45248.0 49568.0 0.0 90.1006
10:54:00 587.0 42605.0 88.7 90.14 90.28 90.1 90.13 105.0 90.14 400.0 42605.0 20073.0 22532.0 0.0 90.1918
10:55:00 903.0 63667.0 88.7 90.165 90.27 90.06 90.16 433.0 90.17 500.0 63667.0 31473.0 32194.0 0.0 90.1811
10:56:00 954.0 70178.0 88.7 90.18 90.28 90.03 90.18 400.0 90.19 201.0 70178.0 35697.0 34481.0 0.0 90.1522
10:57:00 813.0 53718.0 88.7 90.32 90.32 90.14 90.32 195.0 90.33 745.0 53718.0 32748.0 20970.0 0.0 90.2227
10:58:00 1686.0 130351.0 88.7 90.71 90.88 90.33 90.7 33.0 90.71 361.0 130351.0 79657.0 50694.0 0.0 90.6448
10:59:00 1238.0 73635.0 88.7 90.68 90.81 90.62 90.67 16.0 90.68 1276.0 73635.0 35007.0 38628.0 0.0 90.7109
11:00:00 1037.0 66446.0 88.7 90.95 90.96 90.62 90.93 2300.0 90.95 337.0 66446.0 35905.0 30541.0 0.0 90.8216
11:01:00 857.0 58650.0 88.7 90.88 90.96 90.79 90.87 1837.0 90.88 6.0 58650.0 28635.0 30015.0 0.0 90.8745
11:02:00 860.0 62246.0 88.7 90.82 90.91 90.79 90.82 1605.0 90.83 210.0 62246.0 24554.0 37692.0 0.0 90.8467
11:03:00 906.0 58031.0 88.7 90.73 90.87 90.67 90.72 914.0 90.74 1897.0 58031.0 30605.0 27426.0 0.0 90.7737
11:04:00 791.0 39651.0 88.7 90.58 90.74 90.56 90.57 1375.0 90.58 18.0 39651.0 21368.0 18283.0 0.0 90.6795
11:05:00 703.0 48261.0 88.7 90.48 90.58 90.43 90.48 303.0 90.49 5417.0 48261.0 33446.0 14815.0 0.0 90.4955
11:06:00 905.0 52778.0 88.7 90.58 90.63 90.45 90.58 8.0 90.59 2000.0 52778.0 30873.0 21905.0 0.0 90.5382
11:07:00 857.0 44577.0 88.7 90.45 90.72 90.4 90.45 945.0 90.46 1040.0 44577.0 22195.0 22382.0 0.0 90.5731
11:08:00 1198.0 70677.0 88.7 90.44 90.53 90.41 90.44 337.0 90.45 1938.0 70677.0 31996.0 38681.0 0.0 90.4682
11:09:00 916.0 47469.0 88.7 90.5 90.57 90.42 90.5 207.0 90.51 2051.0 47469.0 25028.0 22441.0 0.0 90.4984
11:10:00 1140.0 62632.0 88.7 90.52 90.54 90.43 90.52 6.0 90.53 1757.0 62632.0 32703.0 29929.0 0.0 90.4928
11:11:00 1195.0 74676.0 88.7 90.58 90.63 90.52 90.57 1223.0 90.58 400.0 74676.0 38386.0 36290.0 0.0 90.5852
11:12:00 1224.0 82500.0 88.7 90.185 90.65 90.175 90.18 183.0 90.19 399.0 82500.0 26452.0 56048.0 0.0 90.4363
11:13:00 1357.0 94323.0 88.7 90.18 90.22 90.0 90.17 1900.0 90.18 694.0 94323.0 46054.0 48269.0 0.0 90.1008
11:14:00 1245.0 80685.0 88.7 90.38 90.47 90.18 90.37 255.0 90.38 521.0 80685.0 41560.0 39125.0 0.0 90.3001
11:15:00 771.0 44713.0 88.7 90.46 90.51 90.24 90.45 1939.0 90.46 300.0 44713.0 28582.0 16131.0 0.0 90.3657
11:16:00 1023.0 64313.0 88.7 90.3 90.51 90.22 90.29 258.0 90.3 1400.0 64313.0 31168.0 33145.0 0.0 90.3586
11:17:00 670.0 37798.0 88.7 90.32 90.47 90.24 90.31 1035.0 90.32 9.0 37798.0 21246.0 16552.0 0.0 90.3842
11:18:00 786.0 57252.0 88.7 90.49 90.5 90.21 90.48 1622.0 90.5 900.0 57252.0 38649.0 18603.0 0.0 90.3725
11:19:00 725.0 44638.0 88.7 90.48 90.57 90.46 90.48 185.0 90.49 892.0 44638.0 19806.0 24832.0 0.0 90.5104
11:20:00 1067.0 77131.0 88.7 90.57 90.605 90.45 90.57 500.0 90.58 719.0 77131.0 41157.0 35974.0 0.0 90.5331
11:21:00 744.0 49357.0 88.7 90.47 90.665 90.46 90.46 843.0 90.47 421.0 49357.0 24811.0 24546.0 0.0 90.5633
11:22:00 771.0 42101.0 88.7 90.66 90.7 90.38 90.65 201.0 90.66 998.0 42101.0 22760.0 19341.0 0.0 90.5763
11:23:00 607.0 32844.0 88.7 90.57 90.7 90.53 90.57 107.0 90.58 1449.0 32844.0 16655.0 16189.0 0.0 90.5925
11:24:00 861.0 55240.0 88.7 90.59 90.67 90.49 90.59 2600.0 90.6 110.0 55240.0 28654.0 26586.0 0.0 90.5814
11:25:00 607.0 35486.0 88.7 90.68 90.7 90.59 90.68 668.0 90.69 612.0 35486.0 17839.0 17647.0 0.0 90.6608
11:26:00 1194.0 85596.0 88.7 90.62 90.82 90.58 90.62 906.0 90.63 437.0 85596.0 38720.0 46876.0 0.0 90.7149
11:27:00 886.0 55231.0 88.7 90.6 90.7 90.58 90.58 1431.0 90.59 353.0 55231.0 23008.0 32223.0 0.0 90.6432
11:28:00 1147.0 81968.0 88.7 90.46 90.59 90.45 90.46 1158.0 90.47 200.0 81968.0 35370.0 46598.0 0.0 90.5207
11:29:00 1318.0 103897.0 88.7 90.33 90.52 90.33 90.33 809.0 90.34 529.0 103897.0 46977.0 56920.0 0.0 90.4258
11:30:00 1005.0 73737.0 88.7 90.39 90.45 90.28 90.38 1600.0 90.39 1.0 73737.0 31001.0 42736.0 0.0 90.3275
11:31:00 957.0 57905.0 88.7 90.3 90.38 90.19 90.29 800.0 90.3 101.0 57905.0 31759.0 26146.0 0.0 90.2673
11:32:00 991.0 75837.0 88.7 90.64 90.66 90.29 90.64 300.0 90.65 5600.0 75837.0 46773.0 29064.0 0.0 90.5198
11:33:00 1156.0 132390.0 88.7 90.645 90.71 90.53 90.64 300.0 90.65 300.0 132390.0 84361.0 48029.0 0.0 90.6366
11:34:00 1044.0 81410.0 88.7 90.81 90.85 90.65 90.8 100.0 90.81 481.0 81410.0 51426.0 29984.0 0.0 90.767
11:35:00 795.0 52402.0 88.7 90.8 90.84 90.74 90.79 2039.0 90.8 100.0 52402.0 18987.0 33415.0 0.0 90.7844
11:36:00 781.0 59641.0 88.7 90.82 90.9 90.75 90.82 55.0 90.83 1455.0 59641.0 31691.0 27950.0 0.0 90.8262
11:37:00 981.0 67272.0 88.7 90.94 90.95 90.78 90.93 1100.0 90.94 1200.0 67272.0 33288.0 33984.0 0.0 90.8672
11:38:00 738.0 49851.0 88.7 90.94 90.95 90.88 90.93 1606.0 90.95 1842.0 49851.0 26850.0 23001.0 0.0 90.9305
11:39:00 2418.0 253137.0 88.7 91.14 91.19 90.95 91.14 100.0 91.15 2322.0 253137.0 213478.0 39659.0 0.0 91.0226
11:40:00 685.0 49470.0 88.7 91.04 91.17 90.97 91.04 711.0 91.05 416.0 49470.0 21659.0 27811.0 0.0 91.0864
11:41:00 724.0 55629.0 88.7 90.97 91.13 90.959 90.97 1500.0 90.98 112.0 55629.0 28522.0 27107.0 0.0 91.0084
11:42:00 474.0 28135.0 88.7 91.065 91.1 90.97 91.06 333.0 91.07 1701.0 28135.0 15913.0 12222.0 0.0 91.0626
11:43:00 742.0 46666.0 88.7 90.97 91.065 90.87 90.97 1522.0 90.98 500.0 46666.0 18261.0 28405.0 0.0 90.9456
11:44:00 756.0 70391.0 88.7 90.94 90.985 90.88 90.93 1600.0 90.94 900.0 70391.0 21953.0 48438.0 0.0 90.9297
11:45:00 784.0 47820.0 88.7 90.92 90.96 90.89 90.91 600.0 90.92 1001.0 47820.0 21596.0 26224.0 0.0 90.9297
11:46:00 788.0 57266.0 88.7 90.9 90.95 90.82 90.89 700.0 90.9 2991.0 57266.0 27507.0 29759.0 0.0 90.8904
11:47:00 858.0 73062.0 88.7 91.06 91.105 90.88 91.05 2134.0 91.06 100.0 73062.0 45340.0 27722.0 0.0 91.0272
11:48:00 1013.0 75085.0 88.7 91.09 91.12 91.02 91.06 1902.0 91.07 200.0 75085.0 38323.0 36762.0 0.0 91.0696
11:49:00 658.0 59612.0 88.7 91.119 91.12 90.945 91.11 1021.0 91.12 200.0 59612.0 33357.0 26255.0 0.0 91.0424
11:50:00 679.0 43887.0 88.7 91.11 91.205 91.08 91.1 2586.0 91.12 1700.0 43887.0 23931.0 19956.0 0.0 91.1584
11:51:00 475.0 29823.0 88.7 91.11 91.14 91.07 91.11 800.0 91.12 700.0 29823.0 17452.0 12371.0 0.0 91.0953
11:52:00 653.0 54701.0 88.7 91.21 91.25 91.12 91.2 1810.0 91.21 1693.0 54701.0 33544.0 21157.0 0.0 91.207
11:53:00 609.0 42403.0 88.7 91.12 91.21 91.11 91.12 1922.0 91.13 750.0 42403.0 20231.0 22172.0 0.0 91.1648
11:54:00 646.0 46660.0 88.7 91.2 91.2 91.11 91.2 2300.0 91.21 100.0 46660.0 26912.0 19748.0 0.0 91.1508
11:55:00 525.0 41347.0 88.7 91.24 91.25 91.18 91.24 1500.0 91.25 1477.0 41347.0 31485.0 9862.0 0.0 91.2321
11:56:00 850.0 66214.0 88.7 91.2 91.3 91.2 91.2 1013.0 91.21 1125.0 66214.0 40554.0 25660.0 0.0 91.2546
11:57:00 722.0 52027.0 88.7 91.3 91.309 91.21 91.3 363.0 91.31 3423.0 52027.0 18724.0 33303.0 0.0 91.2813
11:58:00 639.0 44648.0 88.7 91.315 91.35 91.28 91.31 2200.0 91.32 200.0 44648.0 24905.0 19743.0 0.0 91.3123
11:59:00 999.0 81042.0 88.7 91.38 91.49 91.31 91.37 2171.0 91.38 200.0 81042.0 45818.0 35224.0 0.0 91.4191
12:00:00 1001.0 87418.0 88.7 91.46 91.505 91.35 91.46 2282.0 91.47 900.0 87418.0 56886.0 30532.0 0.0 91.456
12:01:00 746.0 53351.0 88.7 91.4 91.47 91.39 91.38 2389.0 91.39 300.0 53351.0 24695.0 28656.0 0.0 91.4284
12:02:00 985.0 79093.0 88.7 91.12 91.4 91.12 91.11 6803.0 91.12 101.0 79093.0 37688.0 41405.0 0.0 91.2745
12:03:00 911.0 74637.0 88.7 91.23 91.26 91.03 91.22 3002.0 91.23 113.0 74637.0 40555.0 34082.0 0.0 91.1347
12:04:00 694.0 50244.0 88.7 91.22 91.25 91.13 91.22 100.0 91.23 1100.0 50244.0 31474.0 18770.0 0.0 91.1821
12:05:00 700.0 42490.0 88.7 91.29 91.3 91.17 91.29 3300.0 91.3 422.0 42490.0 21401.0 21089.0 0.0 91.2306
12:06:00 612.0 41919.0 88.7 91.3 91.38 91.29 91.3 3.0 91.31 4917.0 41919.0 21701.0 20218.0 0.0 91.3344
12:07:00 812.0 66532.0 88.7 91.16 91.31 91.13 91.15 1900.0 91.16 100.0 66532.0 27167.0 39365.0 0.0 91.2208
12:08:00 1263.0 119620.0 88.7 91.01 91.15 90.94 91.0 400.0 91.01 1763.0 119620.0 37623.0 81997.0 0.0 91.0455
12:09:00 853.0 59697.0 88.7 91.03 91.13 91.0 91.02 300.0 91.03 3000.0 59697.0 27404.0 32293.0 0.0 91.0403
12:10:00 763.0 59799.0 88.7 91.02 91.1 91.0 91.01 2517.0 91.03 3144.0 59799.0 31554.0 28245.0 0.0 91.0442
12:11:00 1034.0 84062.0 88.7 90.98 91.06 90.94 90.98 2000.0 90.99 551.0 84062.0 32847.0 51215.0 0.0 91.0023
12:12:00 748.0 63773.0 88.7 90.905 91.03 90.88 90.9 1400.0 90.91 660.0 63773.0 28990.0 34783.0 0.0 90.9448
12:13:00 1205.0 83849.0 88.7 90.76 90.95 90.725 90.75 900.0 90.76 2769.0 83849.0 28826.0 55023.0 0.0 90.816
12:14:00 1847.0 131837.0 88.7 90.78 90.83 90.71 90.78 1700.0 90.79 300.0 131837.0 51560.0 80277.0 0.0 90.7623
12:15:00 1312.0 88901.0 88.7 90.57 90.8 90.53 90.56 862.0 90.57 200.0 88901.0 36329.0 52572.0 0.0 90.6555
12:16:00 1754.0 137485.0 88.7 90.48 90.6 90.38 90.47 1800.0 90.48 311.0 137485.0 59818.0 77667.0 0.0 90.4835
12:17:00 1497.0 89180.0 88.7 90.47 90.61 90.445 90.47 158.0 90.48 2600.0 89180.0 37169.0 52011.0 0.0 90.509
12:18:00 2830.0 211102.0 88.7 90.11 90.47 90.0 90.11 117.0 90.12 2560.0 211102.0 68704.0 142398.0 0.0 90.1324
12:19:00 2158.0 179630.0 88.7 89.74 90.12 89.73 89.73 140.0 89.74 1126.0 179630.0 69772.0 109858.0 0.0 89.988
12:20:00 2265.0 166387.0 88.7 89.25 89.77 89.205 89.25 200.0 89.26 2101.0 166387.0 77273.0 89114.0 0.0 89.4474
12:21:00 2661.0 196322.0 88.7 88.77 89.45 88.77 88.77 860.0 88.78 700.0 196322.0 72883.0 123439.0 0.0 89.1537
12:22:00 4249.0 284665.0 88.7 87.21 88.77 87.12 87.18 700.0 87.21 1300.0 284665.0 89412.0 195253.0 0.0 87.9459
12:23:00 3931.0 303547.0 88.7 88.05 88.14 87.18 88.04 358.0 88.05 200.0 303547.0 172274.0 131273.0 0.0 87.6161
12:24:00 2124.0 131917.0 88.7 88.82 88.94 88.05 88.81 912.0 88.82 177.0 131917.0 62104.0 69813.0 0.0 88.5162
12:25:00 2073.0 146592.0 88.7 88.49 88.9 88.19 88.48 650.0 88.5 251.0 146592.0 67994.0 78598.0 0.0 88.512
12:26:00 1707.0 144579.0 88.7 88.46 88.74 88.21 88.46 149.0 88.47 350.0 144579.0 70493.0 74086.0 0.0 88.3996
12:27:00 1493.0 101917.0 88.7 88.06 88.62 87.91 88.04 100.0 88.06 600.0 101917.0 46949.0 54968.0 0.0 88.2446
12:28:00 1159.0 86795.0 88.7 87.95 88.32 87.91 87.94 750.0 87.96 273.0 86795.0 46713.0 40082.0 0.0 88.0722
12:29:00 1478.0 132539.0 88.7 87.45 87.98 87.45 87.45 335.0 87.46 1858.0 132539.0 54053.0 78486.0 0.0 87.6838
12:30:00 1773.0 146578.0 88.7 87.58 87.69 87.08 87.58 100.0 87.6 1156.0 146578.0 74427.0 72151.0 0.0 87.3718
12:31:00 2675.0 241575.0 88.7 86.8 87.73 86.69 86.79 700.0 86.8 100.0 241575.0 101104.0 140471.0 0.0 87.1772
12:32:00 2579.0 175736.0 88.7 87.74 87.75 86.8 87.7 500.0 87.73 959.0 175736.0 113703.0 62033.0 0.0 87.3469
12:33:00 1290.0 89610.0 88.7 87.49 87.96 87.49 87.48 414.0 87.51 771.0 89610.0 41449.0 48161.0 0.0 87.7234
12:34:00 1723.0 127154.0 88.7 87.08 87.57 86.95 87.07 500.0 87.08 100.0 127154.0 64113.0 63041.0 0.0 87.1888
12:35:00 1313.0 96799.0 88.7 86.85 87.15 86.75 86.83 600.0 86.84 100.0 96799.0 44525.0 52274.0 0.0 86.9301
12:36:00 1564.0 106256.0 88.7 87.07 87.3 86.81 87.04 500.0 87.06 250.0 106256.0 52169.0 54087.0 0.0 87.0976
12:37:00 2138.0 161751.0 88.7 86.24 87.04 86.17 86.24 450.0 86.27 600.0 161751.0 76449.0 85302.0 0.0 86.6124
12:38:00 2273.0 157087.0 88.7 85.68 86.39 85.65 85.66 250.0 85.69 250.0 157087.0 69581.0 87506.0 0.0 86.0524
12:39:00 2172.0 141741.0 88.7 86.04 86.47 85.67 86.02 600.0 86.05 400.0 141741.0 73839.0 67902.0 0.0 86.0544
12:40:00 1938.0 127113.0 88.7 85.44 86.33 85.43 85.44 1.0 85.45 200.0 127113.0 60735.0 66378.0 0.0 85.8266
12:41:00 1870.0 134141.0 88.7 86.12 86.22 85.42 86.12 100.0 86.14 600.0 134141.0 74388.0 59753.0 0.0 85.846
12:42:00 2178.0 165823.0 88.7 86.81 86.85 86.05 86.79 546.0 86.81 413.0 165823.0 89706.0 76117.0 0.0 86.3968
12:43:00 1210.0 84257.0 88.7 87.06 87.09 86.73 87.06 451.0 87.08 550.0 84257.0 41072.0 43185.0 0.0 86.8822
12:44:00 1309.0 98019.0 88.7 87.43 87.5 87.06 87.42 250.0 87.44 200.0 98019.0 48482.0 49537.0 0.0 87.3253
12:45:00 1338.0 106729.0 88.7 86.79 87.47 86.72 86.8 50.0 86.82 200.0 106729.0 32339.0 74390.0 0.0 87.14
12:46:00 902.0 60024.0 88.7 86.92 87.16 86.76 86.91 600.0 86.93 650.0 60024.0 33459.0 26565.0 0.0 86.9762
12:47:00 719.0 48958.0 88.7 87.09 87.2 86.9 87.09 100.0 87.11 400.0 48958.0 23373.0 25585.0 0.0 87.0582
12:48:00 843.0 56930.0 88.7 86.71 87.13 86.71 86.72 100.0 86.73 400.0 56930.0 21976.0 34954.0 0.0 86.8623
12:49:00 1053.0 90832.0 88.7 86.93 87.0 86.66 86.92 1712.0 86.94 100.0 90832.0 34714.0 56118.0 0.0 86.8649
12:50:00 733.0 70242.0 88.7 86.89 87.0 86.77 86.88 340.0 86.89 1.0 70242.0 33259.0 36983.0 0.0 86.8631
12:51:00 1061.0 115196.0 88.7 87.03 87.05 86.67 87.03 100.0 87.04 100.0 115196.0 62888.0 52308.0 0.0 86.8573
12:52:00 749.0 58625.0 88.7 87.54 87.54 87.05 87.53 200.0 87.54 400.0 58625.0 37382.0 21243.0 0.0 87.3001
12:53:00 1475.0 145685.0 88.7 87.45 87.7 87.36 87.45 399.0 87.47 1400.0 145685.0 61595.0 84090.0 0.0 87.5315
12:54:00 920.0 70356.0 88.7 87.12 87.48 87.07 87.12 1.0 87.14 1600.0 70356.0 31369.0 38987.0 0.0 87.2717
12:55:00 799.0 71812.0 88.7 87.21 87.26 87.0 87.23 200.0 87.24 940.0 71812.0 39134.0 32678.0 0.0 87.0974
12:56:00 657.0 67149.0 88.7 87.4 87.4 87.22 87.39 621.0 87.4 200.0 67149.0 44300.0 22849.0 0.0 87.3501
12:57:00 933.0 71627.0 88.7 87.62 87.67 87.31 87.62 1100.0 87.64 600.0 71627.0 37010.0 34617.0 0.0 87.4654
12:58:00 706.0 52896.0 88.7 87.38 87.65 87.31 87.37 820.0 87.38 2253.0 52896.0 21272.0 31624.0 0.0 87.4169
12:59:00 961.0 75924.0 88.7 87.26 87.44 87.18 87.25 807.0 87.26 99.0 75924.0 35920.0 40004.0 0.0 87.2808
13:00:00 769.0 54751.0 88.7 87.17 87.31 87.14 87.16 813.0 87.17 400.0 54751.0 25123.0 29628.0 0.0 87.2255
13:01:00 916.0 67775.0 88.7 87.23 87.32 87.06 87.22 200.0 87.23 400.0 67775.0 37577.0 30198.0 0.0 87.2044
13:02:00 964.0 85061.0 88.7 86.91 87.24 86.89 86.9 1620.0 86.92 700.0 85061.0 36606.0 48455.0 0.0 87.0671
13:03:00 977.0 74447.0 88.7 87.1 87.15 86.915 87.1 500.0 87.11 100.0 74447.0 44026.0 30421.0 0.0 87.0803
13:04:00 728.0 66052.0 88.7 86.96 87.16 86.86 86.96 1000.0 86.98 2200.0 66052.0 31872.0 34180.0 0.0 86.9959
13:05:00 1048.0 73542.0 88.7 86.94 87.02 86.9 86.92 400.0 86.93 500.0 73542.0 41858.0 31684.0 0.0 86.9791
13:06:00 999.0 85490.0 88.7 87.21 87.23 86.93 87.2 300.0 87.21 200.0 85490.0 46721.0 38769.0 0.0 87.0931
13:07:00 1150.0 105215.0 88.7 87.39 87.45 87.12 87.38 609.0 87.39 202.0 105215.0 57535.0 47680.0 0.0 87.2938
13:08:00 780.0 56911.0 88.7 87.38 87.42 87.23 87.38 200.0 87.39 500.0 56911.0 25166.0 31745.0 0.0 87.3329
13:09:00 1077.0 99510.0 88.7 87.49 87.62 87.39 87.49 600.0 87.51 2092.0 99510.0 54092.0 45418.0 0.0 87.5347
13:10:00 696.0 65793.0 88.7 87.44 87.69 87.41 87.43 300.0 87.44 395.0 65793.0 27306.0 38487.0 0.0 87.5537
13:11:00 754.0 58480.0 88.7 87.63 87.69 87.41 87.63 400.0 87.64 1402.0 58480.0 30348.0 28132.0 0.0 87.5728
13:12:00 724.0 54930.0 88.7 87.73 87.8 87.62 87.74 14.0 87.75 300.0 54930.0 25492.0 29438.0 0.0 87.6948
13:13:00 848.0 63409.0 88.7 87.72 87.85 87.67 87.71 2166.0 87.73 800.0 63409.0 28770.0 34639.0 0.0 87.7549
13:14:00 634.0 43674.0 88.7 87.71 87.74 87.63 87.69 2216.0 87.71 1100.0 43674.0 13682.0 29992.0 0.0 87.684
13:15:00 837.0 68956.0 88.7 87.73 87.76 87.57 87.72 900.0 87.74 1801.0 68956.0 34747.0 34209.0 0.0 87.6539
13:16:00 708.0 53103.0 88.7 87.7 87.815 87.68 87.7 800.0 87.71 100.0 53103.0 26961.0 26142.0 0.0 87.7477
13:17:00 765.0 65662.0 88.7 87.57 87.7 87.5 87.58 900.0 87.59 901.0 65662.0 28815.0 36847.0 0.0 87.599
13:18:00 586.0 47223.0 88.7 87.49 87.695 87.47 87.48 500.0 87.49 600.0 47223.0 20770.0 26453.0 0.0 87.5818
13:19:00 879.0 66065.0 88.7 87.69 87.69 87.44 87.68 831.0 87.69 1300.0 66065.0 37672.0 28393.0 0.0 87.5738
13:20:00 716.0 54995.0 88.7 87.61 87.76 87.56 87.62 900.0 87.63 649.0 54995.0 30193.0 24802.0 0.0 87.6536
13:21:00 602.0 54160.0 88.7 87.6 87.64 87.47 87.6 1596.0 87.61 500.0 54160.0 30930.0 23230.0 0.0 87.5547
13:22:00 660.0 55978.0 88.7 87.82 87.855 87.61 87.81 1100.0 87.82 400.0 55978.0 33482.0 22496.0 0.0 87.7697
13:23:00 733.0 72186.0 88.7 87.9 87.92 87.74 87.9 500.0 87.91 639.0 72186.0 44130.0 28056.0 0.0 87.8455
13:24:00 540.0 43041.0 88.7 87.9 87.93 87.79 87.89 1200.0 87.91 1800.0 43041.0 22395.0 20646.0 0.0 87.8636
13:25:00 584.0 43701.0 88.7 87.99 88.0 87.79 87.98 300.0 87.99 600.0 43701.0 19112.0 24589.0 0.0 87.8889
13:26:00 597.0 47754.0 88.7 87.93 87.985 87.86 87.92 300.0 87.93 200.0 47754.0 24259.0 23495.0 0.0 87.9014
13:27:00 754.0 65470.0 88.7 87.91 88.04 87.9 87.89 1610.0 87.91 900.0 65470.0 42588.0 22882.0 0.0 87.985
13:28:00 621.0 58766.0 88.7 88.12 88.18 87.91 88.12 100.0 88.13 1300.0 58766.0 40152.0 18614.0 0.0 88.0468
13:29:00 620.0 50460.0 88.7 88.21 88.21 88.03 88.2 1855.0 88.22 1812.0 50460.0 22267.0 28193.0 0.0 88.1198
13:30:00 691.0 59419.0 88.7 88.14 88.25 88.09 88.13 300.0 88.14 300.0 59419.0 22612.0 36807.0 0.0 88.1675
13:31:00 851.0 73089.0 88.7 88.17 88.24 88.04 88.16 1200.0 88.18 650.0 73089.0 34000.0 39089.0 0.0 88.146
13:32:00 771.0 72424.0 88.7 88.38 88.38 88.16 88.37 1400.0 88.38 100.0 72424.0 37688.0 34736.0 0.0 88.3058
13:33:00 1333.0 116161.0 88.7 88.79 88.8 88.38 88.79 700.0 88.8 793.0 116161.0 51142.0 65019.0 0.0 88.6303
13:34:00 1256.0 94453.0 88.7 88.75 88.88 88.71 88.74 2100.0 88.76 200.0 94453.0 43666.0 50787.0 0.0 88.7852
13:35:00 637.0 46726.0 88.7 88.65 88.75 88.58 88.64 833.0 88.66 1100.0 46726.0 16268.0 30458.0 0.0 88.6486
13:36:00 930.0 71435.0 88.7 88.55 88.67 88.5 88.54 800.0 88.55 100.0 71435.0 29620.0 41815.0 0.0 88.5816
13:37:00 570.0 42825.0 88.7 88.62 88.62 88.5 88.61 1701.0 88.63 1401.0 42825.0 19953.0 22872.0 0.0 88.5543
13:38:00 464.0 33448.0 88.7 88.49 88.61 88.41 88.48 400.0 88.49 200.0 33448.0 12109.0 21339.0 0.0 88.4965
13:39:00 494.0 46654.0 88.7 88.65 88.65 88.42 88.65 400.0 88.66 2300.0 46654.0 30383.0 16271.0 0.0 88.4918
13:40:00 710.0 51797.0 88.7 88.62 88.69 88.53 88.6 700.0 88.61 700.0 51797.0 20575.0 31222.0 0.0 88.6165
13:41:00 943.0 73277.0 88.7 88.57 88.6 88.42 88.57 2001.0 88.58 100.0 73277.0 39231.0 34046.0 0.0 88.5157
13:42:00 739.0 63247.0 88.7 88.58 88.6 88.415 88.57 1500.0 88.58 400.0 63247.0 28736.0 34511.0 0.0 88.4994
13:43:00 604.0 43308.0 88.7 88.41 88.63 88.41 88.4 407.0 88.41 1500.0 43308.0 21484.0 21824.0 0.0 88.5211
13:44:00 1028.0 82936.0 88.7 88.34 88.47 88.23 88.34 1609.0 88.35 200.0 82936.0 35660.0 47276.0 0.0 88.3227
13:45:00 1190.0 91846.0 88.7 88.47 88.47 88.23 88.45 2007.0 88.47 1700.0 91846.0 48177.0 43669.0 0.0 88.3498
13:46:00 892.0 74634.0 88.7 88.27 88.49 88.16 88.27 952.0 88.28 600.0 74634.0 34098.0 40536.0 0.0 88.2563
13:47:00 707.0 57745.0 88.7 88.22 88.33 88.18 88.23 862.0 88.25 2200.0 57745.0 28613.0 29132.0 0.0 88.2468
13:48:00 1369.0 150651.0 88.7 87.88 88.25 87.87 87.87 1200.0 87.88 200.0 150651.0 55327.0 95324.0 0.0 88.0755
13:49:00 1033.0 93587.0 88.7 88.17 88.2 87.86 88.17 100.0 88.18 1000.0 93587.0 61299.0 32288.0 0.0 88.0622
13:50:00 1034.0 81114.0 88.7 88.29 88.43 88.16 88.29 2000.0 88.31 1101.0 81114.0 41877.0 39237.0 0.0 88.2683
13:51:00 789.0 61922.0 88.7 88.59 88.71 88.28 88.57 101.0 88.58 500.0 61922.0 31785.0 30137.0 0.0 88.5299
13:52:00 407.0 29335.0 88.7 88.46 88.57 88.46 88.45 25.0 88.46 1240.0 29335.0 12296.0 17039.0 0.0 88.4994
13:53:00 418.0 39738.0 88.7 88.61 88.7 88.45 88.61 200.0 88.62 300.0 39738.0 27195.0 12543.0 0.0 88.6346
13:54:00 532.0 42782.0 88.7 88.76 88.79 88.54 88.76 800.0 88.77 201.0 42782.0 21413.0 21369.0 0.0 88.6709
13:55:00 667.0 66639.0 88.7 88.93 88.95 88.73 88.93 359.0 88.94 1200.0 66639.0 40781.0 25858.0 0.0 88.8277
13:56:00 798.0 74132.0 88.7 88.98 89.05 88.92 88.97 600.0 88.98 800.0 74132.0 38099.0 36033.0 0.0 88.9865
13:57:00 1010.0 85851.0 88.7 88.98 89.015 88.85 88.99 2300.0 89.0 231.0 85851.0 51668.0 34183.0 0.0 88.9285
13:58:00 415.0 33873.0 88.7 88.86 88.99 88.8 88.85 510.0 88.86 1001.0 33873.0 9141.0 24732.0 0.0 88.9017
13:59:00 448.0 30619.0 88.7 88.86 88.885 88.78 88.85 2608.0 88.86 200.0 30619.0 13259.0 17360.0 0.0 88.8358
14:00:00 565.0 38107.0 88.7 88.79 88.905 88.765 88.79 100.0 88.8 2200.0 38107.0 17351.0 20756.0 0.0 88.8256
14:01:00 618.0 37252.0 88.7 88.74 88.88 88.74 88.73 2792.0 88.74 200.0 37252.0 17786.0 19466.0 0.0 88.8156
14:02:00 902.0 73838.0 88.7 88.86 88.94 88.66 88.85 2750.0 88.86 500.0 73838.0 35928.0 37910.0 0.0 88.7995
14:03:00 651.0 54602.0 88.7 88.74 88.88 88.695 88.73 1000.0 88.74 300.0 54602.0 22578.0 32024.0 0.0 88.7872
14:04:00 680.0 50228.0 88.7 88.9 88.93 88.72 88.9 500.0 88.91 1000.0 50228.0 27215.0 23013.0 0.0 88.8539
14:05:00 1258.0 119677.0 88.7 88.86 89.01 88.84 88.84 2400.0 88.85 200.0 119677.0 63849.0 55828.0 0.0 88.936
14:06:00 818.0 62893.0 88.7 88.68 88.85 88.54 88.68 300.0 88.69 700.0 62893.0 30568.0 32325.0 0.0 88.6817
14:07:00 1107.0 96853.0 88.7 88.33 88.72 88.28 88.34 300.0 88.35 300.0 96853.0 40619.0 56234.0 0.0 88.423
14:08:00 470.0 32220.0 88.7 88.28 88.45 88.26 88.28 101.0 88.29 1360.0 32220.0 17469.0 14751.0 0.0 88.3489
14:09:00 825.0 83544.0 88.7 88.32 88.35 88.21 88.32 100.0 88.33 1200.0 83544.0 39302.0 44242.0 0.0 88.2776
14:10:00 499.0 37674.0 88.7 88.34 88.43 88.29 88.35 100.0 88.36 1200.0 37674.0 19623.0 18051.0 0.0 88.3671
14:11:00 551.0 43395.0 88.7 88.09 88.36 88.09 88.09 300.0 88.1 100.0 43395.0 17146.0 26249.0 0.0 88.1837
14:12:00 543.0 41330.0 88.7 88.12 88.19 88.07 88.12 600.0 88.13 300.0 41330.0 25654.0 15676.0 0.0 88.1128
14:13:00 612.0 50655.0 88.7 88.16 88.24 88.1 88.15 300.0 88.16 500.0 50655.0 28671.0 21984.0 0.0 88.1559
14:14:00 636.0 49887.0 88.7 87.97 88.22 87.97 87.96 1190.0 87.97 1100.0 49887.0 21051.0 28836.0 0.0 88.0705
14:15:00 710.0 59593.0 88.7 87.93 88.1 87.84 87.93 201.0 87.94 979.0 59593.0 29426.0 30167.0 0.0 87.9509
14:16:00 821.0 61201.0 88.7 88.08 88.18 87.92 88.08 200.0 88.09 400.0 61201.0 31066.0 30135.0 0.0 88.067
14:17:00 564.0 39226.0 88.7 87.86 88.09 87.82 87.85 1700.0 87.87 1304.0 39226.0 15682.0 23544.0 0.0 87.9649
14:18:00 500.0 30140.0 88.7 87.77 87.865 87.68 87.76 100.0 87.77 1300.0 30140.0 13770.0 16370.0 0.0 87.7762
14:19:00 618.0 46664.0 88.7 87.72 87.89 87.7 87.72 900.0 87.73 203.0 46664.0 20458.0 26206.0 0.0 87.8061
14:20:00 609.0 49502.0 88.7 87.84 87.91 87.7 87.83 900.0 87.85 1510.0 49502.0 27018.0 22484.0 0.0 87.8151
14:21:00 519.0 38406.0 88.7 88.06 88.13 87.83 88.06 400.0 88.07 1019.0 38406.0 21375.0 17031.0 0.0 87.9848
14:22:00 649.0 52934.0 88.7 88.05 88.15 87.98 88.05 1846.0 88.06 282.0 52934.0 24397.0 28537.0 0.0 88.0656
14:23:00 580.0 45327.0 88.7 88.14 88.16 87.93 88.14 1050.0 88.15 301.0 45327.0 21728.0 23599.0 0.0 88.0193
14:24:00 1012.0 87766.0 88.7 88.12 88.21 88.05 88.11 557.0 88.12 300.0 87766.0 40103.0 47663.0 0.0 88.1161
14:25:00 478.0 32363.0 88.7 88.11 88.13 87.96 88.11 513.0 88.12 500.0 32363.0 13936.0 18427.0 0.0 88.0522
14:26:00 441.0 30613.0 88.7 88.13 88.16 88.06 88.13 300.0 88.14 1700.0 30613.0 11356.0 19257.0 0.0 88.1081
14:27:00 398.0 29119.0 88.7 88.21 88.21 88.06 88.2 600.0 88.21 1300.0 29119.0 14778.0 14341.0 0.0 88.1199
14:28:00 449.0 36140.0 88.7 88.07 88.235 88.07 88.07 1100.0 88.08 200.0 36140.0 20346.0 15794.0 0.0 88.1572
14:29:00 462.0 30666.0 88.7 88.1 88.17 88.07 88.09 1721.0 88.1 106.0 30666.0 14287.0 16379.0 0.0 88.1251
14:30:00 446.0 29910.0 88.7 88.19 88.2 88.09 88.19 700.0 88.2 500.0 29910.0 16980.0 12930.0 0.0 88.1459
14:31:00 553.0 45699.0 88.7 88.17 88.31 88.16 88.17 700.0 88.18 1300.0 45699.0 27239.0 18460.0 0.0 88.2474
14:32:00 387.0 23307.0 88.7 88.23 88.275 88.17 88.23 1300.0 88.24 665.0 23307.0 13133.0 10174.0 0.0 88.2327
14:33:00 1013.0 87300.0 88.7 88.5 88.52 88.23 88.5 1500.0 88.51 501.0 87300.0 53444.0 33856.0 0.0 88.3811
14:34:00 826.0 68826.0 88.7 88.4 88.51 88.3 88.39 400.0 88.4 408.0 68826.0 30386.0 38440.0 0.0 88.4
14:35:00 479.0 32718.0 88.7 88.39 88.49 88.36 88.38 300.0 88.39 1110.0 32718.0 14640.0 18078.0 0.0 88.4452
14:36:00 543.0 38441.0 88.7 88.38 88.49 88.36 88.37 1400.0 88.38 100.0 38441.0 19055.0 19386.0 0.0 88.4147
14:37:00 375.0 30580.0 88.7 88.32 88.41 88.26 88.31 3100.0 88.32 100.0 30580.0 15249.0 15331.0 0.0 88.3233
14:38:00 726.0 58627.0 88.7 88.25 88.35 88.2 88.25 1116.0 88.26 201.0 58627.0 29334.0 29293.0 0.0 88.264
14:39:00 294.0 16960.0 88.7 88.355 88.36 88.24 88.35 500.0 88.36 820.0 16960.0 8764.0 8196.0 0.0 88.2956
14:40:00 382.0 28806.0 88.7 88.26 88.36 88.25 88.27 501.0 88.28 1104.0 28806.0 16341.0 12465.0 0.0 88.3031
14:41:00 543.0 39359.0 88.7 88.21 88.27 88.11 88.2 1670.0 88.21 400.0 39359.0 19665.0 19694.0 0.0 88.1705
14:42:00 414.0 29448.0 88.7 88.24 88.28 88.18 88.24 401.0 88.25 800.0 29448.0 14515.0 14933.0 0.0 88.2247
14:43:00 808.0 63949.0 88.7 88.42 88.46 88.23 88.43 400.0 88.44 1101.0 63949.0 38964.0 24985.0 0.0 88.3672
14:44:00 337.0 21727.0 88.7 88.39 88.44 88.35 88.38 2300.0 88.39 400.0 21727.0 9056.0 12671.0 0.0 88.3827
14:45:00 336.0 18484.0 88.7 88.41 88.41 88.345 88.41 1800.0 88.42 1225.0 18484.0 8471.0 10013.0 0.0 88.3847
14:46:00 571.0 40437.0 88.7 88.38 88.42 88.33 88.38 800.0 88.39 700.0 40437.0 20918.0 19519.0 0.0 88.3726
14:47:00 432.0 29172.0 88.7 88.45 88.46 88.34 88.45 100.0 88.46 2410.0 29172.0 19952.0 9220.0 0.0 88.3896
14:48:00 542.0 44905.0 88.7 88.51 88.55 88.45 88.5 100.0 88.51 1200.0 44905.0 31245.0 13660.0 0.0 88.4986
14:49:00 512.0 36281.0 88.7 88.32 88.51 88.28 88.32 100.0 88.33 1401.0 36281.0 15006.0 21275.0 0.0 88.3877
14:50:00 376.0 26433.0 88.7 88.33 88.37 88.27 88.32 1700.0 88.33 400.0 26433.0 13669.0 12764.0 0.0 88.3184
14:51:00 500.0 31255.0 88.7 88.25 88.41 88.215 88.24 1200.0 88.25 500.0 31255.0 16873.0 14382.0 0.0 88.3291
14:52:00 746.0 62932.0 88.7 88.27 88.29 88.14 88.26 1300.0 88.27 800.0 62932.0 28089.0 34843.0 0.0 88.2336
14:53:00 403.0 24757.0 88.7 88.27 88.31 88.23 88.26 500.0 88.27 1400.0 24757.0 12751.0 12006.0 0.0 88.2679
14:54:00 576.0 40095.0 88.7 88.275 88.35 88.25 88.26 800.0 88.27 1600.0 40095.0 20234.0 19861.0 0.0 88.2926
14:55:00 436.0 30436.0 88.7 88.21 88.27 88.18 88.21 2200.0 88.22 200.0 30436.0 13534.0 16902.0 0.0 88.2231
14:56:00 446.0 39216.0 88.7 88.17 88.23 88.16 88.17 552.0 88.18 2560.0 39216.0 24241.0 14975.0 0.0 88.1931
14:57:00 401.0 29309.0 88.7 88.09 88.22 88.055 88.08 2429.0 88.09 200.0 29309.0 17889.0 11420.0 0.0 88.1452
14:58:00 454.0 30780.0 88.7 88.075 88.13 88.04 88.07 2302.0 88.08 200.0 30780.0 13497.0 17283.0 0.0 88.0888
14:59:00 496.0 31856.0 88.7 88.0 88.1 87.99 87.99 2316.0 88.0 300.0 31856.0 16837.0 15019.0 0.0 88.0448
15:00:00 684.0 45869.0 88.7 88.08 88.125 88.0 88.08 2510.0 88.09 200.0 45869.0 25460.0 20409.0 0.0 88.0692
15:01:00 675.0 43946.0 88.7 88.17 88.24 88.085 88.17 200.0 88.18 2201.0 43946.0 28135.0 15811.0 0.0 88.1782
15:02:00 567.0 40658.0 88.7 88.29 88.29 88.165 88.29 500.0 88.3 1014.0 40658.0 23461.0 17197.0 0.0 88.2406
15:03:00 900.0 66746.0 88.7 88.47 88.5 88.3 88.46 1500.0 88.47 783.0 66746.0 45127.0 21619.0 0.0 88.408
15:04:00 581.0 45071.0 88.7 88.41 88.53 88.36 88.4 1600.0 88.41 600.0 45071.0 25412.0 19659.0 0.0 88.4699
15:05:00 657.0 47620.0 88.7 88.4 88.455 88.36 88.39 3025.0 88.4 100.0 47620.0 21636.0 25984.0 0.0 88.4013
15:06:00 425.0 30237.0 88.7 88.35 88.44 88.35 88.35 2556.0 88.36 501.0 30237.0 13986.0 16251.0 0.0 88.3823
15:07:00 595.0 38206.0 88.7 88.36 88.38 88.27 88.35 800.0 88.36 1200.0 38206.0 21400.0 16806.0 0.0 88.3186
15:08:00 531.0 32649.0 88.7 88.33 88.38 88.29 88.33 400.0 88.33 1.0 32649.0 18589.0 14060.0 0.0 88.3477
15:09:00 497.0 31176.0 88.7 88.335 88.36 88.305 88.32 910.0 88.33 1000.0 31176.0 16257.0 14919.0 0.0 88.328
15:10:00 404.0 25041.0 88.7 88.37 88.42 88.33 88.36 2850.0 88.37 1202.0 25041.0 12156.0 12885.0 0.0 88.3744
15:11:00 509.0 31406.0 88.7 88.43 88.44 88.34 88.42 3100.0 88.43 1150.0 31406.0 18496.0 12910.0 0.0 88.3784
15:12:00 807.0 74099.0 88.7 88.48 88.54 88.42 88.48 3100.0 88.49 100.0 74099.0 36664.0 37435.0 0.0 88.475
15:13:00 641.0 54307.0 88.7 88.62 88.63 88.465 88.62 1400.0 88.63 800.0 54307.0 30168.0 24139.0 0.0 88.5547
15:14:00 722.0 59089.0 88.7 88.68 88.69 88.575 88.68 700.0 88.69 1522.0 59089.0 29641.0 29448.0 0.0 88.6402
15:15:00 581.0 42945.0 88.7 88.63 88.7 88.63 88.62 3147.0 88.63 510.0 42945.0 20420.0 22525.0 0.0 88.6682
15:16:00 481.0 32964.0 88.7 88.53 88.67 88.51 88.51 1622.0 88.52 962.0 32964.0 15549.0 17415.0 0.0 88.5895
15:17:00 432.0 31595.0 88.7 88.53 88.57 88.45 88.52 500.0 88.53 866.0 31595.0 18100.0 13495.0 0.0 88.519
15:18:00 378.0 27263.0 88.7 88.52 88.595 88.465 88.51 2105.0 88.52 622.0 27263.0 14428.0 12835.0 0.0 88.5252
15:19:00 429.0 30985.0 88.7 88.41 88.52 88.355 88.4 1811.0 88.41 1150.0 30985.0 15094.0 15891.0 0.0 88.4353
15:20:00 474.0 27617.0 88.7 88.38 88.43 88.365 88.38 4000.0 88.39 204.0 27617.0 12562.0 15055.0 0.0 88.3971
15:21:00 609.0 40794.0 88.7 88.28 88.41 88.27 88.27 4298.0 88.29 2500.0 40794.0 23569.0 17225.0 0.0 88.3296
15:22:00 501.0 40068.0 88.7 88.21 88.34 88.21 88.21 1042.0 88.22 2300.0 40068.0 21909.0 18159.0 0.0 88.271
15:23:00 1230.0 110182.0 88.7 87.85 88.22 87.75 87.84 1701.0 87.85 850.0 110182.0 50716.0 59466.0 0.0 87.9321
15:24:00 860.0 66280.0 88.7 87.845 87.9 87.82 87.84 802.0 87.85 1500.0 66280.0 39695.0 26585.0 0.0 87.856
15:25:00 560.0 38544.0 88.7 88.0 88.005 87.8 87.99 400.0 88.0 1800.0 38544.0 24481.0 14063.0 0.0 87.8882
15:26:00 492.0 32836.0 88.7 87.96 88.05 87.96 87.95 900.0 87.96 909.0 32836.0 14865.0 17971.0 0.0 88.0111
15:27:00 398.0 23009.0 88.7 88.0 88.01 87.955 88.0 400.0 88.01 2552.0 23009.0 13696.0 9313.0 0.0 87.9803
15:28:00 523.0 32580.0 88.7 87.92 88.01 87.9 87.92 1400.0 87.93 1321.0 32580.0 12685.0 19895.0 0.0 87.9645
15:29:00 698.0 43776.0 88.7 87.84 87.92 87.83 87.84 1132.0 87.85 1205.0 43776.0 15331.0 28445.0 0.0 87.8777
15:30:00 496.0 32408.0 88.7 87.67 87.85 87.64 87.66 1900.0 87.67 485.0 32408.0 16175.0 16233.0 0.0 87.7325
15:31:00 890.0 74897.0 88.7 87.72 87.79 87.66 87.72 500.0 87.73 2903.0 74897.0 47429.0 27468.0 0.0 87.723
15:32:00 709.0 52454.0 88.7 87.68 87.76 87.67 87.68 1033.0 87.69 1800.0 52454.0 21179.0 31275.0 0.0 87.7154
15:33:00 654.0 50202.0 88.7 87.65 87.7 87.6 87.65 300.0 87.66 2600.0 50202.0 23408.0 26794.0 0.0 87.6548
15:34:00 662.0 48457.0 88.7 87.65 87.76 87.605 87.64 1100.0 87.65 800.0 48457.0 23269.0 25188.0 0.0 87.6758
15:35:00 775.0 51364.0 88.7 87.61 87.645 87.5 87.6 8932.0 87.61 224.0 51364.0 27665.0 23699.0 0.0 87.568
15:36:00 716.0 58537.0 88.7 87.61 87.7 87.58 87.61 1857.0 87.62 1069.0 58537.0 27243.0 31294.0 0.0 87.6268
15:37:00 878.0 65024.0 88.7 87.69 87.74 87.6 87.68 3239.0 87.69 1000.0 65024.0 32248.0 32776.0 0.0 87.6669
15:38:00 664.0 44950.0 88.7 87.59 87.69 87.56 87.57 200.0 87.58 1860.0 44950.0 21154.0 23796.0 0.0 87.6239
15:39:00 867.0 69221.0 88.7 87.67 87.7 87.52 87.66 3300.0 87.67 400.0 69221.0 35256.0 33965.0 0.0 87.6047
15:40:00 645.0 50269.0 88.7 87.77 87.78 87.65 87.77 2300.0 87.78 300.0 50269.0 25248.0 25021.0 0.0 87.7161
15:41:00 732.0 56000.0 88.7 87.81 87.88 87.73 87.81 500.0 87.82 1503.0 56000.0 25086.0 30914.0 0.0 87.7996
15:42:00 1079.0 84956.0 88.7 87.78 87.9 87.7 87.77 697.0 87.78 1201.0 84956.0 43784.0 41172.0 0.0 87.8057
15:43:00 542.0 39364.0 88.7 87.77 87.78 87.69 87.77 700.0 87.78 3737.0 39364.0 22862.0 16502.0 0.0 87.7448
15:44:00 649.0 47169.0 88.7 87.785 87.835 87.77 87.78 2602.0 87.79 415.0 47169.0 23434.0 23735.0 0.0 87.801
15:45:00 813.0 75043.0 88.7 87.82 87.875 87.79 87.81 1100.0 87.82 1058.0 75043.0 26955.0 48088.0 0.0 87.8319
15:46:00 637.0 51094.0 88.7 87.85 87.88 87.81 87.85 1590.0 87.86 2569.0 51094.0 30845.0 20249.0 0.0 87.8445
15:47:00 721.0 48611.0 88.7 87.87 87.885 87.82 87.86 1800.0 87.87 2011.0 48611.0 23987.0 24624.0 0.0 87.8606
15:48:00 979.0 77010.0 88.7 87.78 87.88 87.76 87.78 1200.0 87.79 3125.0 77010.0 35647.0 41363.0 0.0 87.8277
15:49:00 769.0 57728.0 88.7 87.79 87.8 87.715 87.78 5407.0 87.79 800.0 57728.0 28296.0 29432.0 0.0 87.7626
15:50:00 1066.0 88058.0 88.7 87.7 87.84 87.65 87.7 401.0 87.71 600.0 88058.0 42014.0 46044.0 0.0 87.7594
15:51:00 1209.0 114220.0 88.7 87.67 87.78 87.64 87.66 2940.0 87.67 1100.0 114220.0 50399.0 63821.0 0.0 87.7162
15:52:00 963.0 105851.0 88.7 87.75 87.83 87.65 87.75 2694.0 87.76 714.0 105851.0 51535.0 54316.0 0.0 87.7471
15:53:00 986.0 98337.0 88.7 87.785 87.865 87.75 87.78 2614.0 87.79 1520.0 98337.0 59118.0 39219.0 0.0 87.8011
15:54:00 935.0 83997.0 88.7 87.73 87.815 87.68 87.72 3201.0 87.73 1737.0 83997.0 42103.0 41894.0 0.0 87.7385
15:55:00 1053.0 110352.0 88.7 87.715 87.78 87.69 87.71 1486.0 87.72 3710.0 110352.0 53768.0 56584.0 0.0 87.7229
15:56:00 1310.0 133902.0 88.7 87.84 87.87 87.71 87.84 600.0 87.85 5775.0 133902.0 66800.0 67102.0 0.0 87.7606
15:57:00 834.0 84029.0 88.7 87.845 87.885 87.8 87.84 3384.0 87.85 3017.0 84029.0 46567.0 37462.0 0.0 87.8383
15:58:00 1102.0 118436.0 88.7 87.79 87.85 87.76 87.78 6245.0 87.79 245.0 118436.0 54006.0 64430.0 0.0 87.8046
15:59:00 1099.0 119460.0 88.7 87.74 87.795 87.71 87.74 3054.0 87.75 6745.0 119460.0 45320.0 74140.0 0.0 87.7429
16:00:00 3466.0 508020.0 88.7 87.77 87.87 87.67 87.77 12462.0 87.78 82100.0 508020.0 293684.0 214336.0 0.0 87.781
16:01:00 4.0 1.0 88.7 87.75 87.8 87.75 87.78 10037.0 87.78 82100.0 1.0 1.0 0.0 0.0 87.8
16:02:00 4.0 20.0 88.7 87.8 87.8 87.8 87.78 10037.0 87.78 82100.0 20.0 20.0 0.0 0.0 87.8
16:03:00 4.0 90.0 88.7 87.78 87.8 87.74 87.77 2537.0 87.8 55697.0 90.0 80.0 10.0 0.0 87.7933
16:04:00 3.0 730.0 88.7 87.87 87.87 87.81 87.78 25.0 87.8 55697.0 730.0 30.0 700.0 0.0 87.8121
16:05:00 1.0 0.0 88.7 87.87 87.87 87.87 87.78 20.0 87.8 55697.0 nan 0.0 0.0 0.0 nan
16:06:00 5.0 27.0 88.7 87.8 87.87 87.74 87.78 32.0 87.8 56043.0 27.0 26.0 1.0 0.0 87.8522
16:07:00 5.0 1346.0 88.7 87.8 87.8 87.8 87.79 20.0 87.8 55697.0 1346.0 691.0 655.0 0.0 87.8
16:08:00 24.0 995.0 88.7 87.77 87.87 87.77 87.77 2453.0 87.78 460.0 995.0 246.0 749.0 0.0 87.7757
16:09:00 12.0 273.0 88.7 87.74 87.78 87.7 87.77 2425.0 87.7 200.0 273.0 3.0 270.0 0.0 87.7199
16:10:00 1.0 1.0 88.7 87.7 87.7 87.7 87.77 2425.0 87.7 100.0 1.0 1.0 0.0 0.0 87.7
16:11:00 7.0 97.0 88.7 87.55 87.7 87.55 87.77 2425.0 87.7 1199.0 97.0 82.0 15.0 0.0 87.5567
16:12:00 0.0 0.0 88.7 87.55 nan nan 87.77 2425.0 87.69 28.0 nan 0.0 0.0 0.0 nan
16:13:00 10.0 3030.0 88.7 87.69 87.7 87.69 87.77 2425.0 87.7 600.0 3030.0 2527.0 503.0 0.0 87.6988
16:14:00 6.0 622.0 88.7 87.7 87.7 87.69 87.77 2425.0 87.69 2.0 622.0 622.0 0.0 0.0 87.6916
16:15:00 1.0 1.0 88.7 87.69 87.69 87.69 87.77 2425.0 87.69 1.0 1.0 1.0 0.0 0.0 87.69
16:16:00 2.0 20.0 88.7 87.61 87.66 87.61 87.77 2425.0 87.69 35.0 20.0 0.0 20.0 0.0 87.66
16:17:00 3.0 16.0 88.7 87.69 87.69 87.65 87.77 2425.0 87.7 1098.0 16.0 11.0 5.0 0.0 87.6775
16:18:00 1.0 1.0 88.7 87.68 87.68 87.68 87.77 2425.0 87.7 1098.0 1.0 0.0 1.0 0.0 87.68
16:19:00 0.0 0.0 88.7 87.68 nan nan 87.77 2425.0 87.7 1098.0 nan 0.0 0.0 0.0 nan
16:20:00 6.0 40.0 88.7 87.6 87.69 87.6 87.77 2425.0 87.68 200.0 40.0 0.0 40.0 0.0 87.604
16:21:00 4.0 1003.0 88.7 87.6 87.7 87.6 87.77 2425.0 87.68 386.0 1003.0 1003.0 0.0 0.0 87.6003
16:22:00 1.0 1.0 88.7 87.68 87.68 87.68 87.77 2425.0 87.68 387.0 1.0 1.0 0.0 0.0 87.68
16:23:00 1.0 1.0 88.7 87.68 87.68 87.68 87.77 2425.0 87.68 441.0 1.0 1.0 0.0 0.0 87.68
16:24:00 1.0 4.0 88.7 87.6 87.6 87.6 87.77 2425.0 87.67 55.0 4.0 0.0 4.0 0.0 87.6
16:25:00 4.0 3.0 88.7 87.67 87.67 87.6 87.77 2425.0 87.67 52.0 3.0 3.0 0.0 0.0 87.67
16:26:00 0.0 0.0 88.7 87.67 nan nan 87.77 2425.0 87.67 52.0 nan 0.0 0.0 0.0 nan
16:27:00 4.0 78.0 88.7 87.6 87.68 87.55 87.77 2425.0 87.6 39.0 78.0 77.0 1.0 0.0 87.6455
16:28:00 2.0 30.0 88.7 87.6 87.6 87.6 87.77 2425.0 87.6 9.0 30.0 30.0 0.0 0.0 87.6
16:29:00 0.0 0.0 88.7 87.6 nan nan 87.77 2425.0 87.6 9.0 nan 0.0 0.0 0.0 nan
16:30:00 2.0 12.0 88.7 87.6 87.6 87.57 87.77 2425.0 87.68 386.0 12.0 12.0 0.0 0.0 87.5925
16:31:00 1.0 0.0 88.7 87.65 87.65 87.65 87.77 2425.0 87.68 386.0 nan 0.0 0.0 0.0 nan
16:32:00 3.0 51.0 88.7 87.6 87.67 87.6 87.77 2425.0 87.67 187.0 51.0 0.0 51.0 0.0 87.6686
16:33:00 1.0 1.0 88.7 87.6 87.6 87.6 87.77 2425.0 87.67 187.0 1.0 0.0 1.0 0.0 87.6
16:34:00 0.0 0.0 88.7 87.6 nan nan 87.77 2425.0 87.67 187.0 nan 0.0 0.0 0.0 nan
16:35:00 1.0 0.0 88.7 87.65 87.65 87.65 87.77 2425.0 87.67 187.0 nan 0.0 0.0 0.0 nan
16:36:00 3.0 12.0 88.7 87.67 87.67 87.65 87.77 2425.0 87.67 175.0 12.0 12.0 0.0 0.0 87.67
16:37:00 2.0 4.0 88.7 87.64 87.64 87.6 87.77 2425.0 87.67 175.0 4.0 0.0 4.0 0.0 87.6
16:38:00 0.0 0.0 88.7 87.64 nan nan 87.77 2425.0 87.66 250.0 nan 0.0 0.0 0.0 nan
16:39:00 3.0 55.0 88.7 87.64 87.68 87.64 87.77 2425.0 87.66 202.0 55.0 55.0 0.0 0.0 87.6611
16:40:00 0.0 0.0 88.7 87.64 nan nan 87.77 2425.0 87.63 1000.0 nan 0.0 0.0 0.0 nan
16:41:00 4.0 950.0 88.7 87.65 87.65 87.62 87.77 2425.0 87.66 202.0 950.0 900.0 50.0 0.0 87.63
16:42:00 1.0 0.0 88.7 87.65 87.65 87.65 87.77 2425.0 87.66 202.0 nan 0.0 0.0 0.0 nan
16:43:00 2.0 9.0 88.7 87.6 87.63 87.6 87.77 2425.0 87.65 198.0 9.0 0.0 9.0 0.0 87.6
16:44:00 0.0 0.0 88.7 87.6 nan nan 87.77 2425.0 87.64 10.0 nan 0.0 0.0 0.0 nan
16:45:00 0.0 0.0 88.7 87.6 nan nan 87.77 2425.0 87.64 10.0 nan 0.0 0.0 0.0 nan
16:46:00 4.0 25.0 88.7 87.65 87.65 87.63 87.77 2425.0 87.65 203.0 25.0 25.0 0.0 0.0 87.646
16:47:00 1.0 5.0 88.7 87.62 87.62 87.62 87.77 2425.0 87.64 10.0 5.0 0.0 5.0 0.0 87.62
16:48:00 1.0 50.0 88.7 87.61 87.61 87.61 87.77 2425.0 87.64 10.0 50.0 0.0 50.0 0.0 87.61
16:49:00 0.0 0.0 88.7 87.61 nan nan 87.77 2425.0 87.64 10.0 nan 0.0 0.0 0.0 nan
16:50:00 2.0 265.0 88.7 87.6 87.62 87.6 87.77 2425.0 87.65 203.0 265.0 0.0 265.0 0.0 87.6004
16:51:00 4.0 1.0 88.7 87.64 87.64 87.61 87.77 2425.0 87.65 203.0 1.0 0.0 1.0 0.0 87.61
16:52:00 9.0 206.0 88.7 87.66 87.68 87.64 87.77 2425.0 87.66 98.0 206.0 206.0 0.0 0.0 87.6502
16:53:00 14.0 431.0 88.7 87.65 87.67 87.65 87.77 2425.0 87.67 173.0 431.0 100.0 331.0 0.0 87.6524
16:54:00 3.0 38.0 88.7 87.67 87.67 87.67 87.77 2425.0 87.67 135.0 38.0 38.0 0.0 0.0 87.67
16:55:00 5.0 608.0 88.7 87.67 87.67 87.65 87.77 2425.0 87.67 50.0 608.0 85.0 523.0 0.0 87.6528
16:56:00 1.0 50.0 88.7 87.67 87.67 87.67 87.77 2425.0 87.68 250.0 50.0 50.0 0.0 0.0 87.67
16:57:00 5.0 320.0 88.7 87.7 87.7 87.68 87.77 2425.0 87.77 83.0 320.0 300.0 20.0 0.0 87.6844
16:58:00 2.0 8.0 88.7 87.72 87.72 87.72 87.77 2425.0 87.77 83.0 8.0 0.0 8.0 0.0 87.72
16:59:00 5.0 6.0 88.7 87.77 87.77 87.77 87.77 2425.0 87.78 607.0 6.0 6.0 0.0 0.0 87.77
17:00:00 10.0 250.0 88.7 87.78 87.78 87.77 87.77 2425.0 87.78 100.0 250.0 250.0 0.0 0.0 87.78
