time trade_count trade_volume trade_first trade_last trade_high trade_low bid_price bid_size ask_price ask_size hid_vol buy_vol sell_vol unsided_vol vwap
09:00:00 nan 342.0 83.26 83.27 83.3 83.26 83.27 219.0 83.3 4.0 342.0 231.0 111.0 0.0 83.2675
09:01:00 20.0 1217.0 83.26 83.23 83.27 83.23 83.23 340.0 83.25 102.0 1217.0 0.0 1217.0 0.0 83.2515
09:02:00 24.0 1197.0 83.26 83.22 83.27 83.22 83.22 898.0 83.26 900.0 1197.0 202.0 995.0 0.0 83.2596
09:03:00 10.0 681.0 83.26 83.21 83.23 83.19 83.19 57.0 83.2 29.0 681.0 10.0 671.0 0.0 83.2196
09:04:00 2.0 6.0 83.26 83.2 83.2 83.2 83.19 58.0 83.2 23.0 6.0 6.0 0.0 0.0 83.2
09:05:00 25.0 1255.0 83.26 83.22 83.23 83.14 83.19 213.0 83.22 74.0 1255.0 998.0 257.0 0.0 83.2051
09:06:00 15.0 942.0 83.26 83.13 83.2 83.13 83.14 500.0 83.15 1000.0 942.0 480.0 462.0 0.0 83.1794
09:07:00 13.0 732.0 83.26 83.17 83.17 83.15 83.18 700.0 83.19 6.0 732.0 732.0 0.0 0.0 83.1671
09:08:00 35.0 2275.0 83.26 83.23 83.26 83.19 83.23 134.0 83.25 200.0 2275.0 1709.0 566.0 0.0 83.2227
09:09:00 4.0 40.0 83.26 83.23 83.23 83.23 83.24 10.0 83.25 201.0 40.0 0.0 40.0 0.0 83.23
09:10:00 6.0 258.0 83.26 83.23 83.24 83.22 83.2 325.0 83.23 734.0 258.0 66.0 192.0 0.0 83.224
09:11:00 21.0 1279.0 83.26 83.17 83.2 83.14 83.17 100.0 83.18 50.0 1279.0 2.0 1277.0 0.0 83.1812
09:12:00 0.0 0.0 83.26 83.17 nan nan 83.19 500.0 83.2 5.0 nan 0.0 0.0 0.0 nan
09:13:00 3.0 79.0 83.26 83.21 83.21 83.19 83.2 35.0 83.21 1350.0 79.0 50.0 29.0 0.0 83.2033
09:14:00 5.0 76.0 83.26 83.22 83.23 83.21 83.22 84.0 83.24 2.0 76.0 75.0 1.0 0.0 83.2101
09:15:00 6.0 41.0 83.26 83.22 83.26 83.22 83.23 1.0 83.24 101.0 41.0 1.0 40.0 0.0 83.229
09:16:00 1.0 5.0 83.26 83.24 83.24 83.24 83.23 1.0 83.24 297.0 5.0 5.0 0.0 0.0 83.24
09:17:00 16.0 41.0 83.26 83.25 83.25 83.24 83.24 496.0 83.26 101.0 41.0 41.0 0.0 0.0 83.2488
09:18:00 25.0 1275.0 83.26 83.27 83.28 83.24 83.27 346.0 83.28 100.0 1275.0 609.0 666.0 0.0 83.2601
09:19:00 8.0 404.0 83.26 83.27 83.27 83.27 83.26 444.0 83.27 299.0 404.0 1.0 403.0 0.0 83.27
09:20:00 24.0 689.0 83.26 83.24 83.27 83.24 83.24 100.0 83.27 510.0 689.0 5.0 684.0 0.0 83.2572
09:21:00 70.0 2682.0 83.26 83.1 83.25 83.1 83.1 100.0 83.11 100.0 2682.0 10.0 2672.0 0.0 83.1376
09:22:00 40.0 1772.0 83.26 83.04 83.1 83.02 83.05 200.0 83.06 100.0 1772.0 420.0 1352.0 0.0 83.0754
09:23:00 13.0 973.0 83.26 83.1 83.12 83.06 83.1 25.0 83.14 300.0 973.0 646.0 327.0 0.0 83.0799
09:24:00 18.0 437.0 83.26 83.11 83.12 83.1 83.08 224.0 83.12 300.0 437.0 0.0 437.0 0.0 83.1053
09:25:00 10.0 386.0 83.26 83.07 83.12 83.03 83.02 682.0 83.07 215.0 386.0 71.0 315.0 0.0 83.0752
09:26:00 25.0 1808.0 83.26 82.97 83.06 82.97 83.0 8.0 83.06 100.0 1808.0 0.0 1808.0 0.0 83.0023
09:27:00 12.0 53.0 83.26 82.99 83.0 82.96 82.97 1.0 82.99 21.0 53.0 23.0 30.0 0.0 82.9838
09:28:00 4.0 121.0 83.26 83.06 83.06 82.99 83.0 25.0 83.13 16.0 121.0 121.0 0.0 0.0 83.0479
09:29:00 3.0 11.0 83.26 83.07 83.13 83.07 83.06 1035.0 83.07 41.0 11.0 11.0 0.0 0.0 83.0918
09:30:00 9.0 610.0 83.26 83.0 83.06 83.0 82.99 301.0 83.06 2.0 610.0 0.0 610.0 0.0 83.06
09:31:00 289.0 16196.0 83.26 83.17 83.3 83.03 83.16 67.0 83.18 25.0 16196.0 10222.0 5974.0 0.0 83.2103
09:32:00 1583.0 106742.0 83.26 83.49 83.57 83.15 83.47 247.0 83.49 300.0 106742.0 71680.0 35062.0 0.0 83.4153
09:33:00 1889.0 110287.0 83.26 83.72 83.82 83.43 83.71 300.0 83.73 405.0 110287.0 76699.0 33588.0 0.0 83.6346
09:34:00 1480.0 68512.0 83.26 83.54 83.75 83.53 83.54 500.0 83.56 912.0 68512.0 39079.0 29433.0 0.0 83.6765
09:35:00 1349.0 69736.0 83.26 83.42 83.63 83.4 83.41 905.0 83.42 108.0 69736.0 33470.0 36266.0 0.0 83.5152
09:36:00 1906.0 112490.0 83.26 83.6 83.69 83.31 83.6 231.0 83.61 1964.0 112490.0 51971.0 60519.0 0.0 83.4886
09:37:00 1089.0 87644.0 83.26 83.64 83.75 83.45 83.63 56.0 83.64 605.0 87644.0 40464.0 47180.0 0.0 83.6041
09:38:00 1202.0 81779.0 83.26 83.85 83.9 83.62 83.84 201.0 83.85 541.0 81779.0 56052.0 25727.0 0.0 83.7775
09:39:00 1654.0 120107.0 83.26 83.81 84.01 83.67 83.79 506.0 83.8 200.0 120107.0 77445.0 42662.0 0.0 83.8942
09:40:00 809.0 54821.0 83.26 83.58 83.83 83.56 83.57 1565.0 83.58 40.0 54821.0 25420.0 29401.0 0.0 83.702
09:41:00 1601.0 106915.0 83.26 83.6 83.76 83.45 83.59 100.0 83.6 804.0 106915.0 52537.0 54378.0 0.0 83.5689
09:42:00 1002.0 80858.0 83.26 83.58 83.6 83.47 83.57 300.0 83.58 310.0 80858.0 43687.0 37171.0 0.0 83.5421
09:43:00 724.0 59961.0 83.26 83.55 83.66 83.48 83.54 1163.0 83.55 506.0 59961.0 31112.0 28849.0 0.0 83.5656
09:44:00 983.0 87636.0 83.26 83.18 83.55 83.14 83.17 1000.0 83.19 694.0 87636.0 28255.0 59381.0 0.0 83.3438
09:45:00 1594.0 116927.0 83.26 82.82 83.19 82.82 82.81 743.0 82.82 1000.0 116927.0 45174.0 71753.0 0.0 83.0067
09:46:00 1201.0 93206.0 83.26 82.75 82.85 82.71 82.75 2381.0 82.76 100.0 93206.0 46127.0 47079.0 0.0 82.7795
09:47:00 1034.0 81001.0 83.26 83.05 83.07 82.75 83.04 523.0 83.05 512.0 81001.0 40139.0 40862.0 0.0 82.9032
09:48:00 802.0 55899.0 83.26 82.85 83.05 82.85 82.85 165.0 82.86 1380.0 55899.0 21612.0 34287.0 0.0 82.9723
09:49:00 954.0 81475.0 83.26 82.84 82.95 82.77 82.85 1805.0 82.87 560.0 81475.0 36351.0 45124.0 0.0 82.8533
09:50:00 682.0 51340.0 83.26 82.96 83.01 82.8 82.96 1605.0 82.98 703.0 51340.0 30921.0 20419.0 0.0 82.9157
09:51:00 801.0 61805.0 83.26 82.96 83.06 82.88 82.95 200.0 82.96 200.0 61805.0 26655.0 35150.0 0.0 82.9691
09:52:00 956.0 76147.0 83.26 83.05 83.15 82.93 83.04 1700.0 83.06 2200.0 76147.0 38735.0 37412.0 0.0 83.0434
09:53:00 634.0 49402.0 83.26 83.3 83.36 83.045 83.3 2100.0 83.31 266.0 49402.0 26415.0 22987.0 0.0 83.2165
09:54:00 734.0 54253.0 83.26 83.29 83.42 83.245 83.29 100.0 83.3 1265.0 54253.0 21565.0 32688.0 0.0 83.3403
09:55:00 497.0 41164.0 83.26 83.53 83.53 83.29 83.53 700.0 83.54 1307.0 41164.0 28799.0 12365.0 0.0 83.4431
09:56:00 508.0 31699.0 83.26 83.365 83.53 83.35 83.36 450.0 83.37 701.0 31699.0 10785.0 20914.0 0.0 83.4284
09:57:00 802.0 46114.0 83.26 83.31 83.37 83.15 83.3 500.0 83.31 1000.0 46114.0 19707.0 26407.0 0.0 83.2709
09:58:00 393.0 26708.0 83.26 83.2 83.305 83.175 83.19 106.0 83.2 2700.0 26708.0 9630.0 17078.0 0.0 83.233
09:59:00 570.0 37271.0 83.26 83.305 83.4 83.18 83.29 1100.0 83.3 105.0 37271.0 22512.0 14759.0 0.0 83.3071
10:00:00 574.0 41908.0 83.26 83.41 83.41 83.27 83.4 1000.0 83.41 100.0 41908.0 24167.0 17741.0 0.0 83.3483
10:01:00 665.0 43145.0 83.26 83.52 83.52 83.37 83.51 400.0 83.52 700.0 43145.0 18657.0 24488.0 0.0 83.4387
10:02:00 573.0 39928.0 83.26 83.5 83.6 83.45 83.49 800.0 83.5 400.0 39928.0 19102.0 20826.0 0.0 83.5253
10:03:00 636.0 43966.0 83.26 83.411 83.51 83.36 83.41 1050.0 83.43 2101.0 43966.0 19221.0 24745.0 0.0 83.4354
10:04:00 468.0 30782.0 83.26 83.54 83.56 83.43 83.55 400.0 83.56 1500.0 30782.0 11333.0 19449.0 0.0 83.5059
10:05:00 359.0 21640.0 83.26 83.445 83.57 83.41 83.44 300.0 83.45 1304.0 21640.0 6241.0 15399.0 0.0 83.4833
10:06:00 560.0 47230.0 83.26 83.605 83.615 83.43 83.6 1784.0 83.61 100.0 47230.0 27245.0 19985.0 0.0 83.5456
10:07:00 615.0 41520.0 83.26 83.5 83.665 83.5 83.5 800.0 83.51 500.0 41520.0 20693.0 20827.0 0.0 83.6275
10:08:00 402.0 20881.0 83.26 83.535 83.54 83.41 83.53 924.0 83.54 247.0 20881.0 11364.0 9517.0 0.0 83.4735
10:09:00 334.0 18517.0 83.26 83.46 83.58 83.46 83.45 1402.0 83.47 1100.0 18517.0 5579.0 12938.0 0.0 83.5255
10:10:00 593.0 51210.0 83.26 83.36 83.46 83.285 83.35 1100.0 83.37 1812.0 51210.0 14151.0 37059.0 0.0 83.3751
10:11:00 481.0 27391.0 83.26 83.54 83.55 83.29 83.53 800.0 83.54 1021.0 27391.0 13586.0 13805.0 0.0 83.395
10:12:00 568.0 32042.0 83.26 83.42 83.545 83.42 83.41 1001.0 83.42 240.0 32042.0 13976.0 18066.0 0.0 83.4879
10:13:00 629.0 48437.0 83.26 83.59 83.655 83.42 83.58 1334.0 83.59 8.0 48437.0 26626.0 21811.0 0.0 83.5815
10:14:00 402.0 28580.0 83.26 83.67 83.685 83.59 83.67 600.0 83.68 2000.0 28580.0 15835.0 12745.0 0.0 83.6543
10:15:00 642.0 41566.0 83.26 83.54 83.685 83.54 83.53 200.0 83.54 1300.0 41566.0 16125.0 25441.0 0.0 83.6134
10:16:00 627.0 37537.0 83.26 83.635 83.655 83.46 83.63 480.0 83.64 1125.0 37537.0 17648.0 19889.0 0.0 83.5127
10:17:00 690.0 52429.0 83.26 83.62 83.74 83.62 83.64 1661.0 83.65 107.0 52429.0 26136.0 26293.0 0.0 83.6871
10:18:00 327.0 18877.0 83.26 83.52 83.66 83.51 83.52 1129.0 83.54 2600.0 18877.0 6846.0 12031.0 0.0 83.5543
10:19:00 504.0 35300.0 83.26 83.58 83.595 83.5 83.58 600.0 83.59 744.0 35300.0 18455.0 16845.0 0.0 83.5523
10:20:00 774.0 61796.0 83.26 83.54 83.58 83.38 83.53 2266.0 83.54 100.0 61796.0 20670.0 41126.0 0.0 83.4378
10:21:00 445.0 31769.0 83.26 83.54 83.575 83.505 83.53 3359.0 83.55 1001.0 31769.0 16119.0 15650.0 0.0 83.5439
10:22:00 364.0 25700.0 83.26 83.59 83.65 83.495 83.58 1210.0 83.59 171.0 25700.0 12036.0 13664.0 0.0 83.5765
10:23:00 362.0 23985.0 83.26 83.505 83.615 83.43 83.5 145.0 83.51 1701.0 23985.0 8705.0 15280.0 0.0 83.5136
10:24:00 451.0 29530.0 83.26 83.46 83.515 83.32 83.46 510.0 83.47 1701.0 29530.0 10524.0 19006.0 0.0 83.425
10:25:00 243.0 14986.0 83.26 83.515 83.515 83.4 83.51 1400.0 83.52 1.0 14986.0 7233.0 7753.0 0.0 83.4598
10:26:00 563.0 41239.0 83.26 83.52 83.54 83.43 83.51 100.0 83.52 1797.0 41239.0 14838.0 26401.0 0.0 83.491
10:27:00 431.0 28440.0 83.26 83.58 83.58 83.495 83.59 600.0 83.6 5868.0 28440.0 12702.0 15738.0 0.0 83.5213
10:28:00 348.0 27494.0 83.26 83.59 83.63 83.53 83.59 800.0 83.6 601.0 27494.0 11249.0 16245.0 0.0 83.589
10:29:00 350.0 19151.0 83.26 83.49 83.59 83.46 83.48 437.0 83.49 1100.0 19151.0 6224.0 12927.0 0.0 83.4994
10:30:00 334.0 25611.0 83.26 83.5 83.51 83.42 83.49 1800.0 83.51 603.0 25611.0 7685.0 17926.0 0.0 83.4584
10:31:00 751.0 51570.0 83.26 83.45 83.5 83.37 83.45 528.0 83.46 815.0 51570.0 17325.0 34245.0 0.0 83.4407
10:32:00 349.0 17128.0 83.26 83.39 83.495 83.385 83.38 566.0 83.39 285.0 17128.0 4856.0 12272.0 0.0 83.4418
10:33:00 601.0 32820.0 83.26 83.3 83.42 83.28 83.3 928.0 83.31 500.0 32820.0 11194.0 21626.0 0.0 83.3531
10:34:00 502.0 34811.0 83.26 83.31 83.32 83.2 83.3 1217.0 83.31 419.0 34811.0 8598.0 26213.0 0.0 83.2557
10:35:00 319.0 16663.0 83.26 83.33 83.33 83.21 83.32 1721.0 83.33 1.0 16663.0 7572.0 9091.0 0.0 83.2619
10:36:00 305.0 19223.0 83.26 83.36 83.43 83.33 83.36 500.0 83.36 81.0 19223.0 7589.0 11634.0 0.0 83.3935
10:37:00 251.0 18531.0 83.26 83.3 83.38 83.28 83.29 1423.0 83.31 2100.0 18531.0 5358.0 13173.0 0.0 83.3397
10:38:00 256.0 16802.0 83.26 83.25 83.33 83.25 83.25 1.0 83.25 300.0 16802.0 5662.0 11140.0 0.0 83.3001
10:39:00 189.0 9995.0 83.26 83.295 83.35 83.26 83.29 940.0 83.3 1607.0 9995.0 4159.0 5836.0 0.0 83.2961
10:40:00 309.0 19628.0 83.26 83.21 83.36 83.205 83.2 1938.0 83.21 546.0 19628.0 8371.0 11257.0 0.0 83.3072
10:41:00 1392.0 112284.0 83.26 83.22 83.29 83.155 83.22 124.0 83.23 3785.0 112284.0 47534.0 64750.0 0.0 83.2254
10:42:00 717.0 53262.0 83.26 83.28 83.32 83.205 83.27 920.0 83.28 897.0 53262.0 29249.0 24013.0 0.0 83.2461
10:43:00 471.0 28080.0 83.26 83.33 83.38 83.26 83.33 300.0 83.34 1700.0 28080.0 14715.0 13365.0 0.0 83.3285
10:44:00 297.0 17727.0 83.26 83.325 83.34 83.295 83.32 1276.0 83.33 1409.0 17727.0 6848.0 10879.0 0.0 83.3198
10:45:00 486.0 31146.0 83.26 83.32 83.37 83.275 83.31 100.0 83.32 2619.0 31146.0 14231.0 16915.0 0.0 83.3188
10:46:00 511.0 27045.0 83.26 83.4 83.44 83.32 83.4 511.0 83.41 1510.0 27045.0 16915.0 10130.0 0.0 83.3833
10:47:00 654.0 72847.0 83.26 83.56 83.57 83.39 83.55 300.0 83.56 1760.0 72847.0 55690.0 17157.0 0.0 83.4904
10:48:00 418.0 25619.0 83.26 83.455 83.57 83.45 83.44 2620.0 83.46 1952.0 25619.0 8697.0 16922.0 0.0 83.5233
10:49:00 261.0 17445.0 83.26 83.41 83.44 83.4 83.41 2164.0 83.42 201.0 17445.0 5865.0 11580.0 0.0 83.415
10:50:00 351.0 23985.0 83.26 83.405 83.48 83.405 83.41 1900.0 83.42 900.0 23985.0 12119.0 11866.0 0.0 83.4471
10:51:00 432.0 29008.0 83.26 83.535 83.555 83.42 83.53 502.0 83.54 2001.0 29008.0 18904.0 10104.0 0.0 83.501
10:52:00 623.0 42068.0 83.26 83.61 83.615 83.52 83.61 700.0 83.62 3297.0 42068.0 25439.0 16629.0 0.0 83.5859
10:53:00 510.0 30351.0 83.26 83.67 83.69 83.585 83.67 1891.0 83.68 402.0 30351.0 19864.0 10487.0 0.0 83.6315
10:54:00 738.0 80475.0 83.26 83.69 83.725 83.665 83.68 2550.0 83.69 14.0 80475.0 27960.0 52515.0 0.0 83.6938
10:55:00 364.0 34285.0 83.26 83.76 83.805 83.665 83.75 300.0 83.76 1711.0 34285.0 24766.0 9519.0 0.0 83.7376
10:56:00 834.0 54157.0 83.26 83.83 83.85 83.76 83.83 938.0 83.84 800.0 54157.0 28160.0 25997.0 0.0 83.809
10:57:00 321.0 22786.0 83.26 83.83 83.85 83.77 83.83 2000.0 83.84 9.0 22786.0 10985.0 11801.0 0.0 83.8194
10:58:00 342.0 27506.0 83.26 83.84 83.89 83.82 83.83 512.0 83.84 1902.0 27506.0 17726.0 9780.0 0.0 83.86
10:59:00 392.0 25695.0 83.26 83.81 83.89 83.785 83.8 1671.0 83.81 320.0 25695.0 9861.0 15834.0 0.0 83.8283
11:00:00 210.0 14855.0 83.26 83.77 83.82 83.75 83.77 400.0 83.78 2213.0 14855.0 7822.0 7033.0 0.0 83.7796
11:01:00 285.0 24094.0 83.26 83.75 83.81 83.72 83.75 212.0 83.76 4350.0 24094.0 6382.0 17712.0 0.0 83.7572
11:02:00 557.0 29739.0 83.26 83.775 83.81 83.74 83.77 2301.0 83.78 1185.0 29739.0 15485.0 14254.0 0.0 83.7816
11:03:00 446.0 28349.0 83.26 83.79 83.82 83.769 83.78 2075.0 83.79 1312.0 28349.0 15833.0 12516.0 0.0 83.7892
11:04:00 357.0 24573.0 83.26 83.77 83.785 83.73 83.77 100.0 83.78 3012.0 24573.0 12597.0 11976.0 0.0 83.7572
11:05:00 841.0 49545.0 83.26 83.795 83.83 83.77 83.79 323.0 83.8 2014.0 49545.0 28075.0 21470.0 0.0 83.8049
11:06:00 263.0 20395.0 83.26 83.73 83.8 83.71 83.73 1163.0 83.74 1200.0 20395.0 7865.0 12530.0 0.0 83.7293
11:07:00 294.0 19113.0 83.26 83.715 83.78 83.68 83.71 595.0 83.72 2200.0 19113.0 9129.0 9984.0 0.0 83.7349
11:08:00 280.0 17609.0 83.26 83.7 83.765 83.7 83.69 127.0 83.7 2805.0 17609.0 8595.0 9014.0 0.0 83.7384
11:09:00 309.0 20330.0 83.26 83.65 83.7 83.615 83.65 210.0 83.66 3700.0 20330.0 11265.0 9065.0 0.0 83.6484
11:10:00 342.0 24580.0 83.26 83.58 83.65 83.475 83.57 1491.0 83.58 206.0 24580.0 9737.0 14843.0 0.0 83.5511
11:11:00 351.0 21067.0 83.26 83.48 83.585 83.475 83.48 73.0 83.49 4510.0 21067.0 7611.0 13456.0 0.0 83.5332
11:12:00 414.0 31242.0 83.26 83.52 83.52 83.405 83.52 200.0 83.53 1279.0 31242.0 15094.0 16148.0 0.0 83.4572
11:13:00 280.0 17560.0 83.26 83.54 83.56 83.51 83.54 600.0 83.55 1500.0 17560.0 8932.0 8628.0 0.0 83.5367
11:14:00 268.0 16987.0 83.26 83.57 83.63 83.53 83.56 438.0 83.57 2028.0 16987.0 7969.0 9018.0 0.0 83.577
11:15:00 388.0 24808.0 83.26 83.515 83.56 83.42 83.51 319.0 83.52 2500.0 24808.0 12609.0 12199.0 0.0 83.4874
11:16:00 327.0 19689.0 83.26 83.565 83.575 83.49 83.56 624.0 83.57 2334.0 19689.0 9251.0 10438.0 0.0 83.5484
11:17:00 336.0 19801.0 83.26 83.6 83.63 83.5 83.59 2403.0 83.6 100.0 19801.0 10039.0 9762.0 0.0 83.5705
11:18:00 206.0 10391.0 83.26 83.57 83.63 83.57 83.56 200.0 83.57 2753.0 10391.0 2942.0 7449.0 0.0 83.6036
11:19:00 286.0 19705.0 83.26 83.61 83.62 83.53 83.61 4.0 83.62 3227.0 19705.0 11709.0 7996.0 0.0 83.5724
11:20:00 185.0 11860.0 83.26 83.555 83.61 83.51 83.55 2100.0 83.56 100.0 11860.0 4810.0 7050.0 0.0 83.5398
11:21:00 133.0 8497.0 83.26 83.53 83.58 83.525 83.52 2408.0 83.53 1483.0 8497.0 3157.0 5340.0 0.0 83.5415
11:22:00 290.0 20379.0 83.26 83.59 83.62 83.525 83.59 2200.0 83.6 406.0 20379.0 9863.0 10516.0 0.0 83.5783
11:23:00 201.0 13307.0 83.26 83.63 83.63 83.56 83.63 800.0 83.64 2673.0 13307.0 6746.0 6561.0 0.0 83.6
11:24:00 264.0 17645.0 83.26 83.57 83.65 83.56 83.56 3219.0 83.57 1800.0 17645.0 5047.0 12598.0 0.0 83.6104
11:25:00 391.0 28612.0 83.26 83.535 83.565 83.42 83.53 2006.0 83.54 1053.0 28612.0 12620.0 15992.0 0.0 83.4745
11:26:00 172.0 11393.0 83.26 83.5 83.53 83.47 83.49 610.0 83.5 2248.0 11393.0 5134.0 6259.0 0.0 83.4926
11:27:00 273.0 17445.0 83.26 83.54 83.555 83.46 83.54 600.0 83.55 2627.0 17445.0 9538.0 7907.0 0.0 83.5124
11:28:00 146.0 9403.0 83.26 83.51 83.585 83.51 83.51 515.0 83.52 3110.0 9403.0 3027.0 6376.0 0.0 83.546
11:29:00 357.0 35748.0 83.26 83.49 83.53 83.435 83.48 600.0 83.49 1924.0 35748.0 7503.0 28245.0 0.0 83.4653
11:30:00 311.0 22977.0 83.26 83.57 83.58 83.46 83.56 2308.0 83.57 707.0 22977.0 14849.0 8128.0 0.0 83.5108
11:31:00 155.0 9425.0 83.26 83.58 83.59 83.53 83.58 614.0 83.59 3358.0 9425.0 5158.0 4267.0 0.0 83.572
11:32:00 220.0 15895.0 83.26 83.59 83.6 83.54 83.59 3005.0 83.6 625.0 15895.0 9216.0 6679.0 0.0 83.5708
11:33:00 437.0 41054.0 83.26 83.67 83.67 83.54 83.66 3156.0 83.67 714.0 41054.0 27946.0 13108.0 0.0 83.6109
11:34:00 209.0 15700.0 83.26 83.68 83.685 83.61 83.68 2100.0 83.69 534.0 15700.0 9330.0 6370.0 0.0 83.6536
11:35:00 256.0 16096.0 83.26 83.69 83.695 83.65 83.68 1706.0 83.69 1201.0 16096.0 8769.0 7327.0 0.0 83.6684
11:36:00 498.0 37094.0 83.26 83.62 83.72 83.595 83.62 2314.0 83.63 662.0 37094.0 18373.0 18721.0 0.0 83.6582
11:37:00 352.0 22023.0 83.26 83.62 83.625 83.55 83.62 100.0 83.63 2513.0 22023.0 10259.0 11764.0 0.0 83.5863
11:38:00 231.0 13561.0 83.26 83.72 83.73 83.61 83.72 700.0 83.73 1896.0 13561.0 8360.0 5201.0 0.0 83.6597
11:39:00 426.0 37816.0 83.26 83.74 83.79 83.72 83.73 2300.0 83.74 334.0 37816.0 24471.0 13345.0 0.0 83.7489
11:40:00 277.0 25307.0 83.26 83.78 83.8 83.74 83.78 2500.0 83.79 800.0 25307.0 16196.0 9111.0 0.0 83.7835
11:41:00 220.0 13080.0 83.26 83.79 83.81 83.75 83.78 1900.0 83.79 700.0 13080.0 8560.0 4520.0 0.0 83.7803
11:42:00 196.0 12399.0 83.26 83.81 83.83 83.78 83.81 300.0 83.82 4934.0 12399.0 8054.0 4345.0 0.0 83.8012
11:43:00 301.0 21438.0 83.26 83.79 83.84 83.78 83.79 3300.0 83.8 712.0 21438.0 11268.0 10170.0 0.0 83.8025
11:44:00 158.0 9691.0 83.26 83.82 83.83 83.8 83.82 1494.0 83.83 1118.0 9691.0 2517.0 7174.0 0.0 83.8146
11:45:00 238.0 15096.0 83.26 83.81 83.83 83.78 83.81 3201.0 83.82 5245.0 15096.0 7950.0 7146.0 0.0 83.806
11:46:00 247.0 21207.0 83.26 83.81 83.835 83.78 83.81 2500.0 83.82 1200.0 21207.0 12188.0 9019.0 0.0 83.811
11:47:00 251.0 18954.0 83.26 83.68 83.81 83.68 83.68 1116.0 83.69 2366.0 18954.0 3920.0 15034.0 0.0 83.7452
11:48:00 272.0 19507.0 83.26 83.62 83.685 83.6 83.62 412.0 83.63 2206.0 19507.0 8068.0 11439.0 0.0 83.6517
11:49:00 145.0 9007.0 83.26 83.62 83.64 83.59 83.61 2488.0 83.62 208.0 9007.0 4067.0 4940.0 0.0 83.6198
11:50:00 134.0 6514.0 83.26 83.71 83.715 83.62 83.7 2659.0 83.71 200.0 6514.0 3548.0 2966.0 0.0 83.6676
11:51:00 256.0 19635.0 83.26 83.74 83.78 83.7 83.74 915.0 83.75 2000.0 19635.0 8105.0 11530.0 0.0 83.7424
11:52:00 147.0 10992.0 83.26 83.715 83.745 83.67 83.71 2406.0 83.72 1705.0 10992.0 4164.0 6828.0 0.0 83.6986
11:53:00 115.0 6513.0 83.26 83.68 83.73 83.68 83.68 627.0 83.69 1505.0 6513.0 3460.0 3053.0 0.0 83.7077
11:54:00 111.0 6019.0 83.26 83.68 83.68 83.64 83.67 2201.0 83.68 1315.0 6019.0 2641.0 3378.0 0.0 83.6584
11:55:00 150.0 9073.0 83.26 83.69 83.7 83.64 83.69 1419.0 83.7 2381.0 9073.0 1939.0 7134.0 0.0 83.6747
11:56:00 154.0 9340.0 83.26 83.64 83.7 83.64 83.64 3618.0 83.65 500.0 9340.0 2886.0 6454.0 0.0 83.6759
11:57:00 212.0 13956.0 83.26 83.62 83.7 83.62 83.62 329.0 83.63 4125.0 13956.0 5124.0 8832.0 0.0 83.6646
11:58:00 215.0 16616.0 83.26 83.6 83.63 83.58 83.59 1540.0 83.6 1002.0 16616.0 5200.0 11416.0 0.0 83.6023
11:59:00 382.0 28966.0 83.26 83.57 83.6 83.51 83.57 2600.0 83.58 110.0 28966.0 9001.0 19965.0 0.0 83.5679
12:00:00 250.0 19710.0 83.26 83.59 83.6 83.54 83.58 2100.0 83.59 2526.0 19710.0 8189.0 11521.0 0.0 83.5771
12:01:00 152.0 10288.0 83.26 83.6 83.65 83.59 83.6 195.0 83.61 2900.0 10288.0 6124.0 4164.0 0.0 83.6248
12:02:00 255.0 21273.0 83.26 83.61 83.62 83.595 83.6 700.0 83.61 2700.0 21273.0 10027.0 11246.0 0.0 83.6076
12:03:00 221.0 17709.0 83.26 83.57 83.635 83.56 83.57 1888.0 83.58 2011.0 17709.0 6106.0 11603.0 0.0 83.5973
12:04:00 155.0 7554.0 83.26 83.6 83.63 83.58 83.59 98.0 83.59 300.0 7554.0 3799.0 3755.0 0.0 83.6034
12:05:00 133.0 7406.0 83.26 83.64 83.65 83.59 83.63 3457.0 83.64 408.0 7406.0 4014.0 3392.0 0.0 83.6275
12:06:00 235.0 17203.0 83.26 83.54 83.65 83.54 83.54 300.0 83.55 3825.0 17203.0 4009.0 13194.0 0.0 83.605
12:07:00 147.0 8564.0 83.26 83.58 83.59 83.52 83.58 1477.0 83.59 1813.0 8564.0 6582.0 1982.0 0.0 83.5443
12:08:00 177.0 14805.0 83.26 83.6 83.63 83.58 83.59 603.0 83.6 2801.0 14805.0 7757.0 7048.0 0.0 83.61
12:09:00 91.0 4856.0 83.26 83.57 83.6 83.55 83.57 119.0 83.58 4225.0 4856.0 1926.0 2930.0 0.0 83.5718
12:10:00 170.0 10805.0 83.26 83.59 83.59 83.55 83.59 2200.0 83.6 1201.0 10805.0 4372.0 6433.0 0.0 83.5679
12:11:00 171.0 10762.0 83.26 83.51 83.59 83.495 83.51 1400.0 83.52 2215.0 10762.0 3350.0 7412.0 0.0 83.536
12:12:00 103.0 6696.0 83.26 83.54 83.545 83.49 83.54 2287.0 83.55 669.0 6696.0 3482.0 3214.0 0.0 83.5084
12:13:00 175.0 10019.0 83.26 83.55 83.565 83.525 83.55 3422.0 83.56 1106.0 10019.0 3390.0 6629.0 0.0 83.5439
12:14:00 123.0 6644.0 83.26 83.57 83.58 83.545 83.56 2656.0 83.57 1401.0 6644.0 3705.0 2939.0 0.0 83.563
12:15:00 125.0 5986.0 83.26 83.605 83.61 83.56 83.6 1597.0 83.61 1707.0 5986.0 4279.0 1707.0 0.0 83.5825
12:16:00 211.0 14656.0 83.26 83.66 83.67 83.595 83.65 5606.0 83.66 499.0 14656.0 9146.0 5510.0 0.0 83.6385
12:17:00 224.0 14250.0 83.26 83.71 83.71 83.65 83.7 3288.0 83.71 302.0 14250.0 5778.0 8472.0 0.0 83.6802
12:18:00 275.0 16669.0 83.26 83.63 83.705 83.62 83.63 2808.0 83.64 700.0 16669.0 5861.0 10808.0 0.0 83.6513
12:19:00 114.0 7826.0 83.26 83.59 83.64 83.58 83.58 2000.0 83.59 642.0 7826.0 2293.0 5533.0 0.0 83.6095
12:20:00 143.0 5956.0 83.26 83.67 83.685 83.59 83.67 800.0 83.68 2700.0 5956.0 4113.0 1843.0 0.0 83.6287
12:21:00 130.0 9100.0 83.26 83.66 83.67 83.63 83.65 3877.0 83.66 527.0 9100.0 3766.0 5334.0 0.0 83.6525
12:22:00 145.0 10218.0 83.26 83.61 83.66 83.6 83.61 1137.0 83.62 3100.0 10218.0 4360.0 5858.0 0.0 83.6247
12:23:00 362.0 23236.0 83.26 83.66 83.665 83.59 83.65 2961.0 83.66 1316.0 23236.0 9831.0 13405.0 0.0 83.6306
12:24:00 431.0 26986.0 83.26 83.64 83.675 83.63 83.63 2803.0 83.64 700.0 26986.0 12394.0 14592.0 0.0 83.6569
12:25:00 105.0 5277.0 83.26 83.64 83.64 83.61 83.63 1703.0 83.64 2069.0 5277.0 1924.0 3353.0 0.0 83.6264
12:26:00 148.0 11706.0 83.26 83.57 83.63 83.57 83.57 1368.0 83.58 1701.0 11706.0 4297.0 7409.0 0.0 83.6141
12:27:00 119.0 7134.0 83.26 83.525 83.575 83.51 83.52 3500.0 83.53 1401.0 7134.0 2535.0 4599.0 0.0 83.536
12:28:00 153.0 8964.0 83.26 83.505 83.545 83.49 83.5 1695.0 83.51 2422.0 8964.0 4067.0 4897.0 0.0 83.5185
12:29:00 308.0 19328.0 83.26 83.52 83.52 83.49 83.52 426.0 83.53 3423.0 19328.0 10705.0 8623.0 0.0 83.5044
12:30:00 188.0 12106.0 83.26 83.525 83.54 83.495 83.52 1979.0 83.53 1630.0 12106.0 6343.0 5763.0 0.0 83.5132
12:31:00 187.0 13953.0 83.26 83.49 83.535 83.49 83.48 1135.0 83.49 3431.0 13953.0 5983.0 7970.0 0.0 83.5052
12:32:00 274.0 14738.0 83.26 83.43 83.48 83.425 83.43 533.0 83.44 2500.0 14738.0 5769.0 8969.0 0.0 83.4617
12:33:00 231.0 13137.0 83.26 83.49 83.49 83.435 83.48 2512.0 83.49 1415.0 13137.0 7784.0 5353.0 0.0 83.4538
12:34:00 165.0 9036.0 83.26 83.49 83.515 83.47 83.49 1148.0 83.5 4044.0 9036.0 2979.0 6057.0 0.0 83.4918
12:35:00 154.0 7075.0 83.26 83.48 83.5 83.46 83.48 314.0 83.49 3829.0 7075.0 3620.0 3455.0 0.0 83.4822
12:36:00 250.0 12927.0 83.26 83.41 83.485 83.4 83.41 894.0 83.42 2502.0 12927.0 4763.0 8164.0 0.0 83.4288
12:37:00 131.0 8768.0 83.26 83.42 83.42 83.405 83.41 3194.0 83.42 1144.0 8768.0 4182.0 4586.0 0.0 83.4131
12:38:00 439.0 28459.0 83.26 83.375 83.45 83.375 83.38 600.0 83.38 17.0 28459.0 13534.0 14925.0 0.0 83.4119
12:39:00 253.0 22073.0 83.26 83.325 83.38 83.315 83.31 3202.0 83.32 902.0 22073.0 5275.0 16798.0 0.0 83.3517
12:40:00 237.0 13904.0 83.26 83.315 83.34 83.3 83.31 1338.0 83.32 2500.0 13904.0 8890.0 5014.0 0.0 83.3222
12:41:00 132.0 7419.0 83.26 83.31 83.32 83.29 83.31 620.0 83.32 2855.0 7419.0 2867.0 4552.0 0.0 83.3005
12:42:00 223.0 14307.0 83.26 83.31 83.34 83.3 83.31 1173.0 83.32 2800.0 14307.0 8955.0 5352.0 0.0 83.3199
12:43:00 270.0 26350.0 83.26 83.22 83.31 83.21 83.21 4592.0 83.22 111.0 26350.0 6983.0 19367.0 0.0 83.2621
12:44:00 173.0 9988.0 83.26 83.2 83.22 83.18 83.2 1024.0 83.21 2001.0 9988.0 5826.0 4162.0 0.0 83.205
12:45:00 235.0 11750.0 83.26 83.255 83.26 83.185 83.25 2217.0 83.26 2204.0 11750.0 8561.0 3189.0 0.0 83.2246
12:46:00 248.0 14020.0 83.26 83.35 83.365 83.25 83.34 3003.0 83.35 238.0 14020.0 5393.0 8627.0 0.0 83.3248
12:47:00 241.0 17757.0 83.26 83.36 83.37 83.34 83.35 1730.0 83.36 1601.0 17757.0 8403.0 9354.0 0.0 83.3479
12:48:00 342.0 25427.0 83.26 83.35 83.4 83.34 83.34 3000.0 83.35 298.0 25427.0 10144.0 15283.0 0.0 83.3662
12:49:00 218.0 12379.0 83.26 83.29 83.345 83.28 83.28 1900.0 83.29 1100.0 12379.0 3879.0 8500.0 0.0 83.3096
12:50:00 192.0 15763.0 83.26 83.3 83.3 83.26 83.3 805.0 83.31 2600.0 15763.0 8895.0 6868.0 0.0 83.2765
12:51:00 303.0 18817.0 83.26 83.3 83.33 83.29 83.29 3540.0 83.3 801.0 18817.0 9233.0 9584.0 0.0 83.3009
12:52:00 90.0 6170.0 83.26 83.32 83.33 83.29 83.31 1700.0 83.32 1701.0 6170.0 3882.0 2288.0 0.0 83.3149
12:53:00 319.0 22903.0 83.26 83.34 83.345 83.3 83.33 2400.0 83.34 638.0 22903.0 12816.0 10087.0 0.0 83.3316
12:54:00 204.0 15076.0 83.26 83.31 83.335 83.3 83.31 2610.0 83.32 602.0 15076.0 5972.0 9104.0 0.0 83.3183
12:55:00 59.0 3949.0 83.26 83.31 83.32 83.305 83.31 1614.0 83.32 2130.0 3949.0 1550.0 2399.0 0.0 83.314
12:56:00 134.0 10567.0 83.26 83.3 83.32 83.29 83.3 4000.0 83.31 615.0 10567.0 5291.0 5276.0 0.0 83.3035
12:57:00 226.0 15622.0 83.26 83.34 83.34 83.27 83.33 3400.0 83.34 600.0 15622.0 10062.0 5560.0 0.0 83.3005
12:58:00 187.0 14950.0 83.26 83.31 83.33 83.29 83.31 2706.0 83.32 901.0 14950.0 7985.0 6965.0 0.0 83.3051
12:59:00 172.0 12230.0 83.26 83.3 83.315 83.28 83.29 1815.0 83.3 2365.0 12230.0 3942.0 8288.0 0.0 83.296
13:00:00 73.0 3907.0 83.26 83.32 83.325 83.29 83.32 2843.0 83.33 2652.0 3907.0 2569.0 1338.0 0.0 83.3065
13:01:00 132.0 8113.0 83.26 83.33 83.33 83.3 83.32 4007.0 83.33 1500.0 8113.0 3912.0 4201.0 0.0 83.3157
13:02:00 261.0 17732.0 83.26 83.23 83.325 83.23 83.23 4017.0 83.24 700.0 17732.0 4098.0 13634.0 0.0 83.2757
13:03:00 218.0 14129.0 83.26 83.24 83.26 83.22 83.23 2400.0 83.24 1915.0 14129.0 7080.0 7049.0 0.0 83.2395
13:04:00 139.0 8197.0 83.26 83.2 83.25 83.185 83.19 1.0 83.19 200.0 8197.0 3542.0 4655.0 0.0 83.2046
13:05:00 204.0 13860.0 83.26 83.21 83.23 83.185 83.2 1150.0 83.21 2500.0 13860.0 3809.0 10051.0 0.0 83.2176
13:06:00 96.0 5585.0 83.26 83.16 83.205 83.16 83.16 1505.0 83.17 1501.0 5585.0 1180.0 4405.0 0.0 83.1837
13:07:00 108.0 6503.0 83.26 83.19 83.195 83.17 83.19 1200.0 83.2 2045.0 6503.0 4251.0 2252.0 0.0 83.1844
13:08:00 114.0 7503.0 83.26 83.21 83.21 83.165 83.2 2216.0 83.21 1300.0 7503.0 3251.0 4252.0 0.0 83.1796
13:09:00 80.0 4305.0 83.26 83.22 83.23 83.18 83.21 1000.0 83.22 2201.0 4305.0 1487.0 2818.0 0.0 83.2057
13:10:00 220.0 15499.0 83.26 83.28 83.29 83.21 83.27 1138.0 83.28 2801.0 15499.0 10815.0 4684.0 0.0 83.2518
13:11:00 135.0 6387.0 83.26 83.22 83.27 83.215 83.22 700.0 83.23 3725.0 6387.0 2253.0 4134.0 0.0 83.2364
13:12:00 141.0 9674.0 83.26 83.23 83.23 83.2 83.23 1100.0 83.24 2043.0 9674.0 4559.0 5115.0 0.0 83.2122
13:13:00 149.0 8437.0 83.26 83.2 83.24 83.2 83.2 1217.0 83.21 2110.0 8437.0 2800.0 5637.0 0.0 83.2205
13:14:00 104.0 5973.0 83.26 83.27 83.28 83.2 83.27 1522.0 83.28 2115.0 5973.0 3494.0 2479.0 0.0 83.2469
13:15:00 138.0 8603.0 83.26 83.33 83.33 83.275 83.32 3706.0 83.33 200.0 8603.0 5434.0 3169.0 0.0 83.2993
13:16:00 226.0 12714.0 83.26 83.33 83.375 83.315 83.32 3093.0 83.33 401.0 12714.0 5209.0 7505.0 0.0 83.3468
13:17:00 168.0 10498.0 83.26 83.35 83.37 83.33 83.35 518.0 83.36 3600.0 10498.0 6080.0 4418.0 0.0 83.3495
13:18:00 181.0 12734.0 83.26 83.39 83.42 83.34 83.38 3800.0 83.39 310.0 12734.0 6062.0 6672.0 0.0 83.3917
13:19:00 199.0 11256.0 83.26 83.38 83.44 83.38 83.38 201.0 83.39 4739.0 11256.0 3975.0 7281.0 0.0 83.4072
13:20:00 118.0 5449.0 83.26 83.4 83.41 83.375 83.39 3666.0 83.4 443.0 5449.0 3279.0 2170.0 0.0 83.3959
13:21:00 277.0 20192.0 83.26 83.44 83.475 83.39 83.43 1459.0 83.44 2400.0 20192.0 13312.0 6880.0 0.0 83.4332
13:22:00 203.0 12770.0 83.26 83.415 83.44 83.415 83.41 1099.0 83.42 1909.0 12770.0 3771.0 8999.0 0.0 83.4257
13:23:00 179.0 10648.0 83.26 83.4 83.42 83.36 83.4 102.0 83.41 2495.0 10648.0 4426.0 6222.0 0.0 83.3865
13:24:00 180.0 10884.0 83.26 83.39 83.4 83.37 83.38 2315.0 83.39 867.0 10884.0 7521.0 3363.0 0.0 83.383
13:25:00 166.0 8927.0 83.26 83.345 83.385 83.34 83.34 2508.0 83.35 500.0 8927.0 5071.0 3856.0 0.0 83.3553
13:26:00 169.0 10945.0 83.26 83.3 83.385 83.3 83.29 526.0 83.3 3705.0 10945.0 2230.0 8715.0 0.0 83.338
13:27:00 160.0 7313.0 83.26 83.3 83.33 83.29 83.3 800.0 83.31 3697.0 7313.0 5385.0 1928.0 0.0 83.3086
13:28:00 84.0 4387.0 83.26 83.32 83.33 83.28 83.32 617.0 83.33 2811.0 4387.0 2258.0 2129.0 0.0 83.3029
13:29:00 127.0 6423.0 83.26 83.31 83.34 83.29 83.3 2611.0 83.31 875.0 6423.0 3431.0 2992.0 0.0 83.3135
13:30:00 103.0 6029.0 83.26 83.32 83.335 83.31 83.32 698.0 83.33 3200.0 6029.0 3405.0 2624.0 0.0 83.3227
13:31:00 140.0 8759.0 83.26 83.32 83.33 83.29 83.32 400.0 83.33 2900.0 8759.0 5201.0 3558.0 0.0 83.3074
13:32:00 149.0 7715.0 83.26 83.31 83.335 83.3 83.3 3927.0 83.31 395.0 7715.0 4701.0 3014.0 0.0 83.3186
13:33:00 177.0 10929.0 83.26 83.32 83.34 83.305 83.32 370.0 83.33 5411.0 10929.0 4802.0 6127.0 0.0 83.3262
13:34:00 159.0 9053.0 83.26 83.345 83.345 83.31 83.34 3113.0 83.35 664.0 9053.0 5057.0 3996.0 0.0 83.3239
13:35:00 190.0 8858.0 83.26 83.31 83.35 83.31 83.31 1950.0 83.32 2600.0 8858.0 3442.0 5416.0 0.0 83.3286
13:36:00 126.0 6402.0 83.26 83.33 83.33 83.3 83.32 1712.0 83.33 1535.0 6402.0 2876.0 3526.0 0.0 83.3124
13:37:00 186.0 11674.0 83.26 83.32 83.34 83.31 83.32 317.0 83.33 4211.0 11674.0 5429.0 6245.0 0.0 83.3232
13:38:00 136.0 7770.0 83.26 83.3 83.33 83.29 83.3 3006.0 83.31 1694.0 7770.0 2986.0 4784.0 0.0 83.3164
13:39:00 185.0 11368.0 83.26 83.275 83.3 83.255 83.27 3917.0 83.28 1901.0 11368.0 4785.0 6583.0 0.0 83.2729
13:40:00 248.0 14600.0 83.26 83.33 83.33 83.27 83.32 1300.0 83.33 4213.0 14600.0 7144.0 7456.0 0.0 83.2892
13:41:00 245.0 17045.0 83.26 83.34 83.38 83.32 83.34 900.0 83.35 2800.0 17045.0 9996.0 7049.0 0.0 83.356
13:42:00 107.0 5026.0 83.26 83.35 83.35 83.32 83.34 1019.0 83.35 3125.0 5026.0 3785.0 1241.0 0.0 83.3301
13:43:00 151.0 9214.0 83.26 83.345 83.355 83.33 83.34 719.0 83.35 3222.0 9214.0 4367.0 4847.0 0.0 83.341
13:44:00 119.0 5988.0 83.26 83.325 83.345 83.325 83.32 3038.0 83.33 810.0 5988.0 2455.0 3533.0 0.0 83.3334
13:45:00 191.0 13452.0 83.26 83.38 83.39 83.32 83.38 1924.0 83.39 1405.0 13452.0 10836.0 2616.0 0.0 83.3468
13:46:00 378.0 22620.0 83.26 83.44 83.44 83.37 83.44 2966.0 83.45 913.0 22620.0 12128.0 10492.0 0.0 83.3926
13:47:00 238.0 15961.0 83.26 83.445 83.48 83.44 83.44 3342.0 83.45 910.0 15961.0 8599.0 7362.0 0.0 83.4538
13:48:00 376.0 24577.0 83.26 83.425 83.46 83.385 83.42 1347.0 83.43 2200.0 24577.0 12147.0 12430.0 0.0 83.4282
13:49:00 193.0 12474.0 83.26 83.38 83.42 83.37 83.37 502.0 83.38 3924.0 12474.0 4472.0 8002.0 0.0 83.3833
13:50:00 125.0 8130.0 83.26 83.37 83.39 83.37 83.37 323.0 83.38 3851.0 8130.0 3538.0 4592.0 0.0 83.3773
13:51:00 245.0 13544.0 83.26 83.355 83.38 83.35 83.35 1524.0 83.36 3000.0 13544.0 7597.0 5947.0 0.0 83.3686
13:52:00 191.0 9810.0 83.26 83.345 83.365 83.32 83.34 1106.0 83.35 3301.0 9810.0 3930.0 5880.0 0.0 83.3402
13:53:00 274.0 16934.0 83.26 83.33 83.365 83.305 83.33 1117.0 83.34 2363.0 16934.0 6935.0 9999.0 0.0 83.3303
13:54:00 148.0 9645.0 83.26 83.38 83.38 83.33 83.38 2148.0 83.39 1683.0 9645.0 6748.0 2897.0 0.0 83.3536
13:55:00 117.0 6679.0 83.26 83.37 83.385 83.36 83.36 2711.0 83.37 578.0 6679.0 3191.0 3488.0 0.0 83.3713
13:56:00 182.0 9318.0 83.26 83.34 83.365 83.3 83.34 301.0 83.35 4126.0 9318.0 4329.0 4989.0 0.0 83.3359
13:57:00 150.0 7937.0 83.26 83.34 83.35 83.32 83.33 3447.0 83.34 623.0 7937.0 3842.0 4095.0 0.0 83.3292
13:58:00 174.0 11551.0 83.26 83.33 83.35 83.31 83.32 3120.0 83.33 1501.0 11551.0 5027.0 6524.0 0.0 83.3265
13:59:00 110.0 5694.0 83.26 83.39 83.39 83.315 83.39 129.0 83.4 3870.0 5694.0 3468.0 2226.0 0.0 83.3483
14:00:00 213.0 13606.0 83.26 83.47 83.48 83.38 83.47 3932.0 83.48 1101.0 13606.0 8873.0 4733.0 0.0 83.4387
14:01:00 307.0 26000.0 83.26 83.48 83.515 83.43 83.47 2766.0 83.48 500.0 26000.0 13902.0 12098.0 0.0 83.4823
14:02:00 132.0 8688.0 83.26 83.46 83.5 83.46 83.46 105.0 83.47 3101.0 8688.0 4155.0 4533.0 0.0 83.4802
14:03:00 115.0 5425.0 83.26 83.475 83.475 83.445 83.47 200.0 83.48 3747.0 5425.0 2652.0 2773.0 0.0 83.4585
14:04:00 176.0 10783.0 83.26 83.47 83.49 83.45 83.46 2720.0 83.47 700.0 10783.0 6907.0 3876.0 0.0 83.4707
14:05:00 184.0 13822.0 83.26 83.47 83.495 83.465 83.47 200.0 83.48 3610.0 13822.0 5145.0 8677.0 0.0 83.4763
14:06:00 184.0 12833.0 83.26 83.44 83.47 83.43 83.44 2599.0 83.45 2098.0 12833.0 6527.0 6306.0 0.0 83.4452
14:07:00 122.0 8326.0 83.26 83.46 83.46 83.44 83.46 1443.0 83.47 3221.0 8326.0 4938.0 3388.0 0.0 83.4478
14:08:00 223.0 13165.0 83.26 83.445 83.475 83.44 83.44 2790.0 83.45 1236.0 13165.0 6360.0 6805.0 0.0 83.4529
14:09:00 339.0 23706.0 83.26 83.4 83.47 83.4 83.4 4080.0 83.41 1500.0 23706.0 9639.0 14067.0 0.0 83.4313
14:10:00 144.0 10665.0 83.26 83.42 83.43 83.395 83.41 1564.0 83.42 4307.0 10665.0 6299.0 4366.0 0.0 83.4104
14:11:00 96.0 7229.0 83.26 83.42 83.43 83.41 83.41 1400.0 83.42 2390.0 7229.0 3338.0 3891.0 0.0 83.4192
14:12:00 119.0 7886.0 83.26 83.45 83.45 83.415 83.45 1505.0 83.46 3598.0 7886.0 6524.0 1362.0 0.0 83.4365
14:13:00 118.0 6710.0 83.26 83.45 83.45 83.4 83.44 4600.0 83.45 200.0 6710.0 3235.0 3475.0 0.0 83.4284
14:14:00 159.0 11098.0 83.26 83.405 83.45 83.405 83.4 1502.0 83.41 2001.0 11098.0 3855.0 7243.0 0.0 83.4253
14:15:00 63.0 3444.0 83.26 83.425 83.43 83.405 83.42 2322.0 83.43 1504.0 3444.0 2302.0 1142.0 0.0 83.4183
14:16:00 232.0 12789.0 83.26 83.42 83.43 83.41 83.41 1496.0 83.42 2883.0 12789.0 4508.0 8281.0 0.0 83.4171
14:17:00 155.0 9056.0 83.26 83.44 83.44 83.405 83.43 2142.0 83.44 3053.0 9056.0 5240.0 3816.0 0.0 83.4178
14:18:00 133.0 8155.0 83.26 83.435 83.45 83.41 83.43 1900.0 83.44 1619.0 8155.0 4394.0 3761.0 0.0 83.4305
14:19:00 154.0 9505.0 83.26 83.43 83.44 83.41 83.42 5100.0 83.43 1310.0 9505.0 4979.0 4526.0 0.0 83.4255
14:20:00 109.0 6349.0 83.26 83.46 83.46 83.43 83.46 1019.0 83.47 2900.0 6349.0 5051.0 1298.0 0.0 83.4423
14:21:00 335.0 21266.0 83.26 83.455 83.465 83.445 83.45 555.0 83.46 3213.0 21266.0 6704.0 14562.0 0.0 83.4543
14:22:00 146.0 9593.0 83.26 83.485 83.5 83.46 83.48 2233.0 83.49 2739.0 9593.0 7153.0 2440.0 0.0 83.4857
14:23:00 164.0 10021.0 83.26 83.52 83.52 83.47 83.51 2500.0 83.52 4906.0 10021.0 8127.0 1894.0 0.0 83.4945
14:24:00 199.0 10178.0 83.26 83.525 83.53 83.51 83.52 1600.0 83.53 3146.0 10178.0 5300.0 4878.0 0.0 83.5206
14:25:00 197.0 15031.0 83.26 83.575 83.59 83.525 83.57 3242.0 83.58 1475.0 15031.0 11000.0 4031.0 0.0 83.5704
14:26:00 449.0 36169.0 83.26 83.62 83.68 83.57 83.62 439.0 83.63 5949.0 36169.0 18843.0 17326.0 0.0 83.6425
14:27:00 239.0 15199.0 83.26 83.63 83.645 83.58 83.62 3000.0 83.63 896.0 15199.0 7289.0 7910.0 0.0 83.6104
14:28:00 229.0 17236.0 83.26 83.68 83.71 83.63 83.68 1875.0 83.69 2168.0 17236.0 11955.0 5281.0 0.0 83.6836
14:29:00 158.0 9787.0 83.26 83.69 83.72 83.69 83.68 2159.0 83.69 1528.0 9787.0 4317.0 5470.0 0.0 83.7057
14:30:00 205.0 13007.0 83.26 83.67 83.68 83.66 83.66 1626.0 83.67 2201.0 13007.0 5077.0 7930.0 0.0 83.6728
14:31:00 255.0 15258.0 83.26 83.66 83.68 83.65 83.65 4018.0 83.66 1542.0 15258.0 5990.0 9268.0 0.0 83.6627
14:32:00 125.0 7211.0 83.26 83.69 83.695 83.635 83.69 2100.0 83.7 1804.0 7211.0 3564.0 3647.0 0.0 83.6665
14:33:00 207.0 14164.0 83.26 83.68 83.69 83.635 83.67 2900.0 83.68 1731.0 14164.0 5043.0 9121.0 0.0 83.6618
14:34:00 114.0 8098.0 83.26 83.66 83.68 83.65 83.66 3426.0 83.67 3116.0 8098.0 5218.0 2880.0 0.0 83.6635
14:35:00 243.0 19395.0 83.26 83.61 83.665 83.6 83.6 4701.0 83.61 608.0 19395.0 4355.0 15040.0 0.0 83.6298
14:36:00 178.0 9368.0 83.26 83.56 83.61 83.555 83.56 2336.0 83.57 1568.0 9368.0 3973.0 5395.0 0.0 83.5819
14:37:00 180.0 10889.0 83.26 83.565 83.58 83.55 83.56 1560.0 83.57 2000.0 10889.0 5869.0 5020.0 0.0 83.5617
14:38:00 117.0 8199.0 83.26 83.555 83.575 83.55 83.55 1373.0 83.56 2438.0 8199.0 1711.0 6488.0 0.0 83.5607
14:39:00 234.0 13770.0 83.26 83.56 83.575 83.54 83.56 1400.0 83.57 2810.0 13770.0 6691.0 7079.0 0.0 83.5538
14:40:00 149.0 8317.0 83.26 83.57 83.59 83.56 83.56 2756.0 83.57 1609.0 8317.0 4978.0 3339.0 0.0 83.5808
14:41:00 214.0 14534.0 83.26 83.545 83.57 83.53 83.54 1706.0 83.55 2026.0 14534.0 6765.0 7769.0 0.0 83.5506
14:42:00 328.0 22482.0 83.26 83.5 83.54 83.48 83.5 1517.0 83.51 3126.0 22482.0 9525.0 12957.0 0.0 83.5078
14:43:00 175.0 11481.0 83.26 83.49 83.51 83.475 83.48 3127.0 83.49 1100.0 11481.0 5861.0 5620.0 0.0 83.4947
14:44:00 296.0 21512.0 83.26 83.535 83.54 83.47 83.53 4196.0 83.54 1209.0 21512.0 12139.0 9373.0 0.0 83.4968
14:45:00 210.0 13407.0 83.26 83.535 83.575 83.51 83.53 1722.0 83.54 3000.0 13407.0 4706.0 8701.0 0.0 83.5382
14:46:00 159.0 7312.0 83.26 83.54 83.55 83.51 83.53 3666.0 83.54 500.0 7312.0 2883.0 4429.0 0.0 83.5339
14:47:00 164.0 9218.0 83.26 83.57 83.57 83.51 83.56 3700.0 83.57 310.0 9218.0 5356.0 3862.0 0.0 83.5452
14:48:00 152.0 7141.0 83.26 83.555 83.58 83.55 83.55 409.0 83.56 4401.0 7141.0 1416.0 5725.0 0.0 83.5678
14:49:00 181.0 11050.0 83.26 83.58 83.59 83.54 83.57 2769.0 83.58 5779.0 11050.0 6269.0 4781.0 0.0 83.5634
14:50:00 175.0 13396.0 83.26 83.57 83.595 83.56 83.57 2000.0 83.58 2533.0 13396.0 7332.0 6064.0 0.0 83.5761
14:51:00 125.0 9487.0 83.26 83.565 83.575 83.555 83.56 1400.0 83.57 3637.0 9487.0 4847.0 4640.0 0.0 83.5611
14:52:00 212.0 15075.0 83.26 83.53 83.56 83.52 83.53 4630.0 83.54 1600.0 15075.0 4448.0 10627.0 0.0 83.542
14:53:00 120.0 6306.0 83.26 83.53 83.545 83.52 83.53 483.0 83.54 4227.0 6306.0 2658.0 3648.0 0.0 83.5298
14:54:00 165.0 11963.0 83.26 83.49 83.535 83.48 83.49 1617.0 83.5 2825.0 11963.0 2338.0 9625.0 0.0 83.5114
14:55:00 133.0 6749.0 83.26 83.55 83.555 83.49 83.54 4888.0 83.56 3382.0 6749.0 4069.0 2680.0 0.0 83.5146
14:56:00 183.0 12603.0 83.26 83.56 83.57 83.54 83.55 4763.0 83.56 1000.0 12603.0 6148.0 6455.0 0.0 83.5538
14:57:00 168.0 8876.0 83.26 83.55 83.565 83.54 83.54 4476.0 83.55 1459.0 8876.0 5187.0 3689.0 0.0 83.545
14:58:00 386.0 14487.0 83.26 83.55 83.58 83.53 83.54 1100.0 83.55 2910.0 14487.0 5597.0 8890.0 0.0 83.5557
14:59:00 322.0 20970.0 83.26 83.52 83.55 83.49 83.51 4295.0 83.52 4119.0 20970.0 7807.0 13163.0 0.0 83.52
15:00:00 194.0 12741.0 83.26 83.53 83.555 83.515 83.53 2846.0 83.54 4328.0 12741.0 6777.0 5964.0 0.0 83.5359
15:01:00 218.0 13588.0 83.26 83.515 83.53 83.505 83.51 2600.0 83.52 2518.0 13588.0 7668.0 5920.0 0.0 83.5194
15:02:00 276.0 21202.0 83.26 83.52 83.52 83.485 83.51 1801.0 83.52 2921.0 21202.0 11605.0 9597.0 0.0 83.5012
15:03:00 382.0 23368.0 83.26 83.45 83.515 83.44 83.44 3031.0 83.45 1356.0 23368.0 7374.0 15994.0 0.0 83.4766
15:04:00 307.0 20200.0 83.26 83.44 83.46 83.425 83.44 1028.0 83.45 3442.0 20200.0 9919.0 10281.0 0.0 83.4429
15:05:00 244.0 12651.0 83.26 83.44 83.455 83.43 83.44 1286.0 83.45 3174.0 12651.0 7960.0 4691.0 0.0 83.4421
15:06:00 328.0 18243.0 83.26 83.45 83.47 83.425 83.45 295.0 83.46 4502.0 18243.0 8809.0 9434.0 0.0 83.4467
15:07:00 476.0 24471.0 83.26 83.44 83.455 83.435 83.44 1416.0 83.45 1944.0 24471.0 12641.0 11830.0 0.0 83.4479
15:08:00 385.0 18340.0 83.26 83.44 83.455 83.44 83.44 1510.0 83.45 3465.0 18340.0 10939.0 7401.0 0.0 83.4477
15:09:00 501.0 31037.0 83.26 83.495 83.5 83.435 83.49 4111.0 83.5 2030.0 31037.0 21613.0 9424.0 0.0 83.4564
15:10:00 306.0 18428.0 83.26 83.465 83.5 83.46 83.46 5001.0 83.47 400.0 18428.0 7496.0 10932.0 0.0 83.4823
15:11:00 139.0 7574.0 83.26 83.44 83.46 83.42 83.43 5103.0 83.44 412.0 7574.0 2378.0 5196.0 0.0 83.4449
15:12:00 119.0 5674.0 83.26 83.45 83.45 83.435 83.44 3374.0 83.45 2357.0 5674.0 1610.0 4064.0 0.0 83.4466
15:13:00 464.0 29817.0 83.26 83.41 83.44 83.38 83.4 2076.0 83.41 2254.0 29817.0 10783.0 19034.0 0.0 83.4092
15:14:00 396.0 25165.0 83.26 83.385 83.46 83.385 83.38 1248.0 83.39 2584.0 25165.0 10924.0 14241.0 0.0 83.4331
15:15:00 195.0 10726.0 83.26 83.445 83.445 83.375 83.44 3016.0 83.45 1201.0 10726.0 6311.0 4415.0 0.0 83.4068
15:16:00 193.0 13586.0 83.26 83.49 83.5 83.43 83.49 2199.0 83.5 3006.0 13586.0 5741.0 7845.0 0.0 83.456
15:17:00 494.0 36280.0 83.26 83.4 83.5 83.39 83.39 5052.0 83.4 100.0 36280.0 12544.0 23736.0 0.0 83.4367
15:18:00 143.0 9143.0 83.26 83.39 83.4 83.38 83.38 1701.0 83.39 4200.0 9143.0 6439.0 2704.0 0.0 83.3939
15:19:00 257.0 16666.0 83.26 83.395 83.395 83.35 83.39 2000.0 83.4 2746.0 16666.0 10320.0 6346.0 0.0 83.3713
15:20:00 255.0 18588.0 83.26 83.39 83.4 83.38 83.39 200.0 83.4 5201.0 18588.0 10489.0 8099.0 0.0 83.393
15:21:00 255.0 13226.0 83.26 83.38 83.4 83.36 83.38 2320.0 83.39 2457.0 13226.0 6112.0 7114.0 0.0 83.3808
15:22:00 157.0 11651.0 83.26 83.38 83.385 83.37 83.37 1983.0 83.38 2900.0 11651.0 4914.0 6737.0 0.0 83.3776
15:23:00 218.0 15607.0 83.26 83.365 83.39 83.34 83.36 1505.0 83.37 3263.0 15607.0 5414.0 10193.0 0.0 83.3688
15:24:00 254.0 18813.0 83.26 83.32 83.36 83.3 83.31 2028.0 83.32 2400.0 18813.0 9187.0 9626.0 0.0 83.3273
15:25:00 199.0 10379.0 83.26 83.29 83.32 83.27 83.29 1382.0 83.3 5404.0 10379.0 4733.0 5646.0 0.0 83.2957
15:26:00 301.0 21993.0 83.26 83.3 83.32 83.28 83.29 2955.0 83.3 1417.0 21993.0 9681.0 12312.0 0.0 83.2964
15:27:00 303.0 24484.0 83.26 83.42 83.43 83.3 83.42 100.0 83.43 4305.0 24484.0 18944.0 5540.0 0.0 83.3657
15:28:00 248.0 13464.0 83.26 83.48 83.48 83.4 83.48 2322.0 83.49 3863.0 13464.0 9076.0 4388.0 0.0 83.423
15:29:00 249.0 14803.0 83.26 83.445 83.485 83.43 83.44 2344.0 83.45 2725.0 14803.0 5576.0 9227.0 0.0 83.4598
15:30:00 143.0 11255.0 83.26 83.48 83.48 83.44 83.47 5478.0 83.48 600.0 11255.0 9041.0 2214.0 0.0 83.4573
15:31:00 507.0 37718.0 83.26 83.505 83.535 83.48 83.5 1564.0 83.51 3401.0 37718.0 13430.0 24288.0 0.0 83.5025
15:32:00 558.0 37201.0 83.26 83.44 83.505 83.42 83.43 2020.0 83.44 3011.0 37201.0 13732.0 23469.0 0.0 83.457
15:33:00 350.0 24785.0 83.26 83.48 83.49 83.44 83.47 2740.0 83.48 811.0 24785.0 15493.0 9292.0 0.0 83.475
15:34:00 277.0 16349.0 83.26 83.48 83.5 83.435 83.47 2216.0 83.48 2500.0 16349.0 7948.0 8401.0 0.0 83.4716
15:35:00 249.0 14301.0 83.26 83.495 83.505 83.47 83.49 2300.0 83.5 2818.0 14301.0 8711.0 5590.0 0.0 83.4917
15:36:00 413.0 29438.0 83.26 83.555 83.555 83.495 83.55 4695.0 83.56 900.0 29438.0 19398.0 10040.0 0.0 83.5091
15:37:00 359.0 24728.0 83.26 83.57 83.57 83.505 83.56 6108.0 83.57 350.0 24728.0 11645.0 13083.0 0.0 83.5397
15:38:00 267.0 19290.0 83.26 83.565 83.58 83.55 83.56 2663.0 83.57 1845.0 19290.0 7669.0 11621.0 0.0 83.5608
15:39:00 270.0 17761.0 83.26 83.51 83.57 83.5 83.51 2600.0 83.52 3806.0 17761.0 6768.0 10993.0 0.0 83.5299
15:40:00 243.0 16371.0 83.26 83.51 83.53 83.5 83.5 2006.0 83.51 3932.0 16371.0 6243.0 10128.0 0.0 83.5085
15:41:00 301.0 18481.0 83.26 83.47 83.505 83.455 83.46 1871.0 83.47 3076.0 18481.0 5409.0 13072.0 0.0 83.4769
15:42:00 369.0 24495.0 83.26 83.44 83.465 83.415 83.43 2458.0 83.44 2200.0 24495.0 9188.0 15307.0 0.0 83.4373
15:43:00 450.0 37748.0 83.26 83.485 83.49 83.425 83.48 1540.0 83.49 4182.0 37748.0 17684.0 20064.0 0.0 83.4575
15:44:00 211.0 13726.0 83.26 83.5 83.5 83.465 83.49 5769.0 83.5 230.0 13726.0 7663.0 6063.0 0.0 83.4843
15:45:00 265.0 17186.0 83.26 83.5 83.52 83.48 83.49 6319.0 83.5 1171.0 17186.0 7561.0 9625.0 0.0 83.4994
15:46:00 694.0 59077.0 83.26 83.545 83.57 83.48 83.54 3311.0 83.55 4172.0 59077.0 29940.0 29137.0 0.0 83.5227
15:47:00 364.0 25218.0 83.26 83.58 83.585 83.535 83.57 4530.0 83.58 1836.0 25218.0 13473.0 11745.0 0.0 83.5662
15:48:00 389.0 26663.0 83.26 83.585 83.6 83.55 83.58 3730.0 83.59 4240.0 26663.0 12844.0 13819.0 0.0 83.575
15:49:00 431.0 27099.0 83.26 83.63 83.63 83.575 83.62 5596.0 83.63 2474.0 27099.0 16257.0 10842.0 0.0 83.5918
15:50:00 601.0 32132.0 83.26 83.57 83.66 83.56 83.56 969.0 83.57 1709.0 32132.0 9380.0 22752.0 0.0 83.6082
15:51:00 1029.0 74601.0 83.26 83.56 83.605 83.53 83.55 4921.0 83.56 1861.0 74601.0 36344.0 38257.0 0.0 83.5727
15:52:00 574.0 41911.0 83.26 83.51 83.56 83.5 83.5 2835.0 83.51 5447.0 41911.0 14461.0 27450.0 0.0 83.5337
15:53:00 616.0 45796.0 83.26 83.54 83.55 83.48 83.53 7442.0 83.54 125.0 45796.0 23134.0 22662.0 0.0 83.5075
15:54:00 517.0 36439.0 83.26 83.535 83.56 83.525 83.53 3594.0 83.54 7508.0 36439.0 16010.0 20429.0 0.0 83.5439
15:55:00 491.0 41423.0 83.26 83.56 83.59 83.525 83.55 4122.0 83.56 3275.0 41423.0 20728.0 20695.0 0.0 83.5599
15:56:00 1067.0 90993.0 83.26 83.63 83.66 83.545 83.62 3725.0 83.63 4425.0 90993.0 44972.0 46021.0 0.0 83.6076
15:57:00 778.0 65079.0 83.26 83.66 83.7 83.63 83.66 1128.0 83.67 6959.0 65079.0 38123.0 26956.0 0.0 83.6712
15:58:00 703.0 68784.0 83.26 83.71 83.75 83.67 83.71 3908.0 83.72 6555.0 68784.0 43032.0 25752.0 0.0 83.7137
15:59:00 986.0 84301.0 83.26 83.74 83.77 83.71 83.74 1847.0 83.75 10343.0 84301.0 45060.0 39241.0 0.0 83.7445
16:00:00 1642.0 177637.0 83.26 83.79 83.81 83.745 83.78 52561.0 83.79 2700.0 177637.0 110855.0 66782.0 0.0 83.7784
16:01:00 16.0 1810.0 83.26 83.79 83.8 83.75 83.79 800.0 83.79 2700.0 1810.0 1350.0 460.0 0.0 83.768
16:02:00 4.0 20.0 83.26 83.79 83.8 83.79 83.79 1188.0 83.79 2700.0 20.0 0.0 20.0 0.0 83.794
16:03:00 8.0 502.0 83.26 83.79 83.79 83.78 83.79 386.0 83.79 2700.0 502.0 0.0 502.0 0.0 83.79
16:04:00 2.0 55.0 83.26 83.79 83.79 83.79 83.79 331.0 83.79 2700.0 55.0 0.0 55.0 0.0 83.79
16:05:00 3.0 16.0 83.26 83.79 83.79 83.79 83.79 315.0 83.79 2700.0 16.0 0.0 16.0 0.0 83.79
16:06:00 0.0 0.0 83.26 83.79 nan nan 83.79 315.0 83.79 2700.0 nan 0.0 0.0 0.0 nan
16:07:00 0.0 0.0 83.26 83.79 nan nan 83.79 100.0 83.79 2700.0 nan 0.0 0.0 0.0 nan
16:08:00 3.0 100.0 83.26 83.79 83.79 83.79 83.79 100.0 83.79 2700.0 100.0 0.0 100.0 0.0 83.79
16:09:00 3.0 113.0 83.26 83.79 83.79 83.79 83.79 187.0 83.79 2700.0 113.0 0.0 113.0 0.0 83.79
16:10:00 2.0 100.0 83.26 83.78 83.79 83.78 83.79 237.0 83.79 2700.0 100.0 0.0 100.0 0.0 83.78
16:11:00 0.0 0.0 83.26 83.78 nan nan 83.79 187.0 83.79 2700.0 nan 0.0 0.0 0.0 nan
16:12:00 7.0 199.0 83.26 83.79 83.79 83.79 83.79 188.0 83.79 2700.0 199.0 0.0 199.0 0.0 83.79
16:13:00 9.0 794.0 83.26 83.79 83.8 83.79 83.8 100.0 83.79 2700.0 794.0 606.0 188.0 0.0 83.7975
16:14:00 1.0 1.0 83.26 83.81 83.81 83.81 83.8 100.0 83.79 2700.0 1.0 1.0 0.0 0.0 83.81
16:15:00 2.0 120.0 83.26 83.79 83.8 83.79 83.79 179.0 83.79 2700.0 120.0 0.0 120.0 0.0 83.7983
16:16:00 4.0 55.0 83.26 83.79 83.79 83.79 83.79 144.0 83.79 2700.0 55.0 0.0 55.0 0.0 83.79
16:17:00 0.0 0.0 83.26 83.79 nan nan 83.79 144.0 83.79 2700.0 nan 0.0 0.0 0.0 nan
16:18:00 4.0 192.0 83.26 83.79 83.79 83.79 83.78 20061.0 83.79 2727.0 192.0 0.0 192.0 0.0 83.79
16:19:00 0.0 0.0 83.26 83.79 nan nan 83.78 20061.0 83.79 2727.0 nan 0.0 0.0 0.0 nan
16:20:00 3.0 10.0 83.26 83.78 83.78 83.78 83.78 20045.0 83.79 3127.0 10.0 0.0 10.0 0.0 83.78
16:21:00 8.0 498.0 83.26 83.78 83.78 83.78 83.78 20051.0 83.79 3128.0 498.0 0.0 498.0 0.0 83.78
16:22:00 7.0 402.0 83.26 83.78 83.79 83.78 83.78 19894.0 83.79 3127.0 402.0 1.0 401.0 0.0 83.78
16:23:00 12.0 710.0 83.26 83.78 83.78 83.78 83.78 19865.0 83.79 3127.0 710.0 0.0 710.0 0.0 83.78
16:24:00 3.0 15.0 83.26 83.79 83.79 83.79 83.78 19857.0 83.79 3112.0 15.0 15.0 0.0 0.0 83.79
16:25:00 0.0 0.0 83.26 83.79 nan nan 83.78 19859.0 83.79 2712.0 nan 0.0 0.0 0.0 nan
16:26:00 5.0 214.0 83.26 83.78 83.79 83.78 83.78 19851.0 83.79 2712.0 214.0 0.0 214.0 0.0 83.7803
16:27:00 5.0 211.0 83.26 83.78 83.78 83.78 83.78 19854.0 83.79 2712.0 211.0 0.0 211.0 0.0 83.78
16:28:00 0.0 0.0 83.26 83.78 nan nan 83.78 19854.0 83.79 2712.0 nan 0.0 0.0 0.0 nan
16:29:00 0.0 0.0 83.26 83.78 nan nan 83.78 19854.0 83.79 2797.0 nan 0.0 0.0 0.0 nan
16:30:00 0.0 0.0 83.26 83.78 nan nan 83.78 19854.0 83.79 2797.0 nan 0.0 0.0 0.0 nan
16:31:00 3.0 200.0 83.26 83.78 83.78 83.78 83.78 19854.0 83.79 2785.0 200.0 0.0 200.0 0.0 83.78
16:32:00 0.0 0.0 83.26 83.78 nan nan 83.79 15.0 83.79 2700.0 nan 0.0 0.0 0.0 nan
16:33:00 0.0 0.0 83.26 83.78 nan nan 83.79 15.0 83.79 2700.0 nan 0.0 0.0 0.0 nan
16:34:00 3.0 214.0 83.26 83.78 83.79 83.78 83.78 19855.0 83.79 2700.0 214.0 0.0 214.0 0.0 83.7807
16:35:00 5.0 400.0 83.26 83.78 83.78 83.78 83.78 19855.0 83.79 2724.0 400.0 0.0 400.0 0.0 83.78
16:36:00 3.0 200.0 83.26 83.78 83.78 83.78 83.78 19855.0 83.79 2724.0 200.0 0.0 200.0 0.0 83.78
16:37:00 2.0 12.0 83.26 83.78 83.78 83.78 83.78 19843.0 83.79 2724.0 12.0 0.0 12.0 0.0 83.78
16:38:00 3.0 188.0 83.26 83.78 83.78 83.78 83.78 19886.0 83.79 2724.0 188.0 0.0 188.0 0.0 83.78
16:39:00 3.0 4.0 83.26 83.79 83.79 83.78 83.78 19854.0 83.79 2722.0 4.0 2.0 2.0 0.0 83.785
16:40:00 0.0 0.0 83.26 83.79 nan nan 83.78 19884.0 83.79 2722.0 nan 0.0 0.0 0.0 nan
16:41:00 1.0 2.0 83.26 83.79 83.79 83.79 83.79 2.0 83.79 2720.0 2.0 2.0 0.0 0.0 83.79
16:42:00 1.0 2.0 83.26 83.79 83.79 83.79 83.79 3.0 83.79 2718.0 2.0 2.0 0.0 0.0 83.79
16:43:00 3.0 200.0 83.26 83.79 83.79 83.78 83.78 19855.0 83.79 2717.0 200.0 1.0 199.0 0.0 83.7801
16:44:00 0.0 0.0 83.26 83.79 nan nan 83.78 19860.0 83.79 2717.0 nan 0.0 0.0 0.0 nan
16:45:00 8.0 407.0 83.26 83.78 83.79 83.78 83.78 19855.0 83.79 2717.0 407.0 0.0 407.0 0.0 83.78
16:46:00 3.0 102.0 83.26 83.79 83.8 83.79 83.78 19857.0 83.79 2715.0 102.0 102.0 0.0 0.0 83.7998
16:47:00 17.0 2255.0 83.26 83.79 83.82 83.78 83.78 19856.0 83.79 2700.0 2255.0 2254.0 1.0 0.0 83.8007
16:48:00 4.0 11.0 83.26 83.78 83.79 83.78 83.78 19849.0 83.79 2700.0 11.0 0.0 11.0 0.0 83.7836
16:49:00 3.0 103.0 83.26 83.81 83.81 83.79 83.78 19849.0 83.79 2700.0 103.0 102.0 1.0 0.0 83.8098
16:50:00 2.0 2.0 83.26 83.81 83.81 83.81 83.78 19849.0 83.79 2700.0 2.0 2.0 0.0 0.0 83.81
16:51:00 1.0 1.0 83.26 83.8 83.8 83.8 83.79 3.0 83.79 2700.0 1.0 1.0 0.0 0.0 83.8
16:52:00 4.0 202.0 83.26 83.79 83.79 83.78 83.79 1.0 83.79 2700.0 202.0 0.0 202.0 0.0 83.7804
16:53:00 0.0 0.0 83.26 83.79 nan nan 83.79 3.0 83.79 2700.0 nan 0.0 0.0 0.0 nan
16:54:00 0.0 0.0 83.26 83.79 nan nan 83.78 19855.0 83.79 2700.0 nan 0.0 0.0 0.0 nan
16:55:00 1.0 5.0 83.26 83.79 83.79 83.79 83.78 19855.0 83.79 2707.0 5.0 0.0 5.0 0.0 83.79
16:56:00 2.0 9.0 83.26 83.79 83.79 83.79 83.78 19855.0 83.79 2891.0 9.0 9.0 0.0 0.0 83.79
16:57:00 1.0 2.0 83.26 83.79 83.79 83.79 83.78 19855.0 83.79 2889.0 2.0 2.0 0.0 0.0 83.79
16:58:00 0.0 0.0 83.26 83.79 nan nan 83.78 19855.0 83.79 2889.0 nan 0.0 0.0 0.0 nan
16:59:00 1.0 1.0 83.26 83.79 83.79 83.79 83.78 19855.0 83.79 2888.0 1.0 1.0 0.0 0.0 83.79
17:00:00 1.0 4.0 83.26 83.78 83.78 83.78 83.78 19851.0 83.79 2891.0 4.0 0.0 4.0 0.0 83.78
