time trade_count trade_volume trade_first trade_last trade_high trade_low bid_price bid_size ask_price ask_size hid_vol buy_vol sell_vol unsided_vol vwap
09:00:00 nan 822.0 67.82 67.86 67.89 67.82 67.83 495.0 67.88 24.0 822.0 818.0 4.0 0.0 67.8678
09:01:00 67.0 3300.0 67.82 67.92 67.94 67.8 67.83 294.0 67.92 111.0 3300.0 853.0 2447.0 0.0 67.8737
09:02:00 8.0 0.0 67.82 67.9 67.92 67.86 67.89 100.0 67.93 172.0 nan 0.0 0.0 0.0 nan
09:03:00 19.0 302.0 67.82 67.95 67.97 67.92 67.94 294.0 67.97 2.0 302.0 262.0 40.0 0.0 67.9358
09:04:00 32.0 2809.0 67.82 67.92 67.98 67.92 67.92 808.0 67.95 1219.0 2809.0 1113.0 1696.0 0.0 67.94
09:05:00 37.0 1794.0 67.82 67.99 67.99 67.92 67.93 294.0 67.99 28.0 1794.0 1763.0 31.0 0.0 67.9617
09:06:00 12.0 1156.0 67.82 67.98 68.0 67.96 67.96 1297.0 68.0 22405.0 1156.0 1082.0 74.0 0.0 67.9957
09:07:00 23.0 1180.0 67.82 67.96 67.97 67.96 67.94 588.0 67.96 30.0 1180.0 0.0 1180.0 0.0 67.96
09:08:00 7.0 619.0 67.82 67.95 67.96 67.95 67.94 588.0 67.96 84.0 619.0 619.0 0.0 0.0 67.9503
09:09:00 12.0 1557.0 67.82 67.95 67.96 67.94 67.93 346.0 67.95 534.0 1557.0 969.0 588.0 0.0 67.9466
09:10:00 14.0 1026.0 67.82 67.98 67.98 67.95 67.97 436.0 67.98 1.0 1026.0 921.0 105.0 0.0 67.9595
09:11:00 28.0 2759.0 67.82 67.98 68.0 67.92 67.92 274.0 67.98 201.0 2759.0 1600.0 1159.0 0.0 67.9732
09:12:00 6.0 209.0 67.82 67.98 67.98 67.96 67.98 994.0 68.0 21600.0 209.0 206.0 3.0 0.0 67.9797
09:13:00 10.0 862.0 67.82 67.97 67.99 67.95 67.95 23.0 67.98 650.0 862.0 41.0 821.0 0.0 67.9813
09:14:00 44.0 1655.0 67.82 67.94 67.97 67.91 67.93 50.0 67.95 500.0 1655.0 1318.0 337.0 0.0 67.9202
09:15:00 39.0 2169.0 67.82 67.8 67.94 67.8 67.8 9.0 67.9 51.0 2169.0 0.0 2169.0 0.0 67.8728
09:16:00 8.0 175.0 67.82 67.8 67.87 67.8 67.82 14.0 67.89 50.0 175.0 0.0 175.0 0.0 67.8664
09:17:00 9.0 27.0 67.82 67.79 67.82 67.78 67.79 1.0 67.83 100.0 27.0 0.0 27.0 0.0 67.8048
09:18:00 10.0 109.0 67.82 67.8 67.83 67.8 67.81 50.0 67.84 500.0 109.0 105.0 4.0 0.0 67.829
09:19:00 25.0 923.0 67.82 67.86 67.86 67.82 67.82 262.0 67.85 91.0 923.0 921.0 2.0 0.0 67.8444
09:20:00 6.0 6.0 67.82 67.85 67.86 67.82 67.83 1.0 67.86 599.0 6.0 1.0 5.0 0.0 67.8267
09:21:00 41.0 1000.0 67.82 67.71 67.83 67.71 67.7 403.0 67.76 504.0 1000.0 2.0 998.0 0.0 67.805
09:22:00 19.0 523.0 67.82 67.82 67.82 67.74 67.8 16.0 67.86 250.0 523.0 523.0 0.0 0.0 67.7606
09:23:00 1.0 0.0 67.82 67.85 67.85 67.85 67.8 19.0 67.86 220.0 nan 0.0 0.0 0.0 nan
09:24:00 7.0 20.0 67.82 67.77 67.8 67.77 67.75 9278.0 67.8 5.0 20.0 0.0 20.0 0.0 67.8
09:25:00 13.0 1483.0 67.82 67.75 67.78 67.75 67.76 2.0 67.78 155.0 1483.0 1118.0 365.0 0.0 67.776
09:26:00 30.0 9275.0 67.82 67.75 67.77 67.75 67.72 537.0 67.76 100.0 9275.0 442.0 8833.0 0.0 67.751
09:27:00 25.0 1867.0 67.82 67.74 67.75 67.73 67.72 638.0 67.78 155.0 1867.0 1567.0 300.0 0.0 67.74
09:28:00 5.0 102.0 67.82 67.75 67.78 67.74 67.73 200.0 67.8 105.0 102.0 100.0 2.0 0.0 67.7794
09:29:00 66.0 1447.0 67.82 67.68 67.78 67.59 67.6 289.0 67.68 20.0 1447.0 564.0 883.0 0.0 67.6535
09:30:00 48.0 2951.0 67.82 67.98 67.99 67.64 67.96 1300.0 68.0 22946.0 2951.0 1512.0 1439.0 0.0 67.8479
09:31:00 3439.0 396534.0 67.82 68.24 68.3 67.95 68.23 400.0 68.25 100.0 396534.0 333000.0 63534.0 0.0 68.0871
09:32:00 1507.0 127836.0 67.82 68.27 68.48 68.21 68.25 7.0 68.28 1995.0 127836.0 81911.0 45925.0 0.0 68.3419
09:33:00 925.0 74076.0 67.82 67.82 68.29 67.8 67.82 400.0 67.84 92.0 74076.0 40206.0 33870.0 0.0 68.0938
09:34:00 1237.0 101964.0 67.82 68.02 68.03 67.77 68.01 1101.0 68.03 2053.0 101964.0 62279.0 39685.0 0.0 67.9208
09:35:00 678.0 52519.0 67.82 68.01 68.08 67.9 68.0 1370.0 68.02 459.0 52519.0 28751.0 23768.0 0.0 67.9837
09:36:00 1122.0 83464.0 67.82 67.79 68.04 67.705 67.78 1600.0 67.8 1100.0 83464.0 37124.0 46340.0 0.0 67.8685
09:37:00 777.0 63283.0 67.82 67.96 68.06 67.8 67.96 500.0 67.97 550.0 63283.0 44984.0 18299.0 0.0 67.9533
09:38:00 931.0 82711.0 67.82 68.14 68.28 67.96 68.14 355.0 68.15 1300.0 82711.0 55455.0 27256.0 0.0 68.1482
09:39:00 857.0 69564.0 67.82 68.34 68.37 68.1 68.33 2200.0 68.35 700.0 69564.0 47157.0 22407.0 0.0 68.2565
09:40:00 664.0 71435.0 67.82 68.24 68.38 68.2 68.23 1700.0 68.24 483.0 71435.0 27323.0 44112.0 0.0 68.2838
09:41:00 1192.0 99993.0 67.82 68.34 68.41 68.2 68.33 200.0 68.34 3263.0 99993.0 52550.0 47443.0 0.0 68.2873
09:42:00 672.0 48511.0 67.82 68.3 68.39 68.25 68.31 600.0 68.32 450.0 48511.0 27643.0 20868.0 0.0 68.3162
09:43:00 528.0 46524.0 67.82 68.35 68.39 68.26 68.34 401.0 68.35 1090.0 46524.0 17702.0 28822.0 0.0 68.3331
09:44:00 679.0 60899.0 67.82 68.43 68.46 68.33 68.42 535.0 68.43 2000.0 60899.0 38740.0 22159.0 0.0 68.4014
09:45:00 473.0 37337.0 67.82 68.34 68.43 68.31 68.34 1875.0 68.35 500.0 37337.0 22777.0 14560.0 0.0 68.3701
09:46:00 1275.0 103716.0 67.82 68.09 68.35 68.03 68.09 2003.0 68.1 6302.0 103716.0 55930.0 47786.0 0.0 68.1959
09:47:00 964.0 85948.0 67.82 67.84 68.11 67.81 67.83 1994.0 67.84 600.0 85948.0 54805.0 31143.0 0.0 67.9209
09:48:00 977.0 90741.0 67.82 67.98 68.05 67.83 67.98 500.0 67.99 1647.0 90741.0 66104.0 24637.0 0.0 67.9314
09:49:00 832.0 69184.0 67.82 68.01 68.04 67.95 68.01 3100.0 68.02 1702.0 69184.0 46554.0 22630.0 0.0 67.9952
09:50:00 520.0 46698.0 67.82 68.015 68.06 67.965 68.01 2078.0 68.02 270.0 46698.0 27258.0 19440.0 0.0 68.0126
09:51:00 573.0 49192.0 67.82 67.93 68.03 67.93 67.92 130.0 67.93 2122.0 49192.0 24608.0 24584.0 0.0 67.9801
09:52:00 572.0 50547.0 67.82 67.845 67.96 67.835 67.84 737.0 67.85 3700.0 50547.0 28731.0 21816.0 0.0 67.9012
09:53:00 528.0 49022.0 67.82 67.86 67.94 67.8 67.86 1200.0 67.87 2428.0 49022.0 29488.0 19534.0 0.0 67.8592
09:54:00 625.0 65325.0 67.82 67.78 67.87 67.755 67.77 2051.0 67.78 1728.0 65325.0 26878.0 38447.0 0.0 67.7904
09:55:00 603.0 52740.0 67.82 67.75 67.79 67.67 67.75 708.0 67.76 4586.0 52740.0 34857.0 17883.0 0.0 67.7405
09:56:00 497.0 43410.0 67.82 67.76 67.81 67.73 67.75 3300.0 67.76 315.0 43410.0 24120.0 19290.0 0.0 67.7631
09:57:00 680.0 51128.0 67.82 67.625 67.77 67.62 67.62 1900.0 67.63 912.0 51128.0 26803.0 24325.0 0.0 67.6969
09:58:00 409.0 32160.0 67.82 67.67 67.67 67.58 67.66 1200.0 67.67 2835.0 32160.0 21914.0 10246.0 0.0 67.6212
09:59:00 369.0 34328.0 67.82 67.61 67.68 67.57 67.61 726.0 67.62 4425.0 34328.0 15956.0 18372.0 0.0 67.6284
10:00:00 706.0 62603.0 67.82 67.56 67.62 67.55 67.56 904.0 67.57 1628.0 62603.0 25555.0 37048.0 0.0 67.5773
10:01:00 1002.0 83886.0 67.82 67.64 67.7 67.55 67.63 1900.0 67.64 400.0 83886.0 47692.0 36194.0 0.0 67.6106
10:02:00 493.0 38281.0 67.82 67.87 67.88 67.64 67.87 579.0 67.88 1301.0 38281.0 21004.0 17277.0 0.0 67.7429
10:03:00 537.0 36422.0 67.82 67.79 67.89 67.73 67.78 2521.0 67.79 100.0 36422.0 18375.0 18047.0 0.0 67.7998
10:04:00 505.0 38517.0 67.82 67.87 67.91 67.765 67.87 200.0 67.88 2200.0 38517.0 26128.0 12389.0 0.0 67.8337
10:05:00 485.0 39840.0 67.82 67.72 67.87 67.72 67.71 1662.0 67.72 1144.0 39840.0 20273.0 19567.0 0.0 67.8
10:06:00 480.0 33479.0 67.82 67.81 67.81 67.67 67.8 318.0 67.81 2748.0 33479.0 19474.0 14005.0 0.0 67.718
10:07:00 1373.0 126824.0 67.82 67.76 67.82 67.695 67.76 903.0 67.77 1900.0 126824.0 38051.0 88773.0 0.0 67.7446
10:08:00 441.0 35272.0 67.82 67.76 67.81 67.71 67.75 1600.0 67.76 2300.0 35272.0 18287.0 16985.0 0.0 67.7672
10:09:00 610.0 46907.0 67.82 67.77 67.83 67.75 67.76 1300.0 67.77 1800.0 46907.0 25181.0 21726.0 0.0 67.7823
10:10:00 418.0 38030.0 67.82 67.78 67.785 67.695 67.77 3900.0 67.78 301.0 38030.0 23964.0 14066.0 0.0 67.7376
10:11:00 661.0 82785.0 67.82 67.82 67.86 67.76 67.81 1593.0 67.82 2754.0 82785.0 66855.0 15930.0 0.0 67.8243
10:12:00 929.0 75993.0 67.82 67.87 67.87 67.75 67.87 800.0 67.88 2092.0 75993.0 50351.0 25642.0 0.0 67.813
10:13:00 804.0 66281.0 67.82 67.925 67.97 67.85 67.92 1892.0 67.93 3400.0 66281.0 38025.0 28256.0 0.0 67.8978
10:14:00 878.0 75476.0 67.82 67.99 68.005 67.9 67.98 1100.0 67.99 1189.0 75476.0 51667.0 23809.0 0.0 67.9686
10:15:00 909.0 86185.0 67.82 67.995 68.015 67.87 67.99 1216.0 68.0 2542.0 86185.0 39433.0 46752.0 0.0 67.9615
10:16:00 544.0 43075.0 67.82 67.86 68.02 67.84 67.86 2600.0 67.87 300.0 43075.0 13785.0 29290.0 0.0 67.9444
10:17:00 891.0 76633.0 67.82 67.8 67.935 67.78 67.79 2400.0 67.8 394.0 76633.0 28040.0 48593.0 0.0 67.849
10:18:00 465.0 35115.0 67.82 67.72 67.83 67.72 67.72 2701.0 67.73 325.0 35115.0 16369.0 18746.0 0.0 67.7856
10:19:00 293.0 22424.0 67.82 67.67 67.771 67.67 67.66 105.0 67.67 3916.0 22424.0 10870.0 11554.0 0.0 67.7163
10:20:00 311.0 23696.0 67.82 67.56 67.665 67.56 67.56 2133.0 67.57 3287.0 23696.0 11481.0 12215.0 0.0 67.619
10:21:00 512.0 36691.0 67.82 67.61 67.62 67.57 67.6 2500.0 67.61 300.0 36691.0 19680.0 17011.0 0.0 67.5861
10:22:00 546.0 35114.0 67.82 67.58 67.65 67.57 67.58 600.0 67.59 2613.0 35114.0 20339.0 14775.0 0.0 67.6153
10:23:00 474.0 32267.0 67.82 67.7 67.71 67.565 67.7 200.0 67.71 3589.0 32267.0 21886.0 10381.0 0.0 67.6288
10:24:00 433.0 27910.0 67.82 67.62 67.71 67.6 67.62 1934.0 67.63 2800.0 27910.0 12455.0 15455.0 0.0 67.6588
10:25:00 370.0 24792.0 67.82 67.68 67.7 67.6 67.68 4155.0 67.69 710.0 24792.0 11427.0 13365.0 0.0 67.6439
10:26:00 340.0 22807.0 67.82 67.77 67.781 67.69 67.77 3450.0 67.78 1600.0 22807.0 12955.0 9852.0 0.0 67.7284
10:27:00 404.0 28804.0 67.82 67.86 67.875 67.77 67.85 3401.0 67.87 2588.0 28804.0 15808.0 12996.0 0.0 67.8439
10:28:00 449.0 36099.0 67.82 67.77 67.86 67.76 67.76 3300.0 67.77 430.0 36099.0 15955.0 20144.0 0.0 67.8174
10:29:00 256.0 20851.0 67.82 67.72 67.77 67.715 67.72 2300.0 67.73 827.0 20851.0 7306.0 13545.0 0.0 67.741
10:30:00 729.0 59824.0 67.82 67.7 67.76 67.69 67.69 4612.0 67.7 379.0 59824.0 34312.0 25512.0 0.0 67.7201
10:31:00 461.0 40035.0 67.82 67.66 67.78 67.64 67.65 1803.0 67.67 4165.0 40035.0 16357.0 23678.0 0.0 67.6947
10:32:00 229.0 17661.0 67.82 67.71 67.73 67.65 67.7 817.0 67.71 2863.0 17661.0 9921.0 7740.0 0.0 67.7013
10:33:00 402.0 34057.0 67.82 67.83 67.84 67.7 67.83 1300.0 67.84 2613.0 34057.0 23220.0 10837.0 0.0 67.754
10:34:00 276.0 19764.0 67.82 67.79 67.85 67.79 67.78 3500.0 67.79 586.0 19764.0 8833.0 10931.0 0.0 67.8211
10:35:00 507.0 47027.0 67.82 67.7 67.81 67.7 67.7 2900.0 67.71 4723.0 47027.0 19435.0 27592.0 0.0 67.7575
10:36:00 245.0 20805.0 67.82 67.68 67.74 67.68 67.67 4467.0 67.68 300.0 20805.0 11079.0 9726.0 0.0 67.7017
10:37:00 314.0 26399.0 67.82 67.68 67.68 67.635 67.67 5859.0 67.68 600.0 26399.0 16394.0 10005.0 0.0 67.6608
10:38:00 286.0 22446.0 67.82 67.71 67.75 67.67 67.7 4043.0 67.71 1385.0 22446.0 13296.0 9150.0 0.0 67.7042
10:39:00 393.0 35986.0 67.82 67.64 67.71 67.62 67.63 2100.0 67.64 5548.0 35986.0 19872.0 16114.0 0.0 67.6543
10:40:00 331.0 24688.0 67.82 67.67 67.67 67.61 67.67 1000.0 67.68 4109.0 24688.0 17870.0 6818.0 0.0 67.6325
10:41:00 212.0 15758.0 67.82 67.71 67.735 67.675 67.71 100.0 67.72 5033.0 15758.0 8952.0 6806.0 0.0 67.7085
10:42:00 303.0 26095.0 67.82 67.72 67.72 67.67 67.71 200.0 67.72 4505.0 26095.0 16837.0 9258.0 0.0 67.6996
10:43:00 383.0 31803.0 67.82 67.74 67.8 67.72 67.73 3454.0 67.74 618.0 31803.0 20790.0 11013.0 0.0 67.7594
10:44:00 214.0 15125.0 67.82 67.77 67.81 67.72 67.77 1171.0 67.78 5577.0 15125.0 10799.0 4326.0 0.0 67.7683
10:45:00 322.0 26969.0 67.82 67.775 67.83 67.775 67.77 2648.0 67.78 2048.0 26969.0 17475.0 9494.0 0.0 67.7983
10:46:00 372.0 30824.0 67.82 67.76 67.79 67.72 67.75 100.0 67.76 5988.0 30824.0 12240.0 18584.0 0.0 67.7604
10:47:00 289.0 24947.0 67.82 67.74 67.78 67.73 67.74 1900.0 67.75 3876.0 24947.0 10314.0 14633.0 0.0 67.7481
10:48:00 301.0 24430.0 67.82 67.77 67.83 67.745 67.77 200.0 67.78 7448.0 24430.0 15616.0 8814.0 0.0 67.7895
10:49:00 557.0 52622.0 67.82 67.67 67.77 67.66 67.67 4200.0 67.68 643.0 52622.0 24171.0 28451.0 0.0 67.7319
10:50:00 423.0 34569.0 67.82 67.68 67.71 67.64 67.68 541.0 67.69 5090.0 34569.0 19220.0 15349.0 0.0 67.666
10:51:00 392.0 31394.0 67.82 67.67 67.69 67.63 67.67 5001.0 67.68 1034.0 31394.0 13366.0 18028.0 0.0 67.6743
10:52:00 381.0 29952.0 67.82 67.575 67.69 67.575 67.57 1322.0 67.58 4081.0 29952.0 6187.0 23765.0 0.0 67.6491
10:53:00 574.0 65326.0 67.82 67.475 67.58 67.46 67.47 1802.0 67.48 4626.0 65326.0 12732.0 52594.0 0.0 67.5142
10:54:00 320.0 27144.0 67.82 67.49 67.52 67.47 67.48 11100.0 67.49 3407.0 27144.0 18062.0 9082.0 0.0 67.4924
10:55:00 288.0 31973.0 67.82 67.4 67.485 67.4 67.4 976.0 67.41 5609.0 31973.0 6718.0 25255.0 0.0 67.4507
10:56:00 247.0 18442.0 67.82 67.445 67.47 67.4 67.44 2295.0 67.45 3257.0 18442.0 11026.0 7416.0 0.0 67.4265
10:57:00 281.0 22725.0 67.82 67.46 67.48 67.425 67.45 2048.0 67.46 3278.0 22725.0 12083.0 10642.0 0.0 67.4537
10:58:00 657.0 44955.0 67.82 67.38 67.5 67.38 67.38 4488.0 67.39 374.0 44955.0 17925.0 27030.0 0.0 67.4541
10:59:00 415.0 33262.0 67.82 67.35 67.45 67.33 67.35 1299.0 67.36 4100.0 33262.0 18180.0 15082.0 0.0 67.3731
11:00:00 393.0 35063.0 67.82 67.29 67.35 67.26 67.28 3746.0 67.29 1300.0 35063.0 18542.0 16521.0 0.0 67.3041
11:01:00 497.0 45782.0 67.82 67.21 67.34 67.2 67.2 2982.0 67.21 2371.0 45782.0 17320.0 28462.0 0.0 67.2877
11:02:00 594.0 45443.0 67.82 67.09 67.22 67.085 67.08 2191.0 67.09 2323.0 45443.0 21862.0 23581.0 0.0 67.154
11:03:00 309.0 23116.0 67.82 67.09 67.13 67.07 67.08 1666.0 67.09 2844.0 23116.0 14077.0 9039.0 0.0 67.0996
11:04:00 310.0 23010.0 67.82 67.13 67.15 67.08 67.12 4701.0 67.13 1085.0 23010.0 12997.0 10013.0 0.0 67.1145
11:05:00 405.0 34625.0 67.82 67.11 67.15 67.08 67.11 3423.0 67.12 1942.0 34625.0 17592.0 17033.0 0.0 67.1116
11:06:00 466.0 34443.0 67.82 67.16 67.16 67.08 67.16 2975.0 67.17 1764.0 34443.0 19697.0 14746.0 0.0 67.1293
11:07:00 471.0 39268.0 67.82 67.35 67.355 67.16 67.34 4995.0 67.35 1074.0 39268.0 25590.0 13678.0 0.0 67.2647
11:08:00 482.0 39261.0 67.82 67.37 67.4 67.33 67.35 4031.0 67.37 4500.0 39261.0 16740.0 22521.0 0.0 67.3577
11:09:00 430.0 40299.0 67.82 67.41 67.425 67.37 67.4 3701.0 67.41 1360.0 40299.0 22435.0 17864.0 0.0 67.4017
11:10:00 305.0 23840.0 67.82 67.33 67.41 67.325 67.33 200.0 67.34 3310.0 23840.0 8524.0 15316.0 0.0 67.368
11:11:00 221.0 16866.0 67.82 67.3 67.35 67.29 67.29 1089.0 67.3 4217.0 16866.0 8379.0 8487.0 0.0 67.3205
11:12:00 339.0 28082.0 67.82 67.31 67.335 67.27 67.3 4396.0 67.31 486.0 28082.0 15617.0 12465.0 0.0 67.2945
11:13:00 307.0 23288.0 67.82 67.26 67.32 67.26 67.26 200.0 67.26 53.0 23288.0 14088.0 9200.0 0.0 67.2896
11:14:00 212.0 13708.0 67.82 67.26 67.29 67.25 67.25 5806.0 67.26 4901.0 13708.0 8888.0 4820.0 0.0 67.2683
11:15:00 578.0 63978.0 67.82 67.23 67.285 67.22 67.22 1892.0 67.23 7100.0 63978.0 29706.0 34272.0 0.0 67.2432
11:16:00 612.0 64544.0 67.82 67.27 67.3 67.22 67.27 400.0 67.28 8101.0 64544.0 46280.0 18264.0 0.0 67.2497
11:17:00 730.0 73617.0 67.82 67.21 67.27 67.14 67.2 4868.0 67.21 594.0 73617.0 49576.0 24041.0 0.0 67.1767
11:18:00 362.0 30525.0 67.82 67.23 67.23 67.185 67.22 5199.0 67.23 359.0 30525.0 22881.0 7644.0 0.0 67.2123
11:19:00 441.0 30344.0 67.82 67.25 67.26 67.23 67.24 1400.0 67.25 5097.0 30344.0 18153.0 12191.0 0.0 67.2504
11:20:00 408.0 38141.0 67.82 67.28 67.28 67.2 67.28 1100.0 67.29 5400.0 38141.0 29324.0 8817.0 0.0 67.2364
11:21:00 292.0 25209.0 67.82 67.315 67.315 67.25 67.31 3500.0 67.32 2319.0 25209.0 13772.0 11437.0 0.0 67.281
11:22:00 332.0 26723.0 67.82 67.35 67.39 67.31 67.35 300.0 67.36 4100.0 26723.0 12351.0 14372.0 0.0 67.3646
11:23:00 430.0 32145.0 67.82 67.4 67.425 67.36 67.4 5175.0 67.41 437.0 32145.0 15636.0 16509.0 0.0 67.387
11:24:00 374.0 28781.0 67.82 67.415 67.435 67.39 67.41 3400.0 67.42 2800.0 28781.0 12651.0 16130.0 0.0 67.4097
11:25:00 267.0 19303.0 67.82 67.43 67.46 67.42 67.42 1026.0 67.43 4409.0 19303.0 7931.0 11372.0 0.0 67.4425
11:26:00 315.0 21492.0 67.82 67.4 67.45 67.39 67.4 345.0 67.41 5563.0 21492.0 10568.0 10924.0 0.0 67.4192
11:27:00 209.0 17029.0 67.82 67.37 67.4 67.37 67.36 1000.0 67.37 4908.0 17029.0 8437.0 8592.0 0.0 67.3845
11:28:00 342.0 29243.0 67.82 67.33 67.39 67.33 67.32 1400.0 67.33 5300.0 29243.0 12294.0 16949.0 0.0 67.3639
11:29:00 456.0 42544.0 67.82 67.27 67.33 67.26 67.27 1120.0 67.28 5304.0 42544.0 25649.0 16895.0 0.0 67.2904
11:30:00 290.0 25217.0 67.82 67.3 67.36 67.275 67.29 1100.0 67.3 3303.0 25217.0 17433.0 7784.0 0.0 67.3077
11:31:00 272.0 21200.0 67.82 67.31 67.32 67.26 67.31 2600.0 67.32 3412.0 21200.0 13237.0 7963.0 0.0 67.292
11:32:00 266.0 19896.0 67.82 67.31 67.32 67.29 67.3 4443.0 67.31 1092.0 19896.0 9696.0 10200.0 0.0 67.3065
11:33:00 295.0 20726.0 67.82 67.385 67.4 67.31 67.38 3700.0 67.39 3225.0 20726.0 11661.0 9065.0 0.0 67.3633
11:34:00 311.0 18910.0 67.82 67.39 67.41 67.37 67.38 4410.0 67.39 1095.0 18910.0 8431.0 10479.0 0.0 67.3833
11:35:00 223.0 17266.0 67.82 67.37 67.4 67.34 67.36 4000.0 67.37 2595.0 17266.0 8241.0 9025.0 0.0 67.3692
11:36:00 234.0 16732.0 67.82 67.43 67.43 67.37 67.43 1200.0 67.44 5314.0 16732.0 10731.0 6001.0 0.0 67.4034
11:37:00 428.0 42669.0 67.82 67.38 67.47 67.36 67.37 100.0 67.38 7897.0 42669.0 21986.0 20683.0 0.0 67.4009
11:38:00 244.0 22867.0 67.82 67.34 67.37 67.32 67.33 622.0 67.34 6310.0 22867.0 15320.0 7547.0 0.0 67.3447
11:39:00 302.0 21088.0 67.82 67.34 67.34 67.295 67.34 1400.0 67.35 4405.0 21088.0 12658.0 8430.0 0.0 67.3197
11:40:00 223.0 16800.0 67.82 67.39 67.39 67.32 67.38 4704.0 67.39 282.0 16800.0 10652.0 6148.0 0.0 67.3544
11:41:00 206.0 16237.0 67.82 67.395 67.44 67.38 67.39 4900.0 67.4 291.0 16237.0 9306.0 6931.0 0.0 67.409
11:42:00 178.0 14280.0 67.82 67.4 67.43 67.39 67.4 333.0 67.41 6620.0 14280.0 7683.0 6597.0 0.0 67.4129
11:43:00 381.0 29794.0 67.82 67.37 67.43 67.37 67.37 4201.0 67.38 5177.0 29794.0 18664.0 11130.0 0.0 67.408
11:44:00 385.0 28461.0 67.82 67.33 67.37 67.32 67.33 3500.0 67.34 1520.0 28461.0 16752.0 11709.0 0.0 67.3449
11:45:00 362.0 29002.0 67.82 67.35 67.35 67.33 67.35 500.0 67.36 5518.0 29002.0 13156.0 15846.0 0.0 67.3401
11:46:00 425.0 36414.0 67.82 67.39 67.42 67.35 67.39 1512.0 67.4 5983.0 36414.0 22553.0 13861.0 0.0 67.3818
11:47:00 180.0 16641.0 67.82 67.39 67.39 67.36 67.38 5500.0 67.39 1695.0 16641.0 10459.0 6182.0 0.0 67.3765
11:48:00 395.0 38990.0 67.82 67.41 67.415 67.355 67.41 7244.0 67.42 1001.0 38990.0 25939.0 13051.0 0.0 67.3818
11:49:00 417.0 44507.0 67.82 67.475 67.505 67.42 67.47 3700.0 67.48 4217.0 44507.0 20995.0 23512.0 0.0 67.4726
11:50:00 281.0 26276.0 67.82 67.53 67.53 67.47 67.52 4307.0 67.53 2131.0 26276.0 15418.0 10858.0 0.0 67.5094
11:51:00 310.0 28391.0 67.82 67.52 67.555 67.51 67.51 5732.0 67.52 598.0 28391.0 13572.0 14819.0 0.0 67.521
11:52:00 405.0 32803.0 67.82 67.51 67.53 67.49 67.51 900.0 67.52 5310.0 32803.0 16117.0 16686.0 0.0 67.5076
11:53:00 271.0 24972.0 67.82 67.52 67.535 67.5 67.51 2000.0 67.52 2447.0 24972.0 13006.0 11966.0 0.0 67.5178
11:54:00 227.0 15569.0 67.82 67.49 67.52 67.48 67.48 4400.0 67.49 1406.0 15569.0 8206.0 7363.0 0.0 67.4971
11:55:00 232.0 19813.0 67.82 67.51 67.51 67.47 67.5 3600.0 67.51 3399.0 19813.0 11438.0 8375.0 0.0 67.4868
11:56:00 250.0 22290.0 67.82 67.45 67.52 67.45 67.45 700.0 67.46 5884.0 22290.0 8770.0 13520.0 0.0 67.4733
11:57:00 226.0 16614.0 67.82 67.46 67.47 67.44 67.45 3924.0 67.46 2799.0 16614.0 10286.0 6328.0 0.0 67.4529
11:58:00 173.0 11539.0 67.82 67.47 67.48 67.445 67.46 4400.0 67.47 2982.0 11539.0 4864.0 6675.0 0.0 67.4621
11:59:00 820.0 81657.0 67.82 67.51 67.53 67.47 67.5 7113.0 67.51 392.0 81657.0 45970.0 35687.0 0.0 67.5049
12:00:00 225.0 21562.0 67.82 67.54 67.54 67.5 67.54 926.0 67.55 15802.0 21562.0 8770.0 12792.0 0.0 67.5118
12:01:00 297.0 35811.0 67.82 67.56 67.57 67.51 67.55 3000.0 67.56 4989.0 35811.0 22723.0 13088.0 0.0 67.5402
12:02:00 227.0 22098.0 67.82 67.505 67.55 67.5 67.5 5655.0 67.51 4835.0 22098.0 9568.0 12530.0 0.0 67.5362
12:03:00 278.0 27651.0 67.82 67.52 67.535 67.5 67.51 3416.0 67.52 3884.0 27651.0 17845.0 9806.0 0.0 67.5171
12:04:00 353.0 33019.0 67.82 67.505 67.54 67.49 67.5 3499.0 67.51 3600.0 33019.0 16423.0 16596.0 0.0 67.5047
12:05:00 278.0 20306.0 67.82 67.53 67.54 67.49 67.53 2460.0 67.54 6805.0 20306.0 12005.0 8301.0 0.0 67.5151
12:06:00 286.0 25330.0 67.82 67.56 67.56 67.52 67.55 7134.0 67.56 2311.0 25330.0 16408.0 8922.0 0.0 67.5338
12:07:00 270.0 22881.0 67.82 67.62 67.63 67.55 67.61 6021.0 67.62 2700.0 22881.0 15063.0 7818.0 0.0 67.5954
12:08:00 202.0 20406.0 67.82 67.59 67.61 67.58 67.58 9139.0 67.59 702.0 20406.0 8593.0 11813.0 0.0 67.5899
12:09:00 236.0 20711.0 67.82 67.64 67.65 67.59 67.64 5831.0 67.65 2903.0 20711.0 10221.0 10490.0 0.0 67.6195
12:10:00 226.0 30221.0 67.82 67.68 67.68 67.65 67.68 3693.0 67.69 5504.0 30221.0 23619.0 6602.0 0.0 67.6665
12:11:00 240.0 27969.0 67.82 67.7 67.71 67.68 67.69 3000.0 67.7 7290.0 27969.0 15233.0 12736.0 0.0 67.6945
12:12:00 200.0 19426.0 67.82 67.66 67.69 67.655 67.66 264.0 67.67 7951.0 19426.0 7658.0 11768.0 0.0 67.6737
12:13:00 161.0 10992.0 67.82 67.665 67.67 67.65 67.66 2947.0 67.67 4774.0 10992.0 4154.0 6838.0 0.0 67.6576
12:14:00 186.0 13008.0 67.82 67.65 67.67 67.64 67.65 5750.0 67.66 1304.0 13008.0 5731.0 7277.0 0.0 67.6501
12:15:00 263.0 22651.0 67.82 67.63 67.665 67.62 67.63 7126.0 67.64 888.0 22651.0 12714.0 9937.0 0.0 67.6301
12:16:00 287.0 26248.0 67.82 67.68 67.68 67.62 67.67 2400.0 67.68 5232.0 26248.0 16351.0 9897.0 0.0 67.6485
12:17:00 107.0 8315.0 67.82 67.635 67.67 67.635 67.63 4301.0 67.64 4734.0 8315.0 1912.0 6403.0 0.0 67.6561
12:18:00 339.0 28038.0 67.82 67.655 67.66 67.625 67.65 5348.0 67.66 2169.0 28038.0 17068.0 10970.0 0.0 67.6343
12:19:00 161.0 11243.0 67.82 67.64 67.67 67.63 67.63 8116.0 67.64 1146.0 11243.0 3813.0 7430.0 0.0 67.6507
12:20:00 154.0 10727.0 67.82 67.68 67.69 67.64 67.68 2850.0 67.69 4930.0 10727.0 8692.0 2035.0 0.0 67.6596
12:21:00 147.0 13052.0 67.82 67.72 67.72 67.68 67.71 7101.0 67.72 383.0 13052.0 3132.0 9920.0 0.0 67.7122
12:22:00 278.0 23101.0 67.82 67.73 67.755 67.72 67.73 3728.0 67.74 4805.0 23101.0 11387.0 11714.0 0.0 67.7362
12:23:00 145.0 13145.0 67.82 67.72 67.74 67.72 67.72 7301.0 67.73 601.0 13145.0 5683.0 7462.0 0.0 67.7264
12:24:00 145.0 13558.0 67.82 67.79 67.8 67.73 67.78 6300.0 67.79 2251.0 13558.0 9807.0 3751.0 0.0 67.7657
12:25:00 362.0 37496.0 67.82 67.73 67.79 67.695 67.72 3679.0 67.73 4016.0 37496.0 9939.0 27557.0 0.0 67.7406
12:26:00 124.0 9245.0 67.82 67.77 67.77 67.72 67.77 4637.0 67.78 3222.0 9245.0 5846.0 3399.0 0.0 67.7385
12:27:00 208.0 19851.0 67.82 67.81 67.81 67.76 67.8 1600.0 67.81 7242.0 19851.0 9033.0 10818.0 0.0 67.7833
12:28:00 129.0 8974.0 67.82 67.785 67.8 67.775 67.78 406.0 67.79 9822.0 8974.0 3405.0 5569.0 0.0 67.7897
12:29:00 119.0 8537.0 67.82 67.79 67.79 67.77 67.78 7967.0 67.79 958.0 8537.0 5614.0 2923.0 0.0 67.7774
12:30:00 133.0 11664.0 67.82 67.8 67.82 67.78 67.8 3700.0 67.81 4210.0 11664.0 4340.0 7324.0 0.0 67.7972
12:31:00 141.0 10485.0 67.82 67.825 67.84 67.8 67.82 1286.0 67.83 5408.0 10485.0 7021.0 3464.0 0.0 67.8213
12:32:00 248.0 29899.0 67.82 67.855 67.87 67.82 67.85 5595.0 67.86 1075.0 29899.0 23289.0 6610.0 0.0 67.8471
12:33:00 97.0 7890.0 67.82 67.84 67.87 67.82 67.84 5214.0 67.85 2056.0 7890.0 2489.0 5401.0 0.0 67.8396
12:34:00 173.0 14056.0 67.82 67.81 67.85 67.795 67.81 5699.0 67.82 619.0 14056.0 3104.0 10952.0 0.0 67.8167
12:35:00 314.0 32552.0 67.82 67.84 67.85 67.81 67.83 6380.0 67.84 807.0 32552.0 7989.0 24563.0 0.0 67.8261
12:36:00 119.0 8106.0 67.82 67.84 67.86 67.84 67.83 6103.0 67.84 1104.0 8106.0 3609.0 4497.0 0.0 67.8469
12:37:00 142.0 9559.0 67.82 67.83 67.84 67.82 67.83 400.0 67.84 8454.0 9559.0 4477.0 5082.0 0.0 67.8318
12:38:00 426.0 40746.0 67.82 67.86 67.875 67.82 67.86 3116.0 67.87 4587.0 40746.0 19712.0 21034.0 0.0 67.8389
12:39:00 145.0 11175.0 67.82 67.865 67.88 67.85 67.86 5304.0 67.87 2884.0 11175.0 2342.0 8833.0 0.0 67.8619
12:40:00 138.0 12173.0 67.82 67.87 67.89 67.86 67.86 5801.0 67.87 1944.0 12173.0 8129.0 4044.0 0.0 67.875
12:41:00 221.0 19995.0 67.82 67.92 67.93 67.865 67.91 3800.0 67.92 3818.0 19995.0 11982.0 8013.0 0.0 67.9016
12:42:00 199.0 17679.0 67.82 67.94 67.94 67.91 67.94 1725.0 67.95 10149.0 17679.0 7280.0 10399.0 0.0 67.9186
12:43:00 186.0 19367.0 67.82 67.965 67.98 67.94 67.96 6229.0 67.97 2304.0 19367.0 11779.0 7588.0 0.0 67.9562
12:44:00 113.0 8257.0 67.82 67.97 67.97 67.95 67.97 3270.0 67.98 6514.0 8257.0 2498.0 5759.0 0.0 67.9578
12:45:00 561.0 79589.0 67.82 68.04 68.04 67.97 68.03 6078.0 68.04 752.0 79589.0 67269.0 12320.0 0.0 68.0029
12:46:00 423.0 36679.0 67.82 67.98 68.035 67.965 67.98 2759.0 67.99 7126.0 36679.0 9246.0 27433.0 0.0 68.0121
12:47:00 122.0 7504.0 67.82 67.92 67.98 67.915 67.91 2948.0 67.92 8657.0 7504.0 2325.0 5179.0 0.0 67.9399
12:48:00 114.0 11372.0 67.82 67.93 67.93 67.9 67.92 6103.0 67.93 2121.0 11372.0 8042.0 3330.0 0.0 67.9153
12:49:00 154.0 10770.0 67.82 67.96 67.96 67.92 67.95 8425.0 67.96 2818.0 10770.0 7204.0 3566.0 0.0 67.9428
12:50:00 400.0 42811.0 67.82 67.94 67.96 67.9 67.93 911.0 67.94 7399.0 42811.0 14025.0 28786.0 0.0 67.9253
12:51:00 139.0 7663.0 67.82 67.95 67.95 67.92 67.94 4116.0 67.95 2712.0 7663.0 3503.0 4160.0 0.0 67.9349
12:52:00 211.0 16483.0 67.82 67.9 67.95 67.89 67.9 4537.0 67.91 2324.0 16483.0 6460.0 10023.0 0.0 67.9102
12:53:00 152.0 9827.0 67.82 67.95 67.955 67.91 67.95 2482.0 67.96 6429.0 9827.0 6984.0 2843.0 0.0 67.9305
12:54:00 70.0 5577.0 67.82 67.945 67.955 67.94 67.94 6406.0 67.95 3939.0 5577.0 1581.0 3996.0 0.0 67.9427
12:55:00 99.0 6104.0 67.82 67.95 67.96 67.94 67.95 4386.0 67.96 4727.0 6104.0 1970.0 4134.0 0.0 67.9432
12:56:00 237.0 25731.0 67.82 67.965 67.965 67.94 67.96 6917.0 67.97 5693.0 25731.0 13825.0 11906.0 0.0 67.9554
12:57:00 153.0 16833.0 67.82 67.97 67.99 67.96 67.96 8084.0 67.97 462.0 16833.0 7856.0 8977.0 0.0 67.9708
12:58:00 113.0 6020.0 67.82 67.98 67.98 67.96 67.97 4200.0 67.98 4039.0 6020.0 2512.0 3508.0 0.0 67.9718
12:59:00 145.0 8616.0 67.82 67.97 67.98 67.945 67.96 3030.0 67.97 6444.0 8616.0 2314.0 6302.0 0.0 67.9615
13:00:00 202.0 13670.0 67.82 67.92 67.97 67.91 67.91 920.0 67.92 6680.0 13670.0 3593.0 10077.0 0.0 67.9356
13:01:00 288.0 26172.0 67.82 67.94 67.94 67.91 67.93 7028.0 67.94 732.0 26172.0 18966.0 7206.0 0.0 67.9181
13:02:00 207.0 16517.0 67.82 67.945 67.965 67.92 67.94 4464.0 67.95 6609.0 16517.0 5647.0 10870.0 0.0 67.9431
13:03:00 69.0 4205.0 67.82 67.935 67.94 67.93 67.93 8636.0 67.94 1428.0 4205.0 1222.0 2983.0 0.0 67.935
13:04:00 180.0 12315.0 67.82 67.96 67.98 67.935 67.95 4902.0 67.96 4308.0 12315.0 5400.0 6915.0 0.0 67.9596
13:05:00 129.0 8824.0 67.82 67.96 67.98 67.95 67.95 3511.0 67.96 5760.0 8824.0 3077.0 5747.0 0.0 67.9581
13:06:00 128.0 9249.0 67.82 67.96 67.98 67.955 67.95 7000.0 67.96 886.0 9249.0 4706.0 4543.0 0.0 67.9718
13:07:00 110.0 6484.0 67.82 67.97 67.97 67.945 67.96 2189.0 67.97 6191.0 6484.0 3282.0 3202.0 0.0 67.9567
13:08:00 170.0 13743.0 67.82 67.95 67.98 67.95 67.95 1223.0 67.96 6689.0 13743.0 2188.0 11555.0 0.0 67.9652
13:09:00 195.0 12583.0 67.82 67.955 67.96 67.925 67.95 1400.0 67.96 7512.0 12583.0 8617.0 3966.0 0.0 67.9382
13:10:00 153.0 12238.0 67.82 67.98 67.98 67.95 67.97 7850.0 67.98 1056.0 12238.0 6241.0 5997.0 0.0 67.9677
13:11:00 191.0 17228.0 67.82 67.99 68.0 67.97 67.98 5593.0 67.99 3781.0 17228.0 6651.0 10577.0 0.0 67.9887
13:12:00 148.0 11274.0 67.82 67.99 68.0 67.97 67.98 3776.0 67.99 4872.0 11274.0 2918.0 8356.0 0.0 67.982
13:13:00 189.0 15901.0 67.82 67.98 67.99 67.955 67.98 3800.0 67.99 4976.0 15901.0 4111.0 11790.0 0.0 67.9734
13:14:00 136.0 11831.0 67.82 67.97 67.985 67.96 67.96 5501.0 67.97 4290.0 11831.0 2922.0 8909.0 0.0 67.9748
13:15:00 171.0 12713.0 67.82 67.98 67.985 67.96 67.97 7912.0 67.98 400.0 12713.0 5055.0 7658.0 0.0 67.9689
13:16:00 130.0 14386.0 67.82 67.95 67.97 67.95 67.94 4438.0 67.95 4148.0 14386.0 3706.0 10680.0 0.0 67.9609
13:17:00 200.0 17947.0 67.82 67.91 67.95 67.91 67.91 4261.0 67.92 3859.0 17947.0 5048.0 12899.0 0.0 67.9227
13:18:00 173.0 11840.0 67.82 67.88 67.92 67.87 67.87 3200.0 67.88 6500.0 11840.0 6274.0 5566.0 0.0 67.8873
13:19:00 134.0 7637.0 67.82 67.895 67.9 67.87 67.89 5082.0 67.9 3922.0 7637.0 3828.0 3809.0 0.0 67.8897
13:20:00 188.0 11464.0 67.82 67.95 67.955 67.895 67.94 2346.0 67.95 5182.0 11464.0 7909.0 3555.0 0.0 67.9333
13:21:00 194.0 13626.0 67.82 67.92 67.95 67.92 67.92 874.0 67.93 10378.0 13626.0 4544.0 9082.0 0.0 67.9285
13:22:00 125.0 6913.0 67.82 67.95 67.95 67.93 67.94 2477.0 67.95 6340.0 6913.0 3896.0 3017.0 0.0 67.9399
13:23:00 253.0 20342.0 67.82 67.99 67.99 67.92 67.99 381.0 68.0 15411.0 20342.0 13394.0 6948.0 0.0 67.9587
13:24:00 170.0 10073.0 67.82 67.97 68.0 67.97 67.96 5383.0 67.97 5948.0 10073.0 3826.0 6247.0 0.0 67.978
13:25:00 200.0 16413.0 67.82 67.99 68.02 67.97 67.99 2026.0 68.0 7070.0 16413.0 11800.0 4613.0 0.0 67.9972
13:26:00 222.0 17960.0 67.82 67.94 68.0 67.93 67.93 2000.0 67.94 4885.0 17960.0 2685.0 15275.0 0.0 67.9635
13:27:00 169.0 11260.0 67.82 67.975 67.98 67.93 67.97 2853.0 67.98 3406.0 11260.0 7854.0 3406.0 0.0 67.9514
13:28:00 153.0 8842.0 67.82 67.96 67.98 67.955 67.95 4989.0 67.96 3964.0 8842.0 2991.0 5851.0 0.0 67.9689
13:29:00 271.0 23940.0 67.82 67.94 67.97 67.935 67.93 2540.0 67.94 5035.0 23940.0 11980.0 11960.0 0.0 67.9448
13:30:00 200.0 17393.0 67.82 67.93 67.94 67.91 67.92 4000.0 67.93 2333.0 17393.0 3048.0 14345.0 0.0 67.9237
13:31:00 237.0 14975.0 67.82 67.95 67.95 67.92 67.94 7046.0 67.95 709.0 14975.0 8131.0 6844.0 0.0 67.9308
13:32:00 187.0 13784.0 67.82 67.96 67.965 67.925 67.95 2600.0 67.96 4424.0 13784.0 5975.0 7809.0 0.0 67.9397
13:33:00 184.0 14437.0 67.82 67.935 67.955 67.915 67.93 5402.0 67.94 3582.0 14437.0 6561.0 7876.0 0.0 67.9319
13:34:00 219.0 16696.0 67.82 67.98 67.99 67.93 67.98 4773.0 67.99 3726.0 16696.0 9437.0 7259.0 0.0 67.9566
13:35:00 188.0 12177.0 67.82 68.0 68.0 67.97 68.0 2016.0 68.01 6048.0 12177.0 6310.0 5867.0 0.0 67.9883
13:36:00 380.0 27803.0 67.82 68.0 68.02 67.985 68.0 1841.0 68.01 6243.0 27803.0 12914.0 14889.0 0.0 68.001
13:37:00 145.0 8600.0 67.82 68.03 68.03 67.99 68.02 7949.0 68.03 1579.0 8600.0 3616.0 4984.0 0.0 68.0108
13:38:00 156.0 10876.0 67.82 68.015 68.03 68.005 68.01 3192.0 68.02 4751.0 10876.0 2661.0 8215.0 0.0 68.0193
13:39:00 212.0 14535.0 67.82 68.0 68.02 67.99 67.99 2616.0 68.0 8115.0 14535.0 6040.0 8495.0 0.0 67.9971
13:40:00 207.0 16546.0 67.82 67.98 68.0 67.95 67.97 1801.0 67.98 5581.0 16546.0 4776.0 11770.0 0.0 67.9741
13:41:00 157.0 11225.0 67.82 67.97 67.99 67.96 67.96 4010.0 67.97 5498.0 11225.0 3426.0 7799.0 0.0 67.9728
13:42:00 134.0 7590.0 67.82 67.99 67.99 67.955 67.99 3400.0 68.0 4392.0 7590.0 4655.0 2935.0 0.0 67.9682
13:43:00 214.0 17415.0 67.82 68.0 68.04 67.995 67.99 7310.0 68.0 391.0 17415.0 10519.0 6896.0 0.0 68.0117
13:44:00 258.0 21900.0 67.82 68.055 68.07 68.0 68.05 4507.0 68.06 2376.0 21900.0 15284.0 6616.0 0.0 68.0422
13:45:00 171.0 13868.0 67.82 68.06 68.07 68.045 68.05 5449.0 68.06 2815.0 13868.0 5554.0 8314.0 0.0 68.0536
13:46:00 215.0 15127.0 67.82 68.07 68.08 68.05 68.06 8626.0 68.07 5.0 15127.0 5918.0 9209.0 0.0 68.066
13:47:00 388.0 36336.0 67.82 68.085 68.09 68.06 68.08 5225.0 68.09 2228.0 36336.0 18312.0 18024.0 0.0 68.0724
13:48:00 352.0 30894.0 67.82 68.1 68.125 68.085 68.1 200.0 68.11 8403.0 30894.0 16266.0 14628.0 0.0 68.1066
13:49:00 240.0 21383.0 67.82 68.07 68.105 68.04 68.06 6940.0 68.07 992.0 21383.0 7356.0 14027.0 0.0 68.0631
13:50:00 289.0 23858.0 67.82 68.095 68.11 68.07 68.09 5000.0 68.1 5040.0 23858.0 13475.0 10383.0 0.0 68.0922
13:51:00 265.0 18724.0 67.82 68.06 68.1 68.055 68.05 4229.0 68.06 3774.0 18724.0 6706.0 12018.0 0.0 68.0681
13:52:00 164.0 12177.0 67.82 68.07 68.095 68.05 68.07 2000.0 68.08 7375.0 12177.0 5937.0 6240.0 0.0 68.0805
13:53:00 171.0 14024.0 67.82 68.05 68.075 68.045 68.05 4000.0 68.06 3100.0 14024.0 7295.0 6729.0 0.0 68.0605
13:54:00 241.0 20453.0 67.82 68.075 68.09 68.04 68.07 7715.0 68.08 611.0 20453.0 8480.0 11973.0 0.0 68.0754
13:55:00 156.0 12786.0 67.82 68.09 68.09 68.065 68.08 9280.0 68.09 905.0 12786.0 8496.0 4290.0 0.0 68.0761
13:56:00 428.0 46220.0 67.82 68.13 68.14 68.08 68.12 9316.0 68.13 2768.0 46220.0 25875.0 20345.0 0.0 68.1065
13:57:00 229.0 24016.0 67.82 68.125 68.13 68.105 68.12 11527.0 68.13 630.0 24016.0 9313.0 14703.0 0.0 68.1205
13:58:00 171.0 14606.0 67.82 68.11 68.13 68.1 68.1 6490.0 68.11 1607.0 14606.0 1998.0 12608.0 0.0 68.1108
13:59:00 214.0 16970.0 67.82 68.125 68.135 68.095 68.12 1903.0 68.13 8643.0 16970.0 6765.0 10205.0 0.0 68.1124
14:00:00 232.0 22212.0 67.82 68.12 68.13 68.1 68.11 1460.0 68.12 8221.0 22212.0 3892.0 18320.0 0.0 68.1173
14:01:00 283.0 21748.0 67.82 68.11 68.13 68.1 68.1 6004.0 68.11 2135.0 21748.0 9890.0 11858.0 0.0 68.115
14:02:00 263.0 21668.0 67.82 68.125 68.13 68.1 68.12 4760.0 68.13 7483.0 21668.0 12374.0 9294.0 0.0 68.1067
14:03:00 230.0 15990.0 67.82 68.115 68.125 68.1 68.11 7030.0 68.12 1438.0 15990.0 4280.0 11710.0 0.0 68.1141
14:04:00 181.0 10883.0 67.82 68.12 68.12 68.085 68.11 6191.0 68.12 2694.0 10883.0 3760.0 7123.0 0.0 68.0992
14:05:00 219.0 14092.0 67.82 68.045 68.13 68.045 68.04 6718.0 68.05 1957.0 14092.0 3805.0 10287.0 0.0 68.0779
14:06:00 190.0 14021.0 67.82 68.03 68.05 68.015 68.03 2300.0 68.04 5593.0 14021.0 5787.0 8234.0 0.0 68.0275
14:07:00 394.0 36728.0 67.82 67.965 68.04 67.94 67.96 6129.0 67.97 3093.0 36728.0 8740.0 27988.0 0.0 67.9843
14:08:00 204.0 13410.0 67.82 67.96 68.0 67.94 67.95 1500.0 67.96 6378.0 13410.0 4870.0 8540.0 0.0 67.9686
14:09:00 226.0 18514.0 67.82 67.98 67.99 67.95 67.97 7011.0 67.98 2302.0 18514.0 11424.0 7090.0 0.0 67.9696
14:10:00 302.0 24516.0 67.82 67.99 68.005 67.96 67.98 4577.0 67.99 3092.0 24516.0 9325.0 15191.0 0.0 67.986
14:11:00 1039.0 107145.0 67.82 68.01 68.03 67.97 68.0 1818.0 68.01 5395.0 107145.0 46398.0 60747.0 0.0 67.9989
14:12:00 208.0 20024.0 67.82 67.99 68.02 67.98 67.99 2923.0 68.0 5030.0 20024.0 6530.0 13494.0 0.0 67.998
14:13:00 200.0 12464.0 67.82 68.03 68.03 67.99 68.02 6802.0 68.03 2189.0 12464.0 7636.0 4828.0 0.0 67.9995
14:14:00 187.0 13782.0 67.82 68.015 68.06 68.01 68.01 4240.0 68.02 4495.0 13782.0 6458.0 7324.0 0.0 68.0374
14:15:00 225.0 14416.0 67.82 68.02 68.04 67.995 68.02 4800.0 68.03 3600.0 14416.0 8625.0 5791.0 0.0 68.0138
14:16:00 177.0 16027.0 67.82 68.01 68.05 68.005 68.01 3600.0 68.02 3303.0 16027.0 4649.0 11378.0 0.0 68.0294
14:17:00 93.0 5535.0 67.82 68.02 68.04 68.005 68.02 1400.0 68.03 5694.0 5535.0 2688.0 2847.0 0.0 68.0235
14:18:00 128.0 7044.0 67.82 68.01 68.04 68.01 68.01 4304.0 68.02 4895.0 7044.0 2902.0 4142.0 0.0 68.0267
14:19:00 115.0 8866.0 67.82 68.01 68.02 68.005 68.01 2303.0 68.02 5478.0 8866.0 3437.0 5429.0 0.0 68.0103
14:20:00 100.0 7742.0 67.82 68.03 68.04 68.02 68.02 6803.0 68.03 899.0 7742.0 4591.0 3151.0 0.0 68.0281
14:21:00 97.0 8066.0 67.82 68.015 68.04 68.015 68.01 4337.0 68.02 5796.0 8066.0 1484.0 6582.0 0.0 68.0253
14:22:00 535.0 47967.0 67.82 68.07 68.075 68.005 68.06 7427.0 68.07 2035.0 47967.0 35493.0 12474.0 0.0 68.0446
14:23:00 591.0 70499.0 67.82 68.09 68.11 68.06 68.08 4650.0 68.09 1360.0 70499.0 37454.0 33045.0 0.0 68.0897
14:24:00 151.0 10330.0 67.82 68.1 68.1 68.07 68.09 6188.0 68.1 2806.0 10330.0 4844.0 5486.0 0.0 68.0811
14:25:00 167.0 11977.0 67.82 68.12 68.12 68.09 68.11 3909.0 68.12 5082.0 11977.0 4923.0 7054.0 0.0 68.1024
14:26:00 221.0 14299.0 67.82 68.15 68.16 68.12 68.14 9189.0 68.15 1700.0 14299.0 9951.0 4348.0 0.0 68.1426
14:27:00 154.0 12621.0 67.82 68.15 68.16 68.14 68.14 8089.0 68.15 1796.0 12621.0 2352.0 10269.0 0.0 68.1499
14:28:00 302.0 31337.0 67.82 68.195 68.2 68.135 68.19 5413.0 68.2 61050.0 31337.0 18107.0 13230.0 0.0 68.1622
14:29:00 431.0 88853.0 67.82 68.24 68.25 68.19 68.23 7433.0 68.24 1365.0 88853.0 77221.0 11632.0 0.0 68.2044
14:30:00 185.0 14665.0 67.82 68.205 68.24 68.2 68.2 4356.0 68.21 3735.0 14665.0 3450.0 11215.0 0.0 68.2189
14:31:00 257.0 18377.0 67.82 68.22 68.23 68.2 68.21 3939.0 68.22 3600.0 18377.0 7823.0 10554.0 0.0 68.2135
14:32:00 366.0 38204.0 67.82 68.255 68.26 68.21 68.25 4939.0 68.26 3810.0 38204.0 33717.0 4487.0 0.0 68.2382
14:33:00 473.0 37992.0 67.82 68.25 68.27 68.24 68.25 808.0 68.26 8530.0 37992.0 11343.0 26649.0 0.0 68.2522
14:34:00 457.0 49936.0 67.82 68.255 68.26 68.24 68.25 4244.0 68.26 4835.0 49936.0 15292.0 34644.0 0.0 68.2507
14:35:00 233.0 16122.0 67.82 68.28 68.29 68.25 68.27 5423.0 68.28 7741.0 16122.0 8610.0 7512.0 0.0 68.2653
14:36:00 501.0 60185.0 67.82 68.335 68.34 68.27 68.33 8001.0 68.34 1611.0 60185.0 48267.0 11918.0 0.0 68.3056
14:37:00 293.0 21568.0 67.82 68.33 68.34 68.31 68.32 5517.0 68.33 3278.0 21568.0 4679.0 16889.0 0.0 68.3217
14:38:00 164.0 14855.0 67.82 68.33 68.35 68.32 68.32 7254.0 68.33 3074.0 14855.0 4229.0 10626.0 0.0 68.3345
14:39:00 242.0 26248.0 67.82 68.34 68.36 68.325 68.33 7397.0 68.34 1045.0 26248.0 14001.0 12247.0 0.0 68.3477
14:40:00 262.0 21080.0 67.82 68.34 68.35 68.315 68.33 3410.0 68.34 4850.0 21080.0 10543.0 10537.0 0.0 68.3285
14:41:00 353.0 30624.0 67.82 68.34 68.35 68.31 68.33 6542.0 68.34 1400.0 30624.0 16131.0 14493.0 0.0 68.3329
14:42:00 169.0 15742.0 67.82 68.36 68.36 68.33 68.35 8657.0 68.36 1908.0 15742.0 10904.0 4838.0 0.0 68.3431
14:43:00 188.0 23319.0 67.82 68.34 68.36 68.33 68.34 1466.0 68.35 11106.0 23319.0 13176.0 10143.0 0.0 68.3471
14:44:00 161.0 12945.0 67.82 68.35 68.35 68.33 68.34 7640.0 68.35 4173.0 12945.0 4895.0 8050.0 0.0 68.3405
14:45:00 476.0 54510.0 67.82 68.4 68.41 68.335 68.39 7003.0 68.4 6934.0 54510.0 40430.0 14080.0 0.0 68.375
14:46:00 553.0 58906.0 67.82 68.45 68.46 68.395 68.45 4436.0 68.46 5358.0 58906.0 37149.0 21757.0 0.0 68.4255
14:47:00 316.0 31217.0 67.82 68.44 68.46 68.43 68.43 6323.0 68.44 2030.0 31217.0 9627.0 21590.0 0.0 68.445
14:48:00 205.0 16905.0 67.82 68.425 68.44 68.41 68.42 5707.0 68.43 3977.0 16905.0 10559.0 6346.0 0.0 68.4271
14:49:00 234.0 19543.0 67.82 68.4 68.42 68.385 68.39 1300.0 68.4 6087.0 19543.0 7178.0 12365.0 0.0 68.402
14:50:00 110.0 8355.0 67.82 68.375 68.4 68.37 68.37 4609.0 68.38 6500.0 8355.0 1764.0 6591.0 0.0 68.3864
14:51:00 167.0 13352.0 67.82 68.395 68.41 68.375 68.39 5619.0 68.4 3372.0 13352.0 7512.0 5840.0 0.0 68.393
14:52:00 243.0 19929.0 67.82 68.355 68.41 68.35 68.35 1148.0 68.36 7566.0 19929.0 4434.0 15495.0 0.0 68.3847
14:53:00 158.0 10959.0 67.82 68.33 68.36 68.325 68.32 5132.0 68.33 3600.0 10959.0 6341.0 4618.0 0.0 68.3368
14:54:00 225.0 20034.0 67.82 68.3 68.33 68.285 68.3 4153.0 68.31 5324.0 20034.0 6517.0 13517.0 0.0 68.3064
14:55:00 156.0 13357.0 67.82 68.3 68.32 68.3 68.29 8722.0 68.3 645.0 13357.0 4127.0 9230.0 0.0 68.3088
14:56:00 207.0 16183.0 67.82 68.3 68.32 68.28 68.29 10317.0 68.3 502.0 16183.0 7930.0 8253.0 0.0 68.298
14:57:00 233.0 19314.0 67.82 68.32 68.325 68.28 68.32 3660.0 68.33 6557.0 19314.0 13480.0 5834.0 0.0 68.2974
14:58:00 230.0 20555.0 67.82 68.34 68.35 68.32 68.34 3397.0 68.35 6500.0 20555.0 10809.0 9746.0 0.0 68.3324
14:59:00 62.0 5215.0 67.82 68.34 68.35 68.33 68.33 6469.0 68.34 2401.0 5215.0 1000.0 4215.0 0.0 68.3388
15:00:00 301.0 27577.0 67.82 68.335 68.345 68.3 68.33 3506.0 68.34 4713.0 27577.0 8886.0 18691.0 0.0 68.3322
15:01:00 231.0 17080.0 67.82 68.355 68.37 68.32 68.35 2914.0 68.36 7592.0 17080.0 8327.0 8753.0 0.0 68.3425
15:02:00 213.0 16597.0 67.82 68.345 68.365 68.33 68.34 3408.0 68.35 7958.0 16597.0 4427.0 12170.0 0.0 68.3485
15:03:00 212.0 19366.0 67.82 68.33 68.35 68.32 68.33 5100.0 68.34 3054.0 19366.0 7739.0 11627.0 0.0 68.3389
15:04:00 104.0 8240.0 67.82 68.32 68.35 68.32 68.32 2754.0 68.33 7004.0 8240.0 4375.0 3865.0 0.0 68.3393
15:05:00 203.0 16648.0 67.82 68.28 68.32 68.275 68.28 2266.0 68.29 10940.0 16648.0 5799.0 10849.0 0.0 68.2993
15:06:00 209.0 23501.0 67.82 68.26 68.3 68.255 68.25 6857.0 68.26 4903.0 23501.0 6119.0 17382.0 0.0 68.2736
15:07:00 126.0 10294.0 67.82 68.26 68.26 68.235 68.25 6087.0 68.26 7415.0 10294.0 3629.0 6665.0 0.0 68.2443
15:08:00 246.0 23027.0 67.82 68.24 68.26 68.215 68.23 6133.0 68.24 3200.0 23027.0 12868.0 10159.0 0.0 68.2405
15:09:00 112.0 9435.0 67.82 68.205 68.24 68.2 68.2 5700.0 68.21 4908.0 9435.0 3125.0 6310.0 0.0 68.226
15:10:00 314.0 27813.0 67.82 68.2 68.22 68.175 68.2 1906.0 68.21 8356.0 27813.0 19205.0 8608.0 0.0 68.2
15:11:00 201.0 22871.0 67.82 68.185 68.21 68.18 68.18 2180.0 68.19 6596.0 22871.0 6421.0 16450.0 0.0 68.1952
15:12:00 344.0 37109.0 67.82 68.23 68.23 68.175 68.22 9431.0 68.23 1934.0 37109.0 27819.0 9290.0 0.0 68.1994
15:13:00 424.0 46125.0 67.82 68.24 68.25 68.21 68.24 4070.0 68.25 7566.0 46125.0 25098.0 21027.0 0.0 68.2237
15:14:00 330.0 30618.0 67.82 68.28 68.285 68.24 68.28 8022.0 68.29 4737.0 30618.0 12678.0 17940.0 0.0 68.2592
15:15:00 709.0 67737.0 67.82 68.31 68.315 68.27 68.3 6171.0 68.31 2661.0 67737.0 28440.0 39297.0 0.0 68.2926
15:16:00 1039.0 109791.0 67.82 68.27 68.35 68.26 68.27 1800.0 68.28 8004.0 109791.0 48026.0 61765.0 0.0 68.3167
15:17:00 403.0 39166.0 67.82 68.18 68.28 68.175 68.18 5830.0 68.19 3310.0 39166.0 16281.0 22885.0 0.0 68.2127
15:18:00 568.0 66007.0 67.82 68.155 68.19 68.125 68.15 1100.0 68.16 7418.0 66007.0 22839.0 43168.0 0.0 68.1577
15:19:00 192.0 24054.0 67.82 68.07 68.16 68.07 68.07 1278.0 68.08 8096.0 24054.0 3009.0 21045.0 0.0 68.1142
15:20:00 138.0 10875.0 67.82 68.06 68.07 68.06 68.05 5756.0 68.06 4024.0 10875.0 4792.0 6083.0 0.0 68.067
15:21:00 209.0 14616.0 67.82 68.07 68.08 68.055 68.06 3360.0 68.07 7141.0 14616.0 8653.0 5963.0 0.0 68.0673
15:22:00 193.0 15239.0 67.82 68.07 68.075 68.05 68.06 1289.0 68.07 6129.0 15239.0 8906.0 6333.0 0.0 68.0632
15:23:00 135.0 9052.0 67.82 68.06 68.085 68.06 68.06 2800.0 68.07 6441.0 9052.0 4236.0 4816.0 0.0 68.0768
15:24:00 138.0 8373.0 67.82 68.075 68.08 68.055 68.07 3338.0 68.08 5652.0 8373.0 4601.0 3772.0 0.0 68.0679
15:25:00 268.0 24424.0 67.82 68.09 68.1 68.05 68.09 1558.0 68.1 5700.0 24424.0 11966.0 12458.0 0.0 68.0744
15:26:00 123.0 7783.0 67.82 68.13 68.13 68.085 68.12 7015.0 68.13 2804.0 7783.0 3579.0 4204.0 0.0 68.108
15:27:00 98.0 7571.0 67.82 68.13 68.14 68.125 68.13 3203.0 68.14 7209.0 7571.0 5323.0 2248.0 0.0 68.1329
15:28:00 129.0 9065.0 67.82 68.13 68.15 68.12 68.12 8288.0 68.13 4499.0 9065.0 3745.0 5320.0 0.0 68.1343
15:29:00 237.0 16891.0 67.82 68.14 68.165 68.12 68.14 3710.0 68.15 6306.0 16891.0 7056.0 9835.0 0.0 68.1488
15:30:00 192.0 14595.0 67.82 68.14 68.165 68.13 68.14 5132.0 68.15 7191.0 14595.0 6840.0 7755.0 0.0 68.1469
15:31:00 267.0 25167.0 67.82 68.15 68.18 68.13 68.15 5037.0 68.16 3014.0 25167.0 17006.0 8161.0 0.0 68.1506
15:32:00 262.0 24133.0 67.82 68.2 68.2 68.15 68.19 7177.0 68.2 6188.0 24133.0 15829.0 8304.0 0.0 68.1768
15:33:00 374.0 34354.0 67.82 68.19 68.205 68.175 68.19 8084.0 68.2 5243.0 34354.0 15321.0 19033.0 0.0 68.1895
15:34:00 196.0 20479.0 67.82 68.2 68.21 68.175 68.19 4147.0 68.2 5818.0 20479.0 10682.0 9797.0 0.0 68.1904
15:35:00 200.0 17173.0 67.82 68.175 68.21 68.17 68.17 8772.0 68.18 3692.0 17173.0 5955.0 11218.0 0.0 68.1874
15:36:00 550.0 57110.0 67.82 68.22 68.24 68.16 68.22 1700.0 68.23 11297.0 57110.0 36487.0 20623.0 0.0 68.2008
15:37:00 376.0 33986.0 67.82 68.29 68.3 68.22 68.29 6126.0 68.3 4940.0 33986.0 25549.0 8437.0 0.0 68.2655
15:38:00 409.0 40184.0 67.82 68.33 68.34 68.29 68.33 6571.0 68.34 2096.0 40184.0 21428.0 18756.0 0.0 68.3229
15:39:00 524.0 51495.0 67.82 68.35 68.365 68.33 68.34 8676.0 68.35 2447.0 51495.0 22048.0 29447.0 0.0 68.3458
15:40:00 446.0 44885.0 67.82 68.39 68.39 68.325 68.38 6700.0 68.39 2461.0 44885.0 25325.0 19560.0 0.0 68.3508
15:41:00 454.0 40161.0 67.82 68.42 68.43 68.385 68.42 2582.0 68.43 7775.0 40161.0 24537.0 15624.0 0.0 68.4132
15:42:00 383.0 37221.0 67.82 68.45 68.46 68.425 68.44 15616.0 68.46 7985.0 37221.0 20083.0 17138.0 0.0 68.4407
15:43:00 695.0 75321.0 67.82 68.405 68.46 68.4 68.4 8015.0 68.41 5885.0 75321.0 25233.0 50088.0 0.0 68.4311
15:44:00 432.0 39674.0 67.82 68.43 68.435 68.4 68.42 8296.0 68.43 3793.0 39674.0 21377.0 18297.0 0.0 68.4175
15:45:00 438.0 39063.0 67.82 68.45 68.455 68.42 68.45 300.0 68.46 59992.0 39063.0 18184.0 20879.0 0.0 68.4425
15:46:00 647.0 87551.0 67.82 68.435 68.46 68.42 68.43 7237.0 68.44 11245.0 87551.0 51447.0 36104.0 0.0 68.4528
15:47:00 424.0 44356.0 67.82 68.44 68.46 68.405 68.44 5833.0 68.45 12344.0 44356.0 22415.0 21941.0 0.0 68.434
15:48:00 629.0 74664.0 67.82 68.415 68.455 68.395 68.41 8202.0 68.42 14573.0 74664.0 35266.0 39398.0 0.0 68.4198
15:49:00 609.0 60480.0 67.82 68.405 68.43 68.395 68.4 3429.0 68.41 11681.0 60480.0 22226.0 38254.0 0.0 68.4078
15:50:00 575.0 47761.0 67.82 68.33 68.405 68.33 68.33 3338.0 68.34 3649.0 47761.0 19572.0 28189.0 0.0 68.3633
15:51:00 668.0 62097.0 67.82 68.35 68.38 68.32 68.34 10001.0 68.35 6766.0 62097.0 34819.0 27278.0 0.0 68.3512
15:52:00 611.0 59766.0 67.82 68.3 68.345 68.29 68.29 8102.0 68.3 9708.0 59766.0 28365.0 31401.0 0.0 68.322
15:53:00 521.0 53761.0 67.82 68.29 68.31 68.27 68.28 13622.0 68.29 1367.0 53761.0 29659.0 24102.0 0.0 68.2891
15:54:00 428.0 35556.0 67.82 68.33 68.335 68.285 68.32 15481.0 68.33 2364.0 35556.0 23811.0 11745.0 0.0 68.3085
15:55:00 735.0 70423.0 67.82 68.3 68.335 68.28 68.3 1300.0 68.31 17527.0 70423.0 27081.0 43342.0 0.0 68.3083
15:56:00 1161.0 140304.0 67.82 68.23 68.3 68.195 68.22 13219.0 68.23 5209.0 140304.0 54576.0 85728.0 0.0 68.2363
15:57:00 785.0 78081.0 67.82 68.26 68.26 68.21 68.25 14128.0 68.26 2685.0 78081.0 46201.0 31880.0 0.0 68.2374
15:58:00 891.0 82756.0 67.82 68.31 68.32 68.26 68.3 10797.0 68.31 6414.0 82756.0 35464.0 47292.0 0.0 68.2864
15:59:00 1289.0 132940.0 67.82 68.26 68.31 68.25 68.25 8260.0 68.26 5248.0 132940.0 51963.0 80977.0 0.0 68.2773
16:00:00 1803.0 215554.0 67.82 68.31 68.34 68.25 68.3 14701.0 68.32 190516.0 215554.0 127484.0 88070.0 0.0 68.3048
16:01:00 6.0 87.0 67.82 68.4 68.4 68.32 68.31 200.0 68.32 190256.0 87.0 87.0 0.0 0.0 68.324
16:02:00 1.0 0.0 67.82 68.21 68.21 68.21 68.31 200.0 68.32 190256.0 nan 0.0 0.0 0.0 nan
16:03:00 4.0 120.0 67.82 68.31 68.32 68.25 68.31 200.0 67.45 22.0 120.0 120.0 0.0 0.0 68.259
16:04:00 5.0 110.0 67.82 68.22 68.31 68.22 68.31 200.0 67.45 22.0 110.0 50.0 60.0 0.0 68.2609
16:05:00 5.0 310.0 67.82 68.22 68.31 68.22 68.31 200.0 67.45 22.0 310.0 205.0 105.0 0.0 68.2487
16:06:00 10.0 1177.0 67.82 68.28 68.3 68.22 68.31 200.0 67.45 22.0 1177.0 200.0 977.0 0.0 68.2969
16:07:00 7.0 130.0 67.82 68.29 68.31 68.28 68.31 200.0 67.45 22.0 130.0 128.0 2.0 0.0 68.3095
16:08:00 7.0 508.0 67.82 68.22 68.29 68.22 68.31 200.0 67.45 22.0 508.0 2.0 506.0 0.0 68.279
16:09:00 13.0 477.0 67.82 68.31 68.31 68.26 68.31 200.0 67.45 22.0 477.0 401.0 76.0 0.0 68.31
16:10:00 4.0 12.0 67.82 68.26 68.31 68.22 68.31 200.0 67.45 22.0 12.0 11.0 1.0 0.0 68.2942
16:11:00 4.0 299.0 67.82 68.31 68.31 68.31 68.31 601.0 67.45 22.0 299.0 199.0 100.0 0.0 68.31
16:12:00 4.0 47.0 67.82 68.32 68.32 68.32 68.31 601.0 67.45 22.0 47.0 47.0 0.0 0.0 68.32
16:13:00 6.0 50.0 67.82 68.31 68.31 68.31 68.31 561.0 67.45 22.0 50.0 0.0 50.0 0.0 68.31
16:14:00 4.0 324.0 67.82 68.32 68.32 68.31 68.32 701.0 67.45 22.0 324.0 303.0 21.0 0.0 68.3194
16:15:00 3.0 90.0 67.82 68.32 68.32 68.32 68.32 611.0 67.45 22.0 90.0 0.0 90.0 0.0 68.32
16:16:00 2.0 21.0 67.82 68.32 68.32 68.32 68.32 590.0 67.45 22.0 21.0 0.0 21.0 0.0 68.32
16:17:00 3.0 322.0 67.82 68.32 68.33 68.32 68.32 290.0 67.45 22.0 322.0 22.0 300.0 0.0 68.3207
16:18:00 3.0 115.0 67.82 68.32 68.33 68.32 68.32 331.0 67.45 22.0 115.0 10.0 105.0 0.0 68.3209
16:19:00 1.0 1.0 67.82 68.32 68.32 68.32 68.32 363.0 67.45 22.0 1.0 0.0 1.0 0.0 68.32
16:20:00 19.0 821.0 67.82 68.25 68.32 68.25 68.31 200.0 67.45 22.0 821.0 0.0 821.0 0.0 68.3065
16:21:00 0.0 0.0 67.82 68.25 nan nan 68.31 200.0 67.45 22.0 nan 0.0 0.0 0.0 nan
16:22:00 1.0 0.0 67.82 68.22 68.22 68.22 68.31 200.0 67.45 22.0 nan 0.0 0.0 0.0 nan
16:23:00 4.0 102.0 67.82 68.25 68.25 68.22 68.31 200.0 67.45 22.0 102.0 102.0 0.0 0.0 68.25
16:24:00 2.0 24.0 67.82 68.22 68.23 68.22 68.31 200.0 67.45 22.0 24.0 0.0 24.0 0.0 68.22
16:25:00 1.0 1.0 67.82 68.22 68.22 68.22 68.31 200.0 67.45 22.0 1.0 0.0 1.0 0.0 68.22
16:26:00 3.0 503.0 67.82 68.22 68.25 68.22 68.31 200.0 67.45 22.0 503.0 502.0 1.0 0.0 68.2499
16:27:00 2.0 510.0 67.82 68.25 68.25 68.22 68.31 200.0 67.45 22.0 510.0 480.0 30.0 0.0 68.2482
16:28:00 4.0 118.0 67.82 68.25 68.3 68.25 68.31 200.0 67.45 22.0 118.0 5.0 113.0 0.0 68.252
16:29:00 2.0 37.0 67.82 68.25 68.25 68.25 68.31 200.0 67.45 22.0 37.0 0.0 37.0 0.0 68.25
16:30:00 6.0 288.0 67.82 68.3 68.3 68.3 68.31 200.0 67.45 22.0 288.0 286.0 2.0 0.0 68.3
16:31:00 9.0 161.0 67.82 68.35 68.35 68.3 68.32 449.0 67.45 22.0 161.0 96.0 65.0 0.0 68.3222
16:32:00 0.0 0.0 67.82 68.35 nan nan 68.33 449.0 67.45 22.0 nan 0.0 0.0 0.0 nan
16:33:00 4.0 322.0 67.82 68.33 68.35 68.33 68.33 293.0 67.45 22.0 322.0 161.0 161.0 0.0 68.3402
16:34:00 4.0 353.0 67.82 68.35 68.35 68.33 68.33 239.0 67.45 22.0 353.0 299.0 54.0 0.0 68.3469
16:35:00 4.0 301.0 67.82 68.34 68.34 68.32 68.31 200.0 67.45 22.0 301.0 62.0 239.0 0.0 68.33
16:36:00 5.0 73.0 67.82 68.3 68.34 68.3 68.31 200.0 67.45 22.0 73.0 3.0 70.0 0.0 68.3016
16:37:00 0.0 0.0 67.82 68.3 nan nan 68.31 200.0 67.45 22.0 nan 0.0 0.0 0.0 nan
16:38:00 2.0 100.0 67.82 68.3 68.3 68.3 68.31 200.0 67.45 22.0 100.0 0.0 100.0 0.0 68.3
16:39:00 5.0 133.0 67.82 68.32 68.32 68.3 68.31 200.0 67.45 22.0 133.0 132.0 1.0 0.0 68.3198
16:40:00 2.0 29.0 67.82 68.3 68.32 68.3 68.31 200.0 67.45 22.0 29.0 7.0 22.0 0.0 68.3048
16:41:00 5.0 89.0 67.82 68.3 68.32 68.3 68.31 200.0 67.45 22.0 89.0 31.0 58.0 0.0 68.307
16:42:00 8.0 100.0 67.82 68.3 68.32 68.3 68.31 200.0 67.45 22.0 100.0 42.0 58.0 0.0 68.3084
16:43:00 6.0 208.0 67.82 68.32 68.32 68.3 68.34 8297.0 67.45 22.0 208.0 176.0 32.0 0.0 68.3169
16:44:00 14.0 695.0 67.82 68.4 68.4 68.35 68.4 7381.0 67.45 22.0 695.0 515.0 180.0 0.0 68.3899
16:45:00 6.0 3539.0 67.82 68.41 68.41 68.4 68.41 4393.0 67.45 22.0 3539.0 3000.0 539.0 0.0 68.4099
16:46:00 6.0 49.0 67.82 68.42 68.42 68.41 68.41 4400.0 67.45 22.0 49.0 45.0 4.0 0.0 68.4196
16:47:00 13.0 4412.0 67.82 68.33 68.44 68.33 68.33 281.0 67.45 22.0 4412.0 11.0 4401.0 0.0 68.4101
16:48:00 2.0 5.0 67.82 68.33 68.33 68.33 68.33 276.0 67.45 22.0 5.0 0.0 5.0 0.0 68.33
16:49:00 3.0 8.0 67.82 68.33 68.33 68.33 68.38 50.0 67.45 22.0 8.0 0.0 8.0 0.0 68.33
16:50:00 0.0 0.0 67.82 68.33 nan nan 68.38 50.0 67.45 22.0 nan 0.0 0.0 0.0 nan
16:51:00 0.0 0.0 67.82 68.33 nan nan 68.38 50.0 67.45 22.0 nan 0.0 0.0 0.0 nan
16:52:00 2.0 1.0 67.82 68.38 68.4 68.38 68.38 59.0 67.45 22.0 1.0 0.0 1.0 0.0 68.38
16:53:00 3.0 69.0 67.82 68.38 68.4 68.38 68.38 7.0 67.45 22.0 69.0 0.0 69.0 0.0 68.3829
16:54:00 4.0 2.0 67.82 68.38 68.4 68.38 68.38 2.0 67.45 22.0 2.0 0.0 2.0 0.0 68.38
16:55:00 1.0 2.0 67.82 68.38 68.38 68.38 68.37 6.0 67.45 22.0 2.0 0.0 2.0 0.0 68.38
16:56:00 8.0 75.0 67.82 68.34 68.37 68.34 68.34 230.0 67.45 22.0 75.0 0.0 75.0 0.0 68.3464
16:57:00 7.0 54.0 67.82 68.38 68.38 68.34 68.34 209.0 67.45 22.0 54.0 32.0 22.0 0.0 68.3594
16:58:00 0.0 0.0 67.82 68.38 nan nan 68.36 20.0 67.45 22.0 nan 0.0 0.0 0.0 nan
16:59:00 3.0 20.0 67.82 68.36 68.36 68.36 68.35 209.0 67.45 22.0 20.0 20.0 0.0 0.0 68.36
17:00:00 3.0 12.0 67.82 68.36 68.36 68.35 68.35 200.0 67.45 22.0 12.0 2.0 10.0 0.0 68.3525
