time trade_count trade_volume trade_first trade_last trade_high trade_low bid_price bid_size ask_price ask_size hid_vol buy_vol sell_vol unsided_vol vwap
09:00:00 nan 2331.0 78.88 78.9 78.91 78.86 78.91 100.0 78.92 103.0 2331.0 989.0 1342.0 0.0 78.8886
09:01:00 54.0 4202.0 78.88 78.92 78.93 78.85 78.91 9109.0 78.94 826.0 4202.0 1062.0 3140.0 0.0 78.9078
09:02:00 11.0 1146.0 78.88 78.94 78.94 78.93 78.94 566.0 78.95 121.0 1146.0 626.0 520.0 0.0 78.9356
09:03:00 15.0 701.0 78.88 78.95 78.95 78.93 78.92 617.0 78.95 161.0 701.0 20.0 681.0 0.0 78.9403
09:04:00 26.0 2099.0 78.88 78.93 78.96 78.91 78.92 13.0 78.94 100.0 2099.0 679.0 1420.0 0.0 78.93
09:05:00 32.0 7774.0 78.88 78.91 78.93 78.87 78.86 1.0 78.93 100.0 7774.0 60.0 7714.0 0.0 78.9089
09:06:00 6.0 28.0 78.88 78.91 78.93 78.91 78.9 452.0 78.93 80.0 28.0 28.0 0.0 0.0 78.9243
09:07:00 8.0 267.0 78.88 78.93 78.93 78.91 78.9 204.0 78.93 13.0 267.0 67.0 200.0 0.0 78.9225
09:08:00 9.0 115.0 78.88 78.92 78.93 78.9 78.9 101.0 78.94 1200.0 115.0 5.0 110.0 0.0 78.9187
09:09:00 0.0 0.0 78.88 78.92 nan nan 78.9 273.0 78.92 25.0 nan 0.0 0.0 0.0 nan
09:10:00 2.0 7.0 78.88 78.92 78.92 78.92 78.9 323.0 78.92 18.0 7.0 7.0 0.0 0.0 78.92
09:11:00 2.0 0.0 78.88 78.92 78.92 78.92 78.9 373.0 78.92 871.0 nan 0.0 0.0 0.0 nan
09:12:00 35.0 2247.0 78.88 78.88 78.92 78.88 78.87 161.0 78.92 1100.0 2247.0 1325.0 922.0 0.0 78.9067
09:13:00 5.0 237.0 78.88 78.9 78.9 78.87 78.87 135.0 78.92 1000.0 237.0 100.0 137.0 0.0 78.8869
09:14:00 10.0 340.0 78.88 78.9 78.9 78.86 78.9 6.0 78.94 16.0 340.0 101.0 239.0 0.0 78.8787
09:15:00 5.0 56.0 78.88 78.85 78.92 78.85 78.82 1.0 78.9 268.0 56.0 0.0 56.0 0.0 78.8627
09:16:00 46.0 1185.0 78.88 78.7 78.85 78.69 78.7 1055.0 78.89 273.0 1185.0 31.0 1154.0 0.0 78.7481
09:17:00 18.0 1953.0 78.88 78.62 78.78 78.62 78.61 20.0 78.8 60.0 1953.0 898.0 1055.0 0.0 78.7071
09:18:00 0.0 0.0 78.88 78.62 nan nan 78.64 50.0 78.79 279.0 nan 0.0 0.0 0.0 nan
09:19:00 1.0 0.0 78.88 78.71 78.71 78.71 78.64 50.0 78.79 279.0 nan 0.0 0.0 0.0 nan
09:20:00 1.0 0.0 78.88 78.63 78.63 78.63 78.62 2100.0 78.74 279.0 nan 0.0 0.0 0.0 nan
09:21:00 18.0 792.0 78.88 78.81 78.81 78.7 78.75 100.0 78.82 100.0 792.0 792.0 0.0 0.0 78.7414
09:22:00 8.0 8.0 78.88 78.76 78.81 78.76 78.78 1.0 78.82 100.0 8.0 0.0 8.0 0.0 78.7813
09:23:00 11.0 152.0 78.88 78.73 78.8 78.71 78.63 100.0 78.69 424.0 152.0 0.0 152.0 0.0 78.7413
09:24:00 6.0 10.0 78.88 78.67 78.74 78.67 78.63 100.0 78.69 403.0 10.0 10.0 0.0 0.0 78.74
09:25:00 13.0 418.0 78.88 78.78 78.78 78.66 78.68 412.0 78.78 24.0 418.0 418.0 0.0 0.0 78.6874
09:26:00 1.0 0.0 78.88 78.7 78.7 78.7 78.68 379.0 78.78 72.0 nan 0.0 0.0 0.0 nan
09:27:00 10.0 72.0 78.88 78.79 78.79 78.69 78.78 1036.0 78.81 300.0 72.0 72.0 0.0 0.0 78.78
09:28:00 34.0 739.0 78.88 78.8 78.81 78.78 78.76 116.0 78.81 295.0 739.0 125.0 614.0 0.0 78.7981
09:29:00 8.0 213.0 78.88 78.83 78.85 78.83 78.81 15.0 78.85 387.0 213.0 213.0 0.0 0.0 78.85
09:30:00 26.0 1541.0 78.88 78.73 78.85 78.7 78.7 589.0 78.85 1786.0 1541.0 384.0 1157.0 0.0 78.7142
09:31:00 220.0 15707.0 78.88 78.91 78.93 78.73 78.9 75.0 78.93 475.0 15707.0 10888.0 4819.0 0.0 78.8673
09:32:00 1760.0 143241.0 78.88 79.04 79.19 78.92 79.03 1300.0 79.05 56.0 143241.0 98220.0 45021.0 0.0 79.035
09:33:00 1288.0 98685.0 78.88 79.23 79.25 79.06 79.24 123.0 79.25 2118.0 98685.0 66359.0 32326.0 0.0 79.1728
09:34:00 1246.0 74595.0 78.88 79.19 79.26 79.09 79.18 24.0 79.19 301.0 74595.0 36545.0 38050.0 0.0 79.1896
09:35:00 1730.0 92195.0 78.88 79.12 79.36 79.1 79.11 111.0 79.12 511.0 92195.0 50304.0 41891.0 0.0 79.2511
09:36:00 1294.0 75672.0 78.88 79.21 79.25 79.0 79.2 1700.0 79.21 280.0 75672.0 38507.0 37165.0 0.0 79.1487
09:37:00 1199.0 88911.0 78.88 79.49 79.49 79.21 79.48 463.0 79.49 541.0 88911.0 48471.0 40440.0 0.0 79.3675
09:38:00 1103.0 78120.0 78.88 79.23 79.51 79.23 79.22 11.0 79.23 1300.0 78120.0 35796.0 42324.0 0.0 79.3874
09:39:00 1010.0 68879.0 78.88 79.15 79.42 79.15 79.14 99.0 79.15 834.0 68879.0 27547.0 41332.0 0.0 79.286
09:40:00 825.0 51255.0 78.88 79.37 79.44 79.06 79.36 687.0 79.37 300.0 51255.0 26946.0 24309.0 0.0 79.2715
09:41:00 915.0 53744.0 78.88 79.36 79.46 79.22 79.36 743.0 79.37 213.0 53744.0 27810.0 25934.0 0.0 79.3343
09:42:00 796.0 57539.0 78.88 79.41 79.47 79.35 79.4 700.0 79.41 418.0 57539.0 28880.0 28659.0 0.0 79.4266
09:43:00 469.0 31402.0 78.88 79.35 79.4 79.29 79.34 1200.0 79.35 2.0 31402.0 7477.0 23925.0 0.0 79.3362
09:44:00 603.0 42861.0 78.88 79.48 79.49 79.33 79.48 226.0 79.49 1900.0 42861.0 19940.0 22921.0 0.0 79.4172
09:45:00 792.0 60926.0 78.88 79.33 79.48 79.275 79.32 1000.0 79.33 500.0 60926.0 25742.0 35184.0 0.0 79.3549
09:46:00 736.0 72952.0 78.88 79.56 79.56 79.33 79.55 100.0 79.56 2304.0 72952.0 47388.0 25564.0 0.0 79.4941
09:47:00 651.0 48320.0 78.88 79.68 79.69 79.55 79.67 2710.0 79.68 200.0 48320.0 22393.0 25927.0 0.0 79.6245
09:48:00 618.0 43050.0 78.88 79.59 79.73 79.59 79.58 913.0 79.59 461.0 43050.0 19152.0 23898.0 0.0 79.6884
09:49:00 536.0 31738.0 78.88 79.42 79.6 79.41 79.41 1000.0 79.43 1705.0 31738.0 12784.0 18954.0 0.0 79.5245
09:50:00 549.0 34457.0 78.88 79.22 79.44 79.2 79.22 434.0 79.23 2105.0 34457.0 11579.0 22878.0 0.0 79.3379
09:51:00 851.0 69322.0 78.88 79.265 79.34 79.08 79.26 1185.0 79.27 10.0 69322.0 33846.0 35476.0 0.0 79.2285
09:52:00 564.0 39215.0 78.88 79.395 79.4 79.25 79.39 307.0 79.4 1910.0 39215.0 22690.0 16525.0 0.0 79.3149
09:53:00 657.0 45115.0 78.88 79.23 79.47 79.2 79.23 800.0 79.24 100.0 45115.0 21609.0 23506.0 0.0 79.385
09:54:00 374.0 23815.0 78.88 79.15 79.24 79.15 79.14 366.0 79.15 1215.0 23815.0 7857.0 15958.0 0.0 79.2005
09:55:00 563.0 40859.0 78.88 79.23 79.24 79.07 79.22 1759.0 79.23 295.0 40859.0 22628.0 18231.0 0.0 79.1476
09:56:00 585.0 46269.0 78.88 79.2 79.27 79.11 79.2 1900.0 79.21 301.0 46269.0 20471.0 25798.0 0.0 79.1813
09:57:00 349.0 24471.0 78.88 79.2 79.22 79.14 79.19 1126.0 79.2 500.0 24471.0 7406.0 17065.0 0.0 79.182
09:58:00 440.0 33076.0 78.88 79.2 79.26 79.15 79.19 100.0 79.2 3020.0 33076.0 12642.0 20434.0 0.0 79.2044
09:59:00 459.0 35741.0 78.88 79.22 79.27 79.09 79.21 2073.0 79.23 2000.0 35741.0 15219.0 20522.0 0.0 79.1721
10:00:00 254.0 18678.0 78.88 79.34 79.34 79.2 79.34 111.0 79.35 1375.0 18678.0 9142.0 9536.0 0.0 79.2769
10:01:00 1084.0 77896.0 78.88 79.26 79.43 79.25 79.25 1101.0 79.27 2515.0 77896.0 33987.0 43909.0 0.0 79.3495
10:02:00 245.0 14405.0 78.88 79.405 79.41 79.25 79.4 1300.0 79.41 423.0 14405.0 7255.0 7150.0 0.0 79.354
10:03:00 612.0 46470.0 78.88 79.22 79.405 79.21 79.23 200.0 79.24 921.0 46470.0 18810.0 27660.0 0.0 79.3038
10:04:00 433.0 29815.0 78.88 79.135 79.27 79.12 79.13 1500.0 79.14 1345.0 29815.0 12088.0 17727.0 0.0 79.2086
10:05:00 371.0 24033.0 78.88 79.08 79.15 79.065 79.07 2345.0 79.08 100.0 24033.0 7748.0 16285.0 0.0 79.109
10:06:00 560.0 33980.0 78.88 79.19 79.23 79.055 79.19 120.0 79.2 1309.0 33980.0 13626.0 20354.0 0.0 79.1498
10:07:00 498.0 35746.0 78.88 79.19 79.26 79.16 79.19 2100.0 79.21 1500.0 35746.0 14968.0 20778.0 0.0 79.2096
10:08:00 273.0 19238.0 78.88 79.19 79.23 79.17 79.19 300.0 79.2 1500.0 19238.0 5228.0 14010.0 0.0 79.2024
10:09:00 292.0 21338.0 78.88 79.14 79.2 79.13 79.13 600.0 79.14 1100.0 21338.0 6381.0 14957.0 0.0 79.1667
10:10:00 295.0 23445.0 78.88 79.05 79.14 79.025 79.04 2341.0 79.06 1615.0 23445.0 9477.0 13968.0 0.0 79.07
10:11:00 601.0 45809.0 78.88 79.17 79.21 78.97 79.16 2228.0 79.18 1700.0 45809.0 21534.0 24275.0 0.0 79.1027
10:12:00 582.0 47718.0 78.88 79.29 79.29 79.13 79.28 1504.0 79.29 301.0 47718.0 28638.0 19080.0 0.0 79.2214
10:13:00 357.0 24647.0 78.88 79.28 79.31 79.23 79.27 2323.0 79.29 2624.0 24647.0 12577.0 12070.0 0.0 79.273
10:14:00 204.0 29693.0 78.88 79.34 79.35 79.275 79.33 1200.0 79.34 500.0 29693.0 21260.0 8433.0 0.0 79.3314
10:15:00 224.0 14247.0 78.88 79.29 79.33 79.24 79.28 1300.0 79.3 2955.0 14247.0 5929.0 8318.0 0.0 79.287
10:16:00 417.0 47381.0 78.88 79.5 79.51 79.29 79.5 1418.0 79.51 420.0 47381.0 34925.0 12456.0 0.0 79.4127
10:17:00 409.0 30571.0 78.88 79.38 79.51 79.35 79.37 701.0 79.38 900.0 30571.0 11819.0 18752.0 0.0 79.4127
10:18:00 201.0 15174.0 78.88 79.26 79.38 79.26 79.25 1450.0 79.26 700.0 15174.0 5241.0 9933.0 0.0 79.3061
10:19:00 318.0 26973.0 78.88 79.42 79.43 79.24 79.41 900.0 79.42 1100.0 26973.0 11774.0 15199.0 0.0 79.3351
10:20:00 310.0 21768.0 78.88 79.28 79.415 79.28 79.27 2965.0 79.29 2000.0 21768.0 7295.0 14473.0 0.0 79.3577
10:21:00 241.0 16906.0 78.88 79.25 79.29 79.21 79.25 103.0 79.26 2200.0 16906.0 6636.0 10270.0 0.0 79.2527
10:22:00 387.0 34329.0 78.88 79.155 79.26 79.14 79.15 1700.0 79.16 100.0 34329.0 12623.0 21706.0 0.0 79.2017
10:23:00 340.0 24565.0 78.88 79.2 79.21 79.13 79.2 300.0 79.21 2400.0 24565.0 14610.0 9955.0 0.0 79.1624
10:24:00 209.0 17629.0 78.88 79.28 79.28 79.19 79.28 906.0 79.29 1500.0 17629.0 11179.0 6450.0 0.0 79.2371
10:25:00 344.0 28326.0 78.88 79.21 79.32 79.19 79.2 310.0 79.21 1400.0 28326.0 16823.0 11503.0 0.0 79.265
10:26:00 178.0 13031.0 78.88 79.25 79.25 79.2 79.24 1600.0 79.25 1600.0 13031.0 4619.0 8412.0 0.0 79.2325
10:27:00 255.0 18609.0 78.88 79.315 79.35 79.25 79.31 678.0 79.32 3390.0 18609.0 7716.0 10893.0 0.0 79.2877
10:28:00 354.0 26436.0 78.88 79.32 79.33 79.295 79.32 136.0 79.33 3100.0 26436.0 12311.0 14125.0 0.0 79.3195
10:29:00 242.0 18799.0 78.88 79.31 79.365 79.26 79.3 2001.0 79.31 200.0 18799.0 6274.0 12525.0 0.0 79.3161
10:30:00 699.0 50551.0 78.88 79.15 79.3 79.145 79.14 2320.0 79.16 800.0 50551.0 20735.0 29816.0 0.0 79.2025
10:31:00 1237.0 90259.0 78.88 79.095 79.24 79.06 79.09 300.0 79.1 924.0 90259.0 42673.0 47586.0 0.0 79.1548
10:32:00 401.0 29076.0 78.88 78.96 79.16 78.96 78.96 76.0 78.96 707.0 29076.0 7921.0 21155.0 0.0 79.0733
10:33:00 483.0 34194.0 78.88 78.96 79.05 78.94 78.95 2510.0 78.96 404.0 34194.0 20269.0 13925.0 0.0 78.9926
10:34:00 458.0 34665.0 78.88 79.05 79.1 78.94 79.04 484.0 79.05 2100.0 34665.0 14609.0 20056.0 0.0 79.0409
10:35:00 394.0 31926.0 78.88 78.95 79.03 78.93 78.94 1431.0 78.95 2223.0 31926.0 11352.0 20574.0 0.0 78.9842
10:36:00 370.0 31593.0 78.88 79.12 79.17 78.94 79.11 2186.0 79.12 201.0 31593.0 18958.0 12635.0 0.0 79.0857
10:37:00 241.0 15703.0 78.88 79.13 79.17 79.11 79.12 2200.0 79.13 200.0 15703.0 5368.0 10335.0 0.0 79.1447
10:38:00 337.0 24051.0 78.88 79.02 79.14 79.01 79.01 3116.0 79.02 410.0 24051.0 10801.0 13250.0 0.0 79.0671
10:39:00 441.0 32074.0 78.88 79.025 79.07 78.98 79.02 3801.0 79.03 421.0 32074.0 16984.0 15090.0 0.0 79.0232
10:40:00 209.0 15984.0 78.88 79.06 79.06 79.0 79.05 1301.0 79.06 1600.0 15984.0 6033.0 9951.0 0.0 79.0273
10:41:00 300.0 22854.0 78.88 79.0 79.051 78.975 78.99 2956.0 79.0 200.0 22854.0 7588.0 15266.0 0.0 79.0187
10:42:00 291.0 24454.0 78.88 78.93 79.01 78.89 78.93 888.0 78.94 2841.0 24454.0 9676.0 14778.0 0.0 78.9305
10:43:00 965.0 95021.0 78.88 78.87 78.93 78.83 78.86 1710.0 78.87 1995.0 95021.0 48979.0 46042.0 0.0 78.8608
10:44:00 689.0 69481.0 78.88 78.8 78.88 78.77 78.79 2100.0 78.8 1300.0 69481.0 29738.0 39743.0 0.0 78.8408
10:45:00 233.0 20390.0 78.88 78.86 78.885 78.8 78.85 820.0 78.86 3400.0 20390.0 11432.0 8958.0 0.0 78.8411
10:46:00 273.0 20311.0 78.88 78.86 78.9 78.82 78.86 8.0 78.87 2800.0 20311.0 9147.0 11164.0 0.0 78.8668
10:47:00 460.0 31177.0 78.88 78.77 78.87 78.765 78.76 3000.0 78.77 200.0 31177.0 8718.0 22459.0 0.0 78.8357
10:48:00 517.0 43358.0 78.88 78.74 78.77 78.7 78.74 700.0 78.75 2076.0 43358.0 22307.0 21051.0 0.0 78.7289
10:49:00 255.0 19452.0 78.88 78.815 78.82 78.74 78.81 500.0 78.82 2100.0 19452.0 13448.0 6004.0 0.0 78.7718
10:50:00 296.0 22436.0 78.88 78.83 78.84 78.77 78.82 1800.0 78.83 1513.0 22436.0 10682.0 11754.0 0.0 78.8043
10:51:00 236.0 19340.0 78.88 78.94 78.94 78.8 78.94 1100.0 78.95 2611.0 19340.0 12225.0 7115.0 0.0 78.8504
10:52:00 309.0 23020.0 78.88 78.95 78.99 78.93 78.94 3000.0 78.95 500.0 23020.0 12305.0 10715.0 0.0 78.9676
10:53:00 158.0 11511.0 78.88 78.94 78.98 78.92 78.94 3000.0 78.95 334.0 11511.0 4825.0 6686.0 0.0 78.9494
10:54:00 151.0 10603.0 78.88 78.92 78.96 78.9 78.92 81.0 78.92 100.0 10603.0 4498.0 6105.0 0.0 78.9296
10:55:00 217.0 15967.0 78.88 78.79 78.92 78.78 78.78 2512.0 78.79 300.0 15967.0 4459.0 11508.0 0.0 78.8435
10:56:00 195.0 16332.0 78.88 78.75 78.79 78.75 78.74 700.0 78.75 2821.0 16332.0 5783.0 10549.0 0.0 78.7689
10:57:00 233.0 18169.0 78.88 78.73 78.79 78.71 78.73 100.0 78.73 100.0 18169.0 11465.0 6704.0 0.0 78.7469
10:58:00 325.0 26674.0 78.88 78.72 78.79 78.72 78.71 1300.0 78.72 3323.0 26674.0 13628.0 13046.0 0.0 78.7579
10:59:00 228.0 21042.0 78.88 78.71 78.73 78.68 78.71 2205.0 78.72 1488.0 21042.0 12358.0 8684.0 0.0 78.7041
11:00:00 251.0 20824.0 78.88 78.78 78.8 78.719 78.77 2800.0 78.78 200.0 20824.0 12886.0 7938.0 0.0 78.7618
11:01:00 221.0 20551.0 78.88 78.92 78.93 78.78 78.92 1102.0 78.93 3100.0 20551.0 14532.0 6019.0 0.0 78.8573
11:02:00 234.0 21000.0 78.88 78.915 78.96 78.9 78.91 300.0 78.92 3100.0 21000.0 11719.0 9281.0 0.0 78.9281
11:03:00 190.0 18404.0 78.88 78.98 78.98 78.875 78.98 300.0 78.99 3271.0 18404.0 10384.0 8020.0 0.0 78.9396
11:04:00 164.0 9914.0 78.88 78.98 79.0 78.95 78.98 100.0 78.99 3840.0 9914.0 4923.0 4991.0 0.0 78.9691
11:05:00 151.0 10992.0 78.88 78.99 79.0 78.96 78.99 2710.0 79.0 4813.0 10992.0 4733.0 6259.0 0.0 78.9787
11:06:00 217.0 16932.0 78.88 78.92 78.99 78.92 78.92 301.0 78.93 3310.0 16932.0 6672.0 10260.0 0.0 78.966
11:07:00 217.0 16543.0 78.88 78.94 78.965 78.905 78.94 1000.0 78.95 2610.0 16543.0 8639.0 7904.0 0.0 78.9329
11:08:00 236.0 19673.0 78.88 78.93 78.945 78.9 78.93 801.0 78.94 2706.0 19673.0 6681.0 12992.0 0.0 78.9246
11:09:00 166.0 10764.0 78.88 78.945 78.945 78.88 78.94 400.0 78.95 2051.0 10764.0 3161.0 7603.0 0.0 78.9184
11:10:00 143.0 10364.0 78.88 78.9 78.96 78.89 78.88 3700.0 78.89 200.0 10364.0 2227.0 8137.0 0.0 78.9336
11:11:00 242.0 16832.0 78.88 78.845 78.89 78.84 78.84 100.0 78.85 4500.0 16832.0 5986.0 10846.0 0.0 78.8554
11:12:00 151.0 11172.0 78.88 78.81 78.85 78.8 78.81 1100.0 78.82 2582.0 11172.0 5317.0 5855.0 0.0 78.8314
11:13:00 136.0 9932.0 78.88 78.86 78.87 78.82 78.85 3401.0 78.87 3424.0 9932.0 5405.0 4527.0 0.0 78.8466
11:14:00 136.0 10346.0 78.88 78.88 78.9 78.83 78.88 1001.0 78.89 3208.0 10346.0 3238.0 7108.0 0.0 78.8712
11:15:00 205.0 15740.0 78.88 78.84 78.89 78.83 78.85 3361.0 78.86 400.0 15740.0 8520.0 7220.0 0.0 78.8458
11:16:00 191.0 13586.0 78.88 78.92 78.96 78.86 78.91 2600.0 78.92 2210.0 13586.0 7791.0 5795.0 0.0 78.9194
11:17:00 121.0 8944.0 78.88 78.86 78.92 78.85 78.86 3095.0 78.87 647.0 8944.0 4492.0 4452.0 0.0 78.8756
11:18:00 172.0 12844.0 78.88 78.91 78.93 78.87 78.91 100.0 78.92 4700.0 12844.0 3788.0 9056.0 0.0 78.8928
11:19:00 190.0 20546.0 78.88 78.87 78.92 78.86 78.86 300.0 78.87 4300.0 20546.0 4823.0 15723.0 0.0 78.8791
11:20:00 270.0 17924.0 78.88 78.84 78.87 78.83 78.84 100.0 78.85 4260.0 17924.0 6978.0 10946.0 0.0 78.8452
11:21:00 199.0 13781.0 78.88 78.89 78.9 78.83 78.89 1094.0 78.9 2600.0 13781.0 5434.0 8347.0 0.0 78.8433
11:22:00 176.0 12543.0 78.88 78.93 78.95 78.9 78.93 400.0 78.94 4640.0 12543.0 4623.0 7920.0 0.0 78.9286
11:23:00 143.0 9574.0 78.88 78.905 78.93 78.875 78.9 700.0 78.91 4008.0 9574.0 4127.0 5447.0 0.0 78.9069
11:24:00 163.0 11456.0 78.88 78.88 78.9 78.85 78.87 2700.0 78.88 1600.0 11456.0 5399.0 6057.0 0.0 78.8689
11:25:00 161.0 11637.0 78.88 78.91 78.92 78.88 78.9 2215.0 78.91 2200.0 11637.0 5129.0 6508.0 0.0 78.9072
11:26:00 225.0 17662.0 78.88 78.87 78.93 78.87 78.86 4389.0 78.87 240.0 17662.0 7961.0 9701.0 0.0 78.8965
11:27:00 105.0 7701.0 78.88 78.84 78.9 78.84 78.84 302.0 78.85 5771.0 7701.0 2278.0 5423.0 0.0 78.8784
11:28:00 173.0 12464.0 78.88 78.82 78.85 78.81 78.82 400.0 78.83 3701.0 12464.0 5462.0 7002.0 0.0 78.831
11:29:00 165.0 11334.0 78.88 78.82 78.85 78.79 78.82 1000.0 78.83 2900.0 11334.0 4052.0 7282.0 0.0 78.814
11:30:00 237.0 17691.0 78.88 78.9 78.9 78.81 78.89 3402.0 78.9 1100.0 17691.0 6996.0 10695.0 0.0 78.8422
11:31:00 160.0 12965.0 78.88 78.885 78.955 78.88 78.88 3311.0 78.89 1107.0 12965.0 5133.0 7832.0 0.0 78.9182
11:32:00 135.0 8275.0 78.88 78.9 78.92 78.86 78.9 1012.0 78.91 4000.0 8275.0 2809.0 5466.0 0.0 78.8751
11:33:00 188.0 11468.0 78.88 78.91 78.91 78.87 78.9 1501.0 78.91 3000.0 11468.0 3836.0 7632.0 0.0 78.9003
11:34:00 181.0 11108.0 78.88 78.88 78.91 78.87 78.87 4453.0 78.88 500.0 11108.0 3423.0 7685.0 0.0 78.8872
11:35:00 163.0 11910.0 78.88 78.86 78.87 78.84 78.85 3637.0 78.86 940.0 11910.0 3059.0 8851.0 0.0 78.8609
11:36:00 146.0 10145.0 78.88 78.85 78.87 78.835 78.85 1417.0 78.86 3400.0 10145.0 3661.0 6484.0 0.0 78.8512
11:37:00 126.0 8949.0 78.88 78.85 78.86 78.82 78.85 1400.0 78.86 3501.0 8949.0 4591.0 4358.0 0.0 78.8302
11:38:00 150.0 9036.0 78.88 78.81 78.86 78.8 78.8 2701.0 78.81 2811.0 9036.0 1746.0 7290.0 0.0 78.8275
11:39:00 135.0 10868.0 78.88 78.82 78.84 78.79 78.82 300.0 78.83 5615.0 10868.0 4039.0 6829.0 0.0 78.8127
11:40:00 118.0 6932.0 78.88 78.82 78.82 78.8 78.81 417.0 78.82 5515.0 6932.0 2382.0 4550.0 0.0 78.8081
11:41:00 129.0 7181.0 78.88 78.8 78.83 78.8 78.8 1300.0 78.81 4729.0 7181.0 2258.0 4923.0 0.0 78.812
11:42:00 157.0 10154.0 78.88 78.78 78.81 78.77 78.77 3968.0 78.78 2405.0 10154.0 3523.0 6631.0 0.0 78.7961
11:43:00 163.0 11826.0 78.88 78.8 78.81 78.75 78.8 2505.0 78.81 3437.0 11826.0 6186.0 5640.0 0.0 78.7722
11:44:00 174.0 12380.0 78.88 78.78 78.82 78.77 78.78 1127.0 78.79 4500.0 12380.0 2099.0 10281.0 0.0 78.8016
11:45:00 291.0 25760.0 78.88 78.76 78.785 78.7 78.75 1600.0 78.76 4300.0 25760.0 10750.0 15010.0 0.0 78.7318
11:46:00 201.0 14973.0 78.88 78.74 78.78 78.73 78.74 1400.0 78.75 4419.0 14973.0 7685.0 7288.0 0.0 78.7509
11:47:00 75.0 5144.0 78.88 78.745 78.76 78.74 78.74 4210.0 78.75 1514.0 5144.0 1620.0 3524.0 0.0 78.7522
11:48:00 178.0 14221.0 78.88 78.73 78.74 78.695 78.72 3374.0 78.73 500.0 14221.0 2936.0 11285.0 0.0 78.7188
11:49:00 72.0 5401.0 78.88 78.75 78.765 78.7 78.75 100.0 78.76 5400.0 5401.0 2239.0 3162.0 0.0 78.7293
11:50:00 78.0 5212.0 78.88 78.755 78.77 78.75 78.75 1852.0 78.76 2700.0 5212.0 2347.0 2865.0 0.0 78.7643
11:51:00 181.0 11787.0 78.88 78.72 78.76 78.72 78.72 1.0 78.72 1300.0 11787.0 4598.0 7189.0 0.0 78.7436
11:52:00 144.0 10327.0 78.88 78.695 78.72 78.675 78.69 3435.0 78.7 405.0 10327.0 3438.0 6889.0 0.0 78.6923
11:53:00 94.0 8409.0 78.88 78.73 78.73 78.67 78.73 3735.0 78.74 900.0 8409.0 2308.0 6101.0 0.0 78.6863
11:54:00 84.0 5959.0 78.88 78.75 78.75 78.73 78.75 1500.0 78.76 4113.0 5959.0 2584.0 3375.0 0.0 78.7372
11:55:00 105.0 7261.0 78.88 78.73 78.76 78.73 78.72 2741.0 78.73 2805.0 7261.0 3108.0 4153.0 0.0 78.745
11:56:00 124.0 9381.0 78.88 78.83 78.83 78.73 78.82 3958.0 78.83 1100.0 9381.0 6899.0 2482.0 0.0 78.7823
11:57:00 83.0 5421.0 78.88 78.8 78.84 78.8 78.8 2526.0 78.81 2799.0 5421.0 1015.0 4406.0 0.0 78.8187
11:58:00 126.0 8291.0 78.88 78.84 78.85 78.805 78.84 405.0 78.85 4700.0 8291.0 3717.0 4574.0 0.0 78.8347
11:59:00 119.0 7819.0 78.88 78.84 78.845 78.82 78.83 6157.0 78.85 2819.0 7819.0 4007.0 3812.0 0.0 78.8278
12:00:00 201.0 15363.0 78.88 78.8 78.86 78.795 78.79 3245.0 78.8 1800.0 15363.0 4079.0 11284.0 0.0 78.823
12:01:00 248.0 19367.0 78.88 78.82 78.83 78.78 78.82 900.0 78.83 6015.0 19367.0 9712.0 9655.0 0.0 78.8034
12:02:00 211.0 19912.0 78.88 78.815 78.825 78.78 78.81 2500.0 78.82 5359.0 19912.0 8783.0 11129.0 0.0 78.8052
12:03:00 154.0 13728.0 78.88 78.76 78.81 78.74 78.75 6116.0 78.76 136.0 13728.0 4559.0 9169.0 0.0 78.7674
12:04:00 105.0 8966.0 78.88 78.77 78.78 78.74 78.76 600.0 78.77 7500.0 8966.0 2683.0 6283.0 0.0 78.7603
12:05:00 130.0 9616.0 78.88 78.76 78.78 78.75 78.75 900.0 78.76 4700.0 9616.0 4275.0 5341.0 0.0 78.7623
12:06:00 289.0 23823.0 78.88 78.79 78.805 78.75 78.78 1805.0 78.79 3700.0 23823.0 16104.0 7719.0 0.0 78.7926
12:07:00 158.0 13481.0 78.88 78.8 78.8 78.75 78.8 500.0 78.81 4503.0 13481.0 4428.0 9053.0 0.0 78.7648
12:08:00 138.0 10117.0 78.88 78.76 78.8 78.76 78.76 443.0 78.77 5300.0 10117.0 4328.0 5789.0 0.0 78.7724
12:09:00 80.0 6883.0 78.88 78.76 78.8 78.76 78.75 3505.0 78.76 1652.0 6883.0 2904.0 3979.0 0.0 78.7793
12:10:00 108.0 8415.0 78.88 78.77 78.78 78.76 78.77 5630.0 78.78 1154.0 8415.0 5467.0 2948.0 0.0 78.7687
12:11:00 139.0 11672.0 78.88 78.79 78.79 78.76 78.78 4425.0 78.79 2810.0 11672.0 6985.0 4687.0 0.0 78.7816
12:12:00 158.0 14340.0 78.88 78.82 78.84 78.8 78.81 5080.0 78.82 800.0 14340.0 5488.0 8852.0 0.0 78.8193
12:13:00 68.0 7345.0 78.88 78.855 78.855 78.825 78.85 2401.0 78.86 6619.0 7345.0 5001.0 2344.0 0.0 78.8367
12:14:00 109.0 8513.0 78.88 78.85 78.86 78.83 78.85 5220.0 78.86 3834.0 8513.0 4150.0 4363.0 0.0 78.8363
12:15:00 159.0 16368.0 78.88 78.865 78.89 78.85 78.86 3100.0 78.87 4019.0 16368.0 8477.0 7891.0 0.0 78.8699
12:16:00 78.0 6367.0 78.88 78.92 78.92 78.86 78.91 5621.0 78.92 301.0 6367.0 4639.0 1728.0 0.0 78.8868
12:17:00 164.0 13535.0 78.88 78.93 78.97 78.92 78.93 522.0 78.94 6225.0 13535.0 3882.0 9653.0 0.0 78.9417
12:18:00 118.0 8728.0 78.88 78.94 78.965 78.915 78.94 1612.0 78.95 5710.0 8728.0 3969.0 4759.0 0.0 78.9421
12:19:00 133.0 10827.0 78.88 78.93 78.95 78.92 78.93 1501.0 78.94 5318.0 10827.0 2726.0 8101.0 0.0 78.939
12:20:00 82.0 8428.0 78.88 78.91 78.93 78.9 78.91 2533.0 78.92 3900.0 8428.0 2427.0 6001.0 0.0 78.9118
12:21:00 97.0 9231.0 78.88 78.96 78.97 78.9 78.96 1500.0 78.97 5051.0 9231.0 6464.0 2767.0 0.0 78.9386
12:22:00 165.0 12424.0 78.88 78.9 78.96 78.89 78.9 2717.0 78.91 1760.0 12424.0 3721.0 8703.0 0.0 78.9291
12:23:00 169.0 12002.0 78.88 78.905 78.91 78.89 78.9 1725.0 78.91 5400.0 12002.0 3615.0 8387.0 0.0 78.9035
12:24:00 160.0 13553.0 78.88 78.91 78.92 78.88 78.9 1301.0 78.91 3602.0 13553.0 7397.0 6156.0 0.0 78.9022
12:25:00 79.0 6807.0 78.88 78.91 78.91 78.9 78.91 3601.0 78.92 1693.0 6807.0 4003.0 2804.0 0.0 78.9038
12:26:00 56.0 4814.0 78.88 78.9 78.915 78.88 78.9 4991.0 78.91 2075.0 4814.0 1097.0 3717.0 0.0 78.9003
12:27:00 101.0 6893.0 78.88 78.875 78.91 78.875 78.87 4410.0 78.88 4800.0 6893.0 1462.0 5431.0 0.0 78.8929
12:28:00 136.0 9903.0 78.88 78.85 78.88 78.845 78.85 500.0 78.86 5815.0 9903.0 2753.0 7150.0 0.0 78.8592
12:29:00 179.0 16569.0 78.88 78.84 78.87 78.825 78.83 2526.0 78.84 3110.0 16569.0 7419.0 9150.0 0.0 78.8489
12:30:00 172.0 15302.0 78.88 78.8 78.84 78.8 78.8 5083.0 78.81 1000.0 15302.0 6765.0 8537.0 0.0 78.8148
12:31:00 134.0 15143.0 78.88 78.81 78.82 78.78 78.8 2727.0 78.81 3211.0 15143.0 4380.0 10763.0 0.0 78.7973
12:32:00 172.0 14687.0 78.88 78.77 78.82 78.76 78.76 412.0 78.77 5100.0 14687.0 5437.0 9250.0 0.0 78.7818
12:33:00 105.0 8005.0 78.88 78.75 78.765 78.735 78.75 3100.0 78.76 1503.0 8005.0 3357.0 4648.0 0.0 78.7484
12:34:00 230.0 19377.0 78.88 78.75 78.76 78.735 78.75 700.0 78.76 3825.0 19377.0 8087.0 11290.0 0.0 78.7471
12:35:00 272.0 20867.0 78.88 78.73 78.77 78.71 78.73 2701.0 78.74 2955.0 20867.0 10337.0 10530.0 0.0 78.7438
12:36:00 174.0 15303.0 78.88 78.68 78.74 78.68 78.67 505.0 78.68 4400.0 15303.0 7052.0 8251.0 0.0 78.7227
12:37:00 374.0 29059.0 78.88 78.67 78.72 78.64 78.67 2326.0 78.68 3200.0 29059.0 12132.0 16927.0 0.0 78.6714
12:38:00 370.0 39617.0 78.88 78.6 78.69 78.57 78.6 246.0 78.61 5300.0 39617.0 17401.0 22216.0 0.0 78.6245
12:39:00 272.0 27723.0 78.88 78.65 78.65 78.57 78.64 401.0 78.65 5280.0 27723.0 12450.0 15273.0 0.0 78.5889
12:40:00 123.0 7424.0 78.88 78.68 78.7 78.63 78.68 3004.0 78.69 2515.0 7424.0 3668.0 3756.0 0.0 78.6666
12:41:00 260.0 22755.0 78.88 78.705 78.745 78.69 78.71 3200.0 78.72 3775.0 22755.0 13075.0 9680.0 0.0 78.719
12:42:00 134.0 10589.0 78.88 78.72 78.74 78.69 78.71 603.0 78.72 4661.0 10589.0 3873.0 6716.0 0.0 78.7122
12:43:00 147.0 9835.0 78.88 78.725 78.75 78.7 78.72 2400.0 78.73 3000.0 9835.0 4624.0 5211.0 0.0 78.7165
12:44:00 139.0 9655.0 78.88 78.7 78.73 78.7 78.69 2008.0 78.7 2818.0 9655.0 3811.0 5844.0 0.0 78.712
12:45:00 79.0 5013.0 78.88 78.7 78.72 78.7 78.69 4408.0 78.7 604.0 5013.0 1131.0 3882.0 0.0 78.7092
12:46:00 85.0 5426.0 78.88 78.7 78.71 78.68 78.69 804.0 78.7 6301.0 5426.0 2197.0 3229.0 0.0 78.6921
12:47:00 145.0 12581.0 78.88 78.695 78.72 78.67 78.69 1528.0 78.7 3401.0 12581.0 3765.0 8816.0 0.0 78.6863
12:48:00 126.0 10035.0 78.88 78.75 78.765 78.69 78.75 300.0 78.76 6246.0 10035.0 6057.0 3978.0 0.0 78.7387
12:49:00 109.0 6065.0 78.88 78.76 78.765 78.75 78.76 400.0 78.77 4530.0 6065.0 2886.0 3179.0 0.0 78.754
12:50:00 219.0 19526.0 78.88 78.77 78.775 78.76 78.77 6600.0 78.78 4574.0 19526.0 10535.0 8991.0 0.0 78.7649
12:51:00 210.0 17526.0 78.88 78.79 78.81 78.775 78.78 1204.0 78.79 5413.0 17526.0 10107.0 7419.0 0.0 78.7898
12:52:00 110.0 16762.0 78.88 78.78 78.79 78.75 78.78 858.0 78.79 5600.0 16762.0 11921.0 4841.0 0.0 78.7706
12:53:00 117.0 6452.0 78.88 78.81 78.815 78.78 78.8 6533.0 78.81 300.0 6452.0 3485.0 2967.0 0.0 78.7975
12:54:00 147.0 10144.0 78.88 78.79 78.81 78.78 78.79 4407.0 78.8 2941.0 10144.0 4343.0 5801.0 0.0 78.7901
12:55:00 196.0 19063.0 78.88 78.84 78.845 78.795 78.83 4600.0 78.84 928.0 19063.0 12622.0 6441.0 0.0 78.8255
12:56:00 192.0 15164.0 78.88 78.885 78.895 78.83 78.88 2075.0 78.89 3200.0 15164.0 6478.0 8686.0 0.0 78.8696
12:57:00 227.0 21105.0 78.88 78.91 78.945 78.88 78.91 783.0 78.92 7012.0 21105.0 6460.0 14645.0 0.0 78.9193
12:58:00 201.0 15467.0 78.88 78.87 78.91 78.86 78.87 501.0 78.88 4480.0 15467.0 5433.0 10034.0 0.0 78.8801
12:59:00 55.0 3358.0 78.88 78.865 78.88 78.86 78.86 3800.0 78.87 2800.0 3358.0 1166.0 2192.0 0.0 78.8713
13:00:00 106.0 8850.0 78.88 78.84 78.86 78.83 78.84 200.0 78.85 5000.0 8850.0 2558.0 6292.0 0.0 78.8499
13:01:00 63.0 4166.0 78.88 78.82 78.85 78.82 78.82 1211.0 78.83 3500.0 4166.0 1808.0 2358.0 0.0 78.8358
13:02:00 94.0 6351.0 78.88 78.88 78.88 78.83 78.88 3200.0 78.89 3700.0 6351.0 4696.0 1655.0 0.0 78.8607
13:03:00 69.0 3761.0 78.88 78.88 78.885 78.86 78.88 1002.0 78.89 6150.0 3761.0 1244.0 2517.0 0.0 78.872
13:04:00 94.0 7127.0 78.88 78.91 78.91 78.88 78.9 3801.0 78.91 3200.0 7127.0 4463.0 2664.0 0.0 78.8934
13:05:00 109.0 7609.0 78.88 78.9 78.91 78.885 78.9 3707.0 78.91 3400.0 7609.0 3693.0 3916.0 0.0 78.9009
13:06:00 108.0 7890.0 78.88 78.9 78.915 78.89 78.89 3708.0 78.9 2120.0 7890.0 1122.0 6768.0 0.0 78.8997
13:07:00 122.0 9365.0 78.88 78.94 78.94 78.88 78.93 2100.0 78.94 4100.0 9365.0 4815.0 4550.0 0.0 78.9173
13:08:00 141.0 8987.0 78.88 78.925 78.95 78.91 78.92 1706.0 78.93 3101.0 8987.0 5468.0 3519.0 0.0 78.9401
13:09:00 86.0 4731.0 78.88 78.92 78.95 78.92 78.92 1820.0 78.93 4405.0 4731.0 940.0 3791.0 0.0 78.932
13:10:00 116.0 10945.0 78.88 78.89 78.945 78.89 78.89 1100.0 78.9 4401.0 10945.0 3839.0 7106.0 0.0 78.9176
13:11:00 110.0 10475.0 78.88 78.92 78.94 78.89 78.91 4030.0 78.92 4316.0 10475.0 4798.0 5677.0 0.0 78.9287
13:12:00 78.0 5506.0 78.88 78.915 78.925 78.9 78.91 2505.0 78.92 4300.0 5506.0 1483.0 4023.0 0.0 78.9107
13:13:00 135.0 16444.0 78.88 78.91 78.915 78.89 78.9 6716.0 78.91 1502.0 16444.0 8090.0 8354.0 0.0 78.9076
13:14:00 240.0 26140.0 78.88 78.86 78.925 78.86 78.87 3295.0 78.88 2401.0 26140.0 11098.0 15042.0 0.0 78.8975
13:15:00 83.0 6294.0 78.88 78.9 78.905 78.87 78.89 3549.0 78.9 2400.0 6294.0 2461.0 3833.0 0.0 78.8879
13:16:00 78.0 6239.0 78.88 78.93 78.94 78.89 78.93 1000.0 78.94 6017.0 6239.0 3530.0 2709.0 0.0 78.9163
13:17:00 145.0 10604.0 78.88 78.91 78.95 78.91 78.9 3208.0 78.91 3600.0 10604.0 4458.0 6146.0 0.0 78.9352
13:18:00 124.0 7740.0 78.88 78.88 78.91 78.87 78.88 4750.0 78.89 2180.0 7740.0 3119.0 4621.0 0.0 78.8896
13:19:00 68.0 4184.0 78.88 78.875 78.89 78.87 78.87 1404.0 78.88 3610.0 4184.0 965.0 3219.0 0.0 78.8766
13:20:00 85.0 4908.0 78.88 78.86 78.88 78.845 78.86 4500.0 78.87 200.0 4908.0 2089.0 2819.0 0.0 78.8581
13:21:00 102.0 7170.0 78.88 78.89 78.9 78.87 78.88 1572.0 78.89 3900.0 7170.0 1813.0 5357.0 0.0 78.8852
13:22:00 70.0 4442.0 78.88 78.87 78.9 78.87 78.86 2129.0 78.87 4929.0 4442.0 788.0 3654.0 0.0 78.8785
13:23:00 67.0 5212.0 78.88 78.86 78.88 78.86 78.86 1724.0 78.87 5701.0 5212.0 1600.0 3612.0 0.0 78.8671
13:24:00 373.0 31401.0 78.88 78.87 78.88 78.85 78.86 5229.0 78.87 2700.0 31401.0 18132.0 13269.0 0.0 78.8637
13:25:00 183.0 17038.0 78.88 78.86 78.9 78.84 78.85 3386.0 78.86 4171.0 17038.0 7369.0 9669.0 0.0 78.8666
13:26:00 152.0 10391.0 78.88 78.855 78.89 78.825 78.85 2700.0 78.86 3700.0 10391.0 4311.0 6080.0 0.0 78.8609
13:27:00 183.0 13028.0 78.88 78.81 78.85 78.805 78.81 1300.0 78.82 4000.0 13028.0 3306.0 9722.0 0.0 78.8307
13:28:00 267.0 21218.0 78.88 78.83 78.875 78.81 78.82 3008.0 78.83 3200.0 21218.0 9294.0 11924.0 0.0 78.843
13:29:00 197.0 16702.0 78.88 78.8 78.85 78.8 78.79 4014.0 78.8 1800.0 16702.0 3836.0 12866.0 0.0 78.8171
13:30:00 193.0 16288.0 78.88 78.75 78.795 78.745 78.75 1008.0 78.76 4663.0 16288.0 3306.0 12982.0 0.0 78.7663
13:31:00 68.0 4288.0 78.88 78.765 78.77 78.75 78.76 2435.0 78.77 3117.0 4288.0 3087.0 1201.0 0.0 78.7634
13:32:00 236.0 16846.0 78.88 78.84 78.85 78.76 78.84 1413.0 78.85 3990.0 16846.0 11865.0 4981.0 0.0 78.783
13:33:00 234.0 16596.0 78.88 78.87 78.88 78.815 78.86 4300.0 78.87 1906.0 16596.0 8494.0 8102.0 0.0 78.848
13:34:00 105.0 7404.0 78.88 78.9 78.9 78.865 78.89 4387.0 78.9 1800.0 7404.0 5107.0 2297.0 0.0 78.8795
13:35:00 154.0 7879.0 78.88 78.9 78.91 78.89 78.89 5228.0 78.9 500.0 7879.0 2705.0 5174.0 0.0 78.9004
13:36:00 208.0 18949.0 78.88 78.96 78.96 78.885 78.95 5007.0 78.96 300.0 18949.0 13650.0 5299.0 0.0 78.9193
13:37:00 179.0 11668.0 78.88 78.965 79.0 78.95 78.96 2732.0 78.97 2810.0 11668.0 6696.0 4972.0 0.0 78.9743
13:38:00 217.0 17527.0 78.88 78.96 78.98 78.93 78.95 3901.0 78.96 2500.0 17527.0 8816.0 8711.0 0.0 78.9514
13:39:00 135.0 9107.0 78.88 78.94 78.96 78.94 78.93 3579.0 78.94 1200.0 9107.0 2569.0 6538.0 0.0 78.9449
13:40:00 125.0 9860.0 78.88 78.91 78.94 78.9 78.9 1886.0 78.91 4522.0 9860.0 2576.0 7284.0 0.0 78.9153
13:41:00 232.0 16629.0 78.88 78.88 78.91 78.86 78.87 400.0 78.88 5259.0 16629.0 9462.0 7167.0 0.0 78.886
13:42:00 93.0 5795.0 78.88 78.82 78.87 78.82 78.82 1584.0 78.83 3715.0 5795.0 2910.0 2885.0 0.0 78.8445
13:43:00 176.0 13187.0 78.88 78.82 78.845 78.82 78.82 5144.0 78.83 4500.0 13187.0 7774.0 5413.0 0.0 78.8313
13:44:00 92.0 8520.0 78.88 78.82 78.82 78.79 78.82 2222.0 78.83 3900.0 8520.0 4339.0 4181.0 0.0 78.8079
13:45:00 115.0 9081.0 78.88 78.83 78.84 78.81 78.82 2443.0 78.83 4537.0 9081.0 6314.0 2767.0 0.0 78.8257
13:46:00 72.0 4497.0 78.88 78.785 78.82 78.78 78.78 4203.0 78.79 4559.0 4497.0 1404.0 3093.0 0.0 78.8
13:47:00 329.0 30537.0 78.88 78.84 78.85 78.79 78.84 3243.0 78.85 3194.0 30537.0 20195.0 10342.0 0.0 78.815
13:48:00 109.0 6359.0 78.88 78.81 78.845 78.81 78.8 1350.0 78.81 5023.0 6359.0 1099.0 5260.0 0.0 78.8274
13:49:00 122.0 7370.0 78.88 78.795 78.82 78.79 78.79 3100.0 78.8 3718.0 7370.0 2696.0 4674.0 0.0 78.7994
13:50:00 118.0 9860.0 78.88 78.8 78.815 78.8 78.8 3912.0 78.81 4324.0 9860.0 4175.0 5685.0 0.0 78.805
13:51:00 113.0 6175.0 78.88 78.8 78.805 78.785 78.79 7412.0 78.8 740.0 6175.0 2134.0 4041.0 0.0 78.7964
13:52:00 124.0 10606.0 78.88 78.83 78.84 78.8 78.82 3014.0 78.83 5400.0 10606.0 5904.0 4702.0 0.0 78.8242
13:53:00 146.0 10710.0 78.88 78.82 78.84 78.82 78.82 1018.0 78.83 5960.0 10710.0 6376.0 4334.0 0.0 78.8248
13:54:00 105.0 5359.0 78.88 78.79 78.82 78.79 78.78 4629.0 78.79 4252.0 5359.0 1431.0 3928.0 0.0 78.8056
13:55:00 122.0 6942.0 78.88 78.805 78.81 78.79 78.8 3309.0 78.81 3760.0 6942.0 3027.0 3915.0 0.0 78.8031
13:56:00 133.0 9663.0 78.88 78.81 78.815 78.78 78.8 4827.0 78.81 429.0 9663.0 4467.0 5196.0 0.0 78.7885
13:57:00 135.0 12268.0 78.88 78.74 78.805 78.74 78.74 1206.0 78.75 4224.0 12268.0 1785.0 10483.0 0.0 78.7648
13:58:00 76.0 3086.0 78.88 78.75 78.755 78.74 78.74 6479.0 78.75 934.0 3086.0 2250.0 836.0 0.0 78.75
13:59:00 122.0 11253.0 78.88 78.72 78.75 78.71 78.71 4114.0 78.72 2623.0 11253.0 2060.0 9193.0 0.0 78.727
14:00:00 333.0 24785.0 78.88 78.78 78.83 78.695 78.77 1180.0 78.79 1155.0 24785.0 12472.0 12313.0 0.0 78.7406
14:01:00 695.0 64204.0 78.88 78.85 78.93 78.79 78.84 780.0 78.85 1006.0 64204.0 35976.0 28228.0 0.0 78.8689
14:02:00 482.0 39686.0 78.88 78.78 78.87 78.75 78.77 2042.0 78.79 2600.0 39686.0 16527.0 23159.0 0.0 78.815
14:03:00 947.0 76196.0 78.88 78.68 78.84 78.6 78.67 706.0 78.68 2600.0 76196.0 38722.0 37474.0 0.0 78.6835
14:04:00 417.0 39289.0 78.88 78.79 78.82 78.65 78.78 100.0 78.79 2500.0 39289.0 23297.0 15992.0 0.0 78.7471
14:05:00 399.0 34394.0 78.88 78.85 78.87 78.79 78.84 3200.0 78.86 1900.0 34394.0 18258.0 16136.0 0.0 78.8281
14:06:00 314.0 26811.0 78.88 78.86 78.9 78.775 78.85 1900.0 78.86 200.0 26811.0 14049.0 12762.0 0.0 78.8431
14:07:00 305.0 23057.0 78.88 78.91 78.97 78.82 78.91 699.0 78.92 1863.0 23057.0 13202.0 9855.0 0.0 78.8936
14:08:00 453.0 46255.0 78.88 79.02 79.03 78.92 79.02 1600.0 79.03 300.0 46255.0 31334.0 14921.0 0.0 78.9957
14:09:00 409.0 34567.0 78.88 79.04 79.08 78.98 79.04 3000.0 79.05 100.0 34567.0 19245.0 15322.0 0.0 79.0431
14:10:00 300.0 26018.0 78.88 79.03 79.07 79.01 79.03 100.0 79.04 2540.0 26018.0 10938.0 15080.0 0.0 79.0432
14:11:00 414.0 37611.0 78.88 78.98 79.05 78.95 78.97 2884.0 78.98 600.0 37611.0 14381.0 23230.0 0.0 78.9982
14:12:00 212.0 17172.0 78.88 79.02 79.04 78.945 79.01 2000.0 79.02 900.0 17172.0 7100.0 10072.0 0.0 78.9941
14:13:00 564.0 47101.0 78.88 78.95 79.04 78.94 78.95 930.0 78.96 1600.0 47101.0 18226.0 28875.0 0.0 78.9892
14:14:00 319.0 28722.0 78.88 78.96 79.0 78.93 78.95 2400.0 78.96 900.0 28722.0 14063.0 14659.0 0.0 78.9628
14:15:00 356.0 32078.0 78.88 78.89 78.95 78.88 78.89 1086.0 78.9 1400.0 32078.0 11523.0 20555.0 0.0 78.9158
14:16:00 480.0 35267.0 78.88 79.01 79.01 78.91 79.01 1701.0 79.02 1801.0 35267.0 22473.0 12794.0 0.0 78.9746
14:17:00 363.0 29403.0 78.88 78.97 79.04 78.97 78.97 3001.0 78.98 500.0 29403.0 12906.0 16497.0 0.0 79.0004
14:18:00 336.0 28455.0 78.88 79.08 79.09 78.95 79.08 400.0 79.09 2103.0 28455.0 17862.0 10593.0 0.0 79.0267
14:19:00 406.0 29207.0 78.88 79.14 79.17 79.09 79.13 3100.0 79.14 400.0 29207.0 15497.0 13710.0 0.0 79.1313
14:20:00 362.0 31094.0 78.88 79.2 79.24 79.13 79.19 3100.0 79.2 500.0 31094.0 21547.0 9547.0 0.0 79.19
14:21:00 236.0 21117.0 78.88 79.24 79.25 79.17 79.24 1600.0 79.25 4597.0 21117.0 12982.0 8135.0 0.0 79.2089
14:22:00 747.0 78590.0 78.88 79.34 79.36 79.21 79.34 25.0 79.34 200.0 78590.0 56116.0 22474.0 0.0 79.292
14:23:00 433.0 36364.0 78.88 79.33 79.4 79.31 79.33 301.0 79.34 3626.0 36364.0 17111.0 19253.0 0.0 79.3488
14:24:00 281.0 19361.0 78.88 79.32 79.34 79.29 79.31 4948.0 79.32 623.0 19361.0 10836.0 8525.0 0.0 79.3151
14:25:00 246.0 20060.0 78.88 79.33 79.34 79.295 79.33 1000.0 79.34 1943.0 20060.0 9785.0 10275.0 0.0 79.3119
14:26:00 235.0 16854.0 78.88 79.3 79.34 79.27 79.3 2500.0 79.31 2300.0 16854.0 9382.0 7472.0 0.0 79.293
14:27:00 194.0 11288.0 78.88 79.32 79.32 79.29 79.32 700.0 79.33 3314.0 11288.0 4844.0 6444.0 0.0 79.3029
14:28:00 225.0 18432.0 78.88 79.28 79.34 79.28 79.27 1400.0 79.28 3000.0 18432.0 7778.0 10654.0 0.0 79.3127
14:29:00 309.0 24161.0 78.88 79.3 79.31 79.27 79.3 1301.0 79.31 3217.0 24161.0 11181.0 12980.0 0.0 79.2895
14:30:00 224.0 18347.0 78.88 79.34 79.35 79.29 79.34 101.0 79.35 5706.0 18347.0 11681.0 6666.0 0.0 79.3237
14:31:00 376.0 31120.0 78.88 79.38 79.38 79.32 79.37 4300.0 79.38 1723.0 31120.0 17128.0 13992.0 0.0 79.3609
14:32:00 234.0 17110.0 78.88 79.37 79.395 79.36 79.36 2313.0 79.37 2175.0 17110.0 9075.0 8035.0 0.0 79.3789
14:33:00 129.0 10321.0 78.88 79.35 79.39 79.35 79.35 208.0 79.36 5728.0 10321.0 4456.0 5865.0 0.0 79.3715
14:34:00 338.0 27916.0 78.88 79.3 79.36 79.29 79.29 3276.0 79.3 900.0 27916.0 8629.0 19287.0 0.0 79.3283
14:35:00 382.0 30174.0 78.88 79.27 79.33 79.27 79.27 5108.0 79.28 1400.0 30174.0 21072.0 9102.0 0.0 79.3075
14:36:00 110.0 11232.0 78.88 79.29 79.31 79.27 79.29 3946.0 79.3 700.0 11232.0 4493.0 6739.0 0.0 79.2898
14:37:00 238.0 19124.0 78.88 79.24 79.31 79.23 79.24 3900.0 79.25 3405.0 19124.0 7730.0 11394.0 0.0 79.272
14:38:00 215.0 17576.0 78.88 79.24 79.28 79.23 79.24 1200.0 79.25 3159.0 17576.0 5439.0 12137.0 0.0 79.259
14:39:00 212.0 22302.0 78.88 79.205 79.27 79.205 79.2 2510.0 79.21 2101.0 22302.0 13452.0 8850.0 0.0 79.2496
14:40:00 320.0 25567.0 78.88 79.28 79.28 79.21 79.28 5400.0 79.29 375.0 25567.0 13651.0 11916.0 0.0 79.2433
14:41:00 233.0 19623.0 78.88 79.245 79.31 79.23 79.23 3944.0 79.24 1510.0 19623.0 6469.0 13154.0 0.0 79.2563
14:42:00 224.0 20139.0 78.88 79.18 79.235 79.17 79.18 700.0 79.18 5.0 20139.0 8373.0 11766.0 0.0 79.1991
14:43:00 417.0 37089.0 78.88 79.15 79.185 79.14 79.15 1691.0 79.16 4401.0 37089.0 12622.0 24467.0 0.0 79.1678
14:44:00 212.0 15393.0 78.88 79.19 79.21 79.15 79.19 1700.0 79.2 3310.0 15393.0 7541.0 7852.0 0.0 79.1856
14:45:00 102.0 7302.0 78.88 79.2 79.225 79.18 79.2 1000.0 79.21 5200.0 7302.0 2973.0 4329.0 0.0 79.1994
14:46:00 213.0 15897.0 78.88 79.21 79.24 79.19 79.2 3841.0 79.21 1319.0 15897.0 8090.0 7807.0 0.0 79.2146
14:47:00 104.0 7794.0 78.88 79.23 79.24 79.2 79.23 1350.0 79.24 4202.0 7794.0 4279.0 3515.0 0.0 79.2266
14:48:00 302.0 22284.0 78.88 79.19 79.24 79.18 79.18 4210.0 79.19 2011.0 22284.0 8207.0 14077.0 0.0 79.213
14:49:00 202.0 14871.0 78.88 79.18 79.19 79.16 79.17 701.0 79.18 6000.0 14871.0 6738.0 8133.0 0.0 79.1739
14:50:00 221.0 23099.0 78.88 79.17 79.19 79.16 79.16 4900.0 79.17 1000.0 23099.0 9689.0 13410.0 0.0 79.175
14:51:00 145.0 12553.0 78.88 79.18 79.19 79.16 79.18 605.0 79.19 4500.0 12553.0 4712.0 7841.0 0.0 79.1756
14:52:00 123.0 9373.0 78.88 79.18 79.19 79.15 79.18 1706.0 79.19 3817.0 9373.0 5439.0 3934.0 0.0 79.1731
14:53:00 180.0 13947.0 78.88 79.19 79.19 79.16 79.18 2650.0 79.19 3570.0 13947.0 7449.0 6498.0 0.0 79.1751
14:54:00 243.0 19988.0 78.88 79.165 79.2 79.16 79.16 7120.0 79.17 509.0 19988.0 9200.0 10788.0 0.0 79.1829
14:55:00 303.0 24076.0 78.88 79.14 79.16 79.115 79.14 1615.0 79.15 5208.0 24076.0 9181.0 14895.0 0.0 79.1374
14:56:00 604.0 53570.0 78.88 79.05 79.14 79.04 79.05 1401.0 79.06 4210.0 53570.0 22494.0 31076.0 0.0 79.0855
14:57:00 517.0 48376.0 78.88 79.07 79.1 79.045 79.06 5098.0 79.07 1151.0 48376.0 26040.0 22336.0 0.0 79.0686
14:58:00 337.0 28000.0 78.88 79.06 79.08 79.02 79.05 4212.0 79.06 3087.0 28000.0 12923.0 15077.0 0.0 79.0547
14:59:00 256.0 21316.0 78.88 79.05 79.09 79.04 79.04 4700.0 79.05 1500.0 21316.0 10197.0 11119.0 0.0 79.0677
15:00:00 323.0 27234.0 78.88 79.04 79.085 79.03 79.04 700.0 79.05 4700.0 27234.0 13053.0 14181.0 0.0 79.0572
15:01:00 708.0 65053.0 78.88 78.975 79.07 78.96 78.96 3836.0 78.97 2756.0 65053.0 22039.0 43014.0 0.0 79.031
15:02:00 449.0 38913.0 78.88 78.88 79.0 78.86 78.87 1200.0 78.88 3430.0 38913.0 19216.0 19697.0 0.0 78.943
15:03:00 524.0 41091.0 78.88 78.85 78.9 78.845 78.85 600.0 78.86 3623.0 41091.0 21623.0 19468.0 0.0 78.8835
15:04:00 565.0 46142.0 78.88 78.77 78.855 78.77 78.77 1254.0 78.78 3908.0 46142.0 21940.0 24202.0 0.0 78.8234
15:05:00 608.0 49263.0 78.88 78.84 78.86 78.78 78.84 5018.0 78.85 400.0 49263.0 29037.0 20226.0 0.0 78.8133
15:06:00 241.0 20157.0 78.88 78.94 78.95 78.85 78.94 700.0 78.95 3272.0 20157.0 13852.0 6305.0 0.0 78.9127
15:07:00 215.0 18594.0 78.88 78.95 78.99 78.94 78.94 2110.0 78.95 2010.0 18594.0 9204.0 9390.0 0.0 78.9657
15:08:00 170.0 12032.0 78.88 78.92 78.94 78.9 78.92 610.0 78.93 3600.0 12032.0 5684.0 6348.0 0.0 78.9226
15:09:00 115.0 11132.0 78.88 78.92 78.93 78.89 78.92 2800.0 78.93 2000.0 11132.0 3953.0 7179.0 0.0 78.918
15:10:00 118.0 9477.0 78.88 78.94 78.94 78.9 78.93 950.0 78.94 6522.0 9477.0 1962.0 7515.0 0.0 78.9134
15:11:00 282.0 24330.0 78.88 78.84 78.93 78.83 78.83 3200.0 78.84 1900.0 24330.0 7622.0 16708.0 0.0 78.8752
15:12:00 209.0 16676.0 78.88 78.8 78.85 78.8 78.8 2272.0 78.81 3057.0 16676.0 8745.0 7931.0 0.0 78.8257
15:13:00 309.0 24863.0 78.88 78.8 78.835 78.78 78.79 427.0 78.8 4904.0 24863.0 12702.0 12161.0 0.0 78.8129
15:14:00 357.0 31832.0 78.88 78.74 78.8 78.72 78.74 4400.0 78.75 800.0 31832.0 13474.0 18358.0 0.0 78.7599
15:15:00 394.0 30508.0 78.88 78.65 78.76 78.65 78.65 1973.0 78.66 2779.0 30508.0 15048.0 15460.0 0.0 78.6912
15:16:00 399.0 34520.0 78.88 78.71 78.715 78.635 78.71 1799.0 78.72 3447.0 34520.0 16637.0 17883.0 0.0 78.6672
15:17:00 256.0 20081.0 78.88 78.7 78.72 78.66 78.69 808.0 78.7 4302.0 20081.0 8923.0 11158.0 0.0 78.6879
15:18:00 218.0 16926.0 78.88 78.66 78.715 78.65 78.65 2857.0 78.66 3410.0 16926.0 6884.0 10042.0 0.0 78.6828
15:19:00 203.0 19128.0 78.88 78.65 78.68 78.63 78.64 3504.0 78.65 2252.0 19128.0 11560.0 7568.0 0.0 78.6619
15:20:00 293.0 26108.0 78.88 78.65 78.68 78.64 78.65 1601.0 78.66 4615.0 26108.0 9674.0 16434.0 0.0 78.6559
15:21:00 307.0 25157.0 78.88 78.54 78.67 78.53 78.53 2923.0 78.54 2500.0 25157.0 7348.0 17809.0 0.0 78.6051
15:22:00 1005.0 95605.0 78.88 78.47 78.55 78.425 78.47 2029.0 78.48 2638.0 95605.0 47345.0 48260.0 0.0 78.483
15:23:00 1021.0 98821.0 78.88 78.34 78.51 78.33 78.32 3719.0 78.33 400.0 98821.0 37387.0 61434.0 0.0 78.4325
15:24:00 443.0 38992.0 78.88 78.32 78.35 78.26 78.32 700.0 78.33 3801.0 38992.0 23197.0 15795.0 0.0 78.3136
15:25:00 436.0 37141.0 78.88 78.33 78.36 78.28 78.32 604.0 78.33 4225.0 37141.0 23194.0 13947.0 0.0 78.3239
15:26:00 402.0 37168.0 78.88 78.27 78.39 78.26 78.26 3600.0 78.27 338.0 37168.0 11456.0 25712.0 0.0 78.3105
15:27:00 318.0 25210.0 78.88 78.22 78.29 78.22 78.22 505.0 78.23 4433.0 25210.0 10585.0 14625.0 0.0 78.2458
15:28:00 420.0 34883.0 78.88 78.28 78.28 78.17 78.27 3600.0 78.28 300.0 34883.0 16789.0 18094.0 0.0 78.2026
15:29:00 411.0 34920.0 78.88 78.23 78.3 78.22 78.23 4600.0 78.24 586.0 34920.0 15461.0 19459.0 0.0 78.2589
15:30:00 361.0 33558.0 78.88 78.23 78.29 78.21 78.22 1457.0 78.23 3090.0 33558.0 15871.0 17687.0 0.0 78.2408
15:31:00 514.0 43449.0 78.88 78.08 78.22 78.08 78.08 950.0 78.09 4603.0 43449.0 18961.0 24488.0 0.0 78.1437
15:32:00 432.0 38200.0 78.88 78.21 78.21 78.07 78.2 3745.0 78.21 900.0 38200.0 21355.0 16845.0 0.0 78.1551
15:33:00 421.0 32205.0 78.88 78.12 78.21 78.08 78.11 738.0 78.12 4000.0 32205.0 16902.0 15303.0 0.0 78.1191
15:34:00 378.0 31091.0 78.88 78.12 78.19 78.1 78.12 2100.0 78.13 3200.0 31091.0 14442.0 16649.0 0.0 78.144
15:35:00 365.0 29168.0 78.88 78.1 78.12 78.05 78.1 2019.0 78.11 3700.0 29168.0 15403.0 13765.0 0.0 78.079
15:36:00 408.0 35530.0 78.88 78.15 78.15 78.1 78.15 1900.0 78.16 4003.0 35530.0 18532.0 16998.0 0.0 78.1363
15:37:00 507.0 45785.0 78.88 78.3 78.31 78.12 78.29 3658.0 78.3 1300.0 45785.0 23073.0 22712.0 0.0 78.2084
15:38:00 505.0 48101.0 78.88 78.29 78.32 78.22 78.28 3153.0 78.29 2501.0 48101.0 22425.0 25676.0 0.0 78.2698
15:39:00 296.0 24770.0 78.88 78.33 78.34 78.29 78.33 610.0 78.34 6503.0 24770.0 13159.0 11611.0 0.0 78.3063
15:40:00 339.0 26920.0 78.88 78.35 78.36 78.29 78.34 1601.0 78.35 3200.0 26920.0 11384.0 15536.0 0.0 78.3254
15:41:00 509.0 39581.0 78.88 78.36 78.38 78.31 78.36 3313.0 78.37 1711.0 39581.0 23759.0 15822.0 0.0 78.3427
15:42:00 563.0 49791.0 78.88 78.42 78.42 78.3 78.41 5274.0 78.42 303.0 49791.0 27077.0 22714.0 0.0 78.358
15:43:00 423.0 33898.0 78.88 78.45 78.505 78.42 78.45 3828.0 78.46 2200.0 33898.0 16766.0 17132.0 0.0 78.4659
15:44:00 302.0 29413.0 78.88 78.45 78.5 78.445 78.45 1179.0 78.46 5310.0 29413.0 11652.0 17761.0 0.0 78.4718
15:45:00 293.0 29438.0 78.88 78.425 78.47 78.415 78.42 5300.0 78.43 2189.0 29438.0 8911.0 20527.0 0.0 78.4391
15:46:00 541.0 47861.0 78.88 78.45 78.52 78.41 78.44 1995.0 78.45 4209.0 47861.0 25479.0 22382.0 0.0 78.4554
15:47:00 368.0 36483.0 78.88 78.46 78.48 78.395 78.45 8601.0 78.46 302.0 36483.0 17194.0 19289.0 0.0 78.4487
15:48:00 357.0 28549.0 78.88 78.45 78.479 78.43 78.44 5653.0 78.45 3512.0 28549.0 13347.0 15202.0 0.0 78.451
15:49:00 317.0 30941.0 78.88 78.5 78.515 78.42 78.49 5115.0 78.5 4996.0 30941.0 18275.0 12666.0 0.0 78.4596
15:50:00 285.0 25564.0 78.88 78.53 78.555 78.47 78.52 914.0 78.53 1629.0 25564.0 12457.0 13107.0 0.0 78.5185
15:51:00 841.0 85537.0 78.88 78.48 78.64 78.48 78.47 1670.0 78.48 4100.0 85537.0 40785.0 44752.0 0.0 78.5841
15:52:00 474.0 47976.0 78.88 78.475 78.54 78.475 78.48 1707.0 78.49 7771.0 47976.0 21443.0 26533.0 0.0 78.4996
15:53:00 381.0 31028.0 78.88 78.505 78.54 78.475 78.5 4677.0 78.51 3402.0 31028.0 14045.0 16983.0 0.0 78.5101
15:54:00 390.0 38354.0 78.88 78.51 78.57 78.5 78.51 2261.0 78.52 8266.0 38354.0 21544.0 16810.0 0.0 78.5324
15:55:00 556.0 54572.0 78.88 78.48 78.515 78.455 78.47 2910.0 78.48 3715.0 54572.0 27885.0 26687.0 0.0 78.4886
15:56:00 961.0 100112.0 78.88 78.4 78.47 78.35 78.4 2458.0 78.41 3614.0 100112.0 56189.0 43923.0 0.0 78.3993
15:57:00 911.0 107306.0 78.88 78.4 78.41 78.38 78.39 2993.0 78.4 7500.0 107306.0 61133.0 46173.0 0.0 78.3927
15:58:00 649.0 70366.0 78.88 78.39 78.4 78.35 78.38 13289.0 78.39 4144.0 70366.0 45405.0 24961.0 0.0 78.3738
15:59:00 698.0 83558.0 78.88 78.435 78.45 78.38 78.43 5052.0 78.44 4461.0 83558.0 47011.0 36547.0 0.0 78.4196
16:00:00 3127.0 384991.0 78.88 78.36 78.46 78.305 78.36 38762.0 78.37 7867.0 384991.0 235103.0 149888.0 0.0 78.3616
16:01:00 8.0 1978.0 78.88 78.37 78.41 78.37 78.37 1177.0 78.37 5890.0 1978.0 1977.0 1.0 0.0 78.37
16:02:00 4.0 40.0 78.88 78.04 78.36 78.04 78.37 1177.0 78.37 5890.0 40.0 0.0 40.0 0.0 78.36
16:03:00 3.0 200.0 78.88 78.37 78.5 78.35 78.37 900.0 78.37 5890.0 200.0 0.0 200.0 0.0 78.435
16:04:00 23.0 3061.0 78.88 78.4 78.4 78.345 78.35 55221.0 78.37 5890.0 3061.0 2361.0 700.0 0.0 78.37
16:05:00 0.0 0.0 78.88 78.4 nan nan 78.35 55221.0 78.37 5890.0 nan 0.0 0.0 0.0 nan
16:06:00 0.0 0.0 78.88 78.4 nan nan 78.35 55220.0 78.35 9.0 nan 0.0 0.0 0.0 nan
16:07:00 3.0 30.0 78.88 78.29 78.29 78.23 78.35 55220.0 78.35 3107.0 30.0 0.0 30.0 0.0 78.29
16:08:00 0.0 0.0 78.88 78.29 nan nan 78.35 55220.0 78.34 30.0 nan 0.0 0.0 0.0 nan
16:09:00 3.0 14.0 78.88 78.22 78.23 78.16 78.35 55220.0 78.34 31.0 14.0 0.0 14.0 0.0 78.2271
16:10:00 0.0 0.0 78.88 78.22 nan nan 78.35 55220.0 78.33 30.0 nan 0.0 0.0 0.0 nan
16:11:00 1.0 0.0 78.88 78.34 78.34 78.34 78.35 55220.0 78.32 30.0 nan 0.0 0.0 0.0 nan
16:12:00 2.0 19.0 78.88 78.24 78.25 78.24 78.35 55220.0 78.32 4.0 19.0 0.0 19.0 0.0 78.2405
16:13:00 1.0 0.0 78.88 78.24 78.24 78.24 78.35 55220.0 78.34 1.0 nan 0.0 0.0 0.0 nan
16:14:00 0.0 0.0 78.88 78.24 nan nan 78.35 55220.0 78.26 34.0 nan 0.0 0.0 0.0 nan
16:15:00 1.0 1.0 78.88 78.26 78.26 78.26 78.35 55220.0 78.26 33.0 1.0 1.0 0.0 0.0 78.26
16:16:00 2.0 15.0 78.88 78.26 78.26 78.26 78.35 55220.0 78.26 18.0 15.0 15.0 0.0 0.0 78.26
16:17:00 1.0 0.0 78.88 78.25 78.25 78.25 78.35 55220.0 78.26 18.0 nan 0.0 0.0 0.0 nan
16:18:00 0.0 0.0 78.88 78.25 nan nan 78.35 55220.0 78.25 43.0 nan 0.0 0.0 0.0 nan
16:19:00 0.0 0.0 78.88 78.25 nan nan 78.35 55220.0 78.25 43.0 nan 0.0 0.0 0.0 nan
16:20:00 4.0 45.0 78.88 78.25 78.25 78.23 78.35 55220.0 78.34 1.0 45.0 43.0 2.0 0.0 78.2491
16:21:00 0.0 0.0 78.88 78.25 nan nan 78.35 55220.0 78.34 1.0 nan 0.0 0.0 0.0 nan
16:22:00 1.0 0.0 78.88 78.27 78.27 78.27 78.35 55220.0 78.34 399.0 nan 0.0 0.0 0.0 nan
16:23:00 10.0 251.0 78.88 78.31 78.31 78.2 78.35 55220.0 78.34 301.0 251.0 251.0 0.0 0.0 78.2264
16:24:00 0.0 0.0 78.88 78.31 nan nan 78.35 55220.0 78.31 15.0 nan 0.0 0.0 0.0 nan
16:25:00 1.0 0.0 78.88 78.21 78.21 78.21 78.35 55220.0 78.31 15.0 nan 0.0 0.0 0.0 nan
16:26:00 1.0 0.0 78.88 78.21 78.21 78.21 78.35 55220.0 78.31 15.0 nan 0.0 0.0 0.0 nan
16:27:00 0.0 0.0 78.88 78.21 nan nan 78.35 55220.0 78.31 15.0 nan 0.0 0.0 0.0 nan
16:28:00 5.0 737.0 78.88 78.18 78.21 78.18 78.35 55220.0 78.19 168.0 737.0 32.0 705.0 0.0 78.1901
16:29:00 10.0 368.0 78.88 78.19 78.19 78.18 78.35 55220.0 78.19 100.0 368.0 368.0 0.0 0.0 78.19
16:30:00 11.0 600.0 78.88 78.19 78.19 78.19 78.35 55220.0 78.19 4100.0 600.0 600.0 0.0 0.0 78.19
16:31:00 7.0 134.0 78.88 78.15 78.19 78.03 78.35 55220.0 78.19 4199.0 134.0 1.0 133.0 0.0 78.1487
16:32:00 1.0 0.0 78.88 78.17 78.17 78.17 78.35 55220.0 78.19 4100.0 nan 0.0 0.0 0.0 nan
16:33:00 0.0 0.0 78.88 78.17 nan nan 78.35 55220.0 78.19 4100.0 nan 0.0 0.0 0.0 nan
16:34:00 2.0 2.0 78.88 78.19 78.19 78.18 78.35 55220.0 78.18 41.0 2.0 2.0 0.0 0.0 78.19
16:35:00 7.0 1250.0 78.88 78.19 78.19 78.17 78.35 55220.0 78.19 2898.0 1250.0 1211.0 39.0 0.0 78.1895
16:36:00 21.0 1236.0 78.88 78.15 78.19 78.14 78.35 55220.0 78.15 100.0 1236.0 407.0 829.0 0.0 78.1544
16:37:00 8.0 605.0 78.88 78.15 78.15 78.15 78.35 55220.0 78.15 195.0 605.0 605.0 0.0 0.0 78.15
16:38:00 2.0 26.0 78.88 78.15 78.15 78.15 78.35 55220.0 78.15 169.0 26.0 26.0 0.0 0.0 78.15
16:39:00 0.0 0.0 78.88 78.15 nan nan 78.35 55220.0 78.15 169.0 nan 0.0 0.0 0.0 nan
16:40:00 1.0 0.0 78.88 78.14 78.14 78.14 78.35 55220.0 78.15 169.0 nan 0.0 0.0 0.0 nan
16:41:00 18.0 675.0 78.88 78.15 78.15 78.14 78.35 55220.0 78.15 100.0 675.0 675.0 0.0 0.0 78.1499
16:42:00 9.0 377.0 78.88 78.15 78.15 78.14 78.35 55220.0 78.15 100.0 377.0 300.0 77.0 0.0 78.148
16:43:00 8.0 400.0 78.88 78.15 78.15 78.15 78.35 55220.0 78.15 100.0 400.0 400.0 0.0 0.0 78.15
16:44:00 4.0 200.0 78.88 78.15 78.15 78.15 78.35 55220.0 78.15 100.0 200.0 200.0 0.0 0.0 78.15
16:45:00 6.0 300.0 78.88 78.15 78.15 78.15 78.35 55220.0 78.15 100.0 300.0 300.0 0.0 0.0 78.15
16:46:00 7.0 400.0 78.88 78.15 78.15 78.15 78.35 55220.0 78.15 100.0 400.0 400.0 0.0 0.0 78.15
16:47:00 0.0 0.0 78.88 78.15 nan nan 78.35 55220.0 78.15 100.0 nan 0.0 0.0 0.0 nan
16:48:00 5.0 260.0 78.88 78.15 78.15 78.15 78.35 55220.0 78.15 140.0 260.0 260.0 0.0 0.0 78.15
16:49:00 3.0 8.0 78.88 78.15 78.15 78.15 78.35 55220.0 78.15 132.0 8.0 8.0 0.0 0.0 78.15
16:50:00 10.0 451.0 78.88 78.15 78.15 78.15 78.35 55220.0 78.15 181.0 451.0 451.0 0.0 0.0 78.15
16:51:00 6.0 281.0 78.88 78.15 78.15 78.15 78.35 55220.0 78.15 100.0 281.0 281.0 0.0 0.0 78.15
16:52:00 8.0 412.0 78.88 78.15 78.15 78.15 78.35 55220.0 78.15 188.0 412.0 412.0 0.0 0.0 78.15
16:53:00 3.0 13.0 78.88 78.145 78.15 78.145 78.35 55220.0 78.15 175.0 13.0 13.0 0.0 0.0 78.15
16:54:00 1.0 20.0 78.88 78.15 78.15 78.15 78.35 55220.0 78.15 155.0 20.0 20.0 0.0 0.0 78.15
16:55:00 1.0 4.0 78.88 78.15 78.15 78.15 78.35 55220.0 78.15 151.0 4.0 4.0 0.0 0.0 78.15
16:56:00 2.0 4.0 78.88 78.15 78.15 78.145 78.35 55220.0 78.15 147.0 4.0 4.0 0.0 0.0 78.15
16:57:00 1.0 7.0 78.88 78.15 78.15 78.15 78.35 55220.0 78.15 140.0 7.0 7.0 0.0 0.0 78.15
16:58:00 4.0 10.0 78.88 78.15 78.15 78.145 78.35 55220.0 78.15 130.0 10.0 10.0 0.0 0.0 78.15
16:59:00 0.0 0.0 78.88 78.15 nan nan 78.35 55220.0 78.15 130.0 nan 0.0 0.0 0.0 nan
17:00:00 0.0 0.0 78.88 78.15 nan nan 78.35 55220.0 78.15 130.0 nan 0.0 0.0 0.0 nan
