time trade_count trade_volume trade_first trade_last trade_high trade_low bid_price bid_size ask_price ask_size hid_vol buy_vol sell_vol unsided_vol vwap
09:00:00 nan 551.0 80.39 80.39 80.4 80.38 80.36 88.0 80.4 483.0 551.0 501.0 50.0 0.0 80.3982
09:01:00 43.0 1424.0 80.39 80.39 80.39 80.36 80.36 200.0 80.4 463.0 1424.0 536.0 888.0 0.0 80.3816
09:02:00 46.0 783.0 80.39 80.43 80.45 80.4 80.42 300.0 80.43 1081.0 783.0 673.0 110.0 0.0 80.407
09:03:00 38.0 1460.0 80.39 80.44 80.44 80.42 80.39 40.0 80.44 464.0 1460.0 1005.0 455.0 0.0 80.4274
09:04:00 29.0 1298.0 80.39 80.45 80.53 80.43 80.43 226.0 80.5 768.0 1298.0 1098.0 200.0 0.0 80.4583
09:05:00 28.0 1724.0 80.39 80.37 80.5 80.31 80.31 235.0 80.38 548.0 1724.0 792.0 932.0 0.0 80.3941
09:06:00 6.0 109.0 80.39 80.35 80.38 80.35 80.35 6.0 80.36 544.0 109.0 106.0 3.0 0.0 80.3784
09:07:00 5.0 8.0 80.39 80.35 80.35 80.34 80.31 360.0 80.36 544.0 8.0 2.0 6.0 0.0 80.3475
09:08:00 2.0 50.0 80.39 80.36 80.36 80.35 80.33 40.0 80.35 548.0 50.0 50.0 0.0 0.0 80.36
09:09:00 2.0 20.0 80.39 80.35 80.35 80.35 80.33 153.0 80.35 1128.0 20.0 20.0 0.0 0.0 80.35
09:10:00 45.0 2661.0 80.39 80.39 80.5 80.35 80.35 300.0 80.39 59.0 2661.0 2467.0 194.0 0.0 80.4038
09:11:00 17.0 511.0 80.39 80.34 80.39 80.34 80.35 105.0 80.39 497.0 511.0 10.0 501.0 0.0 80.3468
09:12:00 74.0 3164.0 80.39 80.29 80.44 80.25 80.26 200.0 80.32 548.0 3164.0 1555.0 1609.0 0.0 80.3838
09:13:00 21.0 1071.0 80.39 80.26 80.3 80.22 80.23 45.0 80.27 1223.0 1071.0 0.0 1071.0 0.0 80.2447
09:14:00 51.0 1599.0 80.39 80.19 80.24 80.19 80.16 572.0 80.19 349.0 1599.0 950.0 649.0 0.0 80.2165
09:15:00 6.0 359.0 80.39 80.21 80.21 80.19 80.21 99.0 80.24 449.0 359.0 358.0 1.0 0.0 80.1903
09:16:00 18.0 1498.0 80.39 80.26 80.27 80.24 80.25 4324.0 80.28 449.0 1498.0 1398.0 100.0 0.0 80.2492
09:17:00 28.0 1063.0 80.39 80.3 80.3 80.26 80.28 13.0 80.3 370.0 1063.0 963.0 100.0 0.0 80.2805
09:18:00 23.0 358.0 80.39 80.22 80.28 80.22 80.2 216.0 80.23 649.0 358.0 134.0 224.0 0.0 80.2618
09:19:00 13.0 567.0 80.39 80.25 80.25 80.22 80.23 5.0 80.27 349.0 567.0 567.0 0.0 0.0 80.2306
09:20:00 13.0 948.0 80.39 80.31 80.32 80.27 80.31 158.0 80.34 200.0 948.0 906.0 42.0 0.0 80.2877
09:21:00 36.0 3330.0 80.39 80.32 80.32 80.28 80.3 102.0 80.33 1248.0 3330.0 2466.0 864.0 0.0 80.3121
09:22:00 44.0 4108.0 80.39 80.4 80.4 80.3 80.36 226.0 80.4 1909.0 4108.0 2985.0 1123.0 0.0 80.3543
09:23:00 44.0 567.0 80.39 80.36 80.36 80.35 80.36 30.0 80.38 751.0 567.0 200.0 367.0 0.0 80.3574
09:24:00 66.0 4263.0 80.39 80.41 80.5 80.38 80.39 142.0 80.42 1052.0 4263.0 2806.0 1457.0 0.0 80.4178
09:25:00 99.0 7494.0 80.39 80.57 80.58 80.41 80.52 225.0 80.57 693.0 7494.0 6099.0 1395.0 0.0 80.5121
09:26:00 20.0 887.0 80.39 80.38 80.55 80.38 80.35 10.0 80.38 300.0 887.0 453.0 434.0 0.0 80.4386
09:27:00 50.0 1262.0 80.39 80.55 80.7 80.36 80.35 10.0 80.71 1235.0 1262.0 1120.0 142.0 0.0 80.6085
09:28:00 15.0 1483.0 80.39 80.6 80.7 80.5 80.6 200.0 80.69 52.0 1483.0 915.0 568.0 0.0 80.6287
09:29:00 17.0 162.0 80.39 80.62 80.71 80.62 80.6 230.0 80.69 72.0 162.0 83.0 79.0 0.0 80.7014
09:30:00 16.0 1182.0 80.39 80.66 80.75 80.61 80.6 200.0 80.72 1.0 1182.0 1182.0 0.0 0.0 80.7099
09:31:00 1898.0 128863.0 80.39 80.68 80.91 80.4 80.67 1171.0 80.69 150.0 128863.0 70688.0 58175.0 0.0 80.7652
09:32:00 1834.0 129005.0 80.39 80.44 80.76 80.4 80.43 200.0 80.44 7.0 129005.0 57044.0 71961.0 0.0 80.625
09:33:00 1749.0 144117.0 80.39 80.34 80.5 80.135 80.33 359.0 80.34 82.0 144117.0 58262.0 85855.0 0.0 80.3181
09:34:00 1898.0 131224.0 80.39 80.68 80.75 80.23 80.67 720.0 80.68 190.0 131224.0 75461.0 55763.0 0.0 80.4751
09:35:00 1697.0 117652.0 80.39 80.87 80.89 80.65 80.86 150.0 80.87 318.0 117652.0 53544.0 64108.0 0.0 80.7605
09:36:00 1759.0 130318.0 80.39 80.95 80.96 80.72 80.94 2125.0 80.96 112.0 130318.0 70011.0 60307.0 0.0 80.8735
09:37:00 2690.0 299211.0 80.39 80.95 81.08 80.9 80.94 546.0 80.95 200.0 299211.0 229288.0 69923.0 0.0 80.9988
09:38:00 1624.0 110336.0 80.39 80.86 80.99 80.66 80.85 1000.0 80.87 1784.0 110336.0 50377.0 59959.0 0.0 80.8221
09:39:00 1564.0 115877.0 80.39 80.9 81.06 80.82 80.9 523.0 80.91 100.0 115877.0 42098.0 73779.0 0.0 80.9425
09:40:00 1154.0 83799.0 80.39 80.9 80.905 80.75 80.89 18.0 80.9 758.0 83799.0 43026.0 40773.0 0.0 80.8211
09:41:00 1208.0 105082.0 80.39 80.99 81.021 80.77 80.98 950.0 81.0 500.0 105082.0 53706.0 51376.0 0.0 80.9376
09:42:00 1096.0 100710.0 80.39 81.06 81.06 80.9 81.06 677.0 81.07 1580.0 100710.0 45849.0 54861.0 0.0 80.9851
09:43:00 1485.0 152194.0 80.39 81.07 81.25 81.05 81.06 800.0 81.07 450.0 152194.0 111586.0 40608.0 0.0 81.1466
09:44:00 841.0 63189.0 80.39 81.13 81.22 81.05 81.12 1010.0 81.13 100.0 63189.0 27723.0 35466.0 0.0 81.1391
09:45:00 1094.0 100113.0 80.39 81.17 81.27 81.09 81.16 500.0 81.17 715.0 100113.0 47259.0 52854.0 0.0 81.1676
09:46:00 2528.0 195934.0 80.39 81.24 81.28 80.985 81.22 1901.0 81.24 1252.0 195934.0 86064.0 109870.0 0.0 81.1333
09:47:00 1819.0 147467.0 80.39 81.36 81.37 81.22 81.36 2013.0 81.37 418.0 147467.0 80104.0 67363.0 0.0 81.2802
09:48:00 1528.0 116132.0 80.39 81.48 81.5 81.36 81.48 513.0 81.49 869.0 116132.0 66504.0 49628.0 0.0 81.4244
09:49:00 1538.0 120254.0 80.39 81.495 81.545 81.44 81.49 600.0 81.5 800.0 120254.0 67257.0 52997.0 0.0 81.4975
09:50:00 1066.0 79462.0 80.39 81.58 81.62 81.46 81.57 900.0 81.58 100.0 79462.0 40155.0 39307.0 0.0 81.5301
09:51:00 1605.0 123717.0 80.39 81.74 81.75 81.57 81.74 600.0 81.75 1684.0 123717.0 58211.0 65506.0 0.0 81.6884
09:52:00 1584.0 129342.0 80.39 81.71 81.78 81.62 81.7 1545.0 81.71 500.0 129342.0 55268.0 74074.0 0.0 81.6986
09:53:00 1147.0 107019.0 80.39 81.68 81.81 81.66 81.68 536.0 81.69 2001.0 107019.0 69190.0 37829.0 0.0 81.7464
09:54:00 1493.0 131971.0 80.39 81.62 81.73 81.575 81.62 100.0 81.63 1700.0 131971.0 64123.0 67848.0 0.0 81.7005
09:55:00 745.0 55392.0 80.39 81.64 81.67 81.51 81.63 1615.0 81.65 816.0 55392.0 24996.0 30396.0 0.0 81.6062
09:56:00 766.0 58729.0 80.39 81.725 81.73 81.54 81.71 2819.0 81.73 2900.0 58729.0 32013.0 26716.0 0.0 81.6498
09:57:00 1442.0 115862.0 80.39 81.74 81.74 81.54 81.73 3080.0 81.74 235.0 115862.0 62614.0 53248.0 0.0 81.6641
09:58:00 1861.0 169832.0 80.39 81.61 81.75 81.56 81.61 516.0 81.62 2300.0 169832.0 93919.0 75913.0 0.0 81.6991
09:59:00 1069.0 92463.0 80.39 81.55 81.62 81.37 81.55 100.0 81.56 1500.0 92463.0 36935.0 55528.0 0.0 81.4736
10:00:00 743.0 51075.0 80.39 81.67 81.72 81.55 81.66 1411.0 81.68 899.0 51075.0 27807.0 23268.0 0.0 81.6447
10:01:00 1073.0 93375.0 80.39 81.89 81.895 81.68 81.88 1160.0 81.89 1100.0 93375.0 52890.0 40485.0 0.0 81.797
10:02:00 954.0 77669.0 80.39 81.9 81.9 81.8 81.89 2261.0 81.9 8709.0 77669.0 37645.0 40024.0 0.0 81.8494
10:03:00 1144.0 108311.0 80.39 81.97 81.98 81.85 81.97 907.0 81.98 4469.0 108311.0 52973.0 55338.0 0.0 81.9233
10:04:00 2895.0 399770.0 80.39 82.13 82.15 81.96 82.12 1560.0 82.13 100.0 399770.0 335981.0 63789.0 0.0 82.016
10:05:00 734.0 71910.0 80.39 82.04 82.135 81.97 82.04 400.0 82.05 600.0 71910.0 27107.0 44803.0 0.0 82.0499
10:06:00 1458.0 117096.0 80.39 81.75 82.06 81.61 81.75 842.0 81.76 100.0 117096.0 38613.0 78483.0 0.0 81.8039
10:07:00 567.0 47404.0 80.39 81.86 81.87 81.75 81.86 1069.0 81.87 100.0 47404.0 25837.0 21567.0 0.0 81.8164
10:08:00 660.0 53985.0 80.39 81.87 81.9 81.72 81.87 1183.0 81.88 410.0 53985.0 21551.0 32434.0 0.0 81.8093
10:09:00 673.0 50190.0 80.39 81.91 81.94 81.82 81.9 429.0 81.91 1500.0 50190.0 23222.0 26968.0 0.0 81.8893
10:10:00 755.0 49429.0 80.39 81.73 81.92 81.72 81.72 1940.0 81.73 300.0 49429.0 25295.0 24134.0 0.0 81.7957
10:11:00 698.0 47303.0 80.39 81.79 81.79 81.68 81.79 943.0 81.8 710.0 47303.0 20285.0 27018.0 0.0 81.7413
10:12:00 1077.0 86493.0 80.39 81.52 81.8 81.46 81.52 577.0 81.53 1721.0 86493.0 32063.0 54430.0 0.0 81.5821
10:13:00 411.0 29114.0 80.39 81.58 81.6 81.49 81.58 2004.0 81.59 135.0 29114.0 16316.0 12798.0 0.0 81.5349
10:14:00 714.0 65792.0 80.39 81.34 81.595 81.32 81.34 2412.0 81.36 1400.0 65792.0 24279.0 41513.0 0.0 81.4614
10:15:00 588.0 48209.0 80.39 81.32 81.41 81.26 81.32 339.0 81.33 800.0 48209.0 24969.0 23240.0 0.0 81.3301
10:16:00 605.0 51338.0 80.39 81.295 81.41 81.24 81.29 300.0 81.3 2310.0 51338.0 20113.0 31225.0 0.0 81.3269
10:17:00 626.0 54326.0 80.39 81.21 81.3 81.11 81.21 3220.0 81.22 4.0 54326.0 26414.0 27912.0 0.0 81.1961
10:18:00 525.0 36800.0 80.39 81.16 81.29 81.16 81.16 550.0 81.17 700.0 36800.0 16539.0 20261.0 0.0 81.244
10:19:00 764.0 54608.0 80.39 81.115 81.235 81.1 81.11 879.0 81.12 900.0 54608.0 24728.0 29880.0 0.0 81.1821
10:20:00 485.0 36581.0 80.39 81.08 81.13 81.05 81.07 2331.0 81.08 300.0 36581.0 16825.0 19756.0 0.0 81.0852
10:21:00 641.0 50995.0 80.39 81.1 81.18 81.045 81.09 1000.0 81.1 200.0 50995.0 28137.0 22858.0 0.0 81.1056
10:22:00 493.0 30710.0 80.39 81.01 81.115 80.99 81.0 21.0 81.01 1100.0 30710.0 13063.0 17647.0 0.0 81.0355
10:23:00 765.0 55385.0 80.39 80.92 81.0 80.85 80.9 2163.0 80.91 100.0 55385.0 28841.0 26544.0 0.0 80.9121
10:24:00 629.0 48950.0 80.39 81.05 81.06 80.905 81.05 239.0 81.06 1739.0 48950.0 24007.0 24943.0 0.0 80.9723
10:25:00 541.0 47685.0 80.39 81.18 81.22 81.05 81.17 1018.0 81.18 400.0 47685.0 28720.0 18965.0 0.0 81.1332
10:26:00 568.0 46093.0 80.39 81.23 81.25 81.14 81.23 601.0 81.24 800.0 46093.0 20932.0 25161.0 0.0 81.2084
10:27:00 469.0 37540.0 80.39 81.07 81.25 81.04 81.06 2516.0 81.08 1400.0 37540.0 15551.0 21989.0 0.0 81.1211
10:28:00 718.0 60888.0 80.39 80.93 81.1 80.93 80.92 300.0 80.93 500.0 60888.0 22797.0 38091.0 0.0 80.988
10:29:00 736.0 57886.0 80.39 81.11 81.14 80.89 81.1 2100.0 81.11 21.0 57886.0 32236.0 25650.0 0.0 81.0213
10:30:00 1257.0 102124.0 80.39 80.82 81.16 80.76 80.81 653.0 80.83 700.0 102124.0 42158.0 59966.0 0.0 81.0105
10:31:00 2243.0 146407.0 80.39 80.84 80.91 80.63 80.83 1405.0 80.84 100.0 146407.0 71104.0 75303.0 0.0 80.7384
10:32:00 921.0 50426.0 80.39 81.13 81.14 80.83 81.12 1599.0 81.13 568.0 50426.0 29418.0 21008.0 0.0 80.9689
10:33:00 1082.0 75664.0 80.39 81.12 81.18 81.04 81.11 1468.0 81.12 100.0 75664.0 30036.0 45628.0 0.0 81.106
10:34:00 942.0 70839.0 80.39 81.1 81.18 81.09 81.1 1679.0 81.11 1359.0 70839.0 24748.0 46091.0 0.0 81.1278
10:35:00 594.0 34500.0 80.39 81.01 81.11 80.97 81.0 621.0 81.01 1600.0 34500.0 17809.0 16691.0 0.0 81.033
10:36:00 569.0 37623.0 80.39 80.89 81.01 80.79 80.88 858.0 80.89 1108.0 37623.0 17810.0 19813.0 0.0 80.8782
10:37:00 574.0 44195.0 80.39 80.91 81.01 80.84 80.91 400.0 80.92 1600.0 44195.0 26629.0 17566.0 0.0 80.9225
10:38:00 354.0 26511.0 80.39 80.98 80.98 80.89 80.97 241.0 80.98 2500.0 26511.0 15251.0 11260.0 0.0 80.9199
10:39:00 572.0 52003.0 80.39 80.77 80.99 80.68 80.77 474.0 80.78 2100.0 52003.0 16526.0 35477.0 0.0 80.8208
10:40:00 959.0 82693.0 80.39 80.73 80.77 80.66 80.71 2812.0 80.73 1200.0 82693.0 43625.0 39068.0 0.0 80.7196
10:41:00 913.0 75356.0 80.39 80.71 80.77 80.6 80.69 403.0 80.7 1464.0 75356.0 40336.0 35020.0 0.0 80.6942
10:42:00 663.0 50636.0 80.39 80.57 80.69 80.55 80.56 2092.0 80.57 300.0 50636.0 24111.0 26525.0 0.0 80.6143
10:43:00 878.0 76312.0 80.39 80.34 80.6 80.34 80.33 812.0 80.34 500.0 76312.0 25246.0 51066.0 0.0 80.4618
10:44:00 1043.0 121352.0 80.39 80.245 80.4 80.21 80.24 1560.0 80.25 700.0 121352.0 51010.0 70342.0 0.0 80.3017
10:45:00 608.0 58872.0 80.39 80.34 80.36 80.23 80.34 784.0 80.35 3374.0 58872.0 36378.0 22494.0 0.0 80.3371
10:46:00 748.0 61922.0 80.39 80.44 80.52 80.32 80.43 2727.0 80.44 100.0 61922.0 35125.0 26797.0 0.0 80.37
10:47:00 792.0 74951.0 80.39 80.61 80.63 80.43 80.6 1760.0 80.61 507.0 74951.0 36513.0 38438.0 0.0 80.554
10:48:00 639.0 57429.0 80.39 80.61 80.66 80.52 80.61 247.0 80.62 2100.0 57429.0 20083.0 37346.0 0.0 80.5655
10:49:00 396.0 54125.0 80.39 80.63 80.69 80.54 80.62 2330.0 80.64 2525.0 54125.0 18250.0 35875.0 0.0 80.5847
10:50:00 285.0 24660.0 80.39 80.6 80.68 80.6 80.59 2500.0 80.6 3149.0 24660.0 11121.0 13539.0 0.0 80.6369
10:51:00 469.0 42853.0 80.39 80.54 80.59 80.51 80.53 208.0 80.54 1500.0 42853.0 15955.0 26898.0 0.0 80.5421
10:52:00 517.0 42347.0 80.39 80.47 80.54 80.44 80.47 2812.0 80.49 1900.0 42347.0 24604.0 17743.0 0.0 80.4691
10:53:00 869.0 118637.0 80.39 80.25 80.48 80.22 80.24 659.0 80.25 2380.0 118637.0 25188.0 93449.0 0.0 80.3415
10:54:00 363.0 34915.0 80.39 80.185 80.27 80.18 80.18 590.0 80.19 2400.0 34915.0 18169.0 16746.0 0.0 80.2356
10:55:00 1726.0 151570.0 80.39 80.09 80.19 79.91 80.09 307.0 80.1 2300.0 151570.0 52934.0 98636.0 0.0 80.0626
10:56:00 746.0 66686.0 80.39 80.18 80.19 79.98 80.18 300.0 80.19 736.0 66686.0 34010.0 32676.0 0.0 80.0776
10:57:00 731.0 50228.0 80.39 80.16 80.21 80.05 80.16 424.0 80.17 1200.0 50228.0 19381.0 30847.0 0.0 80.1309
10:58:00 507.0 34460.0 80.39 80.29 80.3 80.14 80.28 243.0 80.29 2300.0 34460.0 16541.0 17919.0 0.0 80.2063
10:59:00 727.0 56859.0 80.39 80.35 80.36 80.2 80.35 109.0 80.36 1736.0 56859.0 28393.0 28466.0 0.0 80.2779
11:00:00 367.0 29446.0 80.39 80.41 80.42 80.33 80.4 1600.0 80.41 12.0 29446.0 17581.0 11865.0 0.0 80.3689
11:01:00 543.0 44984.0 80.39 80.295 80.45 80.23 80.28 1272.0 80.3 2536.0 44984.0 15527.0 29457.0 0.0 80.3549
11:02:00 261.0 26715.0 80.39 80.35 80.38 80.285 80.35 1018.0 80.36 100.0 26715.0 15467.0 11248.0 0.0 80.3255
11:03:00 651.0 55954.0 80.39 80.28 80.37 80.23 80.27 400.0 80.28 1994.0 55954.0 26494.0 29460.0 0.0 80.2969
11:04:00 937.0 74225.0 80.39 80.23 80.28 80.09 80.22 1432.0 80.23 200.0 74225.0 39195.0 35030.0 0.0 80.1678
11:05:00 526.0 34611.0 80.39 80.385 80.385 80.23 80.38 1144.0 80.39 100.0 34611.0 17904.0 16707.0 0.0 80.3267
11:06:00 506.0 37952.0 80.39 80.43 80.44 80.36 80.42 2070.0 80.44 1691.0 37952.0 14735.0 23217.0 0.0 80.4047
11:07:00 681.0 54770.0 80.39 80.5 80.56 80.44 80.49 400.0 80.5 1891.0 54770.0 27844.0 26926.0 0.0 80.4864
11:08:00 435.0 35204.0 80.39 80.44 80.53 80.43 80.44 2292.0 80.45 135.0 35204.0 16721.0 18483.0 0.0 80.471
11:09:00 416.0 38172.0 80.39 80.53 80.535 80.44 80.52 700.0 80.53 1118.0 38172.0 19793.0 18379.0 0.0 80.4902
11:10:00 321.0 26010.0 80.39 80.46 80.57 80.43 80.45 828.0 80.46 500.0 26010.0 9660.0 16350.0 0.0 80.5049
11:11:00 716.0 56792.0 80.39 80.21 80.47 80.17 80.2 1177.0 80.21 19.0 56792.0 21532.0 35260.0 0.0 80.2995
11:12:00 367.0 29622.0 80.39 80.17 80.33 80.17 80.17 1362.0 80.18 2768.0 29622.0 12507.0 17115.0 0.0 80.2171
11:13:00 484.0 39147.0 80.39 80.05 80.18 80.02 80.06 754.0 80.07 512.0 39147.0 20972.0 18175.0 0.0 80.1035
11:14:00 465.0 28722.0 80.39 80.17 80.18 80.06 80.16 2860.0 80.17 102.0 28722.0 14337.0 14385.0 0.0 80.1316
11:15:00 485.0 38613.0 80.39 80.26 80.29 80.15 80.25 1962.0 80.27 2543.0 38613.0 14127.0 24486.0 0.0 80.2246
11:16:00 814.0 62650.0 80.39 80.09 80.3 80.06 80.08 200.0 80.09 1806.0 62650.0 29468.0 33182.0 0.0 80.142
11:17:00 526.0 37029.0 80.39 80.06 80.12 80.05 80.05 1989.0 80.06 100.0 37029.0 17513.0 19516.0 0.0 80.0804
11:18:00 457.0 41187.0 80.39 79.98 80.07 79.95 79.97 204.0 79.98 2578.0 41187.0 13564.0 27623.0 0.0 80.0169
11:19:00 662.0 49766.0 80.39 80.08 80.09 79.94 80.08 2034.0 80.09 466.0 49766.0 28039.0 21727.0 0.0 80.0382
11:20:00 360.0 21362.0 80.39 80.06 80.1 80.02 80.05 648.0 80.06 672.0 21362.0 6438.0 14924.0 0.0 80.0686
11:21:00 339.0 17357.0 80.39 80.03 80.07 80.02 80.02 1295.0 80.03 642.0 17357.0 7251.0 10106.0 0.0 80.044
11:22:00 318.0 19875.0 80.39 80.07 80.1 80.02 80.06 1714.0 80.07 87.0 19875.0 11968.0 7907.0 0.0 80.0611
11:23:00 637.0 41866.0 80.39 80.12 80.13 80.055 80.11 829.0 80.12 713.0 41866.0 18241.0 23625.0 0.0 80.0913
11:24:00 910.0 65555.0 80.39 79.98 80.12 79.94 79.97 1487.0 79.98 200.0 65555.0 33774.0 31781.0 0.0 80.0209
11:25:00 1022.0 77237.0 80.39 79.99 80.01 79.85 79.99 1.0 79.99 19.0 77237.0 27966.0 49271.0 0.0 79.9357
11:26:00 254.0 17163.0 80.39 80.04 80.04 79.96 80.04 615.0 80.05 628.0 17163.0 6852.0 10311.0 0.0 79.995
11:27:00 192.0 12623.0 80.39 80.05 80.09 80.02 80.05 734.0 80.06 300.0 12623.0 6566.0 6057.0 0.0 80.0509
11:28:00 378.0 29300.0 80.39 80.21 80.23 80.04 80.21 811.0 80.22 1429.0 29300.0 14865.0 14435.0 0.0 80.1524
11:29:00 466.0 29424.0 80.39 80.31 80.31 80.215 80.3 568.0 80.31 879.0 29424.0 16067.0 13357.0 0.0 80.2688
11:30:00 1010.0 86696.0 80.39 79.98 80.32 79.97 79.97 369.0 79.98 1191.0 86696.0 31337.0 55359.0 0.0 80.1177
11:31:00 586.0 41768.0 80.39 80.23 80.23 79.96 80.23 1200.0 80.24 163.0 41768.0 30740.0 11028.0 0.0 80.0878
11:32:00 852.0 67121.0 80.39 80.07 80.27 79.99 80.08 709.0 80.09 500.0 67121.0 30275.0 36846.0 0.0 80.153
11:33:00 459.0 35210.0 80.39 79.99 80.1 79.96 79.98 556.0 79.99 700.0 35210.0 20613.0 14597.0 0.0 80.0097
11:34:00 612.0 51050.0 80.39 79.95 80.07 79.95 79.95 524.0 79.96 268.0 51050.0 32780.0 18270.0 0.0 80.0082
11:35:00 490.0 34393.0 80.39 79.99 80.02 79.92 79.98 1167.0 79.99 266.0 34393.0 17292.0 17101.0 0.0 79.9769
11:36:00 498.0 35762.0 80.39 79.86 79.99 79.85 79.85 491.0 79.86 1100.0 35762.0 14066.0 21696.0 0.0 79.9269
11:37:00 461.0 34574.0 80.39 79.86 79.93 79.84 79.86 1263.0 79.87 302.0 34574.0 14546.0 20028.0 0.0 79.8823
11:38:00 368.0 26153.0 80.39 79.98 79.99 79.82 79.98 535.0 79.99 1285.0 26153.0 12374.0 13779.0 0.0 79.8875
11:39:00 416.0 35186.0 80.39 80.0 80.04 79.95 79.99 1340.0 80.0 300.0 35186.0 15972.0 19214.0 0.0 80.002
11:40:00 217.0 18297.0 80.39 80.05 80.07 79.97 80.03 1745.0 80.04 200.0 18297.0 6639.0 11658.0 0.0 80.0311
11:41:00 377.0 55045.0 80.39 80.125 80.15 80.04 80.12 2354.0 80.13 11.0 55045.0 41691.0 13354.0 0.0 80.113
11:42:00 269.0 19402.0 80.39 80.15 80.18 80.125 80.15 2671.0 80.16 867.0 19402.0 7560.0 11842.0 0.0 80.1589
11:43:00 358.0 27763.0 80.39 80.11 80.15 80.035 80.1 2828.0 80.12 2400.0 27763.0 10934.0 16829.0 0.0 80.096
11:44:00 216.0 19638.0 80.39 80.17 80.2 80.11 80.16 2200.0 80.17 300.0 19638.0 10805.0 8833.0 0.0 80.1559
11:45:00 324.0 27504.0 80.39 80.2 80.27 80.15 80.2 2720.0 80.21 500.0 27504.0 14903.0 12601.0 0.0 80.2175
11:46:00 291.0 24378.0 80.39 80.21 80.27 80.185 80.21 100.0 80.22 2300.0 24378.0 9494.0 14884.0 0.0 80.2324
11:47:00 279.0 22921.0 80.39 80.26 80.28 80.2 80.25 2701.0 80.27 4201.0 22921.0 10777.0 12144.0 0.0 80.2426
11:48:00 250.0 21059.0 80.39 80.13 80.25 80.13 80.13 2399.0 80.14 610.0 21059.0 7911.0 13148.0 0.0 80.1918
11:49:00 243.0 18955.0 80.39 80.16 80.18 80.09 80.16 2665.0 80.17 500.0 18955.0 7112.0 11843.0 0.0 80.1323
11:50:00 226.0 19083.0 80.39 80.215 80.215 80.16 80.21 300.0 80.22 2300.0 19083.0 11878.0 7205.0 0.0 80.191
11:51:00 512.0 56350.0 80.39 80.28 80.34 80.165 80.27 2966.0 80.28 2313.0 56350.0 23329.0 33021.0 0.0 80.2682
11:52:00 459.0 48221.0 80.39 80.31 80.34 80.27 80.31 2400.0 80.32 300.0 48221.0 30581.0 17640.0 0.0 80.3098
11:53:00 398.0 31826.0 80.39 80.37 80.38 80.32 80.35 2936.0 80.37 3166.0 31826.0 17336.0 14490.0 0.0 80.352
11:54:00 583.0 44462.0 80.39 80.48 80.48 80.355 80.48 1800.0 80.49 1505.0 44462.0 29195.0 15267.0 0.0 80.4041
11:55:00 362.0 30904.0 80.39 80.5 80.51 80.45 80.5 2900.0 80.51 1056.0 30904.0 10352.0 20552.0 0.0 80.4765
11:56:00 863.0 80055.0 80.39 80.51 80.54 80.48 80.51 435.0 80.52 3700.0 80055.0 31456.0 48599.0 0.0 80.5139
11:57:00 493.0 47243.0 80.39 80.39 80.53 80.375 80.38 2306.0 80.4 2700.0 47243.0 21825.0 25418.0 0.0 80.4389
11:58:00 184.0 15990.0 80.39 80.48 80.48 80.4 80.48 300.0 80.49 2300.0 15990.0 10050.0 5940.0 0.0 80.4503
11:59:00 240.0 22115.0 80.39 80.46 80.53 80.46 80.45 2201.0 80.46 210.0 22115.0 11974.0 10141.0 0.0 80.502
12:00:00 294.0 23336.0 80.39 80.57 80.59 80.45 80.56 752.0 80.57 2500.0 23336.0 12932.0 10404.0 0.0 80.5262
12:01:00 335.0 29787.0 80.39 80.55 80.58 80.49 80.54 2210.0 80.56 2902.0 29787.0 13773.0 16014.0 0.0 80.529
12:02:00 344.0 34206.0 80.39 80.57 80.6 80.53 80.57 200.0 80.58 3300.0 34206.0 19373.0 14833.0 0.0 80.5648
12:03:00 232.0 24872.0 80.39 80.58 80.59 80.53 80.57 2565.0 80.58 602.0 24872.0 9848.0 15024.0 0.0 80.565
12:04:00 214.0 22874.0 80.39 80.61 80.61 80.545 80.6 2272.0 80.61 600.0 22874.0 16265.0 6609.0 0.0 80.5878
12:05:00 192.0 16085.0 80.39 80.53 80.6 80.52 80.52 863.0 80.53 2947.0 16085.0 3385.0 12700.0 0.0 80.559
12:06:00 427.0 38161.0 80.39 80.39 80.53 80.36 80.4 700.0 80.41 1800.0 38161.0 15546.0 22615.0 0.0 80.4333
12:07:00 305.0 25350.0 80.39 80.51 80.52 80.39 80.5 300.0 80.51 2676.0 25350.0 15593.0 9757.0 0.0 80.455
12:08:00 232.0 21548.0 80.39 80.54 80.56 80.475 80.54 2537.0 80.55 2501.0 21548.0 12873.0 8675.0 0.0 80.5168
12:09:00 186.0 17450.0 80.39 80.57 80.6 80.55 80.56 301.0 80.57 2365.0 17450.0 9435.0 8015.0 0.0 80.5678
12:10:00 146.0 12173.0 80.39 80.53 80.56 80.49 80.52 1601.0 80.53 1170.0 12173.0 3857.0 8316.0 0.0 80.5287
12:11:00 778.0 96476.0 80.39 80.66 80.69 80.52 80.66 2500.0 80.67 300.0 96476.0 49424.0 47052.0 0.0 80.6516
12:12:00 1645.0 147980.0 80.39 80.86 80.86 80.66 80.85 3960.0 80.86 374.0 147980.0 64243.0 83737.0 0.0 80.7703
12:13:00 429.0 33850.0 80.39 80.89 80.9 80.85 80.89 2253.0 80.9 707.0 33850.0 11433.0 22417.0 0.0 80.8798
12:14:00 605.0 62313.0 80.39 80.93 80.96 80.89 80.93 2074.0 80.94 2925.0 62313.0 24276.0 38037.0 0.0 80.9245
12:15:00 328.0 38327.0 80.39 80.96 80.96 80.93 80.95 4198.0 80.96 1.0 38327.0 10151.0 28176.0 0.0 80.9433
12:16:00 407.0 39912.0 80.39 80.975 80.99 80.95 80.97 2850.0 80.98 2725.0 39912.0 10533.0 29379.0 0.0 80.9598
12:17:00 534.0 78111.0 80.39 81.04 81.04 80.97 81.03 4.0 81.03 100.0 78111.0 57242.0 20869.0 0.0 81.0085
12:18:00 498.0 49394.0 80.39 80.985 81.04 80.97 80.98 3198.0 80.99 1854.0 49394.0 13837.0 35557.0 0.0 80.9943
12:19:00 415.0 36886.0 80.39 81.02 81.02 80.935 81.01 3164.0 81.02 201.0 36886.0 12939.0 23947.0 0.0 80.9897
12:20:00 312.0 30603.0 80.39 81.0 81.02 80.975 80.99 3625.0 81.0 2651.0 30603.0 10487.0 20116.0 0.0 81.0008
12:21:00 452.0 35532.0 80.39 80.975 81.01 80.945 80.97 2206.0 80.98 2569.0 35532.0 16774.0 18758.0 0.0 80.9776
12:22:00 273.0 23168.0 80.39 80.94 81.0 80.91 80.93 1200.0 80.94 3293.0 23168.0 12109.0 11059.0 0.0 80.9674
12:23:00 261.0 23656.0 80.39 80.92 80.96 80.92 80.91 3198.0 80.92 100.0 23656.0 10507.0 13149.0 0.0 80.9349
12:24:00 274.0 24469.0 80.39 80.85 80.91 80.83 80.84 2200.0 80.85 2800.0 24469.0 8627.0 15842.0 0.0 80.8612
12:25:00 398.0 31671.0 80.39 80.72 80.85 80.7 80.72 648.0 80.73 3560.0 31671.0 19280.0 12391.0 0.0 80.7679
12:26:00 464.0 37673.0 80.39 80.69 80.72 80.65 80.69 2976.0 80.7 314.0 37673.0 18225.0 19448.0 0.0 80.6839
12:27:00 175.0 13298.0 80.39 80.7 80.7 80.67 80.7 1300.0 80.71 1915.0 13298.0 7980.0 5318.0 0.0 80.6851
12:28:00 235.0 16809.0 80.39 80.83 80.83 80.705 80.83 1800.0 80.84 654.0 16809.0 10182.0 6627.0 0.0 80.7767
12:29:00 227.0 20772.0 80.39 80.98 80.99 80.825 80.98 698.0 80.99 2603.0 20772.0 13150.0 7622.0 0.0 80.9096
12:30:00 414.0 39715.0 80.39 81.07 81.07 80.95 81.05 2340.0 81.06 610.0 39715.0 27593.0 12122.0 0.0 81.0152
12:31:00 315.0 27759.0 80.39 80.98 81.09 80.97 80.98 2900.0 80.99 1652.0 27759.0 9986.0 17773.0 0.0 81.0159
12:32:00 240.0 22739.0 80.39 81.13 81.13 80.98 81.13 219.0 81.14 3126.0 22739.0 11573.0 11166.0 0.0 81.099
12:33:00 325.0 26187.0 80.39 81.13 81.17 81.1 81.12 3335.0 81.13 101.0 26187.0 9661.0 16526.0 0.0 81.132
12:34:00 342.0 48759.0 80.39 81.195 81.195 81.12 81.19 4222.0 81.2 2520.0 48759.0 37612.0 11147.0 0.0 81.1639
12:35:00 401.0 62641.0 80.39 81.335 81.335 81.2 81.33 2010.0 81.34 3637.0 62641.0 53364.0 9277.0 0.0 81.2455
12:36:00 635.0 55719.0 80.39 81.29 81.38 81.27 81.28 5113.0 81.29 100.0 55719.0 21698.0 34021.0 0.0 81.3258
12:37:00 330.0 28760.0 80.39 81.25 81.3 81.205 81.25 100.0 81.26 2910.0 28760.0 12947.0 15813.0 0.0 81.2453
12:38:00 590.0 48886.0 80.39 81.26 81.27 81.19 81.26 2200.0 81.28 3710.0 48886.0 29550.0 19336.0 0.0 81.2294
12:39:00 243.0 22617.0 80.39 81.21 81.26 81.185 81.2 2885.0 81.21 400.0 22617.0 8249.0 14368.0 0.0 81.2194
12:40:00 200.0 17582.0 80.39 81.15 81.21 81.14 81.14 3792.0 81.15 100.0 17582.0 8148.0 9434.0 0.0 81.1828
12:41:00 223.0 21127.0 80.39 81.09 81.15 81.09 81.09 2000.0 81.1 411.0 21127.0 8312.0 12815.0 0.0 81.1121
12:42:00 443.0 39950.0 80.39 80.995 81.1 80.99 80.99 1054.0 81.0 6293.0 39950.0 17373.0 22577.0 0.0 81.0305
12:43:00 193.0 20176.0 80.39 81.11 81.11 81.0 81.11 701.0 81.12 1520.0 20176.0 16949.0 3227.0 0.0 81.0386
12:44:00 195.0 19503.0 80.39 81.11 81.13 81.08 81.11 600.0 81.12 2500.0 19503.0 6052.0 13451.0 0.0 81.107
12:45:00 195.0 20192.0 80.39 81.13 81.16 81.1 81.14 100.0 81.14 3.0 20192.0 13108.0 7084.0 0.0 81.1282
12:46:00 270.0 29964.0 80.39 81.14 81.15 81.11 81.13 1869.0 81.14 1000.0 29964.0 9632.0 20332.0 0.0 81.1357
12:47:00 175.0 12974.0 80.39 81.14 81.155 81.1 81.14 1300.0 81.15 1918.0 12974.0 7151.0 5823.0 0.0 81.1263
12:48:00 233.0 19342.0 80.39 81.06 81.15 81.05 81.06 2951.0 81.07 1928.0 19342.0 6082.0 13260.0 0.0 81.0831
12:49:00 124.0 9799.0 80.39 81.085 81.12 81.07 81.09 201.0 81.1 3741.0 9799.0 6887.0 2912.0 0.0 81.0899
12:50:00 215.0 19022.0 80.39 81.09 81.14 81.07 81.08 3000.0 81.09 1200.0 19022.0 10778.0 8244.0 0.0 81.1185
12:51:00 190.0 12275.0 80.39 81.04 81.1 81.0 81.04 400.0 81.05 3741.0 12275.0 6667.0 5608.0 0.0 81.0568
12:52:00 230.0 17403.0 80.39 81.02 81.05 80.99 81.01 1893.0 81.02 2600.0 17403.0 8738.0 8665.0 0.0 81.0124
12:53:00 156.0 10968.0 80.39 81.12 81.12 81.02 81.12 5706.0 81.13 200.0 10968.0 8899.0 2069.0 0.0 81.0593
12:54:00 209.0 18401.0 80.39 81.195 81.2 81.12 81.19 2961.0 81.2 834.0 18401.0 12557.0 5844.0 0.0 81.1576
12:55:00 167.0 12368.0 80.39 81.19 81.215 81.18 81.19 5474.0 81.2 200.0 12368.0 3878.0 8490.0 0.0 81.1991
12:56:00 186.0 14466.0 80.39 81.1 81.21 81.1 81.09 1143.0 81.1 2401.0 14466.0 3467.0 10999.0 0.0 81.1696
12:57:00 241.0 18765.0 80.39 81.05 81.11 81.04 81.04 3173.0 81.05 200.0 18765.0 9727.0 9038.0 0.0 81.0814
12:58:00 158.0 12250.0 80.39 81.02 81.06 81.01 81.03 300.0 81.03 2.0 12250.0 4887.0 7363.0 0.0 81.0317
12:59:00 150.0 15509.0 80.39 81.09 81.09 81.03 81.09 1700.0 81.1 2813.0 15509.0 10751.0 4758.0 0.0 81.0594
13:00:00 376.0 36728.0 80.39 81.13 81.16 81.09 81.12 800.0 81.13 3300.0 36728.0 18668.0 18060.0 0.0 81.1301
13:01:00 155.0 10985.0 80.39 81.195 81.195 81.12 81.19 5248.0 81.2 2269.0 10985.0 7192.0 3793.0 0.0 81.1526
13:02:00 155.0 16077.0 80.39 81.19 81.215 81.16 81.18 2400.0 81.19 900.0 16077.0 6800.0 9277.0 0.0 81.1911
13:03:00 237.0 22854.0 80.39 81.23 81.23 81.18 81.23 300.0 81.24 4001.0 22854.0 15409.0 7445.0 0.0 81.2133
13:04:00 189.0 17334.0 80.39 81.215 81.23 81.17 81.21 900.0 81.22 3458.0 17334.0 7982.0 9352.0 0.0 81.2089
13:05:00 269.0 27373.0 80.39 81.19 81.23 81.16 81.19 1748.0 81.2 1520.0 27373.0 12794.0 14579.0 0.0 81.1966
13:06:00 336.0 38341.0 80.39 81.11 81.22 81.105 81.11 938.0 81.12 3301.0 38341.0 25118.0 13223.0 0.0 81.1686
13:07:00 193.0 15987.0 80.39 81.145 81.15 81.07 81.14 3164.0 81.15 1350.0 15987.0 9731.0 6256.0 0.0 81.115
13:08:00 190.0 17656.0 80.39 81.2 81.215 81.15 81.19 3182.0 81.2 1242.0 17656.0 8324.0 9332.0 0.0 81.1799
13:09:00 107.0 8648.0 80.39 81.18 81.2 81.17 81.17 300.0 81.18 5100.0 8648.0 2506.0 6142.0 0.0 81.1878
13:10:00 178.0 9653.0 80.39 81.19 81.22 81.17 81.19 9.0 81.19 502.0 9653.0 4591.0 5062.0 0.0 81.1933
13:11:00 219.0 16793.0 80.39 81.22 81.26 81.18 81.22 900.0 81.23 2800.0 16793.0 11563.0 5230.0 0.0 81.2134
13:12:00 175.0 14040.0 80.39 81.24 81.28 81.22 81.24 4292.0 81.25 1015.0 14040.0 6181.0 7859.0 0.0 81.2513
13:13:00 278.0 21126.0 80.39 81.2 81.25 81.15 81.2 1300.0 81.21 2781.0 21126.0 12317.0 8809.0 0.0 81.1908
13:14:00 135.0 8780.0 80.39 81.16 81.21 81.16 81.16 3653.0 81.17 700.0 8780.0 2920.0 5860.0 0.0 81.1864
13:15:00 293.0 23990.0 80.39 81.15 81.18 81.075 81.14 1812.0 81.15 1800.0 23990.0 11633.0 12357.0 0.0 81.1223
13:16:00 169.0 11372.0 80.39 81.11 81.16 81.11 81.11 2864.0 81.12 271.0 11372.0 6656.0 4716.0 0.0 81.129
13:17:00 229.0 19287.0 80.39 81.2 81.2 81.12 81.2 451.0 81.21 3525.0 19287.0 10147.0 9140.0 0.0 81.1573
13:18:00 251.0 22746.0 80.39 81.21 81.26 81.19 81.2 3300.0 81.21 1200.0 22746.0 15272.0 7474.0 0.0 81.2251
13:19:00 197.0 16460.0 80.39 81.17 81.22 81.16 81.15 672.0 81.16 3900.0 16460.0 7558.0 8902.0 0.0 81.1882
13:20:00 258.0 23827.0 80.39 81.19 81.225 81.15 81.19 1556.0 81.2 3600.0 23827.0 15140.0 8687.0 0.0 81.1879
13:21:00 176.0 10748.0 80.39 81.21 81.22 81.19 81.21 1200.0 81.22 2600.0 10748.0 5532.0 5216.0 0.0 81.2027
13:22:00 187.0 10981.0 80.39 81.27 81.28 81.22 81.26 706.0 81.27 4400.0 10981.0 6849.0 4132.0 0.0 81.2539
13:23:00 225.0 19349.0 80.39 81.35 81.35 81.26 81.34 2983.0 81.35 400.0 19349.0 13523.0 5826.0 0.0 81.3171
13:24:00 184.0 15042.0 80.39 81.325 81.38 81.325 81.32 4369.0 81.33 1578.0 15042.0 4109.0 10933.0 0.0 81.3567
13:25:00 236.0 21771.0 80.39 81.24 81.34 81.235 81.24 100.0 81.25 4300.0 21771.0 11496.0 10275.0 0.0 81.2802
13:26:00 220.0 15575.0 80.39 81.24 81.24 81.18 81.24 2709.0 81.25 913.0 15575.0 10534.0 5041.0 0.0 81.2121
13:27:00 139.0 10174.0 80.39 81.26 81.28 81.23 81.26 1800.0 81.27 2600.0 10174.0 4904.0 5270.0 0.0 81.2547
13:28:00 188.0 16357.0 80.39 81.23 81.26 81.2 81.23 690.0 81.24 7329.0 16357.0 8492.0 7865.0 0.0 81.2167
13:29:00 176.0 15628.0 80.39 81.285 81.3 81.23 81.28 2501.0 81.29 1100.0 15628.0 11029.0 4599.0 0.0 81.2634
13:30:00 256.0 22040.0 80.39 81.31 81.32 81.27 81.3 2758.0 81.31 912.0 22040.0 13226.0 8814.0 0.0 81.296
13:31:00 232.0 17842.0 80.39 81.325 81.335 81.265 81.32 3546.0 81.33 400.0 17842.0 11652.0 6190.0 0.0 81.3006
13:32:00 221.0 17984.0 80.39 81.35 81.37 81.33 81.35 4261.0 81.36 542.0 17984.0 6358.0 11626.0 0.0 81.3505
13:33:00 289.0 20970.0 80.39 81.4 81.42 81.36 81.39 2659.0 81.4 1309.0 20970.0 12976.0 7994.0 0.0 81.3949
13:34:00 332.0 23411.0 80.39 81.495 81.495 81.39 81.49 2057.0 81.5 25054.0 23411.0 13554.0 9857.0 0.0 81.4337
13:35:00 450.0 47989.0 80.39 81.5 81.51 81.47 81.49 3765.0 81.5 1700.0 47989.0 35823.0 12166.0 0.0 81.496
13:36:00 253.0 22581.0 80.39 81.49 81.52 81.46 81.49 222.0 81.5 4527.0 22581.0 13206.0 9375.0 0.0 81.4799
13:37:00 319.0 20749.0 80.39 81.48 81.5 81.47 81.47 2113.0 81.48 1003.0 20749.0 11230.0 9519.0 0.0 81.4829
13:38:00 252.0 24346.0 80.39 81.47 81.49 81.45 81.46 2806.0 81.47 999.0 24346.0 12794.0 11552.0 0.0 81.4734
13:39:00 229.0 19352.0 80.39 81.47 81.485 81.45 81.46 1014.0 81.47 3103.0 19352.0 10186.0 9166.0 0.0 81.4676
13:40:00 216.0 16172.0 80.39 81.4 81.48 81.4 81.39 2220.0 81.4 1601.0 16172.0 6689.0 9483.0 0.0 81.4422
13:41:00 354.0 30438.0 80.39 81.35 81.41 81.32 81.35 2033.0 81.36 2648.0 30438.0 15015.0 15423.0 0.0 81.358
13:42:00 256.0 15617.0 80.39 81.32 81.35 81.3 81.31 3951.0 81.32 200.0 15617.0 8951.0 6666.0 0.0 81.3314
13:43:00 206.0 16468.0 80.39 81.33 81.34 81.285 81.33 2140.0 81.34 2695.0 16468.0 10127.0 6341.0 0.0 81.3093
13:44:00 168.0 13160.0 80.39 81.325 81.37 81.325 81.32 231.0 81.33 3300.0 13160.0 7093.0 6067.0 0.0 81.3467
13:45:00 154.0 11344.0 80.39 81.295 81.35 81.295 81.29 4879.0 81.3 900.0 11344.0 4668.0 6676.0 0.0 81.3194
13:46:00 281.0 26912.0 80.39 81.23 81.31 81.21 81.23 2400.0 81.24 1750.0 26912.0 13470.0 13442.0 0.0 81.2551
13:47:00 217.0 14911.0 80.39 81.19 81.24 81.185 81.19 3428.0 81.2 2006.0 14911.0 4975.0 9936.0 0.0 81.2081
13:48:00 260.0 20072.0 80.39 81.15 81.2 81.105 81.14 2439.0 81.15 500.0 20072.0 10264.0 9808.0 0.0 81.1616
13:49:00 286.0 20600.0 80.39 81.17 81.17 81.115 81.17 745.0 81.18 3089.0 20600.0 12109.0 8491.0 0.0 81.1509
13:50:00 210.0 16663.0 80.39 81.12 81.18 81.119 81.12 100.0 81.13 5601.0 16663.0 8899.0 7764.0 0.0 81.1487
13:51:00 352.0 30259.0 80.39 81.045 81.13 81.04 81.04 993.0 81.05 4820.0 30259.0 13170.0 17089.0 0.0 81.0994
13:52:00 292.0 22660.0 80.39 81.01 81.06 81.01 81.01 2470.0 81.02 2900.0 22660.0 10509.0 12151.0 0.0 81.0313
13:53:00 212.0 16075.0 80.39 81.09 81.09 81.005 81.08 3166.0 81.09 3200.0 16075.0 11714.0 4361.0 0.0 81.0432
13:54:00 95.0 7555.0 80.39 81.085 81.12 81.085 81.08 3854.0 81.09 1283.0 7555.0 3568.0 3987.0 0.0 81.1004
13:55:00 220.0 17906.0 80.39 81.139 81.14 81.09 81.13 3371.0 81.14 910.0 17906.0 11040.0 6866.0 0.0 81.1048
13:56:00 359.0 28539.0 80.39 81.17 81.18 81.105 81.16 1627.0 81.17 3524.0 28539.0 18351.0 10188.0 0.0 81.1486
13:57:00 139.0 11208.0 80.39 81.15 81.17 81.14 81.15 4120.0 81.16 1317.0 11208.0 4249.0 6959.0 0.0 81.1507
13:58:00 182.0 16414.0 80.39 81.13 81.15 81.11 81.12 2319.0 81.13 3700.0 16414.0 6507.0 9907.0 0.0 81.1264
13:59:00 147.0 11730.0 80.39 81.16 81.16 81.12 81.15 3044.0 81.16 2347.0 11730.0 8250.0 3480.0 0.0 81.1447
14:00:00 159.0 12268.0 80.39 81.16 81.19 81.14 81.15 1668.0 81.16 100.0 12268.0 5550.0 6718.0 0.0 81.1689
14:01:00 312.0 22807.0 80.39 81.16 81.2 81.105 81.16 142.0 81.17 3723.0 22807.0 12534.0 10273.0 0.0 81.1607
14:02:00 247.0 20749.0 80.39 81.14 81.2 81.14 81.14 2988.0 81.15 1200.0 20749.0 12396.0 8353.0 0.0 81.1655
14:03:00 432.0 47239.0 80.39 81.02 81.149 81.0 81.01 2454.0 81.02 2112.0 47239.0 30028.0 17211.0 0.0 81.0331
14:04:00 471.0 37786.0 80.39 81.01 81.09 81.005 81.0 6767.0 81.01 5800.0 37786.0 17284.0 20502.0 0.0 81.0387
14:05:00 324.0 35316.0 80.39 81.04 81.06 81.01 81.03 4745.0 81.04 1424.0 35316.0 24325.0 10991.0 0.0 81.0267
14:06:00 439.0 40209.0 80.39 81.035 81.07 81.01 81.03 2878.0 81.04 975.0 40209.0 19665.0 20544.0 0.0 81.0368
14:07:00 270.0 21364.0 80.39 81.09 81.11 81.035 81.08 3587.0 81.09 606.0 21364.0 12994.0 8370.0 0.0 81.0772
14:08:00 189.0 10320.0 80.39 81.14 81.15 81.07 81.14 1112.0 81.15 3050.0 10320.0 4785.0 5535.0 0.0 81.1099
14:09:00 252.0 19696.0 80.39 81.18 81.19 81.125 81.17 3738.0 81.18 1300.0 19696.0 11274.0 8422.0 0.0 81.1527
14:10:00 292.0 22231.0 80.39 81.14 81.2 81.13 81.13 4003.0 81.14 711.0 22231.0 7902.0 14329.0 0.0 81.1759
14:11:00 250.0 17694.0 80.39 81.209 81.22 81.13 81.2 320.0 81.21 4005.0 17694.0 10146.0 7548.0 0.0 81.1847
14:12:00 157.0 11062.0 80.39 81.19 81.21 81.18 81.19 942.0 81.2 4100.0 11062.0 4775.0 6287.0 0.0 81.1997
14:13:00 189.0 10537.0 80.39 81.225 81.225 81.19 81.22 4796.0 81.23 1481.0 10537.0 6046.0 4491.0 0.0 81.2037
14:14:00 190.0 13788.0 80.39 81.22 81.24 81.2 81.21 1199.0 81.22 3546.0 13788.0 4519.0 9269.0 0.0 81.2205
14:15:00 278.0 33351.0 80.39 81.045 81.21 81.045 81.04 2324.0 81.05 1697.0 33351.0 7344.0 26007.0 0.0 81.1003
14:16:00 236.0 14007.0 80.39 81.11 81.11 81.05 81.1 4166.0 81.11 669.0 14007.0 6834.0 7173.0 0.0 81.0843
14:17:00 249.0 22026.0 80.39 81.01 81.11 81.01 81.01 100.0 81.02 6063.0 22026.0 4401.0 17625.0 0.0 81.0542
14:18:00 296.0 22303.0 80.39 81.03 81.06 81.01 81.03 3632.0 81.04 1021.0 22303.0 15237.0 7066.0 0.0 81.0332
14:19:00 170.0 14055.0 80.39 81.079 81.08 81.03 81.07 4365.0 81.08 492.0 14055.0 7032.0 7023.0 0.0 81.0642
14:20:00 286.0 22377.0 80.39 81.0 81.08 81.0 81.0 803.0 81.01 5692.0 22377.0 6644.0 15733.0 0.0 81.0429
14:21:00 396.0 33731.0 80.39 81.04 81.07 81.01 81.04 502.0 81.05 2300.0 33731.0 16523.0 17208.0 0.0 81.042
14:22:00 259.0 20660.0 80.39 80.98 81.05 80.98 80.98 3195.0 80.99 3403.0 20660.0 7804.0 12856.0 0.0 81.0133
14:23:00 357.0 35106.0 80.39 81.005 81.03 80.96 81.0 3273.0 81.01 1101.0 35106.0 17909.0 17197.0 0.0 80.9906
14:24:00 252.0 22616.0 80.39 81.0 81.02 80.98 80.99 1400.0 81.0 4332.0 22616.0 14262.0 8354.0 0.0 81.0035
14:25:00 300.0 25378.0 80.39 81.0 81.01 80.985 80.99 4962.0 81.0 1135.0 25378.0 10457.0 14921.0 0.0 81.0015
14:26:00 276.0 21651.0 80.39 80.92 81.01 80.92 80.92 121.0 80.92 900.0 21651.0 8173.0 13478.0 0.0 80.9565
14:27:00 359.0 33414.0 80.39 80.97 80.97 80.915 80.96 6794.0 80.97 300.0 33414.0 24946.0 8468.0 0.0 80.9412
14:28:00 273.0 23735.0 80.39 80.97 81.0 80.95 80.97 2200.0 80.98 3610.0 23735.0 10586.0 13149.0 0.0 80.9763
14:29:00 203.0 13677.0 80.39 80.99 80.99 80.965 80.99 1199.0 81.0 4673.0 13677.0 7727.0 5950.0 0.0 80.9796
14:30:00 197.0 17245.0 80.39 81.0 81.045 80.99 80.99 4165.0 81.0 1215.0 17245.0 7719.0 9526.0 0.0 81.0118
14:31:00 240.0 19814.0 80.39 80.94 81.01 80.93 80.93 3402.0 80.94 1400.0 19814.0 8117.0 11697.0 0.0 80.9692
14:32:00 204.0 14370.0 80.39 80.99 80.99 80.93 80.98 1800.0 80.99 3108.0 14370.0 9573.0 4797.0 0.0 80.9672
14:33:00 288.0 26435.0 80.39 81.04 81.04 80.975 81.03 3867.0 81.04 520.0 26435.0 16253.0 10182.0 0.0 81.0054
14:34:00 502.0 48249.0 80.39 81.09 81.12 81.03 81.09 2351.0 81.1 4692.0 48249.0 31609.0 16640.0 0.0 81.0743
14:35:00 253.0 19907.0 80.39 81.08 81.09 81.04 81.08 4110.0 81.09 3000.0 19907.0 8399.0 11508.0 0.0 81.0675
14:36:00 261.0 20359.0 80.39 81.04 81.09 81.03 81.03 4259.0 81.04 2339.0 20359.0 7253.0 13106.0 0.0 81.057
14:37:00 175.0 13294.0 80.39 81.01 81.05 81.01 81.01 2600.0 81.02 3571.0 13294.0 4759.0 8535.0 0.0 81.0313
14:38:00 168.0 13547.0 80.39 81.04 81.05 81.0 81.03 3795.0 81.04 2600.0 13547.0 7380.0 6167.0 0.0 81.0306
14:39:00 253.0 19512.0 80.39 81.07 81.08 81.04 81.07 2752.0 81.08 3542.0 19512.0 9288.0 10224.0 0.0 81.0623
14:40:00 168.0 13094.0 80.39 81.03 81.07 81.03 81.03 1133.0 81.04 3700.0 13094.0 5161.0 7933.0 0.0 81.0515
14:41:00 177.0 13421.0 80.39 81.03 81.04 81.03 81.03 1356.0 81.04 5089.0 13421.0 8889.0 4532.0 0.0 81.0358
14:42:00 232.0 19365.0 80.39 80.99 81.03 80.99 80.99 799.0 81.0 4779.0 19365.0 7343.0 12022.0 0.0 81.0131
14:43:00 248.0 23363.0 80.39 81.02 81.02 80.99 81.01 3155.0 81.02 4804.0 23363.0 14046.0 9317.0 0.0 81.0031
14:44:00 182.0 16418.0 80.39 80.98 81.02 80.97 80.97 3400.0 80.98 3831.0 16418.0 6191.0 10227.0 0.0 80.9954
14:45:00 419.0 37648.0 80.39 80.935 80.99 80.92 80.93 987.0 80.94 7878.0 37648.0 13732.0 23916.0 0.0 80.946
14:46:00 326.0 28437.0 80.39 80.945 80.95 80.9 80.94 2630.0 80.95 3888.0 28437.0 18488.0 9949.0 0.0 80.9259
14:47:00 239.0 15168.0 80.39 80.93 80.955 80.93 80.93 3072.0 80.94 5781.0 15168.0 8272.0 6896.0 0.0 80.9458
14:48:00 346.0 29438.0 80.39 80.86 80.94 80.82 80.85 2501.0 80.86 3300.0 29438.0 13298.0 16140.0 0.0 80.8837
14:49:00 444.0 45016.0 80.39 80.83 80.85 80.77 80.82 4966.0 80.83 230.0 45016.0 24865.0 20151.0 0.0 80.8103
14:50:00 212.0 17415.0 80.39 80.835 80.84 80.82 80.83 4157.0 80.84 3654.0 17415.0 11048.0 6367.0 0.0 80.8346
14:51:00 340.0 29690.0 80.39 80.855 80.88 80.835 80.85 4478.0 80.86 300.0 29690.0 19640.0 10050.0 0.0 80.8559
14:52:00 151.0 12099.0 80.39 80.855 80.88 80.855 80.85 2384.0 80.86 3910.0 12099.0 4719.0 7380.0 0.0 80.8681
14:53:00 422.0 35153.0 80.39 80.82 80.88 80.805 80.81 2387.0 80.82 2497.0 35153.0 18271.0 16882.0 0.0 80.8343
14:54:00 314.0 27102.0 80.39 80.85 80.87 80.81 80.84 4708.0 80.85 2408.0 27102.0 13864.0 13238.0 0.0 80.8482
14:55:00 503.0 38132.0 80.39 80.82 80.855 80.8 80.81 3975.0 80.82 1292.0 38132.0 22744.0 15388.0 0.0 80.8328
14:56:00 381.0 29303.0 80.39 80.75 80.84 80.74 80.74 779.0 80.75 4562.0 29303.0 12523.0 16780.0 0.0 80.7773
14:57:00 388.0 39074.0 80.39 80.735 80.74 80.69 80.73 1598.0 80.74 4338.0 39074.0 29333.0 9741.0 0.0 80.7092
14:58:00 282.0 21967.0 80.39 80.69 80.765 80.685 80.68 3171.0 80.69 3900.0 21967.0 8710.0 13257.0 0.0 80.7274
14:59:00 300.0 22314.0 80.39 80.645 80.695 80.645 80.64 1724.0 80.65 5620.0 22314.0 11365.0 10949.0 0.0 80.6785
15:00:00 323.0 24039.0 80.39 80.64 80.65 80.615 80.63 6011.0 80.64 1810.0 24039.0 13800.0 10239.0 0.0 80.6342
15:01:00 534.0 44289.0 80.39 80.71 80.71 80.61 80.7 5109.0 80.71 1125.0 44289.0 26329.0 17960.0 0.0 80.6621
15:02:00 308.0 19693.0 80.39 80.79 80.8 80.71 80.78 4119.0 80.79 2700.0 19693.0 12257.0 7436.0 0.0 80.751
15:03:00 231.0 15082.0 80.39 80.78 80.8 80.755 80.78 2642.0 80.79 3200.0 15082.0 7337.0 7745.0 0.0 80.7786
15:04:00 394.0 29188.0 80.39 80.825 80.88 80.79 80.82 1602.0 80.83 4301.0 29188.0 15786.0 13402.0 0.0 80.8443
15:05:00 354.0 31678.0 80.39 80.84 80.86 80.81 80.84 1282.0 80.85 4900.0 31678.0 17812.0 13866.0 0.0 80.8328
15:06:00 524.0 38220.0 80.39 80.87 80.89 80.81 80.86 4462.0 80.87 2200.0 38220.0 18699.0 19521.0 0.0 80.844
15:07:00 246.0 15544.0 80.39 80.84 80.89 80.84 80.84 753.0 80.85 5600.0 15544.0 5766.0 9778.0 0.0 80.8617
15:08:00 197.0 13491.0 80.39 80.825 80.86 80.82 80.82 1596.0 80.83 9711.0 13491.0 5501.0 7990.0 0.0 80.8357
15:09:00 448.0 33576.0 80.39 80.76 80.82 80.74 80.75 4276.0 80.76 910.0 33576.0 14905.0 18671.0 0.0 80.7785
15:10:00 366.0 24352.0 80.39 80.795 80.83 80.755 80.79 1700.0 80.8 8922.0 24352.0 17831.0 6521.0 0.0 80.7976
15:11:00 284.0 23408.0 80.39 80.79 80.83 80.785 80.78 1082.0 80.79 6700.0 23408.0 12600.0 10808.0 0.0 80.8067
15:12:00 292.0 20128.0 80.39 80.79 80.81 80.765 80.78 1300.0 80.79 6485.0 20128.0 13593.0 6535.0 0.0 80.783
15:13:00 428.0 38109.0 80.39 80.78 80.795 80.75 80.78 4572.0 80.79 2000.0 38109.0 26873.0 11236.0 0.0 80.7711
15:14:00 241.0 18881.0 80.39 80.77 80.79 80.755 80.76 4018.0 80.77 3700.0 18881.0 9072.0 9809.0 0.0 80.7755
15:15:00 549.0 51790.0 80.39 80.735 80.77 80.705 80.73 3153.0 80.74 3960.0 51790.0 26989.0 24801.0 0.0 80.7356
15:16:00 465.0 39332.0 80.39 80.7 80.75 80.65 80.69 5168.0 80.7 1992.0 39332.0 23446.0 15886.0 0.0 80.7034
15:17:00 441.0 32731.0 80.39 80.745 80.77 80.695 80.74 4003.0 80.75 4065.0 32731.0 18069.0 14662.0 0.0 80.7422
15:18:00 437.0 28206.0 80.39 80.78 80.79 80.75 80.78 1700.0 80.79 5499.0 28206.0 17711.0 10495.0 0.0 80.7711
15:19:00 378.0 27343.0 80.39 80.815 80.82 80.77 80.81 3312.0 80.82 5140.0 27343.0 16894.0 10449.0 0.0 80.7986
15:20:00 534.0 37866.0 80.39 80.85 80.86 80.795 80.84 3988.0 80.85 3100.0 37866.0 22347.0 15519.0 0.0 80.8352
15:21:00 530.0 39906.0 80.39 80.795 80.845 80.785 80.79 4354.0 80.8 2659.0 39906.0 18285.0 21621.0 0.0 80.8148
15:22:00 375.0 29238.0 80.39 80.84 80.845 80.79 80.83 2805.0 80.84 6003.0 29238.0 20413.0 8825.0 0.0 80.8184
15:23:00 507.0 44595.0 80.39 80.91 80.93 80.825 80.9 3200.0 80.91 4251.0 44595.0 33444.0 11151.0 0.0 80.8793
15:24:00 420.0 29946.0 80.39 80.91 80.95 80.89 80.91 2400.0 80.92 6556.0 29946.0 11414.0 18532.0 0.0 80.9256
15:25:00 365.0 34140.0 80.39 80.91 80.95 80.89 80.9 3196.0 80.91 3792.0 34140.0 18784.0 15356.0 0.0 80.9133
15:26:00 360.0 32819.0 80.39 80.915 80.935 80.905 80.91 4010.0 80.92 2858.0 32819.0 16251.0 16568.0 0.0 80.9192
15:27:00 328.0 22237.0 80.39 80.94 80.955 80.91 80.94 1463.0 80.95 7458.0 22237.0 17508.0 4729.0 0.0 80.9317
15:28:00 358.0 27551.0 80.39 80.91 80.95 80.88 80.91 2600.0 80.92 4600.0 27551.0 13300.0 14251.0 0.0 80.9151
15:29:00 251.0 19173.0 80.39 80.95 80.95 80.919 80.94 4971.0 80.95 3585.0 19173.0 11914.0 7259.0 0.0 80.9315
15:30:00 393.0 39718.0 80.39 80.995 81.02 80.94 80.99 3220.0 81.0 5258.0 39718.0 28673.0 11045.0 0.0 80.9872
15:31:00 427.0 39448.0 80.39 81.04 81.055 81.0 81.04 5199.0 81.05 3345.0 39448.0 26094.0 13354.0 0.0 81.0292
15:32:00 392.0 38778.0 80.39 81.06 81.075 81.035 81.06 3877.0 81.07 3000.0 38778.0 21422.0 17356.0 0.0 81.0523
15:33:00 433.0 38606.0 80.39 81.085 81.1 81.06 81.08 2666.0 81.09 5400.0 38606.0 19112.0 19494.0 0.0 81.0753
15:34:00 291.0 27053.0 80.39 81.015 81.08 81.0 81.01 3000.0 81.02 5115.0 27053.0 8841.0 18212.0 0.0 81.0428
15:35:00 374.0 31029.0 80.39 81.0 81.035 80.97 80.99 2126.0 81.0 5904.0 31029.0 16425.0 14604.0 0.0 81.0121
15:36:00 282.0 28502.0 80.39 80.99 81.01 80.97 80.99 2540.0 81.0 6805.0 28502.0 15067.0 13435.0 0.0 80.9916
15:37:00 459.0 40718.0 80.39 81.0 81.01 80.97 80.99 4853.0 81.0 2401.0 40718.0 23772.0 16946.0 0.0 80.9906
15:38:00 385.0 44433.0 80.39 80.96 80.995 80.945 80.95 5201.0 80.96 6911.0 44433.0 16725.0 27708.0 0.0 80.9705
15:39:00 469.0 41974.0 80.39 80.96 81.02 80.945 80.95 3749.0 80.96 4109.0 41974.0 26122.0 15852.0 0.0 80.9801
15:40:00 298.0 26017.0 80.39 80.92 80.96 80.91 80.92 1000.0 80.93 7610.0 26017.0 12373.0 13644.0 0.0 80.9305
15:41:00 369.0 37018.0 80.39 80.92 80.93 80.88 80.92 835.0 80.93 11725.0 37018.0 16970.0 20048.0 0.0 80.905
15:42:00 398.0 33228.0 80.39 80.91 80.945 80.9 80.91 2952.0 80.92 8300.0 33228.0 18654.0 14574.0 0.0 80.9216
15:43:00 528.0 59461.0 80.39 80.9 80.945 80.865 80.89 3505.0 80.9 5745.0 59461.0 32867.0 26594.0 0.0 80.9092
15:44:00 370.0 33484.0 80.39 80.89 80.92 80.87 80.89 2801.0 80.9 11529.0 33484.0 19872.0 13612.0 0.0 80.8964
15:45:00 399.0 37369.0 80.39 80.87 80.905 80.86 80.87 5608.0 80.88 9907.0 37369.0 22084.0 15285.0 0.0 80.8854
15:46:00 783.0 76858.0 80.39 80.925 80.95 80.875 80.92 7263.0 80.93 11600.0 76858.0 46805.0 30053.0 0.0 80.9134
15:47:00 608.0 87193.0 80.39 80.87 80.945 80.86 80.87 8174.0 80.88 6717.0 87193.0 53948.0 33245.0 0.0 80.9025
15:48:00 510.0 58853.0 80.39 80.81 80.88 80.79 80.8 10033.0 80.81 15995.0 58853.0 35480.0 23373.0 0.0 80.8364
15:49:00 677.0 77193.0 80.39 80.82 80.855 80.81 80.81 9474.0 80.82 2115.0 77193.0 50823.0 26370.0 0.0 80.8266
15:50:00 659.0 63885.0 80.39 80.78 80.86 80.76 80.77 1100.0 80.78 3385.0 63885.0 41513.0 22372.0 0.0 80.8172
15:51:00 1638.0 213763.0 80.39 80.87 80.97 80.77 80.86 6611.0 80.87 2224.0 213763.0 144304.0 69459.0 0.0 80.8588
15:52:00 865.0 108142.0 80.39 80.87 80.88 80.82 80.87 8807.0 80.88 695.0 108142.0 76359.0 31783.0 0.0 80.8481
15:53:00 665.0 64048.0 80.39 80.88 80.9 80.85 80.87 4971.0 80.88 9293.0 64048.0 36283.0 27765.0 0.0 80.8754
15:54:00 735.0 78021.0 80.39 80.81 80.87 80.81 80.8 6335.0 80.81 6792.0 78021.0 41685.0 36336.0 0.0 80.8399
15:55:00 889.0 99674.0 80.39 80.815 80.84 80.8 80.81 1501.0 80.82 8505.0 99674.0 61456.0 38218.0 0.0 80.8211
15:56:00 1261.0 160141.0 80.39 80.74 80.82 80.715 80.73 6629.0 80.74 5842.0 160141.0 72303.0 87838.0 0.0 80.7592
15:57:00 772.0 66574.0 80.39 80.67 80.73 80.65 80.66 11817.0 80.67 4057.0 66574.0 21175.0 45399.0 0.0 80.6893
15:58:00 1259.0 126850.0 80.39 80.57 80.67 80.56 80.57 4740.0 80.58 6439.0 126850.0 59022.0 67828.0 0.0 80.6076
15:59:00 1376.0 124594.0 80.39 80.545 80.6 80.52 80.54 4152.0 80.55 3525.0 124594.0 47997.0 76597.0 0.0 80.5609
16:00:00 3070.0 354922.0 80.39 80.54 80.64 80.48 80.52 8200.0 80.54 24414.0 354922.0 133002.0 221920.0 0.0 80.5589
16:01:00 7.0 117.0 80.39 80.54 80.54 80.53 80.52 8100.0 80.53 40.0 117.0 90.0 27.0 0.0 80.54
16:02:00 6.0 421.0 80.39 80.53 80.53 80.5 80.53 1468.0 80.53 20.0 421.0 20.0 401.0 0.0 80.5276
16:03:00 1.0 0.0 80.39 80.53 80.53 80.53 80.53 1468.0 80.53 20.0 nan 0.0 0.0 0.0 nan
16:04:00 10.0 1502.0 80.39 80.52 80.54 80.5 80.52 8100.0 80.52 3.0 1502.0 22.0 1480.0 0.0 80.53
16:05:00 9.0 648.0 80.39 80.53 80.53 80.5 80.52 8100.0 80.51 33.0 648.0 3.0 645.0 0.0 80.5138
16:06:00 9.0 20.0 80.39 80.41 80.51 80.41 80.52 8100.0 80.48 10.0 20.0 13.0 7.0 0.0 80.488
16:07:00 7.0 42.0 80.39 80.41 80.51 80.41 80.52 8100.0 80.51 19.0 42.0 12.0 30.0 0.0 80.46
16:08:00 0.0 0.0 80.39 80.41 nan nan 80.52 8100.0 80.46 39.0 nan 0.0 0.0 0.0 nan
16:09:00 2.0 27.0 80.39 80.45 80.46 80.45 80.52 8100.0 80.46 19.0 27.0 20.0 7.0 0.0 80.4574
16:10:00 10.0 98.0 80.39 80.53 80.53 80.43 80.52 8100.0 80.53 96.0 98.0 57.0 41.0 0.0 80.4894
16:11:00 2.0 0.0 80.39 80.535 80.535 80.52 80.53 154.0 80.54 24607.0 nan 0.0 0.0 0.0 nan
16:12:00 8.0 216.0 80.39 80.53 80.54 80.53 80.53 138.0 80.54 24607.0 216.0 200.0 16.0 0.0 80.5393
16:13:00 5.0 248.0 80.39 80.52 80.53 80.52 80.52 8100.0 80.52 15.0 248.0 10.0 238.0 0.0 80.5256
16:14:00 4.0 16.0 80.39 80.53 80.53 80.52 80.52 8100.0 80.53 46.0 16.0 16.0 0.0 0.0 80.5206
16:15:00 2.0 7.0 80.39 80.45 80.5 80.45 80.52 8100.0 80.5 91.0 7.0 0.0 7.0 0.0 80.4857
16:16:00 11.0 1564.0 80.39 80.45 80.45 80.41 80.52 8100.0 80.45 500.0 1564.0 1500.0 64.0 0.0 80.4499
16:17:00 3.0 516.0 80.39 80.4 80.45 80.4 80.52 8100.0 80.48 9.0 516.0 500.0 16.0 0.0 80.4485
16:18:00 0.0 0.0 80.39 80.4 nan nan 80.52 8100.0 80.47 46.0 nan 0.0 0.0 0.0 nan
16:19:00 0.0 0.0 80.39 80.4 nan nan 80.52 8100.0 80.47 46.0 nan 0.0 0.0 0.0 nan
16:20:00 4.0 10.0 80.39 80.5 80.5 80.47 80.52 8100.0 80.5 96.0 10.0 10.0 0.0 0.0 80.481
16:21:00 0.0 0.0 80.39 80.5 nan nan 80.52 8100.0 80.5 96.0 nan 0.0 0.0 0.0 nan
16:22:00 6.0 70.0 80.39 80.5 80.5 80.46 80.52 8100.0 80.52 1000.0 70.0 61.0 9.0 0.0 80.4953
16:23:00 0.0 0.0 80.39 80.5 nan nan 80.52 8100.0 80.48 100.0 nan 0.0 0.0 0.0 nan
16:24:00 0.0 0.0 80.39 80.5 nan nan 80.52 8100.0 80.47 100.0 nan 0.0 0.0 0.0 nan
16:25:00 6.0 532.0 80.39 80.45 80.48 80.45 80.52 8100.0 80.52 1000.0 532.0 0.0 532.0 0.0 80.4514
16:26:00 1.0 0.0 80.39 80.51 80.51 80.51 80.52 8100.0 80.52 1020.0 nan 0.0 0.0 0.0 nan
16:27:00 1.0 100.0 80.39 80.47 80.47 80.47 80.52 8100.0 80.48 5.0 100.0 0.0 100.0 0.0 80.47
16:28:00 1.0 2.0 80.39 80.48 80.48 80.48 80.52 8100.0 80.48 2.0 2.0 2.0 0.0 0.0 80.48
16:29:00 1.0 2.0 80.39 80.48 80.48 80.48 80.52 8100.0 80.48 5.0 2.0 2.0 0.0 0.0 80.48
16:30:00 1.0 20.0 80.39 80.42 80.42 80.42 80.52 8100.0 80.48 5.0 20.0 0.0 20.0 0.0 80.42
16:31:00 0.0 0.0 80.39 80.42 nan nan 80.52 8100.0 80.48 5.0 nan 0.0 0.0 0.0 nan
16:32:00 3.0 6.0 80.39 80.48 80.5 80.48 80.52 8100.0 80.5 49.0 6.0 6.0 0.0 0.0 80.4833
16:33:00 0.0 0.0 80.39 80.48 nan nan 80.52 8100.0 80.5 49.0 nan 0.0 0.0 0.0 nan
16:34:00 3.0 67.0 80.39 80.5 80.5 80.42 80.52 8100.0 80.5 24.0 67.0 25.0 42.0 0.0 80.4499
16:35:00 4.0 17.0 80.39 80.42 80.47 80.42 80.52 8100.0 80.5 24.0 17.0 0.0 17.0 0.0 80.47
16:36:00 10.0 1330.0 80.39 80.52 80.52 80.43 80.52 8100.0 80.53 55.0 1330.0 1024.0 306.0 0.0 80.5196
16:37:00 2.0 7.0 80.39 80.53 80.53 80.53 80.52 8100.0 80.53 48.0 7.0 7.0 0.0 0.0 80.53
16:38:00 1.0 3.0 80.39 80.53 80.53 80.53 80.52 8100.0 80.53 45.0 3.0 3.0 0.0 0.0 80.53
16:39:00 1.0 6.0 80.39 80.42 80.42 80.42 80.52 8100.0 80.53 45.0 6.0 0.0 6.0 0.0 80.42
16:40:00 1.0 1.0 80.39 80.42 80.42 80.42 80.52 8100.0 80.53 45.0 1.0 0.0 1.0 0.0 80.42
16:41:00 1.0 5.0 80.39 80.5 80.5 80.5 80.52 8100.0 80.53 45.0 5.0 0.0 5.0 0.0 80.5
16:42:00 3.0 87.0 80.39 80.5 80.52 80.5 80.52 8100.0 80.53 45.0 87.0 0.0 87.0 0.0 80.5195
16:43:00 0.0 0.0 80.39 80.5 nan nan 80.52 8100.0 80.53 45.0 nan 0.0 0.0 0.0 nan
16:44:00 1.0 66.0 80.39 80.53 80.53 80.53 80.52 8100.0 80.46 3.0 66.0 0.0 66.0 0.0 80.53
16:45:00 1.0 2.0 80.39 80.42 80.42 80.42 80.52 8100.0 80.5 100.0 2.0 0.0 2.0 0.0 80.42
16:46:00 2.0 11.0 80.39 80.49 80.49 80.49 80.52 8100.0 80.5 100.0 11.0 0.0 11.0 0.0 80.49
16:47:00 1.0 90.0 80.39 80.5 80.5 80.5 80.52 8100.0 80.5 10.0 90.0 90.0 0.0 0.0 80.5
16:48:00 0.0 0.0 80.39 80.5 nan nan 80.52 8100.0 80.5 10.0 nan 0.0 0.0 0.0 nan
16:49:00 0.0 0.0 80.39 80.5 nan nan 80.52 8100.0 80.53 58.0 nan 0.0 0.0 0.0 nan
16:50:00 11.0 361.0 80.39 80.5 80.54 80.5 80.52 8105.0 80.54 24536.0 361.0 200.0 161.0 0.0 80.5207
16:51:00 1.0 5.0 80.39 80.52 80.52 80.52 80.52 8100.0 80.5 2.0 5.0 0.0 5.0 0.0 80.52
16:52:00 0.0 0.0 80.39 80.52 nan nan 80.52 8100.0 80.5 302.0 nan 0.0 0.0 0.0 nan
16:53:00 2.0 100.0 80.39 80.5 80.5 80.5 80.52 8100.0 80.5 202.0 100.0 100.0 0.0 0.0 80.5
16:54:00 0.0 0.0 80.39 80.5 nan nan 80.52 8100.0 80.5 202.0 nan 0.0 0.0 0.0 nan
16:55:00 2.0 2.0 80.39 80.5 80.5 80.5 80.52 8100.0 80.5 200.0 2.0 2.0 0.0 0.0 80.5
16:56:00 0.0 0.0 80.39 80.5 nan nan 80.52 8100.0 80.5 200.0 nan 0.0 0.0 0.0 nan
16:57:00 2.0 201.0 80.39 80.5 80.5 80.5 80.52 8100.0 80.53 10.0 201.0 200.0 1.0 0.0 80.5
16:58:00 5.0 1849.0 80.39 80.5 80.5 80.495 80.52 8100.0 80.53 10.0 1849.0 0.0 1849.0 0.0 80.5
16:59:00 3.0 44.0 80.39 80.48 80.48 80.48 80.52 8100.0 80.52 20.0 44.0 0.0 44.0 0.0 80.48
17:00:00 0.0 0.0 80.39 80.48 nan nan 80.52 8100.0 80.53 10.0 nan 0.0 0.0 0.0 nan
