time trade_count trade_volume trade_first trade_last trade_high trade_low bid_price bid_size ask_price ask_size hid_vol buy_vol sell_vol unsided_vol vwap
09:00:00 nan 2038.0 83.6 83.55 83.61 83.55 83.53 5.0 83.56 100.0 2038.0 703.0 1335.0 0.0 83.5773
09:01:00 56.0 2497.0 83.6 83.38 83.53 83.35 83.36 100.0 83.4 1399.0 2497.0 934.0 1563.0 0.0 83.4798
09:02:00 77.0 2197.0 83.6 83.27 83.4 83.26 83.27 100.0 83.32 300.0 2197.0 955.0 1242.0 0.0 83.3324
09:03:00 16.0 550.0 83.6 83.25 83.32 83.23 83.22 210.0 83.3 100.0 550.0 240.0 310.0 0.0 83.2543
09:04:00 73.0 20789.0 83.6 83.2 83.27 83.18 83.19 200.0 83.27 229.0 20789.0 19826.0 963.0 0.0 83.2104
09:05:00 50.0 1018.0 83.6 83.29 83.32 83.2 83.27 500.0 83.3 200.0 1018.0 450.0 568.0 0.0 83.2604
09:06:00 8.0 153.0 83.6 83.34 83.34 83.27 83.31 500.0 83.35 15.0 153.0 103.0 50.0 0.0 83.3167
09:07:00 17.0 1245.0 83.6 83.4 83.4 83.35 83.38 177.0 83.47 100.0 1245.0 515.0 730.0 0.0 83.3901
09:08:00 4.0 4.0 83.6 83.4 83.43 83.4 83.38 281.0 83.47 100.0 4.0 4.0 0.0 0.0 83.415
09:09:00 18.0 936.0 83.6 83.4 83.44 83.4 83.36 300.0 83.44 866.0 936.0 146.0 790.0 0.0 83.4274
09:10:00 6.0 450.0 83.6 83.46 83.46 83.41 83.44 100.0 83.48 100.0 450.0 400.0 50.0 0.0 83.4389
09:11:00 25.0 673.0 83.6 83.55 83.55 83.48 83.5 5299.0 83.55 296.0 673.0 472.0 201.0 0.0 83.5043
09:12:00 7.0 335.0 83.6 83.6 83.6 83.52 83.57 571.0 83.6 266.0 335.0 334.0 1.0 0.0 83.5759
09:13:00 11.0 317.0 83.6 83.65 83.66 83.59 83.64 300.0 83.66 703.0 317.0 287.0 30.0 0.0 83.6067
09:14:00 136.0 6205.0 83.6 83.64 83.66 83.52 83.63 63.0 83.65 200.0 6205.0 203.0 6002.0 0.0 83.6519
09:15:00 52.0 1218.0 83.6 83.45 83.64 83.45 83.44 25.0 83.51 300.0 1218.0 181.0 1037.0 0.0 83.5306
09:16:00 330.0 2422.0 83.6 83.34 83.47 83.21 83.31 1317.0 83.36 131.0 2422.0 812.0 1610.0 0.0 83.4044
09:17:00 40.0 2767.0 83.6 83.41 83.47 83.31 83.38 2.0 83.41 304.0 2767.0 533.0 2234.0 0.0 83.3712
09:18:00 56.0 1903.0 83.6 83.35 83.39 83.32 83.34 2.0 83.37 114.0 1903.0 214.0 1689.0 0.0 83.3458
09:19:00 18.0 1350.0 83.6 83.33 83.37 83.32 83.32 1256.0 83.36 314.0 1350.0 428.0 922.0 0.0 83.3413
09:20:00 48.0 1723.0 83.6 83.28 83.34 83.27 83.27 100.0 83.3 62.0 1723.0 157.0 1566.0 0.0 83.3039
09:21:00 24.0 913.0 83.6 83.2 83.3 83.2 83.19 30.0 83.2 94.0 913.0 496.0 417.0 0.0 83.2657
09:22:00 13.0 291.0 83.6 83.23 83.23 83.13 83.18 100.0 83.25 111.0 291.0 197.0 94.0 0.0 83.1837
09:23:00 52.0 3182.0 83.6 83.2 83.29 83.17 83.2 253.0 83.29 244.0 3182.0 596.0 2586.0 0.0 83.1856
09:24:00 27.0 717.0 83.6 83.25 83.29 83.17 83.19 287.0 83.25 25.0 717.0 585.0 132.0 0.0 83.2327
09:25:00 57.0 1589.0 83.6 83.39 83.42 83.25 83.3 100.0 83.4 10.0 1589.0 960.0 629.0 0.0 83.3522
09:26:00 5.0 210.0 83.6 83.46 83.46 83.4 83.33 300.0 83.49 5.0 210.0 10.0 200.0 0.0 83.4
09:27:00 22.0 820.0 83.6 83.42 83.49 83.34 83.36 100.0 83.46 2.0 820.0 20.0 800.0 0.0 83.3967
09:28:00 14.0 543.0 83.6 83.49 83.5 83.35 83.35 368.0 83.49 5.0 543.0 427.0 116.0 0.0 83.3602
09:29:00 12.0 130.0 83.6 83.36 83.49 83.36 83.36 79.0 83.5 314.0 130.0 0.0 130.0 0.0 83.3607
09:30:00 150.0 7511.0 83.6 83.12 83.36 82.72 82.83 196.0 83.3 6.0 7511.0 670.0 6841.0 0.0 83.0448
09:31:00 551.0 27552.0 83.6 83.32 83.36 82.86 83.26 658.0 83.36 411.0 27552.0 14175.0 13377.0 0.0 83.1084
09:32:00 1746.0 102197.0 83.6 83.22 83.47 83.17 83.21 1506.0 83.25 350.0 102197.0 46926.0 55271.0 0.0 83.2913
09:33:00 2326.0 116843.0 83.6 83.18 83.45 83.1 83.16 6.0 83.18 100.0 116843.0 48919.0 67924.0 0.0 83.2637
09:34:00 2522.0 121806.0 83.6 82.89 83.25 82.8 82.87 66.0 82.9 1762.0 121806.0 48511.0 73295.0 0.0 83.0109
09:35:00 1504.0 54886.0 83.6 82.88 82.93 82.68 82.88 53.0 82.89 200.0 54886.0 24189.0 30697.0 0.0 82.8139
09:36:00 2994.0 141104.0 83.6 82.62 82.89 82.3 82.61 109.0 82.62 113.0 141104.0 52035.0 89069.0 0.0 82.5432
09:37:00 1732.0 69551.0 83.6 82.54 82.8 82.51 82.54 39.0 82.55 415.0 69551.0 33606.0 35945.0 0.0 82.625
09:38:00 1829.0 101070.0 83.6 82.51 82.62 82.33 82.46 100.0 82.48 324.0 101070.0 34889.0 66181.0 0.0 82.4472
09:39:00 1403.0 61581.0 83.6 82.33 82.56 82.24 82.33 100.0 82.35 540.0 61581.0 28050.0 33531.0 0.0 82.3585
09:40:00 2343.0 115196.0 83.6 81.85 82.33 81.74 81.87 10.0 81.88 10.0 115196.0 32473.0 82723.0 0.0 82.0011
09:41:00 2617.0 117294.0 83.6 81.98 82.12 81.88 81.98 200.0 81.99 115.0 117294.0 52742.0 64552.0 0.0 82.0028
09:42:00 2424.0 111970.0 83.6 81.51 82.01 81.42 81.51 200.0 81.52 86.0 111970.0 45689.0 66281.0 0.0 81.6624
09:43:00 1906.0 89192.0 83.6 81.45 81.59 81.22 81.44 351.0 81.45 200.0 89192.0 48272.0 40920.0 0.0 81.4109
09:44:00 1188.0 63767.0 83.6 81.57 81.75 81.38 81.57 14.0 81.58 283.0 63767.0 31524.0 32243.0 0.0 81.5737
09:45:00 1993.0 92889.0 83.6 81.55 81.69 81.4 81.55 309.0 81.56 19.0 92889.0 42586.0 50303.0 0.0 81.5009
09:46:00 1983.0 90805.0 83.6 81.65 81.67 81.41 81.64 117.0 81.65 315.0 90805.0 46998.0 43807.0 0.0 81.5273
09:47:00 1610.0 97514.0 83.6 81.27 81.66 81.27 81.29 37.0 81.3 300.0 97514.0 38372.0 59142.0 0.0 81.4209
09:48:00 1606.0 127052.0 83.6 81.54 81.61 81.26 81.53 233.0 81.54 18.0 127052.0 80515.0 46537.0 0.0 81.4311
09:49:00 1196.0 68831.0 83.6 81.55 81.7 81.52 81.55 525.0 81.56 100.0 68831.0 34794.0 34037.0 0.0 81.6081
09:50:00 1572.0 89170.0 83.6 81.34 81.65 81.3 81.33 366.0 81.35 1115.0 89170.0 40200.0 48970.0 0.0 81.4695
09:51:00 1851.0 113552.0 83.6 81.48 81.51 81.35 81.48 600.0 81.49 16.0 113552.0 57756.0 55796.0 0.0 81.4366
09:52:00 1815.0 113777.0 83.6 81.31 81.63 81.27 81.3 610.0 81.32 200.0 113777.0 52820.0 60957.0 0.0 81.4343
09:53:00 1116.0 70002.0 83.6 81.36 81.4 81.28 81.36 600.0 81.37 100.0 70002.0 33797.0 36205.0 0.0 81.3321
09:54:00 1009.0 65242.0 83.6 81.48 81.5 81.34 81.47 14.0 81.48 400.0 65242.0 27511.0 37731.0 0.0 81.4057
09:55:00 1169.0 91845.0 83.6 81.14 81.47 81.07 81.13 632.0 81.14 1921.0 91845.0 29640.0 62205.0 0.0 81.2058
09:56:00 1608.0 164002.0 83.6 80.96 81.14 80.9 80.95 800.0 80.97 2130.0 164002.0 40555.0 123447.0 0.0 81.0113
09:57:00 861.0 70356.0 83.6 81.31 81.32 80.91 81.3 14.0 81.31 200.0 70356.0 34394.0 35962.0 0.0 81.0903
09:58:00 718.0 37359.0 83.6 81.3 81.41 81.24 81.29 638.0 81.3 15.0 37359.0 18639.0 18720.0 0.0 81.3215
09:59:00 570.0 33589.0 83.6 81.29 81.41 81.28 81.28 33.0 81.29 662.0 33589.0 19351.0 14238.0 0.0 81.3394
10:00:00 967.0 50292.0 83.6 81.4 81.45 81.23 81.39 858.0 81.41 203.0 50292.0 27331.0 22961.0 0.0 81.355
10:01:00 1066.0 100514.0 83.6 81.29 81.44 81.26 81.29 700.0 81.31 1705.0 100514.0 41289.0 59225.0 0.0 81.3709
10:02:00 1096.0 76152.0 83.6 81.18 81.33 80.98 81.18 566.0 81.19 756.0 76152.0 37081.0 39071.0 0.0 81.1082
10:03:00 860.0 53864.0 83.6 81.19 81.36 81.12 81.17 1100.0 81.19 286.0 53864.0 25654.0 28210.0 0.0 81.2427
10:04:00 925.0 61796.0 83.6 81.36 81.36 81.15 81.34 200.0 81.35 907.0 61796.0 29525.0 32271.0 0.0 81.248
10:05:00 881.0 59446.0 83.6 81.3 81.36 81.25 81.29 400.0 81.3 100.0 59446.0 33525.0 25921.0 0.0 81.2973
10:06:00 843.0 57631.0 83.6 81.04 81.31 81.02 81.03 600.0 81.04 605.0 57631.0 28732.0 28899.0 0.0 81.1477
10:07:00 1547.0 121165.0 83.6 80.74 81.04 80.64 80.75 300.0 80.76 1046.0 121165.0 38898.0 82267.0 0.0 80.8107
10:08:00 1376.0 87878.0 83.6 80.63 80.75 80.5 80.61 1436.0 80.64 1357.0 87878.0 35294.0 52584.0 0.0 80.591
10:09:00 1087.0 61950.0 83.6 80.74 80.78 80.55 80.73 1011.0 80.74 100.0 61950.0 31489.0 30461.0 0.0 80.6563
10:10:00 718.0 50370.0 83.6 80.97 81.0 80.68 80.97 391.0 80.98 380.0 50370.0 29523.0 20847.0 0.0 80.8356
10:11:00 1382.0 88200.0 83.6 81.08 81.15 80.9 81.08 240.0 81.09 1372.0 88200.0 37444.0 50756.0 0.0 81.015
10:12:00 728.0 34800.0 83.6 80.97 81.12 80.9 80.96 1109.0 80.98 746.0 34800.0 16943.0 17857.0 0.0 81.0191
10:13:00 863.0 45412.0 83.6 80.94 81.04 80.81 80.93 205.0 80.95 1400.0 45412.0 18840.0 26572.0 0.0 80.9263
10:14:00 924.0 58041.0 83.6 80.93 80.95 80.75 80.92 100.0 80.93 722.0 58041.0 30176.0 27865.0 0.0 80.8435
10:15:00 751.0 36694.0 83.6 80.87 80.99 80.85 80.87 267.0 80.88 439.0 36694.0 22225.0 14469.0 0.0 80.9309
10:16:00 846.0 58718.0 83.6 80.96 81.02 80.8 80.95 1300.0 80.96 210.0 58718.0 25877.0 32841.0 0.0 80.945
10:17:00 1169.0 74555.0 83.6 81.05 81.07 80.87 81.06 1000.0 81.07 200.0 74555.0 41985.0 32570.0 0.0 80.9628
10:18:00 1099.0 78322.0 83.6 81.2 81.22 80.99 81.19 912.0 81.2 85.0 78322.0 39802.0 38520.0 0.0 81.135
10:19:00 767.0 49820.0 83.6 81.08 81.2 81.0 81.08 1600.0 81.1 596.0 49820.0 23693.0 26127.0 0.0 81.0988
10:20:00 937.0 63311.0 83.6 81.33 81.34 81.08 81.31 851.0 81.33 1101.0 63311.0 31862.0 31449.0 0.0 81.2011
10:21:00 906.0 50252.0 83.6 81.31 81.37 81.24 81.3 1526.0 81.31 63.0 50252.0 25838.0 24414.0 0.0 81.3007
10:22:00 1146.0 65276.0 83.6 81.31 81.33 81.16 81.3 1233.0 81.31 195.0 65276.0 32938.0 32338.0 0.0 81.2708
10:23:00 1356.0 75571.0 83.6 81.6 81.63 81.29 81.6 145.0 81.61 719.0 75571.0 44075.0 31496.0 0.0 81.4951
10:24:00 1073.0 56000.0 83.6 81.69 81.69 81.52 81.68 1600.0 81.69 45.0 56000.0 27759.0 28241.0 0.0 81.5946
10:25:00 1078.0 63803.0 83.6 81.9 81.91 81.69 81.89 400.0 81.9 1305.0 63803.0 31648.0 32155.0 0.0 81.8044
10:26:00 1021.0 59358.0 83.6 81.87 81.9 81.67 81.87 1246.0 81.88 110.0 59358.0 30517.0 28841.0 0.0 81.7856
10:27:00 1187.0 81614.0 83.6 82.07 82.09 81.87 82.06 800.0 82.07 504.0 81614.0 49187.0 32427.0 0.0 82.0034
10:28:00 613.0 33727.0 83.6 82.24 82.245 82.04 82.23 118.0 82.24 200.0 33727.0 19798.0 13929.0 0.0 82.1452
10:29:00 912.0 46562.0 83.6 82.28 82.4 82.2 82.27 523.0 82.28 175.0 46562.0 23926.0 22636.0 0.0 82.3029
10:30:00 1263.0 74351.0 83.6 82.06 82.29 81.955 82.05 600.0 82.06 200.0 74351.0 35886.0 38465.0 0.0 82.1239
10:31:00 944.0 57560.0 83.6 81.85 82.05 81.84 81.84 261.0 81.85 798.0 57560.0 31218.0 26342.0 0.0 81.9375
10:32:00 1180.0 77705.0 83.6 81.7 81.87 81.67 81.7 9.0 81.71 300.0 77705.0 44703.0 33002.0 0.0 81.7943
10:33:00 744.0 46466.0 83.6 82.16 82.2 81.7 82.15 290.0 82.16 500.0 46466.0 26621.0 19845.0 0.0 81.9338
10:34:00 687.0 42323.0 83.6 82.04 82.17 81.99 82.03 921.0 82.04 4.0 42323.0 21438.0 20885.0 0.0 82.059
10:35:00 703.0 43553.0 83.6 82.01 82.09 81.93 81.99 1453.0 82.01 374.0 43553.0 24160.0 19393.0 0.0 82.0153
10:36:00 525.0 33790.0 83.6 82.1 82.17 81.98 82.11 47.0 82.12 1000.0 33790.0 19578.0 14212.0 0.0 82.0751
10:37:00 621.0 37641.0 83.6 82.22 82.28 82.09 82.21 704.0 82.23 3332.0 37641.0 22510.0 15131.0 0.0 82.2315
10:38:00 496.0 33587.0 83.6 82.13 82.24 82.07 82.13 558.0 82.14 899.0 33587.0 13844.0 19743.0 0.0 82.1458
10:39:00 812.0 53327.0 83.6 82.21 82.25 82.05 82.19 2000.0 82.2 9.0 53327.0 25363.0 27964.0 0.0 82.1483
10:40:00 514.0 34603.0 83.6 82.11 82.21 82.1 82.11 100.0 82.12 1040.0 34603.0 13019.0 21584.0 0.0 82.1581
10:41:00 851.0 57176.0 83.6 81.91 82.14 81.89 81.9 100.0 81.91 1378.0 57176.0 21182.0 35994.0 0.0 82.0248
10:42:00 505.0 32198.0 83.6 81.92 81.98 81.87 81.91 1370.0 81.93 1896.0 32198.0 13963.0 18235.0 0.0 81.916
10:43:00 614.0 39124.0 83.6 82.04 82.05 81.91 82.04 18.0 82.05 700.0 39124.0 17605.0 21519.0 0.0 81.9651
10:44:00 661.0 36547.0 83.6 82.05 82.07 81.99 82.04 506.0 82.05 803.0 36547.0 22163.0 14384.0 0.0 82.0394
10:45:00 991.0 69657.0 83.6 82.02 82.05 81.94 82.02 500.0 82.03 1101.0 69657.0 29094.0 40563.0 0.0 81.9986
10:46:00 678.0 43365.0 83.6 82.03 82.17 82.01 82.01 600.0 82.02 100.0 43365.0 21131.0 22234.0 0.0 82.0978
10:47:00 646.0 52364.0 83.6 82.03 82.09 81.94 82.02 1100.0 82.03 350.0 52364.0 25753.0 26611.0 0.0 82.0153
10:48:00 697.0 49451.0 83.6 81.91 82.12 81.9 81.91 2400.0 81.92 100.0 49451.0 22073.0 27378.0 0.0 82.0107
10:49:00 704.0 51814.0 83.6 82.1 82.12 81.905 82.08 400.0 82.09 1500.0 51814.0 28477.0 23337.0 0.0 82.0429
10:50:00 362.0 22180.0 83.6 82.13 82.15 82.05 82.13 305.0 82.14 1200.0 22180.0 10006.0 12174.0 0.0 82.0914
10:51:00 610.0 45126.0 83.6 82.285 82.32 82.12 82.28 1167.0 82.29 1800.0 45126.0 23299.0 21827.0 0.0 82.1975
10:52:00 784.0 59817.0 83.6 82.31 82.37 82.2 82.31 1700.0 82.32 300.0 59817.0 22859.0 36958.0 0.0 82.2959
10:53:00 649.0 47604.0 83.6 82.32 82.32 82.21 82.3 3000.0 82.31 200.0 47604.0 20746.0 26858.0 0.0 82.2664
10:54:00 668.0 45646.0 83.6 82.4 82.42 82.3 82.39 2900.0 82.4 348.0 45646.0 24642.0 21004.0 0.0 82.382
10:55:00 1291.0 79816.0 83.6 82.2 82.4 82.12 82.2 6.0 82.2 300.0 79816.0 33768.0 46048.0 0.0 82.2203
10:56:00 459.0 27635.0 83.6 82.24 82.32 82.15 82.23 2661.0 82.25 700.0 27635.0 15557.0 12078.0 0.0 82.2458
10:57:00 544.0 33808.0 83.6 82.26 82.28 82.19 82.26 206.0 82.27 1700.0 33808.0 16471.0 17337.0 0.0 82.2324
10:58:00 944.0 71934.0 83.6 82.27 82.315 82.22 82.26 1028.0 82.27 644.0 71934.0 30915.0 41019.0 0.0 82.2756
10:59:00 676.0 49654.0 83.6 82.17 82.28 82.14 82.16 1798.0 82.17 1392.0 49654.0 23430.0 26224.0 0.0 82.2366
11:00:00 531.0 40637.0 83.6 82.245 82.25 82.15 82.24 1300.0 82.25 6.0 40637.0 22787.0 17850.0 0.0 82.2009
11:01:00 725.0 55380.0 83.6 82.2 82.27 82.15 82.19 1700.0 82.2 700.0 55380.0 25766.0 29614.0 0.0 82.2175
11:02:00 781.0 57867.0 83.6 82.18 82.21 82.15 82.18 1700.0 82.19 400.0 57867.0 30552.0 27315.0 0.0 82.1836
11:03:00 636.0 48512.0 83.6 82.08 82.285 82.08 82.08 300.0 82.09 2540.0 48512.0 18625.0 29887.0 0.0 82.2167
11:04:00 516.0 34209.0 83.6 82.19 82.21 82.03 82.19 100.0 82.2 1500.0 34209.0 17496.0 16713.0 0.0 82.1059
11:05:00 448.0 40375.0 83.6 82.33 82.39 82.19 82.32 300.0 82.33 1511.0 40375.0 23705.0 16670.0 0.0 82.3385
11:06:00 379.0 28162.0 83.6 82.27 82.35 82.26 82.28 1404.0 82.29 600.0 28162.0 13879.0 14283.0 0.0 82.3068
11:07:00 684.0 53950.0 83.6 82.41 82.42 82.27 82.39 400.0 82.4 900.0 53950.0 27379.0 26571.0 0.0 82.3581
11:08:00 970.0 73447.0 83.6 82.43 82.515 82.4 82.43 803.0 82.44 306.0 73447.0 45511.0 27936.0 0.0 82.4759
11:09:00 360.0 24966.0 83.6 82.43 82.45 82.33 82.43 1600.0 82.44 120.0 24966.0 12823.0 12143.0 0.0 82.4025
11:10:00 609.0 48791.0 83.6 82.48 82.5 82.42 82.48 1898.0 82.49 901.0 48791.0 30846.0 17945.0 0.0 82.4642
11:11:00 757.0 51515.0 83.6 82.47 82.59 82.44 82.46 900.0 82.47 1100.0 51515.0 24978.0 26537.0 0.0 82.528
11:12:00 621.0 55997.0 83.6 82.61 82.64 82.415 82.61 1500.0 82.63 1300.0 55997.0 40205.0 15792.0 0.0 82.5707
11:13:00 433.0 31930.0 83.6 82.74 82.75 82.59 82.73 1505.0 82.74 100.0 31930.0 17898.0 14032.0 0.0 82.6486
11:14:00 408.0 30470.0 83.6 82.74 82.79 82.705 82.74 1900.0 82.75 202.0 30470.0 14860.0 15610.0 0.0 82.75
11:15:00 519.0 31516.0 83.6 82.86 82.86 82.75 82.85 307.0 82.86 1381.0 31516.0 18156.0 13360.0 0.0 82.8094
11:16:00 685.0 42841.0 83.6 82.83 82.87 82.7 82.82 1508.0 82.83 100.0 42841.0 20618.0 22223.0 0.0 82.7777
11:17:00 513.0 28390.0 83.6 82.805 82.87 82.781 82.8 2030.0 82.82 1100.0 28390.0 12398.0 15992.0 0.0 82.8105
11:18:00 476.0 31620.0 83.6 82.82 82.945 82.79 82.82 100.0 82.83 1500.0 31620.0 13259.0 18361.0 0.0 82.8694
11:19:00 507.0 36722.0 83.6 82.88 82.9 82.82 82.87 1108.0 82.88 407.0 36722.0 21092.0 15630.0 0.0 82.8613
11:20:00 532.0 36710.0 83.6 82.78 82.875 82.725 82.77 100.0 82.78 2402.0 36710.0 14650.0 22060.0 0.0 82.7895
11:21:00 489.0 35529.0 83.6 82.81 82.83 82.7 82.81 402.0 82.82 1740.0 35529.0 17125.0 18404.0 0.0 82.7741
11:22:00 600.0 42443.0 83.6 82.76 82.81 82.67 82.75 2400.0 82.76 200.0 42443.0 22161.0 20282.0 0.0 82.7439
11:23:00 749.0 79634.0 83.6 82.7 82.8 82.64 82.7 517.0 82.71 700.0 79634.0 46927.0 32707.0 0.0 82.7055
11:24:00 660.0 45801.0 83.6 82.61 82.72 82.57 82.6 1000.0 82.61 675.0 45801.0 24286.0 21515.0 0.0 82.6465
11:25:00 457.0 29869.0 83.6 82.5 82.62 82.49 82.49 492.0 82.5 1350.0 29869.0 12681.0 17188.0 0.0 82.5534
11:26:00 506.0 33886.0 83.6 82.37 82.5 82.37 82.37 100.0 82.38 1500.0 33886.0 19376.0 14510.0 0.0 82.4399
11:27:00 687.0 41730.0 83.6 82.4 82.48 82.37 82.4 1300.0 82.41 200.0 41730.0 21842.0 19888.0 0.0 82.437
11:28:00 306.0 18495.0 83.6 82.47 82.5 82.42 82.46 1697.0 82.47 101.0 18495.0 11060.0 7435.0 0.0 82.4617
11:29:00 446.0 28130.0 83.6 82.44 82.49 82.38 82.41 100.0 82.42 1600.0 28130.0 13233.0 14897.0 0.0 82.4402
11:30:00 522.0 34918.0 83.6 82.45 82.5 82.42 82.44 1702.0 82.46 1600.0 34918.0 18773.0 16145.0 0.0 82.4593
11:31:00 624.0 39983.0 83.6 82.47 82.49 82.4 82.46 1700.0 82.47 598.0 39983.0 18883.0 21100.0 0.0 82.4346
11:32:00 608.0 41495.0 83.6 82.5 82.559 82.46 82.49 500.0 82.5 1803.0 41495.0 20634.0 20861.0 0.0 82.5109
11:33:00 535.0 35788.0 83.6 82.6 82.63 82.495 82.59 1100.0 82.6 1100.0 35788.0 17000.0 18788.0 0.0 82.5711
11:34:00 478.0 29122.0 83.6 82.53 82.61 82.52 82.51 2235.0 82.53 2803.0 29122.0 14105.0 15017.0 0.0 82.5627
11:35:00 485.0 32307.0 83.6 82.33 82.51 82.3 82.33 1.0 82.33 200.0 32307.0 12926.0 19381.0 0.0 82.4053
11:36:00 548.0 39868.0 83.6 82.16 82.33 82.1 82.15 400.0 82.16 1245.0 39868.0 17653.0 22215.0 0.0 82.1789
11:37:00 498.0 33519.0 83.6 82.21 82.255 82.16 82.21 2201.0 82.22 150.0 33519.0 15907.0 17612.0 0.0 82.2199
11:38:00 319.0 20297.0 83.6 82.165 82.33 82.165 82.16 1001.0 82.17 707.0 20297.0 11788.0 8509.0 0.0 82.267
11:39:00 466.0 33347.0 83.6 82.19 82.2 82.07 82.19 2300.0 82.2 88.0 33347.0 17941.0 15406.0 0.0 82.1344
11:40:00 354.0 25187.0 83.6 82.06 82.2 82.06 82.05 1426.0 82.07 2900.0 25187.0 9742.0 15445.0 0.0 82.114
11:41:00 421.0 28218.0 83.6 82.21 82.23 82.07 82.21 100.0 82.22 2200.0 28218.0 19185.0 9033.0 0.0 82.147
11:42:00 254.0 14794.0 83.6 82.13 82.25 82.12 82.12 100.0 82.13 2017.0 14794.0 6865.0 7929.0 0.0 82.2055
11:43:00 480.0 35401.0 83.6 82.2 82.24 82.12 82.19 1900.0 82.2 700.0 35401.0 12726.0 22675.0 0.0 82.1965
11:44:00 572.0 46719.0 83.6 81.99 82.22 81.97 81.99 200.0 82.0 3496.0 46719.0 13422.0 33297.0 0.0 82.0915
11:45:00 673.0 48676.0 83.6 81.99 82.135 81.95 81.99 462.0 82.0 2599.0 48676.0 23644.0 25032.0 0.0 82.028
11:46:00 485.0 35292.0 83.6 82.02 82.05 81.97 82.02 1900.0 82.03 500.0 35292.0 14888.0 20404.0 0.0 82.0097
11:47:00 540.0 34183.0 83.6 82.08 82.1 81.99 82.07 1303.0 82.08 500.0 34183.0 16564.0 17619.0 0.0 82.0498
11:48:00 423.0 32278.0 83.6 82.0 82.1 81.98 81.99 1900.0 82.0 245.0 32278.0 14502.0 17776.0 0.0 82.0483
11:49:00 257.0 16775.0 83.6 81.93 82.02 81.93 81.92 600.0 81.93 2101.0 16775.0 6561.0 10214.0 0.0 81.972
11:50:00 205.0 15201.0 83.6 82.06 82.08 81.925 82.05 3430.0 82.06 301.0 15201.0 10603.0 4598.0 0.0 82.0075
11:51:00 556.0 38045.0 83.6 82.07 82.11 82.05 82.06 2100.0 82.07 300.0 38045.0 15398.0 22647.0 0.0 82.0625
11:52:00 395.0 25742.0 83.6 81.95 82.08 81.94 81.93 1400.0 81.94 500.0 25742.0 12204.0 13538.0 0.0 82.0267
11:53:00 306.0 16991.0 83.6 81.855 81.965 81.83 81.86 200.0 81.87 2283.0 16991.0 7960.0 9031.0 0.0 81.8998
11:54:00 352.0 22032.0 83.6 81.89 81.9 81.8 81.89 300.0 81.89 100.0 22032.0 11960.0 10072.0 0.0 81.8631
11:55:00 212.0 13804.0 83.6 81.86 81.89 81.8 81.86 2200.0 81.87 706.0 13804.0 7524.0 6280.0 0.0 81.8369
11:56:00 649.0 45718.0 83.6 81.94 81.98 81.86 81.93 2000.0 81.94 400.0 45718.0 23190.0 22528.0 0.0 81.9183
11:57:00 450.0 29033.0 83.6 82.01 82.01 81.9 82.01 2300.0 82.02 300.0 29033.0 10710.0 18323.0 0.0 81.9591
11:58:00 418.0 25290.0 83.6 82.11 82.14 82.01 82.1 200.0 82.11 2700.0 25290.0 11242.0 14048.0 0.0 82.0779
11:59:00 353.0 28009.0 83.6 82.06 82.1 81.98 82.06 111.0 82.07 1869.0 28009.0 10668.0 17341.0 0.0 82.0318
12:00:00 395.0 29196.0 83.6 82.19 82.24 82.04 82.2 100.0 82.2 1.0 29196.0 14441.0 14755.0 0.0 82.1682
12:01:00 376.0 26160.0 83.6 82.1 82.245 82.08 82.09 400.0 82.1 829.0 26160.0 9688.0 16472.0 0.0 82.1723
12:02:00 404.0 26651.0 83.6 82.05 82.17 82.05 82.04 3849.0 82.05 100.0 26651.0 12378.0 14273.0 0.0 82.1035
12:03:00 470.0 32815.0 83.6 82.09 82.095 81.98 82.08 700.0 82.09 1111.0 32815.0 15849.0 16966.0 0.0 82.0328
12:04:00 307.0 20031.0 83.6 82.0 82.1 81.98 81.99 100.0 82.0 2005.0 20031.0 10867.0 9164.0 0.0 82.0367
12:05:00 568.0 39611.0 83.6 81.81 81.99 81.805 81.81 386.0 81.82 1100.0 39611.0 17882.0 21729.0 0.0 81.88
12:06:00 683.0 49785.0 83.6 81.91 81.93 81.76 81.91 1100.0 81.92 1100.0 49785.0 27439.0 22346.0 0.0 81.8319
12:07:00 808.0 78974.0 83.6 81.99 82.02 81.895 81.98 1200.0 81.99 200.0 78974.0 45284.0 33690.0 0.0 81.9754
12:08:00 896.0 95633.0 83.6 81.98 82.0 81.86 81.97 1500.0 81.98 100.0 95633.0 35359.0 60274.0 0.0 81.9314
12:09:00 334.0 26090.0 83.6 82.08 82.11 81.98 82.07 1300.0 82.08 200.0 26090.0 12898.0 13192.0 0.0 82.0537
12:10:00 598.0 46062.0 83.6 82.27 82.31 82.07 82.26 1711.0 82.28 2100.0 46062.0 23518.0 22544.0 0.0 82.1967
12:11:00 625.0 45269.0 83.6 82.24 82.33 82.22 82.24 600.0 82.25 500.0 45269.0 16103.0 29166.0 0.0 82.2725
12:12:00 345.0 24319.0 83.6 82.25 82.26 82.19 82.23 1452.0 82.25 1379.0 24319.0 10641.0 13678.0 0.0 82.2259
12:13:00 583.0 35526.0 83.6 82.35 82.36 82.21 82.35 300.0 82.36 1422.0 35526.0 17080.0 18446.0 0.0 82.2986
12:14:00 295.0 19525.0 83.6 82.26 82.35 82.26 82.26 100.0 82.27 2424.0 19525.0 7761.0 11764.0 0.0 82.3098
12:15:00 430.0 24026.0 83.6 82.15 82.26 82.12 82.14 1508.0 82.15 63.0 24026.0 13581.0 10445.0 0.0 82.1898
12:16:00 332.0 24031.0 83.6 82.185 82.255 82.11 82.18 862.0 82.19 562.0 24031.0 8888.0 15143.0 0.0 82.1682
12:17:00 507.0 39336.0 83.6 82.32 82.33 82.14 82.32 794.0 82.33 500.0 39336.0 20485.0 18851.0 0.0 82.2414
12:18:00 352.0 24691.0 83.6 82.43 82.45 82.32 82.42 438.0 82.43 1022.0 24691.0 13403.0 11288.0 0.0 82.3834
12:19:00 482.0 32708.0 83.6 82.39 82.46 82.36 82.38 1350.0 82.39 1.0 32708.0 14083.0 18625.0 0.0 82.4071
12:20:00 486.0 36720.0 83.6 82.45 82.48 82.32 82.45 631.0 82.46 1400.0 36720.0 19120.0 17600.0 0.0 82.3965
12:21:00 446.0 29079.0 83.6 82.28 82.46 82.27 82.28 301.0 82.29 1813.0 29079.0 15891.0 13188.0 0.0 82.3717
12:22:00 344.0 22970.0 83.6 82.25 82.31 82.23 82.26 100.0 82.27 1177.0 22970.0 13615.0 9355.0 0.0 82.2732
12:23:00 251.0 15647.0 83.6 82.29 82.34 82.24 82.28 1405.0 82.29 216.0 15647.0 6866.0 8781.0 0.0 82.2884
12:24:00 550.0 35832.0 83.6 82.22 82.34 82.19 82.22 1131.0 82.23 346.0 35832.0 16465.0 19367.0 0.0 82.2927
12:25:00 529.0 34826.0 83.6 82.18 82.26 82.15 82.17 2038.0 82.18 109.0 34826.0 14387.0 20439.0 0.0 82.194
12:26:00 296.0 17632.0 83.6 82.21 82.215 82.14 82.21 1526.0 82.22 160.0 17632.0 9230.0 8402.0 0.0 82.1707
12:27:00 221.0 12519.0 83.6 82.195 82.225 82.17 82.19 2418.0 82.2 104.0 12519.0 4735.0 7784.0 0.0 82.1975
12:28:00 302.0 18515.0 83.6 82.29 82.31 82.18 82.28 2511.0 82.29 282.0 18515.0 9913.0 8602.0 0.0 82.258
12:29:00 199.0 13343.0 83.6 82.24 82.29 82.22 82.24 100.0 82.25 1669.0 13343.0 5862.0 7481.0 0.0 82.2554
12:30:00 387.0 25158.0 83.6 82.28 82.36 82.23 82.27 2637.0 82.29 1600.0 25158.0 11207.0 13951.0 0.0 82.3135
12:31:00 320.0 20111.0 83.6 82.3 82.33 82.24 82.29 1046.0 82.3 1300.0 20111.0 9711.0 10400.0 0.0 82.2848
12:32:00 288.0 21252.0 83.6 82.21 82.3 82.19 82.21 300.0 82.22 1800.0 21252.0 10867.0 10385.0 0.0 82.2499
12:33:00 599.0 49305.0 83.6 82.19 82.25 82.15 82.19 550.0 82.2 1800.0 49305.0 22659.0 26646.0 0.0 82.2016
12:34:00 618.0 43800.0 83.6 82.265 82.28 82.18 82.26 300.0 82.27 2401.0 43800.0 20606.0 23194.0 0.0 82.2398
12:35:00 440.0 29725.0 83.6 82.27 82.28 82.23 82.27 206.0 82.28 2800.0 29725.0 14352.0 15373.0 0.0 82.2593
12:36:00 325.0 23984.0 83.6 82.18 82.28 82.175 82.18 5600.0 82.19 100.0 23984.0 11434.0 12550.0 0.0 82.2346
12:37:00 559.0 43888.0 83.6 82.25 82.285 82.17 82.24 2200.0 82.25 300.0 43888.0 23613.0 20275.0 0.0 82.2431
12:38:00 392.0 27664.0 83.6 82.29 82.3 82.2 82.29 1900.0 82.3 500.0 27664.0 13808.0 13856.0 0.0 82.2536
12:39:00 660.0 54900.0 83.6 82.35 82.36 82.235 82.34 1700.0 82.35 700.0 54900.0 28220.0 26680.0 0.0 82.2996
12:40:00 363.0 25391.0 83.6 82.31 82.385 82.3 82.31 1600.0 82.32 592.0 25391.0 11801.0 13590.0 0.0 82.3477
12:41:00 265.0 17378.0 83.6 82.25 82.35 82.23 82.24 3094.0 82.25 100.0 17378.0 7912.0 9466.0 0.0 82.2905
12:42:00 226.0 15082.0 83.6 82.26 82.28 82.22 82.24 2500.0 82.25 200.0 15082.0 7827.0 7255.0 0.0 82.2517
12:43:00 219.0 15446.0 83.6 82.24 82.28 82.235 82.24 148.0 82.25 2821.0 15446.0 6680.0 8766.0 0.0 82.255
12:44:00 323.0 25249.0 83.6 82.19 82.25 82.16 82.19 600.0 82.2 1600.0 25249.0 11914.0 13335.0 0.0 82.1982
12:45:00 371.0 28543.0 83.6 82.26 82.315 82.2 82.26 2100.0 82.27 301.0 28543.0 14674.0 13869.0 0.0 82.2657
12:46:00 362.0 27674.0 83.6 82.27 82.285 82.18 82.26 2700.0 82.27 800.0 27674.0 15923.0 11751.0 0.0 82.2192
12:47:00 425.0 33341.0 83.6 82.29 82.35 82.26 82.28 2100.0 82.29 300.0 33341.0 16231.0 17110.0 0.0 82.3245
12:48:00 270.0 17854.0 83.6 82.3 82.35 82.28 82.29 603.0 82.3 1600.0 17854.0 8446.0 9408.0 0.0 82.3199
12:49:00 289.0 23812.0 83.6 82.2 82.31 82.18 82.19 1810.0 82.2 1000.0 23812.0 10209.0 13603.0 0.0 82.2436
12:50:00 495.0 34271.0 83.6 82.2 82.2 82.11 82.19 2580.0 82.2 200.0 34271.0 17987.0 16284.0 0.0 82.1747
12:51:00 427.0 34428.0 83.6 82.18 82.21 82.14 82.18 1700.0 82.19 1500.0 34428.0 18223.0 16205.0 0.0 82.1831
12:52:00 625.0 53056.0 83.6 82.4 82.43 82.18 82.39 3399.0 82.4 200.0 53056.0 27152.0 25904.0 0.0 82.3266
12:53:00 373.0 24157.0 83.6 82.355 82.42 82.31 82.35 825.0 82.36 1949.0 24157.0 9485.0 14672.0 0.0 82.3831
12:54:00 364.0 24949.0 83.6 82.31 82.38 82.28 82.31 404.0 82.32 800.0 24949.0 12429.0 12520.0 0.0 82.3461
12:55:00 336.0 23659.0 83.6 82.24 82.325 82.24 82.24 30.0 82.24 500.0 23659.0 11779.0 11880.0 0.0 82.2877
12:56:00 605.0 46593.0 83.6 82.17 82.26 82.16 82.16 1011.0 82.17 1305.0 46593.0 24119.0 22474.0 0.0 82.2023
12:57:00 289.0 21027.0 83.6 82.2 82.22 82.16 82.2 289.0 82.21 3119.0 21027.0 12267.0 8760.0 0.0 82.1838
12:58:00 344.0 26217.0 83.6 82.25 82.25 82.18 82.25 401.0 82.26 2202.0 26217.0 11117.0 15100.0 0.0 82.2183
12:59:00 416.0 34513.0 83.6 82.21 82.25 82.2 82.2 4268.0 82.21 200.0 34513.0 15209.0 19304.0 0.0 82.2235
13:00:00 452.0 39157.0 83.6 82.17 82.265 82.16 82.17 300.0 82.18 2803.0 39157.0 16344.0 22813.0 0.0 82.216
13:01:00 396.0 29496.0 83.6 82.18 82.22 82.13 82.18 1100.0 82.19 1845.0 29496.0 18193.0 11303.0 0.0 82.1856
13:02:00 409.0 25702.0 83.6 82.29 82.29 82.185 82.29 901.0 82.3 2101.0 25702.0 9568.0 16134.0 0.0 82.2422
13:03:00 370.0 29739.0 83.6 82.36 82.38 82.25 82.36 1100.0 82.37 900.0 29739.0 11486.0 18253.0 0.0 82.2937
13:04:00 284.0 17711.0 83.6 82.29 82.37 82.29 82.28 201.0 82.29 2600.0 17711.0 7858.0 9853.0 0.0 82.3259
13:05:00 203.0 14301.0 83.6 82.265 82.31 82.26 82.26 2000.0 82.27 600.0 14301.0 7001.0 7300.0 0.0 82.2828
13:06:00 422.0 33896.0 83.6 82.24 82.32 82.24 82.23 1242.0 82.24 800.0 33896.0 15154.0 18742.0 0.0 82.2814
13:07:00 200.0 11510.0 83.6 82.23 82.26 82.22 82.23 1500.0 82.24 804.0 11510.0 7189.0 4321.0 0.0 82.2386
13:08:00 277.0 19028.0 83.6 82.26 82.32 82.22 82.26 202.0 82.27 2000.0 19028.0 10156.0 8872.0 0.0 82.2711
13:09:00 117.0 6423.0 83.6 82.23 82.26 82.21 82.22 1000.0 82.23 812.0 6423.0 1575.0 4848.0 0.0 82.2355
13:10:00 406.0 29502.0 83.6 82.33 82.33 82.23 82.33 172.0 82.34 2853.0 29502.0 14153.0 15349.0 0.0 82.2898
13:11:00 252.0 16855.0 83.6 82.345 82.36 82.28 82.34 1848.0 82.35 1300.0 16855.0 7146.0 9709.0 0.0 82.3236
13:12:00 416.0 31992.0 83.6 82.38 82.38 82.29 82.37 1415.0 82.38 1000.0 31992.0 13762.0 18230.0 0.0 82.3246
13:13:00 381.0 24585.0 83.6 82.41 82.41 82.35 82.4 3869.0 82.41 100.0 24585.0 10118.0 14467.0 0.0 82.3844
13:14:00 257.0 17177.0 83.6 82.45 82.45 82.41 82.44 2326.0 82.45 451.0 17177.0 6697.0 10480.0 0.0 82.4322
13:15:00 390.0 26763.0 83.6 82.4 82.455 82.38 82.4 1800.0 82.41 300.0 26763.0 12305.0 14458.0 0.0 82.4228
13:16:00 420.0 30795.0 83.6 82.32 82.44 82.32 82.31 2001.0 82.32 300.0 30795.0 11836.0 18959.0 0.0 82.3785
13:17:00 351.0 28487.0 83.6 82.37 82.41 82.31 82.36 500.0 82.37 1731.0 28487.0 13099.0 15388.0 0.0 82.3582
13:18:00 395.0 28957.0 83.6 82.36 82.43 82.36 82.35 1700.0 82.36 500.0 28957.0 14825.0 14132.0 0.0 82.3977
13:19:00 273.0 23101.0 83.6 82.48 82.5 82.34 82.47 2100.0 82.48 401.0 23101.0 10294.0 12807.0 0.0 82.4386
13:20:00 369.0 25959.0 83.6 82.48 82.49 82.43 82.47 900.0 82.48 1200.0 25959.0 10268.0 15691.0 0.0 82.4564
13:21:00 603.0 105575.0 83.6 82.6 82.635 82.47 82.59 1000.0 82.6 500.0 105575.0 85899.0 19676.0 0.0 82.56
13:22:00 464.0 37709.0 83.6 82.605 82.615 82.54 82.6 1292.0 82.61 701.0 37709.0 11851.0 25858.0 0.0 82.5812
13:23:00 639.0 49171.0 83.6 82.54 82.6 82.515 82.54 734.0 82.55 1803.0 49171.0 19660.0 29511.0 0.0 82.5477
13:24:00 223.0 13326.0 83.6 82.47 82.54 82.45 82.47 200.0 82.48 2405.0 13326.0 4535.0 8791.0 0.0 82.4852
13:25:00 499.0 34542.0 83.6 82.68 82.68 82.46 82.67 1000.0 82.68 1955.0 34542.0 12076.0 22466.0 0.0 82.6115
13:26:00 461.0 34518.0 83.6 82.64 82.69 82.61 82.65 600.0 82.66 1000.0 34518.0 11960.0 22558.0 0.0 82.6503
13:27:00 425.0 28519.0 83.6 82.56 82.675 82.54 82.55 1158.0 82.56 1155.0 28519.0 11085.0 17434.0 0.0 82.6039
13:28:00 416.0 39718.0 83.6 82.515 82.585 82.5 82.51 1200.0 82.52 401.0 39718.0 13478.0 26240.0 0.0 82.5183
13:29:00 352.0 43933.0 83.6 82.57 82.59 82.5 82.56 641.0 82.57 2000.0 43933.0 14284.0 29649.0 0.0 82.5384
13:30:00 512.0 45793.0 83.6 82.46 82.57 82.43 82.45 1889.0 82.46 700.0 45793.0 16991.0 28802.0 0.0 82.4819
13:31:00 701.0 89311.0 83.6 82.48 82.52 82.4 82.49 10.0 82.5 2500.0 89311.0 50645.0 38666.0 0.0 82.465
13:32:00 296.0 21344.0 83.6 82.48 82.51 82.46 82.48 400.0 82.49 1547.0 21344.0 8564.0 12780.0 0.0 82.4811
13:33:00 488.0 56202.0 83.6 82.535 82.57 82.44 82.53 2502.0 82.54 300.0 56202.0 17313.0 38889.0 0.0 82.4735
13:34:00 253.0 14428.0 83.6 82.45 82.55 82.44 82.44 2223.0 82.46 2400.0 14428.0 6014.0 8414.0 0.0 82.4955
13:35:00 877.0 64270.0 83.6 82.39 82.47 82.36 82.38 800.0 82.39 2617.0 64270.0 27475.0 36795.0 0.0 82.4223
13:36:00 351.0 29382.0 83.6 82.345 82.43 82.31 82.34 1800.0 82.35 500.0 29382.0 14557.0 14825.0 0.0 82.3586
13:37:00 332.0 47948.0 83.6 82.31 82.355 82.3 82.31 708.0 82.32 1763.0 47948.0 8664.0 39284.0 0.0 82.3305
13:38:00 309.0 19906.0 83.6 82.23 82.32 82.23 82.24 101.0 82.25 2400.0 19906.0 8679.0 11227.0 0.0 82.27
13:39:00 265.0 16485.0 83.6 82.23 82.27 82.21 82.23 88.0 82.24 1482.0 16485.0 8302.0 8183.0 0.0 82.2355
13:40:00 290.0 19784.0 83.6 82.09 82.24 82.07 82.09 417.0 82.1 2247.0 19784.0 6245.0 13539.0 0.0 82.1604
13:41:00 300.0 20887.0 83.6 82.15 82.18 82.06 82.14 2569.0 82.16 1400.0 20887.0 11000.0 9887.0 0.0 82.1267
13:42:00 434.0 33075.0 83.6 82.0 82.15 81.95 82.0 1098.0 82.01 215.0 33075.0 19131.0 13944.0 0.0 82.0133
13:43:00 604.0 51541.0 83.6 82.01 82.06 81.92 82.01 905.0 82.02 407.0 51541.0 26223.0 25318.0 0.0 82.0057
13:44:00 309.0 22191.0 83.6 82.02 82.07 81.96 82.03 500.0 82.04 882.0 22191.0 12779.0 9412.0 0.0 82.0242
13:45:00 300.0 19340.0 83.6 81.96 82.06 81.92 81.96 200.0 81.97 1500.0 19340.0 10998.0 8342.0 0.0 81.9781
13:46:00 577.0 42851.0 83.6 81.94 82.07 81.91 81.93 200.0 81.94 1000.0 42851.0 19749.0 23102.0 0.0 81.9788
13:47:00 866.0 70621.0 83.6 81.81 81.97 81.71 81.81 500.0 81.82 700.0 70621.0 29993.0 40628.0 0.0 81.8065
13:48:00 295.0 22728.0 83.6 81.78 81.83 81.76 81.77 1400.0 81.79 4984.0 22728.0 10394.0 12334.0 0.0 81.7942
13:49:00 346.0 31064.0 83.6 81.77 81.85 81.75 81.76 301.0 81.77 1415.0 31064.0 16506.0 14558.0 0.0 81.7826
13:50:00 436.0 33351.0 83.6 81.69 81.77 81.61 81.68 710.0 81.69 201.0 33351.0 16920.0 16431.0 0.0 81.7021
13:51:00 373.0 31415.0 83.6 81.66 81.73 81.62 81.65 100.0 81.66 1672.0 31415.0 17966.0 13449.0 0.0 81.6824
13:52:00 281.0 22472.0 83.6 81.58 81.68 81.57 81.57 607.0 81.58 601.0 22472.0 9224.0 13248.0 0.0 81.6324
13:53:00 395.0 27853.0 83.6 81.54 81.59 81.52 81.53 280.0 81.54 2002.0 27853.0 15141.0 12712.0 0.0 81.5605
13:54:00 896.0 82561.0 83.6 81.51 81.57 81.49 81.5 1114.0 81.51 2000.0 82561.0 27771.0 54790.0 0.0 81.5118
13:55:00 437.0 38378.0 83.6 81.55 81.59 81.5 81.53 2500.0 81.54 227.0 38378.0 10629.0 27749.0 0.0 81.5108
13:56:00 418.0 32410.0 83.6 81.52 81.55 81.5 81.52 1207.0 81.53 512.0 32410.0 13517.0 18893.0 0.0 81.5093
13:57:00 430.0 36862.0 83.6 81.62 81.64 81.52 81.62 816.0 81.63 1000.0 36862.0 18553.0 18309.0 0.0 81.6081
13:58:00 367.0 37287.0 83.6 81.6 81.66 81.56 81.59 100.0 81.6 2306.0 37287.0 15963.0 21324.0 0.0 81.6195
13:59:00 312.0 22469.0 83.6 81.59 81.66 81.57 81.58 1100.0 81.59 600.0 22469.0 11905.0 10564.0 0.0 81.603
14:00:00 249.0 19859.0 83.6 81.65 81.65 81.59 81.64 1500.0 81.65 1401.0 19859.0 9395.0 10464.0 0.0 81.6297
14:01:00 487.0 41401.0 83.6 81.72 81.79 81.64 81.71 2300.0 81.72 200.0 41401.0 21884.0 19517.0 0.0 81.7295
14:02:00 395.0 33323.0 83.6 81.66 81.72 81.625 81.65 300.0 81.66 2102.0 33323.0 14014.0 19309.0 0.0 81.6661
14:03:00 359.0 27352.0 83.6 81.62 81.72 81.6 81.62 100.0 81.63 2429.0 27352.0 17023.0 10329.0 0.0 81.6629
14:04:00 271.0 18676.0 83.6 81.5 81.62 81.5 81.5 1200.0 81.51 900.0 18676.0 6688.0 11988.0 0.0 81.5252
14:05:00 413.0 31733.0 83.6 81.51 81.57 81.5 81.51 293.0 81.52 1100.0 31733.0 10371.0 21362.0 0.0 81.5239
14:06:00 256.0 20461.0 83.6 81.58 81.58 81.5 81.58 2600.0 81.59 100.0 20461.0 10791.0 9670.0 0.0 81.5309
14:07:00 213.0 15466.0 83.6 81.55 81.59 81.505 81.55 411.0 81.56 2000.0 15466.0 6233.0 9233.0 0.0 81.5591
14:08:00 251.0 20063.0 83.6 81.52 81.59 81.52 81.52 724.0 81.53 989.0 20063.0 8013.0 12050.0 0.0 81.5485
14:09:00 348.0 28235.0 83.6 81.4 81.535 81.39 81.4 2345.0 81.41 93.0 28235.0 7975.0 20260.0 0.0 81.4729
14:10:00 404.0 32306.0 83.6 81.42 81.46 81.345 81.42 400.0 81.43 2700.0 32306.0 19340.0 12966.0 0.0 81.4011
14:11:00 226.0 16758.0 83.6 81.42 81.47 81.4 81.42 1266.0 81.43 1000.0 16758.0 8233.0 8525.0 0.0 81.4354
14:12:00 157.0 11762.0 83.6 81.41 81.48 81.41 81.41 1900.0 81.42 1245.0 11762.0 5704.0 6058.0 0.0 81.4447
14:13:00 270.0 17138.0 83.6 81.36 81.44 81.33 81.35 1715.0 81.36 430.0 17138.0 7805.0 9333.0 0.0 81.384
14:14:00 308.0 21696.0 83.6 81.38 81.41 81.34 81.37 700.0 81.38 1720.0 21696.0 13979.0 7717.0 0.0 81.3754
14:15:00 201.0 16170.0 83.6 81.39 81.41 81.37 81.39 700.0 81.4 1643.0 16170.0 9027.0 7143.0 0.0 81.3938
14:16:00 380.0 31446.0 83.6 81.49 81.51 81.4 81.48 1600.0 81.49 400.0 31446.0 19467.0 11979.0 0.0 81.4555
14:17:00 204.0 14644.0 83.6 81.47 81.51 81.46 81.47 100.0 81.48 2101.0 14644.0 8131.0 6513.0 0.0 81.489
14:18:00 289.0 22236.0 83.6 81.51 81.59 81.475 81.5 3996.0 81.51 148.0 22236.0 13504.0 8732.0 0.0 81.5327
14:19:00 236.0 19363.0 83.6 81.52 81.53 81.45 81.51 700.0 81.52 1000.0 19363.0 12728.0 6635.0 0.0 81.4987
14:20:00 271.0 23236.0 83.6 81.48 81.52 81.45 81.48 500.0 81.49 1830.0 23236.0 7854.0 15382.0 0.0 81.4924
14:21:00 264.0 21517.0 83.6 81.48 81.51 81.41 81.48 1000.0 81.49 1203.0 21517.0 10552.0 10965.0 0.0 81.459
14:22:00 351.0 30261.0 83.6 81.47 81.55 81.45 81.46 200.0 81.47 1900.0 30261.0 15610.0 14651.0 0.0 81.5065
14:23:00 353.0 22504.0 83.6 81.615 81.645 81.46 81.61 2300.0 81.62 200.0 22504.0 12202.0 10302.0 0.0 81.5665
14:24:00 510.0 43085.0 83.6 81.6 81.62 81.53 81.6 3000.0 81.61 200.0 43085.0 25705.0 17380.0 0.0 81.5811
14:25:00 414.0 31832.0 83.6 81.49 81.61 81.45 81.49 422.0 81.5 1400.0 31832.0 16653.0 15179.0 0.0 81.5053
14:26:00 464.0 36972.0 83.6 81.48 81.53 81.41 81.47 1900.0 81.48 200.0 36972.0 18752.0 18220.0 0.0 81.4743
14:27:00 392.0 43320.0 83.6 81.38 81.48 81.375 81.37 1400.0 81.38 900.0 43320.0 11367.0 31953.0 0.0 81.419
14:28:00 648.0 46449.0 83.6 81.38 81.38 81.27 81.37 2100.0 81.38 700.0 46449.0 25086.0 21363.0 0.0 81.3294
14:29:00 1106.0 99152.0 83.6 81.36 81.52 81.34 81.36 200.0 81.37 2358.0 99152.0 45823.0 53329.0 0.0 81.4201
14:30:00 439.0 37263.0 83.6 81.29 81.39 81.29 81.29 3210.0 81.3 3101.0 37263.0 17732.0 19531.0 0.0 81.3394
14:31:00 465.0 55316.0 83.6 81.325 81.4 81.29 81.32 916.0 81.33 1800.0 55316.0 38061.0 17255.0 0.0 81.3616
14:32:00 315.0 23526.0 83.6 81.36 81.37 81.29 81.36 600.0 81.37 1080.0 23526.0 8650.0 14876.0 0.0 81.3338
14:33:00 296.0 19686.0 83.6 81.32 81.41 81.3 81.32 3100.0 81.33 1.0 19686.0 10377.0 9309.0 0.0 81.3583
14:34:00 377.0 28265.0 83.6 81.27 81.335 81.245 81.26 2989.0 81.27 415.0 28265.0 11255.0 17010.0 0.0 81.2914
14:35:00 330.0 27535.0 83.6 81.26 81.33 81.25 81.25 1100.0 81.26 700.0 27535.0 12663.0 14872.0 0.0 81.2869
14:36:00 334.0 28419.0 83.6 81.37 81.39 81.26 81.37 1600.0 81.38 1400.0 28419.0 16049.0 12370.0 0.0 81.3222
14:37:00 380.0 30790.0 83.6 81.33 81.42 81.31 81.33 2800.0 81.34 200.0 30790.0 16504.0 14286.0 0.0 81.3714
14:38:00 508.0 43524.0 83.6 81.3 81.38 81.27 81.3 513.0 81.31 2810.0 43524.0 17414.0 26110.0 0.0 81.3262
14:39:00 330.0 25956.0 83.6 81.235 81.34 81.235 81.23 1920.0 81.24 900.0 25956.0 10564.0 15392.0 0.0 81.2965
14:40:00 542.0 49430.0 83.6 81.26 81.29 81.21 81.26 3132.0 81.27 200.0 49430.0 21893.0 27537.0 0.0 81.2579
14:41:00 344.0 31537.0 83.6 81.23 81.27 81.22 81.23 2400.0 81.24 1510.0 31537.0 11595.0 19942.0 0.0 81.2404
14:42:00 523.0 49177.0 83.6 81.23 81.29 81.21 81.22 2800.0 81.23 836.0 49177.0 18018.0 31159.0 0.0 81.2462
14:43:00 307.0 26289.0 83.6 81.235 81.26 81.22 81.23 2073.0 81.24 2340.0 26289.0 15764.0 10525.0 0.0 81.241
14:44:00 515.0 40350.0 83.6 81.2 81.26 81.185 81.19 1978.0 81.2 1603.0 40350.0 15060.0 25290.0 0.0 81.223
14:45:00 380.0 33954.0 83.6 81.335 81.335 81.19 81.33 4000.0 81.34 292.0 33954.0 17931.0 16023.0 0.0 81.2441
14:46:00 427.0 32845.0 83.6 81.28 81.34 81.22 81.28 400.0 81.29 2630.0 32845.0 15017.0 17828.0 0.0 81.2861
14:47:00 228.0 16422.0 83.6 81.27 81.285 81.25 81.27 1600.0 81.28 2101.0 16422.0 7862.0 8560.0 0.0 81.2673
14:48:00 232.0 17166.0 83.6 81.2 81.27 81.2 81.19 1862.0 81.2 1802.0 17166.0 7056.0 10110.0 0.0 81.2442
14:49:00 567.0 40725.0 83.6 81.15 81.23 81.15 81.15 890.0 81.16 2200.0 40725.0 16762.0 23963.0 0.0 81.1882
14:50:00 349.0 25209.0 83.6 81.09 81.18 81.08 81.08 3478.0 81.1 2200.0 25209.0 12544.0 12665.0 0.0 81.1255
14:51:00 413.0 33557.0 83.6 81.07 81.1 81.04 81.06 2200.0 81.07 818.0 33557.0 13043.0 20514.0 0.0 81.0724
14:52:00 568.0 40228.0 83.6 80.99 81.07 80.99 80.99 1315.0 81.0 1200.0 40228.0 10483.0 29745.0 0.0 81.0154
14:53:00 335.0 27561.0 83.6 80.96 81.035 80.95 80.95 508.0 80.96 3001.0 27561.0 13486.0 14075.0 0.0 80.9991
14:54:00 425.0 36403.0 83.6 80.99 81.005 80.91 80.99 1896.0 81.0 810.0 36403.0 20286.0 16117.0 0.0 80.9642
14:55:00 411.0 32787.0 83.6 81.0 81.04 80.96 81.01 2760.0 81.02 601.0 32787.0 14242.0 18545.0 0.0 80.9959
14:56:00 408.0 31924.0 83.6 81.09 81.09 81.01 81.09 4300.0 81.1 603.0 31924.0 16226.0 15698.0 0.0 81.0537
14:57:00 782.0 64522.0 83.6 81.2 81.2 81.1 81.2 700.0 81.21 2102.0 64522.0 29057.0 35465.0 0.0 81.1431
14:58:00 331.0 24859.0 83.6 81.17 81.215 81.16 81.17 2400.0 81.18 1062.0 24859.0 10137.0 14722.0 0.0 81.1857
14:59:00 328.0 23131.0 83.6 81.24 81.245 81.17 81.24 810.0 81.25 2110.0 23131.0 14177.0 8954.0 0.0 81.1974
15:00:00 307.0 23193.0 83.6 81.27 81.32 81.24 81.27 1800.0 81.28 1001.0 23193.0 9753.0 13440.0 0.0 81.2737
15:01:00 407.0 33128.0 83.6 81.24 81.33 81.21 81.23 1200.0 81.24 2000.0 33128.0 14106.0 19022.0 0.0 81.2794
15:02:00 234.0 18839.0 83.6 81.25 81.26 81.19 81.26 1000.0 81.27 1400.0 18839.0 9447.0 9392.0 0.0 81.2322
15:03:00 454.0 34114.0 83.6 81.31 81.38 81.27 81.31 2200.0 81.32 700.0 34114.0 18704.0 15410.0 0.0 81.3244
15:04:00 230.0 21697.0 83.6 81.35 81.39 81.31 81.35 1101.0 81.36 1200.0 21697.0 11857.0 9840.0 0.0 81.3503
15:05:00 354.0 27477.0 83.6 81.36 81.38 81.3 81.35 1910.0 81.36 1300.0 27477.0 13780.0 13697.0 0.0 81.331
15:06:00 275.0 18836.0 83.6 81.33 81.38 81.31 81.32 1900.0 81.33 2645.0 18836.0 8439.0 10397.0 0.0 81.3506
15:07:00 746.0 105048.0 83.6 81.33 81.37 81.235 81.32 818.0 81.33 2000.0 105048.0 59085.0 45963.0 0.0 81.3002
15:08:00 294.0 20817.0 83.6 81.23 81.33 81.23 81.22 1801.0 81.23 2200.0 20817.0 8118.0 12699.0 0.0 81.2628
15:09:00 481.0 38072.0 83.6 81.22 81.25 81.07 81.22 894.0 81.23 2500.0 38072.0 18600.0 19472.0 0.0 81.2119
15:10:00 275.0 23531.0 83.6 81.18 81.24 81.18 81.18 30.0 81.18 200.0 23531.0 11609.0 11922.0 0.0 81.2237
15:11:00 498.0 45487.0 83.6 81.19 81.221 81.18 81.18 3000.0 81.19 1378.0 45487.0 31261.0 14226.0 0.0 81.2067
15:12:00 619.0 63163.0 83.6 81.23 81.23 81.18 81.22 2822.0 81.23 200.0 63163.0 43499.0 19664.0 0.0 81.1958
15:13:00 449.0 34613.0 83.6 81.35 81.36 81.23 81.34 1000.0 81.35 2200.0 34613.0 24431.0 10182.0 0.0 81.295
15:14:00 332.0 27169.0 83.6 81.31 81.35 81.28 81.31 1700.0 81.32 2701.0 27169.0 15805.0 11364.0 0.0 81.3124
15:15:00 470.0 41128.0 83.6 81.31 81.37 81.3 81.31 410.0 81.32 2600.0 41128.0 19766.0 21362.0 0.0 81.3219
15:16:00 367.0 26474.0 83.6 81.225 81.33 81.21 81.22 2500.0 81.23 2200.0 26474.0 11845.0 14629.0 0.0 81.2619
15:17:00 371.0 35791.0 83.6 81.31 81.31 81.22 81.3 2103.0 81.31 800.0 35791.0 25267.0 10524.0 0.0 81.2504
15:18:00 795.0 81210.0 83.6 81.37 81.42 81.31 81.36 2500.0 81.37 310.0 81210.0 33397.0 47813.0 0.0 81.3705
15:19:00 324.0 29539.0 83.6 81.26 81.37 81.26 81.26 563.0 81.27 4358.0 29539.0 15024.0 14515.0 0.0 81.3037
15:20:00 314.0 27220.0 83.6 81.355 81.38 81.265 81.35 3152.0 81.36 800.0 27220.0 18935.0 8285.0 0.0 81.3211
15:21:00 282.0 24579.0 83.6 81.4 81.41 81.34 81.39 2700.0 81.4 900.0 24579.0 17013.0 7566.0 0.0 81.3672
15:22:00 2948.0 283953.0 83.6 81.11 81.41 80.75 81.11 800.0 81.12 1941.0 283953.0 103242.0 180711.0 0.0 81.0406
15:23:00 688.0 64035.0 83.6 81.25 81.345 81.11 81.24 2500.0 81.25 210.0 64035.0 36348.0 27687.0 0.0 81.2411
15:24:00 424.0 40168.0 83.6 81.23 81.27 81.2 81.22 1400.0 81.23 800.0 40168.0 23100.0 17068.0 0.0 81.2348
15:25:00 340.0 31460.0 83.6 81.28 81.3 81.21 81.28 600.0 81.29 2102.0 31460.0 17636.0 13824.0 0.0 81.2661
15:26:00 375.0 36709.0 83.6 81.22 81.31 81.21 81.21 1005.0 81.22 3680.0 36709.0 16936.0 19773.0 0.0 81.2655
15:27:00 557.0 74741.0 83.6 81.2 81.25 81.2 81.19 2500.0 81.2 1206.0 74741.0 34851.0 39890.0 0.0 81.2148
15:28:00 337.0 28839.0 83.6 81.17 81.235 81.15 81.16 2356.0 81.17 1906.0 28839.0 12286.0 16553.0 0.0 81.2024
15:29:00 272.0 26189.0 83.6 81.21 81.245 81.17 81.2 1506.0 81.21 1587.0 26189.0 16281.0 9908.0 0.0 81.2163
15:30:00 248.0 25009.0 83.6 81.18 81.21 81.16 81.18 1451.0 81.19 1202.0 25009.0 14755.0 10254.0 0.0 81.1918
15:31:00 730.0 68798.0 83.6 81.2 81.235 81.17 81.19 486.0 81.2 2756.0 68798.0 35177.0 33621.0 0.0 81.2011
15:32:00 310.0 26777.0 83.6 81.2 81.22 81.18 81.19 1005.0 81.2 3105.0 26777.0 15135.0 11642.0 0.0 81.2011
15:33:00 263.0 23596.0 83.6 81.16 81.2 81.15 81.15 6587.0 81.16 203.0 23596.0 11751.0 11845.0 0.0 81.1745
15:34:00 300.0 24149.0 83.6 81.14 81.17 81.13 81.13 3402.0 81.14 3255.0 24149.0 15256.0 8893.0 0.0 81.146
15:35:00 314.0 25265.0 83.6 81.18 81.18 81.12 81.17 2700.0 81.18 1402.0 25265.0 16414.0 8851.0 0.0 81.1361
15:36:00 303.0 25674.0 83.6 81.16 81.2 81.14 81.16 892.0 81.17 5425.0 25674.0 13798.0 11876.0 0.0 81.171
15:37:00 335.0 27945.0 83.6 81.18 81.24 81.145 81.18 1620.0 81.19 2719.0 27945.0 17215.0 10730.0 0.0 81.1894
15:38:00 294.0 24262.0 83.6 81.2 81.23 81.18 81.19 2815.0 81.2 2310.0 24262.0 17309.0 6953.0 0.0 81.2038
15:39:00 319.0 26773.0 83.6 81.17 81.21 81.16 81.17 200.0 81.17 100.0 26773.0 12843.0 13930.0 0.0 81.1835
15:40:00 637.0 48704.0 83.6 81.22 81.25 81.115 81.21 2000.0 81.22 1000.0 48704.0 29502.0 19202.0 0.0 81.1825
15:41:00 420.0 36147.0 83.6 81.25 81.305 81.2 81.24 2330.0 81.25 683.0 36147.0 21466.0 14681.0 0.0 81.255
15:42:00 502.0 46546.0 83.6 81.24 81.25 81.185 81.23 3292.0 81.24 931.0 46546.0 25042.0 21504.0 0.0 81.2182
15:43:00 384.0 31809.0 83.6 81.26 81.27 81.21 81.26 795.0 81.27 2388.0 31809.0 21048.0 10761.0 0.0 81.2383
15:44:00 373.0 37266.0 83.6 81.27 81.29 81.21 81.26 2397.0 81.27 1631.0 37266.0 18550.0 18716.0 0.0 81.2518
15:45:00 509.0 41572.0 83.6 81.31 81.33 81.25 81.31 1200.0 81.32 2746.0 41572.0 21962.0 19610.0 0.0 81.3023
15:46:00 679.0 61925.0 83.6 81.34 81.38 81.305 81.34 2215.0 81.35 2500.0 61925.0 34758.0 27167.0 0.0 81.3413
15:47:00 445.0 44648.0 83.6 81.43 81.44 81.345 81.43 3737.0 81.44 2901.0 44648.0 24503.0 20145.0 0.0 81.4024
15:48:00 619.0 71980.0 83.6 81.52 81.525 81.43 81.51 5002.0 81.52 702.0 71980.0 40946.0 31034.0 0.0 81.461
15:49:00 727.0 76421.0 83.6 81.51 81.56 81.49 81.51 4300.0 81.52 1700.0 76421.0 33575.0 42846.0 0.0 81.5241
15:50:00 680.0 65534.0 83.6 81.63 81.66 81.52 81.62 500.0 81.63 1101.0 65534.0 32318.0 33216.0 0.0 81.5994
15:51:00 1148.0 109183.0 83.6 81.68 81.725 81.51 81.67 2500.0 81.68 750.0 109183.0 45223.0 63960.0 0.0 81.6161
15:52:00 615.0 57505.0 83.6 81.765 81.785 81.68 81.76 2351.0 81.77 1015.0 57505.0 32977.0 24528.0 0.0 81.7361
15:53:00 777.0 63104.0 83.6 81.74 81.81 81.71 81.74 1100.0 81.75 4139.0 63104.0 31111.0 31993.0 0.0 81.764
15:54:00 500.0 43693.0 83.6 81.69 81.75 81.69 81.69 1814.0 81.7 4754.0 43693.0 18562.0 25131.0 0.0 81.7208
15:55:00 713.0 55796.0 83.6 81.66 81.74 81.655 81.66 1804.0 81.67 3401.0 55796.0 25621.0 30175.0 0.0 81.7128
15:56:00 1127.0 87165.0 83.6 81.73 81.77 81.665 81.73 3569.0 81.74 5657.0 87165.0 43020.0 44145.0 0.0 81.7186
15:57:00 862.0 75094.0 83.6 81.76 81.79 81.71 81.75 5868.0 81.76 2414.0 75094.0 40789.0 34305.0 0.0 81.7487
15:58:00 943.0 79118.0 83.6 81.75 81.77 81.72 81.74 3946.0 81.75 2159.0 79118.0 42123.0 36995.0 0.0 81.7451
15:59:00 1619.0 176349.0 83.6 81.805 81.83 81.745 81.8 6256.0 81.81 3466.0 176349.0 95381.0 80968.0 0.0 81.7902
16:00:00 2963.0 379040.0 83.6 81.87 81.9 81.765 81.87 298.0 81.88 356617.0 379040.0 176027.0 203013.0 0.0 81.8501
16:01:00 5.0 25.0 83.6 81.88 81.98 81.88 81.87 303.0 81.88 356617.0 25.0 15.0 10.0 0.0 81.884
16:02:00 9.0 280.0 83.6 81.89 81.89 81.87 81.87 371.0 81.88 356617.0 280.0 50.0 230.0 0.0 81.8735
16:03:00 6.0 114.0 83.6 81.87 81.88 81.87 81.87 357.0 81.88 257881.0 114.0 0.0 114.0 0.0 81.87
16:04:00 4.0 158.0 83.6 81.89 81.89 81.87 81.88 300.0 81.88 257881.0 158.0 1.0 157.0 0.0 81.8701
16:05:00 3.0 23.0 83.6 81.88 81.88 81.88 81.88 277.0 81.88 257881.0 23.0 0.0 23.0 0.0 81.88
16:06:00 4.0 102.0 83.6 81.88 81.88 81.88 81.88 175.0 81.88 257881.0 102.0 0.0 102.0 0.0 81.88
16:07:00 6.0 183.0 83.6 81.87 81.99 81.87 81.87 395.0 81.88 258168.0 183.0 13.0 170.0 0.0 81.8803
16:08:00 4.0 193.0 83.6 81.87 81.87 81.87 81.87 246.0 81.88 258168.0 193.0 0.0 193.0 0.0 81.87
16:09:00 4.0 346.0 83.6 81.87 81.87 81.87 81.87 200.0 81.87 54.0 346.0 0.0 346.0 0.0 81.87
16:10:00 2.0 0.0 83.6 81.56 81.56 81.56 81.87 200.0 81.85 153.0 nan 0.0 0.0 0.0 nan
16:11:00 0.0 0.0 83.6 81.56 nan nan 81.87 200.0 81.85 203.0 nan 0.0 0.0 0.0 nan
16:12:00 0.0 0.0 83.6 81.56 nan nan 81.87 200.0 81.8 500.0 nan 0.0 0.0 0.0 nan
16:13:00 6.0 575.0 83.6 81.8 81.8 81.76 81.87 200.0 81.85 201.0 575.0 510.0 65.0 0.0 81.8
16:14:00 6.0 1025.0 83.6 81.85 81.85 81.8 81.87 200.0 81.85 46.0 1025.0 185.0 840.0 0.0 81.8473
16:15:00 2.0 100.0 83.6 81.7 81.7 81.65 81.87 200.0 81.85 46.0 100.0 100.0 0.0 0.0 81.7
16:16:00 3.0 11.0 83.6 81.75 81.75 81.75 81.87 200.0 81.85 59.0 11.0 6.0 5.0 0.0 81.75
16:17:00 1.0 20.0 83.6 81.75 81.75 81.75 81.87 200.0 81.85 59.0 20.0 0.0 20.0 0.0 81.75
16:18:00 2.0 5.0 83.6 81.75 81.75 81.75 81.87 200.0 81.85 46.0 5.0 0.0 5.0 0.0 81.75
16:19:00 0.0 0.0 83.6 81.75 nan nan 81.87 200.0 81.85 46.0 nan 0.0 0.0 0.0 nan
16:20:00 0.0 0.0 83.6 81.75 nan nan 81.87 200.0 81.85 66.0 nan 0.0 0.0 0.0 nan
16:21:00 0.0 0.0 83.6 81.75 nan nan 81.87 200.0 81.85 66.0 nan 0.0 0.0 0.0 nan
16:22:00 0.0 0.0 83.6 81.75 nan nan 81.87 200.0 81.85 46.0 nan 0.0 0.0 0.0 nan
16:23:00 0.0 0.0 83.6 81.75 nan nan 81.87 200.0 81.85 66.0 nan 0.0 0.0 0.0 nan
16:24:00 4.0 111.0 83.6 81.85 81.87 81.85 81.87 200.0 81.85 27.0 111.0 111.0 0.0 0.0 81.863
16:25:00 0.0 0.0 83.6 81.85 nan nan 81.87 200.0 81.85 27.0 nan 0.0 0.0 0.0 nan
16:26:00 0.0 0.0 83.6 81.85 nan nan 81.87 200.0 81.85 27.0 nan 0.0 0.0 0.0 nan
16:27:00 1.0 1.0 83.6 81.86 81.86 81.86 81.87 200.0 81.85 27.0 1.0 1.0 0.0 0.0 81.86
16:28:00 2.0 19.0 83.6 81.83 81.83 81.83 81.87 200.0 81.83 14.0 19.0 0.0 19.0 0.0 81.83
16:29:00 4.0 13.0 83.6 81.82 81.83 81.82 81.87 200.0 81.83 4.0 13.0 10.0 3.0 0.0 81.8277
16:30:00 1.0 4.0 83.6 81.83 81.83 81.83 81.87 200.0 81.84 10.0 4.0 4.0 0.0 0.0 81.83
16:31:00 7.0 2037.0 83.6 81.86 81.86 81.83 81.87 200.0 81.85 28.0 2037.0 2000.0 37.0 0.0 81.8594
16:32:00 0.0 0.0 83.6 81.86 nan nan 81.87 200.0 81.85 28.0 nan 0.0 0.0 0.0 nan
16:33:00 1.0 10.0 83.6 81.82 81.82 81.82 81.87 200.0 81.85 28.0 10.0 0.0 10.0 0.0 81.82
16:34:00 5.0 87.0 83.6 81.86 81.86 81.82 81.87 200.0 81.85 28.0 87.0 20.0 67.0 0.0 81.8346
16:35:00 1.0 10.0 83.6 81.82 81.82 81.82 81.87 200.0 81.85 336.0 10.0 0.0 10.0 0.0 81.82
16:36:00 0.0 0.0 83.6 81.82 nan nan 81.87 200.0 81.85 336.0 nan 0.0 0.0 0.0 nan
16:37:00 0.0 0.0 83.6 81.82 nan nan 81.87 200.0 81.85 336.0 nan 0.0 0.0 0.0 nan
16:38:00 1.0 1.0 83.6 81.84 81.84 81.84 81.87 200.0 81.85 336.0 1.0 0.0 1.0 0.0 81.84
16:39:00 3.0 27.0 83.6 81.84 81.85 81.84 81.87 200.0 81.85 335.0 27.0 2.0 25.0 0.0 81.8407
16:40:00 3.0 92.0 83.6 81.83 81.84 81.83 81.87 200.0 81.83 8.0 92.0 0.0 92.0 0.0 81.8398
16:41:00 4.0 9.0 83.6 81.82 81.82 81.73 81.87 200.0 81.83 8.0 9.0 3.0 6.0 0.0 81.79
16:42:00 0.0 0.0 83.6 81.82 nan nan 81.87 200.0 81.81 4.0 nan 0.0 0.0 0.0 nan
16:43:00 24.0 3219.0 83.6 81.81 82.04 81.72 81.87 200.0 81.88 257916.0 3219.0 2661.0 558.0 0.0 81.9064
16:44:00 1.0 0.0 83.6 81.81 81.81 81.81 81.87 200.0 81.88 257916.0 nan 0.0 0.0 0.0 nan
16:45:00 0.0 0.0 83.6 81.81 nan nan 81.87 200.0 81.88 257916.0 nan 0.0 0.0 0.0 nan
16:46:00 0.0 0.0 83.6 81.81 nan nan 81.87 200.0 81.86 15.0 nan 0.0 0.0 0.0 nan
16:47:00 2.0 11.0 83.6 81.85 81.88 81.85 81.87 200.0 81.86 15.0 11.0 10.0 1.0 0.0 81.8773
16:48:00 0.0 0.0 83.6 81.85 nan nan 81.87 200.0 81.79 8.0 nan 0.0 0.0 0.0 nan
16:49:00 6.0 208.0 83.6 81.8 81.8 81.79 81.87 200.0 81.86 15.0 208.0 108.0 100.0 0.0 81.7996
16:50:00 0.0 0.0 83.6 81.8 nan nan 81.87 200.0 81.86 15.0 nan 0.0 0.0 0.0 nan
16:51:00 0.0 0.0 83.6 81.8 nan nan 81.87 200.0 81.85 475.0 nan 0.0 0.0 0.0 nan
16:52:00 9.0 475.0 83.6 81.89 81.89 81.81 81.87 200.0 81.88 257937.0 475.0 475.0 0.0 0.0 81.8252
16:53:00 2.0 0.0 83.6 81.88 81.88 81.88 81.87 200.0 81.88 257937.0 nan 0.0 0.0 0.0 nan
16:54:00 1.0 1.0 83.6 81.88 81.88 81.88 81.87 200.0 81.88 257931.0 1.0 1.0 0.0 0.0 81.88
16:55:00 1.0 0.0 83.6 81.81 81.81 81.81 81.87 200.0 81.88 257933.0 nan 0.0 0.0 0.0 nan
16:56:00 2.0 1.0 83.6 81.81 81.88 81.81 81.87 200.0 81.88 257935.0 1.0 1.0 0.0 0.0 81.88
16:57:00 1.0 0.0 83.6 81.81 81.81 81.81 81.87 200.0 81.85 10.0 nan 0.0 0.0 0.0 nan
16:58:00 2.0 1.0 83.6 81.81 81.85 81.81 81.87 200.0 81.85 18.0 1.0 1.0 0.0 0.0 81.85
16:59:00 1.0 6.0 83.6 81.85 81.85 81.85 81.87 200.0 81.85 12.0 6.0 6.0 0.0 0.0 81.85
17:00:00 2.0 1.0 83.6 81.84 81.84 81.81 81.87 200.0 81.85 9.0 1.0 1.0 0.0 0.0 81.84
