time trade_count trade_volume trade_first trade_last trade_high trade_low bid_price bid_size ask_price ask_size hid_vol buy_vol sell_vol unsided_vol vwap
09:00:00 nan 471.0 84.28 84.27 84.33 84.25 84.27 200.0 84.33 114.0 471.0 300.0 171.0 0.0 84.2918
09:01:00 12.0 454.0 84.28 84.25 84.27 84.2 84.1 441.0 84.28 100.0 454.0 30.0 424.0 0.0 84.2627
09:02:00 6.0 6.0 84.28 84.18 84.2 84.15 84.13 437.0 84.2 4.0 6.0 6.0 0.0 0.0 84.2
09:03:00 38.0 1590.0 84.28 84.01 84.2 84.0 84.01 58.0 84.08 560.0 1590.0 1.0 1589.0 0.0 84.0931
09:04:00 18.0 486.0 84.28 84.01 84.07 84.0 84.0 1588.0 84.03 560.0 486.0 153.0 333.0 0.0 84.0171
09:05:00 55.0 3208.0 84.28 83.91 84.01 83.81 83.85 100.0 83.92 478.0 3208.0 510.0 2698.0 0.0 83.9525
09:06:00 24.0 1661.0 84.28 83.98 84.0 83.85 83.91 100.0 84.0 41.0 1661.0 1629.0 32.0 0.0 83.9204
09:07:00 10.0 50.0 84.28 83.98 84.0 83.96 83.95 104.0 84.08 88.0 50.0 50.0 0.0 0.0 83.9992
09:08:00 53.0 2651.0 84.28 84.14 84.25 84.03 84.12 100.0 84.23 50.0 2651.0 2645.0 6.0 0.0 84.1817
09:09:00 35.0 865.0 84.28 84.19 84.21 84.12 84.15 100.0 84.24 120.0 865.0 424.0 441.0 0.0 84.1737
09:10:00 2.0 0.0 84.28 84.2 84.2 84.16 84.15 600.0 84.24 120.0 nan 0.0 0.0 0.0 nan
09:11:00 18.0 437.0 84.28 84.13 84.24 84.13 84.02 100.0 84.14 100.0 437.0 327.0 110.0 0.0 84.2157
09:12:00 23.0 310.0 84.28 84.09 84.2 84.09 84.09 88.0 84.2 3.0 310.0 293.0 17.0 0.0 84.1518
09:13:00 1.0 1.0 84.28 84.09 84.09 84.09 84.11 2.0 84.18 48.0 1.0 0.0 1.0 0.0 84.09
09:14:00 11.0 101.0 84.28 84.14 84.17 84.0 84.1 92.0 84.18 48.0 101.0 0.0 101.0 0.0 84.0123
09:15:00 15.0 230.0 84.28 84.08 84.18 84.08 84.02 100.0 84.2 53.0 230.0 57.0 173.0 0.0 84.1126
09:16:00 51.0 3427.0 84.28 83.85 84.06 83.85 83.88 80.0 83.92 117.0 3427.0 225.0 3202.0 0.0 83.9325
09:17:00 29.0 744.0 84.28 83.86 83.88 83.8 83.8 4118.0 83.88 110.0 744.0 62.0 682.0 0.0 83.8259
09:18:00 13.0 217.0 84.28 83.9 84.0 83.88 83.81 15.0 84.0 189.0 217.0 217.0 0.0 0.0 83.8915
09:19:00 1.0 10.0 84.28 83.9 83.9 83.9 83.85 4.0 84.0 575.0 10.0 10.0 0.0 0.0 83.9
09:20:00 25.0 630.0 84.28 83.99 84.01 83.9 83.9 2171.0 84.2 9.0 630.0 630.0 0.0 0.0 83.9998
09:21:00 23.0 519.0 84.28 84.0 84.12 83.9 83.92 10.0 84.2 7.0 519.0 45.0 474.0 0.0 83.919
09:22:00 0.0 0.0 84.28 84.0 nan nan 84.01 87.0 84.17 271.0 nan 0.0 0.0 0.0 nan
09:23:00 23.0 1253.0 84.28 84.17 84.24 84.02 84.02 82.0 84.23 12.0 1253.0 307.0 946.0 0.0 84.1821
09:24:00 13.0 160.0 84.28 84.13 84.26 84.11 84.1 400.0 84.28 292.0 160.0 156.0 4.0 0.0 84.2198
09:25:00 99.0 6933.0 84.28 84.48 84.48 84.17 84.4 1658.0 84.49 130.0 6933.0 5889.0 1044.0 0.0 84.3648
09:26:00 61.0 2150.0 84.28 84.24 84.47 84.2 84.24 1.0 84.3 415.0 2150.0 375.0 1775.0 0.0 84.362
09:27:00 13.0 837.0 84.28 84.2 84.26 84.18 84.1 3350.0 84.3 554.0 837.0 836.0 1.0 0.0 84.2
09:28:00 44.0 403.0 84.28 84.3 84.31 84.17 84.3 95.0 84.49 100.0 403.0 348.0 55.0 0.0 84.2749
09:29:00 24.0 115.0 84.28 84.4 84.4 84.24 84.24 79.0 84.35 100.0 115.0 10.0 105.0 0.0 84.3023
09:30:00 96.0 6210.0 84.28 83.96 84.41 83.9 83.9 304.0 84.32 1100.0 6210.0 1461.0 4749.0 0.0 84.0841
09:31:00 2347.0 124613.0 84.28 84.47 84.65 84.0 84.45 110.0 84.51 50.0 124613.0 57526.0 67087.0 0.0 84.2615
09:32:00 1630.0 79838.0 84.28 84.5 84.56 84.03 84.48 50.0 84.52 650.0 79838.0 32805.0 47033.0 0.0 84.2769
09:33:00 1262.0 63467.0 84.28 84.7 84.74 84.28 84.68 150.0 84.71 250.0 63467.0 31012.0 32455.0 0.0 84.4918
09:34:00 1938.0 80909.0 84.28 84.71 84.73 84.33 84.7 127.0 84.71 18.0 80909.0 40490.0 40419.0 0.0 84.5191
09:35:00 1551.0 70076.0 84.28 84.83 84.85 84.45 84.83 96.0 84.85 125.0 70076.0 39038.0 31038.0 0.0 84.613
09:36:00 1470.0 57376.0 84.28 84.76 84.93 84.5 84.75 116.0 84.77 583.0 57376.0 31719.0 25657.0 0.0 84.7335
09:37:00 1381.0 91821.0 84.28 85.14 85.17 84.7 85.13 50.0 85.14 21.0 91821.0 68560.0 23261.0 0.0 84.989
09:38:00 1820.0 77504.0 84.28 85.26 85.28 84.81 85.25 460.0 85.26 119.0 77504.0 33648.0 43856.0 0.0 85.0849
09:39:00 1543.0 64473.0 84.28 85.34 85.4 85.13 85.32 100.0 85.34 350.0 64473.0 36053.0 28420.0 0.0 85.2607
09:40:00 1166.0 59953.0 84.28 85.44 85.46 85.16 85.43 324.0 85.44 150.0 59953.0 27744.0 32209.0 0.0 85.3322
09:41:00 1849.0 102793.0 84.28 85.13 85.44 85.1 85.13 532.0 85.16 633.0 102793.0 36977.0 65816.0 0.0 85.2983
09:42:00 2102.0 103322.0 84.28 85.17 85.31 85.02 85.17 31.0 85.18 200.0 103322.0 45631.0 57691.0 0.0 85.159
09:43:00 1509.0 72103.0 84.28 85.22 85.32 85.08 85.22 336.0 85.23 100.0 72103.0 33792.0 38311.0 0.0 85.189
09:44:00 2043.0 115521.0 84.28 85.2 85.46 85.11 85.19 350.0 85.21 383.0 115521.0 48620.0 66901.0 0.0 85.2766
09:45:00 1843.0 102156.0 84.28 84.98 85.2 84.9 84.97 12.0 84.98 506.0 102156.0 48496.0 53660.0 0.0 85.0073
09:46:00 1708.0 97722.0 84.28 84.89 84.99 84.75 84.89 340.0 84.9 409.0 97722.0 48194.0 49528.0 0.0 84.823
09:47:00 1111.0 62219.0 84.28 84.8 84.92 84.73 84.8 20.0 84.8 100.0 62219.0 25633.0 36586.0 0.0 84.797
09:48:00 1968.0 115729.0 84.28 84.69 85.03 84.68 84.68 157.0 84.69 514.0 115729.0 51548.0 64181.0 0.0 84.8685
09:49:00 2036.0 120025.0 84.28 84.64 84.72 84.48 84.63 300.0 84.64 92.0 120025.0 57463.0 62562.0 0.0 84.6114
09:50:00 1424.0 93763.0 84.28 84.73 84.88 84.61 84.73 600.0 84.74 41.0 93763.0 45100.0 48663.0 0.0 84.774
09:51:00 1476.0 77468.0 84.28 84.88 84.92 84.67 84.87 874.0 84.88 100.0 77468.0 32035.0 45433.0 0.0 84.8003
09:52:00 850.0 42685.0 84.28 84.92 84.96 84.82 84.91 20.0 84.92 58.0 42685.0 23347.0 19338.0 0.0 84.8888
09:53:00 1319.0 66249.0 84.28 84.66 84.95 84.61 84.66 306.0 84.67 587.0 66249.0 32377.0 33872.0 0.0 84.7554
09:54:00 693.0 36493.0 84.28 84.61 84.69 84.56 84.6 454.0 84.61 100.0 36493.0 16167.0 20326.0 0.0 84.6217
09:55:00 1385.0 75409.0 84.28 85.09 85.1 84.61 85.05 530.0 85.08 1201.0 75409.0 48894.0 26515.0 0.0 84.8755
09:56:00 1377.0 76983.0 84.28 85.01 85.18 84.99 85.0 500.0 85.01 3.0 76983.0 35050.0 41933.0 0.0 85.0795
09:57:00 941.0 48418.0 84.28 84.84 85.1 84.82 84.83 247.0 84.85 693.0 48418.0 20898.0 27520.0 0.0 85.01
09:58:00 883.0 44144.0 84.28 84.79 85.0 84.78 84.79 3.0 84.8 327.0 44144.0 20717.0 23427.0 0.0 84.8762
09:59:00 690.0 44969.0 84.28 84.84 84.85 84.67 84.83 7.0 84.84 411.0 44969.0 22006.0 22963.0 0.0 84.7657
10:00:00 587.0 33353.0 84.28 84.8 84.86 84.76 84.8 286.0 84.82 400.0 33353.0 15142.0 18211.0 0.0 84.7962
10:01:00 911.0 57905.0 84.28 84.76 84.91 84.71 84.75 1.0 84.76 68.0 57905.0 29196.0 28709.0 0.0 84.8093
10:02:00 1318.0 86604.0 84.28 84.41 84.76 84.41 84.41 8.0 84.42 20.0 86604.0 33307.0 53297.0 0.0 84.5746
10:03:00 1170.0 61014.0 84.28 84.62 84.68 84.4 84.6 952.0 84.62 12.0 61014.0 32179.0 28835.0 0.0 84.5446
10:04:00 1127.0 61155.0 84.28 84.625 84.655 84.51 84.62 591.0 84.63 100.0 61155.0 22358.0 38797.0 0.0 84.5839
10:05:00 948.0 47108.0 84.28 84.58 84.72 84.53 84.58 286.0 84.6 625.0 47108.0 24321.0 22787.0 0.0 84.6335
10:06:00 1179.0 59845.0 84.28 84.58 84.69 84.5 84.58 1000.0 84.59 206.0 59845.0 30576.0 29269.0 0.0 84.5848
10:07:00 1129.0 62986.0 84.28 84.7 84.79 84.58 84.69 704.0 84.7 184.0 62986.0 27669.0 35317.0 0.0 84.6788
10:08:00 799.0 46124.0 84.28 84.64 84.79 84.56 84.64 254.0 84.66 805.0 46124.0 18269.0 27855.0 0.0 84.6812
10:09:00 528.0 27759.0 84.28 84.68 84.73 84.61 84.67 64.0 84.68 292.0 27759.0 11963.0 15796.0 0.0 84.665
10:10:00 704.0 38397.0 84.28 84.88 84.88 84.64 84.88 250.0 84.89 844.0 38397.0 19113.0 19284.0 0.0 84.7387
10:11:00 1216.0 86570.0 84.28 85.09 85.1 84.75 85.09 100.0 85.1 254.0 86570.0 50116.0 36454.0 0.0 84.9159
10:12:00 861.0 49349.0 84.28 85.175 85.18 85.04 85.18 34.0 85.18 100.0 49349.0 21376.0 27973.0 0.0 85.0941
10:13:00 1065.0 65621.0 84.28 85.06 85.24 85.05 85.05 449.0 85.07 1400.0 65621.0 28805.0 36816.0 0.0 85.1491
10:14:00 544.0 39555.0 84.28 85.27 85.27 85.06 85.26 965.0 85.28 567.0 39555.0 27977.0 11578.0 0.0 85.1902
10:15:00 700.0 48974.0 84.28 85.34 85.37 85.16 85.33 806.0 85.34 150.0 48974.0 22717.0 26257.0 0.0 85.2739
10:16:00 1154.0 94393.0 84.28 85.5 85.565 85.34 85.49 1151.0 85.51 33.0 94393.0 59995.0 34398.0 0.0 85.4811
10:17:00 754.0 51483.0 84.28 85.44 85.59 85.41 85.43 1044.0 85.45 453.0 51483.0 19762.0 31721.0 0.0 85.4949
10:18:00 699.0 43936.0 84.28 85.43 85.45 85.35 85.43 132.0 85.44 1300.0 43936.0 20610.0 23326.0 0.0 85.4119
10:19:00 1282.0 82281.0 84.28 85.67 85.68 85.42 85.68 33.0 85.68 35.0 82281.0 43700.0 38581.0 0.0 85.5726
10:20:00 1212.0 78390.0 84.28 85.81 85.83 85.57 85.81 359.0 85.82 1121.0 78390.0 38180.0 40210.0 0.0 85.6921
10:21:00 1089.0 64865.0 84.28 85.68 85.81 85.62 85.68 672.0 85.69 1600.0 64865.0 26364.0 38501.0 0.0 85.7238
10:22:00 1232.0 76289.0 84.28 85.64 85.68 85.52 85.63 6.0 85.64 751.0 76289.0 41512.0 34777.0 0.0 85.6014
10:23:00 690.0 39150.0 84.28 85.58 85.69 85.58 85.57 437.0 85.58 300.0 39150.0 14756.0 24394.0 0.0 85.642
10:24:00 1400.0 104113.0 84.28 85.82 85.87 85.55 85.81 500.0 85.82 300.0 104113.0 73126.0 30987.0 0.0 85.7462
10:25:00 1484.0 85503.0 84.28 85.75 85.81 85.58 85.75 776.0 85.76 809.0 85503.0 39372.0 46131.0 0.0 85.6945
10:26:00 916.0 63662.0 84.28 85.72 85.78 85.59 85.71 500.0 85.72 200.0 63662.0 27297.0 36365.0 0.0 85.6963
10:27:00 746.0 78072.0 84.28 85.47 85.73 85.44 85.46 862.0 85.47 900.0 78072.0 29167.0 48905.0 0.0 85.562
10:28:00 753.0 65902.0 84.28 85.46 85.49 85.31 85.45 900.0 85.47 400.0 65902.0 42142.0 23760.0 0.0 85.3695
10:29:00 493.0 31578.0 84.28 85.4 85.45 85.35 85.4 800.0 85.42 304.0 31578.0 11453.0 20125.0 0.0 85.4003
10:30:00 749.0 50524.0 84.28 85.43 85.49 85.24 85.42 219.0 85.44 700.0 50524.0 20382.0 30142.0 0.0 85.3773
10:31:00 924.0 56161.0 84.28 85.52 85.65 85.415 85.51 354.0 85.52 253.0 56161.0 27297.0 28864.0 0.0 85.5506
10:32:00 842.0 40745.0 84.28 85.62 85.69 85.51 85.61 958.0 85.62 242.0 40745.0 21312.0 19433.0 0.0 85.5831
10:33:00 672.0 38335.0 84.28 85.76 85.76 85.58 85.76 228.0 85.77 606.0 38335.0 22781.0 15554.0 0.0 85.6668
10:34:00 710.0 42470.0 84.28 85.54 85.8 85.53 85.54 698.0 85.55 200.0 42470.0 16963.0 25507.0 0.0 85.6436
10:35:00 607.0 33137.0 84.28 85.75 85.77 85.51 85.73 402.0 85.74 100.0 33137.0 15448.0 17689.0 0.0 85.6711
10:36:00 673.0 36662.0 84.28 85.66 85.75 85.61 85.65 300.0 85.66 108.0 36662.0 16368.0 20294.0 0.0 85.6653
10:37:00 1037.0 77108.0 84.28 85.95 85.97 85.63 85.95 700.0 85.96 417.0 77108.0 44995.0 32113.0 0.0 85.83
10:38:00 909.0 85323.0 84.28 85.74 85.99 85.68 85.73 568.0 85.74 100.0 85323.0 27544.0 57779.0 0.0 85.9061
10:39:00 632.0 31422.0 84.28 85.76 85.815 85.72 85.75 652.0 85.76 100.0 31422.0 16249.0 15173.0 0.0 85.7723
10:40:00 787.0 44095.0 84.28 85.63 85.81 85.63 85.62 548.0 85.63 462.0 44095.0 22882.0 21213.0 0.0 85.6921
10:41:00 605.0 29318.0 84.28 85.54 85.63 85.53 85.54 87.0 85.55 759.0 29318.0 12873.0 16445.0 0.0 85.5807
10:42:00 1463.0 80122.0 84.28 85.33 85.55 85.28 85.33 238.0 85.34 1657.0 80122.0 32708.0 47414.0 0.0 85.3766
10:43:00 853.0 49864.0 84.28 85.44 85.54 85.33 85.44 233.0 85.45 725.0 49864.0 29236.0 20628.0 0.0 85.4414
10:44:00 611.0 27954.0 84.28 85.43 85.49 85.33 85.43 240.0 85.44 456.0 27954.0 11283.0 16671.0 0.0 85.401
10:45:00 552.0 26015.0 84.28 85.41 85.5 85.4 85.42 100.0 85.43 859.0 26015.0 13056.0 12959.0 0.0 85.4443
10:46:00 708.0 36651.0 84.28 85.3 85.45 85.3 85.3 668.0 85.31 207.0 36651.0 14388.0 22263.0 0.0 85.4025
10:47:00 713.0 32281.0 84.28 85.26 85.33 85.23 85.25 202.0 85.26 919.0 32281.0 16533.0 15748.0 0.0 85.2773
10:48:00 644.0 32799.0 84.28 85.1 85.27 85.09 85.09 640.0 85.1 592.0 32799.0 12188.0 20611.0 0.0 85.1838
10:49:00 764.0 36851.0 84.28 85.28 85.31 85.05 85.28 715.0 85.29 127.0 36851.0 18374.0 18477.0 0.0 85.2028
10:50:00 520.0 24062.0 84.28 85.27 85.3 85.25 85.27 670.0 85.28 106.0 24062.0 11073.0 12989.0 0.0 85.2753
10:51:00 452.0 21466.0 84.28 85.42 85.42 85.25 85.42 554.0 85.43 520.0 21466.0 11119.0 10347.0 0.0 85.3291
10:52:00 593.0 32585.0 84.28 85.39 85.44 85.33 85.4 532.0 85.41 313.0 32585.0 15599.0 16986.0 0.0 85.3815
10:53:00 483.0 27174.0 84.28 85.33 85.44 85.32 85.32 601.0 85.33 200.0 27174.0 11790.0 15384.0 0.0 85.3905
10:54:00 606.0 45249.0 84.28 85.28 85.35 85.2 85.28 1149.0 85.29 138.0 45249.0 21386.0 23863.0 0.0 85.2797
10:55:00 490.0 45746.0 84.28 85.07 85.29 85.07 85.07 272.0 85.08 1150.0 45746.0 13076.0 32670.0 0.0 85.1571
10:56:00 755.0 50691.0 84.28 85.12 85.19 85.03 85.12 558.0 85.13 500.0 50691.0 19563.0 31128.0 0.0 85.101
10:57:00 823.0 61894.0 84.28 85.24 85.3 85.08 85.24 1266.0 85.25 100.0 61894.0 39220.0 22674.0 0.0 85.2211
10:58:00 685.0 40612.0 84.28 85.48 85.48 85.22 85.48 559.0 85.49 515.0 40612.0 20242.0 20370.0 0.0 85.3583
10:59:00 752.0 52414.0 84.28 85.5 85.57 85.42 85.49 611.0 85.5 331.0 52414.0 24248.0 28166.0 0.0 85.4908
11:00:00 554.0 37707.0 84.28 85.46 85.56 85.41 85.45 100.0 85.46 1504.0 37707.0 15461.0 22246.0 0.0 85.4883
11:01:00 782.0 60005.0 84.28 85.58 85.59 85.45 85.58 840.0 85.59 175.0 60005.0 34827.0 25178.0 0.0 85.5088
11:02:00 470.0 29911.0 84.28 85.63 85.655 85.56 85.62 740.0 85.63 305.0 29911.0 15550.0 14361.0 0.0 85.6013
11:03:00 549.0 38482.0 84.28 85.54 85.64 85.5 85.54 239.0 85.55 608.0 38482.0 18421.0 20061.0 0.0 85.5609
11:04:00 449.0 34393.0 84.28 85.62 85.64 85.52 85.61 1432.0 85.62 100.0 34393.0 17406.0 16987.0 0.0 85.5748
11:05:00 526.0 34771.0 84.28 85.6 85.68 85.55 85.59 1245.0 85.6 23.0 34771.0 18745.0 16026.0 0.0 85.6268
11:06:00 679.0 41736.0 84.28 85.59 85.71 85.56 85.58 738.0 85.59 504.0 41736.0 20429.0 21307.0 0.0 85.6355
11:07:00 548.0 36316.0 84.28 85.51 85.63 85.48 85.51 544.0 85.52 800.0 36316.0 15566.0 20750.0 0.0 85.5676
11:08:00 550.0 34150.0 84.28 85.42 85.52 85.35 85.41 1401.0 85.42 478.0 34150.0 14612.0 19538.0 0.0 85.4187
11:09:00 498.0 33574.0 84.28 85.41 85.42 85.34 85.4 1379.0 85.41 159.0 33574.0 15907.0 17667.0 0.0 85.3842
11:10:00 624.0 39825.0 84.28 85.29 85.41 85.28 85.28 1587.0 85.3 1253.0 39825.0 16326.0 23499.0 0.0 85.3548
11:11:00 585.0 33407.0 84.28 85.3 85.3 85.23 85.3 436.0 85.31 714.0 33407.0 14200.0 19207.0 0.0 85.2655
11:12:00 420.0 27775.0 84.28 85.26 85.31 85.21 85.25 246.0 85.26 600.0 27775.0 10510.0 17265.0 0.0 85.2584
11:13:00 590.0 39842.0 84.28 85.24 85.27 85.2 85.24 1329.0 85.25 871.0 39842.0 17225.0 22617.0 0.0 85.2391
11:14:00 657.0 44813.0 84.28 85.16 85.25 85.16 85.16 673.0 85.17 517.0 44813.0 22547.0 22266.0 0.0 85.2207
11:15:00 627.0 36031.0 84.28 85.2 85.24 85.08 85.19 1735.0 85.2 100.0 36031.0 13980.0 22051.0 0.0 85.1546
11:16:00 361.0 22823.0 84.28 85.28 85.28 85.15 85.28 257.0 85.29 2255.0 22823.0 12169.0 10654.0 0.0 85.2022
11:17:00 372.0 25107.0 84.28 85.29 85.33 85.25 85.29 642.0 85.3 657.0 25107.0 11404.0 13703.0 0.0 85.2909
11:18:00 486.0 29799.0 84.28 85.35 85.35 85.25 85.34 1350.0 85.35 100.0 29799.0 11748.0 18051.0 0.0 85.3008
11:19:00 315.0 18800.0 84.28 85.17 85.34 85.16 85.16 800.0 85.17 613.0 18800.0 8338.0 10462.0 0.0 85.2648
11:20:00 420.0 32194.0 84.28 85.21 85.225 85.06 85.2 816.0 85.21 300.0 32194.0 12187.0 20007.0 0.0 85.1328
11:21:00 252.0 17405.0 84.28 85.27 85.3 85.21 85.27 1062.0 85.28 703.0 17405.0 7681.0 9724.0 0.0 85.26
11:22:00 444.0 28892.0 84.28 85.19 85.3 85.16 85.18 872.0 85.19 679.0 28892.0 10779.0 18113.0 0.0 85.2198
11:23:00 592.0 42786.0 84.28 85.07 85.2 85.06 85.06 200.0 85.07 2135.0 42786.0 14801.0 27985.0 0.0 85.1171
11:24:00 370.0 36482.0 84.28 85.05 85.1 85.01 85.06 1535.0 85.07 191.0 36482.0 23585.0 12897.0 0.0 85.0493
11:25:00 435.0 30952.0 84.28 84.99 85.115 84.97 84.99 790.0 85.0 1200.0 30952.0 10218.0 20734.0 0.0 85.0498
11:26:00 487.0 33389.0 84.28 84.955 85.0 84.92 84.95 1751.0 84.96 300.0 33389.0 19105.0 14284.0 0.0 84.9564
11:27:00 596.0 39441.0 84.28 84.97 85.095 84.95 84.97 496.0 84.98 1600.0 39441.0 18604.0 20837.0 0.0 85.0249
11:28:00 347.0 24339.0 84.28 84.98 85.01 84.96 84.98 543.0 84.99 1052.0 24339.0 13621.0 10718.0 0.0 84.9808
11:29:00 409.0 27942.0 84.28 84.97 84.99 84.94 84.96 1500.0 84.98 1391.0 27942.0 14100.0 13842.0 0.0 84.9736
11:30:00 480.0 33804.0 84.28 84.97 84.99 84.91 84.97 242.0 84.98 1697.0 33804.0 16759.0 17045.0 0.0 84.9508
11:31:00 522.0 46149.0 84.28 85.15 85.16 84.92 85.14 1635.0 85.15 513.0 46149.0 27892.0 18257.0 0.0 85.0337
11:32:00 301.0 20575.0 84.28 85.2 85.21 85.12 85.2 894.0 85.21 301.0 20575.0 8458.0 12117.0 0.0 85.1735
11:33:00 395.0 28614.0 84.28 85.16 85.24 85.14 85.16 1934.0 85.17 100.0 28614.0 16134.0 12480.0 0.0 85.1958
11:34:00 427.0 28674.0 84.28 85.06 85.18 85.04 85.05 631.0 85.06 1699.0 28674.0 12850.0 15824.0 0.0 85.106
11:35:00 381.0 25236.0 84.28 85.11 85.12 85.01 85.11 581.0 85.12 601.0 25236.0 11915.0 13321.0 0.0 85.0577
11:36:00 449.0 31986.0 84.28 85.13 85.225 85.06 85.12 600.0 85.13 1100.0 31986.0 13155.0 18831.0 0.0 85.1479
11:37:00 610.0 51234.0 84.28 85.23 85.25 85.095 85.23 1650.0 85.24 215.0 51234.0 30719.0 20515.0 0.0 85.1652
11:38:00 392.0 29889.0 84.28 85.19 85.25 85.16 85.18 537.0 85.19 1100.0 29889.0 11426.0 18463.0 0.0 85.1976
11:39:00 422.0 31913.0 84.28 85.19 85.22 85.15 85.19 645.0 85.2 1300.0 31913.0 14688.0 17225.0 0.0 85.1873
11:40:00 295.0 18902.0 84.28 85.17 85.205 85.15 85.16 308.0 85.17 3300.0 18902.0 6703.0 12199.0 0.0 85.1744
11:41:00 445.0 30000.0 84.28 85.21 85.24 85.15 85.2 832.0 85.21 1500.0 30000.0 15231.0 14769.0 0.0 85.2036
11:42:00 351.0 23851.0 84.28 85.16 85.23 85.15 85.16 890.0 85.17 2113.0 23851.0 9455.0 14396.0 0.0 85.2061
11:43:00 1504.0 116948.0 84.28 85.28 85.38 85.15 85.27 801.0 85.28 1002.0 116948.0 57015.0 59933.0 0.0 85.2529
11:44:00 741.0 55605.0 84.28 85.32 85.39 85.18 85.32 532.0 85.33 1100.0 55605.0 29280.0 26325.0 0.0 85.3008
11:45:00 487.0 37674.0 84.28 85.32 85.42 85.3 85.32 2036.0 85.33 400.0 37674.0 17430.0 20244.0 0.0 85.3632
11:46:00 429.0 30331.0 84.28 85.21 85.42 85.21 85.2 2401.0 85.21 74.0 30331.0 12328.0 18003.0 0.0 85.3419
11:47:00 498.0 32848.0 84.28 85.3 85.31 85.19 85.3 631.0 85.31 900.0 32848.0 14885.0 17963.0 0.0 85.2346
11:48:00 275.0 19937.0 84.28 85.33 85.35 85.26 85.33 800.0 85.34 950.0 19937.0 8728.0 11209.0 0.0 85.2996
11:49:00 294.0 18934.0 84.28 85.32 85.36 85.29 85.31 1751.0 85.32 1000.0 18934.0 7404.0 11530.0 0.0 85.3239
11:50:00 492.0 35999.0 84.28 85.27 85.33 85.23 85.27 432.0 85.28 1600.0 35999.0 16330.0 19669.0 0.0 85.2659
11:51:00 298.0 21765.0 84.28 85.36 85.37 85.25 85.36 1200.0 85.37 865.0 21765.0 9947.0 11818.0 0.0 85.3062
11:52:00 612.0 50026.0 84.28 85.4 85.45 85.37 85.4 1670.0 85.41 928.0 50026.0 26688.0 23338.0 0.0 85.4182
11:53:00 360.0 24775.0 84.28 85.39 85.43 85.37 85.39 1146.0 85.4 1200.0 24775.0 8475.0 16300.0 0.0 85.3975
11:54:00 293.0 17036.0 84.28 85.4 85.45 85.375 85.39 1666.0 85.4 764.0 17036.0 6531.0 10505.0 0.0 85.4209
11:55:00 284.0 19124.0 84.28 85.35 85.43 85.33 85.35 909.0 85.36 1601.0 19124.0 7230.0 11894.0 0.0 85.3744
11:56:00 592.0 45708.0 84.28 85.3 85.38 85.28 85.3 944.0 85.31 1410.0 45708.0 17330.0 28378.0 0.0 85.3251
11:57:00 357.0 29447.0 84.28 85.21 85.3 85.18 85.22 539.0 85.23 2363.0 29447.0 12885.0 16562.0 0.0 85.2531
11:58:00 786.0 71379.0 84.28 85.01 85.22 84.945 85.0 1300.0 85.01 1031.0 71379.0 21960.0 49419.0 0.0 85.0728
11:59:00 715.0 49400.0 84.28 85.1 85.15 85.0 85.1 1587.0 85.11 100.0 49400.0 21617.0 27783.0 0.0 85.0815
12:00:00 344.0 25318.0 84.28 85.11 85.14 85.08 85.11 900.0 85.12 700.0 25318.0 7991.0 17327.0 0.0 85.1138
12:01:00 270.0 18804.0 84.28 85.07 85.15 85.03 85.07 329.0 85.08 1663.0 18804.0 6109.0 12695.0 0.0 85.0971
12:02:00 713.0 56148.0 84.28 85.11 85.135 85.0 85.12 232.0 85.13 1960.0 56148.0 26326.0 29822.0 0.0 85.0735
12:03:00 350.0 27628.0 84.28 85.07 85.13 85.02 85.07 447.0 85.08 1410.0 27628.0 11077.0 16551.0 0.0 85.0707
12:04:00 414.0 30077.0 84.28 85.04 85.12 85.035 85.03 1239.0 85.04 2500.0 30077.0 15526.0 14551.0 0.0 85.0695
12:05:00 385.0 24514.0 84.28 85.07 85.07 84.98 85.05 1231.0 85.06 1452.0 24514.0 10997.0 13517.0 0.0 85.0242
12:06:00 391.0 24231.0 84.28 85.06 85.1 85.0 85.06 400.0 85.07 1500.0 24231.0 10194.0 14037.0 0.0 85.0569
12:07:00 317.0 19311.0 84.28 85.09 85.115 85.05 85.08 2441.0 85.09 1001.0 19311.0 8618.0 10693.0 0.0 85.0882
12:08:00 397.0 26936.0 84.28 85.03 85.115 85.02 85.02 642.0 85.03 1763.0 26936.0 10521.0 16415.0 0.0 85.0789
12:09:00 311.0 20612.0 84.28 84.98 85.02 84.955 84.97 2049.0 84.98 1074.0 20612.0 8139.0 12473.0 0.0 84.9907
12:10:00 333.0 28373.0 84.28 85.15 85.15 84.975 85.14 1245.0 85.15 1561.0 28373.0 13286.0 15087.0 0.0 85.0888
12:11:00 389.0 28895.0 84.28 85.08 85.19 85.08 85.07 1400.0 85.08 1238.0 28895.0 14697.0 14198.0 0.0 85.1377
12:12:00 231.0 14753.0 84.28 85.09 85.1 85.03 85.08 2258.0 85.09 310.0 14753.0 8269.0 6484.0 0.0 85.075
12:13:00 252.0 15961.0 84.28 85.15 85.18 85.08 85.14 383.0 85.15 2733.0 15961.0 7783.0 8178.0 0.0 85.1478
12:14:00 242.0 18070.0 84.28 85.18 85.19 85.11 85.17 3152.0 85.18 300.0 18070.0 9142.0 8928.0 0.0 85.14
12:15:00 281.0 24212.0 84.28 85.14 85.2 85.13 85.13 2532.0 85.14 918.0 24212.0 9394.0 14818.0 0.0 85.176
12:16:00 248.0 15313.0 84.28 85.19 85.19 85.12 85.18 1101.0 85.19 2400.0 15313.0 7706.0 7607.0 0.0 85.1454
12:17:00 344.0 30783.0 84.28 85.23 85.26 85.18 85.22 693.0 85.23 2417.0 30783.0 16713.0 14070.0 0.0 85.2313
12:18:00 425.0 50210.0 84.28 85.27 85.33 85.19 85.26 1710.0 85.27 877.0 50210.0 34342.0 15868.0 0.0 85.2827
12:19:00 288.0 19234.0 84.28 85.25 85.315 85.23 85.25 2740.0 85.26 600.0 19234.0 10667.0 8567.0 0.0 85.2618
12:20:00 451.0 34099.0 84.28 85.26 85.27 85.22 85.26 445.0 85.27 2900.0 34099.0 14816.0 19283.0 0.0 85.2481
12:21:00 241.0 16025.0 84.28 85.32 85.32 85.255 85.31 3323.0 85.32 900.0 16025.0 8517.0 7508.0 0.0 85.2896
12:22:00 378.0 31147.0 84.28 85.345 85.45 85.31 85.34 749.0 85.35 2491.0 31147.0 18164.0 12983.0 0.0 85.3692
12:23:00 298.0 18820.0 84.28 85.355 85.385 85.33 85.35 1942.0 85.36 2604.0 18820.0 9703.0 9117.0 0.0 85.3639
12:24:00 502.0 37153.0 84.28 85.42 85.45 85.355 85.42 1565.0 85.43 1346.0 37153.0 20478.0 16675.0 0.0 85.4181
12:25:00 346.0 24763.0 84.28 85.4 85.45 85.4 85.39 1202.0 85.4 1700.0 24763.0 10086.0 14677.0 0.0 85.4154
12:26:00 228.0 16314.0 84.28 85.39 85.44 85.39 85.39 1143.0 85.4 2000.0 16314.0 6268.0 10046.0 0.0 85.4187
12:27:00 188.0 16016.0 84.28 85.44 85.45 85.39 85.43 1842.0 85.44 1410.0 16016.0 6501.0 9515.0 0.0 85.4216
12:28:00 348.0 27752.0 84.28 85.45 85.465 85.43 85.44 3633.0 85.45 718.0 27752.0 13475.0 14277.0 0.0 85.4439
12:29:00 351.0 25622.0 84.28 85.47 85.5 85.45 85.47 2439.0 85.48 862.0 25622.0 14256.0 11366.0 0.0 85.4778
12:30:00 324.0 24714.0 84.28 85.405 85.49 85.4 85.4 2124.0 85.41 1185.0 24714.0 8991.0 15723.0 0.0 85.4505
12:31:00 260.0 20145.0 84.28 85.48 85.49 85.4 85.48 1036.0 85.49 1711.0 20145.0 11502.0 8643.0 0.0 85.4507
12:32:00 534.0 43742.0 84.28 85.56 85.56 85.47 85.55 850.0 85.56 1810.0 43742.0 30427.0 13315.0 0.0 85.5218
12:33:00 295.0 21194.0 84.28 85.59 85.59 85.54 85.58 1101.0 85.59 2116.0 21194.0 10213.0 10981.0 0.0 85.566
12:34:00 325.0 20841.0 84.28 85.56 85.6 85.54 85.55 1520.0 85.56 1100.0 20841.0 8062.0 12779.0 0.0 85.5637
12:35:00 256.0 18847.0 84.28 85.55 85.59 85.52 85.54 2372.0 85.55 500.0 18847.0 11002.0 7845.0 0.0 85.5491
12:36:00 353.0 26511.0 84.28 85.56 85.59 85.54 85.56 537.0 85.57 1718.0 26511.0 12137.0 14374.0 0.0 85.5589
12:37:00 541.0 34449.0 84.28 85.61 85.65 85.56 85.61 1037.0 85.62 2396.0 34449.0 16183.0 18266.0 0.0 85.6126
12:38:00 437.0 28973.0 84.28 85.56 85.62 85.54 85.55 2150.0 85.56 717.0 28973.0 13914.0 15059.0 0.0 85.5698
12:39:00 490.0 30050.0 84.28 85.51 85.59 85.51 85.5 442.0 85.51 2532.0 30050.0 14389.0 15661.0 0.0 85.5521
12:40:00 444.0 35793.0 84.28 85.44 85.5 85.41 85.43 2259.0 85.44 299.0 35793.0 15649.0 20144.0 0.0 85.4383
12:41:00 288.0 23519.0 84.28 85.62 85.62 85.44 85.61 4057.0 85.62 406.0 23519.0 14401.0 9118.0 0.0 85.5357
12:42:00 648.0 44535.0 84.28 85.57 85.655 85.57 85.57 2840.0 85.58 2200.0 44535.0 17777.0 26758.0 0.0 85.6106
12:43:00 605.0 74699.0 84.28 85.51 85.58 85.44 85.51 947.0 85.52 1900.0 74699.0 50217.0 24482.0 0.0 85.5155
12:44:00 481.0 35924.0 84.28 85.59 85.6 85.5 85.58 317.0 85.59 2018.0 35924.0 12468.0 23456.0 0.0 85.5344
12:45:00 448.0 34552.0 84.28 85.53 85.62 85.51 85.53 1160.0 85.54 1700.0 34552.0 14008.0 20544.0 0.0 85.5721
12:46:00 350.0 38889.0 84.28 85.52 85.56 85.48 85.52 235.0 85.53 2401.0 38889.0 26910.0 11979.0 0.0 85.5108
12:47:00 464.0 38387.0 84.28 85.53 85.58 85.49 85.53 2047.0 85.54 300.0 38387.0 19461.0 18926.0 0.0 85.5314
12:48:00 259.0 16126.0 84.28 85.49 85.53 85.48 85.48 423.0 85.49 2400.0 16126.0 7542.0 8584.0 0.0 85.5059
12:49:00 418.0 30154.0 84.28 85.46 85.48 85.41 85.45 3042.0 85.46 400.0 30154.0 12480.0 17674.0 0.0 85.4282
12:50:00 271.0 18753.0 84.28 85.46 85.49 85.44 85.46 2779.0 85.47 100.0 18753.0 7583.0 11170.0 0.0 85.4643
12:51:00 228.0 26519.0 84.28 85.45 85.5 85.43 85.44 1643.0 85.45 2714.0 26519.0 18865.0 7654.0 0.0 85.4833
12:52:00 490.0 40431.0 84.28 85.46 85.54 85.43 85.46 3061.0 85.47 300.0 40431.0 25714.0 14717.0 0.0 85.4778
12:53:00 220.0 15600.0 84.28 85.47 85.5 85.46 85.47 2046.0 85.48 789.0 15600.0 6399.0 9201.0 0.0 85.4854
12:54:00 249.0 17156.0 84.28 85.47 85.48 85.43 85.47 1125.0 85.48 2001.0 17156.0 7116.0 10040.0 0.0 85.4559
12:55:00 194.0 13733.0 84.28 85.48 85.5 85.44 85.47 650.0 85.48 1400.0 13733.0 5787.0 7946.0 0.0 85.4717
12:56:00 200.0 15994.0 84.28 85.49 85.495 85.46 85.48 1428.0 85.49 800.0 15994.0 6726.0 9268.0 0.0 85.4771
12:57:00 285.0 20174.0 84.28 85.53 85.53 85.43 85.53 500.0 85.54 2503.0 20174.0 11261.0 8913.0 0.0 85.4631
12:58:00 301.0 16621.0 84.28 85.45 85.54 85.45 85.45 1248.0 85.46 2358.0 16621.0 6087.0 10534.0 0.0 85.4951
12:59:00 149.0 9612.0 84.28 85.48 85.51 85.45 85.47 2338.0 85.48 417.0 9612.0 4462.0 5150.0 0.0 85.4858
13:00:00 199.0 13405.0 84.28 85.48 85.51 85.47 85.47 2089.0 85.48 400.0 13405.0 6387.0 7018.0 0.0 85.4907
13:01:00 290.0 21960.0 84.28 85.49 85.56 85.48 85.48 130.0 85.49 2900.0 21960.0 12446.0 9514.0 0.0 85.5157
13:02:00 349.0 41007.0 84.28 85.49 85.54 85.475 85.49 843.0 85.5 1923.0 41007.0 28306.0 12701.0 0.0 85.4995
13:03:00 480.0 38805.0 84.28 85.45 85.49 85.41 85.45 700.0 85.46 2281.0 38805.0 19206.0 19599.0 0.0 85.4452
13:04:00 257.0 14203.0 84.28 85.49 85.495 85.445 85.49 791.0 85.5 2606.0 14203.0 6587.0 7616.0 0.0 85.4754
13:05:00 331.0 21006.0 84.28 85.47 85.49 85.44 85.46 2646.0 85.47 1020.0 21006.0 7334.0 13672.0 0.0 85.4632
13:06:00 278.0 19066.0 84.28 85.49 85.51 85.45 85.49 719.0 85.5 2150.0 19066.0 9182.0 9884.0 0.0 85.4773
13:07:00 194.0 13382.0 84.28 85.54 85.54 85.47 85.54 2373.0 85.55 3166.0 13382.0 9597.0 3785.0 0.0 85.5109
13:08:00 279.0 19291.0 84.28 85.5 85.54 85.48 85.49 3131.0 85.5 918.0 19291.0 7678.0 11613.0 0.0 85.5151
13:09:00 359.0 26467.0 84.28 85.52 85.53 85.44 85.53 532.0 85.54 2300.0 26467.0 15021.0 11446.0 0.0 85.4807
13:10:00 225.0 15962.0 84.28 85.475 85.54 85.45 85.48 2330.0 85.49 502.0 15962.0 5484.0 10478.0 0.0 85.4918
13:11:00 226.0 15377.0 84.28 85.5 85.52 85.48 85.49 3313.0 85.5 520.0 15377.0 7511.0 7866.0 0.0 85.4969
13:12:00 509.0 32371.0 84.28 85.56 85.57 85.5 85.56 1702.0 85.57 1616.0 32371.0 15430.0 16941.0 0.0 85.5392
13:13:00 375.0 26517.0 84.28 85.61 85.64 85.56 85.61 3322.0 85.62 1418.0 26517.0 13891.0 12626.0 0.0 85.6088
13:14:00 368.0 23193.0 84.28 85.57 85.63 85.56 85.57 766.0 85.58 9998.0 23193.0 9400.0 13793.0 0.0 85.5936
13:15:00 321.0 22457.0 84.28 85.64 85.65 85.56 85.64 3039.0 85.65 1341.0 22457.0 10557.0 11900.0 0.0 85.6123
13:16:00 234.0 18570.0 84.28 85.66 85.66 85.59 85.66 1049.0 85.67 2451.0 18570.0 9262.0 9308.0 0.0 85.628
13:17:00 496.0 42199.0 84.28 85.77 85.78 85.655 85.76 2580.0 85.77 555.0 42199.0 29574.0 12625.0 0.0 85.7216
13:18:00 292.0 19149.0 84.28 85.79 85.805 85.75 85.79 535.0 85.8 1801.0 19149.0 8814.0 10335.0 0.0 85.7773
13:19:00 415.0 38825.0 84.28 85.92 85.92 85.79 85.91 3488.0 85.92 2530.0 38825.0 29162.0 9663.0 0.0 85.8663
13:20:00 1336.0 142908.0 84.28 85.98 86.01 85.91 85.98 1200.0 85.99 2502.0 142908.0 110676.0 32232.0 0.0 85.9768
13:21:00 588.0 51201.0 84.28 86.02 86.04 85.97 86.02 3321.0 86.03 651.0 51201.0 35743.0 15458.0 0.0 86.0018
13:22:00 463.0 36523.0 84.28 86.04 86.06 85.985 86.03 2755.0 86.04 300.0 36523.0 18897.0 17626.0 0.0 86.0218
13:23:00 617.0 45663.0 84.28 85.85 86.03 85.8 85.85 2450.0 85.86 2609.0 45663.0 20090.0 25573.0 0.0 85.8835
13:24:00 422.0 35874.0 84.28 85.82 85.91 85.8 85.82 1246.0 85.83 1162.0 35874.0 17329.0 18545.0 0.0 85.8556
13:25:00 298.0 22948.0 84.28 85.84 85.86 85.78 85.85 2144.0 85.86 700.0 22948.0 10581.0 12367.0 0.0 85.8154
13:26:00 280.0 18520.0 84.28 85.82 85.88 85.82 85.82 1339.0 85.83 2243.0 18520.0 6189.0 12331.0 0.0 85.8575
13:27:00 255.0 17504.0 84.28 85.88 85.91 85.8 85.88 533.0 85.89 2700.0 17504.0 7343.0 10161.0 0.0 85.858
13:28:00 219.0 15902.0 84.28 85.97 85.975 85.89 85.97 637.0 85.98 2192.0 15902.0 9189.0 6713.0 0.0 85.9445
13:29:00 404.0 28876.0 84.28 85.92 85.98 85.91 85.91 2140.0 85.92 426.0 28876.0 15265.0 13611.0 0.0 85.9612
13:30:00 281.0 20137.0 84.28 85.97 85.97 85.9 85.96 3403.0 85.97 275.0 20137.0 12745.0 7392.0 0.0 85.9328
13:31:00 292.0 19365.0 84.28 85.91 85.97 85.89 85.91 977.0 85.92 1500.0 19365.0 7340.0 12025.0 0.0 85.9334
13:32:00 321.0 23176.0 84.28 85.91 85.95 85.9 85.9 1846.0 85.91 601.0 23176.0 13555.0 9621.0 0.0 85.9189
13:33:00 299.0 20385.0 84.28 85.9 85.94 85.9 85.89 2851.0 85.9 700.0 20385.0 8250.0 12135.0 0.0 85.9205
13:34:00 397.0 29099.0 84.28 85.83 85.93 85.81 85.82 3038.0 85.83 200.0 29099.0 15383.0 13716.0 0.0 85.8671
13:35:00 421.0 33563.0 84.28 85.75 85.85 85.73 85.74 2854.0 85.75 130.0 33563.0 17702.0 15861.0 0.0 85.8051
13:36:00 526.0 43229.0 84.28 85.82 85.84 85.71 85.81 1529.0 85.82 1821.0 43229.0 28833.0 14396.0 0.0 85.7823
13:37:00 317.0 23218.0 84.28 85.85 85.85 85.77 85.84 2150.0 85.85 867.0 23218.0 10626.0 12592.0 0.0 85.8023
13:38:00 511.0 43432.0 84.28 85.96 85.98 85.85 85.95 2100.0 85.96 1003.0 43432.0 20892.0 22540.0 0.0 85.9366
13:39:00 449.0 34221.0 84.28 85.96 85.98 85.94 85.95 3245.0 85.96 161.0 34221.0 17482.0 16739.0 0.0 85.9585
13:40:00 271.0 21942.0 84.28 85.97 85.98 85.95 85.97 1501.0 85.98 1395.0 21942.0 11894.0 10048.0 0.0 85.969
13:41:00 528.0 61977.0 84.28 85.99 86.04 85.96 85.99 1100.0 86.0 2310.0 61977.0 45094.0 16883.0 0.0 85.9934
13:42:00 265.0 17202.0 84.28 85.99 86.03 85.97 85.99 3113.0 86.0 8600.0 17202.0 6493.0 10709.0 0.0 86.0069
13:43:00 768.0 79660.0 84.28 85.96 86.0 85.89 85.96 2836.0 85.97 600.0 79660.0 41881.0 37779.0 0.0 85.9518
13:44:00 648.0 73606.0 84.28 85.885 85.97 85.88 85.88 403.0 85.89 2713.0 73606.0 18895.0 54711.0 0.0 85.9015
13:45:00 764.0 82934.0 84.28 85.97 86.0 85.855 85.97 644.0 85.98 2790.0 82934.0 54657.0 28277.0 0.0 85.9628
13:46:00 640.0 69525.0 84.28 85.92 86.025 85.905 85.91 643.0 85.92 2800.0 69525.0 37602.0 31923.0 0.0 85.9672
13:47:00 347.0 29556.0 84.28 85.87 85.93 85.85 85.88 832.0 85.89 2400.0 29556.0 12919.0 16637.0 0.0 85.8969
13:48:00 261.0 15778.0 84.28 85.86 85.93 85.85 85.86 881.0 85.87 2605.0 15778.0 7264.0 8514.0 0.0 85.8879
13:49:00 374.0 29464.0 84.28 85.81 85.86 85.78 85.8 2443.0 85.81 300.0 29464.0 15665.0 13799.0 0.0 85.8132
13:50:00 244.0 20924.0 84.28 85.75 85.825 85.745 85.75 200.0 85.76 1894.0 20924.0 6586.0 14338.0 0.0 85.7918
13:51:00 600.0 45625.0 84.28 85.68 85.76 85.67 85.68 1036.0 85.69 2556.0 45625.0 17525.0 28100.0 0.0 85.7149
13:52:00 495.0 39206.0 84.28 85.73 85.755 85.67 85.72 1859.0 85.73 900.0 39206.0 16917.0 22289.0 0.0 85.712
13:53:00 366.0 25840.0 84.28 85.75 85.78 85.7 85.75 2350.0 85.76 200.0 25840.0 12750.0 13090.0 0.0 85.7454
13:54:00 294.0 22292.0 84.28 85.71 85.75 85.66 85.71 337.0 85.72 2400.0 22292.0 7541.0 14751.0 0.0 85.7033
13:55:00 221.0 15343.0 84.28 85.75 85.755 85.675 85.75 3139.0 85.76 514.0 15343.0 8659.0 6684.0 0.0 85.737
13:56:00 336.0 22640.0 84.28 85.86 85.87 85.75 85.86 3551.0 85.87 400.0 22640.0 11772.0 10868.0 0.0 85.8165
13:57:00 277.0 19113.0 84.28 85.97 85.97 85.87 85.97 3153.0 85.98 910.0 19113.0 8901.0 10212.0 0.0 85.9333
13:58:00 344.0 27968.0 84.28 85.92 85.99 85.895 85.92 534.0 85.93 2610.0 27968.0 8724.0 19244.0 0.0 85.9392
13:59:00 519.0 42985.0 84.28 85.97 86.02 85.93 85.97 2700.0 85.98 800.0 42985.0 19454.0 23531.0 0.0 85.9738
14:00:00 267.0 23784.0 84.28 85.99 86.0 85.915 85.98 747.0 85.99 1937.0 23784.0 7100.0 16684.0 0.0 85.9739
14:01:00 404.0 31096.0 84.28 85.98 86.0 85.95 85.98 1740.0 85.99 1150.0 31096.0 12772.0 18324.0 0.0 85.9837
14:02:00 511.0 38126.0 84.28 85.94 85.985 85.87 85.94 1600.0 85.95 1178.0 38126.0 21645.0 16481.0 0.0 85.9098
14:03:00 203.0 14103.0 84.28 85.94 85.97 85.93 85.94 1540.0 85.95 1712.0 14103.0 5607.0 8496.0 0.0 85.9504
14:04:00 171.0 11579.0 84.28 85.9 85.94 85.87 85.9 600.0 85.91 3002.0 11579.0 4875.0 6704.0 0.0 85.9056
14:05:00 404.0 32093.0 84.28 85.91 85.965 85.9 85.91 1243.0 85.92 1301.0 32093.0 13375.0 18718.0 0.0 85.9376
14:06:00 322.0 22495.0 84.28 85.85 85.93 85.815 85.84 1646.0 85.85 1947.0 22495.0 11375.0 11120.0 0.0 85.8675
14:07:00 233.0 15772.0 84.28 85.85 85.86 85.82 85.85 1533.0 85.86 1700.0 15772.0 5966.0 9806.0 0.0 85.8432
14:08:00 322.0 20404.0 84.28 85.83 85.895 85.83 85.83 1146.0 85.84 1533.0 20404.0 6620.0 13784.0 0.0 85.867
14:09:00 247.0 15688.0 84.28 85.88 85.89 85.825 85.88 3141.0 85.89 200.0 15688.0 7515.0 8173.0 0.0 85.8635
14:10:00 243.0 14986.0 84.28 85.84 85.9 85.82 85.84 1499.0 85.85 2200.0 14986.0 4777.0 10209.0 0.0 85.8705
14:11:00 359.0 25359.0 84.28 85.825 85.87 85.81 85.82 231.0 85.83 3404.0 25359.0 13432.0 11927.0 0.0 85.8461
14:12:00 306.0 22140.0 84.28 85.84 85.86 85.79 85.84 2546.0 85.85 1500.0 22140.0 6783.0 15357.0 0.0 85.84
14:13:00 411.0 32030.0 84.28 85.88 85.89 85.85 85.88 2258.0 85.89 1537.0 32030.0 11598.0 20432.0 0.0 85.865
14:14:00 372.0 25585.0 84.28 85.93 85.93 85.885 85.92 3331.0 85.93 319.0 25585.0 11532.0 14053.0 0.0 85.8993
14:15:00 333.0 23786.0 84.28 85.87 85.95 85.85 85.86 1739.0 85.87 1569.0 23786.0 8722.0 15064.0 0.0 85.9051
14:16:00 292.0 20486.0 84.28 85.87 85.87 85.825 85.86 3741.0 85.87 154.0 20486.0 7577.0 12909.0 0.0 85.8491
14:17:00 223.0 17818.0 84.28 85.85 85.895 85.85 85.85 2645.0 85.86 159.0 17818.0 6172.0 11646.0 0.0 85.8635
14:18:00 295.0 19217.0 84.28 85.86 85.875 85.81 85.85 4240.0 85.86 600.0 19217.0 6723.0 12494.0 0.0 85.8498
14:19:00 314.0 20055.0 84.28 85.84 85.88 85.83 85.84 927.0 85.85 2369.0 20055.0 9722.0 10333.0 0.0 85.8536
14:20:00 336.0 26418.0 84.28 85.76 85.84 85.75 85.76 3276.0 85.77 1200.0 26418.0 8886.0 17532.0 0.0 85.7982
14:21:00 398.0 31032.0 84.28 85.73 85.77 85.7 85.73 1437.0 85.74 1901.0 31032.0 10935.0 20097.0 0.0 85.7334
14:22:00 272.0 17948.0 84.28 85.75 85.8 85.74 85.75 1447.0 85.76 1400.0 17948.0 6254.0 11694.0 0.0 85.7646
14:23:00 253.0 17609.0 84.28 85.78 85.81 85.74 85.77 2339.0 85.78 901.0 17609.0 7885.0 9724.0 0.0 85.7743
14:24:00 359.0 30079.0 84.28 85.8 85.8 85.75 85.79 2435.0 85.8 2010.0 30079.0 13736.0 16343.0 0.0 85.7794
14:25:00 398.0 25584.0 84.28 85.83 85.84 85.8 85.83 3453.0 85.84 901.0 25584.0 10856.0 14728.0 0.0 85.8195
14:26:00 407.0 30934.0 84.28 85.815 85.85 85.815 85.81 1842.0 85.82 1471.0 30934.0 10485.0 20449.0 0.0 85.839
14:27:00 537.0 36887.0 84.28 85.84 85.9 85.815 85.83 1500.0 85.84 1000.0 36887.0 20482.0 16405.0 0.0 85.8522
14:28:00 491.0 37690.0 84.28 85.92 85.92 85.84 85.91 3949.0 85.92 6090.0 37690.0 20890.0 16800.0 0.0 85.894
14:29:00 738.0 58943.0 84.28 85.96 85.96 85.9 85.95 4750.0 85.96 218.0 58943.0 32558.0 26385.0 0.0 85.9274
14:30:00 623.0 47828.0 84.28 85.985 86.0 85.93 85.98 1249.0 85.99 3075.0 47828.0 26169.0 21659.0 0.0 85.9736
14:31:00 462.0 31694.0 84.28 86.0 86.025 85.94 86.0 1667.0 86.01 2300.0 31694.0 13503.0 18191.0 0.0 85.9889
14:32:00 409.0 33492.0 84.28 86.07 86.09 86.005 86.07 1451.0 86.08 3012.0 33492.0 17613.0 15879.0 0.0 86.0634
14:33:00 441.0 33654.0 84.28 86.14 86.14 86.08 86.13 3121.0 86.14 1533.0 33654.0 19276.0 14378.0 0.0 86.1012
14:34:00 521.0 38517.0 84.28 86.1 86.19 86.08 86.1 567.0 86.11 3450.0 38517.0 18651.0 19866.0 0.0 86.1522
14:35:00 372.0 22758.0 84.28 86.09 86.14 86.075 86.09 949.0 86.1 2374.0 22758.0 10695.0 12063.0 0.0 86.1048
14:36:00 323.0 23429.0 84.28 86.07 86.1 86.02 86.06 2503.0 86.07 807.0 23429.0 9749.0 13680.0 0.0 86.0553
14:37:00 325.0 22366.0 84.28 86.08 86.1 86.05 86.06 2533.0 86.07 424.0 22366.0 7377.0 14989.0 0.0 86.0708
14:38:00 256.0 18274.0 84.28 86.125 86.14 86.07 86.12 1980.0 86.13 700.0 18274.0 7697.0 10577.0 0.0 86.1105
14:39:00 314.0 19419.0 84.28 86.11 86.14 86.08 86.1 2551.0 86.11 850.0 19419.0 7915.0 11504.0 0.0 86.1143
14:40:00 273.0 20260.0 84.28 86.16 86.17 86.1 86.15 1229.0 86.16 3067.0 20260.0 9285.0 10975.0 0.0 86.1397
14:41:00 313.0 22819.0 84.28 86.15 86.16 86.11 86.14 1800.0 86.15 2313.0 22819.0 11729.0 11090.0 0.0 86.1389
14:42:00 267.0 21644.0 84.28 86.18 86.19 86.12 86.18 5127.0 86.19 2455.0 21644.0 13182.0 8462.0 0.0 86.159
14:43:00 455.0 31017.0 84.28 86.17 86.23 86.17 86.17 2072.0 86.18 407.0 31017.0 15666.0 15351.0 0.0 86.1932
14:44:00 262.0 18025.0 84.28 86.18 86.19 86.14 86.18 1400.0 86.19 3913.0 18025.0 7231.0 10794.0 0.0 86.166
14:45:00 493.0 37253.0 84.28 86.09 86.18 86.07 86.09 501.0 86.1 3558.0 37253.0 17169.0 20084.0 0.0 86.1301
14:46:00 480.0 36598.0 84.28 86.1 86.11 86.06 86.1 2864.0 86.11 901.0 36598.0 18058.0 18540.0 0.0 86.0856
14:47:00 362.0 27631.0 84.28 86.02 86.13 86.01 86.01 1200.0 86.02 1900.0 27631.0 8909.0 18722.0 0.0 86.0685
14:48:00 396.0 30362.0 84.28 86.02 86.045 85.98 86.01 1628.0 86.02 2100.0 30362.0 14485.0 15877.0 0.0 86.0116
14:49:00 299.0 22630.0 84.28 85.94 86.015 85.93 85.94 1276.0 85.95 3913.0 22630.0 7993.0 14637.0 0.0 85.9676
14:50:00 436.0 35277.0 84.28 85.97 85.97 85.895 85.96 3754.0 85.97 300.0 35277.0 18836.0 16441.0 0.0 85.9248
14:51:00 977.0 84235.0 84.28 85.91 86.0 85.88 85.91 2352.0 85.92 1000.0 84235.0 32103.0 52132.0 0.0 85.9607
14:52:00 298.0 21621.0 84.28 85.96 85.97 85.92 85.96 1431.0 85.97 1836.0 21621.0 11943.0 9678.0 0.0 85.9449
14:53:00 336.0 23268.0 84.28 85.99 86.02 85.96 85.98 3266.0 85.99 900.0 23268.0 11240.0 12028.0 0.0 85.9844
14:54:00 375.0 27962.0 84.28 85.98 86.01 85.96 85.97 1568.0 85.98 2100.0 27962.0 9216.0 18746.0 0.0 85.9885
14:55:00 341.0 23541.0 84.28 86.005 86.03 85.96 86.0 4300.0 86.01 972.0 23541.0 12243.0 11298.0 0.0 85.9936
14:56:00 346.0 27562.0 84.28 85.96 86.04 85.945 85.95 800.0 85.96 3015.0 27562.0 11983.0 15579.0 0.0 85.9893
14:57:00 338.0 22127.0 84.28 85.915 85.96 85.91 85.91 2080.0 85.92 1200.0 22127.0 9513.0 12614.0 0.0 85.9382
14:58:00 372.0 26664.0 84.28 85.9 85.95 85.87 85.89 2537.0 85.9 676.0 26664.0 10026.0 16638.0 0.0 85.8952
14:59:00 351.0 26739.0 84.28 85.9 85.91 85.88 85.89 2500.0 85.9 1483.0 26739.0 11023.0 15716.0 0.0 85.8985
15:00:00 760.0 56299.0 84.28 85.79 85.89 85.76 85.79 247.0 85.8 2964.0 56299.0 26131.0 30168.0 0.0 85.8088
15:01:00 443.0 26990.0 84.28 85.67 85.79 85.65 85.66 2730.0 85.67 798.0 26990.0 12040.0 14950.0 0.0 85.7072
15:02:00 522.0 41095.0 84.28 85.62 85.685 85.59 85.61 2195.0 85.62 935.0 41095.0 19521.0 21574.0 0.0 85.6478
15:03:00 360.0 24391.0 84.28 85.49 85.61 85.49 85.49 1719.0 85.5 1400.0 24391.0 8628.0 15763.0 0.0 85.5289
15:04:00 468.0 33147.0 84.28 85.44 85.5 85.43 85.44 600.0 85.45 2517.0 33147.0 15560.0 17587.0 0.0 85.4741
15:05:00 462.0 31181.0 84.28 85.5 85.51 85.43 85.49 3202.0 85.5 779.0 31181.0 13434.0 17747.0 0.0 85.4662
15:06:00 447.0 31568.0 84.28 85.59 85.62 85.5 85.58 100.0 85.59 2602.0 31568.0 14282.0 17286.0 0.0 85.5819
15:07:00 344.0 21529.0 84.28 85.565 85.63 85.56 85.56 1449.0 85.57 2219.0 21529.0 8484.0 13045.0 0.0 85.5982
15:08:00 310.0 21145.0 84.28 85.585 85.61 85.54 85.58 3309.0 85.59 1369.0 21145.0 9071.0 12074.0 0.0 85.5862
15:09:00 351.0 20144.0 84.28 85.56 85.61 85.55 85.56 1904.0 85.57 834.0 20144.0 8324.0 11820.0 0.0 85.5767
15:10:00 387.0 26741.0 84.28 85.54 85.6 85.53 85.54 946.0 85.55 2824.0 26741.0 11546.0 15195.0 0.0 85.5696
15:11:00 408.0 27792.0 84.28 85.58 85.615 85.54 85.57 2352.0 85.58 809.0 27792.0 14711.0 13081.0 0.0 85.583
15:12:00 375.0 24558.0 84.28 85.62 85.64 85.58 85.62 446.0 85.63 3237.0 24558.0 11994.0 12564.0 0.0 85.6074
15:13:00 428.0 30349.0 84.28 85.56 85.66 85.555 85.56 1911.0 85.57 2077.0 30349.0 11072.0 19277.0 0.0 85.6099
15:14:00 467.0 31730.0 84.28 85.535 85.57 85.48 85.53 4043.0 85.54 614.0 31730.0 12762.0 18968.0 0.0 85.5234
15:15:00 395.0 32266.0 84.28 85.495 85.56 85.49 85.5 2.0 85.5 400.0 32266.0 10197.0 22069.0 0.0 85.5185
15:16:00 511.0 47212.0 84.28 85.5 85.58 85.495 85.49 427.0 85.5 4577.0 47212.0 20866.0 26346.0 0.0 85.5317
15:17:00 709.0 57486.0 84.28 85.45 85.5 85.38 85.45 1602.0 85.46 2456.0 57486.0 20804.0 36682.0 0.0 85.4345
15:18:00 539.0 42773.0 84.28 85.43 85.495 85.42 85.43 234.0 85.44 3723.0 42773.0 21171.0 21602.0 0.0 85.4692
15:19:00 264.0 19504.0 84.28 85.465 85.47 85.43 85.46 1243.0 85.47 2000.0 19504.0 10650.0 8854.0 0.0 85.4508
15:20:00 314.0 17964.0 84.28 85.58 85.585 85.45 85.57 2238.0 85.58 610.0 17964.0 10455.0 7509.0 0.0 85.5318
15:21:00 379.0 32907.0 84.28 85.55 85.585 85.53 85.54 2651.0 85.55 3300.0 32907.0 14133.0 18774.0 0.0 85.5541
15:22:00 489.0 42990.0 84.28 85.54 85.56 85.51 85.54 4038.0 85.55 1127.0 42990.0 14418.0 28572.0 0.0 85.5376
15:23:00 274.0 25524.0 84.28 85.6 85.6 85.53 85.59 4345.0 85.6 1770.0 25524.0 11514.0 14010.0 0.0 85.5553
15:24:00 373.0 35111.0 84.28 85.56 85.61 85.54 85.55 3133.0 85.56 3610.0 35111.0 11956.0 23155.0 0.0 85.5737
15:25:00 536.0 49314.0 84.28 85.41 85.58 85.41 85.4 1184.0 85.41 2531.0 49314.0 20074.0 29240.0 0.0 85.525
15:26:00 507.0 39402.0 84.28 85.36 85.47 85.36 85.36 1444.0 85.37 4284.0 39402.0 19439.0 19963.0 0.0 85.422
15:27:00 363.0 28503.0 84.28 85.33 85.41 85.315 85.32 4356.0 85.33 550.0 28503.0 13086.0 15417.0 0.0 85.3644
15:28:00 473.0 39901.0 84.28 85.35 85.37 85.32 85.35 2950.0 85.36 1317.0 39901.0 23076.0 16825.0 0.0 85.3466
15:29:00 365.0 24444.0 84.28 85.315 85.38 85.31 85.31 1995.0 85.32 1973.0 24444.0 6773.0 17671.0 0.0 85.3425
15:30:00 441.0 32663.0 84.28 85.28 85.32 85.26 85.27 1541.0 85.28 2534.0 32663.0 17004.0 15659.0 0.0 85.2955
15:31:00 554.0 42406.0 84.28 85.27 85.3 85.245 85.26 4135.0 85.27 800.0 42406.0 25755.0 16651.0 0.0 85.2709
15:32:00 583.0 49017.0 84.28 85.25 85.3 85.21 85.24 3429.0 85.25 2023.0 49017.0 25274.0 23743.0 0.0 85.2488
15:33:00 623.0 45619.0 84.28 85.2 85.25 85.19 85.2 2944.0 85.21 828.0 45619.0 24041.0 21578.0 0.0 85.2197
15:34:00 321.0 23697.0 84.28 85.2 85.25 85.2 85.2 3232.0 85.21 1403.0 23697.0 7724.0 15973.0 0.0 85.2224
15:35:00 406.0 27245.0 84.28 85.21 85.25 85.2 85.2 2139.0 85.21 1804.0 27245.0 9932.0 17313.0 0.0 85.2318
15:36:00 435.0 29133.0 84.28 85.195 85.22 85.17 85.19 1665.0 85.2 4052.0 29133.0 11664.0 17469.0 0.0 85.1951
15:37:00 426.0 38723.0 84.28 85.215 85.24 85.18 85.21 1731.0 85.22 1408.0 38723.0 22726.0 15997.0 0.0 85.2134
15:38:00 825.0 65810.0 84.28 85.06 85.21 85.05 85.06 1936.0 85.07 2625.0 65810.0 23669.0 42141.0 0.0 85.1243
15:39:00 632.0 53152.0 84.28 85.13 85.15 85.065 85.13 3352.0 85.14 410.0 53152.0 30229.0 22923.0 0.0 85.1122
15:40:00 426.0 32190.0 84.28 85.175 85.205 85.14 85.17 1543.0 85.18 2099.0 32190.0 12621.0 19569.0 0.0 85.1772
15:41:00 530.0 41213.0 84.28 85.13 85.19 85.11 85.12 2636.0 85.13 1550.0 41213.0 11541.0 29672.0 0.0 85.1451
15:42:00 368.0 25131.0 84.28 85.11 85.145 85.07 85.1 3644.0 85.11 1042.0 25131.0 10028.0 15103.0 0.0 85.1067
15:43:00 374.0 30178.0 84.28 85.1 85.13 85.09 85.1 629.0 85.11 4008.0 30178.0 15827.0 14351.0 0.0 85.1074
15:44:00 387.0 29970.0 84.28 85.16 85.185 85.09 85.16 2066.0 85.17 1200.0 29970.0 18347.0 11623.0 0.0 85.1368
15:45:00 421.0 26506.0 84.28 85.125 85.17 85.1 85.12 4106.0 85.13 794.0 26506.0 9694.0 16812.0 0.0 85.1262
15:46:00 696.0 52750.0 84.28 85.075 85.13 85.04 85.07 2870.0 85.08 2818.0 52750.0 19106.0 33644.0 0.0 85.0894
15:47:00 408.0 35484.0 84.28 85.09 85.12 85.075 85.09 3534.0 85.1 1908.0 35484.0 15869.0 19615.0 0.0 85.0886
15:48:00 604.0 47258.0 84.28 85.06 85.11 85.01 85.06 948.0 85.07 4123.0 47258.0 22355.0 24903.0 0.0 85.0442
15:49:00 645.0 51277.0 84.28 85.08 85.095 85.03 85.08 2129.0 85.09 4201.0 51277.0 22295.0 28982.0 0.0 85.062
15:50:00 574.0 43944.0 84.28 85.06 85.11 85.06 85.06 1153.0 85.07 1113.0 43944.0 21830.0 22114.0 0.0 85.0857
15:51:00 1100.0 92766.0 84.28 85.16 85.17 85.0 85.16 3367.0 85.17 2903.0 92766.0 42386.0 50380.0 0.0 85.1221
15:52:00 845.0 88928.0 84.28 85.3 85.33 85.17 85.29 5444.0 85.3 921.0 88928.0 49440.0 39488.0 0.0 85.267
15:53:00 741.0 58084.0 84.28 85.23 85.31 85.225 85.22 4935.0 85.23 910.0 58084.0 23122.0 34962.0 0.0 85.2653
15:54:00 761.0 63636.0 84.28 85.12 85.275 85.115 85.11 4354.0 85.12 578.0 63636.0 27262.0 36374.0 0.0 85.2199
15:55:00 1048.0 85690.0 84.28 85.13 85.165 85.065 85.13 1094.0 85.14 3415.0 85690.0 40967.0 44723.0 0.0 85.1146
15:56:00 1433.0 133530.0 84.28 85.125 85.21 85.09 85.12 3630.0 85.13 1986.0 133530.0 59410.0 74120.0 0.0 85.1484
15:57:00 686.0 66017.0 84.28 85.125 85.15 85.11 85.12 3773.0 85.13 1867.0 66017.0 29916.0 36101.0 0.0 85.1282
15:58:00 1073.0 108711.0 84.28 85.04 85.13 85.02 85.03 5903.0 85.04 1322.0 108711.0 42096.0 66615.0 0.0 85.0607
15:59:00 1358.0 136217.0 84.28 85.0 85.06 85.0 85.0 17797.0 85.01 5005.0 136217.0 49202.0 87015.0 0.0 85.0332
16:00:00 3026.0 415070.0 84.28 84.93 85.075 84.9 84.93 53187.0 84.94 75655.0 415070.0 183734.0 231336.0 0.0 84.9787
16:01:00 5.0 105.0 84.28 84.93 84.93 84.9 84.94 3000.0 84.9 1.0 105.0 100.0 5.0 0.0 84.9286
16:02:00 12.0 377.0 84.28 84.93 84.93 84.85 84.94 3000.0 84.93 100.0 377.0 132.0 245.0 0.0 84.8771
16:03:00 6.0 291.0 84.28 84.92 84.93 84.92 84.91 10929.0 84.92 210.0 291.0 291.0 0.0 0.0 84.9269
16:04:00 2.0 29.0 84.28 84.92 84.92 84.92 84.91 10929.0 84.92 181.0 29.0 29.0 0.0 0.0 84.92
16:05:00 3.0 55.0 84.28 84.91 84.91 84.9 84.91 10929.0 84.92 181.0 55.0 0.0 55.0 0.0 84.9045
16:06:00 1.0 0.0 84.28 84.9 84.9 84.9 84.91 10929.0 84.92 181.0 nan 0.0 0.0 0.0 nan
16:07:00 1.0 0.0 84.28 84.9 84.9 84.9 84.91 10929.0 84.92 181.0 nan 0.0 0.0 0.0 nan
16:08:00 2.0 100.0 84.28 84.92 84.92 84.91 84.91 10929.0 84.92 381.0 100.0 100.0 0.0 0.0 84.92
16:09:00 1.0 0.0 84.28 84.9 84.9 84.9 84.91 10929.0 84.92 381.0 nan 0.0 0.0 0.0 nan
16:10:00 1.0 4.0 84.28 84.92 84.92 84.92 84.91 10929.0 84.92 389.0 4.0 4.0 0.0 0.0 84.92
16:11:00 1.0 1.0 84.28 84.9 84.9 84.9 84.91 10929.0 84.92 389.0 1.0 0.0 1.0 0.0 84.9
16:12:00 1.0 2.0 84.28 84.91 84.91 84.91 84.91 10929.0 84.92 387.0 2.0 2.0 0.0 0.0 84.91
16:13:00 5.0 101.0 84.28 84.92 84.92 84.91 84.91 11129.0 84.92 286.0 101.0 101.0 0.0 0.0 84.92
16:14:00 11.0 786.0 84.28 84.93 84.93 84.92 84.92 300.0 84.93 229.0 786.0 786.0 0.0 0.0 84.9225
16:15:00 2.0 1.0 84.28 84.91 84.93 84.91 84.91 11128.0 84.93 229.0 1.0 0.0 1.0 0.0 84.91
16:16:00 5.0 205.0 84.28 84.93 84.93 84.93 84.91 11128.0 84.93 328.0 205.0 205.0 0.0 0.0 84.93
16:17:00 10.0 355.0 84.28 84.93 84.93 84.93 84.91 11128.0 84.93 173.0 355.0 355.0 0.0 0.0 84.93
16:18:00 7.0 173.0 84.28 84.99 84.99 84.93 84.91 11128.0 84.94 75655.0 173.0 173.0 0.0 0.0 84.93
16:19:00 1.0 0.0 84.28 84.92 84.92 84.92 84.91 11128.0 84.94 75655.0 nan 0.0 0.0 0.0 nan
16:20:00 0.0 0.0 84.28 84.92 nan nan 84.95 125.0 84.94 75655.0 nan 0.0 0.0 0.0 nan
16:21:00 2.0 3.0 84.28 85.0 85.0 85.0 84.95 1133.0 84.94 75655.0 3.0 3.0 0.0 0.0 85.0
16:22:00 1.0 6.0 84.28 85.0 85.0 85.0 84.95 1126.0 84.94 75655.0 6.0 6.0 0.0 0.0 85.0
16:23:00 2.0 10.0 84.28 84.97 85.0 84.97 84.95 126.0 84.94 75655.0 10.0 10.0 0.0 0.0 85.0
16:24:00 1.0 1.0 84.28 84.97 84.97 84.97 84.95 126.0 84.94 75655.0 1.0 1.0 0.0 0.0 84.97
16:25:00 1.0 1.0 84.28 85.0 85.0 85.0 84.95 125.0 84.94 75655.0 1.0 1.0 0.0 0.0 85.0
16:26:00 1.0 3.0 84.28 85.0 85.0 85.0 84.95 154.0 84.94 75655.0 3.0 3.0 0.0 0.0 85.0
16:27:00 0.0 0.0 84.28 85.0 nan nan 84.95 125.0 84.94 75655.0 nan 0.0 0.0 0.0 nan
16:28:00 1.0 16.0 84.28 84.95 84.95 84.95 84.98 1020.0 84.94 75655.0 16.0 0.0 16.0 0.0 84.95
16:29:00 0.0 0.0 84.28 84.95 nan nan 84.98 20.0 84.94 75655.0 nan 0.0 0.0 0.0 nan
16:30:00 2.0 31.0 84.28 84.99 84.99 84.98 84.99 37.0 84.94 75655.0 31.0 20.0 11.0 0.0 84.9835
16:31:00 2.0 10.0 84.28 85.0 85.0 84.99 84.99 28.0 84.94 75655.0 10.0 1.0 9.0 0.0 84.991
16:32:00 3.0 13.0 84.28 84.98 85.0 84.98 84.99 27.0 84.94 75655.0 13.0 2.0 11.0 0.0 84.9838
16:33:00 4.0 82.0 84.28 84.95 84.99 84.95 84.98 27.0 84.94 75655.0 82.0 0.0 82.0 0.0 84.9705
16:34:00 3.0 5.0 84.28 84.98 84.98 84.98 84.98 22.0 84.94 75655.0 5.0 0.0 5.0 0.0 84.98
16:35:00 0.0 0.0 84.28 84.98 nan nan 84.98 22.0 84.94 75655.0 nan 0.0 0.0 0.0 nan
16:36:00 2.0 50.0 84.28 84.95 84.98 84.95 84.95 67.0 84.94 75655.0 50.0 0.0 50.0 0.0 84.9632
16:37:00 2.0 11.0 84.28 84.95 84.95 84.95 84.95 41.0 84.94 75655.0 11.0 0.0 11.0 0.0 84.95
16:38:00 0.0 0.0 84.28 84.95 nan nan 84.95 35.0 84.94 75655.0 nan 0.0 0.0 0.0 nan
16:39:00 0.0 0.0 84.28 84.95 nan nan 84.95 35.0 84.94 75655.0 nan 0.0 0.0 0.0 nan
16:40:00 1.0 0.0 84.28 84.98 84.98 84.98 84.95 35.0 84.94 75655.0 nan 0.0 0.0 0.0 nan
16:41:00 4.0 65.0 84.28 84.98 84.98 84.95 84.93 6.0 84.94 75655.0 65.0 30.0 35.0 0.0 84.9509
16:42:00 0.0 0.0 84.28 84.98 nan nan 84.93 6.0 84.94 75655.0 nan 0.0 0.0 0.0 nan
16:43:00 1.0 0.0 84.28 84.93 84.93 84.93 84.93 13.0 84.94 75655.0 nan 0.0 0.0 0.0 nan
16:44:00 2.0 10.0 84.28 84.93 84.93 84.93 84.95 5.0 84.94 75655.0 10.0 0.0 10.0 0.0 84.93
16:45:00 5.0 50.0 84.28 84.92 84.95 84.92 84.93 12.0 84.94 75655.0 50.0 0.0 50.0 0.0 84.9232
16:46:00 5.0 210.0 84.28 85.0 85.0 84.98 84.99 5000.0 84.94 75655.0 210.0 210.0 0.0 0.0 84.9853
16:47:00 6.0 624.0 84.28 85.0 85.0 85.0 84.99 5000.0 84.94 75655.0 624.0 624.0 0.0 0.0 85.0
16:48:00 7.0 5023.0 84.28 85.03 85.03 84.99 84.93 8.0 84.94 75655.0 5023.0 23.0 5000.0 0.0 84.99
16:49:00 4.0 140.0 84.28 84.92 84.99 84.92 84.92 166.0 84.94 75655.0 140.0 0.0 140.0 0.0 84.97
16:50:00 0.0 0.0 84.28 84.92 nan nan 84.93 14.0 84.94 75655.0 nan 0.0 0.0 0.0 nan
16:51:00 2.0 10.0 84.28 85.07 85.07 84.93 84.92 166.0 84.94 75655.0 10.0 0.0 10.0 0.0 84.93
16:52:00 0.0 0.0 84.28 85.07 nan nan 84.93 13.0 84.94 75655.0 nan 0.0 0.0 0.0 nan
16:53:00 0.0 0.0 84.28 85.07 nan nan 84.92 166.0 84.94 75655.0 nan 0.0 0.0 0.0 nan
16:54:00 0.0 0.0 84.28 85.07 nan nan 84.93 23.0 84.94 75655.0 nan 0.0 0.0 0.0 nan
16:55:00 0.0 0.0 84.28 85.07 nan nan 84.95 10.0 84.94 75655.0 nan 0.0 0.0 0.0 nan
16:56:00 1.0 0.0 84.28 84.96 84.96 84.96 84.95 10.0 84.94 75655.0 nan 0.0 0.0 0.0 nan
16:57:00 2.0 0.0 84.28 84.96 84.96 84.96 84.95 10.0 84.94 75655.0 nan 0.0 0.0 0.0 nan
16:58:00 1.0 1.0 84.28 84.95 84.95 84.95 84.96 42.0 84.94 75655.0 1.0 0.0 1.0 0.0 84.95
16:59:00 0.0 0.0 84.28 84.95 nan nan 84.96 25.0 84.94 75655.0 nan 0.0 0.0 0.0 nan
17:00:00 7.0 500.0 84.28 84.95 84.96 84.95 84.93 200.0 84.94 75655.0 500.0 25.0 475.0 0.0 84.9515
