time trade_count trade_volume trade_first trade_last trade_high trade_low bid_price bid_size ask_price ask_size hid_vol buy_vol sell_vol unsided_vol vwap
09:00:00 nan 1549.0 77.31 77.33 77.33 77.22 77.3 41.0 77.34 1.0 1549.0 900.0 649.0 0.0 77.3006
09:01:00 26.0 825.0 77.31 77.31 77.34 77.19 77.28 459.0 77.35 305.0 825.0 151.0 674.0 0.0 77.2911
09:02:00 8.0 364.0 77.31 77.19 77.29 77.19 77.22 50.0 77.31 200.0 364.0 0.0 364.0 0.0 77.2788
09:03:00 2.0 45.0 77.31 77.3 77.3 77.29 77.22 50.0 77.31 200.0 45.0 0.0 45.0 0.0 77.29
09:04:00 12.0 276.0 77.31 77.29 77.31 77.23 77.23 458.0 77.29 181.0 276.0 119.0 157.0 0.0 77.2631
09:05:00 13.0 174.0 77.31 77.23 77.29 77.23 77.23 258.0 77.27 100.0 174.0 33.0 141.0 0.0 77.2533
09:06:00 2.0 5.0 77.31 77.27 77.27 77.27 77.23 258.0 77.27 95.0 5.0 5.0 0.0 0.0 77.27
09:07:00 4.0 14.0 77.31 77.24 77.27 77.23 77.25 230.0 77.27 90.0 14.0 5.0 9.0 0.0 77.2507
09:08:00 57.0 2488.0 77.31 77.49 77.49 77.14 77.3 307.0 77.49 122.0 2488.0 1826.0 662.0 0.0 77.2386
09:09:00 1.0 0.0 77.31 77.37 77.37 77.37 77.35 4.0 77.49 123.0 nan 0.0 0.0 0.0 nan
09:10:00 8.0 149.0 77.31 77.41 77.41 77.35 77.35 504.0 77.41 199.0 149.0 1.0 148.0 0.0 77.3504
09:11:00 20.0 1973.0 77.31 77.21 77.38 77.21 77.21 199.0 77.33 340.0 1973.0 138.0 1835.0 0.0 77.3262
09:12:00 10.0 99.0 77.31 77.21 77.3 77.21 77.21 107.0 77.29 200.0 99.0 7.0 92.0 0.0 77.2148
09:13:00 2.0 5.0 77.31 77.29 77.29 77.28 77.21 107.0 77.29 1245.0 5.0 5.0 0.0 0.0 77.29
09:14:00 3.0 62.0 77.31 77.27 77.29 77.21 77.22 1.0 77.27 45.0 62.0 12.0 50.0 0.0 77.2248
09:15:00 6.0 44.0 77.31 77.21 77.26 77.21 77.21 424.0 77.27 45.0 44.0 1.0 43.0 0.0 77.2105
09:16:00 11.0 503.0 77.31 77.16 77.21 77.16 77.16 215.0 77.24 250.0 503.0 0.0 503.0 0.0 77.2088
09:17:00 2.0 1.0 77.31 77.2 77.2 77.17 77.16 990.0 77.2 39.0 1.0 1.0 0.0 0.0 77.2
09:18:00 6.0 111.0 77.31 77.21 77.21 77.16 77.18 259.0 77.21 500.0 111.0 60.0 51.0 0.0 77.1996
09:19:00 37.0 2302.0 77.31 77.13 77.19 77.13 77.1 295.0 77.14 402.0 2302.0 0.0 2302.0 0.0 77.1479
09:20:00 8.0 184.0 77.31 77.11 77.12 77.105 77.1 295.0 77.11 300.0 184.0 184.0 0.0 0.0 77.1108
09:21:00 40.0 1424.0 77.31 77.05 77.11 77.01 77.02 200.0 77.1 130.0 1424.0 541.0 883.0 0.0 77.0545
09:22:00 6.0 189.0 77.31 77.14 77.14 77.04 77.08 5.0 77.19 40.0 189.0 89.0 100.0 0.0 77.0729
09:23:00 6.0 41.0 77.31 77.26 77.26 77.18 77.15 207.0 77.25 50.0 41.0 41.0 0.0 0.0 77.1902
09:24:00 3.0 206.0 77.31 77.11 77.15 77.11 77.16 20.0 77.23 200.0 206.0 0.0 206.0 0.0 77.1488
09:25:00 2.0 17.0 77.31 77.12 77.2 77.12 77.12 840.0 77.2 119.0 17.0 0.0 17.0 0.0 77.12
09:26:00 12.0 1581.0 77.31 77.17 77.17 77.12 77.15 407.0 77.2 133.0 1581.0 19.0 1562.0 0.0 77.1336
09:27:00 11.0 592.0 77.31 77.15 77.2 77.15 77.15 130.0 77.2 119.0 592.0 1.0 591.0 0.0 77.1501
09:28:00 24.0 2069.0 77.31 77.12 77.18 77.12 77.11 17.0 77.17 116.0 2069.0 0.0 2069.0 0.0 77.1379
09:29:00 15.0 579.0 77.31 77.03 77.12 77.03 77.01 200.0 77.15 100.0 579.0 2.0 577.0 0.0 77.0348
09:30:00 233.0 22945.0 77.31 76.15 77.14 76.14 76.14 1000.0 76.49 100.0 22945.0 408.0 22537.0 0.0 76.4984
09:31:00 1646.0 79097.0 77.31 76.68 76.87 76.31 76.64 1300.0 76.69 1122.0 79097.0 27358.0 51739.0 0.0 76.6489
09:32:00 1258.0 66739.0 77.31 76.61 76.95 76.56 76.6 739.0 76.62 61.0 66739.0 32548.0 34191.0 0.0 76.7383
09:33:00 1622.0 92105.0 77.31 76.56 76.87 76.51 76.56 200.0 76.57 900.0 92105.0 39215.0 52890.0 0.0 76.6579
09:34:00 2375.0 124968.0 77.31 76.61 76.74 76.41 76.6 1005.0 76.61 195.0 124968.0 55265.0 69703.0 0.0 76.5775
09:35:00 1536.0 78069.0 77.31 76.39 76.65 76.38 76.38 814.0 76.4 786.0 78069.0 28315.0 49754.0 0.0 76.529
09:36:00 2466.0 121407.0 77.31 76.8 76.81 76.2 76.79 540.0 76.8 547.0 121407.0 58341.0 63066.0 0.0 76.5518
09:37:00 2262.0 168555.0 77.31 77.25 77.26 76.76 77.25 34.0 77.26 565.0 168555.0 110343.0 58212.0 0.0 76.9529
09:38:00 1727.0 94734.0 77.31 77.19 77.28 77.1 77.17 83.0 77.18 400.0 94734.0 44018.0 50716.0 0.0 77.2027
09:39:00 1670.0 99600.0 77.31 77.16 77.27 76.99 77.16 500.0 77.18 496.0 99600.0 38738.0 60862.0 0.0 77.0881
09:40:00 990.0 57201.0 77.31 77.43 77.49 77.04 77.43 1000.0 77.44 237.0 57201.0 31986.0 25215.0 0.0 77.2914
09:41:00 1432.0 86342.0 77.31 77.26 77.44 77.22 77.25 779.0 77.26 200.0 86342.0 35063.0 51279.0 0.0 77.3294
09:42:00 1660.0 146590.0 77.31 77.14 77.28 77.06 77.14 1706.0 77.16 642.0 146590.0 51292.0 95298.0 0.0 77.1832
09:43:00 1354.0 88879.0 77.31 77.06 77.16 77.01 77.07 1139.0 77.08 272.0 88879.0 40656.0 48223.0 0.0 77.0943
09:44:00 1872.0 125112.0 77.31 77.3 77.32 77.01 77.29 974.0 77.3 86.0 125112.0 51834.0 73278.0 0.0 77.1963
09:45:00 895.0 48886.0 77.31 77.17 77.33 77.17 77.18 106.0 77.19 823.0 48886.0 27315.0 21571.0 0.0 77.2548
09:46:00 1144.0 65592.0 77.31 77.355 77.4 77.18 77.35 313.0 77.36 140.0 65592.0 30350.0 35242.0 0.0 77.2948
09:47:00 817.0 49781.0 77.31 77.29 77.41 77.24 77.29 247.0 77.3 1001.0 49781.0 20239.0 29542.0 0.0 77.3204
09:48:00 802.0 42625.0 77.31 77.12 77.35 77.11 77.12 54.0 77.13 936.0 42625.0 17777.0 24848.0 0.0 77.2479
09:49:00 1013.0 63597.0 77.31 77.13 77.285 77.08 77.12 754.0 77.13 417.0 63597.0 27008.0 36589.0 0.0 77.1945
09:50:00 753.0 36917.0 77.31 77.24 77.29 77.09 77.24 2342.0 77.25 420.0 36917.0 15525.0 21392.0 0.0 77.2139
09:51:00 666.0 47054.0 77.31 77.33 77.35 77.2 77.33 710.0 77.34 805.0 47054.0 26803.0 20251.0 0.0 77.2859
09:52:00 861.0 49870.0 77.31 77.36 77.4 77.285 77.35 300.0 77.36 2200.0 49870.0 23991.0 25879.0 0.0 77.3549
09:53:00 655.0 68666.0 77.31 77.38 77.47 77.31 77.37 1027.0 77.38 600.0 68666.0 45266.0 23400.0 0.0 77.3801
09:54:00 708.0 55103.0 77.31 77.32 77.38 77.3 77.32 1106.0 77.33 1000.0 55103.0 21715.0 33388.0 0.0 77.3351
09:55:00 575.0 44551.0 77.31 77.18 77.33 77.16 77.17 2434.0 77.19 1667.0 44551.0 20332.0 24219.0 0.0 77.2222
09:56:00 494.0 35855.0 77.31 77.21 77.24 77.14 77.2 700.0 77.21 900.0 35855.0 15705.0 20150.0 0.0 77.2067
09:57:00 670.0 54219.0 77.31 77.1 77.21 77.0 77.1 416.0 77.11 3300.0 54219.0 22422.0 31797.0 0.0 77.0813
09:58:00 557.0 36692.0 77.31 77.13 77.16 77.05 77.12 3129.0 77.14 1125.0 36692.0 12035.0 24657.0 0.0 77.1084
09:59:00 442.0 32634.0 77.31 77.13 77.16 77.04 77.11 2400.0 77.13 1290.0 32634.0 13451.0 19183.0 0.0 77.1096
10:00:00 503.0 38849.0 77.31 77.08 77.18 77.03 77.08 100.0 77.09 1900.0 38849.0 15877.0 22972.0 0.0 77.1097
10:01:00 816.0 65296.0 77.31 77.11 77.16 76.985 77.1 2700.0 77.11 200.0 65296.0 31205.0 34091.0 0.0 77.0627
10:02:00 550.0 41576.0 77.31 77.17 77.2 77.105 77.16 2300.0 77.17 198.0 41576.0 20054.0 21522.0 0.0 77.1539
10:03:00 505.0 38065.0 77.31 77.17 77.2 77.13 77.17 1400.0 77.18 200.0 38065.0 22242.0 15823.0 0.0 77.1713
10:04:00 516.0 43231.0 77.31 77.33 77.33 77.14 77.32 2000.0 77.34 2721.0 43231.0 26200.0 17031.0 0.0 77.2241
10:05:00 533.0 47010.0 77.31 77.39 77.41 77.32 77.38 1892.0 77.39 101.0 47010.0 31707.0 15303.0 0.0 77.3582
10:06:00 609.0 45150.0 77.31 77.36 77.41 77.32 77.35 1009.0 77.36 1100.0 45150.0 25200.0 19950.0 0.0 77.3748
10:07:00 356.0 38548.0 77.31 77.36 77.48 77.34 77.35 2500.0 77.36 100.0 38548.0 29666.0 8882.0 0.0 77.4021
10:08:00 417.0 33329.0 77.31 77.41 77.425 77.29 77.4 1057.0 77.41 356.0 33329.0 15993.0 17336.0 0.0 77.3653
10:09:00 419.0 38924.0 77.31 77.32 77.4 77.31 77.31 109.0 77.32 2758.0 38924.0 23258.0 15666.0 0.0 77.3523
10:10:00 611.0 49262.0 77.31 77.33 77.36 77.29 77.32 3722.0 77.33 101.0 49262.0 24579.0 24683.0 0.0 77.3225
10:11:00 475.0 32973.0 77.31 77.45 77.46 77.31 77.44 200.0 77.45 1935.0 32973.0 19232.0 13741.0 0.0 77.3864
10:12:00 701.0 50012.0 77.31 77.64 77.65 77.445 77.64 2209.0 77.65 100.0 50012.0 32098.0 17914.0 0.0 77.5417
10:13:00 933.0 74303.0 77.31 77.7 77.76 77.63 77.7 500.0 77.71 700.0 74303.0 45985.0 28318.0 0.0 77.6946
10:14:00 297.0 20981.0 77.31 77.76 77.77 77.68 77.76 2748.0 77.77 298.0 20981.0 10391.0 10590.0 0.0 77.7167
10:15:00 336.0 28678.0 77.31 77.69 77.81 77.69 77.69 2500.0 77.7 411.0 28678.0 20637.0 8041.0 0.0 77.7721
10:16:00 566.0 42577.0 77.31 77.8 77.84 77.65 77.8 700.0 77.81 1042.0 42577.0 24211.0 18366.0 0.0 77.7583
10:17:00 646.0 42936.0 77.31 77.76 77.85 77.76 77.76 1456.0 77.77 1300.0 42936.0 20523.0 22413.0 0.0 77.8075
10:18:00 382.0 25408.0 77.31 77.73 77.78 77.72 77.73 100.0 77.73 25.0 25408.0 10915.0 14493.0 0.0 77.7486
10:19:00 403.0 23286.0 77.31 77.69 77.76 77.66 77.68 760.0 77.69 400.0 23286.0 11060.0 12226.0 0.0 77.7091
10:20:00 807.0 65982.0 77.31 77.6 77.7 77.56 77.59 8.0 77.6 2395.0 65982.0 23862.0 42120.0 0.0 77.627
10:21:00 342.0 25796.0 77.31 77.595 77.62 77.54 77.59 1857.0 77.6 344.0 25796.0 12234.0 13562.0 0.0 77.5887
10:22:00 957.0 103027.0 77.31 77.71 77.715 77.58 77.7 450.0 77.71 1200.0 103027.0 68889.0 34138.0 0.0 77.673
10:23:00 592.0 46901.0 77.31 77.66 77.72 77.62 77.66 190.0 77.66 3.0 46901.0 23758.0 23143.0 0.0 77.6777
10:24:00 356.0 27357.0 77.31 77.75 77.77 77.64 77.75 1081.0 77.76 300.0 27357.0 15874.0 11483.0 0.0 77.7045
10:25:00 284.0 24747.0 77.31 77.785 77.79 77.7 77.78 1100.0 77.79 511.0 24747.0 14141.0 10606.0 0.0 77.733
10:26:00 293.0 24664.0 77.31 77.82 77.85 77.76 77.82 183.0 77.83 1587.0 24664.0 15098.0 9566.0 0.0 77.8159
10:27:00 357.0 22599.0 77.31 77.84 77.845 77.725 77.84 310.0 77.85 1974.0 22599.0 10770.0 11829.0 0.0 77.7974
10:28:00 314.0 16329.0 77.31 77.86 77.87 77.8 77.85 200.0 77.86 1374.0 16329.0 7576.0 8753.0 0.0 77.838
10:29:00 448.0 30570.0 77.31 77.91 77.94 77.84 77.9 900.0 77.91 672.0 30570.0 15406.0 15164.0 0.0 77.9004
10:30:00 412.0 26190.0 77.31 77.84 77.93 77.82 77.84 1500.0 77.85 225.0 26190.0 9378.0 16812.0 0.0 77.8884
10:31:00 380.0 28263.0 77.31 77.89 77.91 77.8 77.88 2100.0 77.89 200.0 28263.0 12429.0 15834.0 0.0 77.8454
10:32:00 203.0 11947.0 77.31 77.84 77.89 77.81 77.84 137.0 77.85 2300.0 11947.0 4625.0 7322.0 0.0 77.8473
10:33:00 237.0 17860.0 77.31 77.9 77.93 77.84 77.9 2852.0 77.91 100.0 17860.0 9734.0 8126.0 0.0 77.8948
10:34:00 306.0 22801.0 77.31 77.98 77.99 77.9 77.98 946.0 77.99 2694.0 22801.0 11854.0 10947.0 0.0 77.9474
10:35:00 961.0 74186.0 77.31 77.95 78.01 77.88 77.93 500.0 77.94 1400.0 74186.0 47111.0 27075.0 0.0 77.9578
10:36:00 307.0 20700.0 77.31 77.96 78.02 77.905 77.95 2801.0 77.97 2406.0 20700.0 13293.0 7407.0 0.0 77.9578
10:37:00 259.0 22030.0 77.31 77.96 77.96 77.89 77.96 200.0 77.97 1605.0 22030.0 10101.0 11929.0 0.0 77.9279
10:38:00 296.0 23655.0 77.31 77.89 77.99 77.84 77.89 2700.0 77.9 101.0 23655.0 10163.0 13492.0 0.0 77.9262
10:39:00 417.0 33109.0 77.31 77.92 77.98 77.87 77.92 2500.0 77.93 102.0 33109.0 15648.0 17461.0 0.0 77.9383
10:40:00 263.0 22384.0 77.31 77.959 77.99 77.93 77.95 674.0 77.96 1900.0 22384.0 12879.0 9505.0 0.0 77.9708
10:41:00 653.0 48410.0 77.31 78.01 78.04 77.959 78.0 2010.0 78.01 126.0 48410.0 20664.0 27746.0 0.0 77.999
10:42:00 488.0 35609.0 77.31 78.0 78.08 77.97 78.0 100.0 78.0 4.0 35609.0 19294.0 16315.0 0.0 78.0306
10:43:00 332.0 24692.0 77.31 77.97 78.0 77.93 77.96 1300.0 77.97 1101.0 24692.0 10026.0 14666.0 0.0 77.9655
10:44:00 416.0 30779.0 77.31 77.99 78.05 77.925 77.98 2101.0 77.99 12.0 30779.0 18838.0 11941.0 0.0 78.004
10:45:00 412.0 32151.0 77.31 78.04 78.04 77.91 78.03 1540.0 78.04 2734.0 32151.0 19134.0 13017.0 0.0 77.9773
10:46:00 385.0 23168.0 77.31 78.01 78.05 78.0 78.0 551.0 78.01 1500.0 23168.0 10979.0 12189.0 0.0 78.0179
10:47:00 359.0 23775.0 77.31 78.04 78.045 77.99 78.03 2914.0 78.04 100.0 23775.0 11509.0 12266.0 0.0 78.015
10:48:00 353.0 24652.0 77.31 78.04 78.1 78.01 78.04 500.0 78.05 1176.0 24652.0 13589.0 11063.0 0.0 78.0563
10:49:00 409.0 28372.0 77.31 78.07 78.08 78.02 78.07 2100.0 78.08 900.0 28372.0 16332.0 12040.0 0.0 78.0558
10:50:00 395.0 28869.0 77.31 78.12 78.14 78.08 78.12 925.0 78.13 2502.0 28869.0 16765.0 12104.0 0.0 78.1133
10:51:00 516.0 103681.0 77.31 78.135 78.15 78.065 78.13 2901.0 78.14 381.0 103681.0 81678.0 22003.0 0.0 78.1386
10:52:00 405.0 27336.0 77.31 78.06 78.14 78.05 78.06 2228.0 78.07 644.0 27336.0 10208.0 17128.0 0.0 78.085
10:53:00 355.0 66130.0 77.31 78.17 78.17 78.06 78.16 3601.0 78.17 387.0 66130.0 50678.0 15452.0 0.0 78.1339
10:54:00 354.0 23414.0 77.31 78.19 78.2 78.14 78.18 2600.0 78.19 663.0 23414.0 7811.0 15603.0 0.0 78.1672
10:55:00 278.0 16011.0 77.31 78.23 78.23 78.18 78.22 1302.0 78.23 1778.0 16011.0 9280.0 6731.0 0.0 78.2084
10:56:00 403.0 27975.0 77.31 78.24 78.255 78.21 78.23 2838.0 78.24 120.0 27975.0 13717.0 14258.0 0.0 78.2347
10:57:00 547.0 37837.0 77.31 78.285 78.31 78.22 78.28 400.0 78.29 2844.0 37837.0 18041.0 19796.0 0.0 78.269
10:58:00 354.0 28367.0 77.31 78.25 78.29 78.2 78.25 1500.0 78.26 1622.0 28367.0 10686.0 17681.0 0.0 78.2532
10:59:00 654.0 54027.0 77.31 78.33 78.33 78.22 78.32 444.0 78.33 2391.0 54027.0 31723.0 22304.0 0.0 78.2719
11:00:00 432.0 33328.0 77.31 78.35 78.36 78.25 78.35 600.0 78.36 2406.0 33328.0 16345.0 16983.0 0.0 78.3055
11:01:00 451.0 35347.0 77.31 78.42 78.43 78.34 78.42 600.0 78.43 1620.0 35347.0 18815.0 16532.0 0.0 78.3768
11:02:00 355.0 21961.0 77.31 78.42 78.43 78.39 78.42 1738.0 78.43 403.0 21961.0 12669.0 9292.0 0.0 78.4117
11:03:00 232.0 15151.0 77.31 78.44 78.44 78.38 78.44 1508.0 78.45 2044.0 15151.0 7408.0 7743.0 0.0 78.4156
11:04:00 391.0 33136.0 77.31 78.45 78.46 78.38 78.45 4000.0 78.46 826.0 33136.0 11365.0 21771.0 0.0 78.4251
11:05:00 574.0 45698.0 77.31 78.38 78.47 78.34 78.37 2700.0 78.38 705.0 45698.0 21109.0 24589.0 0.0 78.3955
11:06:00 364.0 25341.0 77.31 78.42 78.43 78.37 78.42 200.0 78.43 3294.0 25341.0 14309.0 11032.0 0.0 78.3947
11:07:00 310.0 19487.0 77.31 78.425 78.45 78.4 78.42 2500.0 78.43 1420.0 19487.0 9182.0 10305.0 0.0 78.4298
11:08:00 234.0 14253.0 77.31 78.37 78.42 78.34 78.37 700.0 78.38 2613.0 14253.0 5755.0 8498.0 0.0 78.3844
11:09:00 302.0 20066.0 77.31 78.35 78.375 78.32 78.33 4204.0 78.34 823.0 20066.0 8757.0 11309.0 0.0 78.3426
11:10:00 259.0 14564.0 77.31 78.36 78.39 78.32 78.36 900.0 78.37 1900.0 14564.0 6547.0 8017.0 0.0 78.3638
11:11:00 867.0 59762.0 77.31 78.23 78.38 78.19 78.24 2500.0 78.25 101.0 59762.0 27649.0 32113.0 0.0 78.2692
11:12:00 646.0 49047.0 77.31 78.385 78.395 78.2 78.38 1200.0 78.39 1101.0 49047.0 26272.0 22775.0 0.0 78.3075
11:13:00 370.0 25777.0 77.31 78.44 78.47 78.37 78.44 2800.0 78.45 300.0 25777.0 13010.0 12767.0 0.0 78.437
11:14:00 553.0 56793.0 77.31 78.48 78.5 78.42 78.47 201.0 78.48 2500.0 56793.0 42514.0 14279.0 0.0 78.4848
11:15:00 276.0 19729.0 77.31 78.485 78.485 78.43 78.48 1700.0 78.49 1000.0 19729.0 11331.0 8398.0 0.0 78.4602
11:16:00 454.0 34144.0 77.31 78.525 78.575 78.49 78.52 200.0 78.53 2426.0 34144.0 18559.0 15585.0 0.0 78.5428
11:17:00 225.0 16068.0 77.31 78.49 78.57 78.49 78.48 1105.0 78.49 1264.0 16068.0 7267.0 8801.0 0.0 78.538
11:18:00 348.0 25448.0 77.31 78.3 78.48 78.25 78.29 100.0 78.3 2798.0 25448.0 11974.0 13474.0 0.0 78.3236
11:19:00 458.0 36223.0 77.31 78.33 78.36 78.22 78.32 900.0 78.33 1940.0 36223.0 16017.0 20206.0 0.0 78.292
11:20:00 476.0 33602.0 77.31 78.28 78.34 78.26 78.27 2400.0 78.29 2180.0 33602.0 14928.0 18674.0 0.0 78.2985
11:21:00 208.0 14697.0 77.31 78.275 78.3 78.23 78.27 482.0 78.28 4659.0 14697.0 8287.0 6410.0 0.0 78.2563
11:22:00 468.0 36044.0 77.31 78.25 78.28 78.18 78.24 1661.0 78.25 1384.0 36044.0 18079.0 17965.0 0.0 78.2306
11:23:00 310.0 20019.0 77.31 78.27 78.32 78.25 78.26 2000.0 78.27 1251.0 20019.0 12757.0 7262.0 0.0 78.2834
11:24:00 175.0 8510.0 77.31 78.33 78.33 78.24 78.32 2757.0 78.33 558.0 8510.0 4534.0 3976.0 0.0 78.2846
11:25:00 199.0 10028.0 77.31 78.315 78.33 78.27 78.31 396.0 78.32 3210.0 10028.0 5572.0 4456.0 0.0 78.3035
11:26:00 345.0 25579.0 77.31 78.275 78.37 78.27 78.27 501.0 78.28 1532.0 25579.0 10586.0 14993.0 0.0 78.3227
11:27:00 339.0 24874.0 77.31 78.27 78.3 78.23 78.26 1001.0 78.27 2454.0 24874.0 11683.0 13191.0 0.0 78.2659
11:28:00 260.0 17309.0 77.31 78.16 78.265 78.15 78.16 300.0 78.17 2256.0 17309.0 6926.0 10383.0 0.0 78.2108
11:29:00 309.0 17367.0 77.31 78.3 78.3 78.16 78.29 3197.0 78.3 5043.0 17367.0 10917.0 6450.0 0.0 78.2277
11:30:00 477.0 43126.0 77.31 78.46 78.475 78.3 78.46 2738.0 78.47 472.0 43126.0 24503.0 18623.0 0.0 78.3813
11:31:00 270.0 19278.0 77.31 78.47 78.47 78.395 78.47 1300.0 78.48 1490.0 19278.0 10951.0 8327.0 0.0 78.4453
11:32:00 361.0 35849.0 77.31 78.54 78.575 78.46 78.52 1615.0 78.53 1268.0 35849.0 25710.0 10139.0 0.0 78.5105
11:33:00 307.0 28265.0 77.31 78.59 78.62 78.5 78.57 2288.0 78.59 2652.0 28265.0 17137.0 11128.0 0.0 78.5808
11:34:00 232.0 15956.0 77.31 78.59 78.6 78.54 78.59 200.0 78.6 2070.0 15956.0 6991.0 8965.0 0.0 78.5762
11:35:00 293.0 19767.0 77.31 78.52 78.645 78.52 78.51 1686.0 78.52 1000.0 19767.0 9642.0 10125.0 0.0 78.6033
11:36:00 338.0 23348.0 77.31 78.46 78.545 78.44 78.45 100.0 78.46 2415.0 23348.0 8512.0 14836.0 0.0 78.5054
11:37:00 392.0 26006.0 77.31 78.54 78.55 78.45 78.53 2210.0 78.54 407.0 26006.0 11067.0 14939.0 0.0 78.4965
11:38:00 249.0 17787.0 77.31 78.55 78.58 78.51 78.54 799.0 78.55 1912.0 17787.0 6662.0 11125.0 0.0 78.5387
11:39:00 341.0 20976.0 77.31 78.57 78.6 78.49 78.57 2600.0 78.58 400.0 20976.0 8718.0 12258.0 0.0 78.5459
11:40:00 268.0 18307.0 77.31 78.51 78.58 78.48 78.5 2300.0 78.51 400.0 18307.0 7722.0 10585.0 0.0 78.5328
11:41:00 304.0 19208.0 77.31 78.54 78.575 78.51 78.53 2432.0 78.55 2901.0 19208.0 9324.0 9884.0 0.0 78.5434
11:42:00 288.0 18757.0 77.31 78.62 78.62 78.46 78.61 3182.0 78.62 900.0 18757.0 8722.0 10035.0 0.0 78.5418
11:43:00 447.0 28866.0 77.31 78.67 78.69 78.61 78.67 1800.0 78.68 1745.0 28866.0 14432.0 14434.0 0.0 78.6466
11:44:00 271.0 18031.0 77.31 78.66 78.71 78.62 78.65 2167.0 78.66 851.0 18031.0 8290.0 9741.0 0.0 78.6764
11:45:00 194.0 14600.0 77.31 78.72 78.72 78.64 78.71 4001.0 78.72 1347.0 14600.0 6476.0 8124.0 0.0 78.6731
11:46:00 303.0 21598.0 77.31 78.72 78.74 78.66 78.72 3746.0 78.73 253.0 21598.0 11592.0 10006.0 0.0 78.7236
11:47:00 346.0 24843.0 77.31 78.65 78.77 78.64 78.64 3200.0 78.65 100.0 24843.0 11670.0 13173.0 0.0 78.7221
11:48:00 387.0 30632.0 77.31 78.61 78.66 78.54 78.61 2116.0 78.62 800.0 30632.0 15060.0 15572.0 0.0 78.5909
11:49:00 372.0 24952.0 77.31 78.68 78.71 78.59 78.67 2320.0 78.68 709.0 24952.0 8844.0 16108.0 0.0 78.6407
11:50:00 268.0 20198.0 77.31 78.63 78.71 78.595 78.63 2799.0 78.64 1301.0 20198.0 8931.0 11267.0 0.0 78.6497
11:51:00 209.0 13537.0 77.31 78.6 78.65 78.565 78.6 2804.0 78.61 789.0 13537.0 7120.0 6417.0 0.0 78.6024
11:52:00 347.0 24497.0 77.31 78.67 78.7 78.6 78.67 2600.0 78.68 115.0 24497.0 12122.0 12375.0 0.0 78.6506
11:53:00 194.0 12478.0 77.31 78.69 78.71 78.65 78.7 2.0 78.71 3068.0 12478.0 4654.0 7824.0 0.0 78.6809
11:54:00 254.0 17252.0 77.31 78.78 78.78 78.68 78.77 4804.0 78.78 1545.0 17252.0 10048.0 7204.0 0.0 78.7488
11:55:00 360.0 27455.0 77.31 78.8 78.82 78.75 78.8 567.0 78.81 2224.0 27455.0 13991.0 13464.0 0.0 78.7867
11:56:00 253.0 14731.0 77.31 78.855 78.86 78.81 78.85 4700.0 78.86 217.0 14731.0 7317.0 7414.0 0.0 78.8342
11:57:00 461.0 36949.0 77.31 78.92 78.93 78.84 78.91 1339.0 78.92 3544.0 36949.0 20212.0 16737.0 0.0 78.888
11:58:00 211.0 14266.0 77.31 78.88 78.91 78.845 78.88 700.0 78.89 3232.0 14266.0 4199.0 10067.0 0.0 78.8764
11:59:00 509.0 47742.0 77.31 78.86 78.905 78.84 78.85 3501.0 78.87 3319.0 47742.0 16156.0 31586.0 0.0 78.8817
12:00:00 287.0 20407.0 77.31 78.865 78.87 78.81 78.86 200.0 78.87 2901.0 20407.0 11549.0 8858.0 0.0 78.8355
12:01:00 216.0 17216.0 77.31 78.82 78.89 78.82 78.82 2500.0 78.83 528.0 17216.0 7195.0 10021.0 0.0 78.8697
12:02:00 325.0 23754.0 77.31 78.76 78.83 78.725 78.75 2591.0 78.76 1140.0 23754.0 12332.0 11422.0 0.0 78.7717
12:03:00 190.0 14261.0 77.31 78.79 78.79 78.74 78.79 2910.0 78.8 1721.0 14261.0 7613.0 6648.0 0.0 78.7671
12:04:00 119.0 6988.0 77.31 78.83 78.835 78.77 78.83 601.0 78.84 3235.0 6988.0 3508.0 3480.0 0.0 78.801
12:05:00 227.0 13554.0 77.31 78.8 78.85 78.8 78.79 3010.0 78.8 168.0 13554.0 6115.0 7439.0 0.0 78.8261
12:06:00 446.0 34209.0 77.31 78.8 78.82 78.755 78.79 100.0 78.8 3701.0 34209.0 13003.0 21206.0 0.0 78.7847
12:07:00 264.0 19298.0 77.31 78.77 78.82 78.74 78.76 3102.0 78.77 400.0 19298.0 6799.0 12499.0 0.0 78.7784
12:08:00 253.0 18252.0 77.31 78.65 78.765 78.65 78.64 1260.0 78.65 2248.0 18252.0 10310.0 7942.0 0.0 78.7076
12:09:00 315.0 23499.0 77.31 78.59 78.64 78.56 78.58 3500.0 78.59 100.0 23499.0 8843.0 14656.0 0.0 78.5845
12:10:00 388.0 28930.0 77.31 78.57 78.595 78.51 78.55 3900.0 78.56 353.0 28930.0 16391.0 12539.0 0.0 78.5493
12:11:00 254.0 19050.0 77.31 78.49 78.565 78.47 78.48 900.0 78.49 2600.0 19050.0 6917.0 12133.0 0.0 78.5143
12:12:00 279.0 15319.0 77.31 78.545 78.55 78.465 78.54 1815.0 78.55 1000.0 15319.0 8030.0 7289.0 0.0 78.5026
12:13:00 311.0 18977.0 77.31 78.595 78.635 78.54 78.59 600.0 78.6 2470.0 18977.0 9680.0 9297.0 0.0 78.5818
12:14:00 236.0 13740.0 77.31 78.66 78.66 78.59 78.65 1000.0 78.66 2406.0 13740.0 8455.0 5285.0 0.0 78.6254
12:15:00 285.0 15248.0 77.31 78.64 78.665 78.625 78.64 3400.0 78.65 713.0 15248.0 7830.0 7418.0 0.0 78.6481
12:16:00 271.0 18675.0 77.31 78.66 78.685 78.64 78.66 300.0 78.67 2802.0 18675.0 7142.0 11533.0 0.0 78.6553
12:17:00 298.0 22750.0 77.31 78.58 78.66 78.58 78.57 403.0 78.58 3403.0 22750.0 7819.0 14931.0 0.0 78.609
12:18:00 279.0 18037.0 77.31 78.58 78.61 78.52 78.58 1000.0 78.59 2800.0 18037.0 9824.0 8213.0 0.0 78.5715
12:19:00 201.0 16960.0 77.31 78.6 78.615 78.56 78.6 900.0 78.61 2600.0 16960.0 9801.0 7159.0 0.0 78.5933
12:20:00 147.0 10058.0 77.31 78.595 78.61 78.57 78.59 4200.0 78.6 163.0 10058.0 3855.0 6203.0 0.0 78.5914
12:21:00 465.0 36253.0 77.31 78.57 78.6 78.53 78.57 300.0 78.58 5201.0 36253.0 13347.0 22906.0 0.0 78.5573
12:22:00 126.0 7489.0 77.31 78.545 78.575 78.52 78.54 4196.0 78.55 420.0 7489.0 3644.0 3845.0 0.0 78.5426
12:23:00 269.0 21403.0 77.31 78.52 78.565 78.49 78.52 910.0 78.53 3500.0 21403.0 11544.0 9859.0 0.0 78.5287
12:24:00 259.0 18636.0 77.31 78.51 78.54 78.45 78.51 810.0 78.52 3641.0 18636.0 10157.0 8479.0 0.0 78.5022
12:25:00 303.0 16625.0 77.31 78.44 78.52 78.43 78.43 235.0 78.44 3526.0 16625.0 6823.0 9802.0 0.0 78.4693
12:26:00 209.0 13406.0 77.31 78.4 78.44 78.38 78.4 3206.0 78.41 1116.0 13406.0 8104.0 5302.0 0.0 78.4124
12:27:00 203.0 15390.0 77.31 78.32 78.42 78.31 78.31 3902.0 78.32 1108.0 15390.0 8220.0 7170.0 0.0 78.3672
12:28:00 295.0 24264.0 77.31 78.32 78.335 78.295 78.32 31.0 78.32 320.0 24264.0 12890.0 11374.0 0.0 78.3209
12:29:00 330.0 22445.0 77.31 78.305 78.335 78.265 78.3 1501.0 78.31 2000.0 22445.0 12838.0 9607.0 0.0 78.3064
12:30:00 238.0 22004.0 77.31 78.255 78.32 78.235 78.25 553.0 78.26 3594.0 22004.0 10090.0 11914.0 0.0 78.2588
12:31:00 305.0 26819.0 77.31 78.245 78.32 78.235 78.24 201.0 78.25 3263.0 26819.0 10202.0 16617.0 0.0 78.2699
12:32:00 327.0 24259.0 77.31 78.22 78.315 78.21 78.22 447.0 78.23 2512.0 24259.0 15688.0 8571.0 0.0 78.2677
12:33:00 293.0 18463.0 77.31 78.2 78.23 78.15 78.19 710.0 78.2 2700.0 18463.0 9910.0 8553.0 0.0 78.191
12:34:00 293.0 20155.0 77.31 78.15 78.2 78.13 78.14 2600.0 78.15 2101.0 20155.0 12546.0 7609.0 0.0 78.1736
12:35:00 233.0 16363.0 77.31 78.05 78.15 78.05 78.04 3817.0 78.05 646.0 16363.0 7023.0 9340.0 0.0 78.106
12:36:00 369.0 35614.0 77.31 78.01 78.06 77.99 78.02 300.0 78.03 3900.0 35614.0 12077.0 23537.0 0.0 78.0085
12:37:00 211.0 14905.0 77.31 78.12 78.12 77.98 78.12 3800.0 78.13 100.0 14905.0 11392.0 3513.0 0.0 78.0449
12:38:00 122.0 9235.0 77.31 78.075 78.13 78.07 78.07 412.0 78.08 2805.0 9235.0 4572.0 4663.0 0.0 78.0925
12:39:00 184.0 13951.0 77.31 78.07 78.1 78.04 78.06 3514.0 78.07 105.0 13951.0 7933.0 6018.0 0.0 78.0637
12:40:00 189.0 16354.0 77.31 78.01 78.06 77.98 78.0 4900.0 78.01 101.0 16354.0 7058.0 9296.0 0.0 78.008
12:41:00 229.0 15955.0 77.31 78.0 78.035 77.975 77.99 2700.0 78.0 701.0 15955.0 6951.0 9004.0 0.0 77.9995
12:42:00 297.0 20668.0 77.31 78.02 78.02 77.97 78.02 800.0 78.03 2709.0 20668.0 10363.0 10305.0 0.0 77.9954
12:43:00 139.0 10579.0 77.31 78.03 78.06 78.01 78.03 583.0 78.04 3953.0 10579.0 4869.0 5710.0 0.0 78.0388
12:44:00 244.0 16886.0 77.31 78.0 78.03 77.945 77.99 351.0 78.0 3500.0 16886.0 6231.0 10655.0 0.0 77.9799
12:45:00 171.0 9763.0 77.31 77.975 77.995 77.95 77.97 107.0 77.98 3700.0 9763.0 6704.0 3059.0 0.0 77.9664
12:46:00 221.0 17434.0 77.31 77.98 78.01 77.965 77.98 2500.0 77.99 2598.0 17434.0 10020.0 7414.0 0.0 77.9921
12:47:00 172.0 10920.0 77.31 78.01 78.04 77.985 78.0 900.0 78.01 3000.0 10920.0 4696.0 6224.0 0.0 78.02
12:48:00 317.0 23491.0 77.31 77.94 78.0 77.935 77.94 843.0 77.95 5200.0 23491.0 7670.0 15821.0 0.0 77.9601
12:49:00 376.0 32073.0 77.31 77.92 77.96 77.9 77.92 100.0 77.93 5921.0 32073.0 19972.0 12101.0 0.0 77.9209
12:50:00 275.0 19637.0 77.31 77.96 77.99 77.92 77.95 3330.0 77.96 1108.0 19637.0 8838.0 10799.0 0.0 77.9513
12:51:00 220.0 18295.0 77.31 77.975 77.98 77.935 77.97 1200.0 77.98 2207.0 18295.0 9707.0 8588.0 0.0 77.9537
12:52:00 228.0 14829.0 77.31 77.93 77.98 77.92 77.92 3670.0 77.93 19.0 14829.0 7150.0 7679.0 0.0 77.9384
12:53:00 306.0 17354.0 77.31 77.92 77.94 77.88 77.92 100.0 77.93 4632.0 17354.0 9870.0 7484.0 0.0 77.9155
12:54:00 336.0 23141.0 77.31 77.95 77.95 77.88 77.95 3010.0 77.96 1372.0 23141.0 13062.0 10079.0 0.0 77.9073
12:55:00 361.0 24913.0 77.31 77.95 77.98 77.925 77.94 4976.0 77.95 300.0 24913.0 11822.0 13091.0 0.0 77.9577
12:56:00 221.0 16945.0 77.31 77.88 77.97 77.88 77.88 400.0 77.89 3400.0 16945.0 5659.0 11286.0 0.0 77.9394
12:57:00 332.0 27004.0 77.31 77.92 77.95 77.88 77.92 100.0 77.93 4900.0 27004.0 11120.0 15884.0 0.0 77.9121
12:58:00 293.0 19700.0 77.31 77.94 77.95 77.905 77.93 3768.0 77.94 316.0 19700.0 9144.0 10556.0 0.0 77.9278
12:59:00 282.0 20489.0 77.31 77.9 77.945 77.88 77.89 3202.0 77.91 3100.0 20489.0 9232.0 11257.0 0.0 77.9188
13:00:00 210.0 18482.0 77.31 77.89 77.92 77.85 77.88 3156.0 77.9 4801.0 18482.0 6937.0 11545.0 0.0 77.8934
13:01:00 113.0 6336.0 77.31 77.91 77.91 77.89 77.9 5171.0 77.92 2410.0 6336.0 3984.0 2352.0 0.0 77.898
13:02:00 202.0 14037.0 77.31 77.9 77.94 77.89 77.9 2500.0 77.91 1957.0 14037.0 8154.0 5883.0 0.0 77.914
13:03:00 419.0 28729.0 77.31 77.89 77.92 77.88 77.89 600.0 77.9 3501.0 28729.0 12472.0 16257.0 0.0 77.9004
13:04:00 345.0 27364.0 77.31 77.93 77.96 77.895 77.93 907.0 77.94 4100.0 27364.0 18519.0 8845.0 0.0 77.9335
13:05:00 122.0 7862.0 77.31 77.92 77.93 77.89 77.92 2900.0 77.93 2550.0 7862.0 3740.0 4122.0 0.0 77.9108
13:06:00 366.0 31285.0 77.31 77.96 78.01 77.93 77.95 2400.0 77.96 1500.0 31285.0 18621.0 12664.0 0.0 77.9704
13:07:00 431.0 35880.0 77.31 77.95 77.97 77.9 77.94 4000.0 77.95 1604.0 35880.0 20485.0 15395.0 0.0 77.9269
13:08:00 168.0 14082.0 77.31 77.9 77.95 77.89 77.9 2600.0 77.91 3598.0 14082.0 5567.0 8515.0 0.0 77.908
13:09:00 121.0 9152.0 77.31 77.955 77.965 77.91 77.95 2603.0 77.96 3021.0 9152.0 6041.0 3111.0 0.0 77.9367
13:10:00 68.0 3363.0 77.31 77.93 77.98 77.93 77.92 2786.0 77.93 3659.0 3363.0 1465.0 1898.0 0.0 77.9555
13:11:00 152.0 11797.0 77.31 77.87 77.93 77.85 77.86 2000.0 77.87 2190.0 11797.0 6167.0 5630.0 0.0 77.8863
13:12:00 274.0 22403.0 77.31 77.95 77.95 77.825 77.95 1400.0 77.96 3227.0 22403.0 12945.0 9458.0 0.0 77.8862
13:13:00 149.0 14025.0 77.31 78.0 78.0 77.95 78.0 1299.0 78.01 3007.0 14025.0 10336.0 3689.0 0.0 77.9825
13:14:00 106.0 6717.0 77.31 78.01 78.02 77.99 78.0 2520.0 78.01 2200.0 6717.0 2153.0 4564.0 0.0 78.0005
13:15:00 144.0 12097.0 77.31 78.02 78.02 77.99 78.02 920.0 78.02 11.0 12097.0 4872.0 7225.0 0.0 78.0104
13:16:00 394.0 35058.0 77.31 77.995 78.04 77.91 77.99 1300.0 78.0 2632.0 35058.0 15073.0 19985.0 0.0 77.9776
13:17:00 217.0 14923.0 77.31 78.04 78.05 77.99 78.04 771.0 78.05 3920.0 14923.0 7836.0 7087.0 0.0 78.0278
13:18:00 145.0 12070.0 77.31 78.075 78.075 78.0 78.07 2600.0 78.08 1921.0 12070.0 7121.0 4949.0 0.0 78.033
13:19:00 282.0 24110.0 77.31 78.01 78.09 78.01 78.01 1709.0 78.02 3000.0 24110.0 11595.0 12515.0 0.0 78.0408
13:20:00 146.0 11115.0 77.31 78.0 78.04 77.99 78.0 1900.0 78.01 2290.0 11115.0 5160.0 5955.0 0.0 78.016
13:21:00 307.0 26094.0 77.31 77.94 78.0 77.86 77.93 2744.0 77.94 2300.0 26094.0 11094.0 15000.0 0.0 77.9226
13:22:00 135.0 8888.0 77.31 77.88 77.94 77.87 77.88 700.0 77.89 3000.0 8888.0 4668.0 4220.0 0.0 77.9052
13:23:00 298.0 22538.0 77.31 77.8 77.9 77.785 77.79 1400.0 77.8 2815.0 22538.0 7837.0 14701.0 0.0 77.8366
13:24:00 231.0 20232.0 77.31 77.76 77.8 77.73 77.76 700.0 77.77 3200.0 20232.0 9321.0 10911.0 0.0 77.7662
13:25:00 72.0 4633.0 77.31 77.75 77.78 77.75 77.75 2700.0 77.76 500.0 4633.0 1494.0 3139.0 0.0 77.764
13:26:00 120.0 11069.0 77.31 77.75 77.8 77.75 77.74 273.0 77.75 4100.0 11069.0 3027.0 8042.0 0.0 77.7704
13:27:00 177.0 12591.0 77.31 77.78 77.78 77.71 77.77 3600.0 77.78 800.0 12591.0 6868.0 5723.0 0.0 77.7352
13:28:00 276.0 21848.0 77.31 77.83 77.83 77.755 77.83 4500.0 77.84 400.0 21848.0 13519.0 8329.0 0.0 77.8014
13:29:00 421.0 35233.0 77.31 77.82 77.86 77.79 77.81 3807.0 77.82 101.0 35233.0 15013.0 20220.0 0.0 77.8238
13:30:00 407.0 36967.0 77.31 77.865 77.94 77.82 77.86 257.0 77.87 2300.0 36967.0 17935.0 19032.0 0.0 77.9041
13:31:00 156.0 15046.0 77.31 77.8 77.86 77.79 77.79 990.0 77.8 2523.0 15046.0 4715.0 10331.0 0.0 77.8311
13:32:00 253.0 20048.0 77.31 77.81 77.82 77.77 77.81 200.0 77.82 3472.0 20048.0 12129.0 7919.0 0.0 77.7867
13:33:00 413.0 34580.0 77.31 77.78 77.84 77.77 77.77 700.0 77.78 2300.0 34580.0 8900.0 25680.0 0.0 77.8102
13:34:00 120.0 9785.0 77.31 77.74 77.79 77.74 77.73 2189.0 77.74 400.0 9785.0 8012.0 1773.0 0.0 77.7664
13:35:00 186.0 14672.0 77.31 77.74 77.75 77.7 77.73 2600.0 77.74 1400.0 14672.0 6752.0 7920.0 0.0 77.7181
13:36:00 86.0 6745.0 77.31 77.73 77.76 77.72 77.72 2612.0 77.73 1158.0 6745.0 2986.0 3759.0 0.0 77.7363
13:37:00 222.0 19633.0 77.31 77.78 77.81 77.73 77.78 300.0 77.79 5800.0 19633.0 10742.0 8891.0 0.0 77.772
13:38:00 170.0 11664.0 77.31 77.82 77.825 77.785 77.81 2700.0 77.82 2306.0 11664.0 6725.0 4939.0 0.0 77.8064
13:39:00 111.0 8686.0 77.31 77.835 77.86 77.81 77.83 3100.0 77.84 644.0 8686.0 3173.0 5513.0 0.0 77.836
13:40:00 100.0 7565.0 77.31 77.83 77.84 77.81 77.83 600.0 77.84 3400.0 7565.0 4229.0 3336.0 0.0 77.8234
13:41:00 143.0 11000.0 77.31 77.82 77.84 77.8 77.82 1600.0 77.83 2920.0 11000.0 7255.0 3745.0 0.0 77.8221
13:42:00 261.0 39042.0 77.31 77.925 77.935 77.82 77.92 700.0 77.93 2998.0 39042.0 31143.0 7899.0 0.0 77.8932
13:43:00 203.0 15076.0 77.31 77.93 77.96 77.88 77.93 1424.0 77.94 2300.0 15076.0 7378.0 7698.0 0.0 77.9075
13:44:00 147.0 12387.0 77.31 77.92 77.95 77.915 77.91 418.0 77.92 1900.0 12387.0 7644.0 4743.0 0.0 77.9352
13:45:00 132.0 9609.0 77.31 77.84 77.91 77.83 77.84 3630.0 77.85 500.0 9609.0 5285.0 4324.0 0.0 77.8634
13:46:00 380.0 33232.0 77.31 77.69 77.85 77.68 77.68 4971.0 77.69 1300.0 33232.0 13138.0 20094.0 0.0 77.73
13:47:00 598.0 51171.0 77.31 77.65 77.73 77.59 77.65 2000.0 77.66 1213.0 51171.0 26180.0 24991.0 0.0 77.6545
13:48:00 136.0 11599.0 77.31 77.59 77.68 77.585 77.58 4850.0 77.6 3725.0 11599.0 5667.0 5932.0 0.0 77.6273
13:49:00 240.0 23745.0 77.31 77.595 77.61 77.52 77.59 100.0 77.6 2200.0 23745.0 11264.0 12481.0 0.0 77.548
13:50:00 196.0 17501.0 77.31 77.61 77.62 77.57 77.6 2900.0 77.61 545.0 17501.0 9919.0 7582.0 0.0 77.593
13:51:00 236.0 25235.0 77.31 77.68 77.68 77.61 77.68 700.0 77.69 2300.0 25235.0 13353.0 11882.0 0.0 77.6431
13:52:00 383.0 31635.0 77.31 77.71 77.73 77.63 77.72 100.0 77.73 2550.0 31635.0 18054.0 13581.0 0.0 77.6817
13:53:00 468.0 45541.0 77.31 77.735 77.77 77.71 77.73 4202.0 77.74 1100.0 45541.0 29930.0 15611.0 0.0 77.7484
13:54:00 154.0 10606.0 77.31 77.74 77.765 77.72 77.74 100.0 77.75 2800.0 10606.0 6771.0 3835.0 0.0 77.7441
13:55:00 399.0 33479.0 77.31 77.74 77.79 77.72 77.74 128.0 77.75 3218.0 33479.0 21048.0 12431.0 0.0 77.7543
13:56:00 139.0 9452.0 77.31 77.72 77.74 77.675 77.72 1720.0 77.73 1429.0 9452.0 5985.0 3467.0 0.0 77.7042
13:57:00 213.0 14703.0 77.31 77.71 77.73 77.69 77.7 3920.0 77.71 100.0 14703.0 8230.0 6473.0 0.0 77.7063
13:58:00 208.0 16012.0 77.31 77.76 77.77 77.7 77.76 300.0 77.77 3817.0 16012.0 11034.0 4978.0 0.0 77.7339
13:59:00 248.0 21588.0 77.31 77.73 77.77 77.725 77.72 3410.0 77.73 988.0 21588.0 11730.0 9858.0 0.0 77.7494
14:00:00 139.0 9994.0 77.31 77.745 77.76 77.72 77.74 900.0 77.75 2038.0 9994.0 7051.0 2943.0 0.0 77.7372
14:01:00 532.0 38162.0 77.31 77.71 77.74 77.65 77.7 1700.0 77.71 836.0 38162.0 21235.0 16927.0 0.0 77.6822
14:02:00 500.0 37688.0 77.31 77.56 77.7 77.55 77.56 1800.0 77.57 1595.0 37688.0 12820.0 24868.0 0.0 77.636
14:03:00 403.0 30171.0 77.31 77.575 77.61 77.56 77.57 2400.0 77.58 490.0 30171.0 19258.0 10913.0 0.0 77.5824
14:04:00 461.0 31940.0 77.31 77.45 77.56 77.44 77.45 312.0 77.46 3600.0 31940.0 11529.0 20411.0 0.0 77.4995
14:05:00 626.0 41957.0 77.31 77.36 77.45 77.35 77.36 2500.0 77.37 1187.0 41957.0 22725.0 19232.0 0.0 77.4213
14:06:00 424.0 32574.0 77.31 77.47 77.47 77.34 77.47 3197.0 77.48 925.0 32574.0 19079.0 13495.0 0.0 77.4
14:07:00 348.0 22607.0 77.31 77.465 77.485 77.405 77.46 1067.0 77.47 1900.0 22607.0 10866.0 11741.0 0.0 77.4425
14:08:00 322.0 26582.0 77.31 77.455 77.485 77.43 77.45 819.0 77.46 2100.0 26582.0 15697.0 10885.0 0.0 77.4573
14:09:00 240.0 17608.0 77.31 77.44 77.47 77.41 77.43 400.0 77.44 4379.0 17608.0 8862.0 8746.0 0.0 77.4393
14:10:00 315.0 27111.0 77.31 77.44 77.475 77.39 77.44 1721.0 77.45 1467.0 27111.0 12142.0 14969.0 0.0 77.4413
14:11:00 465.0 40520.0 77.31 77.36 77.45 77.35 77.36 2000.0 77.37 604.0 40520.0 19687.0 20833.0 0.0 77.3907
14:12:00 272.0 24003.0 77.31 77.36 77.42 77.35 77.36 2100.0 77.37 1500.0 24003.0 14959.0 9044.0 0.0 77.3805
14:13:00 293.0 23748.0 77.31 77.38 77.4 77.29 77.37 606.0 77.38 3000.0 23748.0 12686.0 11062.0 0.0 77.3605
14:14:00 215.0 15209.0 77.31 77.4 77.42 77.33 77.4 900.0 77.41 2201.0 15209.0 9837.0 5372.0 0.0 77.3767
14:15:00 277.0 22166.0 77.31 77.45 77.465 77.38 77.45 400.0 77.46 1700.0 22166.0 10210.0 11956.0 0.0 77.4264
14:16:00 424.0 36101.0 77.31 77.51 77.54 77.42 77.5 2000.0 77.51 700.0 36101.0 18540.0 17561.0 0.0 77.4828
14:17:00 144.0 10673.0 77.31 77.47 77.52 77.44 77.46 1840.0 77.47 1762.0 10673.0 3450.0 7223.0 0.0 77.485
14:18:00 213.0 20311.0 77.31 77.51 77.53 77.45 77.5 2187.0 77.51 1420.0 20311.0 11857.0 8454.0 0.0 77.4995
14:19:00 285.0 25946.0 77.31 77.54 77.57 77.45 77.53 2200.0 77.54 900.0 25946.0 14969.0 10977.0 0.0 77.5148
14:20:00 228.0 16770.0 77.31 77.62 77.63 77.51 77.61 2200.0 77.62 233.0 16770.0 9649.0 7121.0 0.0 77.5775
14:21:00 202.0 16668.0 77.31 77.59 77.62 77.58 77.59 100.0 77.6 2900.0 16668.0 5031.0 11637.0 0.0 77.6014
14:22:00 243.0 20377.0 77.31 77.61 77.63 77.57 77.61 1519.0 77.62 1826.0 20377.0 10662.0 9715.0 0.0 77.591
14:23:00 151.0 9450.0 77.31 77.61 77.621 77.6 77.61 195.0 77.62 2713.0 9450.0 4333.0 5117.0 0.0 77.6084
14:24:00 354.0 28872.0 77.31 77.56 77.62 77.53 77.56 1422.0 77.57 2337.0 28872.0 12700.0 16172.0 0.0 77.5717
14:25:00 234.0 21190.0 77.31 77.51 77.57 77.5 77.51 4171.0 77.52 1200.0 21190.0 9409.0 11781.0 0.0 77.532
14:26:00 277.0 22758.0 77.31 77.46 77.54 77.43 77.45 3300.0 77.46 400.0 22758.0 11367.0 11391.0 0.0 77.4838
14:27:00 190.0 16031.0 77.31 77.44 77.47 77.44 77.43 2815.0 77.44 975.0 16031.0 7337.0 8694.0 0.0 77.4577
14:28:00 184.0 13446.0 77.31 77.42 77.445 77.405 77.41 3980.0 77.42 800.0 13446.0 6049.0 7397.0 0.0 77.4177
14:29:00 115.0 7677.0 77.31 77.4 77.42 77.385 77.39 1870.0 77.4 1100.0 7677.0 3787.0 3890.0 0.0 77.4008
14:30:00 233.0 17143.0 77.31 77.37 77.42 77.37 77.37 600.0 77.38 3500.0 17143.0 7511.0 9632.0 0.0 77.3955
14:31:00 273.0 21335.0 77.31 77.33 77.4 77.33 77.33 1514.0 77.34 1949.0 21335.0 9924.0 11411.0 0.0 77.3696
14:32:00 211.0 13749.0 77.31 77.41 77.41 77.34 77.4 2770.0 77.41 2138.0 13749.0 8587.0 5162.0 0.0 77.3758
14:33:00 285.0 21004.0 77.31 77.33 77.4 77.27 77.33 1020.0 77.34 2500.0 21004.0 10254.0 10750.0 0.0 77.3193
14:34:00 130.0 9357.0 77.31 77.345 77.35 77.33 77.34 2634.0 77.35 521.0 9357.0 4188.0 5169.0 0.0 77.3394
14:35:00 182.0 14575.0 77.31 77.39 77.43 77.35 77.39 100.0 77.4 3832.0 14575.0 7262.0 7313.0 0.0 77.3921
14:36:00 284.0 23879.0 77.31 77.43 77.44 77.37 77.42 3100.0 77.43 505.0 23879.0 12146.0 11733.0 0.0 77.3986
14:37:00 262.0 20385.0 77.31 77.45 77.49 77.41 77.44 1013.0 77.45 2500.0 20385.0 11172.0 9213.0 0.0 77.451
14:38:00 328.0 26869.0 77.31 77.48 77.51 77.45 77.48 700.0 77.49 3727.0 26869.0 15785.0 11084.0 0.0 77.4895
14:39:00 178.0 12688.0 77.31 77.5 77.505 77.44 77.5 1300.0 77.51 3120.0 12688.0 7631.0 5057.0 0.0 77.4702
14:40:00 193.0 12845.0 77.31 77.465 77.505 77.45 77.46 500.0 77.47 2400.0 12845.0 5802.0 7043.0 0.0 77.4699
14:41:00 306.0 24423.0 77.31 77.5 77.5 77.46 77.49 4366.0 77.51 3770.0 24423.0 17317.0 7106.0 0.0 77.477
14:42:00 313.0 25160.0 77.31 77.53 77.54 77.485 77.53 600.0 77.54 3300.0 25160.0 14894.0 10266.0 0.0 77.5171
14:43:00 137.0 10073.0 77.31 77.595 77.6 77.535 77.59 1200.0 77.6 2982.0 10073.0 6684.0 3389.0 0.0 77.5723
14:44:00 198.0 15278.0 77.31 77.64 77.67 77.595 77.63 4218.0 77.64 200.0 15278.0 10182.0 5096.0 0.0 77.6342
14:45:00 288.0 24648.0 77.31 77.71 77.73 77.63 77.71 254.0 77.72 3329.0 24648.0 15668.0 8980.0 0.0 77.6848
14:46:00 262.0 22495.0 77.31 77.7 77.74 77.685 77.7 1465.0 77.71 1989.0 22495.0 14447.0 8048.0 0.0 77.7117
14:47:00 248.0 20038.0 77.31 77.73 77.765 77.7 77.72 1709.0 77.73 2106.0 20038.0 10731.0 9307.0 0.0 77.739
14:48:00 172.0 14192.0 77.31 77.69 77.74 77.68 77.68 3135.0 77.69 2319.0 14192.0 7635.0 6557.0 0.0 77.7162
14:49:00 234.0 19057.0 77.31 77.645 77.71 77.645 77.64 4441.0 77.65 400.0 19057.0 7877.0 11180.0 0.0 77.6782
14:50:00 346.0 29629.0 77.31 77.67 77.73 77.62 77.67 1769.0 77.68 1832.0 29629.0 18226.0 11403.0 0.0 77.6705
14:51:00 160.0 16013.0 77.31 77.71 77.735 77.66 77.7 1300.0 77.71 2501.0 16013.0 11442.0 4571.0 0.0 77.7011
14:52:00 210.0 16653.0 77.31 77.7 77.73 77.695 77.69 1809.0 77.7 3800.0 16653.0 10701.0 5952.0 0.0 77.7122
14:53:00 128.0 12659.0 77.31 77.74 77.74 77.675 77.74 1400.0 77.75 3102.0 12659.0 8483.0 4176.0 0.0 77.7126
14:54:00 174.0 12826.0 77.31 77.76 77.76 77.725 77.75 2998.0 77.76 1800.0 12826.0 6089.0 6737.0 0.0 77.7463
14:55:00 143.0 12864.0 77.31 77.8 77.8 77.745 77.8 2949.0 77.81 2767.0 12864.0 7828.0 5036.0 0.0 77.7746
14:56:00 302.0 27276.0 77.31 77.81 77.815 77.765 77.81 700.0 77.82 4403.0 27276.0 14902.0 12374.0 0.0 77.7871
14:57:00 238.0 22708.0 77.31 77.9 77.91 77.8 77.89 2941.0 77.9 1600.0 22708.0 13945.0 8763.0 0.0 77.8575
14:58:00 276.0 23696.0 77.31 77.915 77.93 77.88 77.91 300.0 77.92 4300.0 23696.0 9935.0 13761.0 0.0 77.8942
14:59:00 279.0 24861.0 77.31 77.9 77.935 77.88 77.89 3022.0 77.9 1700.0 24861.0 11414.0 13447.0 0.0 77.9004
15:00:00 298.0 23279.0 77.31 77.85 77.905 77.835 77.84 2400.0 77.85 3387.0 23279.0 12051.0 11228.0 0.0 77.8628
15:01:00 417.0 34127.0 77.31 77.83 77.86 77.8 77.82 3540.0 77.83 800.0 34127.0 20195.0 13932.0 0.0 77.8374
15:02:00 221.0 18573.0 77.31 77.87 77.91 77.83 77.86 2990.0 77.87 4400.0 18573.0 8166.0 10407.0 0.0 77.8771
15:03:00 291.0 25470.0 77.31 77.91 77.92 77.855 77.9 3300.0 77.91 1000.0 25470.0 15640.0 9830.0 0.0 77.884
15:04:00 163.0 11412.0 77.31 77.96 77.97 77.89 77.96 800.0 77.97 3565.0 11412.0 6097.0 5315.0 0.0 77.9418
15:05:00 205.0 17430.0 77.31 77.92 77.98 77.92 77.92 2876.0 77.93 1100.0 17430.0 7341.0 10089.0 0.0 77.9541
15:06:00 291.0 23938.0 77.31 77.89 77.92 77.87 77.89 2000.0 77.9 2236.0 23938.0 9596.0 14342.0 0.0 77.8923
15:07:00 386.0 32683.0 77.31 77.785 77.9 77.785 77.79 1300.0 77.8 3300.0 32683.0 11553.0 21130.0 0.0 77.8382
15:08:00 239.0 18759.0 77.31 77.82 77.85 77.77 77.81 3713.0 77.82 1600.0 18759.0 9746.0 9013.0 0.0 77.8182
15:09:00 335.0 29624.0 77.31 77.86 77.9 77.81 77.86 2270.0 77.87 2931.0 29624.0 18755.0 10869.0 0.0 77.8552
15:10:00 215.0 20357.0 77.31 77.91 77.935 77.85 77.9 500.0 77.91 2959.0 20357.0 8430.0 11927.0 0.0 77.8972
15:11:00 249.0 17854.0 77.31 77.9 77.92 77.895 77.9 4470.0 77.91 1581.0 17854.0 9556.0 8298.0 0.0 77.9079
15:12:00 286.0 25995.0 77.31 77.93 77.955 77.905 77.92 5035.0 77.93 700.0 25995.0 12669.0 13326.0 0.0 77.9292
15:13:00 440.0 33653.0 77.31 77.88 77.93 77.87 77.88 1387.0 77.89 3905.0 33653.0 12580.0 21073.0 0.0 77.9029
15:14:00 279.0 51437.0 77.31 77.885 77.92 77.88 77.88 802.0 77.89 4742.0 51437.0 38012.0 13425.0 0.0 77.8967
15:15:00 195.0 13916.0 77.31 77.85 77.885 77.85 77.85 2973.0 77.86 4202.0 13916.0 6319.0 7597.0 0.0 77.8646
15:16:00 475.0 33515.0 77.31 77.735 77.87 77.73 77.73 3204.0 77.74 1652.0 33515.0 15567.0 17948.0 0.0 77.8013
15:17:00 336.0 27979.0 77.31 77.77 77.795 77.74 77.76 2474.0 77.77 3072.0 27979.0 19036.0 8943.0 0.0 77.7651
15:18:00 408.0 32594.0 77.31 77.875 77.875 77.77 77.87 1100.0 77.88 3530.0 32594.0 23316.0 9278.0 0.0 77.8264
15:19:00 198.0 18625.0 77.31 77.87 77.89 77.86 77.87 200.0 77.88 4903.0 18625.0 9119.0 9506.0 0.0 77.8757
15:20:00 171.0 13387.0 77.31 77.865 77.89 77.86 77.86 3610.0 77.87 4401.0 13387.0 5891.0 7496.0 0.0 77.8808
15:21:00 370.0 35791.0 77.31 77.95 77.95 77.855 77.94 5096.0 77.95 4551.0 35791.0 16887.0 18904.0 0.0 77.9118
15:22:00 256.0 23814.0 77.31 77.93 77.96 77.92 77.92 3168.0 77.93 10896.0 23814.0 9630.0 14184.0 0.0 77.9406
15:23:00 281.0 38625.0 77.31 77.95 77.985 77.915 77.94 3650.0 77.95 3100.0 38625.0 17575.0 21050.0 0.0 77.9456
15:24:00 191.0 16271.0 77.31 77.91 77.95 77.9 77.9 3725.0 77.91 2719.0 16271.0 3013.0 13258.0 0.0 77.9274
15:25:00 245.0 22502.0 77.31 77.96 77.96 77.87 77.95 4311.0 77.96 1153.0 22502.0 12131.0 10371.0 0.0 77.9143
15:26:00 268.0 25852.0 77.31 77.9 77.96 77.9 77.89 2935.0 77.9 2602.0 25852.0 7567.0 18285.0 0.0 77.9405
15:27:00 280.0 27952.0 77.31 77.925 77.95 77.89 77.92 4860.0 77.93 4702.0 27952.0 12480.0 15472.0 0.0 77.915
15:28:00 337.0 31576.0 77.31 77.985 77.985 77.92 77.98 4100.0 77.99 5200.0 31576.0 21522.0 10054.0 0.0 77.9608
15:29:00 512.0 58913.0 77.31 78.0 78.045 77.985 77.99 5083.0 78.0 30100.0 58913.0 23751.0 35162.0 0.0 78.0193
15:30:00 560.0 78169.0 77.31 77.99 78.02 77.925 77.98 2096.0 77.99 5560.0 78169.0 52319.0 25850.0 0.0 77.9812
15:31:00 516.0 45795.0 77.31 77.95 78.02 77.95 77.94 2844.0 77.95 1439.0 45795.0 20554.0 25241.0 0.0 77.9825
15:32:00 471.0 36745.0 77.31 77.96 77.96 77.92 77.95 4700.0 77.96 2545.0 36745.0 17520.0 19225.0 0.0 77.9423
15:33:00 468.0 39298.0 77.31 77.975 77.98 77.91 77.97 2033.0 77.98 4592.0 39298.0 17980.0 21318.0 0.0 77.9527
15:34:00 540.0 43361.0 77.31 77.95 77.99 77.95 77.95 1070.0 77.96 6716.0 43361.0 18264.0 25097.0 0.0 77.9711
15:35:00 272.0 21573.0 77.31 77.935 77.975 77.93 77.93 6594.0 77.94 1937.0 21573.0 11008.0 10565.0 0.0 77.9491
15:36:00 585.0 47801.0 77.31 77.87 77.955 77.855 77.86 3000.0 77.87 5377.0 47801.0 18579.0 29222.0 0.0 77.901
15:37:00 571.0 54624.0 77.31 77.78 77.88 77.77 77.77 1701.0 77.78 4408.0 54624.0 20818.0 33806.0 0.0 77.8138
15:38:00 559.0 46463.0 77.31 77.79 77.82 77.765 77.78 4100.0 77.79 3500.0 46463.0 19532.0 26931.0 0.0 77.785
15:39:00 252.0 20085.0 77.31 77.785 77.795 77.76 77.78 4322.0 77.79 2228.0 20085.0 8124.0 11961.0 0.0 77.7763
15:40:00 343.0 29127.0 77.31 77.8 77.805 77.755 77.79 4504.0 77.8 2114.0 29127.0 13872.0 15255.0 0.0 77.7849
15:41:00 477.0 39249.0 77.31 77.84 77.86 77.8 77.84 1719.0 77.85 6410.0 39249.0 14708.0 24541.0 0.0 77.8397
15:42:00 410.0 37685.0 77.31 77.92 77.93 77.845 77.92 704.0 77.93 9210.0 37685.0 18447.0 19238.0 0.0 77.9083
15:43:00 394.0 32036.0 77.31 77.95 77.96 77.92 77.94 4903.0 77.95 3113.0 32036.0 14756.0 17280.0 0.0 77.9407
15:44:00 522.0 54064.0 77.31 78.01 78.02 77.94 78.01 4858.0 78.02 2384.0 54064.0 28153.0 25911.0 0.0 77.9803
15:45:00 658.0 51216.0 77.31 78.085 78.11 78.015 78.08 3128.0 78.09 4021.0 51216.0 27346.0 23870.0 0.0 78.0675
15:46:00 852.0 74602.0 77.31 78.12 78.17 78.055 78.11 300.0 78.12 5900.0 74602.0 32295.0 42307.0 0.0 78.1275
15:47:00 669.0 63160.0 77.31 78.145 78.21 78.1 78.14 3605.0 78.15 2105.0 63160.0 30575.0 32585.0 0.0 78.1471
15:48:00 566.0 53585.0 77.31 78.125 78.21 78.105 78.12 1108.0 78.13 4900.0 53585.0 22121.0 31464.0 0.0 78.1535
15:49:00 665.0 55301.0 77.31 78.23 78.23 78.125 78.22 5230.0 78.23 2700.0 55301.0 29881.0 25420.0 0.0 78.1783
15:50:00 805.0 78504.0 77.31 78.23 78.29 78.205 78.22 200.0 78.23 2000.0 78504.0 40232.0 38272.0 0.0 78.2514
15:51:00 1524.0 164946.0 77.31 78.41 78.44 78.22 78.41 5400.0 78.42 3218.0 164946.0 93999.0 70947.0 0.0 78.3689
15:52:00 658.0 76091.0 77.31 78.32 78.43 78.315 78.31 4382.0 78.32 1948.0 76091.0 33137.0 42954.0 0.0 78.3847
15:53:00 843.0 86050.0 77.31 78.315 78.35 78.3 78.31 1800.0 78.32 4702.0 86050.0 38658.0 47392.0 0.0 78.325
15:54:00 1165.0 113894.0 77.31 78.26 78.34 78.26 78.26 2050.0 78.27 5520.0 113894.0 50066.0 63828.0 0.0 78.2941
15:55:00 927.0 100436.0 77.31 78.32 78.35 78.23 78.31 4952.0 78.32 2257.0 100436.0 55036.0 45400.0 0.0 78.3052
15:56:00 963.0 92753.0 77.31 78.38 78.41 78.31 78.37 9443.0 78.38 4257.0 92753.0 51837.0 40916.0 0.0 78.3799
15:57:00 723.0 77020.0 77.31 78.36 78.38 78.33 78.36 6978.0 78.37 5808.0 77020.0 34072.0 42948.0 0.0 78.3557
15:58:00 991.0 111214.0 77.31 78.375 78.44 78.34 78.37 7544.0 78.38 4174.0 111214.0 41173.0 70041.0 0.0 78.3846
15:59:00 927.0 99092.0 77.31 78.475 78.48 78.375 78.47 13279.0 78.48 9741.0 99092.0 50002.0 49090.0 0.0 78.4468
16:00:00 4471.0 539584.0 77.31 78.41 78.5 78.36 78.41 93132.0 78.42 113057.0 539584.0 197164.0 342420.0 0.0 78.4297
16:01:00 10.0 129.0 77.31 78.45 78.45 78.1 78.41 93233.0 78.41 2900.0 129.0 0.0 129.0 0.0 78.1717
16:02:00 5.0 64.0 77.31 78.42 78.46 78.41 78.41 93232.0 78.41 2900.0 64.0 0.0 64.0 0.0 78.4169
16:03:00 19.0 365.0 77.31 78.41 78.49 78.41 78.41 93318.0 78.42 81858.0 365.0 151.0 214.0 0.0 78.4362
16:04:00 9.0 609.0 77.31 78.41 78.43 78.41 78.41 93232.0 78.42 81858.0 609.0 320.0 289.0 0.0 78.4101
16:05:00 42.0 2263.0 77.31 78.38 78.47 78.38 78.41 93132.0 78.41 175.0 2263.0 30.0 2233.0 0.0 78.4103
16:06:00 5.0 105.0 77.31 78.35 78.38 78.32 78.41 93132.0 78.41 10.0 105.0 0.0 105.0 0.0 78.35
16:07:00 0.0 0.0 77.31 78.35 nan nan 78.41 93132.0 78.4 372.0 nan 0.0 0.0 0.0 nan
16:08:00 3.0 896.0 77.31 78.35 78.37 78.35 78.41 93132.0 78.38 100.0 896.0 0.0 896.0 0.0 78.35
16:09:00 1.0 0.0 77.31 78.38 78.38 78.38 78.41 93132.0 78.42 81958.0 nan 0.0 0.0 0.0 nan
16:10:00 0.0 0.0 77.31 78.38 nan nan 78.41 93132.0 78.42 82158.0 nan 0.0 0.0 0.0 nan
16:11:00 1.0 2.0 77.31 78.37 78.37 78.37 78.41 93132.0 78.37 8.0 2.0 2.0 0.0 0.0 78.37
16:12:00 1.0 8.0 77.31 78.37 78.37 78.37 78.41 93132.0 78.4 60.0 8.0 8.0 0.0 0.0 78.37
16:13:00 3.0 12.0 77.31 78.4 78.4 78.4 78.41 93132.0 78.4 48.0 12.0 12.0 0.0 0.0 78.4
16:14:00 7.0 348.0 77.31 78.42 78.42 78.37 78.41 93132.0 78.42 81858.0 348.0 348.0 0.0 0.0 78.4172
16:15:00 1.0 65.0 77.31 78.45 78.45 78.45 78.41 93132.0 78.42 81861.0 65.0 0.0 65.0 0.0 78.45
16:16:00 1.0 1.0 77.31 78.42 78.42 78.42 78.41 93132.0 78.42 82007.0 1.0 1.0 0.0 0.0 78.42
16:17:00 1.0 0.0 77.31 78.35 78.35 78.35 78.41 93132.0 78.42 82012.0 nan 0.0 0.0 0.0 nan
16:18:00 1.0 0.0 77.31 78.35 78.35 78.35 78.41 93132.0 78.42 82007.0 nan 0.0 0.0 0.0 nan
16:19:00 1.0 0.0 77.31 78.35 78.35 78.35 78.41 93132.0 78.42 82257.0 nan 0.0 0.0 0.0 nan
16:20:00 0.0 0.0 77.31 78.35 nan nan 78.41 93132.0 78.42 82257.0 nan 0.0 0.0 0.0 nan
16:21:00 7.0 309.0 77.31 78.31 78.42 78.31 78.41 93132.0 78.42 82253.0 309.0 10.0 299.0 0.0 78.333
16:22:00 20.0 1211.0 77.31 78.2 78.31 78.17 78.41 93132.0 78.42 82253.0 1211.0 561.0 650.0 0.0 78.2435
16:23:00 16.0 2045.0 77.31 78.37 78.37 78.1 78.41 93132.0 78.36 100.0 2045.0 1514.0 531.0 0.0 78.1573
16:24:00 2.0 87.0 77.31 78.03 78.2 78.03 78.41 93132.0 78.35 20.0 87.0 0.0 87.0 0.0 78.1277
16:25:00 1.0 4.0 77.31 78.35 78.35 78.35 78.41 93132.0 78.35 41.0 4.0 4.0 0.0 0.0 78.35
16:26:00 0.0 0.0 77.31 78.35 nan nan 78.41 93132.0 78.35 616.0 nan 0.0 0.0 0.0 nan
16:27:00 0.0 0.0 77.31 78.35 nan nan 78.41 93132.0 78.31 1.0 nan 0.0 0.0 0.0 nan
16:28:00 0.0 0.0 77.31 78.35 nan nan 78.41 93132.0 78.3 30.0 nan 0.0 0.0 0.0 nan
16:29:00 2.0 45.0 77.31 78.3 78.3 78.3 78.41 93132.0 78.31 1.0 45.0 30.0 15.0 0.0 78.3
16:30:00 1.0 0.0 77.31 78.03 78.03 78.03 78.41 93132.0 78.31 1.0 nan 0.0 0.0 0.0 nan
16:31:00 0.0 0.0 77.31 78.03 nan nan 78.41 93132.0 78.31 1.0 nan 0.0 0.0 0.0 nan
16:32:00 6.0 111.0 77.31 78.04 78.32 78.04 78.41 93132.0 78.34 855.0 111.0 54.0 57.0 0.0 78.0742
16:33:00 0.0 0.0 77.31 78.04 nan nan 78.41 93132.0 78.34 600.0 nan 0.0 0.0 0.0 nan
16:34:00 0.0 0.0 77.31 78.04 nan nan 78.41 93132.0 78.34 600.0 nan 0.0 0.0 0.0 nan
16:35:00 5.0 74.0 77.31 78.01 78.04 77.99 78.41 93132.0 78.32 205.0 74.0 0.0 74.0 0.0 78.023
16:36:00 4.0 26.0 77.31 78.21 78.29 78.21 78.41 93132.0 78.3 600.0 26.0 0.0 26.0 0.0 78.21
16:37:00 1.0 8.0 77.31 78.21 78.21 78.21 78.41 93132.0 78.27 3.0 8.0 0.0 8.0 0.0 78.21
16:38:00 2.0 3.0 77.31 78.29 78.29 78.27 78.41 93132.0 78.29 5.0 3.0 3.0 0.0 0.0 78.27
16:39:00 1.0 0.0 77.31 78.26 78.26 78.26 78.41 93132.0 78.29 5.0 nan 0.0 0.0 0.0 nan
16:40:00 0.0 0.0 77.31 78.26 nan nan 78.41 93132.0 78.29 3.0 nan 0.0 0.0 0.0 nan
16:41:00 2.0 0.0 77.31 78.26 78.26 78.23 78.41 93132.0 78.29 3.0 nan 0.0 0.0 0.0 nan
16:42:00 1.0 1.0 77.31 78.29 78.29 78.29 78.41 93132.0 78.29 2.0 1.0 1.0 0.0 0.0 78.29
16:43:00 3.0 10.0 77.31 78.25 78.26 78.25 78.41 93132.0 78.29 2.0 10.0 0.0 10.0 0.0 78.25
16:44:00 3.0 500.0 77.31 78.3 78.3 78.23 78.41 93132.0 78.3 67.0 500.0 500.0 0.0 0.0 78.3
16:45:00 4.0 267.0 77.31 78.3 78.3 78.3 78.41 93132.0 78.32 105.0 267.0 67.0 200.0 0.0 78.3
16:46:00 3.0 0.0 77.31 78.31 78.31 78.31 78.41 93132.0 78.32 106.0 nan 0.0 0.0 0.0 nan
16:47:00 2.0 5.0 77.31 78.32 78.32 78.32 78.41 93132.0 78.32 101.0 5.0 5.0 0.0 0.0 78.32
16:48:00 1.0 0.0 77.31 78.28 78.28 78.28 78.41 93132.0 78.32 101.0 nan 0.0 0.0 0.0 nan
16:49:00 1.0 238.0 77.31 78.3 78.3 78.3 78.41 93132.0 78.32 101.0 238.0 0.0 238.0 0.0 78.3
16:50:00 0.0 0.0 77.31 78.3 nan nan 78.41 93132.0 78.32 201.0 nan 0.0 0.0 0.0 nan
16:51:00 1.0 9.0 77.31 78.27 78.27 78.27 78.41 93132.0 78.32 201.0 9.0 0.0 9.0 0.0 78.27
16:52:00 0.0 0.0 77.31 78.27 nan nan 78.41 93132.0 78.32 201.0 nan 0.0 0.0 0.0 nan
16:53:00 0.0 0.0 77.31 78.27 nan nan 78.41 93132.0 78.27 279.0 nan 0.0 0.0 0.0 nan
16:54:00 5.0 279.0 77.31 78.27 78.27 78.26 78.41 93132.0 78.32 201.0 279.0 279.0 0.0 0.0 78.27
16:55:00 13.0 103.0 77.31 78.32 78.32 78.31 78.41 93132.0 78.34 300.0 103.0 101.0 2.0 0.0 78.32
16:56:00 3.0 300.0 77.31 78.34 78.34 78.34 78.41 93132.0 78.35 16.0 300.0 300.0 0.0 0.0 78.34
16:57:00 13.0 567.0 77.31 78.39 78.5 78.34 78.41 93132.0 78.4 150.0 567.0 567.0 0.0 0.0 78.4515
16:58:00 1.0 3.0 77.31 78.39 78.39 78.39 78.41 93132.0 78.4 150.0 3.0 0.0 3.0 0.0 78.39
16:59:00 4.0 37.0 77.31 78.32 78.4 78.32 78.41 93132.0 78.4 247.0 37.0 3.0 34.0 0.0 78.3908
17:00:00 1.0 0.0 77.31 78.32 78.32 78.32 78.41 93132.0 78.4 247.0 nan 0.0 0.0 0.0 nan
