time trade_count trade_volume trade_first trade_last trade_high trade_low bid_price bid_size ask_price ask_size hid_vol buy_vol sell_vol unsided_vol vwap
09:00:00 nan 0.0 83.36 83.36 83.36 83.36 83.33 26.0 83.38 1.0 nan 0.0 0.0 0.0 nan
09:01:00 10.0 40.0 83.36 83.32 83.35 83.31 83.32 100.0 83.36 1.0 40.0 0.0 40.0 0.0 83.3197
09:02:00 13.0 399.0 83.36 83.36 83.37 83.31 83.31 70.0 83.37 534.0 399.0 268.0 131.0 0.0 83.3377
09:03:00 28.0 630.0 83.36 83.46 83.46 83.366 83.41 524.0 83.46 1.0 630.0 630.0 0.0 0.0 83.4
09:04:00 39.0 1831.0 83.36 83.29 83.43 83.26 83.27 42.0 83.31 300.0 1831.0 0.0 1831.0 0.0 83.3389
09:05:00 20.0 962.0 83.36 83.31 83.31 83.25 83.28 100.0 83.34 221.0 962.0 237.0 725.0 0.0 83.2705
09:06:00 14.0 326.0 83.36 83.31 83.36 83.3 83.3 200.0 83.36 300.0 326.0 224.0 102.0 0.0 83.3275
09:07:00 10.0 19.0 83.36 83.34 83.35 83.33 83.3 200.0 83.35 1.0 19.0 19.0 0.0 0.0 83.34
09:08:00 5.0 175.0 83.36 83.3 83.3 83.27 83.27 51.0 83.33 300.0 175.0 0.0 175.0 0.0 83.2829
09:09:00 59.0 970.0 83.36 83.25 83.27 83.19 83.25 100.0 83.26 200.0 970.0 248.0 722.0 0.0 83.2164
09:10:00 54.0 6176.0 83.36 83.28 83.28 83.23 83.26 325.0 83.28 65.0 6176.0 4484.0 1692.0 0.0 83.2483
09:11:00 47.0 8009.0 83.36 83.16 83.3 83.15 83.17 248.0 83.24 10.0 8009.0 6677.0 1332.0 0.0 83.2435
09:12:00 22.0 947.0 83.36 83.14 83.21 83.14 83.13 211.0 83.15 80.0 947.0 50.0 897.0 0.0 83.16
09:13:00 55.0 3220.0 83.36 83.08 83.13 83.05 83.08 1.0 83.09 5025.0 3220.0 1557.0 1663.0 0.0 83.0904
09:14:00 25.0 5560.0 83.36 83.14 83.17 83.08 83.13 542.0 83.16 12.0 5560.0 5559.0 1.0 0.0 83.0926
09:15:00 24.0 469.0 83.36 83.17 83.21 83.13 83.16 570.0 83.2 18.0 469.0 459.0 10.0 0.0 83.1503
09:16:00 1.0 1.0 83.36 83.2 83.2 83.2 83.16 570.0 83.2 355.0 1.0 1.0 0.0 0.0 83.2
09:17:00 14.0 477.0 83.36 83.24 83.24 83.16 83.22 578.0 83.24 200.0 477.0 377.0 100.0 0.0 83.1989
09:18:00 1.0 100.0 83.36 83.24 83.24 83.24 83.23 602.0 83.24 240.0 100.0 100.0 0.0 0.0 83.24
09:19:00 15.0 701.0 83.36 83.23 83.24 83.21 83.21 282.0 83.23 647.0 701.0 62.0 639.0 0.0 83.2262
09:20:00 22.0 2005.0 83.36 83.2 83.23 83.18 83.16 300.0 83.2 240.0 2005.0 182.0 1823.0 0.0 83.2033
09:21:00 9.0 252.0 83.36 83.18 83.2 83.18 83.16 300.0 83.2 240.0 252.0 100.0 152.0 0.0 83.1939
09:22:00 36.0 1664.0 83.36 83.15 83.2 83.15 83.16 2.0 83.21 545.0 1664.0 850.0 814.0 0.0 83.1583
09:23:00 34.0 3052.0 83.36 83.16 83.19 83.13 83.16 197.0 83.19 514.0 3052.0 2899.0 153.0 0.0 83.154
09:24:00 15.0 546.0 83.36 83.15 83.16 83.1 83.13 701.0 83.15 702.0 546.0 144.0 402.0 0.0 83.1317
09:25:00 40.0 2412.0 83.36 83.31 83.35 83.14 83.31 306.0 83.35 739.0 2412.0 2006.0 406.0 0.0 83.232
09:26:00 14.0 1080.0 83.36 83.25 83.31 83.23 83.25 85.0 83.29 239.0 1080.0 294.0 786.0 0.0 83.2845
09:27:00 7.0 95.0 83.36 83.24 83.25 83.22 83.16 100.0 83.25 239.0 95.0 0.0 95.0 0.0 83.2468
09:28:00 15.0 454.0 83.36 83.16 83.24 83.16 83.16 378.0 83.24 1000.0 454.0 16.0 438.0 0.0 83.1709
09:29:00 9.0 378.0 83.36 83.16 83.23 83.16 83.15 100.0 83.16 82.0 378.0 0.0 378.0 0.0 83.16
09:30:00 22.0 1943.0 83.36 83.14 83.17 83.14 83.14 55.0 83.17 150.0 1943.0 1498.0 445.0 0.0 83.1541
09:31:00 577.0 28162.0 83.36 83.22 83.31 83.14 83.2 1190.0 83.23 200.0 28162.0 9428.0 18734.0 0.0 83.2095
09:32:00 1525.0 134558.0 83.36 83.02 83.24 82.97 83.01 514.0 83.03 220.0 134558.0 22196.0 112362.0 0.0 83.0827
09:33:00 557.0 34775.0 83.36 82.95 83.13 82.88 82.95 3.0 82.98 650.0 34775.0 15255.0 19520.0 0.0 83.0038
09:34:00 1258.0 74426.0 83.36 82.85 83.05 82.81 82.84 211.0 82.86 105.0 74426.0 23750.0 50676.0 0.0 82.8902
09:35:00 1327.0 84076.0 83.36 82.74 82.87 82.65 82.73 100.0 82.74 33.0 84076.0 20685.0 63391.0 0.0 82.7513
09:36:00 1796.0 86049.0 83.36 83.02 83.12 82.74 83.02 200.0 83.03 601.0 86049.0 51503.0 34546.0 0.0 82.9852
09:37:00 1280.0 62364.0 83.36 82.98 83.08 82.87 82.99 90.0 83.0 476.0 62364.0 29949.0 32415.0 0.0 82.9868
09:38:00 809.0 38074.0 83.36 82.9 83.01 82.8 82.88 218.0 82.89 121.0 38074.0 17793.0 20281.0 0.0 82.8847
09:39:00 724.0 40420.0 83.36 82.79 82.9 82.75 82.8 200.0 82.81 515.0 40420.0 14817.0 25603.0 0.0 82.8125
09:40:00 1074.0 83155.0 83.36 82.66 82.85 82.635 82.66 633.0 82.67 139.0 83155.0 31267.0 51888.0 0.0 82.7353
09:41:00 1655.0 97730.0 83.36 82.73 82.74 82.58 82.73 340.0 82.74 179.0 97730.0 45152.0 52578.0 0.0 82.6611
09:42:00 1418.0 81041.0 83.36 82.58 82.81 82.58 82.57 220.0 82.58 1020.0 81041.0 37503.0 43538.0 0.0 82.7025
09:43:00 1663.0 103956.0 83.36 82.45 82.62 82.44 82.44 1356.0 82.45 302.0 103956.0 46800.0 57156.0 0.0 82.5032
09:44:00 841.0 48362.0 83.36 82.67 82.7 82.43 82.67 855.0 82.68 8.0 48362.0 25510.0 22852.0 0.0 82.5688
09:45:00 983.0 62335.0 83.36 82.71 82.91 82.64 82.71 900.0 82.72 440.0 62335.0 34336.0 27999.0 0.0 82.7861
09:46:00 723.0 36878.0 83.36 82.55 82.76 82.51 82.55 517.0 82.56 500.0 36878.0 16303.0 20575.0 0.0 82.6398
09:47:00 992.0 60152.0 83.36 82.57 82.59 82.39 82.56 862.0 82.57 400.0 60152.0 31459.0 28693.0 0.0 82.4869
09:48:00 1020.0 59928.0 83.36 82.55 82.59 82.41 82.55 1700.0 82.56 766.0 59928.0 34778.0 25150.0 0.0 82.5055
09:49:00 636.0 38025.0 83.36 82.38 82.56 82.38 82.38 714.0 82.39 1057.0 38025.0 11346.0 26679.0 0.0 82.4496
09:50:00 832.0 52839.0 83.36 82.33 82.455 82.25 82.32 948.0 82.34 1922.0 52839.0 23526.0 29313.0 0.0 82.3284
09:51:00 806.0 46383.0 83.36 82.4 82.44 82.28 82.39 100.0 82.4 1618.0 46383.0 23082.0 23301.0 0.0 82.3344
09:52:00 992.0 59589.0 83.36 82.39 82.43 82.31 82.39 210.0 82.4 1206.0 59589.0 24731.0 34858.0 0.0 82.3716
09:53:00 529.0 30365.0 83.36 82.48 82.49 82.38 82.48 200.0 82.49 1909.0 30365.0 11523.0 18842.0 0.0 82.4375
09:54:00 571.0 31487.0 83.36 82.49 82.6 82.42 82.49 208.0 82.5 631.0 31487.0 12912.0 18575.0 0.0 82.5016
09:55:00 618.0 34686.0 83.36 82.35 82.51 82.35 82.34 681.0 82.35 1966.0 34686.0 14261.0 20425.0 0.0 82.4185
09:56:00 626.0 43021.0 83.36 82.23 82.36 82.21 82.22 1043.0 82.23 2.0 43021.0 13410.0 29611.0 0.0 82.2751
09:57:00 705.0 44941.0 83.36 82.025 82.23 82.02 82.02 2672.0 82.03 560.0 44941.0 13067.0 31874.0 0.0 82.1441
09:58:00 586.0 33016.0 83.36 82.16 82.16 82.025 82.16 404.0 82.17 600.0 33016.0 17824.0 15192.0 0.0 82.105
09:59:00 718.0 40806.0 83.36 82.27 82.325 82.17 82.26 1073.0 82.28 1025.0 40806.0 20826.0 19980.0 0.0 82.2523
10:00:00 752.0 47628.0 83.36 82.46 82.48 82.2 82.46 200.0 82.47 800.0 47628.0 26569.0 21059.0 0.0 82.351
10:01:00 694.0 52485.0 83.36 82.18 82.465 82.17 82.18 200.0 82.19 1200.0 52485.0 24218.0 28267.0 0.0 82.2734
10:02:00 680.0 44890.0 83.36 82.37 82.37 82.17 82.36 1334.0 82.38 695.0 44890.0 23018.0 21872.0 0.0 82.2773
10:03:00 619.0 34403.0 83.36 82.42 82.5 82.37 82.42 931.0 82.43 200.0 34403.0 17982.0 16421.0 0.0 82.4401
10:04:00 681.0 44007.0 83.36 82.43 82.53 82.38 82.43 101.0 82.44 900.0 44007.0 20800.0 23207.0 0.0 82.4536
10:05:00 358.0 23088.0 83.36 82.48 82.5 82.43 82.48 208.0 82.49 1164.0 23088.0 11133.0 11955.0 0.0 82.4638
10:06:00 621.0 33490.0 83.36 82.44 82.58 82.4 82.43 164.0 82.44 1000.0 33490.0 11187.0 22303.0 0.0 82.4842
10:07:00 509.0 30447.0 83.36 82.62 82.62 82.44 82.61 978.0 82.62 200.0 30447.0 17950.0 12497.0 0.0 82.5594
10:08:00 624.0 34015.0 83.36 82.48 82.63 82.38 82.48 1137.0 82.49 105.0 34015.0 14541.0 19474.0 0.0 82.4699
10:09:00 382.0 17362.0 83.36 82.45 82.48 82.36 82.44 1180.0 82.45 100.0 17362.0 9068.0 8294.0 0.0 82.4229
10:10:00 535.0 35651.0 83.36 82.34 82.57 82.34 82.33 215.0 82.34 1400.0 35651.0 18125.0 17526.0 0.0 82.4441
10:11:00 405.0 30796.0 83.36 82.34 82.43 82.31 82.34 200.0 82.35 1200.0 30796.0 14097.0 16699.0 0.0 82.37
10:12:00 505.0 34931.0 83.36 82.28 82.34 82.25 82.28 600.0 82.29 671.0 34931.0 18847.0 16084.0 0.0 82.288
10:13:00 475.0 34307.0 83.36 82.22 82.38 82.22 82.22 906.0 82.23 300.0 34307.0 16237.0 18070.0 0.0 82.3029
10:14:00 357.0 27065.0 83.36 82.27 82.28 82.185 82.27 115.0 82.28 2300.0 27065.0 13849.0 13216.0 0.0 82.233
10:15:00 492.0 34445.0 83.36 82.25 82.37 82.22 82.25 40.0 82.26 1000.0 34445.0 15554.0 18891.0 0.0 82.3029
10:16:00 442.0 30361.0 83.36 82.38 82.42 82.27 82.38 236.0 82.39 1801.0 30361.0 16754.0 13607.0 0.0 82.382
10:17:00 432.0 38558.0 83.36 82.53 82.6 82.38 82.54 2300.0 82.55 950.0 38558.0 23121.0 15437.0 0.0 82.5323
10:18:00 809.0 65185.0 83.36 82.65 82.83 82.55 82.65 220.0 82.66 1688.0 65185.0 37742.0 27443.0 0.0 82.7209
10:19:00 557.0 31242.0 83.36 82.59 82.65 82.52 82.58 518.0 82.59 701.0 31242.0 16677.0 14565.0 0.0 82.5851
10:20:00 513.0 29887.0 83.36 82.39 82.58 82.38 82.39 51.0 82.4 717.0 29887.0 13692.0 16195.0 0.0 82.5018
10:21:00 869.0 52337.0 83.36 82.685 82.7 82.4 82.68 1608.0 82.7 1702.0 52337.0 26223.0 26114.0 0.0 82.5758
10:22:00 355.0 20277.0 83.36 82.68 82.715 82.6 82.67 762.0 82.68 351.0 20277.0 11553.0 8724.0 0.0 82.6742
10:23:00 382.0 19800.0 83.36 82.7 82.7 82.63 82.7 2123.0 82.71 3.0 19800.0 11546.0 8254.0 0.0 82.6651
10:24:00 377.0 21978.0 83.36 82.725 82.8 82.72 82.72 4.0 82.73 1459.0 21978.0 15321.0 6657.0 0.0 82.7698
10:25:00 492.0 25365.0 83.36 82.8 82.87 82.73 82.79 26.0 82.8 1300.0 25365.0 11749.0 13616.0 0.0 82.8062
10:26:00 433.0 21998.0 83.36 82.87 82.87 82.72 82.86 2200.0 82.87 328.0 21998.0 9243.0 12755.0 0.0 82.8155
10:27:00 509.0 26219.0 83.36 82.85 82.93 82.85 82.86 29.0 82.87 2103.0 26219.0 10671.0 15548.0 0.0 82.893
10:28:00 515.0 35552.0 83.36 82.92 82.93 82.8 82.92 192.0 82.92 202.0 35552.0 15172.0 20380.0 0.0 82.8478
10:29:00 618.0 61722.0 83.36 82.835 82.97 82.835 82.83 442.0 82.84 1111.0 61722.0 39233.0 22489.0 0.0 82.9379
10:30:00 692.0 41719.0 83.36 82.77 82.85 82.68 82.76 900.0 82.78 1830.0 41719.0 22295.0 19424.0 0.0 82.7666
10:31:00 463.0 33918.0 83.36 82.9 82.9 82.77 82.89 2618.0 82.9 61.0 33918.0 20320.0 13598.0 0.0 82.8256
10:32:00 288.0 21755.0 83.36 82.81 82.93 82.77 82.8 2200.0 82.82 2285.0 21755.0 8046.0 13709.0 0.0 82.826
10:33:00 330.0 25272.0 83.36 82.79 82.86 82.755 82.78 100.0 82.79 1800.0 25272.0 10230.0 15042.0 0.0 82.806
10:34:00 337.0 23292.0 83.36 82.82 82.88 82.755 82.81 928.0 82.82 600.0 23292.0 9483.0 13809.0 0.0 82.8283
10:35:00 268.0 21446.0 83.36 82.84 82.9 82.82 82.84 1900.0 82.86 1900.0 21446.0 11792.0 9654.0 0.0 82.8554
10:36:00 183.0 12228.0 83.36 82.95 82.955 82.845 82.95 4301.0 82.96 212.0 12228.0 7306.0 4922.0 0.0 82.8964
10:37:00 324.0 23770.0 83.36 82.87 82.99 82.86 82.87 300.0 82.88 1300.0 23770.0 11532.0 12238.0 0.0 82.9249
10:38:00 289.0 21166.0 83.36 82.82 82.88 82.79 82.82 1800.0 82.83 713.0 21166.0 8149.0 13017.0 0.0 82.8412
10:39:00 239.0 17312.0 83.36 82.9 82.9 82.8 82.91 1100.0 82.92 1100.0 17312.0 9254.0 8058.0 0.0 82.858
10:40:00 421.0 40191.0 83.36 82.99 83.0 82.85 82.99 100.0 82.99 71.0 40191.0 25009.0 15182.0 0.0 82.9262
10:41:00 420.0 34793.0 83.36 83.01 83.06 82.975 83.0 1303.0 83.01 2200.0 34793.0 15814.0 18979.0 0.0 83.0248
10:42:00 303.0 26630.0 83.36 82.89 83.03 82.88 82.88 3281.0 82.9 1898.0 26630.0 10037.0 16593.0 0.0 82.9668
10:43:00 208.0 14204.0 83.36 82.9 82.915 82.87 82.9 1000.0 82.91 700.0 14204.0 6390.0 7814.0 0.0 82.8812
10:44:00 266.0 20148.0 83.36 82.785 82.92 82.78 82.78 947.0 82.79 1551.0 20148.0 10025.0 10123.0 0.0 82.8501
10:45:00 241.0 17172.0 83.36 82.81 82.89 82.77 82.79 2100.0 82.8 100.0 17172.0 8501.0 8671.0 0.0 82.8144
10:46:00 266.0 24813.0 83.36 82.78 82.81 82.76 82.78 295.0 82.79 1200.0 24813.0 11374.0 13439.0 0.0 82.7797
10:47:00 215.0 15552.0 83.36 82.815 82.865 82.75 82.81 499.0 82.82 2019.0 15552.0 3685.0 11867.0 0.0 82.8207
10:48:00 151.0 11391.0 83.36 82.8 82.86 82.79 82.79 2700.0 82.8 300.0 11391.0 4488.0 6903.0 0.0 82.8243
10:49:00 356.0 37397.0 83.36 82.69 82.81 82.6 82.68 4203.0 82.7 2324.0 37397.0 8955.0 28442.0 0.0 82.6967
10:50:00 226.0 13028.0 83.36 82.61 82.71 82.6 82.61 2727.0 82.62 700.0 13028.0 6582.0 6446.0 0.0 82.6595
10:51:00 622.0 42447.0 83.36 82.585 82.62 82.48 82.58 2320.0 82.59 213.0 42447.0 16771.0 25676.0 0.0 82.5387
10:52:00 293.0 18288.0 83.36 82.54 82.67 82.54 82.53 2833.0 82.54 270.0 18288.0 7278.0 11010.0 0.0 82.6115
10:53:00 148.0 9662.0 83.36 82.51 82.6 82.51 82.5 2647.0 82.51 1901.0 9662.0 2715.0 6947.0 0.0 82.5514
10:54:00 285.0 23281.0 83.36 82.58 82.6 82.49 82.57 1623.0 82.58 1900.0 23281.0 8704.0 14577.0 0.0 82.5385
10:55:00 266.0 17523.0 83.36 82.48 82.62 82.48 82.48 303.0 82.49 2400.0 17523.0 5895.0 11628.0 0.0 82.5577
10:56:00 230.0 16114.0 83.36 82.465 82.525 82.44 82.46 314.0 82.47 2732.0 16114.0 7103.0 9011.0 0.0 82.4715
10:57:00 294.0 23557.0 83.36 82.54 82.54 82.46 82.53 2515.0 82.54 100.0 23557.0 8597.0 14960.0 0.0 82.4875
10:58:00 241.0 16666.0 83.36 82.63 82.66 82.54 82.63 1324.0 82.64 100.0 16666.0 8261.0 8405.0 0.0 82.6174
10:59:00 570.0 39418.0 83.36 82.62 82.7 82.6 82.63 1621.0 82.65 2900.0 39418.0 11595.0 27823.0 0.0 82.6588
11:00:00 317.0 20875.0 83.36 82.55 82.64 82.49 82.54 2500.0 82.56 2433.0 20875.0 9274.0 11601.0 0.0 82.5469
11:01:00 285.0 18065.0 83.36 82.5 82.55 82.46 82.5 120.0 82.51 2100.0 18065.0 8823.0 9242.0 0.0 82.5011
11:02:00 740.0 53199.0 83.36 82.58 82.61 82.435 82.57 801.0 82.58 1805.0 53199.0 25026.0 28173.0 0.0 82.5149
11:03:00 502.0 33257.0 83.36 82.59 82.69 82.52 82.56 2003.0 82.57 100.0 33257.0 16429.0 16828.0 0.0 82.6006
11:04:00 283.0 17621.0 83.36 82.64 82.75 82.57 82.62 900.0 82.63 1800.0 17621.0 9635.0 7986.0 0.0 82.6781
11:05:00 350.0 23459.0 83.36 82.74 82.745 82.61 82.73 1800.0 82.74 200.0 23459.0 12384.0 11075.0 0.0 82.6432
11:06:00 573.0 37818.0 83.36 82.69 82.73 82.62 82.69 2425.0 82.71 2600.0 37818.0 15939.0 21879.0 0.0 82.6721
11:07:00 264.0 14418.0 83.36 82.7 82.7 82.625 82.69 122.0 82.7 2700.0 14418.0 6871.0 7547.0 0.0 82.6552
11:08:00 192.0 11484.0 83.36 82.69 82.695 82.62 82.67 301.0 82.68 3400.0 11484.0 5461.0 6023.0 0.0 82.6717
11:09:00 322.0 20381.0 83.36 82.69 82.755 82.66 82.69 818.0 82.7 1936.0 20381.0 11141.0 9240.0 0.0 82.7103
11:10:00 441.0 23343.0 83.36 82.55 82.72 82.54 82.54 799.0 82.55 3029.0 23343.0 10425.0 12918.0 0.0 82.6319
11:11:00 297.0 18178.0 83.36 82.57 82.575 82.51 82.57 5.0 82.58 3008.0 18178.0 10625.0 7553.0 0.0 82.532
11:12:00 328.0 24880.0 83.36 82.53 82.59 82.52 82.52 504.0 82.53 1300.0 24880.0 5199.0 19681.0 0.0 82.547
11:13:00 253.0 16001.0 83.36 82.51 82.52 82.47 82.5 2109.0 82.51 141.0 16001.0 6617.0 9384.0 0.0 82.4985
11:14:00 194.0 15648.0 83.36 82.51 82.53 82.49 82.51 709.0 82.52 2001.0 15648.0 6005.0 9643.0 0.0 82.5031
11:15:00 191.0 11705.0 83.36 82.52 82.55 82.52 82.52 596.0 82.53 2017.0 11705.0 6974.0 4731.0 0.0 82.5373
11:16:00 319.0 22295.0 83.36 82.51 82.55 82.465 82.5 1993.0 82.51 900.0 22295.0 9313.0 12982.0 0.0 82.5037
11:17:00 219.0 10567.0 83.36 82.51 82.54 82.47 82.5 853.0 82.51 2700.0 10567.0 5822.0 4745.0 0.0 82.5099
11:18:00 173.0 9601.0 83.36 82.545 82.56 82.51 82.54 2216.0 82.55 1004.0 9601.0 3841.0 5760.0 0.0 82.5304
11:19:00 213.0 10591.0 83.36 82.54 82.575 82.51 82.54 374.0 82.55 2469.0 10591.0 4724.0 5867.0 0.0 82.5407
11:20:00 240.0 13490.0 83.36 82.5 82.59 82.5 82.5 600.0 82.51 3000.0 13490.0 4627.0 8863.0 0.0 82.5466
11:21:00 211.0 14697.0 83.36 82.48 82.53 82.48 82.47 1457.0 82.48 2063.0 14697.0 6176.0 8521.0 0.0 82.503
11:22:00 249.0 17223.0 83.36 82.65 82.65 82.47 82.65 1876.0 82.66 1615.0 17223.0 12075.0 5148.0 0.0 82.5356
11:23:00 255.0 13187.0 83.36 82.68 82.72 82.65 82.68 188.0 82.69 3805.0 13187.0 5670.0 7517.0 0.0 82.6844
11:24:00 180.0 11456.0 83.36 82.73 82.73 82.68 82.71 2540.0 82.73 3622.0 11456.0 5861.0 5595.0 0.0 82.7084
11:25:00 198.0 14716.0 83.36 82.73 82.75 82.71 82.72 2093.0 82.73 500.0 14716.0 8828.0 5888.0 0.0 82.7362
11:26:00 218.0 13635.0 83.36 82.62 82.75 82.61 82.61 2141.0 82.62 700.0 13635.0 4083.0 9552.0 0.0 82.6905
11:27:00 238.0 14053.0 83.36 82.66 82.68 82.62 82.66 2485.0 82.67 1200.0 14053.0 10375.0 3678.0 0.0 82.65
11:28:00 165.0 9550.0 83.36 82.65 82.69 82.61 82.64 2792.0 82.65 481.0 9550.0 3715.0 5835.0 0.0 82.6462
11:29:00 297.0 20126.0 83.36 82.73 82.765 82.64 82.73 302.0 82.74 2000.0 20126.0 11785.0 8341.0 0.0 82.7003
11:30:00 183.0 10189.0 83.36 82.75 82.765 82.72 82.75 842.0 82.76 2209.0 10189.0 4758.0 5431.0 0.0 82.7408
11:31:00 203.0 14124.0 83.36 82.8 82.81 82.74 82.79 3411.0 82.8 550.0 14124.0 8616.0 5508.0 0.0 82.7832
11:32:00 243.0 20832.0 83.36 82.85 82.87 82.79 82.84 1345.0 82.85 601.0 20832.0 12815.0 8017.0 0.0 82.8367
11:33:00 301.0 38382.0 83.36 82.95 82.98 82.82 82.94 107.0 82.95 2260.0 38382.0 30639.0 7743.0 0.0 82.8984
11:34:00 261.0 21422.0 83.36 82.96 82.96 82.91 82.96 951.0 82.97 1132.0 21422.0 6430.0 14992.0 0.0 82.9284
11:35:00 328.0 21637.0 83.36 82.9 83.0 82.88 82.89 1300.0 82.9 1182.0 21637.0 8770.0 12867.0 0.0 82.9604
11:36:00 289.0 19059.0 83.36 82.925 82.97 82.895 82.92 1715.0 82.93 1954.0 19059.0 8631.0 10428.0 0.0 82.9372
11:37:00 210.0 13599.0 83.36 82.925 82.98 82.92 82.92 2108.0 82.93 500.0 13599.0 7708.0 5891.0 0.0 82.94
11:38:00 261.0 14764.0 83.36 82.94 82.95 82.89 82.93 1903.0 82.95 3486.0 14764.0 6261.0 8503.0 0.0 82.9223
11:39:00 302.0 18513.0 83.36 82.97 82.97 82.91 82.96 676.0 82.97 3721.0 18513.0 10352.0 8161.0 0.0 82.9315
11:40:00 423.0 29343.0 83.36 82.91 82.965 82.78 82.9 2080.0 82.91 950.0 29343.0 9143.0 20200.0 0.0 82.8783
11:41:00 344.0 18120.0 83.36 82.85 82.905 82.85 82.85 655.0 82.86 2910.0 18120.0 10176.0 7944.0 0.0 82.8782
11:42:00 196.0 10766.0 83.36 82.9 82.905 82.85 82.9 1000.0 82.91 2300.0 10766.0 5540.0 5226.0 0.0 82.8816
11:43:00 246.0 16168.0 83.36 82.95 82.955 82.89 82.94 1904.0 82.95 1500.0 16168.0 8517.0 7651.0 0.0 82.9289
11:44:00 390.0 27250.0 83.36 82.93 82.95 82.89 82.92 2776.0 82.93 200.0 27250.0 13045.0 14205.0 0.0 82.9055
11:45:00 207.0 14729.0 83.36 82.92 82.95 82.9 82.92 1601.0 82.93 2999.0 14729.0 6914.0 7815.0 0.0 82.9271
11:46:00 133.0 7727.0 83.36 82.89 82.93 82.88 82.89 2300.0 82.9 1707.0 7727.0 2824.0 4903.0 0.0 82.9074
11:47:00 287.0 17892.0 83.36 82.8 82.91 82.79 82.8 2811.0 82.81 1161.0 17892.0 7612.0 10280.0 0.0 82.8631
11:48:00 240.0 16113.0 83.36 82.81 82.84 82.78 82.8 1912.0 82.81 2700.0 16113.0 6740.0 9373.0 0.0 82.8157
11:49:00 268.0 16602.0 83.36 82.815 82.82 82.79 82.81 2351.0 82.82 301.0 16602.0 9237.0 7365.0 0.0 82.8111
11:50:00 261.0 19130.0 83.36 82.83 82.85 82.79 82.83 200.0 82.84 3801.0 19130.0 9523.0 9607.0 0.0 82.8222
11:51:00 305.0 21358.0 83.36 82.905 82.92 82.83 82.9 4369.0 82.91 400.0 21358.0 11771.0 9587.0 0.0 82.8765
11:52:00 145.0 9659.0 83.36 82.88 82.92 82.87 82.88 3100.0 82.89 1301.0 9659.0 4048.0 5611.0 0.0 82.9
11:53:00 186.0 12851.0 83.36 82.89 82.9 82.87 82.88 1912.0 82.89 1280.0 12851.0 5534.0 7317.0 0.0 82.8827
11:54:00 306.0 20295.0 83.36 82.905 82.91 82.87 82.9 2300.0 82.91 3600.0 20295.0 12726.0 7569.0 0.0 82.8863
11:55:00 248.0 15951.0 83.36 82.97 82.97 82.905 82.96 3876.0 82.97 433.0 15951.0 9854.0 6097.0 0.0 82.9322
11:56:00 229.0 15618.0 83.36 82.905 82.97 82.89 82.9 2370.0 82.91 1800.0 15618.0 7914.0 7704.0 0.0 82.9156
11:57:00 181.0 14128.0 83.36 82.92 82.94 82.905 82.91 800.0 82.92 3300.0 14128.0 7637.0 6491.0 0.0 82.9224
11:58:00 169.0 10314.0 83.36 82.96 82.96 82.91 82.95 4578.0 82.96 681.0 10314.0 6744.0 3570.0 0.0 82.9368
11:59:00 78.0 4778.0 83.36 82.925 82.96 82.92 82.92 5284.0 82.93 700.0 4778.0 1294.0 3484.0 0.0 82.9375
12:00:00 149.0 9870.0 83.36 82.965 82.97 82.93 82.96 1701.0 82.97 1926.0 9870.0 4586.0 5284.0 0.0 82.9506
12:01:00 274.0 38640.0 83.36 82.98 83.02 82.96 82.98 3095.0 82.99 658.0 38640.0 31518.0 7122.0 0.0 82.9966
12:02:00 238.0 15725.0 83.36 82.98 83.02 82.965 82.98 300.0 82.99 4389.0 15725.0 8713.0 7012.0 0.0 82.9892
12:03:00 256.0 15466.0 83.36 82.98 83.015 82.975 82.97 1221.0 82.98 3583.0 15466.0 6128.0 9338.0 0.0 82.9858
12:04:00 344.0 24619.0 83.36 82.95 83.01 82.94 82.95 100.0 82.96 3201.0 24619.0 9798.0 14821.0 0.0 82.9715
12:05:00 59.0 2917.0 83.36 82.97 82.99 82.96 82.96 2802.0 82.97 1599.0 2917.0 1791.0 1126.0 0.0 82.9747
12:06:00 148.0 7350.0 83.36 82.97 83.01 82.965 82.96 347.0 82.97 4401.0 7350.0 4240.0 3110.0 0.0 82.9948
12:07:00 359.0 26927.0 83.36 83.03 83.06 82.96 83.03 300.0 83.03 7.0 26927.0 16943.0 9984.0 0.0 83.0102
12:08:00 272.0 20300.0 83.36 83.03 83.085 83.02 83.02 3012.0 83.03 1208.0 20300.0 10806.0 9494.0 0.0 83.0608
12:09:00 218.0 15641.0 83.36 83.0 83.03 82.98 82.99 3717.0 83.0 1940.0 15641.0 7802.0 7839.0 0.0 82.9986
12:10:00 260.0 20709.0 83.36 82.91 83.02 82.91 82.91 1439.0 82.92 3109.0 20709.0 4458.0 16251.0 0.0 82.9664
12:11:00 272.0 16895.0 83.36 82.9 82.93 82.865 82.9 228.0 82.91 3627.0 16895.0 9539.0 7356.0 0.0 82.8858
12:12:00 245.0 17360.0 83.36 82.96 82.99 82.9 82.95 2701.0 82.96 422.0 17360.0 11198.0 6162.0 0.0 82.9485
12:13:00 222.0 15313.0 83.36 83.01 83.01 82.955 83.0 3184.0 83.01 7.0 15313.0 11286.0 4027.0 0.0 82.9864
12:14:00 129.0 7897.0 83.36 83.02 83.02 82.985 83.01 2382.0 83.02 1022.0 7897.0 4433.0 3464.0 0.0 83.004
12:15:00 105.0 6233.0 83.36 83.0 83.03 82.995 82.99 4003.0 83.0 773.0 6233.0 2385.0 3848.0 0.0 83.0106
12:16:00 131.0 7575.0 83.36 82.99 83.02 82.98 82.98 3136.0 82.99 898.0 7575.0 4791.0 2784.0 0.0 82.9999
12:17:00 200.0 10366.0 83.36 82.97 83.015 82.96 82.96 2384.0 82.97 1000.0 10366.0 4703.0 5663.0 0.0 82.9793
12:18:00 257.0 15427.0 83.36 82.94 82.97 82.9 82.93 3042.0 82.94 800.0 15427.0 9925.0 5502.0 0.0 82.9267
12:19:00 176.0 9857.0 83.36 82.93 82.98 82.92 82.93 1942.0 82.94 1200.0 9857.0 5084.0 4773.0 0.0 82.9482
12:20:00 158.0 8397.0 83.36 82.94 82.96 82.93 82.94 153.0 82.95 2900.0 8397.0 3759.0 4638.0 0.0 82.9497
12:21:00 107.0 5554.0 83.36 82.95 82.96 82.94 82.95 1407.0 82.95 65.0 5554.0 2949.0 2605.0 0.0 82.9536
12:22:00 126.0 7809.0 83.36 82.94 82.97 82.93 82.94 1533.0 82.95 2401.0 7809.0 3605.0 4204.0 0.0 82.9494
12:23:00 159.0 10093.0 83.36 83.01 83.01 82.94 83.01 684.0 83.02 2763.0 10093.0 7391.0 2702.0 0.0 82.9628
12:24:00 106.0 5634.0 83.36 83.015 83.03 83.0 83.01 2347.0 83.02 1924.0 5634.0 2478.0 3156.0 0.0 83.0156
12:25:00 97.0 6744.0 83.36 83.02 83.035 83.01 83.01 2092.0 83.02 2154.0 6744.0 2311.0 4433.0 0.0 83.0223
12:26:00 173.0 9748.0 83.36 83.015 83.045 83.01 83.01 2082.0 83.02 1800.0 9748.0 4329.0 5419.0 0.0 83.0256
12:27:00 201.0 13386.0 83.36 82.97 83.025 82.97 82.96 1608.0 82.97 2801.0 13386.0 4301.0 9085.0 0.0 83.0085
12:28:00 107.0 7682.0 83.36 82.98 82.98 82.96 82.97 2510.0 82.98 1237.0 7682.0 5215.0 2467.0 0.0 82.9666
12:29:00 102.0 5422.0 83.36 82.995 82.995 82.97 82.99 749.0 83.0 4355.0 5422.0 3448.0 1974.0 0.0 82.9768
12:30:00 95.0 5172.0 83.36 83.01 83.025 82.99 83.01 2072.0 83.02 1323.0 5172.0 3027.0 2145.0 0.0 83.0094
12:31:00 303.0 27448.0 83.36 83.08 83.115 83.015 83.08 3439.0 83.09 1030.0 27448.0 19260.0 8188.0 0.0 83.069
12:32:00 208.0 13052.0 83.36 83.14 83.14 83.09 83.13 3760.0 83.14 106.0 13052.0 6628.0 6424.0 0.0 83.1172
12:33:00 275.0 18331.0 83.36 83.025 83.13 83.02 83.02 331.0 83.03 2718.0 18331.0 5237.0 13094.0 0.0 83.076
12:34:00 222.0 18481.0 83.36 83.0 83.03 82.99 83.0 1200.0 83.01 2297.0 18481.0 10450.0 8031.0 0.0 83.0095
12:35:00 89.0 5140.0 83.36 83.02 83.02 82.98 83.02 1509.0 83.03 1524.0 5140.0 3403.0 1737.0 0.0 82.9985
12:36:00 127.0 6751.0 83.36 83.09 83.09 83.025 83.08 2909.0 83.09 900.0 6751.0 5020.0 1731.0 0.0 83.0577
12:37:00 67.0 4598.0 83.36 83.075 83.09 83.065 83.07 1000.0 83.08 2300.0 4598.0 2107.0 2491.0 0.0 83.0809
12:38:00 147.0 11477.0 83.36 83.09 83.13 83.08 83.08 2148.0 83.09 1784.0 11477.0 7026.0 4451.0 0.0 83.1087
12:39:00 122.0 10890.0 83.36 83.08 83.09 83.05 83.08 169.0 83.09 3421.0 10890.0 6802.0 4088.0 0.0 83.0741
12:40:00 135.0 8865.0 83.36 83.07 83.09 83.035 83.06 520.0 83.07 3800.0 8865.0 4821.0 4044.0 0.0 83.065
12:41:00 137.0 7883.0 83.36 83.085 83.11 83.07 83.08 1912.0 83.09 2687.0 7883.0 3462.0 4421.0 0.0 83.0929
12:42:00 175.0 11945.0 83.36 83.1 83.105 83.07 83.09 3479.0 83.1 210.0 11945.0 5700.0 6245.0 0.0 83.0888
12:43:00 114.0 6119.0 83.36 83.1 83.13 83.1 83.1 307.0 83.11 5779.0 6119.0 4227.0 1892.0 0.0 83.112
12:44:00 153.0 10898.0 83.36 83.1 83.12 83.08 83.08 3853.0 83.09 504.0 10898.0 5946.0 4952.0 0.0 83.1005
12:45:00 133.0 9033.0 83.36 83.065 83.105 83.06 83.06 3500.0 83.07 302.0 9033.0 3319.0 5714.0 0.0 83.0854
12:46:00 152.0 13175.0 83.36 83.06 83.08 83.05 83.05 3163.0 83.06 1500.0 13175.0 8098.0 5077.0 0.0 83.0622
12:47:00 111.0 8221.0 83.36 83.055 83.09 83.05 83.05 2890.0 83.06 1402.0 8221.0 3662.0 4559.0 0.0 83.0728
12:48:00 89.0 6873.0 83.36 83.1 83.1 83.02 83.09 303.0 83.1 3600.0 6873.0 1701.0 5172.0 0.0 83.0411
12:49:00 141.0 9346.0 83.36 83.07 83.09 83.04 83.07 1600.0 83.08 3201.0 9346.0 5143.0 4203.0 0.0 83.0691
12:50:00 156.0 11130.0 83.36 83.04 83.071 83.03 83.03 2500.0 83.04 1800.0 11130.0 3719.0 7411.0 0.0 83.0489
12:51:00 81.0 6147.0 83.36 83.02 83.04 83.01 83.02 3644.0 83.03 1803.0 6147.0 1954.0 4193.0 0.0 83.0228
12:52:00 260.0 21499.0 83.36 83.01 83.03 83.0 83.01 400.0 83.02 3800.0 21499.0 9884.0 11615.0 0.0 83.0163
12:53:00 120.0 10539.0 83.36 83.0 83.01 82.97 83.0 2500.0 83.01 1720.0 10539.0 3288.0 7251.0 0.0 82.9895
12:54:00 198.0 11551.0 83.36 83.03 83.09 83.01 83.03 281.0 83.04 5354.0 11551.0 5512.0 6039.0 0.0 83.0525
12:55:00 125.0 8908.0 83.36 83.0 83.03 82.985 82.99 1916.0 83.0 2800.0 8908.0 6229.0 2679.0 0.0 83.0111
12:56:00 278.0 23927.0 83.36 82.94 83.0 82.91 82.94 500.0 82.95 4052.0 23927.0 6597.0 17330.0 0.0 82.9499
12:57:00 97.0 6155.0 83.36 82.925 82.95 82.92 82.93 121.0 82.94 4253.0 6155.0 3582.0 2573.0 0.0 82.9293
12:58:00 112.0 7614.0 83.36 82.97 82.975 82.925 82.96 2148.0 82.97 1710.0 7614.0 4510.0 3104.0 0.0 82.9434
12:59:00 96.0 5835.0 83.36 82.97 82.98 82.95 82.96 1520.0 82.97 2300.0 5835.0 3870.0 1965.0 0.0 82.9662
13:00:00 131.0 9355.0 83.36 82.93 82.96 82.92 82.92 3409.0 82.93 800.0 9355.0 5365.0 3990.0 0.0 82.9334
13:01:00 187.0 13679.0 83.36 82.99 82.99 82.93 82.99 2469.0 83.0 1536.0 13679.0 8576.0 5103.0 0.0 82.951
13:02:00 133.0 8499.0 83.36 82.955 82.99 82.955 82.95 2708.0 82.96 1203.0 8499.0 2798.0 5701.0 0.0 82.9736
13:03:00 121.0 15919.0 83.36 82.935 82.96 82.93 82.93 508.0 82.94 4201.0 15919.0 3737.0 12182.0 0.0 82.9431
13:04:00 198.0 14462.0 83.36 82.95 82.97 82.925 82.95 2801.0 82.96 2097.0 14462.0 8168.0 6294.0 0.0 82.9581
13:05:00 98.0 7022.0 83.36 82.955 82.995 82.95 82.95 1489.0 82.96 1812.0 7022.0 2336.0 4686.0 0.0 82.9751
13:06:00 123.0 7613.0 83.36 82.94 82.96 82.93 82.93 3300.0 82.94 1001.0 7613.0 2431.0 5182.0 0.0 82.9464
13:07:00 539.0 42125.0 83.36 82.88 82.94 82.84 82.88 783.0 82.89 3613.0 42125.0 16198.0 25927.0 0.0 82.8937
13:08:00 115.0 8544.0 83.36 82.89 82.9 82.87 82.89 142.0 82.9 3800.0 8544.0 6162.0 2382.0 0.0 82.885
13:09:00 86.0 4430.0 83.36 82.85 82.9 82.84 82.85 800.0 82.86 3600.0 4430.0 1680.0 2750.0 0.0 82.8743
13:10:00 181.0 12125.0 83.36 82.85 82.87 82.82 82.84 1800.0 82.85 2800.0 12125.0 5997.0 6128.0 0.0 82.8433
13:11:00 372.0 29158.0 83.36 82.81 82.86 82.79 82.81 1900.0 82.82 939.0 29158.0 12306.0 16852.0 0.0 82.8142
13:12:00 137.0 10021.0 83.36 82.77 82.82 82.77 82.77 607.0 82.78 4200.0 10021.0 4470.0 5551.0 0.0 82.7968
13:13:00 172.0 12494.0 83.36 82.77 82.795 82.75 82.76 3015.0 82.77 500.0 12494.0 7023.0 5471.0 0.0 82.774
13:14:00 161.0 7750.0 83.36 82.78 82.8 82.76 82.77 2878.0 82.78 1100.0 7750.0 3907.0 3843.0 0.0 82.7703
13:15:00 238.0 14390.0 83.36 82.73 82.78 82.73 82.72 2981.0 82.73 825.0 14390.0 5257.0 9133.0 0.0 82.7527
13:16:00 138.0 9069.0 83.36 82.71 82.735 82.7 82.7 3623.0 82.71 3518.0 9069.0 3386.0 5683.0 0.0 82.7202
13:17:00 242.0 15698.0 83.36 82.725 82.73 82.67 82.72 2000.0 82.73 2001.0 15698.0 8599.0 7099.0 0.0 82.6975
13:18:00 319.0 21054.0 83.36 82.72 82.75 82.71 82.71 1261.0 82.72 4700.0 21054.0 6925.0 14129.0 0.0 82.7268
13:19:00 99.0 6016.0 83.36 82.74 82.745 82.72 82.73 1857.0 82.74 2202.0 6016.0 4731.0 1285.0 0.0 82.7373
13:20:00 132.0 5677.0 83.36 82.72 82.74 82.705 82.71 3254.0 82.72 1796.0 5677.0 2770.0 2907.0 0.0 82.724
13:21:00 266.0 15938.0 83.36 82.66 82.72 82.65 82.65 2009.0 82.66 2536.0 15938.0 4255.0 11683.0 0.0 82.6769
13:22:00 313.0 20964.0 83.36 82.63 82.66 82.61 82.62 3545.0 82.63 2103.0 20964.0 10399.0 10565.0 0.0 82.6373
13:23:00 165.0 12610.0 83.36 82.65 82.66 82.62 82.64 3169.0 82.65 880.0 12610.0 7723.0 4887.0 0.0 82.6439
13:24:00 151.0 9393.0 83.36 82.71 82.73 82.65 82.71 508.0 82.72 4003.0 9393.0 5215.0 4178.0 0.0 82.7112
13:25:00 168.0 10633.0 83.36 82.71 82.715 82.69 82.7 2744.0 82.71 696.0 10633.0 5061.0 5572.0 0.0 82.7011
13:26:00 223.0 14170.0 83.36 82.74 82.76 82.69 82.74 200.0 82.75 4201.0 14170.0 6890.0 7280.0 0.0 82.717
13:27:00 190.0 11221.0 83.36 82.68 82.74 82.665 82.67 614.0 82.68 3799.0 11221.0 6093.0 5128.0 0.0 82.6939
13:28:00 369.0 27855.0 83.36 82.65 82.67 82.59 82.65 2315.0 82.66 1106.0 27855.0 11637.0 16218.0 0.0 82.6215
13:29:00 200.0 14331.0 83.36 82.64 82.67 82.625 82.63 1105.0 82.64 3162.0 14331.0 5433.0 8898.0 0.0 82.6466
13:30:00 178.0 13592.0 83.36 82.68 82.69 82.615 82.67 1577.0 82.68 3400.0 13592.0 6194.0 7398.0 0.0 82.6517
13:31:00 149.0 10857.0 83.36 82.67 82.7 82.66 82.67 1004.0 82.68 3801.0 10857.0 4622.0 6235.0 0.0 82.6742
13:32:00 194.0 14712.0 83.36 82.605 82.67 82.605 82.6 884.0 82.61 6184.0 14712.0 7143.0 7569.0 0.0 82.6415
13:33:00 372.0 27320.0 83.36 82.57 82.6 82.57 82.57 719.0 82.58 5001.0 27320.0 16813.0 10507.0 0.0 82.5837
13:34:00 286.0 20833.0 83.36 82.57 82.575 82.54 82.56 3560.0 82.57 1064.0 20833.0 12705.0 8128.0 0.0 82.5593
13:35:00 158.0 12491.0 83.36 82.555 82.58 82.55 82.55 2359.0 82.56 6840.0 12491.0 5981.0 6510.0 0.0 82.569
13:36:00 244.0 20650.0 83.36 82.54 82.565 82.53 82.53 2100.0 82.54 4760.0 20650.0 12739.0 7911.0 0.0 82.548
13:37:00 237.0 18668.0 83.36 82.57 82.58 82.52 82.56 3914.0 82.57 970.0 18668.0 10383.0 8285.0 0.0 82.546
13:38:00 144.0 10881.0 83.36 82.62 82.64 82.57 82.62 415.0 82.63 5444.0 10881.0 6632.0 4249.0 0.0 82.6142
13:39:00 128.0 6782.0 83.36 82.63 82.64 82.61 82.63 1900.0 82.64 2590.0 6782.0 3248.0 3534.0 0.0 82.6257
13:40:00 158.0 10608.0 83.36 82.65 82.665 82.63 82.65 2346.0 82.66 3364.0 10608.0 7568.0 3040.0 0.0 82.6518
13:41:00 115.0 8256.0 83.36 82.66 82.67 82.645 82.66 1400.0 82.67 4949.0 8256.0 4654.0 3602.0 0.0 82.6536
13:42:00 133.0 10636.0 83.36 82.65 82.685 82.645 82.65 300.0 82.66 3699.0 10636.0 4734.0 5902.0 0.0 82.6661
13:43:00 136.0 9203.0 83.36 82.65 82.68 82.64 82.64 3000.0 82.65 1802.0 9203.0 5048.0 4155.0 0.0 82.6577
13:44:00 194.0 11478.0 83.36 82.64 82.65 82.62 82.63 3934.0 82.64 497.0 11478.0 8931.0 2547.0 0.0 82.6359
13:45:00 99.0 7214.0 83.36 82.685 82.69 82.64 82.68 1443.0 82.69 2901.0 7214.0 5029.0 2185.0 0.0 82.6637
13:46:00 162.0 13675.0 83.36 82.7 82.71 82.68 82.69 4332.0 82.7 200.0 13675.0 7283.0 6392.0 0.0 82.6987
13:47:00 121.0 9002.0 83.36 82.71 82.72 82.685 82.7 6033.0 82.71 355.0 9002.0 4535.0 4467.0 0.0 82.703
13:48:00 403.0 31551.0 83.36 82.74 82.765 82.71 82.73 4033.0 82.74 1956.0 31551.0 19966.0 11585.0 0.0 82.7335
13:49:00 300.0 23754.0 83.36 82.73 82.75 82.7 82.72 2800.0 82.73 2011.0 23754.0 9026.0 14728.0 0.0 82.7322
13:50:00 143.0 9981.0 83.36 82.7 82.72 82.69 82.7 1900.0 82.71 2652.0 9981.0 6047.0 3934.0 0.0 82.7027
13:51:00 241.0 17795.0 83.36 82.76 82.76 82.7 82.76 1700.0 82.77 2800.0 17795.0 11156.0 6639.0 0.0 82.7159
13:52:00 165.0 12765.0 83.36 82.76 82.785 82.75 82.76 3800.0 82.77 510.0 12765.0 5653.0 7112.0 0.0 82.7648
13:53:00 242.0 15143.0 83.36 82.715 82.77 82.71 82.71 707.0 82.72 3603.0 15143.0 5562.0 9581.0 0.0 82.7386
13:54:00 127.0 7545.0 83.36 82.69 82.74 82.68 82.69 3200.0 82.7 800.0 7545.0 4284.0 3261.0 0.0 82.7127
13:55:00 229.0 17395.0 83.36 82.68 82.71 82.66 82.67 1826.0 82.68 3507.0 17395.0 7271.0 10124.0 0.0 82.6881
13:56:00 133.0 10995.0 83.36 82.67 82.7 82.655 82.67 400.0 82.68 4114.0 10995.0 6321.0 4674.0 0.0 82.6662
13:57:00 151.0 10611.0 83.36 82.645 82.69 82.64 82.64 1600.0 82.65 3171.0 10611.0 5560.0 5051.0 0.0 82.6609
13:58:00 154.0 8307.0 83.36 82.64 82.65 82.61 82.64 2040.0 82.65 811.0 8307.0 4425.0 3882.0 0.0 82.6333
13:59:00 195.0 13344.0 83.36 82.655 82.69 82.645 82.65 2013.0 82.66 2888.0 13344.0 7981.0 5363.0 0.0 82.6668
14:00:00 85.0 5055.0 83.36 82.64 82.655 82.64 82.64 2604.0 82.65 2014.0 5055.0 2464.0 2591.0 0.0 82.6473
14:01:00 200.0 19127.0 83.36 82.63 82.65 82.62 82.62 1600.0 82.63 2500.0 19127.0 5384.0 13743.0 0.0 82.6357
14:02:00 345.0 25411.0 83.36 82.65 82.67 82.61 82.64 2997.0 82.65 2330.0 25411.0 9792.0 15619.0 0.0 82.6418
14:03:00 192.0 12969.0 83.36 82.63 82.66 82.62 82.63 2200.0 82.64 2300.0 12969.0 8416.0 4553.0 0.0 82.6428
14:04:00 294.0 21663.0 83.36 82.67 82.69 82.63 82.67 1102.0 82.68 3100.0 21663.0 10661.0 11002.0 0.0 82.6517
14:05:00 133.0 9245.0 83.36 82.66 82.71 82.65 82.65 3819.0 82.66 1700.0 9245.0 5075.0 4170.0 0.0 82.6752
14:06:00 192.0 12335.0 83.36 82.69 82.71 82.66 82.69 575.0 82.7 5025.0 12335.0 6669.0 5666.0 0.0 82.6859
14:07:00 220.0 13965.0 83.36 82.65 82.7 82.65 82.64 475.0 82.65 5184.0 13965.0 6151.0 7814.0 0.0 82.6734
14:08:00 136.0 10696.0 83.36 82.66 82.665 82.64 82.65 3222.0 82.66 1000.0 10696.0 7767.0 2929.0 0.0 82.6475
14:09:00 104.0 6793.0 83.36 82.68 82.7 82.66 82.67 2103.0 82.68 3294.0 6793.0 4195.0 2598.0 0.0 82.6764
14:10:00 153.0 10270.0 83.36 82.65 82.69 82.645 82.65 2300.0 82.66 4110.0 10270.0 6433.0 3837.0 0.0 82.6637
14:11:00 218.0 15274.0 83.36 82.705 82.705 82.66 82.7 2440.0 82.71 3115.0 15274.0 8902.0 6372.0 0.0 82.6826
14:12:00 209.0 16152.0 83.36 82.73 82.76 82.71 82.73 3142.0 82.74 1600.0 16152.0 10083.0 6069.0 0.0 82.7272
14:13:00 108.0 9711.0 83.36 82.75 82.75 82.72 82.75 206.0 82.76 3825.0 9711.0 6821.0 2890.0 0.0 82.7353
14:14:00 95.0 6412.0 83.36 82.78 82.795 82.75 82.78 2506.0 82.79 2164.0 6412.0 3362.0 3050.0 0.0 82.7784
14:15:00 95.0 6518.0 83.36 82.78 82.79 82.76 82.78 2940.0 82.79 1701.0 6518.0 2053.0 4465.0 0.0 82.7755
14:16:00 204.0 12856.0 83.36 82.8 82.83 82.785 82.8 6.0 82.8 200.0 12856.0 6919.0 5937.0 0.0 82.8062
14:17:00 116.0 7127.0 83.36 82.81 82.82 82.8 82.81 4025.0 82.82 1647.0 7127.0 4392.0 2735.0 0.0 82.8071
14:18:00 131.0 7347.0 83.36 82.79 82.83 82.78 82.78 2339.0 82.79 2301.0 7347.0 2431.0 4916.0 0.0 82.8118
14:19:00 115.0 7597.0 83.36 82.76 82.79 82.76 82.76 2802.0 82.77 2000.0 7597.0 4247.0 3350.0 0.0 82.7711
14:20:00 106.0 6906.0 83.36 82.8 82.8 82.75 82.79 2901.0 82.8 1359.0 6906.0 3541.0 3365.0 0.0 82.7782
14:21:00 194.0 11962.0 83.36 82.82 82.835 82.78 82.81 1000.0 82.82 3254.0 11962.0 5880.0 6082.0 0.0 82.8054
14:22:00 153.0 10101.0 83.36 82.86 82.86 82.815 82.85 2755.0 82.86 1650.0 10101.0 6894.0 3207.0 0.0 82.8435
14:23:00 136.0 8202.0 83.36 82.83 82.87 82.81 82.83 2800.0 82.84 1953.0 8202.0 3107.0 5095.0 0.0 82.834
14:24:00 102.0 6650.0 83.36 82.825 82.83 82.815 82.82 1300.0 82.83 3100.0 6650.0 2742.0 3908.0 0.0 82.8244
14:25:00 168.0 10971.0 83.36 82.815 82.84 82.81 82.81 3412.0 82.82 861.0 10971.0 3948.0 7023.0 0.0 82.8206
14:26:00 423.0 28643.0 83.36 82.78 82.825 82.755 82.78 3260.0 82.79 1392.0 28643.0 12847.0 15796.0 0.0 82.7717
14:27:00 126.0 6501.0 83.36 82.79 82.82 82.78 82.79 3700.0 82.8 1497.0 6501.0 2863.0 3638.0 0.0 82.7996
14:28:00 262.0 15309.0 83.36 82.83 82.83 82.795 82.83 3468.0 82.84 512.0 15309.0 7607.0 7702.0 0.0 82.8088
14:29:00 253.0 21799.0 83.36 82.85 82.885 82.83 82.84 2846.0 82.85 2005.0 21799.0 13677.0 8122.0 0.0 82.8627
14:30:00 222.0 14603.0 83.36 82.835 82.86 82.835 82.83 1699.0 82.84 1864.0 14603.0 7560.0 7043.0 0.0 82.8479
14:31:00 330.0 21127.0 83.36 82.89 82.9 82.84 82.88 1346.0 82.89 3298.0 21127.0 12151.0 8976.0 0.0 82.8713
14:32:00 142.0 7739.0 83.36 82.905 82.92 82.89 82.9 2005.0 82.91 3161.0 7739.0 4723.0 3016.0 0.0 82.8966
14:33:00 317.0 28024.0 83.36 82.98 83.0 82.9 82.97 3538.0 82.98 1262.0 28024.0 19270.0 8754.0 0.0 82.9506
14:34:00 231.0 16638.0 83.36 82.94 82.99 82.94 82.94 1211.0 82.95 2823.0 16638.0 4467.0 12171.0 0.0 82.9672
14:35:00 125.0 6592.0 83.36 82.955 82.96 82.93 82.95 500.0 82.96 3319.0 6592.0 4858.0 1734.0 0.0 82.9409
14:36:00 103.0 5090.0 83.36 82.97 82.98 82.95 82.97 329.0 82.98 4403.0 5090.0 3262.0 1828.0 0.0 82.9633
14:37:00 170.0 9782.0 83.36 82.96 83.0 82.955 82.95 2435.0 82.96 2510.0 9782.0 2875.0 6907.0 0.0 82.9778
14:38:00 98.0 5669.0 83.36 82.96 82.99 82.95 82.95 2630.0 82.96 1081.0 5669.0 3580.0 2089.0 0.0 82.9697
14:39:00 151.0 8626.0 83.36 82.985 82.985 82.955 82.98 1776.0 82.99 3627.0 8626.0 5333.0 3293.0 0.0 82.97
14:40:00 281.0 25303.0 83.36 82.98 83.0 82.96 82.97 3571.0 82.98 1156.0 25303.0 17537.0 7766.0 0.0 82.9887
14:41:00 205.0 12246.0 83.36 83.025 83.03 82.98 83.02 1000.0 83.03 3445.0 12246.0 7836.0 4410.0 0.0 83.0063
14:42:00 106.0 7633.0 83.36 83.03 83.045 83.02 83.02 2060.0 83.03 4016.0 7633.0 3284.0 4349.0 0.0 83.0373
14:43:00 112.0 5775.0 83.36 83.0 83.02 82.99 82.99 1614.0 83.0 3566.0 5775.0 1713.0 4062.0 0.0 83.0075
14:44:00 114.0 7813.0 83.36 83.025 83.025 82.995 83.02 1835.0 83.03 2915.0 7813.0 6223.0 1590.0 0.0 83.0107
14:45:00 514.0 35052.0 83.36 83.04 83.08 83.02 83.03 3589.0 83.04 1086.0 35052.0 16854.0 18198.0 0.0 83.0539
14:46:00 87.0 6231.0 83.36 83.025 83.05 83.025 83.02 727.0 83.03 4302.0 6231.0 2652.0 3579.0 0.0 83.0367
14:47:00 130.0 8652.0 83.36 83.03 83.03 83.01 83.02 1744.0 83.03 4183.0 8652.0 4988.0 3664.0 0.0 83.0233
14:48:00 273.0 21117.0 83.36 82.98 83.02 82.975 82.97 2301.0 82.98 3100.0 21117.0 8695.0 12422.0 0.0 82.9961
14:49:00 281.0 17858.0 83.36 82.9 82.975 82.9 82.9 1801.0 82.91 2904.0 17858.0 7845.0 10013.0 0.0 82.9279
14:50:00 208.0 15091.0 83.36 82.94 82.95 82.89 82.93 1687.0 82.94 2879.0 15091.0 8644.0 6447.0 0.0 82.9074
14:51:00 148.0 9031.0 83.36 82.92 82.965 82.905 82.91 2118.0 82.92 3302.0 9031.0 3881.0 5150.0 0.0 82.931
14:52:00 210.0 12682.0 83.36 82.94 82.94 82.91 82.94 1400.0 82.95 3511.0 12682.0 8923.0 3759.0 0.0 82.9268
14:53:00 247.0 17334.0 83.36 82.89 82.97 82.87 82.88 1821.0 82.89 2935.0 17334.0 11470.0 5864.0 0.0 82.9152
14:54:00 281.0 20151.0 83.36 82.87 82.915 82.87 82.87 2929.0 82.88 2094.0 20151.0 6095.0 14056.0 0.0 82.8898
14:55:00 234.0 13047.0 83.36 82.86 82.88 82.84 82.86 2439.0 82.87 1801.0 13047.0 6076.0 6971.0 0.0 82.8598
14:56:00 256.0 16013.0 83.36 82.89 82.915 82.86 82.89 1000.0 82.9 3350.0 16013.0 6979.0 9034.0 0.0 82.8892
14:57:00 343.0 23229.0 83.36 82.93 82.96 82.88 82.92 2800.0 82.93 1200.0 23229.0 14091.0 9138.0 0.0 82.9399
14:58:00 228.0 14983.0 83.36 82.895 82.93 82.889 82.89 2451.0 82.9 1680.0 14983.0 6320.0 8663.0 0.0 82.9097
14:59:00 121.0 8347.0 83.36 82.88 82.915 82.87 82.87 3034.0 82.88 1800.0 8347.0 3960.0 4387.0 0.0 82.8894
15:00:00 282.0 18348.0 83.36 82.765 82.88 82.76 82.76 1738.0 82.77 2201.0 18348.0 7542.0 10806.0 0.0 82.8059
15:01:00 359.0 27984.0 83.36 82.73 82.785 82.715 82.72 2740.0 82.73 1442.0 27984.0 10653.0 17331.0 0.0 82.7528
15:02:00 264.0 29159.0 83.36 82.72 82.75 82.68 82.71 3452.0 82.72 403.0 29159.0 9021.0 20138.0 0.0 82.7042
15:03:00 394.0 26803.0 83.36 82.62 82.75 82.62 82.62 400.0 82.62 113.0 26803.0 8387.0 18416.0 0.0 82.6873
15:04:00 396.0 25523.0 83.36 82.705 82.705 82.61 82.7 2409.0 82.71 906.0 25523.0 13962.0 11561.0 0.0 82.6618
15:05:00 338.0 18156.0 83.36 82.7 82.709 82.67 82.69 2800.0 82.7 1242.0 18156.0 10723.0 7433.0 0.0 82.6943
15:06:00 491.0 32417.0 83.36 82.62 82.7 82.59 82.62 100.0 82.63 3109.0 32417.0 11367.0 21050.0 0.0 82.6259
15:07:00 325.0 16526.0 83.36 82.62 82.65 82.58 82.61 1100.0 82.62 1800.0 16526.0 9058.0 7468.0 0.0 82.6152
15:08:00 490.0 27084.0 83.36 82.62 82.64 82.605 82.61 3113.0 82.62 1834.0 27084.0 16538.0 10546.0 0.0 82.6256
15:09:00 287.0 17441.0 83.36 82.61 82.66 82.605 82.61 354.0 82.62 3403.0 17441.0 7516.0 9925.0 0.0 82.6248
15:10:00 160.0 10449.0 83.36 82.59 82.63 82.57 82.58 3508.0 82.59 1732.0 10449.0 5854.0 4595.0 0.0 82.5982
15:11:00 282.0 15570.0 83.36 82.61 82.63 82.59 82.6 4444.0 82.61 1527.0 15570.0 9634.0 5936.0 0.0 82.6133
15:12:00 329.0 25337.0 83.36 82.56 82.61 82.545 82.56 1955.0 82.57 2101.0 25337.0 14484.0 10853.0 0.0 82.5744
15:13:00 177.0 10727.0 83.36 82.57 82.585 82.54 82.56 2976.0 82.57 1517.0 10727.0 4895.0 5832.0 0.0 82.5651
15:14:00 169.0 13822.0 83.36 82.52 82.57 82.52 82.52 4361.0 82.53 4416.0 13822.0 3317.0 10505.0 0.0 82.5544
15:15:00 177.0 13155.0 83.36 82.51 82.55 82.51 82.51 7776.0 82.52 1817.0 13155.0 7242.0 5913.0 0.0 82.5255
15:16:00 510.0 45294.0 83.36 82.45 82.515 82.43 82.44 3643.0 82.45 2185.0 45294.0 12542.0 32752.0 0.0 82.4832
15:17:00 392.0 26619.0 83.36 82.49 82.5 82.44 82.48 4601.0 82.49 1601.0 26619.0 16450.0 10169.0 0.0 82.4797
15:18:00 232.0 15115.0 83.36 82.525 82.535 82.48 82.52 2819.0 82.53 2509.0 15115.0 7878.0 7237.0 0.0 82.508
15:19:00 355.0 25058.0 83.36 82.45 82.535 82.45 82.45 980.0 82.46 3124.0 25058.0 10698.0 14360.0 0.0 82.4821
15:20:00 304.0 22651.0 83.36 82.45 82.46 82.41 82.44 3660.0 82.45 1101.0 22651.0 11508.0 11143.0 0.0 82.4442
15:21:00 527.0 39733.0 83.36 82.439 82.45 82.41 82.44 3212.0 82.45 2500.0 39733.0 17388.0 22345.0 0.0 82.4296
15:22:00 409.0 34038.0 83.36 82.49 82.52 82.43 82.48 4619.0 82.49 2000.0 34038.0 20188.0 13850.0 0.0 82.4812
15:23:00 596.0 51276.0 83.36 82.55 82.585 82.475 82.54 3198.0 82.55 2716.0 51276.0 26168.0 25108.0 0.0 82.5272
15:24:00 308.0 23791.0 83.36 82.56 82.565 82.53 82.55 2497.0 82.56 2800.0 23791.0 15012.0 8779.0 0.0 82.5478
15:25:00 326.0 17674.0 83.36 82.57 82.59 82.54 82.56 1918.0 82.57 2950.0 17674.0 8334.0 9340.0 0.0 82.5636
15:26:00 485.0 32759.0 83.36 82.48 82.56 82.45 82.47 4547.0 82.48 1700.0 32759.0 16146.0 16613.0 0.0 82.4767
15:27:00 303.0 21165.0 83.36 82.53 82.54 82.47 82.52 2541.0 82.53 1521.0 21165.0 12765.0 8400.0 0.0 82.5041
15:28:00 222.0 14530.0 83.36 82.48 82.54 82.475 82.47 2919.0 82.48 1700.0 14530.0 8594.0 5936.0 0.0 82.5135
15:29:00 332.0 28982.0 83.36 82.425 82.49 82.42 82.42 1189.0 82.43 5760.0 28982.0 11455.0 17527.0 0.0 82.4634
15:30:00 471.0 40445.0 83.36 82.33 82.425 82.33 82.33 1574.0 82.34 2917.0 40445.0 20374.0 20071.0 0.0 82.371
15:31:00 638.0 50632.0 83.36 82.35 82.355 82.32 82.35 2140.0 82.36 2540.0 50632.0 35098.0 15534.0 0.0 82.3345
15:32:00 528.0 40815.0 83.36 82.4 82.415 82.345 82.4 400.0 82.41 4354.0 40815.0 19387.0 21428.0 0.0 82.3706
15:33:00 532.0 45545.0 83.36 82.4 82.46 82.385 82.39 5505.0 82.4 981.0 45545.0 24705.0 20840.0 0.0 82.4057
15:34:00 378.0 30902.0 83.36 82.42 82.445 82.4 82.41 3461.0 82.42 1401.0 30902.0 17435.0 13467.0 0.0 82.4161
15:35:00 458.0 34731.0 83.36 82.36 82.415 82.36 82.36 3622.0 82.37 3602.0 34731.0 15654.0 19077.0 0.0 82.3828
15:36:00 416.0 36632.0 83.36 82.365 82.375 82.32 82.36 3426.0 82.37 1600.0 36632.0 21353.0 15279.0 0.0 82.3536
15:37:00 590.0 48155.0 83.36 82.35 82.41 82.33 82.34 1726.0 82.35 3380.0 48155.0 22513.0 25642.0 0.0 82.3731
15:38:00 409.0 37894.0 83.36 82.36 82.39 82.345 82.35 4170.0 82.36 1500.0 37894.0 22009.0 15885.0 0.0 82.3595
15:39:00 560.0 41289.0 83.36 82.32 82.36 82.3 82.31 6475.0 82.32 500.0 41289.0 17990.0 23299.0 0.0 82.3332
15:40:00 443.0 40746.0 83.36 82.38 82.38 82.31 82.38 2314.0 82.39 2525.0 40746.0 29293.0 11453.0 0.0 82.3411
15:41:00 481.0 40590.0 83.36 82.46 82.47 82.37 82.45 3111.0 82.46 2842.0 40590.0 21192.0 19398.0 0.0 82.4292
15:42:00 487.0 33911.0 83.36 82.47 82.5 82.43 82.47 1344.0 82.48 4844.0 33911.0 13783.0 20128.0 0.0 82.4706
15:43:00 299.0 18416.0 83.36 82.43 82.48 82.42 82.42 5884.0 82.43 2775.0 18416.0 12213.0 6203.0 0.0 82.4455
15:44:00 451.0 25581.0 83.36 82.45 82.47 82.41 82.44 5260.0 82.45 2432.0 25581.0 16492.0 9089.0 0.0 82.4372
15:45:00 481.0 36987.0 83.36 82.42 82.46 82.41 82.42 2334.0 82.43 4400.0 36987.0 19281.0 17706.0 0.0 82.4302
15:46:00 573.0 46819.0 83.36 82.445 82.48 82.4 82.44 3961.0 82.45 3500.0 46819.0 21210.0 25609.0 0.0 82.4439
15:47:00 380.0 27097.0 83.36 82.47 82.47 82.405 82.47 2100.0 82.48 5000.0 27097.0 18650.0 8447.0 0.0 82.4268
15:48:00 300.0 26086.0 83.36 82.49 82.49 82.455 82.48 9342.0 82.49 1134.0 26086.0 12717.0 13369.0 0.0 82.4677
15:49:00 572.0 48901.0 83.36 82.55 82.6 82.49 82.55 6049.0 82.56 2844.0 48901.0 27888.0 21013.0 0.0 82.543
15:50:00 1139.0 101178.0 83.36 82.58 82.58 82.48 82.57 1608.0 82.58 860.0 101178.0 51717.0 49461.0 0.0 82.5262
15:51:00 1235.0 102833.0 83.36 82.55 82.59 82.5 82.55 1524.0 82.56 6395.0 102833.0 44996.0 57837.0 0.0 82.548
15:52:00 547.0 47441.0 83.36 82.535 82.605 82.535 82.53 11345.0 82.54 727.0 47441.0 26340.0 21101.0 0.0 82.5729
15:53:00 571.0 40998.0 83.36 82.54 82.57 82.515 82.53 4585.0 82.54 3800.0 40998.0 22153.0 18845.0 0.0 82.5358
15:54:00 557.0 47031.0 83.36 82.55 82.59 82.51 82.54 1715.0 82.55 5702.0 47031.0 26646.0 20385.0 0.0 82.5396
15:55:00 830.0 62663.0 83.36 82.56 82.58 82.52 82.56 8561.0 82.57 9239.0 62663.0 33912.0 28751.0 0.0 82.554
15:56:00 767.0 76864.0 83.36 82.535 82.565 82.5 82.53 5111.0 82.54 7814.0 76864.0 22877.0 53987.0 0.0 82.5383
15:57:00 627.0 52448.0 83.36 82.6 82.6 82.52 82.59 5178.0 82.6 3627.0 52448.0 31284.0 21164.0 0.0 82.5631
15:58:00 889.0 86847.0 83.36 82.685 82.715 82.59 82.68 4375.0 82.69 5134.0 86847.0 60312.0 26535.0 0.0 82.6699
15:59:00 1019.0 100339.0 83.36 82.71 82.71 82.65 82.7 7812.0 82.71 3655.0 100339.0 53707.0 46632.0 0.0 82.6751
16:00:00 2634.0 400497.0 83.36 82.81 82.82 82.7 82.8 240.0 82.81 191475.0 400497.0 216160.0 184337.0 0.0 82.7796
16:01:00 2.0 0.0 83.36 82.77 82.77 82.77 82.8 100.0 82.81 191375.0 nan 0.0 0.0 0.0 nan
16:02:00 4.0 0.0 83.36 82.83 82.83 82.83 82.81 100.0 82.81 191375.0 nan 0.0 0.0 0.0 nan
16:03:00 12.0 147.0 83.36 82.81 82.91 82.81 82.81 258.0 82.81 132734.0 147.0 14.0 133.0 0.0 82.8629
16:04:00 0.0 0.0 83.36 82.81 nan nan 82.85 350.0 82.81 132734.0 nan 0.0 0.0 0.0 nan
16:05:00 0.0 0.0 83.36 82.81 nan nan 82.85 100.0 82.81 132734.0 nan 0.0 0.0 0.0 nan
16:06:00 15.0 1528.0 83.36 82.81 82.85 82.81 82.8 207.0 82.81 134034.0 1528.0 1200.0 328.0 0.0 82.8145
16:07:00 0.0 0.0 83.36 82.81 nan nan 82.8 206.0 82.81 134034.0 nan 0.0 0.0 0.0 nan
16:08:00 4.0 21.0 83.36 82.8 82.8 82.8 82.8 100.0 82.8 103.0 21.0 0.0 21.0 0.0 82.8
16:09:00 0.0 0.0 83.36 82.8 nan nan 82.8 100.0 82.8 103.0 nan 0.0 0.0 0.0 nan
16:10:00 0.0 0.0 83.36 82.8 nan nan 82.8 100.0 82.8 105.0 nan 0.0 0.0 0.0 nan
16:11:00 2.0 1.0 83.36 82.8 82.8 82.78 82.8 100.0 82.8 29.0 1.0 1.0 0.0 0.0 82.8
16:12:00 1.0 0.0 83.36 82.78 82.78 82.78 82.8 100.0 82.79 800.0 nan 0.0 0.0 0.0 nan
16:13:00 4.0 600.0 83.36 82.77 82.78 82.76 82.8 100.0 82.78 6165.0 600.0 0.0 600.0 0.0 82.7617
16:14:00 0.0 0.0 83.36 82.77 nan nan 82.8 100.0 82.78 6615.0 nan 0.0 0.0 0.0 nan
16:15:00 3.0 2.0 83.36 82.74 82.76 82.74 82.8 100.0 82.76 53.0 2.0 0.0 2.0 0.0 82.76
16:16:00 3.0 100.0 83.36 82.78 82.78 82.76 82.8 100.0 82.78 6597.0 100.0 100.0 0.0 0.0 82.7665
16:17:00 1.0 2.0 83.36 82.78 82.78 82.78 82.8 100.0 82.78 6596.0 2.0 2.0 0.0 0.0 82.78
16:18:00 0.0 0.0 83.36 82.78 nan nan 82.8 100.0 82.78 6596.0 nan 0.0 0.0 0.0 nan
16:19:00 1.0 0.0 83.36 82.74 82.74 82.74 82.8 100.0 82.76 30.0 nan 0.0 0.0 0.0 nan
16:20:00 1.0 0.0 83.36 82.74 82.74 82.74 82.8 100.0 82.76 30.0 nan 0.0 0.0 0.0 nan
16:21:00 0.0 0.0 83.36 82.74 nan nan 82.8 100.0 82.76 30.0 nan 0.0 0.0 0.0 nan
16:22:00 3.0 0.0 83.36 82.74 82.74 82.74 82.8 100.0 82.76 30.0 nan 0.0 0.0 0.0 nan
16:23:00 8.0 189.0 83.36 82.74 82.74 82.7 82.8 100.0 82.76 30.0 189.0 0.0 189.0 0.0 82.7032
16:24:00 12.0 5.0 83.36 82.7 82.74 82.7 82.8 100.0 82.75 30.0 5.0 0.0 5.0 0.0 82.7
16:25:00 2.0 0.0 83.36 82.74 82.74 82.74 82.8 100.0 82.75 30.0 nan 0.0 0.0 0.0 nan
16:26:00 2.0 6.0 83.36 82.75 82.75 82.75 82.8 100.0 82.75 24.0 6.0 6.0 0.0 0.0 82.75
16:27:00 1.0 1.0 83.36 82.75 82.75 82.75 82.8 100.0 82.75 23.0 1.0 1.0 0.0 0.0 82.75
16:28:00 17.0 7721.0 83.36 82.84 82.84 82.75 82.8 100.0 82.81 132734.0 7721.0 7621.0 100.0 0.0 82.7848
16:29:00 0.0 0.0 83.36 82.84 nan nan 82.81 10.0 82.81 132734.0 nan 0.0 0.0 0.0 nan
16:30:00 0.0 0.0 83.36 82.84 nan nan 82.81 11.0 82.81 132734.0 nan 0.0 0.0 0.0 nan
16:31:00 1.0 10.0 83.36 82.84 82.84 82.84 82.81 1.0 82.81 132734.0 10.0 10.0 0.0 0.0 82.84
16:32:00 0.0 0.0 83.36 82.84 nan nan 82.81 1.0 82.81 132734.0 nan 0.0 0.0 0.0 nan
16:33:00 0.0 0.0 83.36 82.84 nan nan 82.81 1.0 82.81 132734.0 nan 0.0 0.0 0.0 nan
16:34:00 1.0 1.0 83.36 82.79 82.79 82.79 82.8 100.0 82.78 29.0 1.0 1.0 0.0 0.0 82.79
16:35:00 1.0 0.0 83.36 82.72 82.72 82.72 82.8 100.0 82.79 1.0 nan 0.0 0.0 0.0 nan
16:36:00 0.0 0.0 83.36 82.72 nan nan 82.8 100.0 82.79 1.0 nan 0.0 0.0 0.0 nan
16:37:00 0.0 0.0 83.36 82.72 nan nan 82.8 100.0 82.79 1.0 nan 0.0 0.0 0.0 nan
16:38:00 0.0 0.0 83.36 82.72 nan nan 82.8 100.0 82.79 1.0 nan 0.0 0.0 0.0 nan
16:39:00 2.0 2.0 83.36 82.81 82.81 82.79 82.8 100.0 82.81 132833.0 2.0 2.0 0.0 0.0 82.8
16:40:00 0.0 0.0 83.36 82.81 nan nan 82.8 100.0 82.81 132833.0 nan 0.0 0.0 0.0 nan
16:41:00 4.0 124.0 83.36 82.8 82.81 82.74 82.8 100.0 82.8 317.0 124.0 100.0 24.0 0.0 82.8088
16:42:00 2.0 317.0 83.36 82.8 82.8 82.8 82.8 100.0 82.81 132734.0 317.0 317.0 0.0 0.0 82.8
16:43:00 0.0 0.0 83.36 82.8 nan nan 82.8 100.0 82.81 132734.0 nan 0.0 0.0 0.0 nan
16:44:00 0.0 0.0 83.36 82.8 nan nan 82.8 100.0 82.81 132734.0 nan 0.0 0.0 0.0 nan
16:45:00 2.0 37.0 83.36 82.78 82.78 82.78 82.8 100.0 82.81 132734.0 37.0 0.0 37.0 0.0 82.78
16:46:00 0.0 0.0 83.36 82.78 nan nan 82.8 100.0 82.81 132734.0 nan 0.0 0.0 0.0 nan
16:47:00 0.0 0.0 83.36 82.78 nan nan 82.8 100.0 82.81 132734.0 nan 0.0 0.0 0.0 nan
16:48:00 0.0 0.0 83.36 82.78 nan nan 82.8 100.0 82.81 132734.0 nan 0.0 0.0 0.0 nan
16:49:00 0.0 0.0 83.36 82.78 nan nan 82.8 100.0 82.8 4.0 nan 0.0 0.0 0.0 nan
16:50:00 4.0 30.0 83.36 82.74 82.78 82.74 82.8 100.0 82.8 4.0 30.0 0.0 30.0 0.0 82.772
16:51:00 0.0 0.0 83.36 82.74 nan nan 82.8 100.0 82.8 4.0 nan 0.0 0.0 0.0 nan
16:52:00 2.0 23.0 83.36 82.74 82.74 82.74 82.8 100.0 82.76 4.0 23.0 0.0 23.0 0.0 82.74
16:53:00 0.0 0.0 83.36 82.74 nan nan 82.8 100.0 82.76 4.0 nan 0.0 0.0 0.0 nan
16:54:00 5.0 29.0 83.36 82.7 82.84 82.7 82.8 100.0 82.81 132734.0 29.0 28.0 1.0 0.0 82.8231
16:55:00 3.0 17.0 83.36 82.67 82.84 82.67 82.8 100.0 82.81 132734.0 17.0 10.0 7.0 0.0 82.7771
16:56:00 1.0 0.0 83.36 82.71 82.71 82.71 82.8 100.0 82.81 132734.0 nan 0.0 0.0 0.0 nan
16:57:00 1.0 1.0 83.36 82.84 82.84 82.84 82.81 1.0 82.81 132734.0 1.0 1.0 0.0 0.0 82.84
16:58:00 2.0 2.0 83.36 82.81 82.81 82.81 82.8 101.0 82.81 132782.0 2.0 1.0 1.0 0.0 82.81
16:59:00 2.0 7.0 83.36 82.81 82.81 82.8 82.8 100.0 82.8 9.0 7.0 6.0 1.0 0.0 82.8086
17:00:00 0.0 0.0 83.36 82.81 nan nan 82.8 100.0 82.8 9.0 nan 0.0 0.0 0.0 nan
